mechanism_tag,mechanism,alpha,seed,update,update_u,update_counter,energy_E_pre,energy_E_post,funding_z,funding_g,funding_g_raw,funding_cut_active,funding_income,funding_alpha_eff,episode_return_end_mean,terminal_min_dists_end_mean,terminal_dbar_end,terminal_occupied_end_mean,terminal_CSR_train,vartd_VarTD,depr_F,depr_F_post,env_steps
hardzero_plus_depr__c0p50__z1p00__lam0p020__nu0p50__psi0p75,hardzero_plus_depr,0.06,30,0,1.0,1,1.0,0.5,1.0860325,0.0,0.08202901,0.0,0.0,0.06,-27.772104,2.3893192,0.79643977,0.07,0.0,0.21411662,0.0,0.0,3200
hardzero_plus_depr__c0p50__z1p00__lam0p020__nu0p50__psi0p75,hardzero_plus_depr,0.06,30,1,1.0,2,0.5,0.0,1.0261097,0.0,0.09416516,0.0,0.0,0.06,-26.503872,2.2574863,0.75249547,0.128,0.0,0.15564354,0.0,0.0,6400
hardzero_plus_depr__c0p50__z1p00__lam0p020__nu0p50__psi0p75,hardzero_plus_depr,0.06,30,2,0.0,2,0.0,0.0,1.003309,0.0,0.09924095,0.0,0.0,0.06,-26.655481,2.207324,0.7357747,0.2,0.0,0.17955168,0.0,0.02,9600
hardzero_plus_depr__c0p50__z1p00__lam0p020__nu0p50__psi0p75,hardzero_plus_depr,0.06,30,3,0.0,2,0.0,0.0,1.0928495,0.0,0.08075149,0.0,0.0,0.059106715,-28.620882,2.404317,0.801439,0.16000001,0.0,0.16020666,0.02,0.04,12800
hardzero_plus_depr__c0p50__z1p00__lam0p020__nu0p50__psi0p75,hardzero_plus_depr,0.06,30,4,0.0,2,0.0,0.0,1.0073352,0.0,0.0983252,0.0,0.0,0.058226734,-26.924683,2.2161818,0.7387273,0.16800001,0.0,0.14326128,0.04,0.06,16000
hardzero_plus_depr__c0p50__z1p00__lam0p020__nu0p50__psi0p75,hardzero_plus_depr,0.06,30,5,0.0,2,0.0,0.0,1.0246774,0.0,0.09447623,0.0,0.0,0.057359852,-27.577017,2.2543352,0.75144506,0.18400002,0.0,0.15515687,0.06,0.08,19200
hardzero_plus_depr__c0p50__z1p00__lam0p020__nu0p50__psi0p75,hardzero_plus_depr,0.06,30,6,0.0,2,0.0,0.005826617,0.9866771,0.103115246,0.103115246,1.0,0.005826617,0.056505874,-26.566933,2.170733,0.7235777,0.16800001,0.0,0.1327878,0.08,0.099999994,22400
hardzero_plus_depr__c0p50__z1p00__lam0p020__nu0p50__psi0p75,hardzero_plus_depr,0.06,30,7,0.0,2,0.005826617,0.011821959,0.9677653,0.10770472,0.10770472,1.0,0.0059953416,0.055664614,-26.516603,2.129126,0.7097087,0.17600001,0.0,0.1407461,0.099999994,0.11999999,25600
hardzero_plus_depr__c0p50__z1p00__lam0p020__nu0p50__psi0p75,hardzero_plus_depr,0.06,30,8,0.0,2,0.011821959,0.011821959,1.0210866,0.0,0.09526062,0.0,0.0,0.054835875,-27.153412,2.2464354,0.74881184,0.224,0.0,0.17031525,0.11999999,0.13999999,28800
hardzero_plus_depr__c0p50__z1p00__lam0p020__nu0p50__psi0p75,hardzero_plus_depr,0.06,30,9,0.0,2,0.011821959,0.011821959,1.0525619,0.0,0.0886009,0.0,0.0,0.054019473,-27.636871,2.3156824,0.77189416,0.192,0.0,0.1818724,0.13999999,0.15999998,32000
hardzero_plus_depr__c0p50__z1p00__lam0p020__nu0p50__psi0p75,hardzero_plus_depr,0.06,30,10,0.0,2,0.011821959,0.011821959,1.0119152,0.0,0.09729371,0.0,0.0,0.053215224,-26.417648,2.2262578,0.74208593,0.120000005,0.0,0.17409904,0.15999998,0.17999998,35200
hardzero_plus_depr__c0p50__z1p00__lam0p020__nu0p50__psi0p75,hardzero_plus_depr,0.06,30,11,0.0,2,0.011821959,0.011821959,1.0010315,0.0,0.09976276,0.0,0.0,0.052422956,-27.72978,2.2023132,0.7341044,0.128,0.0,0.1528101,0.17999998,0.19999997,38400
hardzero_plus_depr__c0p50__z1p00__lam0p020__nu0p50__psi0p75,hardzero_plus_depr,0.06,30,12,0.0,2,0.011821959,0.017250372,0.9783341,0.10511527,0.10511527,1.0,0.005428413,0.051642478,-27.457052,2.152378,0.7174594,0.16800001,0.0,0.15801044,0.19999997,0.21999997,41600
hardzero_plus_depr__c0p50__z1p00__lam0p020__nu0p50__psi0p75,hardzero_plus_depr,0.06,30,13,0.0,2,0.017250372,0.017250372,1.0366141,0.0,0.09191491,0.0,0.0,0.050873626,-27.155104,2.2805965,0.76019883,0.17,0.0,0.17232527,0.21999997,0.23999996,44800
hardzero_plus_depr__c0p50__z1p00__lam0p020__nu0p50__psi0p75,hardzero_plus_depr,0.06,30,14,0.0,2,0.017250372,0.017250372,1.0767795,0.0,0.08379547,0.0,0.0,0.05011621,-27.468443,2.3689623,0.78965414,0.128,0.0,0.16366541,0.23999996,0.25999996,48000
hardzero_plus_depr__c0p50__z1p00__lam0p020__nu0p50__psi0p75,hardzero_plus_depr,0.06,30,15,0.0,2,0.017250372,0.017250372,1.017009,0.0,0.09615923,0.0,0.0,0.049370084,-26.53338,2.2374644,0.7458215,0.2,0.0,0.18235497,0.25999996,0.27999997,51200
hardzero_plus_depr__c0p50__z1p00__lam0p020__nu0p50__psi0p75,hardzero_plus_depr,0.06,30,16,0.0,2,0.017250372,0.022662833,0.9535547,0.11128723,0.11128723,1.0,0.0054124603,0.048635054,-25.335896,2.0978622,0.6992874,0.24000001,0.0,0.150112,0.27999997,0.29999998,54400
hardzero_plus_depr__c0p50__z1p00__lam0p020__nu0p50__psi0p75,hardzero_plus_depr,0.06,30,17,0.0,2,0.022662833,0.027551888,0.9912101,0.102044575,0.102044575,1.0,0.0048890547,0.047910973,-26.046587,2.1807058,0.72690195,0.15200001,0.0,0.1368423,0.29999998,0.32,57600
hardzero_plus_depr__c0p50__z1p00__lam0p020__nu0p50__psi0p75,hardzero_plus_depr,0.06,30,18,0.0,2,0.027551888,0.027551888,1.0465598,0.0,0.08983388,0.0,0.0,0.047197673,-27.208927,2.3024776,0.76749253,0.14400001,0.0,0.15400134,0.32,0.34,60800
hardzero_plus_depr__c0p50__z1p00__lam0p020__nu0p50__psi0p75,hardzero_plus_depr,0.06,30,19,0.0,2,0.027551888,0.027551888,1.020963,0.0,0.09528774,0.0,0.0,0.04649499,-27.458199,2.2461634,0.7487211,0.14400001,0.0,0.16614766,0.34,0.36,64000
hardzero_plus_depr__c0p50__z1p00__lam0p020__nu0p50__psi0p75,hardzero_plus_depr,0.06,30,20,0.0,2,0.027551888,0.03243434,0.97225374,0.106597304,0.106597304,1.0,0.0048824516,0.04580277,-27.29593,2.139001,0.7130003,0.16000001,0.0,0.1486924,0.36,0.38000003,67200
hardzero_plus_depr__c0p50__z1p00__lam0p020__nu0p50__psi0p75,hardzero_plus_depr,0.06,30,21,0.0,2,0.03243434,0.037643787,0.9375858,0.115455404,0.115455404,1.0,0.0052094464,0.045120854,-26.131344,2.0627298,0.68757665,0.216,0.008,0.13676274,0.38000003,0.40000004,70400
hardzero_plus_depr__c0p50__z1p00__lam0p020__nu0p50__psi0p75,hardzero_plus_depr,0.06,30,22,0.0,2,0.037643787,0.04231027,0.97887295,0.10498496,0.10498496,1.0,0.0046664863,0.04444909,-26.39787,2.1535635,0.7178545,0.15200001,0.0,0.13249749,0.40000004,0.42000005,73600
hardzero_plus_depr__c0p50__z1p00__lam0p020__nu0p50__psi0p75,hardzero_plus_depr,0.06,30,23,0.0,2,0.04231027,0.04231027,1.0538124,0.0,0.088346146,0.0,0.0,0.04378733,-28.530603,2.3184335,0.7728112,0.14400001,0.0,0.2071025,0.42000005,0.44000006,76800
hardzero_plus_depr__c0p50__z1p00__lam0p020__nu0p50__psi0p75,hardzero_plus_depr,0.06,30,24,0.0,2,0.04231027,0.046845995,0.9781875,0.10515077,0.10515077,1.0,0.004535723,0.043135423,-26.63991,2.1520555,0.71735185,0.208,0.0,0.1390659,0.44000006,0.46000007,80000
hardzero_plus_depr__c0p50__z1p00__lam0p020__nu0p50__psi0p75,hardzero_plus_depr,0.06,30,25,0.0,2,0.046845995,0.046845995,1.0225632,0.0,0.094937265,0.0,0.0,0.042493217,-27.26427,2.249684,0.74989474,0.2,0.0,0.18661197,0.46000007,0.48000008,83200
hardzero_plus_depr__c0p50__z1p00__lam0p020__nu0p50__psi0p75,hardzero_plus_depr,0.06,30,26,0.0,2,0.046845995,0.046845995,1.0223608,0.0,0.09498153,0.0,0.0,0.041860577,-27.902205,2.2492387,0.74974626,0.19,0.0,0.1709663,0.48000008,0.50000006,86400
hardzero_plus_depr__c0p50__z1p00__lam0p020__nu0p50__psi0p75,hardzero_plus_depr,0.06,30,27,0.0,2,0.046845995,0.046845995,1.0344452,0.0,0.09237506,0.0,0.0,0.041237354,-27.061172,2.2758248,0.7586083,0.15200001,0.0,0.16087474,0.50000006,0.52000004,89600
hardzero_plus_depr__c0p50__z1p00__lam0p020__nu0p50__psi0p75,hardzero_plus_depr,0.06,30,28,0.0,2,0.046845995,0.046845995,1.0373873,0.0,0.09175142,0.0,0.0,0.04062341,-27.784935,2.2822976,0.7607659,0.16800001,0.0,0.18590674,0.52000004,0.54,92800
hardzero_plus_depr__c0p50__z1p00__lam0p020__nu0p50__psi0p75,hardzero_plus_depr,0.06,30,29,0.0,2,0.046845995,0.046845995,1.0373725,0.0,0.091754526,0.0,0.0,0.040018607,-27.806429,2.282265,0.760755,0.2,0.0,0.16965646,0.54,0.56,96000
hardzero_plus_depr__c0p50__z1p00__lam0p020__nu0p50__psi0p75,hardzero_plus_depr,0.06,30,30,0.0,2,0.046845995,0.046845995,1.030949,0.0,0.09312173,0.0,0.0,0.039422806,-27.242981,2.2681332,0.7560444,0.18400002,0.0,0.16960241,0.56,0.58,99200
hardzero_plus_depr__c0p50__z1p00__lam0p020__nu0p50__psi0p75,hardzero_plus_depr,0.06,30,31,0.0,2,0.046845995,0.046845995,1.0934861,0.0,0.080633216,0.0,0.0,0.03883588,-28.001877,2.4057174,0.8019058,0.080000006,0.0,0.19581842,0.58,0.59999996,102400
hardzero_plus_depr__c0p50__z1p00__lam0p020__nu0p50__psi0p75,hardzero_plus_depr,0.06,30,32,0.0,2,0.046845995,0.0506909,0.997833,0.1005002,0.1005002,1.0,0.0038449054,0.03825769,-27.534658,2.1952765,0.73175883,0.216,0.0,0.16820407,0.59999996,0.61999995,105600
hardzero_plus_depr__c0p50__z1p00__lam0p020__nu0p50__psi0p75,hardzero_plus_depr,0.06,30,33,0.0,2,0.0506909,0.0506909,1.0152785,0.0,0.09654317,0.0,0.0,0.037688106,-27.318214,2.2336571,0.7445524,0.15200001,0.0,0.18564446,0.61999995,0.6399999,108800
hardzero_plus_depr__c0p50__z1p00__lam0p020__nu0p50__psi0p75,hardzero_plus_depr,0.06,30,34,0.0,2,0.0506909,0.0506909,1.0523161,0.0,0.08865106,0.0,0.0,0.037127007,-27.513884,2.3151417,0.7717139,0.120000005,0.0,0.14841318,0.6399999,0.6599999,112000
hardzero_plus_depr__c0p50__z1p00__lam0p020__nu0p50__psi0p75,hardzero_plus_depr,0.06,30,35,0.0,2,0.0506909,0.0506909,1.0475361,0.0,0.08963215,0.0,0.0,0.03657426,-27.774794,2.3046255,0.7682085,0.104,0.0,0.16075964,0.6599999,0.6799999,115200
hardzero_plus_depr__c0p50__z1p00__lam0p020__nu0p50__psi0p75,hardzero_plus_depr,0.06,30,36,0.0,2,0.0506909,0.054351173,0.9931478,0.10159029,0.10159029,1.0,0.0036602714,0.036029737,-26.446575,2.1849687,0.7283229,0.136,0.0,0.15457116,0.6799999,0.69999987,118400
hardzero_plus_depr__c0p50__z1p00__lam0p020__nu0p50__psi0p75,hardzero_plus_depr,0.06,30,37,0.0,2,0.054351173,0.054351173,1.0448285,0.0,0.09019272,0.0,0.0,0.035493325,-27.610197,2.2986686,0.7662229,0.128,0.0,0.19288428,0.69999987,0.71999985,121600
hardzero_plus_depr__c0p50__z1p00__lam0p020__nu0p50__psi0p75,hardzero_plus_depr,0.06,30,38,0.0,2,0.054351173,0.05798077,0.9837742,0.10380681,0.10380681,1.0,0.0036295943,0.034964897,-26.942171,2.1643465,0.72144884,0.14400001,0.0,0.1519209,0.71999985,0.73999983,124800
hardzero_plus_depr__c0p50__z1p00__lam0p020__nu0p50__psi0p75,hardzero_plus_depr,0.06,30,39,0.0,2,0.05798077,0.061822172,0.95262784,0.11152498,0.11152498,1.0,0.003841404,0.03444434,-26.15353,2.095823,0.6986077,0.14999999,0.0,0.15338477,0.73999983,0.7599998,128000
hardzero_plus_depr__c0p50__z1p00__lam0p020__nu0p50__psi0p75,hardzero_plus_depr,0.06,30,40,0.0,2,0.061822172,0.061822172,1.0066453,0.0,0.0984815,0.0,0.0,0.033931527,-26.615965,2.214664,0.73822135,0.15200001,0.0,0.14731608,0.7599998,0.7799998,131200
hardzero_plus_depr__c0p50__z1p00__lam0p020__nu0p50__psi0p75,hardzero_plus_depr,0.06,30,41,0.0,2,0.061822172,0.061822172,1.0105648,0.0,0.09759671,0.0,0.0,0.03342635,-26.599419,2.2232869,0.74109566,0.18400002,0.0,0.16903937,0.7799998,0.7999998,134400
hardzero_plus_depr__c0p50__z1p00__lam0p020__nu0p50__psi0p75,hardzero_plus_depr,0.06,30,42,0.0,2,0.061822172,0.06547072,0.9554552,0.11080127,0.11080127,1.0,0.003648542,0.0329287,-26.42121,2.1020434,0.70068115,0.264,0.0,0.1467637,0.7999998,0.81999975,137600
hardzero_plus_depr__c0p50__z1p00__lam0p020__nu0p50__psi0p75,hardzero_plus_depr,0.06,30,43,0.0,2,0.06547072,0.06547072,1.0459884,0.0,0.08995216,0.0,0.0,0.03243846,-26.744106,2.3012204,0.7670735,0.136,0.0,0.16997156,0.81999975,0.83999974,140800
hardzero_plus_depr__c0p50__z1p00__lam0p020__nu0p50__psi0p75,hardzero_plus_depr,0.06,30,44,0.0,2,0.06547072,0.06878552,0.98408806,0.10373179,0.10373179,1.0,0.0033148027,0.031955514,-27.132557,2.165037,0.721679,0.224,0.0,0.15398875,0.83999974,0.8599997,144000
hardzero_plus_depr__c0p50__z1p00__lam0p020__nu0p50__psi0p75,hardzero_plus_depr,0.06,30,45,0.0,2,0.06878552,0.06878552,1.0456038,0.0,0.09003187,0.0,0.0,0.03147976,-28.012943,2.3003743,0.76679146,0.104,0.0,0.17016208,0.8599997,0.8799997,147200
hardzero_plus_depr__c0p50__z1p00__lam0p020__nu0p50__psi0p75,hardzero_plus_depr,0.06,30,46,0.0,2,0.06878552,0.06878552,1.0039014,0.0,0.09910571,0.0,0.0,0.031011084,-26.830557,2.2086272,0.7362091,0.16800001,0.0,0.15559062,0.8799997,0.8999997,150400
hardzero_plus_depr__c0p50__z1p00__lam0p020__nu0p50__psi0p75,hardzero_plus_depr,0.06,30,47,0.0,2,0.06878552,0.072118476,0.96217304,0.10910055,0.10910055,1.0,0.0033329553,0.03054939,-26.15709,2.116823,0.70560765,0.18400002,0.0,0.1464637,0.8999997,0.91999966,153600
hardzero_plus_depr__c0p50__z1p00__lam0p020__nu0p50__psi0p75,hardzero_plus_depr,0.06,30,48,0.0,2,0.072118476,0.075134955,0.9989876,0.10023337,0.10023337,1.0,0.00301648,0.03009457,-26.809547,2.1978166,0.7326056,0.128,0.0,0.14219034,0.91999966,0.93999964,156800
hardzero_plus_depr__c0p50__z1p00__lam0p020__nu0p50__psi0p75,hardzero_plus_depr,0.06,30,49,0.0,2,0.075134955,0.075134955,1.0269939,0.0,0.093973644,0.0,0.0,0.029646521,-27.665636,2.2594316,0.7531439,0.18400002,0.0,0.1611778,0.93999964,0.9599996,160000
hardzero_plus_depr__c0p50__z1p00__lam0p020__nu0p50__psi0p75,hardzero_plus_depr,0.06,30,50,0.0,2,0.075134955,0.075134955,1.0180662,0.0,0.09592546,0.0,0.0,0.029205143,-27.2899,2.2397902,0.74659675,0.16800001,0.0,0.14967538,0.9599996,0.9799996,163200
hardzero_plus_depr__c0p50__z1p00__lam0p020__nu0p50__psi0p75,hardzero_plus_depr,0.06,30,51,0.0,2,0.075134955,0.075134955,1.0559886,0.0,0.087904565,0.0,0.0,0.028770335,-28.166767,2.3232212,0.7744071,0.18400002,0.0,0.18678252,0.9799996,0.9999996,166400
hardzero_plus_depr__c0p50__z1p00__lam0p020__nu0p50__psi0p75,hardzero_plus_depr,0.06,30,52,0.0,2,0.075134955,0.075134955,1.0259312,0.0,0.094203874,0.0,0.0,0.028342001,-26.959179,2.257094,0.75236464,0.16,0.0,0.12860781,0.9999996,1.0199996,169600
hardzero_plus_depr__c0p50__z1p00__lam0p020__nu0p50__psi0p75,hardzero_plus_depr,0.06,30,53,0.0,2,0.075134955,0.07793484,0.9987761,0.10028221,0.10028221,1.0,0.0027998835,0.027920043,-27.266848,2.1973512,0.7324504,0.272,0.0,0.16711502,1.0199996,1.0399996,172800
hardzero_plus_depr__c0p50__z1p00__lam0p020__nu0p50__psi0p75,hardzero_plus_depr,0.06,30,54,0.0,2,0.07793484,0.07793484,1.0344089,0.0,0.092382774,0.0,0.0,0.027504368,-26.499485,2.2757452,0.75858176,0.120000005,0.0,0.14406277,1.0399996,1.0599996,176000
hardzero_plus_depr__c0p50__z1p00__lam0p020__nu0p50__psi0p75,hardzero_plus_depr,0.06,30,55,0.0,2,0.07793484,0.080856614,0.9672401,0.10783505,0.10783505,1.0,0.0029217778,0.027094882,-26.446806,2.1279707,0.7093236,0.224,0.0,0.16422822,1.0599996,1.0799996,179200
hardzero_plus_depr__c0p50__z1p00__lam0p020__nu0p50__psi0p75,hardzero_plus_depr,0.06,30,56,0.0,2,0.080856614,0.080856614,1.0532069,0.0,0.088469386,0.0,0.0,0.026691493,-28.363392,2.3171015,0.7723672,0.136,0.0,0.18009526,1.0799996,1.0999995,182400
hardzero_plus_depr__c0p50__z1p00__lam0p020__nu0p50__psi0p75,hardzero_plus_depr,0.06,30,57,0.0,2,0.080856614,0.08348986,0.999367,0.10014585,0.10014585,1.0,0.0026332457,0.026294107,-26.032644,2.1986513,0.7328838,0.136,0.0,0.13694905,1.0999995,1.1199995,185600
hardzero_plus_depr__c0p50__z1p00__lam0p020__nu0p50__psi0p75,hardzero_plus_depr,0.06,30,58,0.0,2,0.08348986,0.08348986,1.015449,0.0,0.09650525,0.0,0.0,0.025902638,-27.536303,2.2340324,0.7446775,0.18400002,0.0,0.16442549,1.1199995,1.1399995,188800
hardzero_plus_depr__c0p50__z1p00__lam0p020__nu0p50__psi0p75,hardzero_plus_depr,0.06,30,59,0.0,2,0.08348986,0.08348986,1.0569819,0.0,0.08770372,0.0,0.0,0.025517,-28.22742,2.3254068,0.77513564,0.17600001,0.0,0.17119843,1.1399995,1.1599995,192000
hardzero_plus_depr__c0p50__z1p00__lam0p020__nu0p50__psi0p75,hardzero_plus_depr,0.06,30,60,0.0,2,0.08348986,0.08348986,1.0092988,0.0,0.09788163,0.0,0.0,0.0251371,-27.536684,2.2205017,0.74016726,0.16000001,0.0,0.16455805,1.1599995,1.1799995,195200
hardzero_plus_depr__c0p50__z1p00__lam0p020__nu0p50__psi0p75,hardzero_plus_depr,0.06,30,61,0.0,2,0.08348986,0.08607535,0.9812571,0.10441019,0.10441019,1.0,0.002585495,0.024762861,-26.677172,2.1588087,0.71960294,0.120000005,0.0,0.16765961,1.1799995,1.1999995,198400
hardzero_plus_depr__c0p50__z1p00__lam0p020__nu0p50__psi0p75,hardzero_plus_depr,0.06,30,62,0.0,2,0.08607535,0.08607535,1.0151794,0.0,0.09656518,0.0,0.0,0.02439419,-27.006931,2.2334392,0.7444798,0.16000001,0.0,0.14176868,1.1999995,1.2199994,201600
hardzero_plus_depr__c0p50__z1p00__lam0p020__nu0p50__psi0p75,hardzero_plus_depr,0.06,30,63,0.0,2,0.08607535,0.08607535,1.0037018,0.0,0.099151246,0.0,0.0,0.024031008,-26.764063,2.208188,0.7360627,0.136,0.0,0.18924782,1.2199994,1.2399994,204800
hardzero_plus_depr__c0p50__z1p00__lam0p020__nu0p50__psi0p75,hardzero_plus_depr,0.06,30,64,0.0,2,0.08607535,0.08607535,1.0450572,0.0,0.09014523,0.0,0.0,0.023673233,-26.580835,2.2991717,0.76639056,0.14400001,0.0,0.12976927,1.2399994,1.2599994,208000
hardzero_plus_depr__c0p50__z1p00__lam0p020__nu0p50__psi0p75,hardzero_plus_depr,0.06,30,65,0.0,2,0.08607535,0.08607535,1.0629517,0.0,0.08650642,0.0,0.0,0.023320785,-27.448627,2.3385403,0.7795135,0.14,0.0,0.12696037,1.2599994,1.2799994,211200
hardzero_plus_depr__c0p50__z1p00__lam0p020__nu0p50__psi0p75,hardzero_plus_depr,0.06,30,66,0.0,2,0.08607535,0.088441074,0.9872651,0.102975726,0.102975726,1.0,0.0023657214,0.022973582,-26.54885,2.1720266,0.7240089,0.16000001,0.0,0.16880308,1.2799994,1.2999994,214400
hardzero_plus_depr__c0p50__z1p00__lam0p020__nu0p50__psi0p75,hardzero_plus_depr,0.06,30,67,0.0,2,0.088441074,0.088441074,1.013597,0.0,0.09691768,0.0,0.0,0.02263155,-27.382114,2.229958,0.7433194,0.192,0.0,0.13618815,1.2999994,1.3199993,217600
hardzero_plus_depr__c0p50__z1p00__lam0p020__nu0p50__psi0p75,hardzero_plus_depr,0.06,30,68,0.0,2,0.088441074,0.088441074,1.0416116,0.0,0.09086327,0.0,0.0,0.022294613,-27.79168,2.2915912,0.76386374,0.15200001,0.0,0.1625038,1.3199993,1.3399993,220800
hardzero_plus_depr__c0p50__z1p00__lam0p020__nu0p50__psi0p75,hardzero_plus_depr,0.06,30,69,0.0,2,0.088441074,0.088441074,1.0492184,0.0,0.08928563,0.0,0.0,0.02196269,-28.12622,2.3083267,0.76944226,0.16000001,0.0,0.18676272,1.3399993,1.3599993,224000
hardzero_plus_depr__c0p50__z1p00__lam0p020__nu0p50__psi0p75,hardzero_plus_depr,0.06,30,70,0.0,2,0.088441074,0.088441074,1.0162973,0.0,0.096316926,0.0,0.0,0.021635707,-26.664644,2.2358987,0.7452996,0.15200001,0.0,0.16461185,1.3599993,1.3799993,227200
hardzero_plus_depr__c0p50__z1p00__lam0p020__nu0p50__psi0p75,hardzero_plus_depr,0.06,30,71,0.0,2,0.088441074,0.088441074,1.0110643,0.0,0.09748453,0.0,0.0,0.021313595,-26.986616,2.2243857,0.74146193,0.16800001,0.0,0.13444784,1.3799993,1.3999993,230400
hardzero_plus_depr__c0p50__z1p00__lam0p020__nu0p50__psi0p75,hardzero_plus_depr,0.06,30,72,0.0,2,0.088441074,0.088441074,1.0294608,0.0,0.09344136,0.0,0.0,0.020996276,-27.513441,2.264859,0.754953,0.136,0.0,0.1494643,1.3999993,1.4199992,233600
hardzero_plus_depr__c0p50__z1p00__lam0p020__nu0p50__psi0p75,hardzero_plus_depr,0.06,30,73,0.0,2,0.088441074,0.088441074,1.0395318,0.0,0.09129945,0.0,0.0,0.020683683,-28.555353,2.2870157,0.7623386,0.16000001,0.0,0.1785208,1.4199992,1.4399992,236800
hardzero_plus_depr__c0p50__z1p00__lam0p020__nu0p50__psi0p75,hardzero_plus_depr,0.06,30,74,0.0,2,0.088441074,0.088441074,1.0026883,0.0,0.0993829,0.0,0.0,0.020375742,-27.292475,2.2059584,0.7353195,0.2,0.008,0.15298094,1.4399992,1.4599992,240000
hardzero_plus_depr__c0p50__z1p00__lam0p020__nu0p50__psi0p75,hardzero_plus_depr,0.06,30,75,0.0,2,0.088441074,0.088441074,1.0629722,0.0,0.086502336,0.0,0.0,0.020072388,-27.367046,2.3385856,0.77952856,0.14400001,0.0,0.17428625,1.4599992,1.4799992,243200
hardzero_plus_depr__c0p50__z1p00__lam0p020__nu0p50__psi0p75,hardzero_plus_depr,0.06,30,76,0.0,2,0.088441074,0.088441074,1.0305997,0.0,0.09319665,0.0,0.0,0.019773548,-27.531183,2.2673647,0.75578827,0.112,0.0,0.14515509,1.4799992,1.4999992,246400
hardzero_plus_depr__c0p50__z1p00__lam0p020__nu0p50__psi0p75,hardzero_plus_depr,0.06,30,77,0.0,2,0.088441074,0.090445794,0.9875162,0.1029162,0.1029162,1.0,0.002004721,0.019479157,-25.895126,2.172579,0.72419304,0.216,0.0,0.15793446,1.4999992,1.5199991,249600
hardzero_plus_depr__c0p50__z1p00__lam0p020__nu0p50__psi0p75,hardzero_plus_depr,0.06,30,78,0.0,2,0.090445794,0.09273836,0.92273366,0.11947205,0.11947205,1.0,0.0022925674,0.019189153,-25.48313,2.0300546,0.67668486,0.16,0.0,0.12243681,1.5199991,1.5399991,252800
hardzero_plus_depr__c0p50__z1p00__lam0p020__nu0p50__psi0p75,hardzero_plus_depr,0.06,30,79,0.0,2,0.09273836,0.094754435,0.9720346,0.10665111,0.10665111,1.0,0.0020160752,0.018903462,-26.274382,2.1385188,0.7128396,0.18400002,0.0,0.14174883,1.5399991,1.5599991,256000
hardzero_plus_depr__c0p50__z1p00__lam0p020__nu0p50__psi0p75,hardzero_plus_depr,0.06,30,80,0.0,2,0.094754435,0.094754435,1.0336441,0.0,0.09254562,0.0,0.0,0.01862203,-28.399096,2.2740624,0.7580208,0.17600001,0.0,0.13966854,1.5599991,1.5799991,259200
hardzero_plus_depr__c0p50__z1p00__lam0p020__nu0p50__psi0p75,hardzero_plus_depr,0.06,30,81,0.0,2,0.094754435,0.09659896,0.9976282,0.10054761,0.10054761,1.0,0.0018445243,0.018344784,-26.29799,2.194826,0.7316086,0.128,0.0,0.14342998,1.5799991,1.5999991,262400
hardzero_plus_depr__c0p50__z1p00__lam0p020__nu0p50__psi0p75,hardzero_plus_depr,0.06,30,82,0.0,2,0.09659896,0.09659896,1.0131153,0.0,0.09702524,0.0,0.0,0.018071664,-27.462297,2.228898,0.74296606,0.136,0.0,0.1735192,1.5999991,1.619999,265600
hardzero_plus_depr__c0p50__z1p00__lam0p020__nu0p50__psi0p75,hardzero_plus_depr,0.06,30,83,0.0,2,0.09659896,0.098514356,0.96822613,0.10759049,0.10759049,1.0,0.0019153918,0.017802613,-26.267998,2.13014,0.7100467,0.216,0.0,0.14300396,1.619999,1.639999,268800
hardzero_plus_depr__c0p50__z1p00__lam0p020__nu0p50__psi0p75,hardzero_plus_depr,0.06,30,84,0.0,2,0.098514356,0.098514356,1.0447772,0.0,0.09020339,0.0,0.0,0.017537566,-27.242682,2.2985556,0.7661852,0.208,0.0,0.16734251,1.639999,1.659999,272000
hardzero_plus_depr__c0p50__z1p00__lam0p020__nu0p50__psi0p75,hardzero_plus_depr,0.06,30,85,0.0,2,0.098514356,0.10035631,0.972176,0.10661639,0.10661639,1.0,0.0018419544,0.017276466,-26.239069,2.13883,0.7129433,0.16000001,0.0,0.1415,1.659999,1.679999,275200
hardzero_plus_depr__c0p50__z1p00__lam0p020__nu0p50__psi0p75,hardzero_plus_depr,0.06,30,86,0.0,2,0.10035631,0.102080636,0.9943215,0.101316094,0.101316094,1.0,0.0017243243,0.017019253,-26.802868,2.187551,0.7291837,0.2,0.0,0.14391854,1.679999,1.699999,278400
hardzero_plus_depr__c0p50__z1p00__lam0p020__nu0p50__psi0p75,hardzero_plus_depr,0.06,30,87,0.0,2,0.102080636,0.102080636,1.0135347,0.0,0.0969316,0.0,0.0,0.01676587,-26.679768,2.2298207,0.7432736,0.15200001,0.0,0.1921951,1.699999,1.719999,281600
hardzero_plus_depr__c0p50__z1p00__lam0p020__nu0p50__psi0p75,hardzero_plus_depr,0.06,30,88,0.0,2,0.102080636,0.10384604,0.9710659,0.106889255,0.106889255,1.0,0.0017654106,0.016516259,-26.71513,2.1363876,0.71212924,0.16000001,0.0,0.15260819,1.719999,1.7399989,284800
hardzero_plus_depr__c0p50__z1p00__lam0p020__nu0p50__psi0p75,hardzero_plus_depr,0.06,30,89,0.0,2,0.10384604,0.10553402,0.98403156,0.103745304,0.103745304,1.0,0.001687974,0.016270366,-26.42867,2.1649127,0.7216376,0.18400002,0.0,0.1620219,1.7399989,1.7599989,288000
hardzero_plus_depr__c0p50__z1p00__lam0p020__nu0p50__psi0p75,hardzero_plus_depr,0.06,30,90,0.0,2,0.10553402,0.10553402,1.0489727,0.0,0.08933616,0.0,0.0,0.01602813,-27.58033,2.307786,0.769262,0.136,0.0,0.1398394,1.7599989,1.7799989,291200
hardzero_plus_depr__c0p50__z1p00__lam0p020__nu0p50__psi0p75,hardzero_plus_depr,0.06,30,91,0.0,2,0.10553402,0.10553402,1.0240456,0.0,0.09461378,0.0,0.0,0.015789503,-26.765259,2.2529452,0.75098175,0.07,0.0,0.1564382,1.7799989,1.7999989,294400
hardzero_plus_depr__c0p50__z1p00__lam0p020__nu0p50__psi0p75,hardzero_plus_depr,0.06,30,92,0.0,2,0.10553402,0.10553402,1.0196006,0.0,0.09558711,0.0,0.0,0.015554428,-26.55434,2.2431662,0.7477221,0.16000001,0.0,0.15756674,1.7999989,1.8199989,297600
hardzero_plus_depr__c0p50__z1p00__lam0p020__nu0p50__psi0p75,hardzero_plus_depr,0.06,30,93,0.0,2,0.10553402,0.10553402,1.0723116,0.0,0.08466197,0.0,0.0,0.015322854,-28.206541,2.3591328,0.7863776,0.104,0.0,0.1488001,1.8199989,1.8399988,300800
hardzero_plus_depr__c0p50__z1p00__lam0p020__nu0p50__psi0p75,hardzero_plus_depr,0.06,30,94,0.0,2,0.10553402,0.10553402,1.002649,0.0,0.09939191,0.0,0.0,0.015094726,-25.766926,2.2058718,0.73529065,0.17600001,0.0,0.13743165,1.8399988,1.8599988,304000
hardzero_plus_depr__c0p50__z1p00__lam0p020__nu0p50__psi0p75,hardzero_plus_depr,0.06,30,95,0.0,2,0.10553402,0.10553402,1.074079,0.0,0.08431814,0.0,0.0,0.0148699945,-28.163754,2.3630211,0.7876737,0.16000001,0.0,0.16290446,1.8599988,1.8799988,307200
hardzero_plus_depr__c0p50__z1p00__lam0p020__nu0p50__psi0p75,hardzero_plus_depr,0.06,30,96,0.0,2,0.10553402,0.107065335,0.980732,0.104536496,0.104536496,1.0,0.0015313143,0.01464861,-27.261442,2.1576536,0.7192179,0.16800001,0.0,0.16815504,1.8799988,1.8999988,310400
hardzero_plus_depr__c0p50__z1p00__lam0p020__nu0p50__psi0p75,hardzero_plus_depr,0.06,30,97,0.0,2,0.107065335,0.107065335,1.0139338,0.0,0.09684255,0.0,0.0,0.01443052,-27.128717,2.2306988,0.7435663,0.112,0.0,0.16440511,1.8999988,1.9199988,313600
hardzero_plus_depr__c0p50__z1p00__lam0p020__nu0p50__psi0p75,hardzero_plus_depr,0.06,30,98,0.0,2,0.107065335,0.107065335,1.0093654,0.0,0.09786661,0.0,0.0,0.014215678,-26.79815,2.2206483,0.74021614,0.18400002,0.0,0.15185295,1.9199988,1.9399987,316800
hardzero_plus_depr__c0p50__z1p00__lam0p020__nu0p50__psi0p75,hardzero_plus_depr,0.06,30,99,0.0,2,0.107065335,0.107065335,1.0053803,0.0,0.09876879,0.0,0.0,0.014004034,-26.603111,2.2118807,0.7372936,0.18400002,0.0,0.14194636,1.9399987,1.9599987,320000
hardzero_plus_depr__c0p50__z1p00__lam0p020__nu0p50__psi0p75,hardzero_plus_depr,0.06,30,100,0.0,2,0.107065335,0.108451545,0.9979093,0.10048255,0.10048255,1.0,0.0013862114,0.0137955425,-26.420921,2.1954443,0.7318148,0.17600001,0.0,0.14599185,1.9599987,1.9799987,323200
hardzero_plus_depr__c0p50__z1p00__lam0p020__nu0p50__psi0p75,hardzero_plus_depr,0.06,30,101,0.0,2,0.108451545,0.108451545,1.013517,0.0,0.09693552,0.0,0.0,0.013590153,-27.280216,2.2297819,0.7432606,0.15200001,0.0,0.1689512,1.9799987,1.9999987,326400
hardzero_plus_depr__c0p50__z1p00__lam0p020__nu0p50__psi0p75,hardzero_plus_depr,0.06,30,102,0.0,2,0.108451545,0.108451545,1.0091181,0.0,0.09792236,0.0,0.0,0.0133878235,-26.964146,2.2201042,0.74003476,0.17600001,0.0,0.15767789,1.9999987,2.0199988,329600
hardzero_plus_depr__c0p50__z1p00__lam0p020__nu0p50__psi0p75,hardzero_plus_depr,0.06,30,103,0.0,2,0.108451545,0.108451545,1.0419216,0.0,0.090798445,0.0,0.0,0.013188502,-27.147724,2.2922733,0.76409113,0.15200001,0.0,0.15665121,2.0199988,2.0399988,332800
hardzero_plus_depr__c0p50__z1p00__lam0p020__nu0p50__psi0p75,hardzero_plus_depr,0.06,30,104,0.0,2,0.108451545,0.10984671,0.9690556,0.10738519,0.10738519,1.0,0.0013951649,0.012992154,-26.477995,2.131965,0.710655,0.19999999,0.0,0.17407592,2.0399988,2.0599988,336000
hardzero_plus_depr__c0p50__z1p00__lam0p020__nu0p50__psi0p75,hardzero_plus_depr,0.06,30,105,0.0,2,0.10984671,0.10984671,1.0225953,0.0,0.094930276,0.0,0.0,0.012798723,-27.338953,2.2497547,0.7499182,0.24000001,0.0,0.1801135,2.0599988,2.0799987,339200
hardzero_plus_depr__c0p50__z1p00__lam0p020__nu0p50__psi0p75,hardzero_plus_depr,0.06,30,106,0.0,2,0.10984671,0.11121067,0.96585155,0.108180374,0.108180374,1.0,0.0013639572,0.012608176,-26.242004,2.1249158,0.7083053,0.18400002,0.0,0.14555492,2.0799987,2.0999987,342400
hardzero_plus_depr__c0p50__z1p00__lam0p020__nu0p50__psi0p75,hardzero_plus_depr,0.06,30,107,0.0,2,0.11121067,0.11121067,1.0639045,0.0,0.08631684,0.0,0.0,0.012420464,-27.817411,2.3406367,0.7802123,0.15200001,0.0,0.14010331,2.0999987,2.1199987,345600
hardzero_plus_depr__c0p50__z1p00__lam0p020__nu0p50__psi0p75,hardzero_plus_depr,0.06,30,108,0.0,2,0.11121067,0.11121067,1.0414047,0.0,0.09090657,0.0,0.0,0.012235549,-27.147926,2.2911363,0.7637121,0.14400001,0.0,0.1686574,2.1199987,2.1399987,348800
hardzero_plus_depr__c0p50__z1p00__lam0p020__nu0p50__psi0p75,hardzero_plus_depr,0.06,30,109,0.0,2,0.11121067,0.11121067,1.0549023,0.0,0.08812471,0.0,0.0,0.012053384,-27.82764,2.3208315,0.77361053,0.192,0.0,0.17403916,2.1399987,2.1599987,352000
hardzero_plus_depr__c0p50__z1p00__lam0p020__nu0p50__psi0p75,hardzero_plus_depr,0.06,30,110,0.0,2,0.11121067,0.11240975,0.9957466,0.100984186,0.100984186,1.0,0.0011990796,0.011873934,-27.115196,2.1906862,0.7302288,0.208,0.0,0.14568873,2.1599987,2.1799986,355200
hardzero_plus_depr__c0p50__z1p00__lam0p020__nu0p50__psi0p75,hardzero_plus_depr,0.06,30,111,0.0,2,0.11240975,0.11240975,1.0480349,0.0,0.08952927,0.0,0.0,0.011697154,-27.57932,2.305723,0.76857436,0.096,0.0,0.14974424,2.1799986,2.1999986,358400
hardzero_plus_depr__c0p50__z1p00__lam0p020__nu0p50__psi0p75,hardzero_plus_depr,0.06,30,112,0.0,2,0.11240975,0.11240975,1.0094789,0.0,0.09784104,0.0,0.0,0.011523007,-26.973185,2.220898,0.74029934,0.16800001,0.0,0.15721424,2.1999986,2.2199986,361600
hardzero_plus_depr__c0p50__z1p00__lam0p020__nu0p50__psi0p75,hardzero_plus_depr,0.06,30,113,0.0,2,0.11240975,0.11364813,0.96219593,0.1090948,0.1090948,1.0,0.001238384,0.011351449,-25.75625,2.1168733,0.70562446,0.18400002,0.0,0.14404112,2.2199986,2.2399986,364800
hardzero_plus_depr__c0p50__z1p00__lam0p020__nu0p50__psi0p75,hardzero_plus_depr,0.06,30,114,0.0,2,0.11364813,0.11477513,0.9966129,0.10078296,0.10078296,1.0,0.0011270004,0.011182451,-26.758204,2.1925921,0.73086405,0.128,0.0,0.14879102,2.2399986,2.2599986,368000
hardzero_plus_depr__c0p50__z1p00__lam0p020__nu0p50__psi0p75,hardzero_plus_depr,0.06,30,115,0.0,2,0.11477513,0.11477513,1.0313134,0.0,0.09304362,0.0,0.0,0.011015966,-28.115126,2.2689347,0.7563116,0.15200001,0.0,0.18272428,2.2599986,2.2799985,371200
hardzero_plus_depr__c0p50__z1p00__lam0p020__nu0p50__psi0p75,hardzero_plus_depr,0.06,30,116,0.0,2,0.11477513,0.11477513,1.006874,0.0,0.098429665,0.0,0.0,0.01085196,-26.85962,2.215167,0.738389,0.192,0.0,0.15112531,2.2799985,2.2999985,374400
hardzero_plus_depr__c0p50__z1p00__lam0p020__nu0p50__psi0p75,hardzero_plus_depr,0.06,30,117,0.0,2,0.11477513,0.11477513,1.0380744,0.0,0.09160636,0.0,0.0,0.010690395,-26.63413,2.2838092,0.76126975,0.11,0.0,0.17173828,2.2999985,2.3199985,377600
hardzero_plus_depr__c0p50__z1p00__lam0p020__nu0p50__psi0p75,hardzero_plus_depr,0.06,30,118,0.0,2,0.11477513,0.115874566,0.9813089,0.104397744,0.104397744,1.0,0.0010994372,0.0105312355,-26.331364,2.1589227,0.7196409,0.192,0.0,0.15922883,2.3199985,2.3399985,380800
hardzero_plus_depr__c0p50__z1p00__lam0p020__nu0p50__psi0p75,hardzero_plus_depr,0.06,30,119,0.0,2,0.115874566,0.115874566,1.0040994,0.0,0.09906051,0.0,0.0,0.0103744455,-27.113613,2.2090628,0.7363543,0.15200001,0.0,0.16394119,2.3399985,2.3599985,384000
hardzero_plus_depr__c0p50__z1p00__lam0p020__nu0p50__psi0p75,hardzero_plus_depr,0.06,30,120,0.0,2,0.115874566,0.115874566,1.0351734,0.0,0.0922203,0.0,0.0,0.010219992,-27.347954,2.277427,0.75914234,0.15200001,0.0,0.17419189,2.3599985,2.3799984,387200
hardzero_plus_depr__c0p50__z1p00__lam0p020__nu0p50__psi0p75,hardzero_plus_depr,0.06,30,121,0.0,2,0.115874566,0.115874566,1.0342871,0.0,0.0924087,0.0,0.0,0.010067834,-27.4996,2.2754772,0.7584924,0.15200001,0.0,0.184468,2.3799984,2.3999984,390400
hardzero_plus_depr__c0p50__z1p00__lam0p020__nu0p50__psi0p75,hardzero_plus_depr,0.06,30,122,0.0,2,0.115874566,0.115874566,1.073121,0.0,0.08450435,0.0,0.0,0.009917946,-29.03275,2.3609133,0.7869711,0.136,0.0,0.16496201,2.3999984,2.4199984,393600
hardzero_plus_depr__c0p50__z1p00__lam0p020__nu0p50__psi0p75,hardzero_plus_depr,0.06,30,123,0.0,2,0.115874566,0.115874566,1.0076932,0.0,0.09824417,0.0,0.0,0.009770286,-26.765705,2.2169693,0.7389898,0.128,0.0,0.14709245,2.4199984,2.4399984,396800
hardzero_plus_depr__c0p50__z1p00__lam0p020__nu0p50__psi0p75,hardzero_plus_depr,0.06,30,124,0.0,2,0.115874566,0.11692283,0.9629201,0.10891304,0.10891304,1.0,0.0010482691,0.009624826,-26.064104,2.1184666,0.70615554,0.18400002,0.0,0.15566541,2.4399984,2.4599984,400000
hardzero_plus_depr__c0p50__z1p00__lam0p020__nu0p50__psi0p75,hardzero_plus_depr,0.06,30,125,0.0,2,0.11692283,0.118067965,0.9180243,0.12077462,0.12077462,1.0,0.0011451282,0.00948153,-25.607666,2.0196939,0.6732313,0.18400002,0.008,0.14612533,2.4599984,2.4799984,403200
hardzero_plus_depr__c0p50__z1p00__lam0p020__nu0p50__psi0p75,hardzero_plus_depr,0.06,30,126,0.0,2,0.118067965,0.118067965,1.0060854,0.0,0.09860855,0.0,0.0,0.009340369,-26.651552,2.213432,0.73781073,0.216,0.0,0.16119479,2.4799984,2.4999983,406400
hardzero_plus_depr__c0p50__z1p00__lam0p020__nu0p50__psi0p75,hardzero_plus_depr,0.06,30,127,0.0,2,0.118067965,0.118067965,1.0081391,0.0,0.09814334,0.0,0.0,0.009201309,-26.89896,2.2179503,0.7393168,0.16000001,0.0,0.15445538,2.4999983,2.5199983,409600
hardzero_plus_depr__c0p50__z1p00__lam0p020__nu0p50__psi0p75,hardzero_plus_depr,0.06,30,128,0.0,2,0.118067965,0.118067965,1.0177165,0.0,0.0960027,0.0,0.0,0.0090643205,-27.206472,2.239021,0.7463404,0.17600001,0.0,0.14184739,2.5199983,2.5399983,412800
hardzero_plus_depr__c0p50__z1p00__lam0p020__nu0p50__psi0p75,hardzero_plus_depr,0.06,30,129,0.0,2,0.118067965,0.118067965,1.0069716,0.0,0.09840754,0.0,0.0,0.008929369,-27.111715,2.2153819,0.73846066,0.16800001,0.0,0.18263632,2.5399983,2.5599983,416000
hardzero_plus_depr__c0p50__z1p00__lam0p020__nu0p50__psi0p75,hardzero_plus_depr,0.06,30,130,0.0,2,0.118067965,0.118067965,1.0333198,0.0,0.092614755,0.0,0.0,0.008796429,-26.900108,2.273349,0.75778306,0.17999999,0.0,0.16239963,2.5599983,2.5799983,419200
hardzero_plus_depr__c0p50__z1p00__lam0p020__nu0p50__psi0p75,hardzero_plus_depr,0.06,30,131,0.0,2,0.118067965,0.11897575,0.97980905,0.1047589,0.1047589,1.0,0.0009077848,0.008665467,-26.361826,2.155623,0.718541,0.136,0.0,0.17317367,2.5799983,2.5999982,422400
hardzero_plus_depr__c0p50__z1p00__lam0p020__nu0p50__psi0p75,hardzero_plus_depr,0.06,30,132,0.0,2,0.11897575,0.11897575,1.0167063,0.0,0.09622626,0.0,0.0,0.008536455,-27.285528,2.2367985,0.7455995,0.18400002,0.0,0.15799871,2.5999982,2.6199982,425600
hardzero_plus_depr__c0p50__z1p00__lam0p020__nu0p50__psi0p75,hardzero_plus_depr,0.06,30,133,0.0,2,0.11897575,0.11897575,1.0460916,0.0,0.0899308,0.0,0.0,0.008409364,-27.58196,2.3014474,0.76714915,0.16000001,0.0,0.16886303,2.6199982,2.6399982,428800
hardzero_plus_depr__c0p50__z1p00__lam0p020__nu0p50__psi0p75,hardzero_plus_depr,0.06,30,134,0.0,2,0.11897575,0.11897575,1.0199887,0.0,0.09550176,0.0,0.0,0.0082841655,-27.834469,2.2440197,0.7480066,0.120000005,0.0,0.15608926,2.6399982,2.6599982,432000
hardzero_plus_depr__c0p50__z1p00__lam0p020__nu0p50__psi0p75,hardzero_plus_depr,0.06,30,135,0.0,2,0.11897575,0.119793326,0.9992064,0.10018289,0.10018289,1.0,0.0008175755,0.00816083,-27.10364,2.198298,0.73276603,0.14400001,0.0,0.15314907,2.6599982,2.6799982,435200
hardzero_plus_depr__c0p50__z1p00__lam0p020__nu0p50__psi0p75,hardzero_plus_depr,0.06,30,136,0.0,2,0.119793326,0.12062683,0.98431194,0.10367834,0.10367834,1.0,0.0008335046,0.008039332,-26.611673,2.1655295,0.7218432,0.23200001,0.0,0.14242159,2.6799982,2.6999981,438400
hardzero_plus_depr__c0p50__z1p00__lam0p020__nu0p50__psi0p75,hardzero_plus_depr,0.06,30,137,0.0,2,0.12062683,0.12143746,0.9898816,0.1023572,0.1023572,1.0,0.0008106322,0.00791964,-25.651775,2.177783,0.7259277,0.15200001,0.0,0.14329845,2.6999981,2.7199981,441600
hardzero_plus_depr__c0p50__z1p00__lam0p020__nu0p50__psi0p75,hardzero_plus_depr,0.06,30,138,0.0,2,0.12143746,0.12143746,1.0793065,0.0,0.08330929,0.0,0.0,0.007801734,-27.674868,2.3745217,0.79150724,0.15200001,0.0,0.17983627,2.7199981,2.739998,444800
hardzero_plus_depr__c0p50__z1p00__lam0p020__nu0p50__psi0p75,hardzero_plus_depr,0.06,30,139,0.0,2,0.12143746,0.12221336,0.9958684,0.10095587,0.10095587,1.0,0.00077590445,0.0076855808,-26.534286,2.1909542,0.73031807,0.15200001,0.0,0.16091874,2.739998,2.759998,448000
hardzero_plus_depr__c0p50__z1p00__lam0p020__nu0p50__psi0p75,hardzero_plus_depr,0.06,30,140,0.0,2,0.12221336,0.12221336,1.0226445,0.0,0.0949195,0.0,0.0,0.007571158,-27.252943,2.249863,0.74995434,0.15200001,0.0,0.17565656,2.759998,2.779998,451200
hardzero_plus_depr__c0p50__z1p00__lam0p020__nu0p50__psi0p75,hardzero_plus_depr,0.06,30,141,0.0,2,0.12221336,0.12221336,1.0083224,0.0,0.098101944,0.0,0.0,0.0074584372,-26.867605,2.2183535,0.73945117,0.224,0.0,0.15685667,2.779998,2.799998,454400
hardzero_plus_depr__c0p50__z1p00__lam0p020__nu0p50__psi0p75,hardzero_plus_depr,0.06,30,142,0.0,2,0.12221336,0.12221336,1.0728027,0.0,0.08456631,0.0,0.0,0.0073473966,-28.499342,2.360213,0.7867377,0.128,0.0,0.19889222,2.799998,2.819998,457600
hardzero_plus_depr__c0p50__z1p00__lam0p020__nu0p50__psi0p75,hardzero_plus_depr,0.06,30,143,0.0,2,0.12221336,0.12297084,0.9802496,0.10465268,0.10465268,1.0,0.0007574769,0.0072380076,-26.255083,2.1565921,0.7188641,0.19999999,0.0,0.15301888,2.819998,2.839998,460800
hardzero_plus_depr__c0p50__z1p00__lam0p020__nu0p50__psi0p75,hardzero_plus_depr,0.06,30,144,0.0,2,0.12297084,0.12297084,1.0227551,0.0,0.09489534,0.0,0.0,0.0071302485,-27.063532,2.2501063,0.75003546,0.15200001,0.0,0.15853672,2.839998,2.859998,464000
hardzero_plus_depr__c0p50__z1p00__lam0p020__nu0p50__psi0p75,hardzero_plus_depr,0.06,30,145,0.0,2,0.12297084,0.12367468,0.9991159,0.10020379,0.10020379,1.0,0.00070384063,0.007024092,-26.937656,2.198099,0.73269963,0.14400001,0.0,0.141415,2.859998,2.879998,467200
hardzero_plus_depr__c0p50__z1p00__lam0p020__nu0p50__psi0p75,hardzero_plus_depr,0.06,30,146,0.0,2,0.12367468,0.12367468,1.0030816,0.0,0.09929296,0.0,0.0,0.006919518,-27.63286,2.2068236,0.73560786,0.16000001,0.0,0.15410379,2.879998,2.899998,470400
hardzero_plus_depr__c0p50__z1p00__lam0p020__nu0p50__psi0p75,hardzero_plus_depr,0.06,30,147,0.0,2,0.12367468,0.12367468,1.0617158,0.0,0.08675292,0.0,0.0,0.0068164994,-28.163305,2.3358214,0.77860713,0.128,0.0,0.16262478,2.899998,2.919998,473600
hardzero_plus_depr__c0p50__z1p00__lam0p020__nu0p50__psi0p75,hardzero_plus_depr,0.06,30,148,0.0,2,0.12367468,0.12367468,1.0093634,0.0,0.09786708,0.0,0.0,0.0067150155,-27.588715,2.2206438,0.7402146,0.192,0.0,0.15206283,2.919998,2.939998,476800
hardzero_plus_depr__c0p50__z1p00__lam0p020__nu0p50__psi0p75,hardzero_plus_depr,0.06,30,149,0.0,2,0.12367468,0.12367468,1.0293067,0.0,0.09347454,0.0,0.0,0.0066150413,-26.81541,2.26452,0.75484,0.192,0.0,0.15203077,2.939998,2.959998,480000
hardzero_plus_depr__c0p50__z1p00__lam0p020__nu0p50__psi0p75,hardzero_plus_depr,0.06,30,150,0.0,2,0.12367468,0.12433392,0.9949767,0.10116337,0.10116337,1.0,0.00065923686,0.0065165567,-26.66223,2.1889925,0.7296642,0.136,0.0,0.17974854,2.959998,2.9799979,483200
hardzero_plus_depr__c0p50__z1p00__lam0p020__nu0p50__psi0p75,hardzero_plus_depr,0.06,30,151,0.0,2,0.12433392,0.12433392,1.0383505,0.0,0.09154814,0.0,0.0,0.006419537,-27.455544,2.2844167,0.7614722,0.15200001,0.0,0.1743261,2.9799979,2.9999979,486400
hardzero_plus_depr__c0p50__z1p00__lam0p020__nu0p50__psi0p75,hardzero_plus_depr,0.06,30,152,0.0,2,0.12433392,0.12433392,1.0926268,0.0,0.0807929,0.0,0.0,0.006323964,-29.16083,2.403827,0.8012757,0.096,0.0,0.17497419,2.9999979,3.0199978,489600
hardzero_plus_depr__c0p50__z1p00__lam0p020__nu0p50__psi0p75,hardzero_plus_depr,0.06,30,153,0.0,2,0.12433392,0.124991015,0.976845,0.10547632,0.10547632,1.0,0.0006570976,0.006229812,-26.83703,2.149102,0.71636736,0.24000001,0.0,0.14530042,3.0199978,3.0399978,492800
hardzero_plus_depr__c0p50__z1p00__lam0p020__nu0p50__psi0p75,hardzero_plus_depr,0.06,30,154,0.0,2,0.124991015,0.124991015,1.020593,0.0,0.095368944,0.0,0.0,0.006137063,-26.56545,2.2453496,0.7484499,0.192,0.0,0.16603443,3.0399978,3.0599978,496000
hardzero_plus_depr__c0p50__z1p00__lam0p020__nu0p50__psi0p75,hardzero_plus_depr,0.06,30,155,0.0,2,0.124991015,0.124991015,1.0150365,0.0,0.09659698,0.0,0.0,0.006045693,-26.52975,2.2331247,0.74437493,0.120000005,0.0,0.16211268,3.0599978,3.0799978,499200
hardzero_plus_depr__c0p50__z1p00__lam0p020__nu0p50__psi0p75,hardzero_plus_depr,0.06,30,156,0.0,2,0.124991015,0.124991015,1.03005,0.0,0.09331466,0.0,0.0,0.0059556854,-27.997955,2.2661552,0.7553851,0.13,0.0,0.15838656,3.0799978,3.0999978,502400
hardzero_plus_depr__c0p50__z1p00__lam0p020__nu0p50__psi0p75,hardzero_plus_depr,0.06,30,157,0.0,2,0.124991015,0.124991015,1.0021605,0.0,0.09950375,0.0,0.0,0.005867016,-27.311516,2.2047973,0.7349324,0.216,0.008,0.17624047,3.0999978,3.1199977,505600
hardzero_plus_depr__c0p50__z1p00__lam0p020__nu0p50__psi0p75,hardzero_plus_depr,0.06,30,158,0.0,2,0.124991015,0.12563717,0.95156544,0.11179812,0.11179812,1.0,0.0006461561,0.005779668,-26.411623,2.0934858,0.69782865,0.192,0.0,0.1344548,3.1199977,3.1399977,508800
hardzero_plus_depr__c0p50__z1p00__lam0p020__nu0p50__psi0p75,hardzero_plus_depr,0.06,30,159,0.0,2,0.12563717,0.12563717,1.0380384,0.0,0.09161394,0.0,0.0,0.0056936196,-27.177769,2.28373,0.76124334,0.15200001,0.0,0.18587881,3.1399977,3.1599977,512000
hardzero_plus_depr__c0p50__z1p00__lam0p020__nu0p50__psi0p75,hardzero_plus_depr,0.06,30,160,0.0,2,0.12563717,0.12620005,0.99845606,0.10035614,0.10035614,1.0,0.00056288287,0.0056088534,-26.955126,2.1966472,0.73221576,0.16800001,0.0,0.17903844,3.1599977,3.1799977,515200
hardzero_plus_depr__c0p50__z1p00__lam0p020__nu0p50__psi0p75,hardzero_plus_depr,0.06,30,161,0.0,2,0.12620005,0.12620005,1.052273,0.0,0.08865985,0.0,0.0,0.005525348,-27.947771,2.315047,0.7716824,0.096,0.0,0.17577413,3.1799977,3.1999977,518400
hardzero_plus_depr__c0p50__z1p00__lam0p020__nu0p50__psi0p75,hardzero_plus_depr,0.06,30,162,0.0,2,0.12620005,0.12680325,0.9553827,0.11081977,0.11081977,1.0,0.0006032017,0.0054430873,-25.7386,2.101884,0.700628,0.2,0.0,0.13031006,3.1999977,3.2199976,521600
hardzero_plus_depr__c0p50__z1p00__lam0p020__nu0p50__psi0p75,hardzero_plus_depr,0.06,30,163,0.0,2,0.12680325,0.12680325,1.0196692,0.0,0.095572025,0.0,0.0,0.0053620497,-27.073591,2.243317,0.74777234,0.23200001,0.0,0.18470573,3.2199976,3.2399976,524800
hardzero_plus_depr__c0p50__z1p00__lam0p020__nu0p50__psi0p75,hardzero_plus_depr,0.06,30,164,0.0,2,0.12680325,0.12680325,1.0164897,0.0,0.096274264,0.0,0.0,0.0052822195,-26.536217,2.2363222,0.7454407,0.18400002,0.0,0.1383149,3.2399976,3.2599976,528000
hardzero_plus_depr__c0p50__z1p00__lam0p020__nu0p50__psi0p75,hardzero_plus_depr,0.06,30,165,0.0,2,0.12680325,0.12680325,1.0064191,0.0,0.09853282,0.0,0.0,0.005203577,-26.996664,2.2141662,0.7380554,0.128,0.0,0.15954939,3.2599976,3.2799976,531200
hardzero_plus_depr__c0p50__z1p00__lam0p020__nu0p50__psi0p75,hardzero_plus_depr,0.06,30,166,0.0,2,0.12680325,0.12680325,1.0779142,0.0,0.0835768,0.0,0.0,0.0051261066,-29.452469,2.3714588,0.7904863,0.112,0.0,0.2059289,3.2799976,3.2999976,534400
hardzero_plus_depr__c0p50__z1p00__lam0p020__nu0p50__psi0p75,hardzero_plus_depr,0.06,30,167,0.0,2,0.12680325,0.12680325,1.0525097,0.0,0.08861154,0.0,0.0,0.005049788,-27.888372,2.3155675,0.77185583,0.128,0.008,0.14121051,3.2999976,3.3199975,537600
hardzero_plus_depr__c0p50__z1p00__lam0p020__nu0p50__psi0p75,hardzero_plus_depr,0.06,30,168,0.0,2,0.12680325,0.12680325,1.0478438,0.0,0.08956869,0.0,0.0,0.0049746074,-28.25672,2.3053024,0.76843417,0.14400001,0.0,0.1808734,3.3199975,3.3399975,540800
hardzero_plus_depr__c0p50__z1p00__lam0p020__nu0p50__psi0p75,hardzero_plus_depr,0.06,30,169,0.0,2,0.12680325,0.12680325,1.0021818,0.0,0.09949889,0.0,0.0,0.0049005444,-27.173185,2.204844,0.73494804,0.24,0.0,0.17081486,3.3399975,3.3599975,544000
hardzero_plus_depr__c0p50__z1p00__lam0p020__nu0p50__psi0p75,hardzero_plus_depr,0.06,30,170,0.0,2,0.12680325,0.12729762,0.9896691,0.10240729,0.10240729,1.0,0.00049438,0.004827586,-26.514856,2.1773155,0.72577184,0.17600001,0.0,0.14445321,3.3599975,3.3799975,547200
hardzero_plus_depr__c0p50__z1p00__lam0p020__nu0p50__psi0p75,hardzero_plus_depr,0.06,30,171,0.0,2,0.12729762,0.12729762,1.041958,0.0,0.090790845,0.0,0.0,0.004755712,-27.85014,2.2923534,0.76411784,0.096,0.0,0.14228153,3.3799975,3.3999975,550400
hardzero_plus_depr__c0p50__z1p00__lam0p020__nu0p50__psi0p75,hardzero_plus_depr,0.06,30,172,0.0,2,0.12729762,0.12729762,1.0012126,0.0,0.09972118,0.0,0.0,0.004684909,-27.381376,2.2027118,0.7342373,0.128,0.0,0.15272242,3.3999975,3.4199975,553600
hardzero_plus_depr__c0p50__z1p00__lam0p020__nu0p50__psi0p75,hardzero_plus_depr,0.06,30,173,0.0,2,0.12729762,0.12781933,0.9467564,0.11304298,0.11304298,1.0,0.00052171136,0.0046151592,-26.877798,2.0829058,0.69430196,0.16000001,0.0,0.14719221,3.4199975,3.4399974,556800
hardzero_plus_depr__c0p50__z1p00__lam0p020__nu0p50__psi0p75,hardzero_plus_depr,0.06,30,174,0.0,2,0.12781933,0.12828398,0.99055165,0.1021994,0.1021994,1.0,0.0004646443,0.0045464486,-26.241484,2.1792572,0.7264191,0.2,0.0,0.17985903,3.4399974,3.4599974,560000
hardzero_plus_depr__c0p50__z1p00__lam0p020__nu0p50__psi0p75,hardzero_plus_depr,0.06,30,175,0.0,2,0.12828398,0.12874086,0.9913446,0.10201298,0.10201298,1.0,0.0004568917,0.0044787605,-26.100784,2.1810017,0.7270006,0.16000001,0.0,0.14054704,3.4599974,3.4799974,563200
hardzero_plus_depr__c0p50__z1p00__lam0p020__nu0p50__psi0p75,hardzero_plus_depr,0.06,30,176,0.0,2,0.12874086,0.12874086,1.0108352,0.0,0.097535975,0.0,0.0,0.0044120816,-27.121891,2.2238817,0.7412939,0.18400002,0.0,0.17319791,3.4799974,3.4999974,566400
hardzero_plus_depr__c0p50__z1p00__lam0p020__nu0p50__psi0p75,hardzero_plus_depr,0.06,30,177,0.0,2,0.12874086,0.129199,0.97712755,0.10540772,0.10540772,1.0,0.00045814345,0.0043463935,-27.08135,2.1497235,0.71657455,0.272,0.0,0.17997384,3.4999974,3.5199974,569600
hardzero_plus_depr__c0p50__z1p00__lam0p020__nu0p50__psi0p75,hardzero_plus_depr,0.06,30,178,0.0,2,0.129199,0.129199,1.0068617,0.0,0.09843247,0.0,0.0,0.0042816848,-27.205584,2.2151399,0.73837996,0.23200001,0.0,0.16137682,3.5199974,3.5399973,572800
hardzero_plus_depr__c0p50__z1p00__lam0p020__nu0p50__psi0p75,hardzero_plus_depr,0.06,30,179,0.0,2,0.129199,0.129199,1.0600691,0.0,0.08708249,0.0,0.0,0.0042179385,-28.292707,2.3321986,0.77739954,0.15200001,0.0,0.17799391,3.5399973,3.5599973,576000
hardzero_plus_depr__c0p50__z1p00__lam0p020__nu0p50__psi0p75,hardzero_plus_depr,0.06,30,180,0.0,2,0.129199,0.12962559,0.9885759,0.1026654,0.1026654,1.0,0.0004265893,0.0041551418,-25.905537,2.1749103,0.7249701,0.16000001,0.0,0.1474389,3.5599973,3.5799973,579200
hardzero_plus_depr__c0p50__z1p00__lam0p020__nu0p50__psi0p75,hardzero_plus_depr,0.06,30,181,0.0,2,0.12962559,0.12962559,1.0053161,0.0,0.098783374,0.0,0.0,0.0040932796,-27.028934,2.2117398,0.73724663,0.216,0.0,0.18412638,3.5799973,3.5999973,582400
hardzero_plus_depr__c0p50__z1p00__lam0p020__nu0p50__psi0p75,hardzero_plus_depr,0.06,30,182,0.0,2,0.12962559,0.13003789,0.99034446,0.10224817,0.10224817,1.0,0.00041229927,0.004032339,-26.831738,2.1788013,0.7262671,0.19,0.0,0.1563599,3.5999973,3.6199973,585600
hardzero_plus_depr__c0p50__z1p00__lam0p020__nu0p50__psi0p75,hardzero_plus_depr,0.06,30,183,0.0,2,0.13003789,0.13003789,1.0068477,0.0,0.0984356,0.0,0.0,0.003972305,-26.992773,2.2151093,0.7383698,0.16000001,0.0,0.14611398,3.6199973,3.6399972,588800
hardzero_plus_depr__c0p50__z1p00__lam0p020__nu0p50__psi0p75,hardzero_plus_depr,0.06,30,184,0.0,2,0.13003789,0.13043287,0.99594253,0.10093865,0.10093865,1.0,0.00039498968,0.003913166,-25.733246,2.1911173,0.7303724,0.16000001,0.0,0.17154895,3.6399972,3.6599972,592000
hardzero_plus_depr__c0p50__z1p00__lam0p020__nu0p50__psi0p75,hardzero_plus_depr,0.06,30,185,0.0,2,0.13043287,0.1308311,0.98589534,0.103301026,0.103301026,1.0,0.0003982157,0.0038549055,-26.096897,2.169013,0.72300434,0.16000001,0.0,0.15569104,3.6599972,3.6799972,595200
hardzero_plus_depr__c0p50__z1p00__lam0p020__nu0p50__psi0p75,hardzero_plus_depr,0.06,30,186,0.0,2,0.1308311,0.13121645,0.99363595,0.101476155,0.101476155,1.0,0.0003853571,0.003797514,-26.315346,2.1860428,0.72868097,0.192,0.0,0.13144812,3.6799972,3.6999972,598400
hardzero_plus_depr__c0p50__z1p00__lam0p020__nu0p50__psi0p75,hardzero_plus_depr,0.06,30,187,0.0,2,0.13121645,0.13165511,0.93085825,0.117257796,0.117257796,1.0,0.00043865864,0.0037409763,-25.594847,2.047929,0.68264306,0.192,0.0,0.16068812,3.6999972,3.7199972,601600
hardzero_plus_depr__c0p50__z1p00__lam0p020__nu0p50__psi0p75,hardzero_plus_depr,0.06,30,188,0.0,2,0.13165511,0.13165511,1.0107079,0.0,0.09756456,0.0,0.0,0.0036852807,-27.40705,2.2236016,0.74120057,0.112,0.0,0.16331266,3.7199972,3.7399971,604800
hardzero_plus_depr__c0p50__z1p00__lam0p020__nu0p50__psi0p75,hardzero_plus_depr,0.06,30,189,0.0,2,0.13165511,0.13165511,1.0126752,0.0,0.09712362,0.0,0.0,0.003630414,-27.667913,2.2279298,0.7426433,0.136,0.0,0.17669778,3.7399971,3.7599971,608000
hardzero_plus_depr__c0p50__z1p00__lam0p020__nu0p50__psi0p75,hardzero_plus_depr,0.06,30,190,0.0,2,0.13165511,0.13203591,0.9727419,0.10647756,0.10647756,1.0,0.00038080255,0.0035763644,-26.489826,2.140075,0.71335834,0.272,0.0,0.13647915,3.7599971,3.779997,611200
hardzero_plus_depr__c0p50__z1p00__lam0p020__nu0p50__psi0p75,hardzero_plus_depr,0.06,30,191,0.0,2,0.13203591,0.13203591,1.0265669,0.0,0.0940661,0.0,0.0,0.0035231188,-26.580141,2.2584922,0.75283074,0.15200001,0.0,0.16410275,3.779997,3.799997,614400
hardzero_plus_depr__c0p50__z1p00__lam0p020__nu0p50__psi0p75,hardzero_plus_depr,0.06,30,192,0.0,2,0.13203591,0.13241254,0.9645087,0.10851538,0.10851538,1.0,0.00037662077,0.0034706672,-26.194544,2.1219616,0.7073206,0.2,0.0,0.1434975,3.799997,3.819997,617600
hardzero_plus_depr__c0p50__z1p00__lam0p020__nu0p50__psi0p75,hardzero_plus_depr,0.06,30,193,0.0,2,0.13241254,0.13241254,1.0404891,0.0,0.091098435,0.0,0.0,0.0034189953,-27.810715,2.2891216,0.76304054,0.120000005,0.0,0.16081864,3.819997,3.839997,620800
hardzero_plus_depr__c0p50__z1p00__lam0p020__nu0p50__psi0p75,hardzero_plus_depr,0.06,30,194,0.0,2,0.13241254,0.13241254,1.0373608,0.0,0.09175699,0.0,0.0,0.0033680934,-27.345375,2.2822392,0.7607464,0.128,0.0,0.15276663,3.839997,3.859997,624000
hardzero_plus_depr__c0p50__z1p00__lam0p020__nu0p50__psi0p75,hardzero_plus_depr,0.06,30,195,0.0,2,0.13241254,0.13241254,1.0517107,0.0,0.08877471,0.0,0.0,0.0033179487,-28.120321,2.3138099,0.77127,0.089999996,0.0,0.15541041,3.859997,3.879997,627200
hardzero_plus_depr__c0p50__z1p00__lam0p020__nu0p50__psi0p75,hardzero_plus_depr,0.06,30,196,0.0,2,0.13241254,0.13241254,1.0506457,0.0,0.088992685,0.0,0.0,0.0032685513,-28.279764,2.3114667,0.7704889,0.16800001,0.008,0.16348428,3.879997,3.899997,630400
hardzero_plus_depr__c0p50__z1p00__lam0p020__nu0p50__psi0p75,hardzero_plus_depr,0.06,30,197,0.0,2,0.13241254,0.13241254,1.0497228,0.0,0.089182,0.0,0.0,0.0032198885,-27.548227,2.3094363,0.7698121,0.15200001,0.0,0.16346602,3.899997,3.919997,633600
hardzero_plus_depr__c0p50__z1p00__lam0p020__nu0p50__psi0p75,hardzero_plus_depr,0.06,30,198,0.0,2,0.13241254,0.13241254,1.0504885,0.0,0.0890249,0.0,0.0,0.0031719513,-27.672518,2.3111207,0.7703736,0.16000001,0.008,0.17435147,3.919997,3.939997,636800
hardzero_plus_depr__c0p50__z1p00__lam0p020__nu0p50__psi0p75,hardzero_plus_depr,0.06,30,199,0.0,2,0.13241254,0.13274467,0.97350854,0.106289774,0.106289774,1.0,0.00033212648,0.0031247265,-26.99066,2.1417615,0.71392053,0.16000001,0.0,0.16137353,3.939997,3.959997,640000
hardzero_plus_depr__c0p50__z1p00__lam0p020__nu0p50__psi0p75,hardzero_plus_depr,0.06,30,200,0.0,2,0.13274467,0.1330749,0.9694827,0.10727963,0.10727963,1.0,0.00033022877,0.0030782057,-26.522776,2.1329045,0.7109682,0.208,0.0,0.16712488,3.959997,3.979997,643200
hardzero_plus_depr__c0p50__z1p00__lam0p020__nu0p50__psi0p75,hardzero_plus_depr,0.06,30,201,0.0,2,0.1330749,0.1330749,1.0088729,0.0,0.09797767,0.0,0.0,0.0030323772,-26.321833,2.2195647,0.73985493,0.136,0.0,0.14968674,3.979997,3.999997,646400
hardzero_plus_depr__c0p50__z1p00__lam0p020__nu0p50__psi0p75,hardzero_plus_depr,0.06,30,202,0.0,2,0.1330749,0.13338178,0.98828596,0.10273396,0.10273396,1.0,0.00030689008,0.0029872311,-26.637909,2.1742725,0.72475755,0.14400001,0.0,0.1575158,3.999997,4.019997,649600
hardzero_plus_depr__c0p50__z1p00__lam0p020__nu0p50__psi0p75,hardzero_plus_depr,0.06,30,203,0.0,2,0.13338178,0.13367829,0.99673307,0.10075507,0.10075507,1.0,0.0002964976,0.002942756,-25.928648,2.1928566,0.7309522,0.064,0.0,0.1498974,4.019997,4.039997,652800
hardzero_plus_depr__c0p50__z1p00__lam0p020__nu0p50__psi0p75,hardzero_plus_depr,0.06,30,204,0.0,2,0.13367829,0.13367829,1.0223397,0.0,0.094986156,0.0,0.0,0.0028989443,-25.99434,2.2491922,0.74973077,0.16000001,0.0,0.13713674,4.039997,4.059997,656000
hardzero_plus_depr__c0p50__z1p00__lam0p020__nu0p50__psi0p75,hardzero_plus_depr,0.06,30,205,0.0,2,0.13367829,0.13367829,1.0286552,0.0,0.09361487,0.0,0.0,0.0028557852,-27.245699,2.2630866,0.7543622,0.112,0.0,0.12774466,4.059997,4.079997,659200
hardzero_plus_depr__c0p50__z1p00__lam0p020__nu0p50__psi0p75,hardzero_plus_depr,0.06,30,206,0.0,2,0.13367829,0.13399439,0.94938487,0.11236088,0.11236088,1.0,0.00031610127,0.002813268,-26.131731,2.0886884,0.69622946,0.224,0.008,0.16255403,4.079997,4.099997,662400
hardzero_plus_depr__c0p50__z1p00__lam0p020__nu0p50__psi0p75,hardzero_plus_depr,0.06,30,207,0.0,2,0.13399439,0.13428666,0.97690743,0.10546116,0.10546116,1.0,0.00029227327,0.0027713832,-26.58481,2.1492393,0.71641314,0.16800001,0.0,0.15166906,4.099997,4.119997,665600
hardzero_plus_depr__c0p50__z1p00__lam0p020__nu0p50__psi0p75,hardzero_plus_depr,0.06,30,208,0.0,2,0.13428666,0.13428666,1.0522286,0.0,0.08866892,0.0,0.0,0.0027301232,-27.6734,2.314949,0.7716497,0.22999999,0.0,0.17231983,4.119997,4.139997,668800
hardzero_plus_depr__c0p50__z1p00__lam0p020__nu0p50__psi0p75,hardzero_plus_depr,0.06,30,209,0.0,2,0.13428666,0.13428666,1.024955,0.0,0.094415866,0.0,0.0,0.0026894775,-28.301502,2.254946,0.75164866,0.192,0.0,0.1863393,4.139997,4.159997,672000
hardzero_plus_depr__c0p50__z1p00__lam0p020__nu0p50__psi0p75,hardzero_plus_depr,0.06,30,210,0.0,2,0.13428666,0.13428666,1.0712355,0.0,0.08487201,0.0,0.0,0.002649436,-28.129566,2.3567653,0.78558844,0.15200001,0.0,0.16762853,4.159997,4.179997,675200
hardzero_plus_depr__c0p50__z1p00__lam0p020__nu0p50__psi0p75,hardzero_plus_depr,0.06,30,211,0.0,2,0.13428666,0.13428666,1.0322591,0.0,0.09284123,0.0,0.0,0.0026099908,-27.667843,2.2710154,0.75700516,0.16000001,0.0,0.16530192,4.179997,4.199997,678400
hardzero_plus_depr__c0p50__z1p00__lam0p020__nu0p50__psi0p75,hardzero_plus_depr,0.06,30,212,0.0,2,0.13428666,0.13428666,1.0477434,0.0,0.08958939,0.0,0.0,0.0025711334,-27.399103,2.3050816,0.76836056,0.128,0.0,0.16640829,4.199997,4.219997,681600
hardzero_plus_depr__c0p50__z1p00__lam0p020__nu0p50__psi0p75,hardzero_plus_depr,0.06,30,213,0.0,2,0.13428666,0.13456456,0.95970327,0.10972274,0.10972274,1.0,0.00027791175,0.0025328547,-26.101736,2.1113894,0.7037965,0.15200001,0.0,0.14053151,4.219997,4.239997,684800
hardzero_plus_depr__c0p50__z1p00__lam0p020__nu0p50__psi0p75,hardzero_plus_depr,0.06,30,214,0.0,2,0.13456456,0.13456456,1.0255318,0.0,0.09429056,0.0,0.0,0.002495145,-27.87897,2.2562149,0.7520716,0.136,0.0,0.15203877,4.239997,4.259997,688000
hardzero_plus_depr__c0p50__z1p00__lam0p020__nu0p50__psi0p75,hardzero_plus_depr,0.06,30,215,0.0,2,0.13456456,0.1348166,0.98910505,0.10254039,0.10254039,1.0,0.00025204394,0.0024579968,-26.444958,2.1760745,0.7253582,0.192,0.0,0.12876312,4.259997,4.279997,691200
hardzero_plus_depr__c0p50__z1p00__lam0p020__nu0p50__psi0p75,hardzero_plus_depr,0.06,30,216,0.0,2,0.1348166,0.13507345,0.9743846,0.10607558,0.10607558,1.0,0.0002568517,0.0024214026,-26.293911,2.143689,0.714563,0.18400002,0.0,0.15075907,4.279997,4.299997,694400
hardzero_plus_depr__c0p50__z1p00__lam0p020__nu0p50__psi0p75,hardzero_plus_depr,0.06,30,217,0.0,2,0.13507345,0.13507345,1.0341055,0.0,0.092447355,0.0,0.0,0.0023853525,-27.62779,2.2750776,0.7583592,0.224,0.0,0.16701119,4.299997,4.319997,697600
hardzero_plus_depr__c0p50__z1p00__lam0p020__nu0p50__psi0p75,hardzero_plus_depr,0.06,30,218,0.0,2,0.13507345,0.13507345,1.0452156,0.0,0.09011236,0.0,0.0,0.0023498393,-27.603788,2.2995203,0.7665068,0.120000005,0.0,0.16651945,4.319997,4.339997,700800
hardzero_plus_depr__c0p50__z1p00__lam0p020__nu0p50__psi0p75,hardzero_plus_depr,0.06,30,219,0.0,2,0.13507345,0.13507345,1.0015551,0.0,0.09964256,0.0,0.0,0.0023148544,-25.959192,2.2034652,0.7344884,0.18400002,0.0,0.14673035,4.339997,4.359997,704000
hardzero_plus_depr__c0p50__z1p00__lam0p020__nu0p50__psi0p75,hardzero_plus_depr,0.06,30,220,0.0,2,0.13507345,0.13530795,0.9878694,0.10283254,0.10283254,1.0,0.00023449841,0.002280391,-26.45456,2.173356,0.724452,0.128,0.0,0.1808146,4.359997,4.379997,707200
hardzero_plus_depr__c0p50__z1p00__lam0p020__nu0p50__psi0p75,hardzero_plus_depr,0.06,30,221,0.0,2,0.13530795,0.13556015,0.9497526,0.112265766,0.112265766,1.0,0.0002521984,0.0022464409,-26.191826,2.0894976,0.6964992,0.17,0.0,0.1806484,4.379997,4.3999968,710400
hardzero_plus_depr__c0p50__z1p00__lam0p020__nu0p50__psi0p75,hardzero_plus_depr,0.06,30,222,0.0,2,0.13556015,0.13556015,1.0669394,0.0,0.08571575,0.0,0.0,0.0022129954,-27.61646,2.3473134,0.7824378,0.15200001,0.0,0.14928408,4.3999968,4.4199967,713600
hardzero_plus_depr__c0p50__z1p00__lam0p020__nu0p50__psi0p75,hardzero_plus_depr,0.06,30,223,0.0,2,0.13556015,0.13578022,0.9959366,0.10094004,0.10094004,1.0,0.00022005412,0.0021800478,-27.08166,2.1911042,0.7303681,0.17600001,0.0,0.17232361,4.4199967,4.4399967,716800
hardzero_plus_depr__c0p50__z1p00__lam0p020__nu0p50__psi0p75,hardzero_plus_depr,0.06,30,224,0.0,2,0.13578022,0.13578022,1.0466249,0.0,0.08982043,0.0,0.0,0.0021475914,-28.3189,2.3026206,0.7675402,0.16800001,0.0,0.1813652,4.4399967,4.4599967,720000
hardzero_plus_depr__c0p50__z1p00__lam0p020__nu0p50__psi0p75,hardzero_plus_depr,0.06,30,225,0.0,2,0.13578022,0.1359939,0.99567205,0.101001516,0.101001516,1.0,0.00021368064,0.0021156182,-26.756716,2.1905222,0.73017406,0.15200001,0.0,0.14766099,4.4599967,4.4799967,723200
hardzero_plus_depr__c0p50__z1p00__lam0p020__nu0p50__psi0p75,hardzero_plus_depr,0.06,30,226,0.0,2,0.1359939,0.1359939,1.0307887,0.0,0.09315611,0.0,0.0,0.0020841206,-27.416426,2.2677803,0.7559268,0.15200001,0.0,0.16980053,4.4799967,4.4999967,726400
hardzero_plus_depr__c0p50__z1p00__lam0p020__nu0p50__psi0p75,hardzero_plus_depr,0.06,30,227,0.0,2,0.1359939,0.1362031,0.9918499,0.10189435,0.10189435,1.0,0.00020919848,0.002053092,-26.44534,2.1821134,0.72737116,0.2,0.0,0.1523809,4.4999967,4.5199966,729600
hardzero_plus_depr__c0p50__z1p00__lam0p020__nu0p50__psi0p75,hardzero_plus_depr,0.06,30,228,0.0,2,0.1362031,0.1364208,0.96802276,0.10764088,0.10764088,1.0,0.00021770642,0.0020225255,-26.29028,2.1296926,0.7098975,0.17600001,0.0,0.13949135,4.5199966,4.5399966,732800
hardzero_plus_depr__c0p50__z1p00__lam0p020__nu0p50__psi0p75,hardzero_plus_depr,0.06,30,229,0.0,2,0.1364208,0.1364208,1.029546,0.0,0.093423024,0.0,0.0,0.0019924145,-27.403591,2.2650464,0.7550155,0.104,0.0,0.1642727,4.5399966,4.5599966,736000
hardzero_plus_depr__c0p50__z1p00__lam0p020__nu0p50__psi0p75,hardzero_plus_depr,0.06,30,230,0.0,2,0.1364208,0.1364208,1.0524744,0.0,0.08861875,0.0,0.0,0.0019627512,-27.456354,2.3154898,0.77182996,0.16000001,0.0,0.15597375,4.5599966,4.5799966,739200
hardzero_plus_depr__c0p50__z1p00__lam0p020__nu0p50__psi0p75,hardzero_plus_depr,0.06,30,231,0.0,2,0.1364208,0.13661563,0.99667424,0.10076871,0.10076871,1.0,0.00019483926,0.0019335294,-26.813639,2.192727,0.73090905,0.15200001,0.0,0.15379444,4.5799966,4.5999966,742400
hardzero_plus_depr__c0p50__z1p00__lam0p020__nu0p50__psi0p75,hardzero_plus_depr,0.06,30,232,0.0,2,0.13661563,0.13681968,0.97012424,0.10712127,0.10712127,1.0,0.00020403849,0.001904743,-26.393982,2.134316,0.71143866,0.2,0.0,0.14355996,4.5999966,4.6199965,745600
hardzero_plus_depr__c0p50__z1p00__lam0p020__nu0p50__psi0p75,hardzero_plus_depr,0.06,30,233,0.0,2,0.13681968,0.13681968,1.0768644,0.0,0.0837791,0.0,0.0,0.0018763853,-28.613829,2.369149,0.78971636,0.096,0.0,0.18363088,4.6199965,4.6399965,748800
hardzero_plus_depr__c0p50__z1p00__lam0p020__nu0p50__psi0p75,hardzero_plus_depr,0.06,30,234,0.0,2,0.13681968,0.13681968,1.0279543,0.0,0.093766056,0.0,0.0,0.0018484495,-26.786512,2.2615447,0.75384825,0.089999996,0.0,0.16660595,4.6399965,4.6599965,752000
hardzero_plus_depr__c0p50__z1p00__lam0p020__nu0p50__psi0p75,hardzero_plus_depr,0.06,30,235,0.0,2,0.13681968,0.13681968,1.0424559,0.0,0.090686806,0.0,0.0,0.0018209295,-27.329388,2.2934487,0.7644829,0.120000005,0.0,0.13310993,4.6599965,4.6799965,755200
hardzero_plus_depr__c0p50__z1p00__lam0p020__nu0p50__psi0p75,hardzero_plus_depr,0.06,30,236,0.0,2,0.13681968,0.137006,0.9835221,0.10386707,0.10386707,1.0,0.0001863188,0.0017938197,-27.308079,2.163792,0.721264,0.16800001,0.0,0.16156298,4.6799965,4.6999965,758400
hardzero_plus_depr__c0p50__z1p00__lam0p020__nu0p50__psi0p75,hardzero_plus_depr,0.06,30,237,0.0,2,0.137006,0.137006,1.0106244,0.0,0.097583316,0.0,0.0,0.0017671133,-27.284798,2.223418,0.74113935,0.192,0.0,0.15482552,4.6999965,4.7199965,761600
hardzero_plus_depr__c0p50__z1p00__lam0p020__nu0p50__psi0p75,hardzero_plus_depr,0.06,30,238,0.0,2,0.137006,0.137006,1.0003692,0.0,0.09991501,0.0,0.0,0.0017408043,-27.185009,2.2008562,0.73361874,0.208,0.0,0.16481078,4.7199965,4.7399964,764800
hardzero_plus_depr__c0p50__z1p00__lam0p020__nu0p50__psi0p75,hardzero_plus_depr,0.06,30,239,0.0,2,0.137006,0.137006,1.0024401,0.0,0.09943972,0.0,0.0,0.001714887,-26.964357,2.2054121,0.7351374,0.18400002,0.008,0.1602008,4.7399964,4.7599964,768000
hardzero_plus_depr__c0p50__z1p00__lam0p020__nu0p50__psi0p75,hardzero_plus_depr,0.06,30,240,0.0,2,0.137006,0.13718143,0.983624,0.103842705,0.103842705,1.0,0.00017542728,0.0016893558,-26.95078,2.164016,0.7213387,0.17600001,0.0,0.15733829,4.7599964,4.7799964,771200
hardzero_plus_depr__c0p50__z1p00__lam0p020__nu0p50__psi0p75,hardzero_plus_depr,0.06,30,241,0.0,2,0.13718143,0.13738053,0.92213786,0.11963605,0.11963605,1.0,0.0001990989,0.0016642049,-25.545506,2.0287437,0.67624795,0.17600001,0.0,0.14813887,4.7799964,4.7999964,774400
hardzero_plus_depr__c0p50__z1p00__lam0p020__nu0p50__psi0p75,hardzero_plus_depr,0.06,30,242,0.0,2,0.13738053,0.13738053,1.0411447,0.0,0.09096102,0.0,0.0,0.0016394279,-27.437681,2.290564,0.7635214,0.128,0.0,0.1664173,4.7999964,4.8199964,777600
hardzero_plus_depr__c0p50__z1p00__lam0p020__nu0p50__psi0p75,hardzero_plus_depr,0.06,30,243,0.0,2,0.13738053,0.13738053,1.0841569,0.0,0.08238405,0.0,0.0,0.0016150197,-27.664663,2.3851929,0.79506433,0.112,0.0,0.17418683,4.8199964,4.8399963,780800
hardzero_plus_depr__c0p50__z1p00__lam0p020__nu0p50__psi0p75,hardzero_plus_depr,0.06,30,244,0.0,2,0.13738053,0.13738053,1.0411257,0.0,0.090965,0.0,0.0,0.0015909754,-26.776693,2.290522,0.76350737,0.112,0.0,0.1657947,4.8399963,4.8599963,784000
hardzero_plus_depr__c0p50__z1p00__lam0p020__nu0p50__psi0p75,hardzero_plus_depr,0.06,30,245,0.0,2,0.13738053,0.13738053,1.059173,0.0,0.08726237,0.0,0.0,0.0015672891,-26.988466,2.3302271,0.7767424,0.096,0.0,0.1583337,4.8599963,4.8799963,787200
hardzero_plus_depr__c0p50__z1p00__lam0p020__nu0p50__psi0p75,hardzero_plus_depr,0.06,30,246,0.0,2,0.13738053,0.13738053,1.0215502,0.0,0.09515899,0.0,0.0,0.0015439551,-27.30901,2.2474554,0.7491518,0.120000005,0.0,0.16242632,4.8799963,4.8999963,790400
hardzero_plus_depr__c0p50__z1p00__lam0p020__nu0p50__psi0p75,hardzero_plus_depr,0.06,30,247,0.0,2,0.13738053,0.13738053,1.0486963,0.0,0.08939304,0.0,0.0,0.0015209685,-27.165888,2.3071778,0.7690593,0.17,0.0,0.15210819,4.8999963,4.9199963,793600
hardzero_plus_depr__c0p50__z1p00__lam0p020__nu0p50__psi0p75,hardzero_plus_depr,0.06,30,248,0.0,2,0.13738053,0.13738053,1.0612476,0.0,0.08684652,0.0,0.0,0.0014983243,-28.20112,2.3347912,0.77826375,0.112,0.0,0.18768528,4.9199963,4.9399962,796800
hardzero_plus_depr__c0p50__z1p00__lam0p020__nu0p50__psi0p75,hardzero_plus_depr,0.06,30,249,0.0,2,0.13738053,0.13753428,0.9822681,0.10416741,0.10416741,1.0,0.0001537529,0.0014760174,-26.413532,2.161033,0.7203443,0.136,0.0,0.1353217,4.9399962,4.959996,800000
hardzero_plus_depr__c0p50__z1p00__lam0p020__nu0p50__psi0p75,hardzero_plus_depr,0.06,30,250,0.0,2,0.13753428,0.13753428,1.0145514,0.0,0.096704915,0.0,0.0,0.0014540422,-26.2565,2.2320576,0.7440192,0.16000001,0.0,0.15828402,4.959996,4.979996,803200
hardzero_plus_depr__c0p50__z1p00__lam0p020__nu0p50__psi0p75,hardzero_plus_depr,0.06,30,251,0.0,2,0.13753428,0.13753428,1.0114998,0.0,0.09738682,0.0,0.0,0.0014323941,-26.920977,2.225344,0.74178135,0.16000001,0.0,0.17308418,4.979996,4.999996,806400
hardzero_plus_depr__c0p50__z1p00__lam0p020__nu0p50__psi0p75,hardzero_plus_depr,0.06,30,252,0.0,2,0.13753428,0.13753428,1.0642567,0.0,0.08624687,0.0,0.0,0.0014110688,-28.671988,2.3414114,0.7804705,0.136,0.0,0.18340304,4.999996,5.019996,809600
hardzero_plus_depr__c0p50__z1p00__lam0p020__nu0p50__psi0p75,hardzero_plus_depr,0.06,30,253,0.0,2,0.13753428,0.13753428,1.0032935,0.0,0.099244505,0.0,0.0,0.0013900609,-26.036484,2.2072897,0.73576325,0.216,0.0,0.15642586,5.019996,5.039996,812800
hardzero_plus_depr__c0p50__z1p00__lam0p020__nu0p50__psi0p75,hardzero_plus_depr,0.06,30,254,0.0,2,0.13753428,0.13753428,1.0098319,0.0,0.09776154,0.0,0.0,0.0013693655,-26.263086,2.2216744,0.74055815,0.23200001,0.0,0.16057003,5.039996,5.059996,816000
hardzero_plus_depr__c0p50__z1p00__lam0p020__nu0p50__psi0p75,hardzero_plus_depr,0.06,30,255,0.0,2,0.13753428,0.13767575,0.9793167,0.10487773,0.10487773,1.0,0.00014147778,0.0013489783,-26.680521,2.1545398,0.71817994,0.15200001,0.0,0.17618594,5.059996,5.079996,819200
hardzero_plus_depr__c0p50__z1p00__lam0p020__nu0p50__psi0p75,hardzero_plus_depr,0.06,30,256,0.0,2,0.13767575,0.13767575,1.0189133,0.0,0.09573853,0.0,0.0,0.0013288946,-27.332619,2.241654,0.747218,0.15200001,0.0,0.15686034,5.079996,5.099996,822400
hardzero_plus_depr__c0p50__z1p00__lam0p020__nu0p50__psi0p75,hardzero_plus_depr,0.06,30,257,0.0,2,0.13767575,0.13767575,1.0056605,0.0,0.09870507,0.0,0.0,0.0013091101,-26.900444,2.2124972,0.7374991,0.18400002,0.0,0.15604813,5.099996,5.119996,825600
hardzero_plus_depr__c0p50__z1p00__lam0p020__nu0p50__psi0p75,hardzero_plus_depr,0.06,30,258,0.0,2,0.13767575,0.13767575,1.0549914,0.0,0.08810665,0.0,0.0,0.0012896198,-27.751719,2.3210273,0.7736758,0.16000001,0.0,0.14991932,5.119996,5.139996,828800
hardzero_plus_depr__c0p50__z1p00__lam0p020__nu0p50__psi0p75,hardzero_plus_depr,0.06,30,259,0.0,2,0.13767575,0.13780527,0.99160916,0.101950854,0.101950854,1.0,0.00012952038,0.0012704198,-26.612896,2.1815836,0.72719455,0.16000001,0.0,0.17106728,5.139996,5.159996,832000
hardzero_plus_depr__c0p50__z1p00__lam0p020__nu0p50__psi0p75,hardzero_plus_depr,0.06,30,260,0.0,2,0.13780527,0.13780527,1.0322963,0.0,0.09283329,0.0,0.0,0.0012515058,-26.982574,2.2710972,0.7570324,0.12,0.0,0.15699163,5.159996,5.179996,835200
hardzero_plus_depr__c0p50__z1p00__lam0p020__nu0p50__psi0p75,hardzero_plus_depr,0.06,30,261,0.0,2,0.13780527,0.13780527,1.0118084,0.0,0.09731766,0.0,0.0,0.0012328735,-26.940296,2.226023,0.7420077,0.17600001,0.0,0.16268088,5.179996,5.199996,838400
hardzero_plus_depr__c0p50__z1p00__lam0p020__nu0p50__psi0p75,hardzero_plus_depr,0.06,30,262,0.0,2,0.13780527,0.1379286,0.9933261,0.10154859,0.10154859,1.0,0.00012333263,0.0012145184,-26.71571,2.1853611,0.72845376,0.120000005,0.0,0.14348048,5.199996,5.219996,841600
hardzero_plus_depr__c0p50__z1p00__lam0p020__nu0p50__psi0p75,hardzero_plus_depr,0.06,30,263,0.0,2,0.1379286,0.13805698,0.96943516,0.10729137,0.10729137,1.0,0.00012836729,0.0011964364,-25.881075,2.1327999,0.7109333,0.136,0.0,0.13771875,5.219996,5.239996,844800
hardzero_plus_depr__c0p50__z1p00__lam0p020__nu0p50__psi0p75,hardzero_plus_depr,0.06,30,264,0.0,2,0.13805698,0.13818526,0.9631866,0.108846225,0.108846225,1.0,0.00012828877,0.001178624,-26.56415,2.119053,0.706351,0.2,0.0,0.13288867,5.239996,5.259996,848000
hardzero_plus_depr__c0p50__z1p00__lam0p020__nu0p50__psi0p75,hardzero_plus_depr,0.06,30,265,0.0,2,0.13818526,0.13818526,1.0653784,0.0,0.08602438,0.0,0.0,0.0011610766,-27.827524,2.3438795,0.78129315,0.128,0.0,0.1733708,5.259996,5.279996,851200
hardzero_plus_depr__c0p50__z1p00__lam0p020__nu0p50__psi0p75,hardzero_plus_depr,0.06,30,266,0.0,2,0.13818526,0.13818526,1.0047466,0.0,0.09891301,0.0,0.0,0.0011437903,-26.456799,2.2104867,0.7368289,0.16000001,0.0,0.16360234,5.279996,5.299996,854400
hardzero_plus_depr__c0p50__z1p00__lam0p020__nu0p50__psi0p75,hardzero_plus_depr,0.06,30,267,0.0,2,0.13818526,0.13830249,0.98278964,0.10404239,0.10404239,1.0,0.00011723095,0.0011267614,-27.250912,2.1621804,0.72072685,0.14400001,0.0,0.15133579,5.299996,5.319996,857600
hardzero_plus_depr__c0p50__z1p00__lam0p020__nu0p50__psi0p75,hardzero_plus_depr,0.06,30,268,0.0,2,0.13830249,0.13841598,0.99034816,0.10224729,0.10224729,1.0,0.000113493086,0.0011099862,-26.573996,2.1788094,0.72626984,0.136,0.0,0.15050268,5.319996,5.339996,860800
hardzero_plus_depr__c0p50__z1p00__lam0p020__nu0p50__psi0p75,hardzero_plus_depr,0.06,30,269,0.0,2,0.13841598,0.13853164,0.97560704,0.10577742,0.10577742,1.0,0.00011566347,0.0010934608,-26.276749,2.1463783,0.71545947,0.112,0.0,0.13196714,5.339996,5.359996,864000
hardzero_plus_depr__c0p50__z1p00__lam0p020__nu0p50__psi0p75,hardzero_plus_depr,0.06,30,270,0.0,2,0.13853164,0.13853164,1.0691184,0.0,0.08528677,0.0,0.0,0.0010771815,-28.097744,2.3521073,0.7840358,0.080000006,0.0,0.16369641,5.359996,5.379996,867200
hardzero_plus_depr__c0p50__z1p00__lam0p020__nu0p50__psi0p75,hardzero_plus_depr,0.06,30,271,0.0,2,0.13853164,0.13853164,1.0086315,0.0,0.09803216,0.0,0.0,0.0010611439,-26.707283,2.2190335,0.73967785,0.136,0.0,0.14868149,5.379996,5.399996,870400
hardzero_plus_depr__c0p50__z1p00__lam0p020__nu0p50__psi0p75,hardzero_plus_depr,0.06,30,272,0.0,2,0.13853164,0.13853164,1.0383888,0.0,0.09154004,0.0,0.0,0.0010453457,-27.344927,2.284501,0.76150036,0.15200001,0.0,0.16006207,5.399996,5.419996,873600
hardzero_plus_depr__c0p50__z1p00__lam0p020__nu0p50__psi0p75,hardzero_plus_depr,0.06,30,273,0.0,2,0.13853164,0.13864112,0.973441,0.10630629,0.10630629,1.0,0.00010947237,0.0010297826,-25.874718,2.141613,0.713871,0.19,0.0,0.15368313,5.419996,5.439996,876800
hardzero_plus_depr__c0p50__z1p00__lam0p020__nu0p50__psi0p75,hardzero_plus_depr,0.06,30,274,0.0,2,0.13864112,0.13874286,0.9986934,0.10030131,0.10030131,1.0,0.00010175075,0.0010144509,-26.401764,2.1971693,0.7323898,0.17600001,0.0,0.16770822,5.439996,5.4599957,880000
hardzero_plus_depr__c0p50__z1p00__lam0p020__nu0p50__psi0p75,hardzero_plus_depr,0.06,30,275,0.0,2,0.13874286,0.13874286,1.0136915,0.0,0.09689658,0.0,0.0,0.0009993479,-27.748177,2.230166,0.74338865,0.17600001,0.0,0.16966824,5.4599957,5.4799957,883200
hardzero_plus_depr__c0p50__z1p00__lam0p020__nu0p50__psi0p75,hardzero_plus_depr,0.06,30,276,0.0,2,0.13874286,0.13874286,1.0522776,0.0,0.08865892,0.0,0.0,0.0009844695,-28.26676,2.3150568,0.7716856,0.128,0.0,0.17447042,5.4799957,5.4999957,886400
hardzero_plus_depr__c0p50__z1p00__lam0p020__nu0p50__psi0p75,hardzero_plus_depr,0.06,30,277,0.0,2,0.13874286,0.13874286,1.076461,0.0,0.08385695,0.0,0.0,0.0009698129,-27.91756,2.3682613,0.7894205,0.15200001,0.0,0.17489678,5.4999957,5.5199957,889600
hardzero_plus_depr__c0p50__z1p00__lam0p020__nu0p50__psi0p75,hardzero_plus_depr,0.06,30,278,0.0,2,0.13874286,0.13874286,1.0390675,0.0,0.09139711,0.0,0.0,0.00095537433,-27.92687,2.285994,0.76199806,0.128,0.0,0.1592743,5.5199957,5.5399957,892800
hardzero_plus_depr__c0p50__z1p00__lam0p020__nu0p50__psi0p75,hardzero_plus_depr,0.06,30,279,0.0,2,0.13874286,0.13874286,1.0824466,0.0,0.08270911,0.0,0.0,0.00094115036,-27.938068,2.38143,0.79381,0.112,0.0,0.16199535,5.5399957,5.5599957,896000
hardzero_plus_depr__c0p50__z1p00__lam0p020__nu0p50__psi0p75,hardzero_plus_depr,0.06,30,280,0.0,2,0.13874286,0.13883762,0.9905496,0.10219986,0.10219986,1.0,9.4753435e-05,0.0009271386,-25.85622,2.1792526,0.72641754,0.18400002,0.0,0.15325657,5.5599957,5.5799956,899200
hardzero_plus_depr__c0p50__z1p00__lam0p020__nu0p50__psi0p75,hardzero_plus_depr,0.06,30,281,0.0,2,0.13883762,0.13883762,1.010131,0.0,0.09769423,0.0,0.0,0.0009133355,-26.63951,2.2223325,0.7407775,0.16800001,0.0,0.14438963,5.5799956,5.5999956,902400
hardzero_plus_depr__c0p50__z1p00__lam0p020__nu0p50__psi0p75,hardzero_plus_depr,0.06,30,282,0.0,2,0.13883762,0.13883762,1.0124555,0.0,0.097172745,0.0,0.0,0.0008997374,-26.840841,2.2274466,0.7424822,0.15200001,0.0,0.18463458,5.5999956,5.6199956,905600
hardzero_plus_depr__c0p50__z1p00__lam0p020__nu0p50__psi0p75,hardzero_plus_depr,0.06,30,283,0.0,2,0.13883762,0.13893065,0.9789746,0.104960375,0.104960375,1.0,9.3030794e-05,0.0008863421,-26.138947,2.1537871,0.71792907,0.17600001,0.0,0.1418208,5.6199956,5.6399956,908800
hardzero_plus_depr__c0p50__z1p00__lam0p020__nu0p50__psi0p75,hardzero_plus_depr,0.06,30,284,0.0,2,0.13893065,0.13893065,1.0184284,0.0,0.09584547,0.0,0.0,0.00087314635,-26.48825,2.2405872,0.7468624,0.16000001,0.0,0.14608169,5.6399956,5.6599956,912000
hardzero_plus_depr__c0p50__z1p00__lam0p020__nu0p50__psi0p75,hardzero_plus_depr,0.06,30,285,0.0,2,0.13893065,0.13893065,1.0074518,0.0,0.09829881,0.0,0.0,0.00086014695,-26.445492,2.216438,0.7388127,0.18400002,0.0,0.1550595,5.6599956,5.6799955,915200
hardzero_plus_depr__c0p50__z1p00__lam0p020__nu0p50__psi0p75,hardzero_plus_depr,0.06,30,286,0.0,2,0.13893065,0.13893065,1.0092696,0.0,0.09788822,0.0,0.0,0.0008473412,-26.69659,2.2204375,0.74014586,0.16,0.0,0.14228998,5.6799955,5.6999955,918400
hardzero_plus_depr__c0p50__z1p00__lam0p020__nu0p50__psi0p75,hardzero_plus_depr,0.06,30,287,0.0,2,0.13893065,0.1390217,0.962254,0.10908022,0.10908022,1.0,9.105206e-05,0.0008347257,-26.41164,2.117001,0.705667,0.24000001,0.0,0.14449859,5.6999955,5.7199955,921600
hardzero_plus_depr__c0p50__z1p00__lam0p020__nu0p50__psi0p75,hardzero_plus_depr,0.06,30,288,0.0,2,0.1390217,0.1390217,1.0843086,0.0,0.08235526,0.0,0.0,0.0008222983,-27.812826,2.3855267,0.79517555,0.08800001,0.0,0.1882325,5.7199955,5.7399955,924800
hardzero_plus_depr__c0p50__z1p00__lam0p020__nu0p50__psi0p75,hardzero_plus_depr,0.06,30,289,0.0,2,0.1390217,0.13911033,0.9609571,0.109406434,0.109406434,1.0,8.862534e-05,0.000810056,-26.759129,2.114148,0.70471597,0.16000001,0.0,0.15725014,5.7399955,5.7599955,928000
hardzero_plus_depr__c0p50__z1p00__lam0p020__nu0p50__psi0p75,hardzero_plus_depr,0.06,30,290,0.0,2,0.13911033,0.13911033,1.0456681,0.0,0.09001852,0.0,0.0,0.00079799554,-27.826141,2.300516,0.76683867,0.136,0.0,0.14312653,5.7599955,5.7799954,931200
hardzero_plus_depr__c0p50__z1p00__lam0p020__nu0p50__psi0p75,hardzero_plus_depr,0.06,30,291,0.0,2,0.13911033,0.13911033,1.091103,0.0,0.081076875,0.0,0.0,0.00078611507,-28.26666,2.4004745,0.8001582,0.112,0.0,0.1785967,5.7799954,5.7999954,934400
hardzero_plus_depr__c0p50__z1p00__lam0p020__nu0p50__psi0p75,hardzero_plus_depr,0.06,30,292,0.0,2,0.13911033,0.13919133,0.9804806,0.104597025,0.104597025,1.0,8.100113e-05,0.0007744114,-27.188988,2.1571004,0.7190335,0.208,0.0,0.15734018,5.7999954,5.8199954,937600
hardzero_plus_depr__c0p50__z1p00__lam0p020__nu0p50__psi0p75,hardzero_plus_depr,0.06,30,293,0.0,2,0.13919133,0.13919133,1.0387937,0.0,0.09145477,0.0,0.0,0.000762882,-28.042976,2.2853918,0.7617973,0.23200001,0.0,0.18206862,5.8199954,5.8399954,940800
hardzero_plus_depr__c0p50__z1p00__lam0p020__nu0p50__psi0p75,hardzero_plus_depr,0.06,30,294,0.0,2,0.13919133,0.13919133,1.0103197,0.0,0.0976518,0.0,0.0,0.00075152435,-27.001345,2.2227478,0.74091595,0.2,0.0,0.19229525,5.8399954,5.8599954,944000
hardzero_plus_depr__c0p50__z1p00__lam0p020__nu0p50__psi0p75,hardzero_plus_depr,0.06,30,295,0.0,2,0.13919133,0.13919133,1.0477862,0.0,0.08958056,0.0,0.0,0.0007403353,-27.164238,2.3051758,0.76839197,0.16000001,0.0,0.19150068,5.8599954,5.8799953,947200
hardzero_plus_depr__c0p50__z1p00__lam0p020__nu0p50__psi0p75,hardzero_plus_depr,0.06,30,296,0.0,2,0.13919133,0.13926831,0.9765183,0.10555569,0.10555569,1.0,7.698316e-05,0.00072931324,-26.463516,2.1483831,0.71612775,0.24000001,0.0,0.15355125,5.8799953,5.8999953,950400
hardzero_plus_depr__c0p50__z1p00__lam0p020__nu0p50__psi0p75,hardzero_plus_depr,0.06,30,297,0.0,2,0.13926831,0.13926831,1.0158757,0.0,0.0964105,0.0,0.0,0.0007184553,-26.617918,2.2349713,0.74499047,0.14400001,0.0,0.16119348,5.8999953,5.9199953,953600
hardzero_plus_depr__c0p50__z1p00__lam0p020__nu0p50__psi0p75,hardzero_plus_depr,0.06,30,298,0.0,2,0.13926831,0.13926831,1.0425159,0.0,0.09067428,0.0,0.0,0.00070775865,-28.03649,2.2935808,0.76452696,0.15200001,0.0,0.15487371,5.9199953,5.9399953,956800
hardzero_plus_depr__c0p50__z1p00__lam0p020__nu0p50__psi0p75,hardzero_plus_depr,0.06,30,299,0.0,2,0.13926831,0.13933943,0.9913636,0.1020085,0.1020085,1.0,7.112252e-05,0.00069722155,-27.854715,2.1810434,0.7270145,0.17,0.0,0.155687,5.9399953,5.9599953,960000
hardzero_plus_depr__c0p50__z1p00__lam0p020__nu0p50__psi0p75,hardzero_plus_depr,0.06,30,300,0.0,2,0.13933943,0.13941117,0.98110074,0.10444779,0.10444779,1.0,7.1739065e-05,0.0006868414,-26.737093,2.1584647,0.71948826,0.192,0.0,0.1890066,5.9599953,5.9799953,963200
hardzero_plus_depr__c0p50__z1p00__lam0p020__nu0p50__psi0p75,hardzero_plus_depr,0.06,30,301,0.0,2,0.13941117,0.13941117,1.0221591,0.0,0.09502565,0.0,0.0,0.0006766157,-28.09957,2.248795,0.7495984,0.14400001,0.0,0.16537507,5.9799953,5.999995,966400
hardzero_plus_depr__c0p50__z1p00__lam0p020__nu0p50__psi0p75,hardzero_plus_depr,0.06,30,302,0.0,2,0.13941117,0.13947856,0.9951462,0.1011239,0.1011239,1.0,6.740336e-05,0.0006665423,-26.633808,2.1893654,0.7297885,0.17600001,0.0,0.18067576,5.999995,6.019995,969600
hardzero_plus_depr__c0p50__z1p00__lam0p020__nu0p50__psi0p75,hardzero_plus_depr,0.06,30,303,0.0,2,0.13947856,0.13954787,0.9765348,0.1055517,0.1055517,1.0,6.930721e-05,0.00065661856,-26.708055,2.1484194,0.7161398,0.192,0.0,0.14028315,6.019995,6.039995,972800
hardzero_plus_depr__c0p50__z1p00__lam0p020__nu0p50__psi0p75,hardzero_plus_depr,0.06,30,304,0.0,2,0.13954787,0.13961565,0.97969854,0.10478556,0.10478556,1.0,6.77798e-05,0.00064684293,-25.864,2.1553798,0.71845996,0.104,0.0,0.14155255,6.039995,6.059995,976000
hardzero_plus_depr__c0p50__z1p00__lam0p020__nu0p50__psi0p75,hardzero_plus_depr,0.06,30,305,0.0,2,0.13961565,0.13968343,0.9732065,0.10636372,0.10636372,1.0,6.777632e-05,0.0006372127,-26.177013,2.141097,0.71369904,0.18400002,0.0,0.17353116,6.059995,6.079995,979200
hardzero_plus_depr__c0p50__z1p00__lam0p020__nu0p50__psi0p75,hardzero_plus_depr,0.06,30,306,0.0,2,0.13968343,0.13968343,1.0529706,0.0,0.08851753,0.0,0.0,0.0006277256,-28.465773,2.3165817,0.7721939,0.120000005,0.0,0.18343702,6.079995,6.099995,982400
hardzero_plus_depr__c0p50__z1p00__lam0p020__nu0p50__psi0p75,hardzero_plus_depr,0.06,30,307,0.0,2,0.13968343,0.13968343,1.0077536,0.0,0.09823051,0.0,0.0,0.00061838015,-26.948019,2.2171023,0.7390341,0.18400002,0.008,0.15541615,6.099995,6.119995,985600
hardzero_plus_depr__c0p50__z1p00__lam0p020__nu0p50__psi0p75,hardzero_plus_depr,0.06,30,308,0.0,2,0.13968343,0.13968343,1.0576541,0.0,0.087568074,0.0,0.0,0.0006091737,-27.974531,2.3268855,0.7756285,0.16000001,0.0,0.15407649,6.119995,6.139995,988800
hardzero_plus_depr__c0p50__z1p00__lam0p020__nu0p50__psi0p75,hardzero_plus_depr,0.06,30,309,0.0,2,0.13968343,0.13968343,1.0120947,0.0,0.0972535,0.0,0.0,0.0006001044,-26.417969,2.2266529,0.74221766,0.208,0.0,0.14076222,6.139995,6.159995,992000
hardzero_plus_depr__c0p50__z1p00__lam0p020__nu0p50__psi0p75,hardzero_plus_depr,0.06,30,310,0.0,2,0.13968343,0.13968343,1.0451379,0.0,0.0901285,0.0,0.0,0.0005911701,-27.548197,2.2993493,0.7664498,0.216,0.0,0.15771048,6.159995,6.179995,995200
hardzero_plus_depr__c0p50__z1p00__lam0p020__nu0p50__psi0p75,hardzero_plus_depr,0.06,30,311,0.0,2,0.13968343,0.13974768,0.957335,0.110322736,0.110322736,1.0,6.424848e-05,0.00058236846,-27.42187,2.106179,0.7020597,0.16800001,0.0,0.14754595,6.179995,6.199995,998400
hardzero_plus_depr__c0p50__z1p00__lam0p020__nu0p50__psi0p75,hardzero_plus_depr,0.06,30,312,0.0,2,0.13974768,0.13974768,1.0086348,0.0,0.09803139,0.0,0.0,0.00057369826,-27.207197,2.2190409,0.7396803,0.16,0.0,0.17112973,6.199995,6.219995,1001600
hardzero_plus_depr__c0p50__z1p00__lam0p020__nu0p50__psi0p75,hardzero_plus_depr,0.06,30,313,0.0,2,0.13974768,0.13974768,1.0100211,0.0,0.09771898,0.0,0.0,0.0005651571,-27.056526,2.2220907,0.7406969,0.18400002,0.0,0.151306,6.219995,6.239995,1004800
hardzero_plus_depr__c0p50__z1p00__lam0p020__nu0p50__psi0p75,hardzero_plus_depr,0.06,30,314,0.0,2,0.13974768,0.13974768,1.0369413,0.0,0.091845684,0.0,0.0,0.0005567428,-26.49207,2.2813165,0.76043886,0.16000001,0.0,0.15385045,6.239995,6.259995,1008000
hardzero_plus_depr__c0p50__z1p00__lam0p020__nu0p50__psi0p75,hardzero_plus_depr,0.06,30,315,0.0,2,0.13974768,0.13974768,1.0227509,0.0,0.094896264,0.0,0.0,0.000548454,-27.980831,2.2500968,0.7500323,0.112,0.0,0.16895813,6.259995,6.279995,1011200
hardzero_plus_depr__c0p50__z1p00__lam0p020__nu0p50__psi0p75,hardzero_plus_depr,0.06,30,316,0.0,2,0.13974768,0.13980421,0.9803402,0.10463085,0.10463085,1.0,5.6530866e-05,0.0005402887,-27.09918,2.1567914,0.7189305,0.17600001,0.0,0.15748993,6.279995,6.299995,1014400
hardzero_plus_depr__c0p50__z1p00__lam0p020__nu0p50__psi0p75,hardzero_plus_depr,0.06,30,317,0.0,2,0.13980421,0.13980421,1.0334411,0.0,0.0925889,0.0,0.0,0.0005322449,-27.896849,2.2736158,0.757872,0.112,0.0,0.16609065,6.299995,6.319995,1017600
hardzero_plus_depr__c0p50__z1p00__lam0p020__nu0p50__psi0p75,hardzero_plus_depr,0.06,30,318,0.0,2,0.13980421,0.13985683,0.99845076,0.10035736,0.10035736,1.0,5.261946e-05,0.0005243209,-26.961208,2.1966355,0.7322118,0.18400002,0.0,0.16528435,6.319995,6.339995,1020800
hardzero_plus_depr__c0p50__z1p00__lam0p020__nu0p50__psi0p75,hardzero_plus_depr,0.06,30,319,0.0,2,0.13985683,0.13991423,0.9541825,0.11112647,0.11112647,1.0,5.7398436e-05,0.0005165145,-25.573456,2.0992434,0.6997478,0.17600001,0.0,0.15403801,6.339995,6.359995,1024000
hardzero_plus_depr__c0p50__z1p00__lam0p020__nu0p50__psi0p75,hardzero_plus_depr,0.06,30,320,0.0,2,0.13991423,0.13996665,0.98708546,0.10301833,0.10301833,1.0,5.2418276e-05,0.00050882477,-26.764107,2.1716313,0.72387713,0.14400001,0.0,0.17040116,6.359995,6.379995,1027200
hardzero_plus_depr__c0p50__z1p00__lam0p020__nu0p50__psi0p75,hardzero_plus_depr,0.06,30,321,0.0,2,0.13996665,0.13996665,1.0092254,0.0,0.097898185,0.0,0.0,0.0005012494,-26.543392,2.2203403,0.74011344,0.112,0.0,0.14632855,6.379995,6.399995,1030400
hardzero_plus_depr__c0p50__z1p00__lam0p020__nu0p50__psi0p75,hardzero_plus_depr,0.06,30,322,0.0,2,0.13996665,0.13996665,1.0046332,0.0,0.09893884,0.0,0.0,0.00049378665,-26.713669,2.210237,0.7367457,0.14400001,0.0,0.15968485,6.399995,6.419995,1033600
hardzero_plus_depr__c0p50__z1p00__lam0p020__nu0p50__psi0p75,hardzero_plus_depr,0.06,30,323,0.0,2,0.13996665,0.13996665,1.0141075,0.0,0.09680383,0.0,0.0,0.00048643514,-27.446737,2.231081,0.7436937,0.16800001,0.0,0.15439896,6.419995,6.439995,1036800
hardzero_plus_depr__c0p50__z1p00__lam0p020__nu0p50__psi0p75,hardzero_plus_depr,0.06,30,324,0.0,2,0.13996665,0.13996665,1.021984,0.0,0.09506397,0.0,0.0,0.0004791931,-27.515806,2.2484097,0.74946994,0.15200001,0.0,0.16343851,6.439995,6.459995,1040000
hardzero_plus_depr__c0p50__z1p00__lam0p020__nu0p50__psi0p75,hardzero_plus_depr,0.06,30,325,0.0,2,0.13996665,0.14001773,0.9656736,0.10822469,0.10822469,1.0,5.1088435e-05,0.00047205895,-27.123274,2.1245244,0.7081748,0.17999999,0.0,0.15590475,6.459995,6.479995,1043200
hardzero_plus_depr__c0p50__z1p00__lam0p020__nu0p50__psi0p75,hardzero_plus_depr,0.06,30,326,0.0,2,0.14001773,0.14001773,1.0166816,0.0,0.096231766,0.0,0.0,0.0004650309,-27.796854,2.2367442,0.7455814,0.136,0.0,0.14786838,6.479995,6.4999948,1046400
hardzero_plus_depr__c0p50__z1p00__lam0p020__nu0p50__psi0p75,hardzero_plus_depr,0.06,30,327,0.0,2,0.14001773,0.14001773,1.0329862,0.0,0.09268593,0.0,0.0,0.0004581074,-26.64027,2.272615,0.7575383,0.136,0.0,0.14662364,6.4999948,6.5199947,1049600
hardzero_plus_depr__c0p50__z1p00__lam0p020__nu0p50__psi0p75,hardzero_plus_depr,0.06,30,328,0.0,2,0.14001773,0.1400666,0.96542823,0.10828586,0.10828586,1.0,4.8868016e-05,0.00045128714,-25.995804,2.1239846,0.7079949,0.16800001,0.0,0.13366659,6.5199947,6.5399947,1052800
hardzero_plus_depr__c0p50__z1p00__lam0p020__nu0p50__psi0p75,hardzero_plus_depr,0.06,30,329,0.0,2,0.1400666,0.1400666,1.0514138,0.0,0.088835426,0.0,0.0,0.00044456837,-27.723686,2.3131566,0.77105224,0.16000001,0.0,0.14907622,6.5399947,6.5599947,1056000
hardzero_plus_depr__c0p50__z1p00__lam0p020__nu0p50__psi0p75,hardzero_plus_depr,0.06,30,330,0.0,2,0.1400666,0.14011055,0.9983623,0.10037779,0.10037779,1.0,4.39604e-05,0.00043794946,-27.183702,2.196441,0.732147,0.18400002,0.0,0.16185048,6.5599947,6.5799947,1059200
hardzero_plus_depr__c0p50__z1p00__lam0p020__nu0p50__psi0p75,hardzero_plus_depr,0.06,30,331,0.0,2,0.14011055,0.14015512,0.9858992,0.10330012,0.10330012,1.0,4.45667e-05,0.0004314293,-27.29135,2.1690216,0.7230072,0.136,0.0,0.16154833,6.5799947,6.5999947,1062400
hardzero_plus_depr__c0p50__z1p00__lam0p020__nu0p50__psi0p75,hardzero_plus_depr,0.06,30,332,0.0,2,0.14015512,0.14020112,0.96569234,0.10822004,0.10822004,1.0,4.5994188e-05,0.0004250062,-26.36698,2.1245656,0.70818853,0.224,0.0,0.15185934,6.5999947,6.6199946,1065600
hardzero_plus_depr__c0p50__z1p00__lam0p020__nu0p50__psi0p75,hardzero_plus_depr,0.06,30,333,0.0,2,0.14020112,0.14020112,1.058902,0.0,0.08731682,0.0,0.0,0.00041867877,-27.32652,2.3296309,0.7765436,0.096,0.0,0.16180883,6.6199946,6.6399946,1068800
hardzero_plus_depr__c0p50__z1p00__lam0p020__nu0p50__psi0p75,hardzero_plus_depr,0.06,30,334,0.0,2,0.14020112,0.14020112,1.0165856,0.0,0.09625304,0.0,0.0,0.00041244552,-27.124,2.236533,0.745511,0.136,0.0,0.14897054,6.6399946,6.6599946,1072000
hardzero_plus_depr__c0p50__z1p00__lam0p020__nu0p50__psi0p75,hardzero_plus_depr,0.06,30,335,0.0,2,0.14020112,0.14020112,1.0091507,0.0,0.09791499,0.0,0.0,0.00040630484,-26.948238,2.220176,0.74005866,0.16000001,0.0,0.14066972,6.6599946,6.6799946,1075200
hardzero_plus_depr__c0p50__z1p00__lam0p020__nu0p50__psi0p75,hardzero_plus_depr,0.06,30,336,0.0,2,0.14020112,0.14020112,1.0273416,0.0,0.09389844,0.0,0.0,0.0004002558,-27.424799,2.2601967,0.7533989,0.17600001,0.0,0.17935969,6.6799946,6.6999946,1078400
hardzero_plus_depr__c0p50__z1p00__lam0p020__nu0p50__psi0p75,hardzero_plus_depr,0.06,30,337,0.0,2,0.14020112,0.14024152,0.98954415,0.10243676,0.10243676,1.0,4.0390485e-05,0.0003942968,-27.044342,2.1770406,0.72568023,0.16000001,0.0,0.12822345,6.6999946,6.7199945,1081600
hardzero_plus_depr__c0p50__z1p00__lam0p020__nu0p50__psi0p75,hardzero_plus_depr,0.06,30,338,0.0,2,0.14024152,0.14028239,0.9779394,0.10521085,0.10521085,1.0,4.086667e-05,0.0003884264,-26.197649,2.1515098,0.71716994,0.16,0.0,0.13847026,6.7199945,6.7399945,1084800
hardzero_plus_depr__c0p50__z1p00__lam0p020__nu0p50__psi0p75,hardzero_plus_depr,0.06,30,339,0.0,2,0.14028239,0.14028239,1.0127548,0.0,0.0971058,0.0,0.0,0.0003826435,-26.98308,2.228105,0.7427017,0.18400002,0.0,0.18852788,6.7399945,6.7599945,1088000
hardzero_plus_depr__c0p50__z1p00__lam0p020__nu0p50__psi0p75,hardzero_plus_depr,0.06,30,340,0.0,2,0.14028239,0.14028239,1.074614,0.0,0.08421433,0.0,0.0,0.00037694676,-27.449654,2.3641982,0.7880661,0.120000005,0.0,0.17122473,6.7599945,6.7799945,1091200
hardzero_plus_depr__c0p50__z1p00__lam0p020__nu0p50__psi0p75,hardzero_plus_depr,0.06,30,341,0.0,2,0.14028239,0.14032438,0.94662887,0.113076195,0.113076195,1.0,4.1989126e-05,0.00037133478,-26.475351,2.0826252,0.6942084,0.24000001,0.0,0.18882507,6.7799945,6.7999945,1094400
hardzero_plus_depr__c0p50__z1p00__lam0p020__nu0p50__psi0p75,hardzero_plus_depr,0.06,30,342,0.0,2,0.14032438,0.14032438,1.0118768,0.0,0.097302325,0.0,0.0,0.0003658064,-27.024473,2.2261734,0.7420578,0.16800001,0.0,0.13339694,6.7999945,6.8199944,1097600
hardzero_plus_depr__c0p50__z1p00__lam0p020__nu0p50__psi0p75,hardzero_plus_depr,0.06,30,343,0.0,2,0.14032438,0.14032438,1.006739,0.0,0.09846025,0.0,0.0,0.0003603601,-27.24575,2.21487,0.73829,0.15200001,0.0,0.18594776,6.8199944,6.8399944,1100800
hardzero_plus_depr__c0p50__z1p00__lam0p020__nu0p50__psi0p75,hardzero_plus_depr,0.06,30,344,0.0,2,0.14032438,0.14036015,0.99687105,0.10072307,0.10072307,1.0,3.57562e-05,0.0003549951,-26.320877,2.19316,0.73105335,0.192,0.0,0.13513638,6.8399944,6.8599944,1104000
hardzero_plus_depr__c0p50__z1p00__lam0p020__nu0p50__psi0p75,hardzero_plus_depr,0.06,30,345,0.0,2,0.14036015,0.14036015,1.0233519,0.0,0.094765015,0.0,0.0,0.00034970994,-26.867693,2.251419,0.750473,0.14400001,0.0,0.16789894,6.8599944,6.8799944,1107200
hardzero_plus_depr__c0p50__z1p00__lam0p020__nu0p50__psi0p75,hardzero_plus_depr,0.06,30,346,0.0,2,0.14036015,0.14036015,1.0679561,0.0,0.08551532,0.0,0.0,0.00034450335,-27.819283,2.3495502,0.78318346,0.120000005,0.0,0.1899378,6.8799944,6.8999944,1110400
hardzero_plus_depr__c0p50__z1p00__lam0p020__nu0p50__psi0p75,hardzero_plus_depr,0.06,30,347,0.0,2,0.14036015,0.14036015,1.0418893,0.0,0.090805195,0.0,0.0,0.00033937438,-27.549767,2.2922022,0.7640674,0.136,0.0,0.16277066,6.8999944,6.9199944,1113600
hardzero_plus_depr__c0p50__z1p00__lam0p020__nu0p50__psi0p75,hardzero_plus_depr,0.06,30,348,0.0,2,0.14036015,0.14036015,1.0357376,0.0,0.092100576,0.0,0.0,0.0003343218,-27.593735,2.2786682,0.75955606,0.104,0.0,0.15467738,6.9199944,6.9399943,1116800
hardzero_plus_depr__c0p50__z1p00__lam0p020__nu0p50__psi0p75,hardzero_plus_depr,0.06,30,349,0.0,2,0.14036015,0.14036015,1.0201886,0.0,0.0954578,0.0,0.0,0.00032934448,-27.069717,2.2444596,0.7481532,0.136,0.0,0.13808635,6.9399943,6.9599943,1120000
hardzero_plus_depr__c0p50__z1p00__lam0p020__nu0p50__psi0p75,hardzero_plus_depr,0.06,30,350,0.0,2,0.14036015,0.1403944,0.97646886,0.10556772,0.10556772,1.0,3.4250523e-05,0.00032444124,-26.707348,2.1482744,0.7160915,0.18400002,0.0,0.15134396,6.9599943,6.9799943,1123200
hardzero_plus_depr__c0p50__z1p00__lam0p020__nu0p50__psi0p75,hardzero_plus_depr,0.06,30,351,0.0,2,0.1403944,0.1403944,1.0402726,0.0,0.09114386,0.0,0.0,0.0003196108,-27.526613,2.2886455,0.7628819,0.16,0.0,0.15191917,6.9799943,6.9999943,1126400
hardzero_plus_depr__c0p50__z1p00__lam0p020__nu0p50__psi0p75,hardzero_plus_depr,0.06,30,352,0.0,2,0.1403944,0.1403944,1.0138204,0.0,0.09686783,0.0,0.0,0.00031485246,-27.762928,2.2304494,0.7434832,0.16000001,0.0,0.16805108,6.9999943,7.0199943,1129600
hardzero_plus_depr__c0p50__z1p00__lam0p020__nu0p50__psi0p75,hardzero_plus_depr,0.06,30,353,0.0,2,0.1403944,0.14042805,0.96462363,0.10848667,0.10848667,1.0,3.3648765e-05,0.00031016496,-26.560081,2.1222143,0.7074048,0.16800001,0.0,0.14359452,7.0199943,7.0399942,1132800
hardzero_plus_depr__c0p50__z1p00__lam0p020__nu0p50__psi0p75,hardzero_plus_depr,0.06,30,354,0.0,2,0.14042805,0.14042805,1.0225323,0.0,0.094944015,0.0,0.0,0.0003055471,-27.347706,2.2496161,0.7498721,0.14400001,0.0,0.1752314,7.0399942,7.059994,1136000
hardzero_plus_depr__c0p50__z1p00__lam0p020__nu0p50__psi0p75,hardzero_plus_depr,0.06,30,355,0.0,2,0.14042805,0.14042805,1.045557,0.0,0.090041555,0.0,0.0,0.00030099813,-27.595924,2.3002713,0.76675713,0.136,0.0,0.1426517,7.059994,7.079994,1139200
hardzero_plus_depr__c0p50__z1p00__lam0p020__nu0p50__psi0p75,hardzero_plus_depr,0.06,30,356,0.0,2,0.14042805,0.14045876,0.9847603,0.103571355,0.103571355,1.0,3.071066e-05,0.00029651693,-26.83349,2.1665158,0.72217196,0.15200001,0.0,0.1662409,7.079994,7.099994,1142400
hardzero_plus_depr__c0p50__z1p00__lam0p020__nu0p50__psi0p75,hardzero_plus_depr,0.06,30,357,0.0,2,0.14045876,0.14048871,0.9892261,0.102511816,0.102511816,1.0,2.9943943e-05,0.00029210237,-26.989252,2.1763408,0.72544694,0.16800001,0.0,0.15414605,7.099994,7.119994,1145600
hardzero_plus_depr__c0p50__z1p00__lam0p020__nu0p50__psi0p75,hardzero_plus_depr,0.06,30,358,0.0,2,0.14048871,0.14048871,1.0046558,0.0,0.098933674,0.0,0.0,0.0002877536,-27.656492,2.2102869,0.7367623,0.192,0.0,0.17675199,7.119994,7.139994,1148800
hardzero_plus_depr__c0p50__z1p00__lam0p020__nu0p50__psi0p75,hardzero_plus_depr,0.06,30,359,0.0,2,0.14048871,0.14048871,1.0523226,0.0,0.08864973,0.0,0.0,0.0002834694,-27.283735,2.315156,0.7717187,0.128,0.0,0.1685243,7.139994,7.159994,1152000
hardzero_plus_depr__c0p50__z1p00__lam0p020__nu0p50__psi0p75,hardzero_plus_depr,0.06,30,360,0.0,2,0.14048871,0.1405175,0.9867155,0.10310612,0.10310612,1.0,2.879229e-05,0.0002792491,-26.733673,2.1708174,0.7236058,0.224,0.0,0.15940036,7.159994,7.179994,1155200
hardzero_plus_depr__c0p50__z1p00__lam0p020__nu0p50__psi0p75,hardzero_plus_depr,0.06,30,361,0.0,2,0.1405175,0.1405175,1.0123861,0.0,0.09718828,0.0,0.0,0.00027509165,-26.761307,2.227294,0.74243134,0.16000001,0.0,0.13965164,7.179994,7.199994,1158400
hardzero_plus_depr__c0p50__z1p00__lam0p020__nu0p50__psi0p75,hardzero_plus_depr,0.06,30,362,0.0,2,0.1405175,0.1405175,1.0241629,0.0,0.09458823,0.0,0.0,0.00027099598,-27.844376,2.2532034,0.7510678,0.15200001,0.0,0.16219167,7.199994,7.219994,1161600
hardzero_plus_depr__c0p50__z1p00__lam0p020__nu0p50__psi0p75,hardzero_plus_depr,0.06,30,363,0.0,2,0.1405175,0.1405175,1.0051522,0.0,0.098820664,0.0,0.0,0.00026696143,-27.748182,2.211379,0.73712635,0.14400001,0.0,0.17428567,7.219994,7.239994,1164800
hardzero_plus_depr__c0p50__z1p00__lam0p020__nu0p50__psi0p75,hardzero_plus_depr,0.06,30,364,0.0,2,0.1405175,0.1405175,1.0839729,0.0,0.08241895,0.0,0.0,0.0002629869,-28.707716,2.384788,0.7949294,0.17,0.0,0.19609167,7.239994,7.259994,1168000
hardzero_plus_depr__c0p50__z1p00__lam0p020__nu0p50__psi0p75,hardzero_plus_depr,0.06,30,365,0.0,2,0.1405175,0.1405175,1.0278189,0.0,0.0937953,0.0,0.0,0.00025907156,-27.36912,2.2612467,0.7537489,0.16800001,0.0,0.1529763,7.259994,7.279994,1171200
hardzero_plus_depr__c0p50__z1p00__lam0p020__nu0p50__psi0p75,hardzero_plus_depr,0.06,30,366,0.0,2,0.1405175,0.1405175,1.0259377,0.0,0.09420248,0.0,0.0,0.00025521455,-26.883314,2.257108,0.75236934,0.16800001,0.0,0.1452742,7.279994,7.299994,1174400
hardzero_plus_depr__c0p50__z1p00__lam0p020__nu0p50__psi0p75,hardzero_plus_depr,0.06,30,367,0.0,2,0.1405175,0.14054474,0.96522886,0.10833559,0.10833559,1.0,2.7237173e-05,0.0002514148,-27.034733,2.123546,0.70784867,0.18400002,0.0,0.1526,7.299994,7.319994,1177600
hardzero_plus_depr__c0p50__z1p00__lam0p020__nu0p50__psi0p75,hardzero_plus_depr,0.06,30,368,0.0,2,0.14054474,0.14054474,1.035632,0.0,0.09212298,0.0,0.0,0.00024767176,-27.523884,2.278436,0.7594787,0.120000005,0.0,0.18966863,7.319994,7.339994,1180800
hardzero_plus_depr__c0p50__z1p00__lam0p020__nu0p50__psi0p75,hardzero_plus_depr,0.06,30,369,0.0,2,0.14054474,0.14054474,1.0372505,0.0,0.0917803,0.0,0.0,0.00024398442,-27.039106,2.2819967,0.7606656,0.120000005,0.0,0.17458957,7.339994,7.359994,1184000
hardzero_plus_depr__c0p50__z1p00__lam0p020__nu0p50__psi0p75,hardzero_plus_depr,0.06,30,370,0.0,2,0.14054474,0.14054474,1.0033503,0.0,0.09923154,0.0,0.0,0.0002403519,-27.572783,2.2074146,0.7358049,0.2,0.0,0.16661675,7.359994,7.379994,1187200
hardzero_plus_depr__c0p50__z1p00__lam0p020__nu0p50__psi0p75,hardzero_plus_depr,0.06,30,371,0.0,2,0.14054474,0.14054474,1.0293016,0.0,0.09347561,0.0,0.0,0.00023677356,-27.761549,2.264509,0.7548363,0.120000005,0.0,0.18936601,7.379994,7.399994,1190400
hardzero_plus_depr__c0p50__z1p00__lam0p020__nu0p50__psi0p75,hardzero_plus_depr,0.06,30,372,0.0,2,0.14054474,0.14054474,1.023722,0.0,0.0946843,0.0,0.0,0.00023324849,-27.221727,2.2522335,0.7507445,0.192,0.0,0.14588775,7.399994,7.419994,1193600
hardzero_plus_depr__c0p50__z1p00__lam0p020__nu0p50__psi0p75,hardzero_plus_depr,0.06,30,373,0.0,2,0.14054474,0.14054474,1.0486267,0.0,0.08940736,0.0,0.0,0.0002297759,-28.37322,2.3070247,0.7690083,0.208,0.0,0.16596578,7.419994,7.439994,1196800
hardzero_plus_depr__c0p50__z1p00__lam0p020__nu0p50__psi0p75,hardzero_plus_depr,0.06,30,374,0.0,2,0.14054474,0.140568,0.98829097,0.10273278,0.10273278,1.0,2.3254082e-05,0.00022635504,-27.009384,2.1742835,0.7247612,0.120000005,0.0,0.15209179,7.439994,7.459994,1200000
hardzero_plus_depr__c0p50__z1p00__lam0p020__nu0p50__psi0p75,hardzero_plus_depr,0.06,30,375,0.0,2,0.140568,0.140568,1.0266308,0.0,0.09405226,0.0,0.0,0.00022298495,-27.060854,2.258633,0.75287765,0.17600001,0.0,0.15354571,7.459994,7.479994,1203200
hardzero_plus_depr__c0p50__z1p00__lam0p020__nu0p50__psi0p75,hardzero_plus_depr,0.06,30,376,0.0,2,0.140568,0.140568,1.0777628,0.0,0.08360595,0.0,0.0,0.00021966518,-28.461529,2.3711257,0.79037523,0.14400001,0.0,0.17672469,7.479994,7.499994,1206400
hardzero_plus_depr__c0p50__z1p00__lam0p020__nu0p50__psi0p75,hardzero_plus_depr,0.06,30,377,0.0,2,0.140568,0.140568,1.0832642,0.0,0.08255356,0.0,0.0,0.00021639482,-28.56355,2.3832288,0.79440963,0.14999999,0.0,0.20065805,7.499994,7.519994,1209600
hardzero_plus_depr__c0p50__z1p00__lam0p020__nu0p50__psi0p75,hardzero_plus_depr,0.06,30,378,0.0,2,0.140568,0.14058967,0.99299777,0.1016254,0.1016254,1.0,2.1663795e-05,0.00021317304,-26.865211,2.1846387,0.72821295,0.128,0.0,0.14383765,7.519994,7.539994,1212800
hardzero_plus_depr__c0p50__z1p00__lam0p020__nu0p50__psi0p75,hardzero_plus_depr,0.06,30,379,0.0,2,0.14058967,0.14061104,0.99245983,0.10175135,0.10175135,1.0,2.1367716e-05,0.00020999934,-26.21159,2.1834552,0.7278184,0.216,0.0,0.136149,7.539994,7.5599937,1216000
hardzero_plus_depr__c0p50__z1p00__lam0p020__nu0p50__psi0p75,hardzero_plus_depr,0.06,30,380,0.0,2,0.14061104,0.14061104,1.0090619,0.0,0.09793502,0.0,0.0,0.00020687288,-27.67631,2.2199805,0.7399935,0.192,0.0,0.16078365,7.5599937,7.5799937,1219200
hardzero_plus_depr__c0p50__z1p00__lam0p020__nu0p50__psi0p75,hardzero_plus_depr,0.06,30,381,0.0,2,0.14061104,0.14061104,1.0287707,0.0,0.09358996,0.0,0.0,0.00020379298,-27.346716,2.2633407,0.7544469,0.224,0.008,0.17856921,7.5799937,7.5999937,1222400
hardzero_plus_depr__c0p50__z1p00__lam0p020__nu0p50__psi0p75,hardzero_plus_depr,0.06,30,382,0.0,2,0.14061104,0.14061104,1.084362,0.0,0.082345136,0.0,0.0,0.00020075892,-28.830217,2.3856442,0.7952148,0.14400001,0.0,0.17776558,7.5999937,7.6199937,1225600
hardzero_plus_depr__c0p50__z1p00__lam0p020__nu0p50__psi0p75,hardzero_plus_depr,0.06,30,383,0.0,2,0.14061104,0.14061104,1.010475,0.0,0.09761689,0.0,0.0,0.00019776993,-27.373007,2.2230895,0.74102986,0.14400001,0.0,0.16624138,7.6199937,7.6399937,1228800
hardzero_plus_depr__c0p50__z1p00__lam0p020__nu0p50__psi0p75,hardzero_plus_depr,0.06,30,384,0.0,2,0.14061104,0.14061104,1.0108042,0.0,0.097542934,0.0,0.0,0.00019482555,-27.064182,2.2238135,0.7412712,0.14400001,0.0,0.16378601,7.6399937,7.6599936,1232000
hardzero_plus_depr__c0p50__z1p00__lam0p020__nu0p50__psi0p75,hardzero_plus_depr,0.06,30,385,0.0,2,0.14061104,0.14061104,1.0905981,0.0,0.081171185,0.0,0.0,0.00019192502,-29.158493,2.3993638,0.79978794,0.17600001,0.0,0.1888553,7.6599936,7.6799936,1235200
hardzero_plus_depr__c0p50__z1p00__lam0p020__nu0p50__psi0p75,hardzero_plus_depr,0.06,30,386,0.0,2,0.14061104,0.14061104,1.042825,0.0,0.09060976,0.0,0.0,0.00018906753,-27.173645,2.2942607,0.7647536,0.104,0.0,0.16910407,7.6799936,7.6999936,1238400
hardzero_plus_depr__c0p50__z1p00__lam0p020__nu0p50__psi0p75,hardzero_plus_depr,0.06,30,387,0.0,2,0.14061104,0.14061104,1.0271086,0.0,0.09394885,0.0,0.0,0.00018625273,-27.386726,2.2596838,0.75322795,0.15200001,0.0,0.15493998,7.6999936,7.7199936,1241600
hardzero_plus_depr__c0p50__z1p00__lam0p020__nu0p50__psi0p75,hardzero_plus_depr,0.06,30,388,0.0,2,0.14061104,0.14063178,0.9467625,0.113041386,0.113041386,1.0,2.0740812e-05,0.00018347982,-25.141869,2.0829191,0.6943064,0.2,0.0,0.13008308,7.7199936,7.7399936,1244800
hardzero_plus_depr__c0p50__z1p00__lam0p020__nu0p50__psi0p75,hardzero_plus_depr,0.06,30,389,0.0,2,0.14063178,0.14063178,1.0360413,0.0,0.09203622,0.0,0.0,0.00018074816,-28.004557,2.2793362,0.75977874,0.104,0.0,0.17058994,7.7399936,7.7599936,1248000
hardzero_plus_depr__c0p50__z1p00__lam0p020__nu0p50__psi0p75,hardzero_plus_depr,0.06,30,390,0.0,2,0.14063178,0.14063178,1.0027082,0.0,0.099378355,0.0,0.0,0.0001780572,-27.048897,2.206002,0.73533404,0.14999999,0.0,0.14514616,7.7599936,7.7799935,1251200
hardzero_plus_depr__c0p50__z1p00__lam0p020__nu0p50__psi0p75,hardzero_plus_depr,0.06,30,391,0.0,2,0.14063178,0.14064966,0.9916646,0.10193782,0.10193782,1.0,1.7880528e-05,0.00017540621,-25.904755,2.1817057,0.72723526,0.120000005,0.0,0.123887844,7.7799935,7.7999935,1254400
hardzero_plus_depr__c0p50__z1p00__lam0p020__nu0p50__psi0p75,hardzero_plus_depr,0.06,30,392,0.0,2,0.14064966,0.14066708,0.99653476,0.10080108,0.10080108,1.0,1.74179e-05,0.00017279478,-26.94529,2.1924202,0.73080677,0.192,0.008,0.15771207,7.7999935,7.8199935,1257600
hardzero_plus_depr__c0p50__z1p00__lam0p020__nu0p50__psi0p75,hardzero_plus_depr,0.06,30,393,0.0,2,0.14066708,0.14066708,1.0420083,0.0,0.09078032,0.0,0.0,0.00017022222,-27.244516,2.292464,0.7641547,0.104,0.0,0.19547972,7.8199935,7.8399935,1260800
hardzero_plus_depr__c0p50__z1p00__lam0p020__nu0p50__psi0p75,hardzero_plus_depr,0.06,30,394,0.0,2,0.14066708,0.14066708,1.060897,0.0,0.08691666,0.0,0.0,0.00016768789,-28.03321,2.33402,0.7780067,0.18400002,0.0,0.19434763,7.8399935,7.8599935,1264000
hardzero_plus_depr__c0p50__z1p00__lam0p020__nu0p50__psi0p75,hardzero_plus_depr,0.06,30,395,0.0,2,0.14066708,0.14066708,1.0208871,0.0,0.09530437,0.0,0.0,0.00016519136,-27.705603,2.2459965,0.7486655,0.16000001,0.0,0.15456617,7.8599935,7.8799934,1267200
hardzero_plus_depr__c0p50__z1p00__lam0p020__nu0p50__psi0p75,hardzero_plus_depr,0.06,30,396,0.0,2,0.14066708,0.14066708,1.0112705,0.0,0.097438246,0.0,0.0,0.000162732,-26.684393,2.2248397,0.74161327,0.15200001,0.0,0.16165917,7.8799934,7.8999934,1270400
hardzero_plus_depr__c0p50__z1p00__lam0p020__nu0p50__psi0p75,hardzero_plus_depr,0.06,30,397,0.0,2,0.14066708,0.14066708,1.0270516,0.0,0.09396117,0.0,0.0,0.00016030927,-27.549593,2.2595587,0.7531862,0.14400001,0.0,0.15158115,7.8999934,7.9199934,1273600
hardzero_plus_depr__c0p50__z1p00__lam0p020__nu0p50__psi0p75,hardzero_plus_depr,0.06,30,398,0.0,2,0.14066708,0.14066708,1.0394692,0.0,0.0913126,0.0,0.0,0.00015792261,-26.916603,2.2868779,0.7622926,0.16000001,0.0,0.14784828,7.9199934,7.9399934,1276800
hardzero_plus_depr__c0p50__z1p00__lam0p020__nu0p50__psi0p75,hardzero_plus_depr,0.06,30,399,0.0,2,0.14066708,0.14066708,1.0495143,0.0,0.08922483,0.0,0.0,0.00015557137,-27.952896,2.3089776,0.7696592,0.136,0.0,0.15478939,7.9399934,7.9599934,1280000
hardzero_plus_depr__c0p50__z1p00__lam0p020__nu0p50__psi0p75,hardzero_plus_depr,0.06,30,400,0.0,2,0.14066708,0.14066708,1.0784358,0.0,0.083476484,0.0,0.0,0.00015325524,-28.289408,2.372606,0.7908687,0.120000005,0.0,0.16950142,7.9599934,7.9799933,1283200
hardzero_plus_depr__c0p50__z1p00__lam0p020__nu0p50__psi0p75,hardzero_plus_depr,0.06,30,401,0.0,2,0.14066708,0.14068258,0.9888498,0.10260068,0.10260068,1.0,1.5489994e-05,0.00015097359,-26.546371,2.175513,0.725171,0.16000001,0.0,0.17131469,7.9799933,7.9999933,1286400
hardzero_plus_depr__c0p50__z1p00__lam0p020__nu0p50__psi0p75,hardzero_plus_depr,0.06,30,402,0.0,2,0.14068258,0.14068258,1.0245247,0.0,0.09450946,0.0,0.0,0.00014872583,-27.18669,2.2539992,0.7513331,0.120000005,0.0,0.18448178,7.9999933,8.019994,1289600
hardzero_plus_depr__c0p50__z1p00__lam0p020__nu0p50__psi0p75,hardzero_plus_depr,0.06,30,403,0.0,2,0.14068258,0.14068258,1.0045778,0.0,0.09895147,0.0,0.0,0.00014651155,-26.83954,2.2101152,0.73670506,0.17999999,0.0,0.15099676,8.019994,8.039994,1292800
hardzero_plus_depr__c0p50__z1p00__lam0p020__nu0p50__psi0p75,hardzero_plus_depr,0.06,30,404,0.0,2,0.14068258,0.14068258,1.0716075,0.0,0.08479936,0.0,0.0,0.00014433022,-27.808363,2.3575835,0.7858612,0.192,0.0,0.19111928,8.039994,8.059995,1296000
hardzero_plus_depr__c0p50__z1p00__lam0p020__nu0p50__psi0p75,hardzero_plus_depr,0.06,30,405,0.0,2,0.14068258,0.14068258,1.0244809,0.0,0.094518974,0.0,0.0,0.00014218138,-27.297598,2.2539032,0.75130105,0.14400001,0.0,0.18111266,8.059995,8.079995,1299200
hardzero_plus_depr__c0p50__z1p00__lam0p020__nu0p50__psi0p75,hardzero_plus_depr,0.06,30,406,0.0,2,0.14068258,0.14068258,1.0050274,0.0,0.09884907,0.0,0.0,0.00014006453,-27.357338,2.2111044,0.7370348,0.120000005,0.0,0.15230459,8.079995,8.099996,1302400
hardzero_plus_depr__c0p50__z1p00__lam0p020__nu0p50__psi0p75,hardzero_plus_depr,0.06,30,407,0.0,2,0.14068258,0.14068258,1.0097599,0.0,0.097777754,0.0,0.0,0.00013797918,-27.432322,2.2215161,0.7405054,0.16800001,0.0,0.15185565,8.099996,8.119996,1305600
hardzero_plus_depr__c0p50__z1p00__lam0p020__nu0p50__psi0p75,hardzero_plus_depr,0.06,30,408,0.0,2,0.14068258,0.14069705,0.9727179,0.10648346,0.10648346,1.0,1.4473753e-05,0.0001359249,-26.259636,2.140022,0.7133407,0.15200001,0.0,0.18486816,8.119996,8.139997,1308800
hardzero_plus_depr__c0p50__z1p00__lam0p020__nu0p50__psi0p75,hardzero_plus_depr,0.06,30,409,0.0,2,0.14069705,0.14069705,1.03633,0.0,0.09197503,0.0,0.0,0.0001339012,-28.082762,2.2799716,0.7599906,0.16000001,0.0,0.18262212,8.139997,8.159997,1312000
hardzero_plus_depr__c0p50__z1p00__lam0p020__nu0p50__psi0p75,hardzero_plus_depr,0.06,30,410,0.0,2,0.14069705,0.14069705,1.0080587,0.0,0.09816152,0.0,0.0,0.00013190763,-26.94293,2.2177734,0.7392578,0.15200001,0.0,0.15816331,8.159997,8.179997,1315200
hardzero_plus_depr__c0p50__z1p00__lam0p020__nu0p50__psi0p75,hardzero_plus_depr,0.06,30,411,0.0,2,0.14069705,0.14069705,1.0127758,0.0,0.09710112,0.0,0.0,0.00012994371,-26.797598,2.2281513,0.74271715,0.072000004,0.0,0.17230386,8.179997,8.199998,1318400
hardzero_plus_depr__c0p50__z1p00__lam0p020__nu0p50__psi0p75,hardzero_plus_depr,0.06,30,412,0.0,2,0.14069705,0.14069705,1.0388364,0.0,0.09144577,0.0,0.0,0.00012800908,-28.16662,2.2854857,0.7618286,0.208,0.0,0.1552254,8.199998,8.219998,1321600
hardzero_plus_depr__c0p50__z1p00__lam0p020__nu0p50__psi0p75,hardzero_plus_depr,0.06,30,413,0.0,2,0.14069705,0.14069705,1.0498353,0.0,0.089158885,0.0,0.0,0.00012610323,-27.75815,2.3096838,0.7698946,0.18400002,0.0,0.17202905,8.219998,8.239999,1324800
hardzero_plus_depr__c0p50__z1p00__lam0p020__nu0p50__psi0p75,hardzero_plus_depr,0.06,30,414,0.0,2,0.14069705,0.1407104,0.96845657,0.1075334,0.1075334,1.0,1.3358418e-05,0.00012422576,-26.330141,2.130647,0.7102157,0.14400001,0.0,0.1597665,8.239999,8.259999,1328000
hardzero_plus_depr__c0p50__z1p00__lam0p020__nu0p50__psi0p75,hardzero_plus_depr,0.06,30,415,0.0,2,0.1407104,0.1407104,1.0227771,0.0,0.09489054,0.0,0.0,0.00012237624,-27.23806,2.2501545,0.7500515,0.15200001,0.0,0.15036805,8.259999,8.28,1331200
hardzero_plus_depr__c0p50__z1p00__lam0p020__nu0p50__psi0p75,hardzero_plus_depr,0.06,30,416,0.0,2,0.1407104,0.14072278,0.9882801,0.10273535,0.10273535,1.0,1.2385182e-05,0.00012055424,-27.194283,2.1742597,0.72475326,0.08,0.0,0.124566145,8.28,8.3,1334400
hardzero_plus_depr__c0p50__z1p00__lam0p020__nu0p50__psi0p75,hardzero_plus_depr,0.06,30,417,0.0,2,0.14072278,0.14073604,0.95198315,0.11169065,0.11169065,1.0,1.3264311e-05,0.000118759366,-25.621662,2.0944047,0.6981349,0.18400002,0.0,0.12897484,8.3,8.320001,1337600
hardzero_plus_depr__c0p50__z1p00__lam0p020__nu0p50__psi0p75,hardzero_plus_depr,0.06,30,418,0.0,2,0.14073604,0.14073604,1.0813185,0.0,0.08292424,0.0,0.0,0.00011699124,-27.86876,2.3789482,0.79298276,0.15200001,0.0,0.17302704,8.320001,8.340001,1340800
hardzero_plus_depr__c0p50__z1p00__lam0p020__nu0p50__psi0p75,hardzero_plus_depr,0.06,30,419,0.0,2,0.14073604,0.14073604,1.0226634,0.0,0.09491538,0.0,0.0,0.00011524943,-26.651915,2.2499044,0.7499682,0.120000005,0.0,0.13950492,8.340001,8.360002,1344000
hardzero_plus_depr__c0p50__z1p00__lam0p020__nu0p50__psi0p75,hardzero_plus_depr,0.06,30,420,0.0,2,0.14073604,0.14073604,1.0338045,0.0,0.09251145,0.0,0.0,0.000113533555,-27.405067,2.2744155,0.75813854,0.15200001,0.008,0.16953543,8.360002,8.380002,1347200
hardzero_plus_depr__c0p50__z1p00__lam0p020__nu0p50__psi0p75,hardzero_plus_depr,0.06,30,421,0.0,2,0.14073604,0.14073604,1.0325876,0.0,0.09277102,0.0,0.0,0.00011184323,-27.204456,2.2717383,0.75724614,0.16000001,0.0,0.15353808,8.380002,8.4000025,1350400
hardzero_plus_depr__c0p50__z1p00__lam0p020__nu0p50__psi0p75,hardzero_plus_depr,0.06,30,422,0.0,2,0.14073604,0.14073604,1.0058331,0.0,0.09866585,0.0,0.0,0.00011017805,-26.985544,2.212877,0.7376257,0.17600001,0.0,0.14194639,8.4000025,8.420003,1353600
hardzero_plus_depr__c0p50__z1p00__lam0p020__nu0p50__psi0p75,hardzero_plus_depr,0.06,30,423,0.0,2,0.14073604,0.14073604,1.0045004,0.0,0.09896909,0.0,0.0,0.00010853767,-26.672464,2.209945,0.7366483,0.16000001,0.0,0.17075668,8.420003,8.440003,1356800
hardzero_plus_depr__c0p50__z1p00__lam0p020__nu0p50__psi0p75,hardzero_plus_depr,0.06,30,424,0.0,2,0.14073604,0.14073604,1.0448972,0.0,0.090178445,0.0,0.0,0.000106921725,-27.462132,2.2988198,0.76627326,0.128,0.0,0.17390327,8.440003,8.460004,1360000
hardzero_plus_depr__c0p50__z1p00__lam0p020__nu0p50__psi0p75,hardzero_plus_depr,0.06,30,425,0.0,2,0.14073604,0.14073604,1.0268719,0.0,0.09400004,0.0,0.0,0.00010532983,-27.413494,2.2591634,0.7530545,0.08800001,0.0,0.15645735,8.460004,8.480004,1363200
hardzero_plus_depr__c0p50__z1p00__lam0p020__nu0p50__psi0p75,hardzero_plus_depr,0.06,30,426,0.0,2,0.14073604,0.14074713,0.9712744,0.10683797,0.10683797,1.0,1.1085684e-05,0.000103761646,-26.724812,2.1368463,0.7122821,0.14400001,0.0,0.15234512,8.480004,8.500005,1366400
hardzero_plus_depr__c0p50__z1p00__lam0p020__nu0p50__psi0p75,hardzero_plus_depr,0.06,30,427,0.0,2,0.14074713,0.14075738,0.99842584,0.10036312,0.10036312,1.0,1.0258797e-05,0.0001022168,-26.133162,2.1965806,0.7321936,0.128,0.0,0.12411803,8.500005,8.520005,1369600
hardzero_plus_depr__c0p50__z1p00__lam0p020__nu0p50__psi0p75,hardzero_plus_depr,0.06,30,428,0.0,2,0.14075738,0.14075738,1.0170759,0.0,0.096144415,0.0,0.0,0.00010069495,-26.92511,2.2376115,0.74587053,0.2,0.0,0.1577183,8.520005,8.540006,1372800
hardzero_plus_depr__c0p50__z1p00__lam0p020__nu0p50__psi0p75,hardzero_plus_depr,0.06,30,429,0.0,2,0.14075738,0.14075738,1.0499561,0.0,0.089134105,0.0,0.0,9.9195764e-05,-27.264416,2.3099496,0.76998323,0.14,0.0,0.18926074,8.540006,8.560006,1376000
hardzero_plus_depr__c0p50__z1p00__lam0p020__nu0p50__psi0p75,hardzero_plus_depr,0.06,30,430,0.0,2,0.14075738,0.14076728,0.9948754,0.10118697,0.10118697,1.0,9.887879e-06,9.77189e-05,-27.78639,2.1887696,0.7295899,0.17600001,0.0,0.18643065,8.560006,8.580007,1379200
hardzero_plus_depr__c0p50__z1p00__lam0p020__nu0p50__psi0p75,hardzero_plus_depr,0.06,30,431,0.0,2,0.14076728,0.14076728,1.0422823,0.0,0.09072305,0.0,0.0,9.6264026e-05,-28.538794,2.293067,0.76435566,0.18400002,0.0,0.19526307,8.580007,8.600007,1382400
hardzero_plus_depr__c0p50__z1p00__lam0p020__nu0p50__psi0p75,hardzero_plus_depr,0.06,30,432,0.0,2,0.14076728,0.14077681,0.9974543,0.1005879,0.1005879,1.0,9.53883e-06,9.48308e-05,-26.821308,2.1944432,0.7314811,0.16800001,0.0,0.14992149,8.600007,8.6200075,1385600
hardzero_plus_depr__c0p50__z1p00__lam0p020__nu0p50__psi0p75,hardzero_plus_depr,0.06,30,433,0.0,2,0.14077681,0.14077681,1.0249385,0.0,0.094419464,0.0,0.0,9.341892e-05,-27.654463,2.2549095,0.7516365,0.18400002,0.0,0.15437093,8.6200075,8.640008,1388800
hardzero_plus_depr__c0p50__z1p00__lam0p020__nu0p50__psi0p75,hardzero_plus_depr,0.06,30,434,0.0,2,0.14077681,0.14077681,1.0566308,0.0,0.087774664,0.0,0.0,9.2028065e-05,-27.533588,2.3246343,0.77487814,0.08800001,0.0,0.16120234,8.640008,8.660008,1392000
hardzero_plus_depr__c0p50__z1p00__lam0p020__nu0p50__psi0p75,hardzero_plus_depr,0.06,30,435,0.0,2,0.14077681,0.14077681,1.0114185,0.0,0.097405046,0.0,0.0,9.0657915e-05,-27.420876,2.2251651,0.74172175,0.17600001,0.0,0.14243439,8.660008,8.680009,1395200
hardzero_plus_depr__c0p50__z1p00__lam0p020__nu0p50__psi0p75,hardzero_plus_depr,0.06,30,436,0.0,2,0.14077681,0.14077681,1.0513685,0.0,0.08884471,0.0,0.0,8.930817e-05,-27.341597,2.3130567,0.7710189,0.128,0.0,0.17612694,8.680009,8.700009,1398400
hardzero_plus_depr__c0p50__z1p00__lam0p020__nu0p50__psi0p75,hardzero_plus_depr,0.06,30,437,0.0,2,0.14077681,0.1407878,0.9037299,0.124815956,0.124815956,1.0,1.0981122e-05,8.797851e-05,-24.594275,1.9882455,0.6627485,0.264,0.0,0.1224143,8.700009,8.72001,1401600
hardzero_plus_depr__c0p50__z1p00__lam0p020__nu0p50__psi0p75,hardzero_plus_depr,0.06,30,438,0.0,2,0.1407878,0.1407878,1.0050198,0.0,0.0988508,0.0,0.0,8.6668646e-05,-27.055584,2.2110877,0.73702925,0.112,0.0,0.14243907,8.72001,8.74001,1404800
hardzero_plus_depr__c0p50__z1p00__lam0p020__nu0p50__psi0p75,hardzero_plus_depr,0.06,30,439,0.0,2,0.1407878,0.1407878,1.0158764,0.0,0.09641034,0.0,0.0,8.537829e-05,-27.029839,2.2349727,0.74499094,0.2,0.0,0.16922198,8.74001,8.760011,1408000
hardzero_plus_depr__c0p50__z1p00__lam0p020__nu0p50__psi0p75,hardzero_plus_depr,0.06,30,440,0.0,2,0.1407878,0.1407878,1.0281827,0.0,0.09371674,0.0,0.0,8.410715e-05,-27.137234,2.2620473,0.7540158,0.18400002,0.0,0.16833399,8.760011,8.780011,1411200
hardzero_plus_depr__c0p50__z1p00__lam0p020__nu0p50__psi0p75,hardzero_plus_depr,0.06,30,441,0.0,2,0.1407878,0.14079645,0.9810017,0.10447162,0.10447162,1.0,8.6559885e-06,8.285493e-05,-26.189789,2.1582468,0.7194156,0.128,0.008,0.15838304,8.780011,8.800012,1414400
hardzero_plus_depr__c0p50__z1p00__lam0p020__nu0p50__psi0p75,hardzero_plus_depr,0.06,30,442,0.0,2,0.14079645,0.14079645,1.1000156,0.0,0.07942996,0.0,0.0,8.162134e-05,-28.71461,2.4200828,0.80669427,0.13,0.0,0.18028256,8.800012,8.820012,1417600
hardzero_plus_depr__c0p50__z1p00__lam0p020__nu0p50__psi0p75,hardzero_plus_depr,0.06,30,443,0.0,2,0.14079645,0.14080456,0.9961263,0.100895934,0.100895934,1.0,8.112652e-06,8.0406135e-05,-26.870129,2.1915216,0.73050725,0.2,0.0,0.13936357,8.820012,8.840013,1420800
hardzero_plus_depr__c0p50__z1p00__lam0p020__nu0p50__psi0p75,hardzero_plus_depr,0.06,30,444,0.0,2,0.14080456,0.14080456,1.0062208,0.0,0.09857781,0.0,0.0,7.920902e-05,-26.989834,2.21373,0.73791003,0.224,0.0,0.16539854,8.840013,8.860013,1424000
hardzero_plus_depr__c0p50__z1p00__lam0p020__nu0p50__psi0p75,hardzero_plus_depr,0.06,30,445,0.0,2,0.14080456,0.14081268,0.9823812,0.1041403,0.1041403,1.0,8.126039e-06,7.802973e-05,-26.02439,2.1612818,0.7204273,0.14400001,0.0,0.12500453,8.860013,8.880013,1427200
hardzero_plus_depr__c0p50__z1p00__lam0p020__nu0p50__psi0p75,hardzero_plus_depr,0.06,30,446,0.0,2,0.14081268,0.14082071,0.980765,0.104528576,0.104528576,1.0,8.034902e-06,7.686799e-05,-26.027235,2.157726,0.71924204,0.15200001,0.0,0.12426158,8.880013,8.900014,1430400
hardzero_plus_depr__c0p50__z1p00__lam0p020__nu0p50__psi0p75,hardzero_plus_depr,0.06,30,447,0.0,2,0.14082071,0.14082071,1.0052836,0.0,0.098790765,0.0,0.0,7.572355e-05,-26.36427,2.211668,0.7372227,0.24800001,0.0,0.15000612,8.900014,8.920014,1433600
hardzero_plus_depr__c0p50__z1p00__lam0p020__nu0p50__psi0p75,hardzero_plus_depr,0.06,30,448,0.0,2,0.14082071,0.14082071,1.0018569,0.0,0.09957333,0.0,0.0,7.4596144e-05,-26.64442,2.2041292,0.73470974,0.112,0.0,0.13336492,8.920014,8.940015,1436800
hardzero_plus_depr__c0p50__z1p00__lam0p020__nu0p50__psi0p75,hardzero_plus_depr,0.06,30,449,0.0,2,0.14082071,0.14082071,1.0205863,0.0,0.09537042,0.0,0.0,7.348553e-05,-27.56986,2.2453346,0.7484449,0.136,0.0,0.17585139,8.940015,8.960015,1440000
hardzero_plus_depr__c0p50__z1p00__lam0p020__nu0p50__psi0p75,hardzero_plus_depr,0.06,30,450,0.0,2,0.14082071,0.14082801,0.9964757,0.100814804,0.100814804,1.0,7.298129e-06,7.239144e-05,-27.403828,2.1922903,0.73076344,0.18400002,0.0,0.15634842,8.960015,8.980016,1443200
hardzero_plus_depr__c0p50__z1p00__lam0p020__nu0p50__psi0p75,hardzero_plus_depr,0.06,30,451,0.0,2,0.14082801,0.14082801,1.0102868,0.0,0.09765921,0.0,0.0,7.1313654e-05,-27.917868,2.2226753,0.7408918,0.17600001,0.0,0.17733282,8.980016,9.000016,1446400
hardzero_plus_depr__c0p50__z1p00__lam0p020__nu0p50__psi0p75,hardzero_plus_depr,0.06,30,452,0.0,2,0.14082801,0.14082801,1.0281144,0.0,0.09373149,0.0,0.0,7.025191e-05,-27.514185,2.2618968,0.7539656,0.128,0.0,0.16140327,9.000016,9.020017,1449600
hardzero_plus_depr__c0p50__z1p00__lam0p020__nu0p50__psi0p75,hardzero_plus_depr,0.06,30,453,0.0,2,0.14082801,0.14082801,1.0057368,0.0,0.09868773,0.0,0.0,6.920596e-05,-27.258356,2.2126653,0.73755515,0.15200001,0.0,0.16994762,9.020017,9.040017,1452800
hardzero_plus_depr__c0p50__z1p00__lam0p020__nu0p50__psi0p75,hardzero_plus_depr,0.06,30,454,0.0,2,0.14082801,0.14082801,1.0261283,0.0,0.09416114,0.0,0.0,6.81756e-05,-27.013504,2.2575274,0.7525091,0.17600001,0.0,0.17116189,9.040017,9.060018,1456000
hardzero_plus_depr__c0p50__z1p00__lam0p020__nu0p50__psi0p75,hardzero_plus_depr,0.06,30,455,0.0,2,0.14082801,0.14082801,1.0587981,0.0,0.087337725,0.0,0.0,6.7160574e-05,-28.040718,2.3294022,0.77646744,0.19999999,0.0,0.173503,9.060018,9.080018,1459200
hardzero_plus_depr__c0p50__z1p00__lam0p020__nu0p50__psi0p75,hardzero_plus_depr,0.06,30,456,0.0,2,0.14082801,0.14082801,1.0467741,0.0,0.089789554,0.0,0.0,6.616066e-05,-27.76913,2.3029492,0.76764977,0.16000001,0.0,0.15570292,9.080018,9.1000185,1462400
hardzero_plus_depr__c0p50__z1p00__lam0p020__nu0p50__psi0p75,hardzero_plus_depr,0.06,30,457,0.0,2,0.14082801,0.14082801,1.0018276,0.0,0.09958008,0.0,0.0,6.5175635e-05,-27.146015,2.2040646,0.7346882,0.208,0.0,0.16624686,9.1000185,9.120019,1465600
hardzero_plus_depr__c0p50__z1p00__lam0p020__nu0p50__psi0p75,hardzero_plus_depr,0.06,30,458,0.0,2,0.14082801,0.14083458,0.9899169,0.10234888,0.10234888,1.0,6.5713375e-06,6.420527e-05,-26.188393,2.1778607,0.7259536,0.16000001,0.0,0.16393708,9.120019,9.140019,1468800
hardzero_plus_depr__c0p50__z1p00__lam0p020__nu0p50__psi0p75,hardzero_plus_depr,0.06,30,459,0.0,2,0.14083458,0.14084105,0.9907612,0.10215009,0.10215009,1.0,6.4609285e-06,6.324937e-05,-26.617498,2.1797183,0.72657275,0.216,0.0,0.13698211,9.140019,9.16002,1472000
hardzero_plus_depr__c0p50__z1p00__lam0p020__nu0p50__psi0p75,hardzero_plus_depr,0.06,30,460,0.0,2,0.14084105,0.14084105,1.0169852,0.0,0.09616452,0.0,0.0,6.2307685e-05,-27.27776,2.237412,0.745804,0.16800001,0.008,0.16309251,9.16002,9.18002,1475200
hardzero_plus_depr__c0p50__z1p00__lam0p020__nu0p50__psi0p75,hardzero_plus_depr,0.06,30,461,0.0,2,0.14084105,0.14084785,0.9560575,0.110647716,0.110647716,1.0,6.7915594e-06,6.138002e-05,-25.632734,2.1033685,0.7011229,0.18400002,0.0,0.1498782,9.18002,9.200021,1478400
hardzero_plus_depr__c0p50__z1p00__lam0p020__nu0p50__psi0p75,hardzero_plus_depr,0.06,30,462,0.0,2,0.14084785,0.14084785,1.0062548,0.0,0.09857011,0.0,0.0,6.046617e-05,-27.338985,2.2138047,0.73793495,0.192,0.0,0.16295792,9.200021,9.220021,1481600
hardzero_plus_depr__c0p50__z1p00__lam0p020__nu0p50__psi0p75,hardzero_plus_depr,0.06,30,463,0.0,2,0.14084785,0.14085436,0.961256,0.10933115,0.10933115,1.0,6.512411e-06,5.9565922e-05,-26.366587,2.1148055,0.7049352,0.208,0.0,0.14316027,9.220021,9.240022,1484800
hardzero_plus_depr__c0p50__z1p00__lam0p020__nu0p50__psi0p75,hardzero_plus_depr,0.06,30,464,0.0,2,0.14085436,0.14085436,1.0015583,0.0,0.09964182,0.0,0.0,5.8679085e-05,-27.441284,2.2034721,0.73449075,0.18400002,0.0,0.16626206,9.240022,9.260022,1488000
hardzero_plus_depr__c0p50__z1p00__lam0p020__nu0p50__psi0p75,hardzero_plus_depr,0.06,30,465,0.0,2,0.14085436,0.14086066,0.96196705,0.1091523,0.1091523,1.0,6.3095977e-06,5.7805446e-05,-26.646105,2.1163697,0.7054566,0.208,0.0,0.1441273,9.260022,9.280023,1491200
hardzero_plus_depr__c0p50__z1p00__lam0p020__nu0p50__psi0p75,hardzero_plus_depr,0.06,30,466,0.0,2,0.14086066,0.14086066,1.0114294,0.0,0.09740262,0.0,0.0,5.6944817e-05,-27.373951,2.2251892,0.74172974,0.16000001,0.008,0.16291088,9.280023,9.300023,1494400
hardzero_plus_depr__c0p50__z1p00__lam0p020__nu0p50__psi0p75,hardzero_plus_depr,0.06,30,467,0.0,2,0.14086066,0.14086066,1.0489535,0.0,0.0893401,0.0,0.0,5.6096997e-05,-28.474642,2.3077438,0.76924795,0.16000001,0.0,0.19719192,9.300023,9.320024,1497600
hardzero_plus_depr__c0p50__z1p00__lam0p020__nu0p50__psi0p75,hardzero_plus_depr,0.06,30,468,0.0,2,0.14086066,0.14086635,0.9876593,0.10288232,0.10288232,1.0,5.6854624e-06,5.5261804e-05,-25.632986,2.1728938,0.72429794,0.17,0.0,0.13677543,9.320024,9.340024,1500800
hardzero_plus_depr__c0p50__z1p00__lam0p020__nu0p50__psi0p75,hardzero_plus_depr,0.06,30,469,0.0,2,0.14086635,0.14086635,1.009996,0.0,0.09772461,0.0,0.0,5.4439042e-05,-26.93383,2.2220356,0.74067855,0.128,0.0,0.15781465,9.340024,9.360024,1504000
hardzero_plus_depr__c0p50__z1p00__lam0p020__nu0p50__psi0p75,hardzero_plus_depr,0.06,30,470,0.0,2,0.14086635,0.14086635,1.0446212,0.0,0.090235785,0.0,0.0,5.3628533e-05,-27.591583,2.2982125,0.76607084,0.15200001,0.0,0.15778771,9.360024,9.380025,1507200
hardzero_plus_depr__c0p50__z1p00__lam0p020__nu0p50__psi0p75,hardzero_plus_depr,0.06,30,471,0.0,2,0.14086635,0.14087172,0.99308795,0.1016043,0.1016043,1.0,5.3677645e-06,5.283009e-05,-27.24444,2.184837,0.72827905,0.15200001,0.0,0.15438206,9.380025,9.400025,1510400
hardzero_plus_depr__c0p50__z1p00__lam0p020__nu0p50__psi0p75,hardzero_plus_depr,0.06,30,472,0.0,2,0.14087172,0.14087698,0.99543893,0.10105576,0.10105576,1.0,5.2592986e-06,5.204353e-05,-26.753126,2.1900094,0.7300031,0.16000001,0.0,0.15090904,9.400025,9.420026,1513600
hardzero_plus_depr__c0p50__z1p00__lam0p020__nu0p50__psi0p75,hardzero_plus_depr,0.06,30,473,0.0,2,0.14087698,0.14087698,1.0238205,0.0,0.09466284,0.0,0.0,5.126869e-05,-26.518463,2.2524502,0.75081676,0.096,0.0,0.15622798,9.420026,9.440026,1516800
hardzero_plus_depr__c0p50__z1p00__lam0p020__nu0p50__psi0p75,hardzero_plus_depr,0.06,30,474,0.0,2,0.14087698,0.14087698,1.0069236,0.0,0.09841843,0.0,0.0,5.050538e-05,-27.617924,2.215276,0.7384254,0.17600001,0.0,0.14205605,9.440026,9.460027,1520000
hardzero_plus_depr__c0p50__z1p00__lam0p020__nu0p50__psi0p75,hardzero_plus_depr,0.06,30,475,0.0,2,0.14087698,0.14087698,1.0604815,0.0,0.08699984,0.0,0.0,4.975344e-05,-27.490843,2.333106,0.77770203,0.17600001,0.0,0.1749542,9.460027,9.480027,1523200
hardzero_plus_depr__c0p50__z1p00__lam0p020__nu0p50__psi0p75,hardzero_plus_depr,0.06,30,476,0.0,2,0.14087698,0.14087698,1.0233138,0.0,0.09477335,0.0,0.0,4.9012688e-05,-27.265224,2.2513351,0.75044507,0.08800001,0.0,0.16053009,9.480027,9.500028,1526400
hardzero_plus_depr__c0p50__z1p00__lam0p020__nu0p50__psi0p75,hardzero_plus_depr,0.06,30,477,0.0,2,0.14087698,0.14087698,1.0176946,0.0,0.09600755,0.0,0.0,4.8282964e-05,-27.44035,2.238973,0.7463243,0.208,0.0,0.18725957,9.500028,9.520028,1529600
hardzero_plus_depr__c0p50__z1p00__lam0p020__nu0p50__psi0p75,hardzero_plus_depr,0.06,30,478,0.0,2,0.14087698,0.14087698,1.0307792,0.0,0.093158126,0.0,0.0,4.756411e-05,-27.184587,2.2677596,0.7559199,0.136,0.0,0.16678223,9.520028,9.540029,1532800
hardzero_plus_depr__c0p50__z1p00__lam0p020__nu0p50__psi0p75,hardzero_plus_depr,0.06,30,479,0.0,2,0.14087698,0.14087698,1.0313615,0.0,0.09303332,0.0,0.0,4.685596e-05,-28.18872,2.2690406,0.7563469,0.208,0.0,0.20792562,9.540029,9.560029,1536000
hardzero_plus_depr__c0p50__z1p00__lam0p020__nu0p50__psi0p75,hardzero_plus_depr,0.06,30,480,0.0,2,0.14087698,0.14087698,1.0691135,0.0,0.08528772,0.0,0.0,4.615835e-05,-28.4496,2.3520966,0.7840322,0.096,0.0,0.15064152,9.560029,9.5800295,1539200
hardzero_plus_depr__c0p50__z1p00__lam0p020__nu0p50__psi0p75,hardzero_plus_depr,0.06,30,481,0.0,2,0.14087698,0.14087698,1.0505818,0.0,0.089005776,0.0,0.0,4.5471126e-05,-27.449686,2.311326,0.770442,0.17,0.0,0.15500501,9.5800295,9.60003,1542400
hardzero_plus_depr__c0p50__z1p00__lam0p020__nu0p50__psi0p75,hardzero_plus_depr,0.06,30,482,0.0,2,0.14087698,0.14088169,0.9789669,0.10496224,0.10496224,1.0,4.7016924e-06,4.479413e-05,-26.517675,2.1537702,0.7179234,0.208,0.0,0.1696895,9.60003,9.62003,1545600
hardzero_plus_depr__c0p50__z1p00__lam0p020__nu0p50__psi0p75,hardzero_plus_depr,0.06,30,483,0.0,2,0.14088169,0.14088169,1.0546402,0.0,0.088177904,0.0,0.0,4.4127217e-05,-28.567276,2.3202548,0.7734183,0.136,0.0,0.17610852,9.62003,9.640031,1548800
hardzero_plus_depr__c0p50__z1p00__lam0p020__nu0p50__psi0p75,hardzero_plus_depr,0.06,30,484,0.0,2,0.14088169,0.14088614,0.98898345,0.1025691,0.1025691,1.0,4.4587027e-06,4.3470234e-05,-25.368288,2.175807,0.725269,0.16000001,0.0,0.14223623,9.640031,9.660031,1552000
hardzero_plus_depr__c0p50__z1p00__lam0p020__nu0p50__psi0p75,hardzero_plus_depr,0.06,30,485,0.0,2,0.14088614,0.14088614,1.027419,0.0,0.093881726,0.0,0.0,4.2823034e-05,-27.241566,2.260367,0.75345564,0.136,0.0,0.16266648,9.660031,9.680032,1555200
hardzero_plus_depr__c0p50__z1p00__lam0p020__nu0p50__psi0p75,hardzero_plus_depr,0.06,30,486,0.0,2,0.14088614,0.14089048,0.9877275,0.102866136,0.102866136,1.0,4.339456e-06,4.2185467e-05,-27.086584,2.173044,0.724348,0.17600001,0.0,0.15737373,9.680032,9.700032,1558400
hardzero_plus_depr__c0p50__z1p00__lam0p020__nu0p50__psi0p75,hardzero_plus_depr,0.06,30,487,0.0,2,0.14089048,0.14089487,0.97516054,0.10588622,0.10588622,1.0,4.400355e-06,4.1557392e-05,-26.543072,2.145396,0.715132,0.16000001,0.0,0.12745883,9.700032,9.720033,1561600
hardzero_plus_depr__c0p50__z1p00__lam0p020__nu0p50__psi0p75,hardzero_plus_depr,0.06,30,488,0.0,2,0.14089487,0.14089487,1.0214579,0.0,0.09517921,0.0,0.0,4.0938667e-05,-27.413664,2.2472522,0.7490841,0.18400002,0.0,0.14469685,9.720033,9.740033,1564800
hardzero_plus_depr__c0p50__z1p00__lam0p020__nu0p50__psi0p75,hardzero_plus_depr,0.06,30,489,0.0,2,0.14089487,0.14089899,0.99083513,0.10213271,0.10213271,1.0,4.1189264e-06,4.032916e-05,-26.619658,2.1798809,0.726627,0.128,0.0,0.14358686,9.740033,9.760034,1568000
hardzero_plus_depr__c0p50__z1p00__lam0p020__nu0p50__psi0p75,hardzero_plus_depr,0.06,30,490,0.0,2,0.14089899,0.14090304,0.99071723,0.102160454,0.102160454,1.0,4.058704e-06,3.972872e-05,-27.342901,2.1796215,0.7265405,0.16800001,0.0,0.17063683,9.760034,9.780034,1571200
hardzero_plus_depr__c0p50__z1p00__lam0p020__nu0p50__psi0p75,hardzero_plus_depr,0.06,30,491,0.0,2,0.14090304,0.14090712,0.98195803,0.10424182,0.10424182,1.0,4.0797354e-06,3.9137223e-05,-26.012074,2.1603508,0.720117,0.2,0.0,0.13603,9.780034,9.8000345,1574400
hardzero_plus_depr__c0p50__z1p00__lam0p020__nu0p50__psi0p75,hardzero_plus_depr,0.06,30,492,0.0,2,0.14090712,0.14091122,0.9738953,0.10619514,0.10619514,1.0,4.0943037e-06,3.855453e-05,-26.37339,2.1426125,0.7142042,0.23200001,0.008,0.13669398,9.8000345,9.820035,1577600
hardzero_plus_depr__c0p50__z1p00__lam0p020__nu0p50__psi0p75,hardzero_plus_depr,0.06,30,493,0.0,2,0.14091122,0.14091122,1.0330864,0.0,0.09266454,0.0,0.0,3.798052e-05,-27.138102,2.2728355,0.7576119,0.14400001,0.0,0.15955469,9.820035,9.840035,1580800
hardzero_plus_depr__c0p50__z1p00__lam0p020__nu0p50__psi0p75,hardzero_plus_depr,0.06,30,494,0.0,2,0.14091122,0.14091122,1.0266893,0.0,0.09403959,0.0,0.0,3.741505e-05,-28.77021,2.2587616,0.75292057,0.14999999,0.0,0.1765169,9.840035,9.860036,1584000
hardzero_plus_depr__c0p50__z1p00__lam0p020__nu0p50__psi0p75,hardzero_plus_depr,0.06,30,495,0.0,2,0.14091122,0.14091517,0.96958077,0.10725541,0.10725541,1.0,3.953219e-06,3.6857997e-05,-25.917522,2.1331203,0.71104014,0.17600001,0.0,0.14949338,9.860036,9.880036,1587200
hardzero_plus_depr__c0p50__z1p00__lam0p020__nu0p50__psi0p75,hardzero_plus_depr,0.06,30,496,0.0,2,0.14091517,0.14091517,1.0116336,0.0,0.09735681,0.0,0.0,3.630924e-05,-27.667074,2.2256384,0.74187946,0.2,0.0,0.17872973,9.880036,9.900037,1590400
hardzero_plus_depr__c0p50__z1p00__lam0p020__nu0p50__psi0p75,hardzero_plus_depr,0.06,30,497,0.0,2,0.14091517,0.14091517,1.0504551,0.0,0.089031756,0.0,0.0,3.576866e-05,-27.415339,2.3110473,0.77034914,0.112,0.0,0.16261406,9.900037,9.920037,1593600
hardzero_plus_depr__c0p50__z1p00__lam0p020__nu0p50__psi0p75,hardzero_plus_depr,0.06,30,498,0.0,2,0.14091517,0.14091517,1.0610133,0.0,0.08689337,0.0,0.0,3.523612e-05,-28.51825,2.334276,0.778092,0.128,0.0,0.17551017,9.920037,9.940038,1596800
hardzero_plus_depr__c0p50__z1p00__lam0p020__nu0p50__psi0p75,hardzero_plus_depr,0.06,30,499,0.0,2,0.14091517,0.14091517,1.0012331,0.0,0.09971647,0.0,0.0,3.471151e-05,-26.322464,2.202757,0.73425233,0.18400002,0.0,0.14768293,9.940038,9.960038,1600000
hardzero_plus_depr__c0p50__z1p00__lam0p020__nu0p50__psi0p75,hardzero_plus_depr,0.06,30,500,0.0,2,0.14091517,0.14091517,1.0079267,0.0,0.09819136,0.0,0.0,3.4194705e-05,-27.646982,2.217483,0.739161,0.192,0.0,0.14505081,9.960038,9.980039,1603200
hardzero_plus_depr__c0p50__z1p00__lam0p020__nu0p50__psi0p75,hardzero_plus_depr,0.06,30,501,0.0,2,0.14091517,0.14091517,1.0112879,0.0,0.09743434,0.0,0.0,3.3685603e-05,-27.472383,2.2248778,0.74162596,0.18400002,0.0,0.16085918,9.980039,10.000039,1606400
hardzero_plus_depr__c0p50__z1p00__lam0p020__nu0p50__psi0p75,hardzero_plus_depr,0.06,30,502,0.0,2,0.14091517,0.14091517,1.0396813,0.0,0.091268025,0.0,0.0,3.318408e-05,-27.540531,2.2873447,0.76244825,0.136,0.0,0.16013475,10.000039,10.02004,1609600
hardzero_plus_depr__c0p50__z1p00__lam0p020__nu0p50__psi0p75,hardzero_plus_depr,0.06,30,503,0.0,2,0.14091517,0.14091517,1.000418,0.0,0.099903814,0.0,0.0,3.2690023e-05,-26.625044,2.2009635,0.7336545,0.120000005,0.0,0.14453557,10.02004,10.04004,1612800
hardzero_plus_depr__c0p50__z1p00__lam0p020__nu0p50__psi0p75,hardzero_plus_depr,0.06,30,504,0.0,2,0.14091517,0.14091851,0.98383456,0.103792384,0.103792384,1.0,3.3424592e-06,3.220332e-05,-26.269316,2.1644793,0.7214931,0.208,0.0,0.13700518,10.04004,10.06004,1616000
hardzero_plus_depr__c0p50__z1p00__lam0p020__nu0p50__psi0p75,hardzero_plus_depr,0.06,30,505,0.0,2,0.14091851,0.14091851,1.0318869,0.0,0.09292082,0.0,0.0,3.1723866e-05,-27.654943,2.2701967,0.7567322,0.16800001,0.0,0.17024785,10.06004,10.080041,1619200
hardzero_plus_depr__c0p50__z1p00__lam0p020__nu0p50__psi0p75,hardzero_plus_depr,0.06,30,506,0.0,2,0.14091851,0.14091851,1.0222151,0.0,0.0950134,0.0,0.0,3.1251548e-05,-27.483566,2.2489183,0.74963945,0.2,0.0,0.15933408,10.080041,10.100041,1622400
hardzero_plus_depr__c0p50__z1p00__lam0p020__nu0p50__psi0p75,hardzero_plus_depr,0.06,30,507,0.0,2,0.14091851,0.14091851,1.0710467,0.0,0.0849089,0.0,0.0,3.078626e-05,-27.613499,2.3563497,0.7854499,0.11,0.0,0.17492849,10.100041,10.120042,1625600
hardzero_plus_depr__c0p50__z1p00__lam0p020__nu0p50__psi0p75,hardzero_plus_depr,0.06,30,508,0.0,2,0.14091851,0.14091851,1.0952735,0.0,0.080302015,0.0,0.0,3.0327905e-05,-29.255093,2.4096498,0.80321664,0.080000006,0.0,0.21521696,10.120042,10.140042,1628800
hardzero_plus_depr__c0p50__z1p00__lam0p020__nu0p50__psi0p75,hardzero_plus_depr,0.06,30,509,0.0,2,0.14091851,0.1409215,0.99970794,0.10006727,0.10006727,1.0,2.989647e-06,2.9876372e-05,-26.685682,2.1994014,0.7331338,0.16800001,0.0,0.13933218,10.140042,10.160043,1632000
hardzero_plus_depr__c0p50__z1p00__lam0p020__nu0p50__psi0p75,hardzero_plus_depr,0.06,30,510,0.0,2,0.1409215,0.14092445,0.9996707,0.10007584,0.10007584,1.0,2.945388e-06,2.9431558e-05,-26.200008,2.1993194,0.7331065,0.15200001,0.0,0.1542845,10.160043,10.180043,1635200
hardzero_plus_depr__c0p50__z1p00__lam0p020__nu0p50__psi0p75,hardzero_plus_depr,0.06,30,511,0.0,2,0.14092445,0.14092445,1.0272835,0.0,0.09391101,0.0,0.0,2.899337e-05,-27.080837,2.260069,0.75335634,0.16800001,0.0,0.15031855,10.180043,10.200044,1638400
hardzero_plus_depr__c0p50__z1p00__lam0p020__nu0p50__psi0p75,hardzero_plus_depr,0.06,30,512,0.0,2,0.14092445,0.14092445,1.0450523,0.0,0.090146266,0.0,0.0,2.8561704e-05,-27.694662,2.299161,0.766387,0.112,0.0,0.16612452,10.200044,10.220044,1641600
hardzero_plus_depr__c0p50__z1p00__lam0p020__nu0p50__psi0p75,hardzero_plus_depr,0.06,30,513,0.0,2,0.14092445,0.14092445,1.0402519,0.0,0.091148205,0.0,0.0,2.8136466e-05,-27.771357,2.2885997,0.7628666,0.136,0.0,0.17723434,10.220044,10.240045,1644800
hardzero_plus_depr__c0p50__z1p00__lam0p020__nu0p50__psi0p75,hardzero_plus_depr,0.06,30,514,0.0,2,0.14092445,0.14092726,0.9962651,0.10086371,0.10086371,1.0,2.795696e-06,2.771756e-05,-26.459877,2.191827,0.73060906,0.16800001,0.0,0.1691598,10.240045,10.260045,1648000
hardzero_plus_depr__c0p50__z1p00__lam0p020__nu0p50__psi0p75,hardzero_plus_depr,0.06,30,515,0.0,2,0.14092726,0.1409302,0.9664117,0.10804092,0.10804092,1.0,2.9500454e-06,2.730489e-05,-26.7386,2.1261482,0.7087161,0.14400001,0.0,0.15550262,10.260045,10.2800455,1651200
hardzero_plus_depr__c0p50__z1p00__lam0p020__nu0p50__psi0p75,hardzero_plus_depr,0.06,30,516,0.0,2,0.1409302,0.1409302,1.0014799,0.0,0.09965983,0.0,0.0,2.6898364e-05,-27.029835,2.2032998,0.7344333,0.16000001,0.0,0.16153452,10.2800455,10.300046,1654400
hardzero_plus_depr__c0p50__z1p00__lam0p020__nu0p50__psi0p75,hardzero_plus_depr,0.06,30,517,0.0,2,0.1409302,0.1409302,1.0387722,0.0,0.09145928,0.0,0.0,2.649789e-05,-27.24656,2.2853446,0.7617816,0.15200001,0.0,0.15136413,10.300046,10.320046,1657600
hardzero_plus_depr__c0p50__z1p00__lam0p020__nu0p50__psi0p75,hardzero_plus_depr,0.06,30,518,0.0,2,0.1409302,0.14093304,0.96366584,0.10872618,0.10872618,1.0,2.8381207e-06,2.610338e-05,-26.153273,2.1201072,0.7067024,0.16000001,0.0,0.15027243,10.320046,10.340047,1660800
hardzero_plus_depr__c0p50__z1p00__lam0p020__nu0p50__psi0p75,hardzero_plus_depr,0.06,30,519,0.0,2,0.14093304,0.14093304,1.0262482,0.0,0.09413513,0.0,0.0,2.5714742e-05,-28.19745,2.257791,0.75259703,0.136,0.0,0.19175655,10.340047,10.360047,1664000
hardzero_plus_depr__c0p50__z1p00__lam0p020__nu0p50__psi0p75,hardzero_plus_depr,0.06,30,520,0.0,2,0.14093304,0.14093304,1.0249696,0.0,0.09441269,0.0,0.0,2.533189e-05,-26.863579,2.2549782,0.7516594,0.11,0.0,0.16015986,10.360047,10.380048,1667200
hardzero_plus_depr__c0p50__z1p00__lam0p020__nu0p50__psi0p75,hardzero_plus_depr,0.06,30,521,0.0,2,0.14093304,0.14093304,1.040928,0.0,0.09100641,0.0,0.0,2.4954737e-05,-28.214483,2.2900872,0.7633624,0.192,0.0,0.15637422,10.380048,10.400048,1670400
hardzero_plus_depr__c0p50__z1p00__lam0p020__nu0p50__psi0p75,hardzero_plus_depr,0.06,30,522,0.0,2,0.14093304,0.14093575,0.957201,0.11035678,0.11035678,1.0,2.712923e-06,2.4583203e-05,-25.8743,2.1058843,0.70196146,0.16000001,0.0,0.13954043,10.400048,10.420049,1673600
hardzero_plus_depr__c0p50__z1p00__lam0p020__nu0p50__psi0p75,hardzero_plus_depr,0.06,30,523,0.0,2,0.14093575,0.14093575,1.0276551,0.0,0.093830675,0.0,0.0,2.42172e-05,-26.453598,2.2608864,0.75362885,0.096,0.0,0.16197316,10.420049,10.440049,1676800
hardzero_plus_depr__c0p50__z1p00__lam0p020__nu0p50__psi0p75,hardzero_plus_depr,0.06,30,524,0.0,2,0.14093575,0.14093575,1.0370169,0.0,0.0918297,0.0,0.0,2.3856644e-05,-27.85986,2.2814827,0.76049423,0.18400002,0.0,0.1823882,10.440049,10.46005,1680000
hardzero_plus_depr__c0p50__z1p00__lam0p020__nu0p50__psi0p75,hardzero_plus_depr,0.06,30,525,0.0,2,0.14093575,0.14093575,1.0129093,0.0,0.09707126,0.0,0.0,2.3501456e-05,-26.380281,2.2284448,0.74281496,0.14400001,0.0,0.14821386,10.46005,10.48005,1683200
hardzero_plus_depr__c0p50__z1p00__lam0p020__nu0p50__psi0p75,hardzero_plus_depr,0.06,30,526,0.0,2,0.14093575,0.14093575,1.0464021,0.0,0.08986653,0.0,0.0,2.3151557e-05,-28.011526,2.3021305,0.76737684,0.08800001,0.0,0.1714428,10.48005,10.500051,1686400
hardzero_plus_depr__c0p50__z1p00__lam0p020__nu0p50__psi0p75,hardzero_plus_depr,0.06,30,527,0.0,2,0.14093575,0.14093575,1.040268,0.0,0.09114484,0.0,0.0,2.2806867e-05,-28.008993,2.2886353,0.7628784,0.16000001,0.0,0.16147728,10.500051,10.520051,1689600
hardzero_plus_depr__c0p50__z1p00__lam0p020__nu0p50__psi0p75,hardzero_plus_depr,0.06,30,528,0.0,2,0.14093575,0.14093812,0.9773404,0.10535608,0.10535608,1.0,2.3670677e-06,2.246731e-05,-26.738869,2.1501918,0.7167306,0.16800001,0.0,0.14989623,10.520051,10.540051,1692800
hardzero_plus_depr__c0p50__z1p00__lam0p020__nu0p50__psi0p75,hardzero_plus_depr,0.06,30,529,0.0,2,0.14093812,0.14093812,1.0043545,0.0,0.09900236,0.0,0.0,2.2132808e-05,-26.836914,2.209624,0.7365414,0.16000001,0.0,0.1601519,10.540051,10.560052,1696000
hardzero_plus_depr__c0p50__z1p00__lam0p020__nu0p50__psi0p75,hardzero_plus_depr,0.06,30,530,0.0,2,0.14093812,0.14094041,0.9779003,0.10522033,0.10522033,1.0,2.2941488e-06,2.1803284e-05,-25.950233,2.1514237,0.7171413,0.17600001,0.0,0.13860433,10.560052,10.580052,1699200
hardzero_plus_depr__c0p50__z1p00__lam0p020__nu0p50__psi0p75,hardzero_plus_depr,0.06,30,531,0.0,2,0.14094041,0.14094257,0.9978288,0.10050119,0.10050119,1.0,2.1586318e-06,2.1478669e-05,-26.410961,2.1952672,0.73175573,0.16000001,0.0,0.14655326,10.580052,10.600053,1702400
hardzero_plus_depr__c0p50__z1p00__lam0p020__nu0p50__psi0p75,hardzero_plus_depr,0.06,30,532,0.0,2,0.14094257,0.14094469,0.9986521,0.100310855,0.100310855,1.0,2.1224657e-06,2.1158885e-05,-27.276804,2.1970785,0.7323595,0.17600001,0.0,0.15028031,10.600053,10.620053,1705600
hardzero_plus_depr__c0p50__z1p00__lam0p020__nu0p50__psi0p75,hardzero_plus_depr,0.06,30,533,0.0,2,0.14094469,0.14094469,1.0196301,0.0,0.095580645,0.0,0.0,2.0843865e-05,-27.309841,2.243231,0.7477437,0.14,0.0,0.16878335,10.620053,10.640054,1708800
hardzero_plus_depr__c0p50__z1p00__lam0p020__nu0p50__psi0p75,hardzero_plus_depr,0.06,30,534,0.0,2,0.14094469,0.14094469,1.0025865,0.0,0.0994062,0.0,0.0,2.0533533e-05,-27.358494,2.2057343,0.73524475,0.18400002,0.0,0.1756574,10.640054,10.660054,1712000
hardzero_plus_depr__c0p50__z1p00__lam0p020__nu0p50__psi0p75,hardzero_plus_depr,0.06,30,535,0.0,2,0.14094469,0.14094679,0.9848059,0.1035605,0.1035605,1.0,2.094803e-06,2.0227819e-05,-26.847742,2.1666162,0.7222054,0.136,0.0,0.14409856,10.660054,10.680055,1715200
hardzero_plus_depr__c0p50__z1p00__lam0p020__nu0p50__psi0p75,hardzero_plus_depr,0.06,30,536,0.0,2,0.14094679,0.14094679,1.0086648,0.0,0.098024614,0.0,0.0,1.9926661e-05,-26.906824,2.219107,0.73970234,0.16800001,0.0,0.16848145,10.680055,10.700055,1718400
hardzero_plus_depr__c0p50__z1p00__lam0p020__nu0p50__psi0p75,hardzero_plus_depr,0.06,30,537,0.0,2,0.14094679,0.14094894,0.96238416,0.10904753,0.10904753,1.0,2.1406015e-06,1.9629986e-05,-26.409595,2.1172874,0.7057625,0.264,0.0,0.14245881,10.700055,10.720056,1721600
hardzero_plus_depr__c0p50__z1p00__lam0p020__nu0p50__psi0p75,hardzero_plus_depr,0.06,30,538,0.0,2,0.14094894,0.14095116,0.94013983,0.11477839,0.11477839,1.0,2.219553e-06,1.9337725e-05,-25.93006,2.068349,0.68944967,0.136,0.0,0.13061008,10.720056,10.740056,1724800
hardzero_plus_depr__c0p50__z1p00__lam0p020__nu0p50__psi0p75,hardzero_plus_depr,0.06,30,539,0.0,2,0.14095116,0.14095317,0.9775118,0.10531449,0.10531449,1.0,2.0062218e-06,1.9049818e-05,-26.790117,2.150569,0.71685636,0.16800001,0.0,0.15049602,10.740056,10.7600565,1728000
hardzero_plus_depr__c0p50__z1p00__lam0p020__nu0p50__psi0p75,hardzero_plus_depr,0.06,30,540,0.0,2,0.14095317,0.14095317,1.0458485,0.0,0.08998114,0.0,0.0,1.8766197e-05,-27.165844,2.3009126,0.7669709,0.128,0.008,0.15207323,10.7600565,10.780057,1731200
hardzero_plus_depr__c0p50__z1p00__lam0p020__nu0p50__psi0p75,hardzero_plus_depr,0.06,30,541,0.0,2,0.14095317,0.14095317,1.0388842,0.0,0.09143571,0.0,0.0,1.8486799e-05,-27.984287,2.285591,0.76186365,0.192,0.0,0.17678198,10.780057,10.800057,1734400
hardzero_plus_depr__c0p50__z1p00__lam0p020__nu0p50__psi0p75,hardzero_plus_depr,0.06,30,542,0.0,2,0.14095317,0.14095317,1.1093415,0.0,0.077742495,0.0,0.0,1.821156e-05,-28.838999,2.4406,0.8135333,0.112,0.0,0.16530232,10.800057,10.820058,1737600
hardzero_plus_depr__c0p50__z1p00__lam0p020__nu0p50__psi0p75,hardzero_plus_depr,0.06,30,543,0.0,2,0.14095317,0.14095508,0.97455215,0.10603467,0.10603467,1.0,1.9023064e-06,1.794042e-05,-25.567907,2.1440575,0.71468586,0.16800001,0.0,0.14203693,10.820058,10.840058,1740800
hardzero_plus_depr__c0p50__z1p00__lam0p020__nu0p50__psi0p75,hardzero_plus_depr,0.06,30,544,0.0,2,0.14095508,0.14095694,0.97678185,0.10549166,0.10549166,1.0,1.8643872e-06,1.7673314e-05,-26.398716,2.148963,0.716321,0.136,0.0,0.1275972,10.840058,10.860059,1744000
hardzero_plus_depr__c0p50__z1p00__lam0p020__nu0p50__psi0p75,hardzero_plus_depr,0.06,30,545,0.0,2,0.14095694,0.14095879,0.97573876,0.10574534,0.10574534,1.0,1.841046e-06,1.7410186e-05,-26.596834,2.1466682,0.7155561,0.136,0.0,0.14757854,10.860059,10.880059,1747200
hardzero_plus_depr__c0p50__z1p00__lam0p020__nu0p50__psi0p75,hardzero_plus_depr,0.06,30,546,0.0,2,0.14095879,0.14095879,1.0340436,0.0,0.09246054,0.0,0.0,1.7150976e-05,-26.627302,2.2749412,0.7583138,0.13,0.0,0.14922112,10.880059,10.90006,1750400
hardzero_plus_depr__c0p50__z1p00__lam0p020__nu0p50__psi0p75,hardzero_plus_depr,0.06,30,547,0.0,2,0.14095879,0.14095879,1.0120384,0.0,0.097266145,0.0,0.0,1.6895627e-05,-26.802065,2.226529,0.7421763,0.18400002,0.0,0.15787974,10.90006,10.92006,1753600
hardzero_plus_depr__c0p50__z1p00__lam0p020__nu0p50__psi0p75,hardzero_plus_depr,0.06,30,548,0.0,2,0.14095879,0.14096059,0.96577257,0.10820005,0.10820005,1.0,1.80089e-06,1.6644077e-05,-26.224747,2.124742,0.70824736,0.17600001,0.0,0.13594796,10.92006,10.940061,1756800
hardzero_plus_depr__c0p50__z1p00__lam0p020__nu0p50__psi0p75,hardzero_plus_depr,0.06,30,549,0.0,2,0.14096059,0.14096059,1.0318965,0.0,0.09291878,0.0,0.0,1.6396276e-05,-27.681189,2.2702177,0.75673926,0.120000005,0.0,0.17515002,10.940061,10.960061,1760000
hardzero_plus_depr__c0p50__z1p00__lam0p020__nu0p50__psi0p75,hardzero_plus_depr,0.06,30,550,0.0,2,0.14096059,0.14096059,1.0372676,0.0,0.091776684,0.0,0.0,1.6152158e-05,-28.040283,2.2820342,0.76067805,0.17600001,0.0,0.16616221,10.960061,10.980062,1763200
hardzero_plus_depr__c0p50__z1p00__lam0p020__nu0p50__psi0p75,hardzero_plus_depr,0.06,30,551,0.0,2,0.14096059,0.14096224,0.981656,0.10431431,0.10431431,1.0,1.659816e-06,1.591168e-05,-26.400806,2.1596863,0.7198955,0.23200001,0.0,0.15361375,10.980062,11.000062,1766400
hardzero_plus_depr__c0p50__z1p00__lam0p020__nu0p50__psi0p75,hardzero_plus_depr,0.06,30,552,0.0,2,0.14096224,0.14096393,0.96758896,0.10774844,0.10774844,1.0,1.6889333e-06,1.5674781e-05,-27.495544,2.1287382,0.7095794,0.17600001,0.0,0.1583993,11.000062,11.020062,1769600
hardzero_plus_depr__c0p50__z1p00__lam0p020__nu0p50__psi0p75,hardzero_plus_depr,0.06,30,553,0.0,2,0.14096393,0.14096554,0.98340434,0.10389525,0.10389525,1.0,1.604289e-06,1.5441408e-05,-26.786533,2.1635327,0.7211776,0.16800001,0.0,0.13518555,11.020062,11.040063,1772800
hardzero_plus_depr__c0p50__z1p00__lam0p020__nu0p50__psi0p75,hardzero_plus_depr,0.06,30,554,0.0,2,0.14096554,0.14096554,1.0668267,0.0,0.08573798,0.0,0.0,1.5211509e-05,-27.779127,2.3470657,0.78235525,0.128,0.0,0.16887373,11.040063,11.060063,1776000
hardzero_plus_depr__c0p50__z1p00__lam0p020__nu0p50__psi0p75,hardzero_plus_depr,0.06,30,555,0.0,2,0.14096554,0.14096554,1.0100155,0.0,0.097720236,0.0,0.0,1.4985035e-05,-27.253222,2.2220783,0.7406928,0.16000001,0.0,0.1616826,11.060063,11.080064,1779200
hardzero_plus_depr__c0p50__z1p00__lam0p020__nu0p50__psi0p75,hardzero_plus_depr,0.06,30,556,0.0,2,0.14096554,0.14096716,0.95937353,0.1098061,0.1098061,1.0,1.6209502e-06,1.4761933e-05,-26.558683,2.110664,0.70355463,0.2,0.0,0.1595577,11.080064,11.100064,1782400
hardzero_plus_depr__c0p50__z1p00__lam0p020__nu0p50__psi0p75,hardzero_plus_depr,0.06,30,557,0.0,2,0.14096716,0.14096716,1.0338084,0.0,0.09251063,0.0,0.0,1.454215e-05,-27.070234,2.2744238,0.7581413,0.15200001,0.0,0.19170178,11.100064,11.120065,1785600
hardzero_plus_depr__c0p50__z1p00__lam0p020__nu0p50__psi0p75,hardzero_plus_depr,0.06,30,558,0.0,2,0.14096716,0.14096716,1.008055,0.0,0.09816235,0.0,0.0,1.4325641e-05,-27.19397,2.217765,0.7392551,0.16800001,0.0,0.15362465,11.120065,11.140065,1788800
hardzero_plus_depr__c0p50__z1p00__lam0p020__nu0p50__psi0p75,hardzero_plus_depr,0.06,30,559,0.0,2,0.14096716,0.14096716,1.0275071,0.0,0.093862675,0.0,0.0,1.41123555e-05,-27.467232,2.2605608,0.75352025,0.17,0.0,0.17160612,11.140065,11.160066,1792000
hardzero_plus_depr__c0p50__z1p00__lam0p020__nu0p50__psi0p75,hardzero_plus_depr,0.06,30,560,0.0,2,0.14096716,0.14096716,1.0258992,0.0,0.09421082,0.0,0.0,1.3902244e-05,-27.28881,2.2570233,0.75234115,0.17600001,0.0,0.14177714,11.160066,11.180066,1795200
hardzero_plus_depr__c0p50__z1p00__lam0p020__nu0p50__psi0p75,hardzero_plus_depr,0.06,30,561,0.0,2,0.14096716,0.14096716,1.0298148,0.0,0.09336522,0.0,0.0,1.3695263e-05,-26.777895,2.2656379,0.75521266,0.16800001,0.0,0.1587322,11.180066,11.200067,1798400
hardzero_plus_depr__c0p50__z1p00__lam0p020__nu0p50__psi0p75,hardzero_plus_depr,0.06,30,562,0.0,2,0.14096716,0.14096716,1.0649236,0.0,0.08611451,0.0,0.0,1.3491362e-05,-27.698677,2.3428788,0.7809596,0.112,0.0,0.15278423,11.200067,11.220067,1801600
hardzero_plus_depr__c0p50__z1p00__lam0p020__nu0p50__psi0p75,hardzero_plus_depr,0.06,30,563,0.0,2,0.14096716,0.14096716,1.0171682,0.0,0.09612399,0.0,0.0,1.3290498e-05,-27.2846,2.2378147,0.74593824,0.208,0.0,0.17521022,11.220067,11.2400675,1804800
hardzero_plus_depr__c0p50__z1p00__lam0p020__nu0p50__psi0p75,hardzero_plus_depr,0.06,30,564,0.0,2,0.14096716,0.14096862,0.9509254,0.11196302,0.11196302,1.0,1.4658897e-06,1.3092624e-05,-26.134552,2.0920777,0.69735926,0.16800001,0.0,0.1612777,11.2400675,11.260068,1808000
hardzero_plus_depr__c0p50__z1p00__lam0p020__nu0p50__psi0p75,hardzero_plus_depr,0.06,30,565,0.0,2,0.14096862,0.14096862,1.031563,0.0,0.092990145,0.0,0.0,1.2897694e-05,-27.81289,2.269484,0.7564947,0.15200001,0.0,0.15792103,11.260068,11.280068,1811200
hardzero_plus_depr__c0p50__z1p00__lam0p020__nu0p50__psi0p75,hardzero_plus_depr,0.06,30,566,0.0,2,0.14096862,0.14096862,1.0290347,0.0,0.09353308,0.0,0.0,1.2705669e-05,-28.473398,2.2639217,0.7546406,0.16000001,0.0,0.17243569,11.280068,11.300069,1814400
hardzero_plus_depr__c0p50__z1p00__lam0p020__nu0p50__psi0p75,hardzero_plus_depr,0.06,30,567,0.0,2,0.14096862,0.14096993,0.98018414,0.10466845,0.10466845,1.0,1.3100829e-06,1.2516502e-05,-27.270704,2.1564481,0.71881604,0.16800001,0.0,0.16804232,11.300069,11.320069,1817600
hardzero_plus_depr__c0p50__z1p00__lam0p020__nu0p50__psi0p75,hardzero_plus_depr,0.06,30,568,0.0,2,0.14096993,0.14097136,0.937374,0.115511715,0.115511715,1.0,1.424277e-06,1.2330152e-05,-26.398031,2.062264,0.6874213,0.208,0.0,0.14084825,11.320069,11.34007,1820800
hardzero_plus_depr__c0p50__z1p00__lam0p020__nu0p50__psi0p75,hardzero_plus_depr,0.06,30,569,0.0,2,0.14097136,0.14097136,1.0193406,0.0,0.095644355,0.0,0.0,1.21465755e-05,-27.065283,2.2425942,0.7475314,0.192,0.0,0.15339418,11.34007,11.36007,1824000
hardzero_plus_depr__c0p50__z1p00__lam0p020__nu0p50__psi0p75,hardzero_plus_depr,0.06,30,570,0.0,2,0.14097136,0.14097136,1.0239896,0.0,0.09462599,0.0,0.0,1.1965732e-05,-27.519386,2.252822,0.7509407,0.16000001,0.0,0.16373987,11.36007,11.380071,1827200
hardzero_plus_depr__c0p50__z1p00__lam0p020__nu0p50__psi0p75,hardzero_plus_depr,0.06,30,571,0.0,2,0.14097136,0.14097136,1.0366205,0.0,0.09191355,0.0,0.0,1.1787581e-05,-27.969198,2.2806106,0.76020354,0.120000005,0.0,0.16249657,11.380071,11.400071,1830400
hardzero_plus_depr__c0p50__z1p00__lam0p020__nu0p50__psi0p75,hardzero_plus_depr,0.06,30,572,0.0,2,0.14097136,0.14097136,1.0355027,0.0,0.09215041,0.0,0.0,1.1612084e-05,-27.92146,2.2781513,0.7593838,0.19999999,0.0,0.158934,11.400071,11.420072,1833600
hardzero_plus_depr__c0p50__z1p00__lam0p020__nu0p50__psi0p75,hardzero_plus_depr,0.06,30,573,0.0,2,0.14097136,0.14097136,1.0324038,0.0,0.092810296,0.0,0.0,1.1439198e-05,-27.618792,2.2713337,0.75711125,0.16800001,0.0,0.15360926,11.420072,11.440072,1836800
hardzero_plus_depr__c0p50__z1p00__lam0p020__nu0p50__psi0p75,hardzero_plus_depr,0.06,30,574,0.0,2,0.14097136,0.14097136,1.0540502,0.0,0.08829778,0.0,0.0,1.1268887e-05,-27.696007,2.3189569,0.77298564,0.224,0.0,0.17786866,11.440072,11.4600725,1840000
hardzero_plus_depr__c0p50__z1p00__lam0p020__nu0p50__psi0p75,hardzero_plus_depr,0.06,30,575,0.0,2,0.14097136,0.14097252,0.97803956,0.1051866,0.1051866,1.0,1.167688e-06,1.110111e-05,-26.230297,2.15173,0.7172434,0.136,0.0,0.13519129,11.4600725,11.480073,1843200
hardzero_plus_depr__c0p50__z1p00__lam0p020__nu0p50__psi0p75,hardzero_plus_depr,0.06,30,576,0.0,2,0.14097252,0.14097366,0.98203343,0.104223706,0.104223706,1.0,1.1397731e-06,1.0935833e-05,-26.863747,2.1605167,0.7201723,0.120000005,0.0,0.15443496,11.480073,11.500073,1846400
hardzero_plus_depr__c0p50__z1p00__lam0p020__nu0p50__psi0p75,hardzero_plus_depr,0.06,30,577,0.0,2,0.14097366,0.1409748,0.97096497,0.10691412,0.10691412,1.0,1.1517876e-06,1.0773017e-05,-26.521067,2.1361656,0.7120552,0.136,0.0,0.14245294,11.500073,11.520074,1849600
hardzero_plus_depr__c0p50__z1p00__lam0p020__nu0p50__psi0p75,hardzero_plus_depr,0.06,30,578,0.0,2,0.1409748,0.14097595,0.9665836,0.10799817,0.10799817,1.0,1.146144e-06,1.0612624e-05,-26.051622,2.1265264,0.70884216,0.2,0.0,0.12955275,11.520074,11.540074,1852800
hardzero_plus_depr__c0p50__z1p00__lam0p020__nu0p50__psi0p75,hardzero_plus_depr,0.06,30,579,0.0,2,0.14097595,0.14097595,1.0238966,0.0,0.094646245,0.0,0.0,1.0454619e-05,-26.83855,2.2526174,0.7508725,0.128,0.0,0.1485252,11.540074,11.560075,1856000
hardzero_plus_depr__c0p50__z1p00__lam0p020__nu0p50__psi0p75,hardzero_plus_depr,0.06,30,580,0.0,2,0.14097595,0.14097595,1.078304,0.0,0.08350182,0.0,0.0,1.0298965e-05,-28.507584,2.3723164,0.79077214,0.14400001,0.0,0.16256933,11.560075,11.580075,1859200
hardzero_plus_depr__c0p50__z1p00__lam0p020__nu0p50__psi0p75,hardzero_plus_depr,0.06,30,581,0.0,2,0.14097595,0.1409771,0.94819194,0.112669945,0.112669945,1.0,1.1431076e-06,1.0145631e-05,-25.165962,2.0860639,0.69535464,0.2,0.008,0.13254154,11.580075,11.600076,1862400
hardzero_plus_depr__c0p50__z1p00__lam0p020__nu0p50__psi0p75,hardzero_plus_depr,0.06,30,582,0.0,2,0.1409771,0.1409771,1.0449542,0.0,0.09016662,0.0,0.0,9.994578e-06,-27.242428,2.2989452,0.7663151,0.136,0.0,0.1870536,11.600076,11.620076,1865600
hardzero_plus_depr__c0p50__z1p00__lam0p020__nu0p50__psi0p75,hardzero_plus_depr,0.06,30,583,0.0,2,0.1409771,0.1409771,1.0161606,0.0,0.09634726,0.0,0.0,9.845775e-06,-26.947285,2.235598,0.7451994,0.18400002,0.0,0.1683539,11.620076,11.640077,1868800
hardzero_plus_depr__c0p50__z1p00__lam0p020__nu0p50__psi0p75,hardzero_plus_depr,0.06,30,584,0.0,2,0.1409771,0.1409781,0.9906187,0.10218362,0.10218362,1.0,9.91098e-07,9.699187e-06,-26.82663,2.1794047,0.72646827,0.208,0.0,0.17461915,11.640077,11.660077,1872000
hardzero_plus_depr__c0p50__z1p00__lam0p020__nu0p50__psi0p75,hardzero_plus_depr,0.06,30,585,0.0,2,0.1409781,0.1409781,1.0467949,0.0,0.08978528,0.0,0.0,9.554782e-06,-27.538618,2.3029947,0.7676649,0.12,0.0,0.20525402,11.660077,11.680078,1875200
hardzero_plus_depr__c0p50__z1p00__lam0p020__nu0p50__psi0p75,hardzero_plus_depr,0.06,30,586,0.0,2,0.1409781,0.1409781,1.0591714,0.0,0.08726269,0.0,0.0,9.412526e-06,-27.907978,2.3302238,0.77674127,0.096,0.0,0.16783121,11.680078,11.700078,1878400
hardzero_plus_depr__c0p50__z1p00__lam0p020__nu0p50__psi0p75,hardzero_plus_depr,0.06,30,587,0.0,2,0.1409781,0.1409781,1.0469213,0.0,0.089759156,0.0,0.0,9.272389e-06,-27.798466,2.3032727,0.7677576,0.192,0.008,0.18206817,11.700078,11.720078,1881600
hardzero_plus_depr__c0p50__z1p00__lam0p020__nu0p50__psi0p75,hardzero_plus_depr,0.06,30,588,0.0,2,0.1409781,0.1409781,1.0483313,0.0,0.0894682,0.0,0.0,9.134338e-06,-28.721893,2.3063748,0.7687916,0.136,0.0,0.1533255,11.720078,11.740079,1884800
hardzero_plus_depr__c0p50__z1p00__lam0p020__nu0p50__psi0p75,hardzero_plus_depr,0.06,30,589,0.0,2,0.1409781,0.140979,0.99654275,0.10079923,0.10079923,1.0,9.07026e-07,8.998342e-06,-27.264904,2.192438,0.73081267,0.128,0.0,0.13724834,11.740079,11.760079,1888000
hardzero_plus_depr__c0p50__z1p00__lam0p020__nu0p50__psi0p75,hardzero_plus_depr,0.06,30,590,0.0,2,0.140979,0.140979,1.0378277,0.0,0.091658406,0.0,0.0,8.864371e-06,-27.415812,2.2832665,0.76108885,0.208,0.0,0.16377136,11.760079,11.78008,1891200
hardzero_plus_depr__c0p50__z1p00__lam0p020__nu0p50__psi0p75,hardzero_plus_depr,0.06,30,591,0.0,2,0.140979,0.14097989,0.99632335,0.100850165,0.100850165,1.0,8.806635e-07,8.732395e-06,-26.613667,2.191955,0.73065174,0.104,0.0,0.13897471,11.78008,11.80008,1894400
hardzero_plus_depr__c0p50__z1p00__lam0p020__nu0p50__psi0p75,hardzero_plus_depr,0.06,30,592,0.0,2,0.14097989,0.14097989,1.0358415,0.0,0.09207856,0.0,0.0,8.602384e-06,-27.003256,2.2788968,0.7596323,0.15200001,0.0,0.16780409,11.80008,11.820081,1897600
hardzero_plus_depr__c0p50__z1p00__lam0p020__nu0p50__psi0p75,hardzero_plus_depr,0.06,30,593,0.0,2,0.14097989,0.14097989,1.0022154,0.0,0.09949118,0.0,0.0,8.474308e-06,-27.402843,2.204918,0.73497266,0.18400002,0.0,0.15025164,11.820081,11.840081,1900800
hardzero_plus_depr__c0p50__z1p00__lam0p020__nu0p50__psi0p75,hardzero_plus_depr,0.06,30,594,0.0,2,0.14097989,0.14097989,1.027582,0.0,0.09384647,0.0,0.0,8.34814e-06,-27.82824,2.2607257,0.75357527,0.072000004,0.0,0.17362422,11.840081,11.860082,1904000
hardzero_plus_depr__c0p50__z1p00__lam0p020__nu0p50__psi0p75,hardzero_plus_depr,0.06,30,595,0.0,2,0.14097989,0.14097989,1.0252159,0.0,0.094359174,0.0,0.0,8.223849e-06,-27.370647,2.2555199,0.75184,0.2,0.0,0.16688351,11.860082,11.880082,1907200
hardzero_plus_depr__c0p50__z1p00__lam0p020__nu0p50__psi0p75,hardzero_plus_depr,0.06,30,596,0.0,2,0.14097989,0.14097989,1.016184,0.0,0.096342064,0.0,0.0,8.101409e-06,-27.027111,2.2356493,0.7452165,0.128,0.0,0.17301527,11.880082,11.900083,1910400
hardzero_plus_depr__c0p50__z1p00__lam0p020__nu0p50__psi0p75,hardzero_plus_depr,0.06,30,597,0.0,2,0.14097989,0.14097989,1.0430392,0.0,0.09056507,0.0,0.0,7.980792e-06,-27.546427,2.294732,0.7649107,0.192,0.0,0.19427231,11.900083,11.920083,1913600
hardzero_plus_depr__c0p50__z1p00__lam0p020__nu0p50__psi0p75,hardzero_plus_depr,0.06,30,598,0.0,2,0.14097989,0.14097989,1.0132453,0.0,0.09699619,0.0,0.0,7.8619705e-06,-26.953194,2.2291842,0.7430614,0.16,0.0,0.15492043,11.920083,11.9400835,1916800
hardzero_plus_depr__c0p50__z1p00__lam0p020__nu0p50__psi0p75,hardzero_plus_depr,0.06,30,599,0.0,2,0.14097989,0.14098069,0.9854716,0.10340186,0.10340186,1.0,8.00839e-07,7.744919e-06,-26.653997,2.1680808,0.7226936,0.16000001,0.0,0.1710934,11.9400835,11.960084,1920000
hardzero_plus_depr__c0p50__z1p00__lam0p020__nu0p50__psi0p75,hardzero_plus_depr,0.06,30,600,0.0,2,0.14098069,0.14098069,1.030398,0.0,0.09323994,0.0,0.0,7.629609e-06,-27.176594,2.2669208,0.75564027,0.17600001,0.0,0.16294214,11.960084,11.980084,1923200
hardzero_plus_depr__c0p50__z1p00__lam0p020__nu0p50__psi0p75,hardzero_plus_depr,0.06,30,601,0.0,2,0.14098069,0.14098069,1.0259416,0.0,0.09420163,0.0,0.0,7.5160165e-06,-27.344702,2.2571166,0.7523722,0.15200001,0.0,0.17033519,11.980084,12.000085,1926400
hardzero_plus_depr__c0p50__z1p00__lam0p020__nu0p50__psi0p75,hardzero_plus_depr,0.06,30,602,0.0,2,0.14098069,0.14098069,1.013906,0.0,0.09684873,0.0,0.0,7.4041145e-06,-26.943842,2.2306378,0.74354595,0.15200001,0.0,0.15934339,12.000085,12.020085,1929600
hardzero_plus_depr__c0p50__z1p00__lam0p020__nu0p50__psi0p75,hardzero_plus_depr,0.06,30,603,0.0,2,0.14098069,0.14098144,0.993635,0.10147639,0.10147639,1.0,7.401566e-07,7.2938797e-06,-27.175936,2.1860406,0.72868025,0.24000001,0.0,0.15393472,12.020085,12.040086,1932800
hardzero_plus_depr__c0p50__z1p00__lam0p020__nu0p50__psi0p75,hardzero_plus_depr,0.06,30,604,0.0,2,0.14098144,0.14098217,0.9939887,0.10139379,0.10139379,1.0,7.2854334e-07,7.1852855e-06,-26.556112,2.1868188,0.72893965,0.136,0.0,0.1602818,12.040086,12.060086,1936000
hardzero_plus_depr__c0p50__z1p00__lam0p020__nu0p50__psi0p75,hardzero_plus_depr,0.06,30,605,0.0,2,0.14098217,0.14098217,1.0309546,0.0,0.093120515,0.0,0.0,7.078308e-06,-26.330137,2.2681453,0.75604844,0.16800001,0.0,0.16824226,12.060086,12.080087,1939200
hardzero_plus_depr__c0p50__z1p00__lam0p020__nu0p50__psi0p75,hardzero_plus_depr,0.06,30,606,0.0,2,0.14098217,0.14098217,1.0333822,0.0,0.09260146,0.0,0.0,6.972923e-06,-27.854548,2.2734861,0.7578287,0.14400001,0.0,0.17894399,12.080087,12.100087,1942400
hardzero_plus_depr__c0p50__z1p00__lam0p020__nu0p50__psi0p75,hardzero_plus_depr,0.06,30,607,0.0,2,0.14098217,0.14098217,1.0501533,0.0,0.089093655,0.0,0.0,6.869108e-06,-28.182343,2.3103833,0.7701278,0.192,0.0,0.15575685,12.100087,12.120088,1945600
hardzero_plus_depr__c0p50__z1p00__lam0p020__nu0p50__psi0p75,hardzero_plus_depr,0.06,30,608,0.0,2,0.14098217,0.14098217,1.0176809,0.0,0.096010596,0.0,0.0,6.766838e-06,-27.889286,2.2389426,0.7463142,0.2,0.0,0.16415673,12.120088,12.140088,1948800
hardzero_plus_depr__c0p50__z1p00__lam0p020__nu0p50__psi0p75,hardzero_plus_depr,0.06,30,609,0.0,2,0.14098217,0.14098217,1.0923156,0.0,0.08085082,0.0,0.0,6.666091e-06,-28.504965,2.4031422,0.80104744,0.16000001,0.0,0.19996794,12.140088,12.160089,1952000
hardzero_plus_depr__c0p50__z1p00__lam0p020__nu0p50__psi0p75,hardzero_plus_depr,0.06,30,610,0.0,2,0.14098217,0.14098217,1.0451071,0.0,0.09013488,0.0,0.0,6.5668423e-06,-27.73464,2.2992816,0.7664272,0.16800001,0.0,0.15344158,12.160089,12.180089,1955200
hardzero_plus_depr__c0p50__z1p00__lam0p020__nu0p50__psi0p75,hardzero_plus_depr,0.06,30,611,0.0,2,0.14098217,0.14098217,1.0356591,0.0,0.09211724,0.0,0.0,6.469073e-06,-26.50417,2.2784956,0.75949854,0.17,0.0,0.14350754,12.180089,12.200089,1958400
hardzero_plus_depr__c0p50__z1p00__lam0p020__nu0p50__psi0p75,hardzero_plus_depr,0.06,30,612,0.0,2,0.14098217,0.14098217,1.0276774,0.0,0.09382587,0.0,0.0,6.372759e-06,-27.814106,2.2609355,0.7536452,0.16800001,0.0,0.14224371,12.200089,12.22009,1961600
hardzero_plus_depr__c0p50__z1p00__lam0p020__nu0p50__psi0p75,hardzero_plus_depr,0.06,30,613,0.0,2,0.14098217,0.14098217,1.0071266,0.0,0.09837242,0.0,0.0,6.277879e-06,-27.87044,2.2157228,0.73857427,0.104,0.0,0.15736678,12.22009,12.24009,1964800
hardzero_plus_depr__c0p50__z1p00__lam0p020__nu0p50__psi0p75,hardzero_plus_depr,0.06,30,614,0.0,2,0.14098217,0.14098217,1.0156857,0.0,0.09645269,0.0,0.0,6.184411e-06,-26.78501,2.234553,0.74485105,0.136,0.0,0.15023828,12.24009,12.260091,1968000
hardzero_plus_depr__c0p50__z1p00__lam0p020__nu0p50__psi0p75,hardzero_plus_depr,0.06,30,615,0.0,2,0.14098217,0.14098217,1.0473026,0.0,0.08968038,0.0,0.0,6.0923353e-06,-26.914906,2.3041117,0.76803726,0.136,0.0,0.13808253,12.260091,12.280091,1971200
hardzero_plus_depr__c0p50__z1p00__lam0p020__nu0p50__psi0p75,hardzero_plus_depr,0.06,30,616,0.0,2,0.14098217,0.14098217,1.03673,0.0,0.091890365,0.0,0.0,6.0016305e-06,-27.510748,2.2808516,0.7602839,0.120000005,0.0,0.1723644,12.280091,12.300092,1974400
hardzero_plus_depr__c0p50__z1p00__lam0p020__nu0p50__psi0p75,hardzero_plus_depr,0.06,30,617,0.0,2,0.14098217,0.14098217,1.0100007,0.0,0.09772356,0.0,0.0,5.9122754e-06,-27.419798,2.222046,0.740682,0.208,0.0,0.19084479,12.300092,12.320092,1977600
hardzero_plus_depr__c0p50__z1p00__lam0p020__nu0p50__psi0p75,hardzero_plus_depr,0.06,30,618,0.0,2,0.14098217,0.14098217,1.0643046,0.0,0.086237356,0.0,0.0,5.8242513e-06,-28.202978,2.3415167,0.7805056,0.15200001,0.0,0.19464959,12.320092,12.340093,1980800
hardzero_plus_depr__c0p50__z1p00__lam0p020__nu0p50__psi0p75,hardzero_plus_depr,0.06,30,619,0.0,2,0.14098217,0.14098275,0.99168086,0.10193401,0.10193401,1.0,5.8485017e-07,5.7375373e-06,-26.07802,2.1817415,0.7272472,0.192,0.0,0.16241501,12.340093,12.360093,1984000
hardzero_plus_depr__c0p50__z1p00__lam0p020__nu0p50__psi0p75,hardzero_plus_depr,0.06,30,620,0.0,2,0.14098275,0.14098333,0.98418623,0.10370835,0.10370835,1.0,5.8617144e-07,5.6521144e-06,-26.981222,2.165253,0.721751,0.208,0.0,0.14052168,12.360093,12.380094,1987200
hardzero_plus_depr__c0p50__z1p00__lam0p020__nu0p50__psi0p75,hardzero_plus_depr,0.06,30,621,0.0,2,0.14098333,0.1409839,0.99819225,0.10041712,0.10041712,1.0,5.591189e-07,5.567964e-06,-27.375294,2.1960669,0.7320223,0.16000001,0.0,0.15291007,12.380094,12.400094,1990400
hardzero_plus_depr__c0p50__z1p00__lam0p020__nu0p50__psi0p75,hardzero_plus_depr,0.06,30,622,0.0,2,0.1409839,0.1409839,1.0122793,0.0,0.09721219,0.0,0.0,5.4850657e-06,-27.406015,2.227059,0.74235296,0.192,0.0,0.18548739,12.400094,12.4200945,1993600
hardzero_plus_depr__c0p50__z1p00__lam0p020__nu0p50__psi0p75,hardzero_plus_depr,0.06,30,623,0.0,2,0.1409839,0.14098445,0.9906767,0.102169976,0.102169976,1.0,5.5206544e-07,5.403402e-06,-26.677637,2.1795323,0.72651076,0.136,0.0,0.14246881,12.4200945,12.440095,1996800
hardzero_plus_depr__c0p50__z1p00__lam0p020__nu0p50__psi0p75,hardzero_plus_depr,0.06,30,624,0.0,2,0.14098445,0.14098445,1.0144781,0.0,0.09672124,0.0,0.0,5.322954e-06,-28.425915,2.2318964,0.7439655,0.16,0.0,0.18187518,12.440095,12.460095,2000000
hardzero_plus_depr__c0p50__z1p00__lam0p020__nu0p50__psi0p75,hardzero_plus_depr,0.06,30,625,0.0,2,0.14098445,0.14098445,1.0061826,0.0,0.09858651,0.0,0.0,5.2437035e-06,-26.707619,2.2136457,0.7378819,0.16800001,0.0,0.15011626,12.460095,12.480096,2003200
hardzero_plus_depr__c0p50__z1p00__lam0p020__nu0p50__psi0p75,hardzero_plus_depr,0.06,30,626,0.0,2,0.14098445,0.14098445,1.0147207,0.0,0.09666723,0.0,0.0,5.1656334e-06,-26.692362,2.23243,0.74414337,0.16800001,0.0,0.14738452,12.480096,12.500096,2006400
hardzero_plus_depr__c0p50__z1p00__lam0p020__nu0p50__psi0p75,hardzero_plus_depr,0.06,30,627,0.0,2,0.14098445,0.14098445,1.0633484,0.0,0.08642741,0.0,0.0,5.0887247e-06,-28.500847,2.3394132,0.7798044,0.128,0.0,0.19300659,12.500096,12.520097,2009600
hardzero_plus_depr__c0p50__z1p00__lam0p020__nu0p50__psi0p75,hardzero_plus_depr,0.06,30,628,0.0,2,0.14098445,0.14098445,1.0364673,0.0,0.09194596,0.0,0.0,5.0129624e-06,-27.581799,2.2802737,0.76009125,0.14400001,0.0,0.19080748,12.520097,12.540097,2012800
hardzero_plus_depr__c0p50__z1p00__lam0p020__nu0p50__psi0p75,hardzero_plus_depr,0.06,30,629,0.0,2,0.14098445,0.14098445,1.0473589,0.0,0.08966875,0.0,0.0,4.9383275e-06,-28.168098,2.3042355,0.7680785,0.14400001,0.0,0.1611362,12.540097,12.560098,2016000
hardzero_plus_depr__c0p50__z1p00__lam0p020__nu0p50__psi0p75,hardzero_plus_depr,0.06,30,630,0.0,2,0.14098445,0.14098445,1.0018097,0.0,0.099584155,0.0,0.0,4.864803e-06,-26.86895,2.2040253,0.7346751,0.23200001,0.0,0.16153091,12.560098,12.580098,2019200
hardzero_plus_depr__c0p50__z1p00__lam0p020__nu0p50__psi0p75,hardzero_plus_depr,0.06,30,631,0.0,2,0.14098445,0.14098445,1.0611097,0.0,0.086874105,0.0,0.0,4.7923745e-06,-27.465355,2.334488,0.77816266,0.128,0.0,0.15820283,12.580098,12.600099,2022400
hardzero_plus_depr__c0p50__z1p00__lam0p020__nu0p50__psi0p75,hardzero_plus_depr,0.06,30,632,0.0,2,0.14098445,0.14098494,0.9797307,0.10477778,0.10477778,1.0,4.946584e-07,4.7210237e-06,-26.266562,2.1554506,0.71848357,0.2,0.0,0.13955754,12.600099,12.620099,2025600
hardzero_plus_depr__c0p50__z1p00__lam0p020__nu0p50__psi0p75,hardzero_plus_depr,0.06,30,633,0.0,2,0.14098494,0.14098544,0.9621156,0.10911499,0.10911499,1.0,5.074649e-07,4.6507353e-06,-25.921068,2.1166966,0.7055656,0.17600001,0.0,0.14565629,12.620099,12.6401,2028800
hardzero_plus_depr__c0p50__z1p00__lam0p020__nu0p50__psi0p75,hardzero_plus_depr,0.06,30,634,0.0,2,0.14098544,0.14098592,0.9883018,0.10273021,0.10273021,1.0,4.7065768e-07,4.5814927e-06,-26.983034,2.1743073,0.7247691,0.208,0.0,0.16064651,12.6401,12.6601,2032000
hardzero_plus_depr__c0p50__z1p00__lam0p020__nu0p50__psi0p75,hardzero_plus_depr,0.06,30,635,0.0,2,0.14098592,0.14098592,1.0018697,0.0,0.09957041,0.0,0.0,4.513282e-06,-27.224606,2.2041574,0.73471916,0.128,0.0,0.17308554,12.6601,12.6801,2035200
hardzero_plus_depr__c0p50__z1p00__lam0p020__nu0p50__psi0p75,hardzero_plus_depr,0.06,30,636,0.0,2,0.14098592,0.14098592,1.028583,0.0,0.0936304,0.0,0.0,4.4460867e-06,-27.496334,2.2629278,0.7543093,0.2,0.0,0.17512958,12.6801,12.700101,2038400
hardzero_plus_depr__c0p50__z1p00__lam0p020__nu0p50__psi0p75,hardzero_plus_depr,0.06,30,637,0.0,2,0.14098592,0.1409864,0.9597785,0.10970376,0.10970376,1.0,4.8049054e-07,4.3798914e-06,-26.406479,2.1115549,0.70385164,0.17999999,0.0,0.1524424,12.700101,12.720101,2041600
hardzero_plus_depr__c0p50__z1p00__lam0p020__nu0p50__psi0p75,hardzero_plus_depr,0.06,30,638,0.0,2,0.1409864,0.1409864,1.0106237,0.0,0.09758347,0.0,0.0,4.314682e-06,-27.229548,2.2234166,0.7411389,0.104,0.0,0.14167596,12.720101,12.740102,2044800
hardzero_plus_depr__c0p50__z1p00__lam0p020__nu0p50__psi0p75,hardzero_plus_depr,0.06,30,639,0.0,2,0.1409864,0.14098686,0.9612432,0.10933439,0.10933439,1.0,4.647196e-07,4.250443e-06,-26.038866,2.1147773,0.7049258,0.104,0.0,0.14153893,12.740102,12.760102,2048000
hardzero_plus_depr__c0p50__z1p00__lam0p020__nu0p50__psi0p75,hardzero_plus_depr,0.06,30,640,0.0,2,0.14098686,0.14098728,0.995001,0.1011577,0.1011577,1.0,4.2356356e-07,4.187161e-06,-26.604973,2.189046,0.72968197,0.16000001,0.0,0.15277676,12.760102,12.780103,2051200
hardzero_plus_depr__c0p50__z1p00__lam0p020__nu0p50__psi0p75,hardzero_plus_depr,0.06,30,641,0.0,2,0.14098728,0.14098728,1.0762401,0.0,0.08389961,0.0,0.0,4.1248204e-06,-28.34503,2.3677754,0.7892585,0.15200001,0.0,0.17633606,12.780103,12.800103,2054400
hardzero_plus_depr__c0p50__z1p00__lam0p020__nu0p50__psi0p75,hardzero_plus_depr,0.06,30,642,0.0,2,0.14098728,0.14098728,1.0107428,0.0,0.097556725,0.0,0.0,4.0634086e-06,-26.684671,2.2236786,0.7412262,0.216,0.0,0.15685858,12.800103,12.820104,2057600
hardzero_plus_depr__c0p50__z1p00__lam0p020__nu0p50__psi0p75,hardzero_plus_depr,0.06,30,643,0.0,2,0.14098728,0.14098728,1.0559202,0.0,0.0879184,0.0,0.0,4.0029113e-06,-27.133846,2.323071,0.774357,0.14400001,0.0,0.14915395,12.820104,12.840104,2060800
hardzero_plus_depr__c0p50__z1p00__lam0p020__nu0p50__psi0p75,hardzero_plus_depr,0.06,30,644,0.0,2,0.14098728,0.14098728,1.0068115,0.0,0.09844382,0.0,0.0,3.943314e-06,-26.188822,2.2150295,0.7383432,0.15200001,0.0,0.15577553,12.840104,12.860105,2064000
hardzero_plus_depr__c0p50__z1p00__lam0p020__nu0p50__psi0p75,hardzero_plus_depr,0.06,30,645,0.0,2,0.14098728,0.14098768,0.977821,0.10523955,0.10523955,1.0,4.0881403e-07,3.8846047e-06,-26.25266,2.1512492,0.7170831,0.16000001,0.0,0.12791541,12.860105,12.880105,2067200
hardzero_plus_depr__c0p50__z1p00__lam0p020__nu0p50__psi0p75,hardzero_plus_depr,0.06,30,646,0.0,2,0.14098768,0.1409881,0.9647572,0.1084533,0.1084533,1.0,4.1502574e-07,3.826769e-06,-25.941189,2.1225083,0.7075028,0.216,0.0,0.17253065,12.880105,12.900105,2070400
hardzero_plus_depr__c0p50__z1p00__lam0p020__nu0p50__psi0p75,hardzero_plus_depr,0.06,30,647,0.0,2,0.1409881,0.1409881,1.0128974,0.0,0.09707394,0.0,0.0,3.7697944e-06,-28.493502,2.2284186,0.7428062,0.18400002,0.0,0.15879364,12.900105,12.920106,2073600
hardzero_plus_depr__c0p50__z1p00__lam0p020__nu0p50__psi0p75,hardzero_plus_depr,0.06,30,648,0.0,2,0.1409881,0.1409881,1.06735,0.0,0.08563473,0.0,0.0,3.713668e-06,-28.073462,2.348217,0.78273904,0.08800001,0.0,0.15552466,12.920106,12.940106,2076800
hardzero_plus_depr__c0p50__z1p00__lam0p020__nu0p50__psi0p75,hardzero_plus_depr,0.06,30,649,0.0,2,0.1409881,0.14098847,0.9842865,0.10368442,0.10368442,1.0,3.793168e-07,3.6583779e-06,-27.340508,2.1654735,0.7218245,0.216,0.008,0.1885792,12.940106,12.960107,2080000
hardzero_plus_depr__c0p50__z1p00__lam0p020__nu0p50__psi0p75,hardzero_plus_depr,0.06,30,650,0.0,2,0.14098847,0.14098847,1.046389,0.0,0.08986922,0.0,0.0,3.60391e-06,-27.365797,2.3021016,0.76736724,0.14999999,0.0,0.13327111,12.960107,12.980107,2083200
hardzero_plus_depr__c0p50__z1p00__lam0p020__nu0p50__psi0p75,hardzero_plus_depr,0.06,30,651,0.0,2,0.14098847,0.14098847,1.0268432,0.0,0.094006255,0.0,0.0,3.550254e-06,-26.210205,2.2591002,0.7530334,0.104,0.0,0.14823492,12.980107,13.000108,2086400
hardzero_plus_depr__c0p50__z1p00__lam0p020__nu0p50__psi0p75,hardzero_plus_depr,0.06,30,652,0.0,2,0.14098847,0.14098847,1.0409864,0.0,0.09099417,0.0,0.0,3.4973964e-06,-27.604502,2.290216,0.7634053,0.120000005,0.0,0.16944557,13.000108,13.020108,2089600
hardzero_plus_depr__c0p50__z1p00__lam0p020__nu0p50__psi0p75,hardzero_plus_depr,0.06,30,653,0.0,2,0.14098847,0.14098847,1.0283388,0.0,0.09368308,0.0,0.0,3.4453258e-06,-27.002872,2.2623906,0.75413024,0.17600001,0.0,0.14354137,13.020108,13.040109,2092800
hardzero_plus_depr__c0p50__z1p00__lam0p020__nu0p50__psi0p75,hardzero_plus_depr,0.06,30,654,0.0,2,0.14098847,0.14098847,1.0283409,0.0,0.09368263,0.0,0.0,3.3940305e-06,-27.351557,2.2623951,0.75413173,0.16800001,0.0,0.12826158,13.040109,13.060109,2096000
hardzero_plus_depr__c0p50__z1p00__lam0p020__nu0p50__psi0p75,hardzero_plus_depr,0.06,30,655,0.0,2,0.14098847,0.1409888,0.99927336,0.10016746,0.10016746,1.0,3.3490974e-07,3.3434985e-06,-27.262684,2.1984453,0.73281515,0.18400002,0.0,0.15130837,13.060109,13.08011,2099200
hardzero_plus_depr__c0p50__z1p00__lam0p020__nu0p50__psi0p75,hardzero_plus_depr,0.06,30,656,0.0,2,0.1409888,0.1409888,1.0152383,0.0,0.0965521,0.0,0.0,3.2937191e-06,-27.058681,2.233569,0.744523,0.192,0.0,0.1693335,13.08011,13.10011,2102400
hardzero_plus_depr__c0p50__z1p00__lam0p020__nu0p50__psi0p75,hardzero_plus_depr,0.06,30,657,0.0,2,0.1409888,0.1409888,1.0325333,0.0,0.09278264,0.0,0.0,3.244681e-06,-26.579308,2.2716186,0.7572062,0.128,0.0,0.1656395,13.10011,13.1201105,2105600
hardzero_plus_depr__c0p50__z1p00__lam0p020__nu0p50__psi0p75,hardzero_plus_depr,0.06,30,658,0.0,2,0.1409888,0.1409888,1.0095204,0.0,0.09783169,0.0,0.0,3.196373e-06,-26.254002,2.2209892,0.74032974,0.096,0.0,0.17699856,13.1201105,13.140111,2108800
hardzero_plus_depr__c0p50__z1p00__lam0p020__nu0p50__psi0p75,hardzero_plus_depr,0.06,30,659,0.0,2,0.1409888,0.14098911,0.9968421,0.10072977,0.10072977,1.0,3.171763e-07,3.1487841e-06,-25.970259,2.1930964,0.73103213,0.128,0.0,0.13830231,13.140111,13.160111,2112000
hardzero_plus_depr__c0p50__z1p00__lam0p020__nu0p50__psi0p75,hardzero_plus_depr,0.06,30,660,0.0,2,0.14098911,0.14098911,1.0016063,0.0,0.0996308,0.0,0.0,3.1019038e-06,-27.02345,2.203578,0.73452604,0.16000001,0.0,0.15060253,13.160111,13.180112,2115200
hardzero_plus_depr__c0p50__z1p00__lam0p020__nu0p50__psi0p75,hardzero_plus_depr,0.06,30,661,0.0,2,0.14098911,0.14098911,1.0373459,0.0,0.09176015,0.0,0.0,3.0557212e-06,-27.013338,2.2822065,0.7607355,0.15200001,0.0,0.14993402,13.180112,13.200112,2118400
hardzero_plus_depr__c0p50__z1p00__lam0p020__nu0p50__psi0p75,hardzero_plus_depr,0.06,30,662,0.0,2,0.14098911,0.14098911,1.0089202,0.0,0.09796699,0.0,0.0,3.0102267e-06,-28.113075,2.2196686,0.73988956,0.17600001,0.0,0.17075449,13.200112,13.220113,2121600
hardzero_plus_depr__c0p50__z1p00__lam0p020__nu0p50__psi0p75,hardzero_plus_depr,0.06,30,663,0.0,2,0.14098911,0.14098942,0.97102165,0.10690014,0.10690014,1.0,3.1700267e-07,2.9654093e-06,-26.771593,2.1362903,0.7120968,0.17,0.0,0.14895299,13.220113,13.240113,2124800
hardzero_plus_depr__c0p50__z1p00__lam0p020__nu0p50__psi0p75,hardzero_plus_depr,0.06,30,664,0.0,2,0.14098942,0.14098942,1.0008409,0.0,0.09980656,0.0,0.0,2.921259e-06,-27.283518,2.201894,0.7339647,0.192,0.0,0.21477173,13.240113,13.260114,2128000
hardzero_plus_depr__c0p50__z1p00__lam0p020__nu0p50__psi0p75,hardzero_plus_depr,0.06,30,665,0.0,2,0.14098942,0.14098972,0.97630525,0.1056075,0.1056075,1.0,3.0391368e-07,2.877766e-06,-25.893541,2.1479144,0.71597147,0.192,0.0,0.13737415,13.260114,13.280114,2131200
hardzero_plus_depr__c0p50__z1p00__lam0p020__nu0p50__psi0p75,hardzero_plus_depr,0.06,30,666,0.0,2,0.14098972,0.14098972,1.0477192,0.0,0.08959438,0.0,0.0,2.8349207e-06,-28.501595,2.3050284,0.76834285,0.112,0.0,0.15479022,13.280114,13.300115,2134400
hardzero_plus_depr__c0p50__z1p00__lam0p020__nu0p50__psi0p75,hardzero_plus_depr,0.06,30,667,0.0,2,0.14098972,0.14099003,0.96055245,0.10950842,0.10950842,1.0,3.058256e-07,2.7927133e-06,-26.665718,2.1132576,0.70441926,0.224,0.0,0.14127079,13.300115,13.320115,2137600
hardzero_plus_depr__c0p50__z1p00__lam0p020__nu0p50__psi0p75,hardzero_plus_depr,0.06,30,668,0.0,2,0.14099003,0.14099003,1.054476,0.0,0.08821126,0.0,0.0,2.7511344e-06,-27.89099,2.3198936,0.7732979,0.17600001,0.0,0.18157375,13.320115,13.340116,2140800
hardzero_plus_depr__c0p50__z1p00__lam0p020__nu0p50__psi0p75,hardzero_plus_depr,0.06,30,669,0.0,2,0.14099003,0.14099003,1.0280926,0.0,0.09373622,0.0,0.0,2.7101744e-06,-26.78073,2.261849,0.75394964,0.128,0.0,0.1600126,13.340116,13.360116,2144000
hardzero_plus_depr__c0p50__z1p00__lam0p020__nu0p50__psi0p75,hardzero_plus_depr,0.06,30,670,0.0,2,0.14099003,0.1409903,0.99864745,0.10031193,0.10031193,1.0,2.6781518e-07,2.669824e-06,-26.786133,2.1970682,0.7323561,0.128,0.0,0.16395892,13.360116,13.380116,2147200
hardzero_plus_depr__c0p50__z1p00__lam0p020__nu0p50__psi0p75,hardzero_plus_depr,0.06,30,671,0.0,2,0.1409903,0.1409903,1.0366352,0.0,0.09191044,0.0,0.0,2.6300747e-06,-27.555061,2.280643,0.7602143,0.17600001,0.0,0.17862946,13.380116,13.400117,2150400
hardzero_plus_depr__c0p50__z1p00__lam0p020__nu0p50__psi0p75,hardzero_plus_depr,0.06,30,672,0.0,2,0.1409903,0.14099057,0.9750615,0.10591038,0.10591038,1.0,2.74405e-07,2.5909171e-06,-26.199303,2.145178,0.7150594,0.136,0.0,0.16763559,13.400117,13.420117,2153600
hardzero_plus_depr__c0p50__z1p00__lam0p020__nu0p50__psi0p75,hardzero_plus_depr,0.06,30,673,0.0,2,0.14099057,0.14099057,1.0591342,0.0,0.08727016,0.0,0.0,2.5523423e-06,-28.02159,2.3301418,0.77671397,0.096,0.0,0.18476745,13.420117,13.440118,2156800
hardzero_plus_depr__c0p50__z1p00__lam0p020__nu0p50__psi0p75,hardzero_plus_depr,0.06,30,674,0.0,2,0.14099057,0.14099057,1.1010383,0.0,0.07924314,0.0,0.0,2.5143422e-06,-28.716532,2.4223328,0.8074443,0.15200001,0.0,0.17819975,13.440118,13.460118,2160000
hardzero_plus_depr__c0p50__z1p00__lam0p020__nu0p50__psi0p75,hardzero_plus_depr,0.06,30,675,0.0,2,0.14099057,0.14099057,1.0687665,0.0,0.085355885,0.0,0.0,2.4769076e-06,-27.76994,2.3513331,0.7837777,0.14400001,0.0,0.13941696,13.460118,13.480119,2163200
hardzero_plus_depr__c0p50__z1p00__lam0p020__nu0p50__psi0p75,hardzero_plus_depr,0.06,30,676,0.0,2,0.14099057,0.14099057,1.045143,0.0,0.090127416,0.0,0.0,2.4400304e-06,-28.095634,2.2993605,0.7664535,0.14,0.0,0.19020464,13.480119,13.500119,2166400
hardzero_plus_depr__c0p50__z1p00__lam0p020__nu0p50__psi0p75,hardzero_plus_depr,0.06,30,677,0.0,2,0.14099057,0.14099057,1.0272685,0.0,0.09391425,0.0,0.0,2.4037024e-06,-27.69426,2.260036,0.7533454,0.17600001,0.0,0.20126966,13.500119,13.52012,2169600
hardzero_plus_depr__c0p50__z1p00__lam0p020__nu0p50__psi0p75,hardzero_plus_depr,0.06,30,678,0.0,2,0.14099057,0.14099057,1.1012689,0.0,0.07920107,0.0,0.0,2.367915e-06,-28.197208,2.4228399,0.8076133,0.072000004,0.0,0.18723243,13.52012,13.54012,2172800
hardzero_plus_depr__c0p50__z1p00__lam0p020__nu0p50__psi0p75,hardzero_plus_depr,0.06,30,679,0.0,2,0.14099057,0.14099057,1.004351,0.0,0.09900314,0.0,0.0,2.3326604e-06,-26.3323,2.2096164,0.7365388,0.18400002,0.0,0.123096086,13.54012,13.560121,2176000
hardzero_plus_depr__c0p50__z1p00__lam0p020__nu0p50__psi0p75,hardzero_plus_depr,0.06,30,680,0.0,2,0.14099057,0.14099057,1.0246109,0.0,0.0944907,0.0,0.0,2.297931e-06,-27.738394,2.254189,0.75139636,0.16800001,0.0,0.1653614,13.560121,13.580121,2179200
hardzero_plus_depr__c0p50__z1p00__lam0p020__nu0p50__psi0p75,hardzero_plus_depr,0.06,30,681,0.0,2,0.14099057,0.14099081,0.9710285,0.106898464,0.106898464,1.0,2.4198803e-07,2.2637184e-06,-26.143414,2.1363053,0.7121018,0.224,0.0,0.12694007,13.580121,13.6001215,2182400
hardzero_plus_depr__c0p50__z1p00__lam0p020__nu0p50__psi0p75,hardzero_plus_depr,0.06,30,682,0.0,2,0.14099081,0.14099081,1.0538831,0.0,0.08833176,0.0,0.0,2.2300153e-06,-27.633268,2.318589,0.77286303,0.14400001,0.0,0.16323705,13.6001215,13.620122,2185600
hardzero_plus_depr__c0p50__z1p00__lam0p020__nu0p50__psi0p75,hardzero_plus_depr,0.06,30,683,0.0,2,0.14099081,0.14099103,0.98879117,0.10261452,0.10261452,1.0,2.25425e-07,2.1968137e-06,-27.324965,2.175384,0.72512805,0.15200001,0.008,0.16872859,13.620122,13.640122,2188800
hardzero_plus_depr__c0p50__z1p00__lam0p020__nu0p50__psi0p75,hardzero_plus_depr,0.06,30,684,0.0,2,0.14099103,0.14099126,0.98789424,0.102826655,0.102826655,1.0,2.2252787e-07,2.164107e-06,-26.719805,2.1734107,0.72447026,0.17600001,0.0,0.13063033,13.640122,13.660123,2192000
hardzero_plus_depr__c0p50__z1p00__lam0p020__nu0p50__psi0p75,hardzero_plus_depr,0.06,30,685,0.0,2,0.14099126,0.14099126,1.0402918,0.0,0.09113982,0.0,0.0,2.1318867e-06,-27.951363,2.2886877,0.76289594,0.192,0.0,0.18197754,13.660123,13.680123,2195200
hardzero_plus_depr__c0p50__z1p00__lam0p020__nu0p50__psi0p75,hardzero_plus_depr,0.06,30,686,0.0,2,0.14099126,0.14099126,1.0036656,0.0,0.099159524,0.0,0.0,2.1001465e-06,-27.437588,2.2081084,0.7360362,0.192,0.0,0.15941958,13.680123,13.700124,2198400
hardzero_plus_depr__c0p50__z1p00__lam0p020__nu0p50__psi0p75,hardzero_plus_depr,0.06,30,687,0.0,2,0.14099126,0.14099148,0.96058065,0.10950132,0.10950132,1.0,2.2654496e-07,2.0688788e-06,-26.761963,2.1133196,0.7044399,0.080000006,0.0,0.13941288,13.700124,13.720124,2201600
hardzero_plus_depr__c0p50__z1p00__lam0p020__nu0p50__psi0p75,hardzero_plus_depr,0.06,30,688,0.0,2,0.14099148,0.14099169,0.99124783,0.102035694,0.102035694,1.0,2.0795652e-07,2.0380762e-06,-26.67775,2.1807888,0.7269296,0.18400002,0.0,0.16481857,13.720124,13.740125,2204800
hardzero_plus_depr__c0p50__z1p00__lam0p020__nu0p50__psi0p75,hardzero_plus_depr,0.06,30,689,0.0,2,0.14099169,0.14099169,1.0214779,0.0,0.09517483,0.0,0.0,2.0077325e-06,-26.922812,2.2472963,0.7490988,0.12,0.0,0.13964038,13.740125,13.760125,2208000
hardzero_plus_depr__c0p50__z1p00__lam0p020__nu0p50__psi0p75,hardzero_plus_depr,0.06,30,690,0.0,2,0.14099169,0.1409919,0.98216623,0.104191855,0.104191855,1.0,2.060749e-07,1.9778408e-06,-25.603075,2.1608088,0.7202696,0.17600001,0.0,0.15155475,13.760125,13.780126,2211200
hardzero_plus_depr__c0p50__z1p00__lam0p020__nu0p50__psi0p75,hardzero_plus_depr,0.06,30,691,0.0,2,0.1409919,0.1409919,1.0505868,0.0,0.08900476,0.0,0.0,1.948394e-06,-27.903656,2.3113372,0.77044576,0.16000001,0.0,0.1665463,13.780126,13.800126,2214400
hardzero_plus_depr__c0p50__z1p00__lam0p020__nu0p50__psi0p75,hardzero_plus_depr,0.06,30,692,0.0,2,0.1409919,0.1409919,1.0436031,0.0,0.09044758,0.0,0.0,1.9193856e-06,-27.630095,2.2959726,0.76532423,0.14400001,0.0,0.18939741,13.800126,13.820127,2217600
hardzero_plus_depr__c0p50__z1p00__lam0p020__nu0p50__psi0p75,hardzero_plus_depr,0.06,30,693,0.0,2,0.1409919,0.1409919,1.0716134,0.0,0.08479819,0.0,0.0,1.8908087e-06,-26.75118,2.3575966,0.78586555,0.128,0.0,0.17441289,13.820127,13.840127,2220800
hardzero_plus_depr__c0p50__z1p00__lam0p020__nu0p50__psi0p75,hardzero_plus_depr,0.06,30,694,0.0,2,0.1409919,0.1409919,1.0170246,0.0,0.09615576,0.0,0.0,1.8626577e-06,-27.34872,2.237499,0.74583304,0.23200001,0.0,0.16230486,13.840127,13.860127,2224000
hardzero_plus_depr__c0p50__z1p00__lam0p020__nu0p50__psi0p75,hardzero_plus_depr,0.06,30,695,0.0,2,0.1409919,0.1409919,1.0450068,0.0,0.0901557,0.0,0.0,1.8349258e-06,-27.562923,2.2990608,0.7663536,0.16800001,0.0,0.15510996,13.860127,13.880128,2227200
hardzero_plus_depr__c0p50__z1p00__lam0p020__nu0p50__psi0p75,hardzero_plus_depr,0.06,30,696,0.0,2,0.1409919,0.1409919,1.0431924,0.0,0.09053314,0.0,0.0,1.8076066e-06,-28.268919,2.295069,0.765023,0.14400001,0.0,0.17535436,13.880128,13.900128,2230400
hardzero_plus_depr__c0p50__z1p00__lam0p020__nu0p50__psi0p75,hardzero_plus_depr,0.06,30,697,0.0,2,0.1409919,0.1409919,1.0374792,0.0,0.091731995,0.0,0.0,1.7806942e-06,-27.8579,2.2824998,0.76083326,0.112,0.0,0.18166591,13.900128,13.920129,2233600
hardzero_plus_depr__c0p50__z1p00__lam0p020__nu0p50__psi0p75,hardzero_plus_depr,0.06,30,698,0.0,2,0.1409919,0.1409921,0.9368211,0.11565884,0.11565884,1.0,2.0288674e-07,1.7541827e-06,-26.252522,2.0610476,0.6870159,0.23200001,0.0,0.15621243,13.920129,13.940129,2236800
hardzero_plus_depr__c0p50__z1p00__lam0p020__nu0p50__psi0p75,hardzero_plus_depr,0.06,30,699,0.0,2,0.1409921,0.1409921,1.0045688,0.0,0.098953515,0.0,0.0,1.7280657e-06,-26.717943,2.2100954,0.7366985,0.16000001,0.0,0.14518207,13.940129,13.96013,2240000
hardzero_plus_depr__c0p50__z1p00__lam0p020__nu0p50__psi0p75,hardzero_plus_depr,0.06,30,700,0.0,2,0.1409921,0.1409921,1.0362977,0.0,0.09198188,0.0,0.0,1.7023374e-06,-27.081457,2.2799003,0.7599668,0.216,0.0,0.16544245,13.96013,13.98013,2243200
hardzero_plus_depr__c0p50__z1p00__lam0p020__nu0p50__psi0p75,hardzero_plus_depr,0.06,30,701,0.0,2,0.1409921,0.14099228,0.9797457,0.10477419,0.10477419,1.0,1.7570551e-07,1.6769923e-06,-27.017769,2.1554835,0.71849453,0.17600001,0.0,0.16349529,13.98013,14.000131,2246400
hardzero_plus_depr__c0p50__z1p00__lam0p020__nu0p50__psi0p75,hardzero_plus_depr,0.06,30,702,0.0,2,0.14099228,0.14099228,1.0511357,0.0,0.08889233,0.0,0.0,1.6520246e-06,-27.882982,2.3125446,0.7708482,0.17999999,0.0,0.16824286,14.000131,14.020131,2249600
hardzero_plus_depr__c0p50__z1p00__lam0p020__nu0p50__psi0p75,hardzero_plus_depr,0.06,30,703,0.0,2,0.14099228,0.14099228,1.0319669,0.0,0.09290372,0.0,0.0,1.6274288e-06,-27.386635,2.2703726,0.7567909,0.216,0.0,0.18034475,14.020131,14.040132,2252800
hardzero_plus_depr__c0p50__z1p00__lam0p020__nu0p50__psi0p75,hardzero_plus_depr,0.06,30,704,0.0,2,0.14099228,0.14099245,0.97770333,0.10526805,0.10526805,1.0,1.6876564e-07,1.6031989e-06,-25.866594,2.1509902,0.7169968,0.14400001,0.0,0.13390504,14.040132,14.060132,2256000
hardzero_plus_depr__c0p50__z1p00__lam0p020__nu0p50__psi0p75,hardzero_plus_depr,0.06,30,705,0.0,2,0.14099245,0.14099245,1.0335861,0.0,0.09255798,0.0,0.0,1.5793297e-06,-27.741137,2.2739348,0.7579783,0.208,0.0,0.2089025,14.060132,14.0801325,2259200
hardzero_plus_depr__c0p50__z1p00__lam0p020__nu0p50__psi0p75,hardzero_plus_depr,0.06,30,706,0.0,2,0.14099245,0.14099261,0.96496576,0.10840125,0.10840125,1.0,1.686524e-07,1.5558161e-06,-25.843922,2.122967,0.70765567,0.15200001,0.0,0.16026461,14.0801325,14.100133,2262400
hardzero_plus_depr__c0p50__z1p00__lam0p020__nu0p50__psi0p75,hardzero_plus_depr,0.06,30,707,0.0,2,0.14099261,0.14099261,1.0141594,0.0,0.09679224,0.0,0.0,1.5326526e-06,-26.417604,2.2311954,0.74373186,0.072000004,0.0,0.15080746,14.100133,14.120133,2265600
hardzero_plus_depr__c0p50__z1p00__lam0p020__nu0p50__psi0p75,hardzero_plus_depr,0.06,30,708,0.0,2,0.14099261,0.14099261,1.0345724,0.0,0.092348024,0.0,0.0,1.5098339e-06,-27.536783,2.2761047,0.75870156,0.18400002,0.0,0.17764613,14.120133,14.140134,2268800
hardzero_plus_depr__c0p50__z1p00__lam0p020__nu0p50__psi0p75,hardzero_plus_depr,0.06,30,709,0.0,2,0.14099261,0.14099261,1.0035751,0.0,0.09918019,0.0,0.0,1.4873548e-06,-27.82779,2.2079093,0.7359698,0.18400002,0.0,0.14924674,14.140134,14.160134,2272000
hardzero_plus_depr__c0p50__z1p00__lam0p020__nu0p50__psi0p75,hardzero_plus_depr,0.06,30,710,0.0,2,0.14099261,0.14099276,0.99188524,0.10188605,0.10188605,1.0,1.492845e-07,1.4652104e-06,-26.949715,2.1821911,0.7273971,0.18400002,0.0,0.12620877,14.160134,14.180135,2275200
hardzero_plus_depr__c0p50__z1p00__lam0p020__nu0p50__psi0p75,hardzero_plus_depr,0.06,30,711,0.0,2,0.14099276,0.14099276,1.0269771,0.0,0.09397728,0.0,0.0,1.4433958e-06,-26.79709,2.2593946,0.75313157,0.112,0.0,0.15813673,14.180135,14.200135,2278400
hardzero_plus_depr__c0p50__z1p00__lam0p020__nu0p50__psi0p75,hardzero_plus_depr,0.06,30,712,0.0,2,0.14099276,0.14099291,0.99155873,0.101962686,0.101962686,1.0,1.4498134e-07,1.421906e-06,-26.608967,2.1814728,0.7271576,0.16000001,0.0,0.16442809,14.200135,14.220136,2281600
hardzero_plus_depr__c0p50__z1p00__lam0p020__nu0p50__psi0p75,hardzero_plus_depr,0.06,30,713,0.0,2,0.14099291,0.14099306,0.95989454,0.10967444,0.10967444,1.0,1.5362494e-07,1.4007361e-06,-25.570522,2.1118102,0.70393676,0.16000001,0.0,0.11483372,14.220136,14.240136,2284800
hardzero_plus_depr__c0p50__z1p00__lam0p020__nu0p50__psi0p75,hardzero_plus_depr,0.06,30,714,0.0,2,0.14099306,0.14099306,1.0338662,0.0,0.0924983,0.0,0.0,1.3798814e-06,-27.293537,2.274551,0.75818366,0.14400001,0.0,0.21435964,14.240136,14.260137,2288000
hardzero_plus_depr__c0p50__z1p00__lam0p020__nu0p50__psi0p75,hardzero_plus_depr,0.06,30,715,0.0,2,0.14099306,0.14099306,1.0173571,0.0,0.0960822,0.0,0.0,1.359337e-06,-27.493149,2.2382305,0.7460768,0.19,0.02,0.1598423,14.260137,14.280137,2291200
hardzero_plus_depr__c0p50__z1p00__lam0p020__nu0p50__psi0p75,hardzero_plus_depr,0.06,30,716,0.0,2,0.14099306,0.14099306,1.0298666,0.0,0.09335409,0.0,0.0,1.3390987e-06,-28.090683,2.2657518,0.75525063,0.16800001,0.0,0.15507485,14.280137,14.3001375,2294400
hardzero_plus_depr__c0p50__z1p00__lam0p020__nu0p50__psi0p75,hardzero_plus_depr,0.06,30,717,0.0,2,0.14099306,0.14099306,1.033191,0.0,0.09264223,0.0,0.0,1.3191618e-06,-26.973284,2.2730656,0.7576885,0.16800001,0.0,0.14936168,14.3001375,14.320138,2297600
hardzero_plus_depr__c0p50__z1p00__lam0p020__nu0p50__psi0p75,hardzero_plus_depr,0.06,30,718,0.0,2,0.14099306,0.1409932,0.98567426,0.10335362,0.10335362,1.0,1.3431026e-07,1.2995215e-06,-26.162712,2.1685266,0.7228422,0.17600001,0.0,0.14046,14.320138,14.340138,2300800
hardzero_plus_depr__c0p50__z1p00__lam0p020__nu0p50__psi0p75,hardzero_plus_depr,0.06,30,719,0.0,2,0.1409932,0.1409932,1.0098968,0.0,0.09774695,0.0,0.0,1.2801736e-06,-26.861328,2.2218173,0.7406058,0.16000001,0.0,0.16671237,14.340138,14.360139,2304000
hardzero_plus_depr__c0p50__z1p00__lam0p020__nu0p50__psi0p75,hardzero_plus_depr,0.06,30,720,0.0,2,0.1409932,0.14099333,0.982262,0.10416888,0.10416888,1.0,1.3136882e-07,1.261114e-06,-26.894125,2.1610196,0.7203399,0.16000001,0.0,0.1534161,14.360139,14.380139,2307200
hardzero_plus_depr__c0p50__z1p00__lam0p020__nu0p50__psi0p75,hardzero_plus_depr,0.06,30,721,0.0,2,0.14099333,0.14099333,1.0638831,0.0,0.08632109,0.0,0.0,1.2423379e-06,-28.549099,2.3405895,0.78019655,0.17600001,0.0,0.17497033,14.380139,14.40014,2310400
hardzero_plus_depr__c0p50__z1p00__lam0p020__nu0p50__psi0p75,hardzero_plus_depr,0.06,30,722,0.0,2,0.14099333,0.14099333,1.0557425,0.0,0.08795437,0.0,0.0,1.2238415e-06,-27.32462,2.32268,0.77422667,0.14400001,0.008,0.17044787,14.40014,14.42014,2313600
hardzero_plus_depr__c0p50__z1p00__lam0p020__nu0p50__psi0p75,hardzero_plus_depr,0.06,30,723,0.0,2,0.14099333,0.14099346,0.9642361,0.108583525,0.108583525,1.0,1.3091052e-07,1.2056205e-06,-25.57038,2.1213617,0.7071206,0.264,0.0,0.15156722,14.42014,14.440141,2316800
hardzero_plus_depr__c0p50__z1p00__lam0p020__nu0p50__psi0p75,hardzero_plus_depr,0.06,30,724,0.0,2,0.14099346,0.14099346,1.0679452,0.0,0.08551744,0.0,0.0,1.1876707e-06,-27.722916,2.3495264,0.78317547,0.120000005,0.0,0.1945742,14.440141,14.460141,2320000
hardzero_plus_depr__c0p50__z1p00__lam0p020__nu0p50__psi0p75,hardzero_plus_depr,0.06,30,725,0.0,2,0.14099346,0.14099358,0.98877025,0.10261946,0.10261946,1.0,1.2006358e-07,1.1699883e-06,-26.936342,2.175338,0.7251127,0.17600001,0.0,0.15345089,14.460141,14.480142,2323200
hardzero_plus_depr__c0p50__z1p00__lam0p020__nu0p50__psi0p75,hardzero_plus_depr,0.06,30,726,0.0,2,0.14099358,0.14099358,1.0033376,0.0,0.099234425,0.0,0.0,1.152569e-06,-26.596693,2.2073867,0.7357956,0.2,0.0,0.16011511,14.480142,14.500142,2326400
hardzero_plus_depr__c0p50__z1p00__lam0p020__nu0p50__psi0p75,hardzero_plus_depr,0.06,30,727,0.0,2,0.14099358,0.1409937,0.99157846,0.101958044,0.101958044,1.0,1.157641e-07,1.1354092e-06,-27.568293,2.1815162,0.7271721,0.192,0.0,0.18755181,14.500142,14.520143,2329600
hardzero_plus_depr__c0p50__z1p00__lam0p020__nu0p50__psi0p75,hardzero_plus_depr,0.06,30,728,0.0,2,0.1409937,0.1409937,1.0078312,0.0,0.09821295,0.0,0.0,1.1185047e-06,-26.110775,2.217273,0.73909104,0.11,0.0,0.14411993,14.520143,14.540143,2332800
hardzero_plus_depr__c0p50__z1p00__lam0p020__nu0p50__psi0p75,hardzero_plus_depr,0.06,30,729,0.0,2,0.1409937,0.14099382,0.9484556,0.11260156,0.11260156,1.0,1.2407025e-07,1.1018519e-06,-25.3406,2.086644,0.695548,0.136,0.0,0.14597242,14.540143,14.560143,2336000
hardzero_plus_depr__c0p50__z1p00__lam0p020__nu0p50__psi0p75,hardzero_plus_depr,0.06,30,730,0.0,2,0.14099382,0.14099382,1.017588,0.0,0.0960311,0.0,0.0,1.0854471e-06,-27.395325,2.2387383,0.7462461,0.17600001,0.0,0.1534969,14.560143,14.580144,2339200
hardzero_plus_depr__c0p50__z1p00__lam0p020__nu0p50__psi0p75,hardzero_plus_depr,0.06,30,731,0.0,2,0.14099382,0.14099392,0.9873643,0.102952205,0.102952205,1.0,1.1008541e-07,1.0692866e-06,-26.340195,2.1722448,0.72408164,0.17600001,0.0,0.16609651,14.580144,14.600144,2342400
hardzero_plus_depr__c0p50__z1p00__lam0p020__nu0p50__psi0p75,hardzero_plus_depr,0.06,30,732,0.0,2,0.14099392,0.14099392,1.0674728,0.0,0.085610524,0.0,0.0,1.0533666e-06,-27.8695,2.3484871,0.78282905,0.120000005,0.0,0.15746394,14.600144,14.620145,2345600
hardzero_plus_depr__c0p50__z1p00__lam0p020__nu0p50__psi0p75,hardzero_plus_depr,0.06,30,733,0.0,2,0.14099392,0.14099392,1.0593115,0.0,0.08723454,0.0,0.0,1.0376837e-06,-27.412745,2.3305318,0.77684397,0.080000006,0.0,0.16477369,14.620145,14.640145,2348800
hardzero_plus_depr__c0p50__z1p00__lam0p020__nu0p50__psi0p75,hardzero_plus_depr,0.06,30,734,0.0,2,0.14099392,0.14099392,1.0315151,0.0,0.09300041,0.0,0.0,1.0222342e-06,-27.898136,2.2693787,0.7564596,0.128,0.0,0.1692035,14.640145,14.660146,2352000
hardzero_plus_depr__c0p50__z1p00__lam0p020__nu0p50__psi0p75,hardzero_plus_depr,0.06,30,735,0.0,2,0.14099392,0.14099392,1.0638442,0.0,0.08632881,0.0,0.0,1.0070147e-06,-27.172735,2.340504,0.780168,0.120000005,0.0,0.1623329,14.660146,14.680146,2355200
hardzero_plus_depr__c0p50__z1p00__lam0p020__nu0p50__psi0p75,hardzero_plus_depr,0.06,30,736,0.0,2,0.14099392,0.14099403,0.99569184,0.10099692,0.10099692,1.0,1.00191166e-07,9.92022e-07,-27.062773,2.1905658,0.7301886,0.192,0.0,0.15600204,14.680146,14.700147,2358400
hardzero_plus_depr__c0p50__z1p00__lam0p020__nu0p50__psi0p75,hardzero_plus_depr,0.06,30,737,0.0,2,0.14099403,0.14099403,1.0276438,0.0,0.09383312,0.0,0.0,9.772523e-07,-27.31454,2.2608614,0.7536205,0.16800001,0.0,0.15303938,14.700147,14.720147,2361600
hardzero_plus_depr__c0p50__z1p00__lam0p020__nu0p50__psi0p75,hardzero_plus_depr,0.06,30,738,0.0,2,0.14099403,0.14099403,1.0353497,0.0,0.09218287,0.0,0.0,9.627026e-07,-27.972809,2.2778149,0.7592716,0.16000001,0.0,0.17425421,14.720147,14.740148,2364800
hardzero_plus_depr__c0p50__z1p00__lam0p020__nu0p50__psi0p75,hardzero_plus_depr,0.06,30,739,0.0,2,0.14099403,0.14099403,1.0135359,0.0,0.096931316,0.0,0.0,9.483694e-07,-27.151505,2.2298234,0.74327445,0.120000005,0.0,0.15884025,14.740148,14.760148,2368000
hardzero_plus_depr__c0p50__z1p00__lam0p020__nu0p50__psi0p75,hardzero_plus_depr,0.06,30,740,0.0,2,0.14099403,0.14099412,0.9961757,0.10088446,0.10088446,1.0,9.425129e-08,9.3424984e-07,-27.313993,2.1916304,0.7305435,0.104,0.0,0.14869843,14.760148,14.7801485,2371200
hardzero_plus_depr__c0p50__z1p00__lam0p020__nu0p50__psi0p75,hardzero_plus_depr,0.06,30,741,0.0,2,0.14099412,0.1409942,0.9946744,0.1012338,0.1012338,1.0,9.3169554e-08,9.2034037e-07,-26.927841,2.1883273,0.7294425,0.14,0.0,0.15482979,14.7801485,14.800149,2374400
hardzero_plus_depr__c0p50__z1p00__lam0p020__nu0p50__psi0p75,hardzero_plus_depr,0.06,30,742,0.0,2,0.1409942,0.1409943,0.9905498,0.10219984,0.10219984,1.0,9.265824e-08,9.0663787e-07,-27.001484,2.179253,0.7264177,0.14400001,0.0,0.15564916,14.800149,14.820149,2377600
hardzero_plus_depr__c0p50__z1p00__lam0p020__nu0p50__psi0p75,hardzero_plus_depr,0.06,30,743,0.0,2,0.1409943,0.1409943,1.04814,0.0,0.08950762,0.0,0.0,8.9313943e-07,-27.230898,2.3059542,0.7686514,0.136,0.0,0.16394578,14.820149,14.84015,2380800
hardzero_plus_depr__c0p50__z1p00__lam0p020__nu0p50__psi0p75,hardzero_plus_depr,0.06,30,744,0.0,2,0.1409943,0.1409943,1.0597425,0.0,0.087148026,0.0,0.0,8.798421e-07,-28.12245,2.33148,0.77716005,0.128,0.0,0.16462278,14.84015,14.86015,2384000
hardzero_plus_depr__c0p50__z1p00__lam0p020__nu0p50__psi0p75,hardzero_plus_depr,0.06,30,745,0.0,2,0.1409943,0.14099438,0.99017,0.10228926,0.10228926,1.0,8.865847e-08,8.6674265e-07,-26.442253,2.1784174,0.7261392,0.23200001,0.0,0.1399326,14.86015,14.880151,2387200
hardzero_plus_depr__c0p50__z1p00__lam0p020__nu0p50__psi0p75,hardzero_plus_depr,0.06,30,746,0.0,2,0.14099438,0.14099438,1.0065901,0.0,0.098494016,0.0,0.0,8.538383e-07,-26.82139,2.2145426,0.7381809,0.208,0.0,0.157967,14.880151,14.900151,2390400
hardzero_plus_depr__c0p50__z1p00__lam0p020__nu0p50__psi0p75,hardzero_plus_depr,0.06,30,747,0.0,2,0.14099438,0.14099447,0.97092295,0.10692446,0.10692446,1.0,8.993694e-08,8.4112594e-07,-26.884956,2.136073,0.7120244,0.17600001,0.0,0.14216866,14.900151,14.920152,2393600
hardzero_plus_depr__c0p50__z1p00__lam0p020__nu0p50__psi0p75,hardzero_plus_depr,0.06,30,748,0.0,2,0.14099447,0.14099447,1.0269532,0.0,0.09398245,0.0,0.0,8.286029e-07,-27.129465,2.2593422,0.7531141,0.14400001,0.0,0.15404491,14.920152,14.940152,2396800
hardzero_plus_depr__c0p50__z1p00__lam0p020__nu0p50__psi0p75,hardzero_plus_depr,0.06,30,749,0.0,2,0.14099447,0.14099447,1.0041841,0.0,0.0990412,0.0,0.0,8.162664e-07,-26.399,2.2092493,0.73641646,0.14400001,0.0,0.17511992,14.940152,14.960153,2400000
hardzero_plus_depr__c0p50__z1p00__lam0p020__nu0p50__psi0p75,hardzero_plus_depr,0.06,30,750,0.0,2,0.14099447,0.14099456,0.9550476,0.11090533,0.11090533,1.0,8.918047e-08,8.041135e-07,-26.16581,2.1011467,0.70038223,0.16800001,0.0,0.1393882,14.960153,14.980153,2403200
hardzero_plus_depr__c0p50__z1p00__lam0p020__nu0p50__psi0p75,hardzero_plus_depr,0.06,30,751,0.0,2,0.14099456,0.14099456,1.0127926,0.0,0.097097345,0.0,0.0,7.921416e-07,-27.060808,2.2281883,0.7427294,0.120000005,0.0,0.17426132,14.980153,15.000154,2406400
hardzero_plus_depr__c0p50__z1p00__lam0p020__nu0p50__psi0p75,hardzero_plus_depr,0.06,30,752,0.0,2,0.14099456,0.14099456,1.0302027,0.0,0.09328187,0.0,0.0,7.8034776e-07,-27.860294,2.2664914,0.75549716,0.120000005,0.0,0.18732004,15.000154,15.020154,2409600
hardzero_plus_depr__c0p50__z1p00__lam0p020__nu0p50__psi0p75,hardzero_plus_depr,0.06,30,753,0.0,2,0.14099456,0.14099464,0.9821431,0.10419739,0.10419739,1.0,8.0099625e-08,7.6872965e-07,-26.003416,2.160758,0.7202527,0.2,0.0,0.1401856,15.020154,15.040154,2412800
hardzero_plus_depr__c0p50__z1p00__lam0p020__nu0p50__psi0p75,hardzero_plus_depr,0.06,30,754,0.0,2,0.14099464,0.14099464,1.0345927,0.0,0.09234369,0.0,0.0,7.572845e-07,-27.5014,2.2761495,0.7587165,0.12,0.0,0.1679582,15.040154,15.060155,2416000
hardzero_plus_depr__c0p50__z1p00__lam0p020__nu0p50__psi0p75,hardzero_plus_depr,0.06,30,755,0.0,2,0.14099464,0.14099464,1.0005399,0.0,0.09987576,0.0,0.0,7.4600973e-07,-27.278988,2.2012317,0.7337439,0.208,0.0,0.17821738,15.060155,15.080155,2419200
hardzero_plus_depr__c0p50__z1p00__lam0p020__nu0p50__psi0p75,hardzero_plus_depr,0.06,30,756,0.0,2,0.14099464,0.14099464,1.0050949,0.0,0.09883371,0.0,0.0,7.3490287e-07,-27.204002,2.211253,0.7370843,0.18400002,0.0,0.16628449,15.080155,15.100156,2422400
hardzero_plus_depr__c0p50__z1p00__lam0p020__nu0p50__psi0p75,hardzero_plus_depr,0.06,30,757,0.0,2,0.14099464,0.14099464,1.0455054,0.0,0.09005226,0.0,0.0,7.239613e-07,-27.992352,2.3001578,0.7667193,0.2,0.0,0.17943265,15.100156,15.120156,2425600
hardzero_plus_depr__c0p50__z1p00__lam0p020__nu0p50__psi0p75,hardzero_plus_depr,0.06,30,758,0.0,2,0.14099464,0.14099464,1.0109621,0.0,0.09750747,0.0,0.0,7.131827e-07,-26.742462,2.2241611,0.74138707,0.16800001,0.0,0.13827763,15.120156,15.140157,2428800
hardzero_plus_depr__c0p50__z1p00__lam0p020__nu0p50__psi0p75,hardzero_plus_depr,0.06,30,759,0.0,2,0.14099464,0.14099464,1.0538538,0.0,0.08833772,0.0,0.0,7.0256453e-07,-27.702074,2.3185246,0.7728416,0.080000006,0.0,0.1604848,15.140157,15.160157,2432000
hardzero_plus_depr__c0p50__z1p00__lam0p020__nu0p50__psi0p75,hardzero_plus_depr,0.06,30,760,0.0,2,0.14099464,0.14099471,0.95221525,0.11163099,0.11163099,1.0,7.726031e-08,6.921045e-07,-25.426477,2.0949154,0.69830513,0.18400002,0.0,0.15507832,15.160157,15.180158,2435200
hardzero_plus_depr__c0p50__z1p00__lam0p020__nu0p50__psi0p75,hardzero_plus_depr,0.06,30,761,0.0,2,0.14099471,0.14099471,1.0055225,0.0,0.09873644,0.0,0.0,6.818002e-07,-26.909567,2.2121937,0.7373979,0.16800001,0.0,0.15906703,15.180158,15.200158,2438400
hardzero_plus_depr__c0p50__z1p00__lam0p020__nu0p50__psi0p75,hardzero_plus_depr,0.06,30,762,0.0,2,0.14099471,0.14099471,1.0014012,0.0,0.09967789,0.0,0.0,6.716493e-07,-26.408646,2.2031267,0.7343756,0.15200001,0.0,0.15682626,15.200158,15.220159,2441600
hardzero_plus_depr__c0p50__z1p00__lam0p020__nu0p50__psi0p75,hardzero_plus_depr,0.06,30,763,0.0,2,0.14099471,0.14099471,1.0435152,0.0,0.090465866,0.0,0.0,6.616495e-07,-28.16282,2.2957792,0.76525974,0.136,0.0,0.17613918,15.220159,15.240159,2444800
hardzero_plus_depr__c0p50__z1p00__lam0p020__nu0p50__psi0p75,hardzero_plus_depr,0.06,30,764,0.0,2,0.14099471,0.14099479,0.9762157,0.10562926,0.10562926,1.0,6.8849e-08,6.517986e-07,-26.346767,2.1477175,0.71590585,0.136,0.0,0.14786202,15.240159,15.2601595,2448000
hardzero_plus_depr__c0p50__z1p00__lam0p020__nu0p50__psi0p75,hardzero_plus_depr,0.06,30,765,0.0,2,0.14099479,0.14099479,1.0315685,0.0,0.09298897,0.0,0.0,6.420944e-07,-27.06963,2.2694962,0.75649875,0.120000005,0.0,0.1404858,15.2601595,15.28016,2451200
hardzero_plus_depr__c0p50__z1p00__lam0p020__nu0p50__psi0p75,hardzero_plus_depr,0.06,30,766,0.0,2,0.14099479,0.14099479,1.0275658,0.0,0.09384997,0.0,0.0,6.325346e-07,-28.457909,2.26069,0.75356334,0.208,0.0,0.16027014,15.28016,15.30016,2454400
hardzero_plus_depr__c0p50__z1p00__lam0p020__nu0p50__psi0p75,hardzero_plus_depr,0.06,30,767,0.0,2,0.14099479,0.14099479,1.0118593,0.0,0.09730624,0.0,0.0,6.2311716e-07,-26.921099,2.226135,0.74204504,0.16,0.0,0.1676329,15.30016,15.320161,2457600
hardzero_plus_depr__c0p50__z1p00__lam0p020__nu0p50__psi0p75,hardzero_plus_depr,0.06,30,768,0.0,2,0.14099479,0.14099485,0.9780798,0.105176866,0.105176866,1.0,6.456176e-08,6.138399e-07,-26.08777,2.1518185,0.7172729,0.16800001,0.0,0.12700875,15.320161,15.340161,2460800
hardzero_plus_depr__c0p50__z1p00__lam0p020__nu0p50__psi0p75,hardzero_plus_depr,0.06,30,769,0.0,2,0.14099485,0.1409949,0.99347794,0.10151309,0.10151309,1.0,6.138505e-08,6.0470086e-07,-27.392843,2.1856952,0.7285651,0.16000001,0.0,0.17275566,15.340161,15.360162,2464000
hardzero_plus_depr__c0p50__z1p00__lam0p020__nu0p50__psi0p75,hardzero_plus_depr,0.06,30,770,0.0,2,0.1409949,0.1409949,1.0731146,0.0,0.08450558,0.0,0.0,5.956978e-07,-28.549917,2.3608994,0.7869665,0.104,0.0,0.14721704,15.360162,15.380162,2467200
hardzero_plus_depr__c0p50__z1p00__lam0p020__nu0p50__psi0p75,hardzero_plus_depr,0.06,30,771,0.0,2,0.1409949,0.14099497,0.97556895,0.1057867,0.1057867,1.0,6.207869e-08,5.868289e-07,-26.335382,2.1462946,0.7154316,0.14400001,0.008,0.15268826,15.380162,15.400163,2470400
hardzero_plus_depr__c0p50__z1p00__lam0p020__nu0p50__psi0p75,hardzero_plus_depr,0.06,30,772,0.0,2,0.14099497,0.14099497,1.0300049,0.0,0.093324386,0.0,0.0,5.7809194e-07,-26.622272,2.2660558,0.75535196,0.128,0.0,0.16069603,15.400163,15.420163,2473600
hardzero_plus_depr__c0p50__z1p00__lam0p020__nu0p50__psi0p75,hardzero_plus_depr,0.06,30,773,0.0,2,0.14099497,0.14099497,1.0007764,0.0,0.09982139,0.0,0.0,5.69485e-07,-27.339209,2.2017522,0.7339174,0.14400001,0.008,0.16880293,15.420163,15.440164,2476800
hardzero_plus_depr__c0p50__z1p00__lam0p020__nu0p50__psi0p75,hardzero_plus_depr,0.06,30,774,0.0,2,0.14099497,0.14099497,1.0052933,0.0,0.09878858,0.0,0.0,5.6100635e-07,-27.217169,2.2116892,0.73722976,0.17600001,0.0,0.1381775,15.440164,15.460164,2480000
hardzero_plus_depr__c0p50__z1p00__lam0p020__nu0p50__psi0p75,hardzero_plus_depr,0.06,30,775,0.0,2,0.14099497,0.14099497,1.0117978,0.0,0.09732002,0.0,0.0,5.5265383e-07,-26.771812,2.2259996,0.74199986,0.128,0.0,0.16242173,15.460164,15.480165,2483200
hardzero_plus_depr__c0p50__z1p00__lam0p020__nu0p50__psi0p75,hardzero_plus_depr,0.06,30,776,0.0,2,0.14099497,0.14099503,0.96001595,0.109643795,0.109643795,1.0,5.96929e-08,5.4442575e-07,-26.51588,2.1120772,0.70402575,0.256,0.0,0.12139611,15.480165,15.500165,2486400
hardzero_plus_depr__c0p50__z1p00__lam0p020__nu0p50__psi0p75,hardzero_plus_depr,0.06,30,777,0.0,2,0.14099503,0.14099509,0.973423,0.1063107,0.1063107,1.0,5.701656e-08,5.3632004e-07,-26.119877,2.1415734,0.7138578,0.18400002,0.0,0.14470914,15.500165,15.520165,2489600
hardzero_plus_depr__c0p50__z1p00__lam0p020__nu0p50__psi0p75,hardzero_plus_depr,0.06,30,778,0.0,2,0.14099509,0.14099514,0.9915024,0.10197592,0.10197592,1.0,5.387746e-08,5.2833514e-07,-26.187212,2.1813488,0.7271163,0.16800001,0.0,0.16118574,15.520165,15.540166,2492800
hardzero_plus_depr__c0p50__z1p00__lam0p020__nu0p50__psi0p75,hardzero_plus_depr,0.06,30,779,0.0,2,0.14099514,0.1409952,0.99302477,0.10161907,0.10161907,1.0,5.288958e-08,5.2046903e-07,-27.018906,2.184698,0.72823274,0.18400002,0.008,0.14437592,15.540166,15.560166,2496000
hardzero_plus_depr__c0p50__z1p00__lam0p020__nu0p50__psi0p75,hardzero_plus_depr,0.06,30,780,0.0,2,0.1409952,0.1409952,1.0121993,0.0,0.097230084,0.0,0.0,5.1272013e-07,-27.439657,2.226883,0.7422943,0.21,0.0,0.16137289,15.560166,15.580167,2499200
hardzero_plus_depr__c0p50__z1p00__lam0p020__nu0p50__psi0p75,hardzero_plus_depr,0.06,30,781,0.0,2,0.1409952,0.14099525,0.9997963,0.100046925,0.100046925,1.0,5.0532353e-08,5.050865e-07,-26.402727,2.1995957,0.7331986,0.136,0.0,0.15845242,15.580167,15.600167,2502400
hardzero_plus_depr__c0p50__z1p00__lam0p020__nu0p50__psi0p75,hardzero_plus_depr,0.06,30,782,0.0,2,0.14099525,0.14099525,1.0056742,0.0,0.09870196,0.0,0.0,4.975666e-07,-27.224173,2.2125275,0.7375092,0.15200001,0.0,0.19707564,15.600167,15.620168,2505600
hardzero_plus_depr__c0p50__z1p00__lam0p020__nu0p50__psi0p75,hardzero_plus_depr,0.06,30,783,0.0,2,0.14099525,0.14099525,1.0419958,0.0,0.09078294,0.0,0.0,4.9015864e-07,-27.691236,2.2924364,0.7641455,0.17600001,0.0,0.1688206,15.620168,15.640168,2508800
hardzero_plus_depr__c0p50__z1p00__lam0p020__nu0p50__psi0p75,hardzero_plus_depr,0.06,30,784,0.0,2,0.14099525,0.14099525,1.0571877,0.0,0.08766218,0.0,0.0,4.8286097e-07,-27.829536,2.3258593,0.77528644,0.216,0.0,0.17741148,15.640168,15.660169,2512000
hardzero_plus_depr__c0p50__z1p00__lam0p020__nu0p50__psi0p75,hardzero_plus_depr,0.06,30,785,0.0,2,0.14099525,0.14099525,1.0044795,0.0,0.098973855,0.0,0.0,4.7567195e-07,-26.981907,2.2098992,0.73663306,0.18400002,0.0,0.1582661,15.660169,15.680169,2515200
hardzero_plus_depr__c0p50__z1p00__lam0p020__nu0p50__psi0p75,hardzero_plus_depr,0.06,30,786,0.0,2,0.14099525,0.14099525,1.0274673,0.0,0.093871266,0.0,0.0,4.6858995e-07,-27.598244,2.260473,0.75349104,0.112,0.0,0.15755206,15.680169,15.70017,2518400
hardzero_plus_depr__c0p50__z1p00__lam0p020__nu0p50__psi0p75,hardzero_plus_depr,0.06,30,787,0.0,2,0.14099525,0.14099525,1.043191,0.0,0.09053345,0.0,0.0,4.6161338e-07,-27.502392,2.2950659,0.765022,0.104,0.0,0.17750998,15.70017,15.72017,2521600
hardzero_plus_depr__c0p50__z1p00__lam0p020__nu0p50__psi0p75,hardzero_plus_depr,0.06,30,788,0.0,2,0.14099525,0.14099525,1.0273914,0.0,0.09388767,0.0,0.0,4.5474067e-07,-27.545979,2.2603064,0.7534355,0.16800001,0.0,0.15198106,15.72017,15.7401705,2524800
hardzero_plus_depr__c0p50__z1p00__lam0p020__nu0p50__psi0p75,hardzero_plus_depr,0.06,30,789,0.0,2,0.14099525,0.1409953,0.98160017,0.104327746,0.104327746,1.0,4.6735735e-08,4.4797034e-07,-27.639675,2.1595635,0.71985453,0.17600001,0.0,0.17445366,15.7401705,15.760171,2528000
hardzero_plus_depr__c0p50__z1p00__lam0p020__nu0p50__psi0p75,hardzero_plus_depr,0.06,30,790,0.0,2,0.1409953,0.1409953,1.01431,0.0,0.0967587,0.0,0.0,4.4130078e-07,-27.452105,2.2315266,0.74384224,0.192,0.0,0.16226383,15.760171,15.780171,2531200
hardzero_plus_depr__c0p50__z1p00__lam0p020__nu0p50__psi0p75,hardzero_plus_depr,0.06,30,791,0.0,2,0.1409953,0.1409953,1.1000395,0.0,0.07942559,0.0,0.0,4.347305e-07,-28.743904,2.4201353,0.8067118,0.128,0.0,0.16225474,15.780171,15.800172,2534400
hardzero_plus_depr__c0p50__z1p00__lam0p020__nu0p50__psi0p75,hardzero_plus_depr,0.06,30,792,0.0,2,0.1409953,0.1409953,1.0517474,0.0,0.08876721,0.0,0.0,4.2825806e-07,-27.10452,2.3138905,0.77129686,0.14400001,0.0,0.17172596,15.800172,15.820172,2537600
hardzero_plus_depr__c0p50__z1p00__lam0p020__nu0p50__psi0p75,hardzero_plus_depr,0.06,30,793,0.0,2,0.1409953,0.14099534,0.9397914,0.11487051,0.11487051,1.0,4.8461796e-08,4.2188196e-07,-26.12054,2.0675824,0.68919414,0.19999999,0.0,0.14451985,15.820172,15.840173,2540800
hardzero_plus_depr__c0p50__z1p00__lam0p020__nu0p50__psi0p75,hardzero_plus_depr,0.06,30,794,0.0,2,0.14099534,0.14099534,1.0049943,0.0,0.09885662,0.0,0.0,4.1560082e-07,-26.495455,2.2110317,0.7370106,0.2,0.0,0.17910323,15.840173,15.860173,2544000
hardzero_plus_depr__c0p50__z1p00__lam0p020__nu0p50__psi0p75,hardzero_plus_depr,0.06,30,795,0.0,2,0.14099534,0.14099534,1.0360032,0.0,0.09204427,0.0,0.0,4.0941325e-07,-27.48856,2.2792525,0.75975084,0.14400001,0.0,0.18700664,15.860173,15.880174,2547200
hardzero_plus_depr__c0p50__z1p00__lam0p020__nu0p50__psi0p75,hardzero_plus_depr,0.06,30,796,0.0,2,0.14099534,0.14099534,1.005031,0.0,0.09884825,0.0,0.0,4.0331773e-07,-27.151169,2.2111123,0.7370374,0.208,0.0,0.171236,15.880174,15.900174,2550400
hardzero_plus_depr__c0p50__z1p00__lam0p020__nu0p50__psi0p75,hardzero_plus_depr,0.06,30,797,0.0,2,0.14099534,0.14099534,1.0029088,0.0,0.099332444,0.0,0.0,3.9731293e-07,-27.036295,2.2064435,0.7354812,0.16000001,0.0,0.15518959,15.900174,15.920175,2553600
hardzero_plus_depr__c0p50__z1p00__lam0p020__nu0p50__psi0p75,hardzero_plus_depr,0.06,30,798,0.0,2,0.14099534,0.14099534,1.0165203,0.0,0.096267514,0.0,0.0,3.9139758e-07,-27.022205,2.2363892,0.7454631,0.16800001,0.0,0.16272488,15.920175,15.940175,2556800
hardzero_plus_depr__c0p50__z1p00__lam0p020__nu0p50__psi0p75,hardzero_plus_depr,0.06,30,799,0.0,2,0.14099534,0.14099534,1.0266494,0.0,0.09404822,0.0,0.0,3.8557033e-07,-27.621693,2.2586737,0.75289124,0.112,0.0,0.16514716,15.940175,15.9601755,2560000
hardzero_plus_depr__c0p50__z1p00__lam0p020__nu0p50__psi0p75,hardzero_plus_depr,0.06,30,800,0.0,2,0.14099534,0.14099534,1.0218244,0.0,0.09509893,0.0,0.0,3.798298e-07,-27.426283,2.2480586,0.7493529,0.16800001,0.0,0.18225147,15.9601755,15.980176,2563200
hardzero_plus_depr__c0p50__z1p00__lam0p020__nu0p50__psi0p75,hardzero_plus_depr,0.06,30,801,0.0,2,0.14099534,0.14099534,1.0155952,0.0,0.09647279,0.0,0.0,3.7417473e-07,-26.77178,2.234354,0.7447847,0.16800001,0.008,0.17256816,15.980176,16.000175,2566400
hardzero_plus_depr__c0p50__z1p00__lam0p020__nu0p50__psi0p75,hardzero_plus_depr,0.06,30,802,0.0,2,0.14099534,0.14099534,1.0335876,0.0,0.092557676,0.0,0.0,3.6860422e-07,-27.223759,2.2739382,0.7579794,0.128,0.0,0.13674803,16.000175,16.020176,2569600
hardzero_plus_depr__c0p50__z1p00__lam0p020__nu0p50__psi0p75,hardzero_plus_depr,0.06,30,803,0.0,2,0.14099534,0.14099534,1.0364838,0.0,0.09194248,0.0,0.0,3.6311633e-07,-27.185007,2.28031,0.76010334,0.128,0.0,0.15963289,16.020176,16.040176,2572800
hardzero_plus_depr__c0p50__z1p00__lam0p020__nu0p50__psi0p75,hardzero_plus_depr,0.06,30,804,0.0,2,0.14099534,0.14099534,1.0215867,0.0,0.095151,0.0,0.0,3.5771006e-07,-27.462894,2.2475355,0.7491785,0.128,0.0,0.15444389,16.040176,16.060177,2576000
hardzero_plus_depr__c0p50__z1p00__lam0p020__nu0p50__psi0p75,hardzero_plus_depr,0.06,30,805,0.0,2,0.14099534,0.14099534,1.0215074,0.0,0.09516836,0.0,0.0,3.5238435e-07,-27.77009,2.2473612,0.7491204,0.17600001,0.0,0.17967828,16.060177,16.080177,2579200
hardzero_plus_depr__c0p50__z1p00__lam0p020__nu0p50__psi0p75,hardzero_plus_depr,0.06,30,806,0.0,2,0.14099534,0.14099537,0.97449625,0.106048316,0.106048316,1.0,3.681339e-08,3.471379e-07,-26.675829,2.1439345,0.71464485,0.17999999,0.0,0.15137576,16.080177,16.100178,2582400
hardzero_plus_depr__c0p50__z1p00__lam0p020__nu0p50__psi0p75,hardzero_plus_depr,0.06,30,807,0.0,2,0.14099537,0.1409954,0.9956286,0.101011634,0.101011634,1.0,3.4542907e-08,3.4196958e-07,-27.02408,2.1904266,0.73014224,0.15200001,0.0,0.14836793,16.100178,16.120178,2585600
hardzero_plus_depr__c0p50__z1p00__lam0p020__nu0p50__psi0p75,hardzero_plus_depr,0.06,30,808,0.0,2,0.1409954,0.1409954,1.0308154,0.0,0.09315037,0.0,0.0,3.368782e-07,-28.215088,2.2678392,0.7559464,0.16800001,0.0,0.14515494,16.120178,16.140179,2588800
hardzero_plus_depr__c0p50__z1p00__lam0p020__nu0p50__psi0p75,hardzero_plus_depr,0.06,30,809,0.0,2,0.1409954,0.1409954,1.0482445,0.0,0.08948608,0.0,0.0,3.3186262e-07,-28.003698,2.3061838,0.76872796,0.128,0.008,0.17109945,16.140179,16.16018,2592000
hardzero_plus_depr__c0p50__z1p00__lam0p020__nu0p50__psi0p75,hardzero_plus_depr,0.06,30,810,0.0,2,0.1409954,0.1409954,1.0215572,0.0,0.095157444,0.0,0.0,3.269217e-07,-27.376188,2.2474706,0.7491569,0.136,0.0,0.15622701,16.16018,16.18018,2595200
hardzero_plus_depr__c0p50__z1p00__lam0p020__nu0p50__psi0p75,hardzero_plus_depr,0.06,30,811,0.0,2,0.1409954,0.14099543,0.99117196,0.10205353,0.10205353,1.0,3.2866787e-08,3.2205438e-07,-26.11112,2.1806219,0.726874,0.14400001,0.0,0.17586204,16.18018,16.20018,2598400
hardzero_plus_depr__c0p50__z1p00__lam0p020__nu0p50__psi0p75,hardzero_plus_depr,0.06,30,812,0.0,2,0.14099543,0.14099543,1.0323584,0.0,0.09282,0.0,0.0,3.172595e-07,-27.095577,2.2712338,0.75707793,0.120000005,0.0,0.15166196,16.20018,16.22018,2601600
hardzero_plus_depr__c0p50__z1p00__lam0p020__nu0p50__psi0p75,hardzero_plus_depr,0.06,30,813,0.0,2,0.14099543,0.14099543,1.029428,0.0,0.09344843,0.0,0.0,3.1253603e-07,-27.7295,2.2647867,0.75492895,0.128,0.0,0.1752239,16.22018,16.240181,2604800
hardzero_plus_depr__c0p50__z1p00__lam0p020__nu0p50__psi0p75,hardzero_plus_depr,0.06,30,814,0.0,2,0.14099543,0.14099546,0.9906425,0.10217801,0.10217801,1.0,3.1458857e-08,3.0788286e-07,-26.691183,2.179457,0.72648567,0.192,0.0,0.16713555,16.240181,16.260181,2608000
hardzero_plus_depr__c0p50__z1p00__lam0p020__nu0p50__psi0p75,hardzero_plus_depr,0.06,30,815,0.0,2,0.14099546,0.14099546,1.0259502,0.0,0.09419976,0.0,0.0,3.0329898e-07,-27.012407,2.2571354,0.75237846,0.120000005,0.0,0.15959656,16.260181,16.280182,2611200
hardzero_plus_depr__c0p50__z1p00__lam0p020__nu0p50__psi0p75,hardzero_plus_depr,0.06,30,816,0.0,2,0.14099546,0.14099546,1.008827,0.0,0.09798802,0.0,0.0,2.9878333e-07,-27.531973,2.2194636,0.7398212,0.128,0.0,0.15880255,16.280182,16.300182,2614400
hardzero_plus_depr__c0p50__z1p00__lam0p020__nu0p50__psi0p75,hardzero_plus_depr,0.06,30,817,0.0,2,0.14099546,0.14099546,1.0054653,0.0,0.09874946,0.0,0.0,2.9433494e-07,-27.001322,2.2120678,0.73735595,0.2,0.0,0.14471464,16.300182,16.320183,2617600
hardzero_plus_depr__c0p50__z1p00__lam0p020__nu0p50__psi0p75,hardzero_plus_depr,0.06,30,818,0.0,2,0.14099546,0.14099546,1.0455023,0.0,0.09005289,0.0,0.0,2.8995277e-07,-27.383839,2.3001509,0.76671696,0.18400002,0.0,0.1619729,16.320183,16.340183,2620800
hardzero_plus_depr__c0p50__z1p00__lam0p020__nu0p50__psi0p75,hardzero_plus_depr,0.06,30,819,0.0,2,0.14099546,0.14099546,1.0428067,0.0,0.09061358,0.0,0.0,2.856358e-07,-27.138847,2.2942207,0.7647402,0.14999999,0.0,0.17231974,16.340183,16.360184,2624000
hardzero_plus_depr__c0p50__z1p00__lam0p020__nu0p50__psi0p75,hardzero_plus_depr,0.06,30,820,0.0,2,0.14099546,0.14099546,1.0546048,0.0,0.088185094,0.0,0.0,2.8138317e-07,-27.452082,2.3201768,0.7733923,0.18400002,0.0,0.15633997,16.360184,16.380184,2627200
hardzero_plus_depr__c0p50__z1p00__lam0p020__nu0p50__psi0p75,hardzero_plus_depr,0.06,30,821,0.0,2,0.14099546,0.14099549,0.98730695,0.1029658,0.1029658,1.0,2.8541482e-08,2.771938e-07,-26.768942,2.1721187,0.72403955,0.17600001,0.0,0.16215923,16.380184,16.400185,2630400
hardzero_plus_depr__c0p50__z1p00__lam0p020__nu0p50__psi0p75,hardzero_plus_depr,0.06,30,822,0.0,2,0.14099549,0.14099552,0.9772211,0.10538502,0.10538502,1.0,2.8777157e-08,2.7306686e-07,-25.910246,2.1499293,0.7166431,0.14400001,0.0,0.13804728,16.400185,16.420185,2633600
hardzero_plus_depr__c0p50__z1p00__lam0p020__nu0p50__psi0p75,hardzero_plus_depr,0.06,30,823,0.0,2,0.14099552,0.14099552,1.0387728,0.0,0.09145915,0.0,0.0,2.6900133e-07,-27.802237,2.2853458,0.76178193,0.14400001,0.0,0.197898,16.420185,16.440186,2636800
hardzero_plus_depr__c0p50__z1p00__lam0p020__nu0p50__psi0p75,hardzero_plus_depr,0.06,30,824,0.0,2,0.14099552,0.14099552,1.0572435,0.0,0.08765092,0.0,0.0,2.6499632e-07,-27.857447,2.325982,0.7753274,0.15200001,0.0,0.1514032,16.440186,16.460186,2640000
hardzero_plus_depr__c0p50__z1p00__lam0p020__nu0p50__psi0p75,hardzero_plus_depr,0.06,30,825,0.0,2,0.14099552,0.14099552,1.0389997,0.0,0.09141138,0.0,0.0,2.6105093e-07,-27.423874,2.285845,0.76194835,0.17600001,0.0,0.17906278,16.460186,16.480186,2643200
hardzero_plus_depr__c0p50__z1p00__lam0p020__nu0p50__psi0p75,hardzero_plus_depr,0.06,30,826,0.0,2,0.14099552,0.14099552,1.0047616,0.0,0.098909594,0.0,0.0,2.5716432e-07,-26.861696,2.2105196,0.7368399,0.14400001,0.0,0.1426319,16.480186,16.500187,2646400
hardzero_plus_depr__c0p50__z1p00__lam0p020__nu0p50__psi0p75,hardzero_plus_depr,0.06,30,827,0.0,2,0.14099552,0.14099552,1.0226995,0.0,0.094907485,0.0,0.0,2.5333554e-07,-26.840292,2.2499838,0.74999464,0.16800001,0.0,0.16008258,16.500187,16.520187,2649600
hardzero_plus_depr__c0p50__z1p00__lam0p020__nu0p50__psi0p75,hardzero_plus_depr,0.06,30,828,0.0,2,0.14099552,0.14099552,1.0347517,0.0,0.0923099,0.0,0.0,2.4956378e-07,-27.239601,2.276499,0.75883305,0.18400002,0.0,0.18282695,16.520187,16.540188,2652800
hardzero_plus_depr__c0p50__z1p00__lam0p020__nu0p50__psi0p75,hardzero_plus_depr,0.06,30,829,0.0,2,0.14099552,0.14099552,1.0321946,0.0,0.09285502,0.0,0.0,2.4584818e-07,-27.66443,2.2708735,0.7569579,0.208,0.0,0.16911674,16.540188,16.560188,2656000
hardzero_plus_depr__c0p50__z1p00__lam0p020__nu0p50__psi0p75,hardzero_plus_depr,0.06,30,830,0.0,2,0.14099552,0.14099555,0.975624,0.105773285,0.105773285,1.0,2.5617013e-08,2.4218792e-07,-26.626049,2.1464157,0.7154719,0.2,0.0,0.17313597,16.560188,16.580189,2659200
hardzero_plus_depr__c0p50__z1p00__lam0p020__nu0p50__psi0p75,hardzero_plus_depr,0.06,30,831,0.0,2,0.14099555,0.14099555,1.007244,0.0,0.09834583,0.0,0.0,2.3858212e-07,-26.688778,2.215981,0.73866034,0.15200001,0.0,0.14598213,16.580189,16.60019,2662400
hardzero_plus_depr__c0p50__z1p00__lam0p020__nu0p50__psi0p75,hardzero_plus_depr,0.06,30,832,0.0,2,0.14099555,0.14099555,1.0658094,0.0,0.08593906,0.0,0.0,2.3503e-07,-28.226013,2.3448274,0.7816092,0.08,0.0,0.1535367,16.60019,16.62019,2665600
hardzero_plus_depr__c0p50__z1p00__lam0p020__nu0p50__psi0p75,hardzero_plus_depr,0.06,30,833,0.0,2,0.14099555,0.14099558,0.9771295,0.10540724,0.10540724,1.0,2.440502e-08,2.3153078e-07,-26.693483,2.1497278,0.716576,0.2,0.0,0.14958064,16.62019,16.64019,2668800
hardzero_plus_depr__c0p50__z1p00__lam0p020__nu0p50__psi0p75,hardzero_plus_depr,0.06,30,834,0.0,2,0.14099558,0.14099558,1.0512381,0.0,0.08887138,0.0,0.0,2.2808366e-07,-28.068985,2.31277,0.7709233,0.112,0.0,0.14764293,16.64019,16.66019,2672000
hardzero_plus_depr__c0p50__z1p00__lam0p020__nu0p50__psi0p75,hardzero_plus_depr,0.06,30,835,0.0,2,0.14099558,0.1409956,0.99853116,0.100338794,0.100338794,1.0,2.2544908e-08,2.2468785e-07,-26.704927,2.1968124,0.73227084,0.2,0.016,0.14960359,16.66019,16.680191,2675200
hardzero_plus_depr__c0p50__z1p00__lam0p020__nu0p50__psi0p75,hardzero_plus_depr,0.06,30,836,0.0,2,0.1409956,0.1409956,1.0658182,0.0,0.08593732,0.0,0.0,2.2134262e-07,-28.657873,2.3448467,0.7816156,0.112,0.0,0.15673427,16.680191,16.700191,2678400
hardzero_plus_depr__c0p50__z1p00__lam0p020__nu0p50__psi0p75,hardzero_plus_depr,0.06,30,837,0.0,2,0.1409956,0.14099564,0.9763997,0.10558451,0.10558451,1.0,2.3022405e-08,2.1804719e-07,-25.49854,2.1481223,0.7160408,0.2,0.0,0.16595379,16.700191,16.720192,2681600
hardzero_plus_depr__c0p50__z1p00__lam0p020__nu0p50__psi0p75,hardzero_plus_depr,0.06,30,838,0.0,2,0.14099564,0.14099564,1.0378323,0.0,0.091657445,0.0,0.0,2.1480082e-07,-27.276693,2.2832766,0.7610922,0.120000005,0.0,0.17198256,16.720192,16.740192,2684800
hardzero_plus_depr__c0p50__z1p00__lam0p020__nu0p50__psi0p75,hardzero_plus_depr,0.06,30,839,0.0,2,0.14099564,0.14099564,1.0086235,0.0,0.09803396,0.0,0.0,2.1160278e-07,-26.726444,2.219016,0.73967206,0.16000001,0.0,0.16743317,16.740192,16.760193,2688000
hardzero_plus_depr__c0p50__z1p00__lam0p020__nu0p50__psi0p75,hardzero_plus_depr,0.06,30,840,0.0,2,0.14099564,0.14099564,1.0061927,0.0,0.098584205,0.0,0.0,2.0845233e-07,-27.427204,2.213668,0.7378894,0.128,0.0,0.15990733,16.760193,16.780193,2691200
hardzero_plus_depr__c0p50__z1p00__lam0p020__nu0p50__psi0p75,hardzero_plus_depr,0.06,30,841,0.0,2,0.14099564,0.14099565,0.9948223,0.10119935,0.10119935,1.0,2.0781169e-08,2.0534883e-07,-26.826855,2.1886528,0.72955096,0.15200001,0.0,0.15215048,16.780193,16.800194,2694400
hardzero_plus_depr__c0p50__z1p00__lam0p020__nu0p50__psi0p75,hardzero_plus_depr,0.06,30,842,0.0,2,0.14099565,0.14099567,0.98855734,0.102669775,0.102669775,1.0,2.0769223e-08,2.022915e-07,-26.657427,2.1748695,0.7249565,0.136,0.0,0.13783807,16.800194,16.820194,2697600
hardzero_plus_depr__c0p50__z1p00__lam0p020__nu0p50__psi0p75,hardzero_plus_depr,0.06,30,843,0.0,2,0.14099567,0.14099567,1.0448636,0.0,0.09018543,0.0,0.0,1.9927971e-07,-28.709658,2.2987459,0.76624864,0.224,0.0,0.18557926,16.820194,16.840195,2700800
hardzero_plus_depr__c0p50__z1p00__lam0p020__nu0p50__psi0p75,hardzero_plus_depr,0.06,30,844,0.0,2,0.14099567,0.14099567,1.0313779,0.0,0.09302979,0.0,0.0,1.9631277e-07,-27.493103,2.2690766,0.75635886,0.112,0.0,0.1643206,16.840195,16.860195,2704000
hardzero_plus_depr__c0p50__z1p00__lam0p020__nu0p50__psi0p75,hardzero_plus_depr,0.06,30,845,0.0,2,0.14099567,0.14099568,0.99138784,0.10200281,0.10200281,1.0,1.972632e-08,1.9338997e-07,-27.232832,2.1810968,0.7270323,0.17,0.0,0.14760895,16.860195,16.880196,2707200
hardzero_plus_depr__c0p50__z1p00__lam0p020__nu0p50__psi0p75,hardzero_plus_depr,0.06,30,846,0.0,2,0.14099568,0.14099568,1.0012064,0.0,0.0997226,0.0,0.0,1.9051069e-07,-27.252268,2.202698,0.73423266,0.192,0.0,0.15684201,16.880196,16.900196,2710400
hardzero_plus_depr__c0p50__z1p00__lam0p020__nu0p50__psi0p75,hardzero_plus_depr,0.06,30,847,0.0,2,0.14099568,0.14099568,1.0282998,0.0,0.0936915,0.0,0.0,1.8767432e-07,-26.904877,2.2623048,0.75410163,0.18400002,0.0,0.15635674,16.900196,16.920197,2713600
hardzero_plus_depr__c0p50__z1p00__lam0p020__nu0p50__psi0p75,hardzero_plus_depr,0.06,30,848,0.0,2,0.14099568,0.14099568,1.0291795,0.0,0.09350191,0.0,0.0,1.8488014e-07,-27.5543,2.26424,0.7547467,0.16000001,0.0,0.14604446,16.920197,16.940197,2716800
hardzero_plus_depr__c0p50__z1p00__lam0p020__nu0p50__psi0p75,hardzero_plus_depr,0.06,30,849,0.0,2,0.14099568,0.14099568,1.0334005,0.0,0.09259754,0.0,0.0,1.8212758e-07,-26.88476,2.2735267,0.75784224,0.14400001,0.0,0.17453006,16.940197,16.960197,2720000
hardzero_plus_depr__c0p50__z1p00__lam0p020__nu0p50__psi0p75,hardzero_plus_depr,0.06,30,850,0.0,2,0.14099568,0.1409957,0.9793293,0.104874685,0.104874685,1.0,1.8816195e-08,1.7941598e-07,-26.308317,2.1545675,0.7181892,0.16800001,0.0,0.14959359,16.960197,16.980198,2723200
hardzero_plus_depr__c0p50__z1p00__lam0p020__nu0p50__psi0p75,hardzero_plus_depr,0.06,30,851,0.0,2,0.1409957,0.1409957,1.0173472,0.0,0.09608438,0.0,0.0,1.7674476e-07,-27.66472,2.2382085,0.74606955,0.208,0.0,0.17543314,16.980198,17.000198,2726400
hardzero_plus_depr__c0p50__z1p00__lam0p020__nu0p50__psi0p75,hardzero_plus_depr,0.06,30,852,0.0,2,0.1409957,0.1409957,1.0138199,0.0,0.09686795,0.0,0.0,1.7411331e-07,-26.759176,2.2304485,0.7434828,0.16000001,0.0,0.17762627,17.000198,17.020199,2729600
hardzero_plus_depr__c0p50__z1p00__lam0p020__nu0p50__psi0p75,hardzero_plus_depr,0.06,30,853,0.0,2,0.1409957,0.1409957,1.002588,0.0,0.09940584,0.0,0.0,1.7152105e-07,-27.057356,2.2057378,0.73524594,0.15200001,0.0,0.16968165,17.020199,17.0402,2732800
hardzero_plus_depr__c0p50__z1p00__lam0p020__nu0p50__psi0p75,hardzero_plus_depr,0.06,30,854,0.0,2,0.1409957,0.14099571,0.970064,0.10713613,0.10713613,1.0,1.8102511e-08,1.6896738e-07,-26.21583,2.1341834,0.7113945,0.18400002,0.0,0.15130782,17.0402,17.0602,2736000
hardzero_plus_depr__c0p50__z1p00__lam0p020__nu0p50__psi0p75,hardzero_plus_depr,0.06,30,855,0.0,2,0.14099571,0.14099571,1.0487922,0.0,0.08937328,0.0,0.0,1.6645171e-07,-28.17027,2.307389,0.7691297,0.096,0.0,0.18759492,17.0602,17.0802,2739200
hardzero_plus_depr__c0p50__z1p00__lam0p020__nu0p50__psi0p75,hardzero_plus_depr,0.06,30,856,0.0,2,0.14099571,0.14099573,0.99297535,0.10163063,0.10163063,1.0,1.6664732e-08,1.6397352e-07,-27.263603,2.1845894,0.7281965,0.128,0.0,0.16773252,17.0802,17.1002,2742400
hardzero_plus_depr__c0p50__z1p00__lam0p020__nu0p50__psi0p75,hardzero_plus_depr,0.06,30,857,0.0,2,0.14099573,0.14099573,1.0395825,0.0,0.091288805,0.0,0.0,1.6153221e-07,-27.66068,2.2871273,0.7623758,0.17600001,0.0,0.17056769,17.1002,17.120201,2745600
hardzero_plus_depr__c0p50__z1p00__lam0p020__nu0p50__psi0p75,hardzero_plus_depr,0.06,30,858,0.0,2,0.14099573,0.14099574,0.95474386,0.11098292,0.11098292,1.0,1.7660408e-08,1.5912727e-07,-26.489464,2.1004784,0.7001595,0.12,0.0,0.13719563,17.120201,17.140202,2748800
hardzero_plus_depr__c0p50__z1p00__lam0p020__nu0p50__psi0p75,hardzero_plus_depr,0.06,30,859,0.0,2,0.14099574,0.14099574,1.051086,0.0,0.08890251,0.0,0.0,1.567581e-07,-27.36259,2.3124354,0.7708118,0.16000001,0.0,0.16669948,17.140202,17.160202,2752000
hardzero_plus_depr__c0p50__z1p00__lam0p020__nu0p50__psi0p75,hardzero_plus_depr,0.06,30,860,0.0,2,0.14099574,0.14099574,1.0040797,0.0,0.099065,0.0,0.0,1.5442423e-07,-26.837118,2.2090194,0.7363398,0.120000005,0.0,0.15777077,17.160202,17.180202,2755200
hardzero_plus_depr__c0p50__z1p00__lam0p020__nu0p50__psi0p75,hardzero_plus_depr,0.06,30,861,0.0,2,0.14099574,0.14099574,1.0245334,0.0,0.094507575,0.0,0.0,1.521251e-07,-27.542429,2.2540185,0.75133955,0.14400001,0.0,0.15389387,17.180202,17.200203,2758400
hardzero_plus_depr__c0p50__z1p00__lam0p020__nu0p50__psi0p75,hardzero_plus_depr,0.06,30,862,0.0,2,0.14099574,0.14099576,0.9795171,0.10482936,0.10482936,1.0,1.570975e-08,1.4986021e-07,-26.490297,2.1549807,0.7183269,0.17600001,0.0,0.1503564,17.200203,17.220203,2761600
hardzero_plus_depr__c0p50__z1p00__lam0p020__nu0p50__psi0p75,hardzero_plus_depr,0.06,30,863,0.0,2,0.14099576,0.14099576,1.0372177,0.0,0.091787234,0.0,0.0,1.4762904e-07,-27.696545,2.2819245,0.7606415,0.136,0.0,0.16832584,17.220203,17.240204,2764800
hardzero_plus_depr__c0p50__z1p00__lam0p020__nu0p50__psi0p75,hardzero_plus_depr,0.06,30,864,0.0,2,0.14099576,0.14099577,0.9858714,0.10330674,0.10330674,1.0,1.5024009e-08,1.4543106e-07,-27.058878,2.1689603,0.7229868,0.17600001,0.0,0.17409487,17.240204,17.260204,2768000
hardzero_plus_depr__c0p50__z1p00__lam0p020__nu0p50__psi0p75,hardzero_plus_depr,0.06,30,865,0.0,2,0.14099577,0.14099577,1.0255324,0.0,0.094290435,0.0,0.0,1.4326584e-07,-27.647255,2.2562163,0.7520721,0.208,0.0,0.17326987,17.260204,17.280205,2771200
hardzero_plus_depr__c0p50__z1p00__lam0p020__nu0p50__psi0p75,hardzero_plus_depr,0.06,30,866,0.0,2,0.14099577,0.14099577,1.0013851,0.0,0.09968157,0.0,0.0,1.4113283e-07,-26.248695,2.2030911,0.73436373,0.192,0.0,0.16387182,17.280205,17.300205,2774400
hardzero_plus_depr__c0p50__z1p00__lam0p020__nu0p50__psi0p75,hardzero_plus_depr,0.06,30,867,0.0,2,0.14099577,0.14099577,1.0464796,0.0,0.089850485,0.0,0.0,1.390316e-07,-26.999243,2.302301,0.76743364,0.2,0.0,0.15805112,17.300205,17.320206,2777600
hardzero_plus_depr__c0p50__z1p00__lam0p020__nu0p50__psi0p75,hardzero_plus_depr,0.06,30,868,0.0,2,0.14099577,0.14099577,1.0159934,0.0,0.09638436,0.0,0.0,1.3696163e-07,-26.958359,2.23523,0.74507666,0.112,0.0,0.15284722,17.320206,17.340206,2780800
hardzero_plus_depr__c0p50__z1p00__lam0p020__nu0p50__psi0p75,hardzero_plus_depr,0.06,30,869,0.0,2,0.14099577,0.14099577,1.1045974,0.0,0.07859638,0.0,0.0,1.3492249e-07,-28.523869,2.430163,0.8100543,0.120000005,0.008,0.200448,17.340206,17.360207,2784000
hardzero_plus_depr__c0p50__z1p00__lam0p020__nu0p50__psi0p75,hardzero_plus_depr,0.06,30,870,0.0,2,0.14099577,0.14099577,1.0311121,0.0,0.09308677,0.0,0.0,1.3291371e-07,-27.129173,2.268492,0.756164,0.120000005,0.0,0.16291377,17.360207,17.380207,2787200
hardzero_plus_depr__c0p50__z1p00__lam0p020__nu0p50__psi0p75,hardzero_plus_depr,0.06,30,871,0.0,2,0.14099577,0.14099579,0.93808806,0.11532195,0.11532195,1.0,1.5099662e-08,1.3093485e-07,-26.195217,2.063835,0.687945,0.19,0.0,0.1269455,17.380207,17.400208,2790400
hardzero_plus_depr__c0p50__z1p00__lam0p020__nu0p50__psi0p75,hardzero_plus_depr,0.06,30,872,0.0,2,0.14099579,0.14099579,1.0330995,0.0,0.09266174,0.0,0.0,1.2898543e-07,-26.714205,2.2728643,0.75762147,0.208,0.0,0.1630733,17.400208,17.420208,2793600
hardzero_plus_depr__c0p50__z1p00__lam0p020__nu0p50__psi0p75,hardzero_plus_depr,0.06,30,873,0.0,2,0.14099579,0.14099579,1.0509154,0.0,0.08893745,0.0,0.0,1.2706505e-07,-27.547686,2.3120599,0.7706866,0.17600001,0.0,0.17486441,17.420208,17.440208,2796800
hardzero_plus_depr__c0p50__z1p00__lam0p020__nu0p50__psi0p75,hardzero_plus_depr,0.06,30,874,0.0,2,0.14099579,0.1409958,0.98687106,0.10306921,0.10306921,1.0,1.2901507e-08,1.2517324e-07,-26.342417,2.1711597,0.72371995,0.18400002,0.0,0.15140294,17.440208,17.460209,2800000
hardzero_plus_depr__c0p50__z1p00__lam0p020__nu0p50__psi0p75,hardzero_plus_depr,0.06,30,875,0.0,2,0.1409958,0.1409958,1.0304282,0.0,0.09323347,0.0,0.0,1.2330962e-07,-27.669874,2.2669873,0.75566244,0.096,0.0,0.17924118,17.460209,17.48021,2803200
hardzero_plus_depr__c0p50__z1p00__lam0p020__nu0p50__psi0p75,hardzero_plus_depr,0.06,30,876,0.0,2,0.1409958,0.1409958,1.0340283,0.0,0.0924638,0.0,0.0,1.2147375e-07,-28.194408,2.2749076,0.75830257,0.096,0.0,0.18159404,17.48021,17.50021,2806400
hardzero_plus_depr__c0p50__z1p00__lam0p020__nu0p50__psi0p75,hardzero_plus_depr,0.06,30,877,0.0,2,0.1409958,0.1409958,1.0224102,0.0,0.094970755,0.0,0.0,1.196652e-07,-26.938118,2.2493472,0.74978244,0.15200001,0.0,0.15507302,17.50021,17.52021,2809600
hardzero_plus_depr__c0p50__z1p00__lam0p020__nu0p50__psi0p75,hardzero_plus_depr,0.06,30,878,0.0,2,0.1409958,0.14099582,0.9806097,0.10456593,0.10456593,1.0,1.23266055e-08,1.17883566e-07,-25.612259,2.1573844,0.71912813,0.192,0.0,0.17463072,17.52021,17.54021,2812800
hardzero_plus_depr__c0p50__z1p00__lam0p020__nu0p50__psi0p75,hardzero_plus_depr,0.06,30,879,0.0,2,0.14099582,0.14099582,1.0090681,0.0,0.09793362,0.0,0.0,1.16128454e-07,-27.393349,2.2199943,0.7399981,0.208,0.0,0.19505674,17.54021,17.560211,2816000
hardzero_plus_depr__c0p50__z1p00__lam0p020__nu0p50__psi0p75,hardzero_plus_depr,0.06,30,880,0.0,2,0.14099582,0.14099583,0.9848336,0.10355388,0.10355388,1.0,1.1846511e-08,1.143995e-07,-26.57997,2.1666772,0.7222258,0.18400002,0.0,0.16504604,17.560211,17.580212,2819200
hardzero_plus_depr__c0p50__z1p00__lam0p020__nu0p50__psi0p75,hardzero_plus_depr,0.06,30,881,0.0,2,0.14099583,0.14099585,0.9481705,0.1126755,0.1126755,1.0,1.269811e-08,1.1269628e-07,-26.108894,2.0860167,0.6953389,0.136,0.0,0.15577999,17.580212,17.600212,2822400
hardzero_plus_depr__c0p50__z1p00__lam0p020__nu0p50__psi0p75,hardzero_plus_depr,0.06,30,882,0.0,2,0.14099585,0.14099586,0.975854,0.10571729,0.10571729,1.0,1.1736565e-08,1.1101841e-07,-25.966095,2.1469216,0.71564054,0.136,0.0,0.14761667,17.600212,17.620213,2825600
hardzero_plus_depr__c0p50__z1p00__lam0p020__nu0p50__psi0p75,hardzero_plus_depr,0.06,30,883,0.0,2,0.14099586,0.14099588,0.94935817,0.112367794,0.112367794,1.0,1.2289163e-08,1.0936552e-07,-25.782879,2.0886297,0.6962099,0.17600001,0.0,0.12702924,17.620213,17.640213,2828800
hardzero_plus_depr__c0p50__z1p00__lam0p020__nu0p50__psi0p75,hardzero_plus_depr,0.06,30,884,0.0,2,0.14099588,0.14099589,0.98640716,0.10317936,0.10317936,1.0,1.111626e-08,1.0773725e-07,-26.502821,2.170139,0.72337973,0.17999999,0.0,0.13892831,17.640213,17.660213,2832000
hardzero_plus_depr__c0p50__z1p00__lam0p020__nu0p50__psi0p75,hardzero_plus_depr,0.06,30,885,0.0,2,0.14099589,0.1409959,0.95235354,0.11159544,0.11159544,1.0,1.1843982e-08,1.0613321e-07,-25.299274,2.0952196,0.6984066,0.18400002,0.0,0.14371407,17.660213,17.680214,2835200
hardzero_plus_depr__c0p50__z1p00__lam0p020__nu0p50__psi0p75,hardzero_plus_depr,0.06,30,886,0.0,2,0.1409959,0.1409959,1.0176733,0.0,0.096012264,0.0,0.0,1.0455306e-07,-26.80624,2.238926,0.7463087,0.128,0.0,0.1810559,17.680214,17.700214,2838400
hardzero_plus_depr__c0p50__z1p00__lam0p020__nu0p50__psi0p75,hardzero_plus_depr,0.06,30,887,0.0,2,0.1409959,0.14099592,0.98824686,0.10274321,0.10274321,1.0,1.0582184e-08,1.0299643e-07,-27.481213,2.1741865,0.7247288,0.192,0.0,0.15076685,17.700214,17.720215,2841600
hardzero_plus_depr__c0p50__z1p00__lam0p020__nu0p50__psi0p75,hardzero_plus_depr,0.06,30,888,0.0,2,0.14099592,0.14099592,1.0094768,0.0,0.09784152,0.0,0.0,1.0146297e-07,-27.055414,2.2208931,0.74029773,0.128,0.0,0.14721154,17.720215,17.740215,2844800
hardzero_plus_depr__c0p50__z1p00__lam0p020__nu0p50__psi0p75,hardzero_plus_depr,0.06,30,889,0.0,2,0.14099592,0.14099592,1.0587686,0.0,0.087343656,0.0,0.0,9.9952366e-08,-28.397984,2.3293376,0.77644587,0.120000005,0.0,0.16193494,17.740215,17.760216,2848000
hardzero_plus_depr__c0p50__z1p00__lam0p020__nu0p50__psi0p75,hardzero_plus_depr,0.06,30,890,0.0,2,0.14099592,0.14099592,1.0472888,0.0,0.08968322,0.0,0.0,9.846422e-08,-27.621498,2.3040812,0.76802707,0.15200001,0.0,0.1698772,17.760216,17.780216,2851200
hardzero_plus_depr__c0p50__z1p00__lam0p020__nu0p50__psi0p75,hardzero_plus_depr,0.06,30,891,0.0,2,0.14099592,0.14099593,0.98545873,0.10340493,0.10340493,1.0,1.0030098e-08,9.699825e-08,-27.09143,2.1680524,0.72268414,0.15200001,0.0,0.16447167,17.780216,17.800217,2854400
hardzero_plus_depr__c0p50__z1p00__lam0p020__nu0p50__psi0p75,hardzero_plus_depr,0.06,30,892,0.0,2,0.14099593,0.14099595,0.9978477,0.10049683,0.10049683,1.0,9.602884e-09,9.55541e-08,-27.217686,2.1953087,0.73176956,0.18400002,0.0,0.16977237,17.800217,17.820217,2857600
hardzero_plus_depr__c0p50__z1p00__lam0p020__nu0p50__psi0p75,hardzero_plus_depr,0.06,30,893,0.0,2,0.14099595,0.14099596,0.99030054,0.10225851,0.10225851,1.0,9.625743e-09,9.413146e-08,-26.454298,2.1787047,0.7262349,0.17600001,0.0,0.17217608,17.820217,17.840218,2860800
hardzero_plus_depr__c0p50__z1p00__lam0p020__nu0p50__psi0p75,hardzero_plus_depr,0.06,30,894,0.0,2,0.14099596,0.14099596,1.037875,0.0,0.0916484,0.0,0.0,9.272999e-08,-27.517569,2.2833707,0.7611236,0.120000005,0.0,0.15539801,17.840218,17.860218,2864000
hardzero_plus_depr__c0p50__z1p00__lam0p020__nu0p50__psi0p75,hardzero_plus_depr,0.06,30,895,0.0,2,0.14099596,0.14099596,1.042874,0.0,0.090599544,0.0,0.0,9.1349385e-08,-28.673298,2.2943685,0.7647895,0.17600001,0.0,0.194235,17.860218,17.880219,2867200
hardzero_plus_depr__c0p50__z1p00__lam0p020__nu0p50__psi0p75,hardzero_plus_depr,0.06,30,896,0.0,2,0.14099596,0.14099596,1.0192585,0.0,0.09566244,0.0,0.0,8.998934e-08,-27.081615,2.2424135,0.7474712,0.136,0.0,0.14246663,17.880219,17.900219,2870400
hardzero_plus_depr__c0p50__z1p00__lam0p020__nu0p50__psi0p75,hardzero_plus_depr,0.06,30,897,0.0,2,0.14099596,0.14099596,1.034187,0.0,0.09243001,0.0,0.0,8.864954e-08,-27.028273,2.2752569,0.758419,0.19999999,0.0,0.16630761,17.900219,17.92022,2873600
hardzero_plus_depr__c0p50__z1p00__lam0p020__nu0p50__psi0p75,hardzero_plus_depr,0.06,30,898,0.0,2,0.14099596,0.14099596,1.0514197,0.0,0.088834204,0.0,0.0,8.7329695e-08,-27.509363,2.3131697,0.7710566,0.16000001,0.0,0.155022,17.92022,17.94022,2876800
hardzero_plus_depr__c0p50__z1p00__lam0p020__nu0p50__psi0p75,hardzero_plus_depr,0.06,30,899,0.0,2,0.14099596,0.14099596,1.042747,0.0,0.09062602,0.0,0.0,8.6029495e-08,-27.524998,2.2940893,0.7646965,0.16800001,0.0,0.15697303,17.94022,17.96022,2880000
hardzero_plus_depr__c0p50__z1p00__lam0p020__nu0p50__psi0p75,hardzero_plus_depr,0.06,30,900,0.0,2,0.14099596,0.14099598,0.95684993,0.110446006,0.110446006,1.0,9.36015e-09,8.474865e-08,-26.092527,2.1051118,0.70170397,0.16800001,0.0,0.15669203,17.96022,17.98022,2883200
hardzero_plus_depr__c0p50__z1p00__lam0p020__nu0p50__psi0p75,hardzero_plus_depr,0.06,30,901,0.0,2,0.14099598,0.14099598,1.0526991,0.0,0.08857291,0.0,0.0,8.3486874e-08,-28.408382,2.3159842,0.77199477,0.14400001,0.0,0.17969537,17.98022,18.000221,2886400
hardzero_plus_depr__c0p50__z1p00__lam0p020__nu0p50__psi0p75,hardzero_plus_depr,0.06,30,902,0.0,2,0.14099598,0.14099598,1.0019122,0.0,0.09956065,0.0,0.0,8.22439e-08,-26.729382,2.2042508,0.7347503,0.192,0.0,0.16612172,18.000221,18.020222,2889600
hardzero_plus_depr__c0p50__z1p00__lam0p020__nu0p50__psi0p75,hardzero_plus_depr,0.06,30,903,0.0,2,0.14099598,0.14099598,1.0048743,0.0,0.09888392,0.0,0.0,8.1019415e-08,-26.961424,2.2107677,0.7369226,0.120000005,0.0,0.17023021,18.020222,18.040222,2892800
hardzero_plus_depr__c0p50__z1p00__lam0p020__nu0p50__psi0p75,hardzero_plus_depr,0.06,30,904,0.0,2,0.14099598,0.14099598,1.0929512,0.0,0.08073257,0.0,0.0,7.9813155e-08,-28.204098,2.4045405,0.80151355,0.104,0.0,0.16508621,18.040222,18.060223,2896000
hardzero_plus_depr__c0p50__z1p00__lam0p020__nu0p50__psi0p75,hardzero_plus_depr,0.06,30,905,0.0,2,0.14099598,0.14099598,1.0157398,0.0,0.096440665,0.0,0.0,7.862488e-08,-27.323105,2.234672,0.7448907,0.120000005,0.0,0.13861237,18.060223,18.080223,2899200
hardzero_plus_depr__c0p50__z1p00__lam0p020__nu0p50__psi0p75,hardzero_plus_depr,0.06,30,906,0.0,2,0.14099598,0.140996,0.9851867,0.10346972,0.10346972,1.0,8.014172e-09,7.7454274e-08,-26.297958,2.167454,0.7224847,0.15200001,0.0,0.13822933,18.080223,18.100224,2902400
hardzero_plus_depr__c0p50__z1p00__lam0p020__nu0p50__psi0p75,hardzero_plus_depr,0.06,30,907,0.0,2,0.140996,0.140996,1.0024431,0.0,0.099439025,0.0,0.0,7.6301106e-08,-26.147322,2.2054188,0.7351396,0.128,0.0,0.13599928,18.100224,18.120224,2905600
hardzero_plus_depr__c0p50__z1p00__lam0p020__nu0p50__psi0p75,hardzero_plus_depr,0.06,30,908,0.0,2,0.140996,0.140996,1.019856,0.0,0.09553093,0.0,0.0,7.5165104e-08,-27.165245,2.243728,0.7479093,0.16800001,0.0,0.19218507,18.120224,18.140224,2908800
hardzero_plus_depr__c0p50__z1p00__lam0p020__nu0p50__psi0p75,hardzero_plus_depr,0.06,30,909,0.0,2,0.140996,0.14099601,0.9755057,0.10580211,0.10580211,1.0,7.834225e-09,7.4046014e-08,-26.4625,2.1461554,0.71538514,0.192,0.0,0.16842788,18.140224,18.160225,2912000
hardzero_plus_depr__c0p50__z1p00__lam0p020__nu0p50__psi0p75,hardzero_plus_depr,0.06,30,910,0.0,2,0.14099601,0.14099601,1.088484,0.0,0.08156727,0.0,0.0,7.294359e-08,-28.454077,2.3947127,0.79823756,0.16,0.0,0.1797215,18.160225,18.180225,2915200
hardzero_plus_depr__c0p50__z1p00__lam0p020__nu0p50__psi0p75,hardzero_plus_depr,0.06,30,911,0.0,2,0.14099601,0.14099601,1.0137104,0.0,0.09689238,0.0,0.0,7.185758e-08,-26.946884,2.2302074,0.7434025,0.192,0.0,0.14273451,18.180225,18.200226,2918400
hardzero_plus_depr__c0p50__z1p00__lam0p020__nu0p50__psi0p75,hardzero_plus_depr,0.06,30,912,0.0,2,0.14099601,0.14099602,0.97071874,0.10697474,0.10697474,1.0,7.5725e-09,7.0787735e-08,-26.547028,2.135624,0.71187466,0.17600001,0.0,0.15784621,18.200226,18.220226,2921600
hardzero_plus_depr__c0p50__z1p00__lam0p020__nu0p50__psi0p75,hardzero_plus_depr,0.06,30,913,0.0,2,0.14099602,0.14099602,1.0501359,0.0,0.089097224,0.0,0.0,6.9733815e-08,-28.344154,2.310345,0.770115,0.136,0.0,0.18592577,18.220226,18.240227,2924800
hardzero_plus_depr__c0p50__z1p00__lam0p020__nu0p50__psi0p75,hardzero_plus_depr,0.06,30,914,0.0,2,0.14099602,0.14099602,1.0183715,0.0,0.09585804,0.0,0.0,6.869559e-08,-26.78993,2.240462,0.7468207,0.16000001,0.0,0.16105446,18.240227,18.260227,2928000
hardzero_plus_depr__c0p50__z1p00__lam0p020__nu0p50__psi0p75,hardzero_plus_depr,0.06,30,915,0.0,2,0.14099602,0.14099602,0.9925197,0.10173733,0.10173733,1.0,6.8848522e-09,6.767282e-08,-26.52419,2.1835868,0.7278623,0.14400001,0.0,0.1481151,18.260227,18.280228,2931200
hardzero_plus_depr__c0p50__z1p00__lam0p020__nu0p50__psi0p75,hardzero_plus_depr,0.06,30,916,0.0,2,0.14099602,0.14099602,1.0264512,0.0,0.09409115,0.0,0.0,6.666529e-08,-27.366095,2.2582378,0.752746,0.128,0.0,0.1608868,18.280228,18.300228,2934400
hardzero_plus_depr__c0p50__z1p00__lam0p020__nu0p50__psi0p75,hardzero_plus_depr,0.06,30,917,0.0,2,0.14099602,0.14099602,1.0270445,0.0,0.0939627,0.0,0.0,6.567275e-08,-27.200401,2.2595432,0.7531811,0.16000001,0.0,0.16672355,18.300228,18.320229,2937600
hardzero_plus_depr__c0p50__z1p00__lam0p020__nu0p50__psi0p75,hardzero_plus_depr,0.06,30,918,0.0,2,0.14099602,0.14099602,1.0547379,0.0,0.088158056,0.0,0.0,6.469498e-08,-27.704794,2.3204699,0.77348995,0.120000005,0.0,0.1498013,18.320229,18.340229,2940800
hardzero_plus_depr__c0p50__z1p00__lam0p020__nu0p50__psi0p75,hardzero_plus_depr,0.06,30,919,0.0,2,0.14099602,0.14099602,0.94253445,0.11414726,0.11414726,1.0,7.2748083e-09,6.373178e-08,-25.083586,2.0736172,0.69120574,0.17600001,0.0,0.15213758,18.340229,18.36023,2944000
hardzero_plus_depr__c0p50__z1p00__lam0p020__nu0p50__psi0p75,hardzero_plus_depr,0.06,30,920,0.0,2,0.14099602,0.14099602,0.96656626,0.10800247,0.10800247,1.0,6.78071e-09,6.278292e-08,-26.94694,2.1264882,0.7088294,0.15200001,0.0,0.14363274,18.36023,18.38023,2947200
hardzero_plus_depr__c0p50__z1p00__lam0p020__nu0p50__psi0p75,hardzero_plus_depr,0.06,30,921,0.0,2,0.14099602,0.14099602,0.9765224,0.105554715,0.105554715,1.0,6.5283667e-09,6.1848176e-08,-27.040775,2.1483922,0.71613073,0.2,0.0,0.16928676,18.38023,18.40023,2950400
hardzero_plus_depr__c0p50__z1p00__lam0p020__nu0p50__psi0p75,hardzero_plus_depr,0.06,30,922,0.0,2,0.14099602,0.14099602,1.0234947,0.0,0.094733864,0.0,0.0,6.092736e-08,-27.37672,2.2517333,0.7505778,0.16800001,0.0,0.1616394,18.40023,18.42023,2953600
hardzero_plus_depr__c0p50__z1p00__lam0p020__nu0p50__psi0p75,hardzero_plus_depr,0.06,30,923,0.0,2,0.14099602,0.14099602,1.0678697,0.0,0.08553233,0.0,0.0,6.002024e-08,-28.254135,2.3493602,0.7831201,0.14999999,0.0,0.19101709,18.42023,18.440231,2956800
hardzero_plus_depr__c0p50__z1p00__lam0p020__nu0p50__psi0p75,hardzero_plus_depr,0.06,30,924,0.0,2,0.14099602,0.14099602,1.005694,0.0,0.09869747,0.0,0.0,5.9126638e-08,-27.462543,2.2125711,0.73752373,0.136,0.0,0.17381811,18.440231,18.460232,2960000
hardzero_plus_depr__c0p50__z1p00__lam0p020__nu0p50__psi0p75,hardzero_plus_depr,0.06,30,925,0.0,2,0.14099602,0.14099602,0.98685646,0.103072666,0.103072666,1.0,6.0036056e-09,5.824634e-08,-26.942566,2.1711276,0.7237092,0.18400002,0.0,0.15030307,18.460232,18.480232,2963200
hardzero_plus_depr__c0p50__z1p00__lam0p020__nu0p50__psi0p75,hardzero_plus_depr,0.06,30,926,0.0,2,0.14099602,0.14099602,1.0633094,0.0,0.086435184,0.0,0.0,5.7379147e-08,-27.777014,2.3393276,0.77977586,0.120000005,0.0,0.17714813,18.480232,18.500233,2966400
hardzero_plus_depr__c0p50__z1p00__lam0p020__nu0p50__psi0p75,hardzero_plus_depr,0.06,30,927,0.0,2,0.14099602,0.14099602,1.0242987,0.0,0.09455866,0.0,0.0,5.652486e-08,-27.793154,2.2535021,0.7511674,0.16800001,0.0,0.16804317,18.500233,18.520233,2969600
hardzero_plus_depr__c0p50__z1p00__lam0p020__nu0p50__psi0p75,hardzero_plus_depr,0.06,30,928,0.0,2,0.14099602,0.14099602,1.0023775,0.0,0.09945406,0.0,0.0,5.5683298e-08,-27.388044,2.2052746,0.73509157,0.2,0.0,0.17220114,18.520233,18.540234,2972800
hardzero_plus_depr__c0p50__z1p00__lam0p020__nu0p50__psi0p75,hardzero_plus_depr,0.06,30,929,0.0,2,0.14099602,0.14099602,0.99530846,0.10108613,0.10108613,1.0,5.5450053e-09,5.4854265e-08,-27.252851,2.1897223,0.72990745,0.18400002,0.0,0.15817173,18.540234,18.560234,2976000
hardzero_plus_depr__c0p50__z1p00__lam0p020__nu0p50__psi0p75,hardzero_plus_depr,0.06,30,930,0.0,2,0.14099602,0.14099602,0.991706,0.1019281,0.1019281,1.0,5.5079465e-09,5.4037567e-08,-26.272106,2.1817968,0.7272656,0.16800001,0.0,0.13434848,18.560234,18.580235,2979200
hardzero_plus_depr__c0p50__z1p00__lam0p020__nu0p50__psi0p75,hardzero_plus_depr,0.06,30,931,0.0,2,0.14099602,0.14099602,0.9950436,0.10114779,0.10114779,1.0,5.3844045e-09,5.3233038e-08,-27.112427,2.1891396,0.7297132,0.17600001,0.0,0.14572006,18.580235,18.600235,2982400
hardzero_plus_depr__c0p50__z1p00__lam0p020__nu0p50__psi0p75,hardzero_plus_depr,0.06,30,932,0.0,2,0.14099602,0.14099602,1.0111537,0.0,0.09746445,0.0,0.0,5.2440484e-08,-25.96298,2.2245827,0.74152756,0.17600001,0.0,0.14484534,18.600235,18.620235,2985600
hardzero_plus_depr__c0p50__z1p00__lam0p020__nu0p50__psi0p75,hardzero_plus_depr,0.06,30,933,0.0,2,0.14099602,0.14099602,1.0105828,0.0,0.09759266,0.0,0.0,5.1659725e-08,-27.49949,2.2233264,0.74110883,0.14400001,0.0,0.15109587,18.620235,18.640236,2988800
hardzero_plus_depr__c0p50__z1p00__lam0p020__nu0p50__psi0p75,hardzero_plus_depr,0.06,30,934,0.0,2,0.14099602,0.14099602,1.0299131,0.0,0.09334411,0.0,0.0,5.0890595e-08,-27.51588,2.2658541,0.7552847,0.14400001,0.0,0.15542193,18.640236,18.660236,2992000
hardzero_plus_depr__c0p50__z1p00__lam0p020__nu0p50__psi0p75,hardzero_plus_depr,0.06,30,935,0.0,2,0.14099602,0.14099602,1.045294,0.0,0.09009609,0.0,0.0,5.013292e-08,-27.355099,2.2996929,0.7665643,0.072000004,0.0,0.16461985,18.660236,18.680237,2995200
hardzero_plus_depr__c0p50__z1p00__lam0p020__nu0p50__psi0p75,hardzero_plus_depr,0.06,30,936,0.0,2,0.14099602,0.14099602,0.9939797,0.10139589,0.10139589,1.0,5.00759e-09,4.9386518e-08,-26.35906,2.186799,0.72893304,0.14999999,0.0,0.13893893,18.680237,18.700237,2998400
hardzero_plus_depr__c0p50__z1p00__lam0p020__nu0p50__psi0p75,hardzero_plus_depr,0.06,30,937,0.0,2,0.14099602,0.14099602,1.0059605,0.0,0.09863692,0.0,0.0,4.8651234e-08,-27.094555,2.2131572,0.73771906,0.120000005,0.0,0.13884595,18.700237,18.720238,3001600
hardzero_plus_depr__c0p50__z1p00__lam0p020__nu0p50__psi0p75,hardzero_plus_depr,0.06,30,938,0.0,2,0.14099602,0.14099602,1.0401825,0.0,0.09116277,0.0,0.0,4.7926893e-08,-27.111515,2.2884471,0.7628157,0.16800001,0.0,0.16326205,18.720238,18.740238,3004800
hardzero_plus_depr__c0p50__z1p00__lam0p020__nu0p50__psi0p75,hardzero_plus_depr,0.06,30,939,0.0,2,0.14099602,0.14099602,0.99385995,0.10142384,0.10142384,1.0,4.788558e-09,4.7213337e-08,-26.240154,2.1865356,0.72884524,0.24000001,0.0,0.14397162,18.740238,18.760239,3008000
hardzero_plus_depr__c0p50__z1p00__lam0p020__nu0p50__psi0p75,hardzero_plus_depr,0.06,30,940,0.0,2,0.14099602,0.14099602,0.96615,0.10810606,0.10810606,1.0,5.028057e-09,4.6510408e-08,-25.867981,2.1255724,0.70852417,0.192,0.0,0.14153746,18.760239,18.78024,3011200
hardzero_plus_depr__c0p50__z1p00__lam0p020__nu0p50__psi0p75,hardzero_plus_depr,0.06,30,941,0.0,2,0.14099602,0.14099602,1.0418829,0.0,0.09080654,0.0,0.0,4.581794e-08,-26.734388,2.2921882,0.76406276,0.056,0.0,0.17407358,18.78024,18.80024,3014400
hardzero_plus_depr__c0p50__z1p00__lam0p020__nu0p50__psi0p75,hardzero_plus_depr,0.06,30,942,0.0,2,0.14099602,0.14099602,1.023308,0.0,0.0947746,0.0,0.0,4.513579e-08,-27.725885,2.2513227,0.75044096,0.2,0.0,0.16401325,18.80024,18.82024,3017600
hardzero_plus_depr__c0p50__z1p00__lam0p020__nu0p50__psi0p75,hardzero_plus_depr,0.06,30,943,0.0,2,0.14099602,0.14099602,1.0309596,0.0,0.09311944,0.0,0.0,4.4463786e-08,-28.552156,2.2681565,0.7560522,0.112,0.0,0.1583502,18.82024,18.84024,3020800
hardzero_plus_depr__c0p50__z1p00__lam0p020__nu0p50__psi0p75,hardzero_plus_depr,0.06,30,944,0.0,2,0.14099602,0.14099602,1.0508437,0.0,0.088952124,0.0,0.0,4.380179e-08,-27.983171,2.3119023,0.7706341,0.096,0.0,0.17092942,18.84024,18.86024,3024000
hardzero_plus_depr__c0p50__z1p00__lam0p020__nu0p50__psi0p75,hardzero_plus_depr,0.06,30,945,0.0,2,0.14099602,0.14099602,0.94292027,0.1140459,0.1140459,1.0,4.9210414e-09,4.3149655e-08,-25.891512,2.074466,0.6914887,0.17600001,0.0,0.16152805,18.86024,18.880241,3027200
hardzero_plus_depr__c0p50__z1p00__lam0p020__nu0p50__psi0p75,hardzero_plus_depr,0.06,30,946,0.0,2,0.14099602,0.14099602,1.0067443,0.0,0.09845908,0.0,0.0,4.2507228e-08,-26.20786,2.2148817,0.7382939,0.128,0.0,0.16408962,18.880241,18.900242,3030400
hardzero_plus_depr__c0p50__z1p00__lam0p020__nu0p50__psi0p75,hardzero_plus_depr,0.06,30,947,0.0,2,0.14099602,0.14099602,0.9970442,0.10068291,0.10068291,1.0,4.2160324e-09,4.187436e-08,-27.247107,2.193541,0.73118037,0.112,0.0,0.17153405,18.900242,18.920242,3033600
hardzero_plus_depr__c0p50__z1p00__lam0p020__nu0p50__psi0p75,hardzero_plus_depr,0.06,30,948,0.0,2,0.14099602,0.14099602,1.0532881,0.0,0.08845285,0.0,0.0,4.1250917e-08,-28.044386,2.31728,0.7724267,0.15200001,0.0,0.14742196,18.920242,18.940243,3036800
hardzero_plus_depr__c0p50__z1p00__lam0p020__nu0p50__psi0p75,hardzero_plus_depr,0.06,30,949,0.0,2,0.14099602,0.14099602,0.96049774,0.10952224,0.10952224,1.0,4.4506283e-09,4.0636756e-08,-25.987856,2.1131372,0.7043791,0.17999999,0.0,0.13801415,18.940243,18.960243,3040000
hardzero_plus_depr__c0p50__z1p00__lam0p020__nu0p50__psi0p75,hardzero_plus_depr,0.06,30,950,0.0,2,0.14099602,0.14099602,0.9654328,0.10828472,0.10828472,1.0,4.3348263e-09,4.0031743e-08,-26.161703,2.1239946,0.7079982,0.216,0.008,0.16817185,18.960243,18.980244,3043200
hardzero_plus_depr__c0p50__z1p00__lam0p020__nu0p50__psi0p75,hardzero_plus_depr,0.06,30,951,0.0,2,0.14099602,0.14099602,0.9671939,0.107846506,0.107846506,1.0,4.2530064e-09,3.9435736e-08,-26.919933,2.1278691,0.7092897,0.24000001,0.0,0.1658521,18.980244,19.000244,3046400
hardzero_plus_depr__c0p50__z1p00__lam0p020__nu0p50__psi0p75,hardzero_plus_depr,0.06,30,952,0.0,2,0.14099602,0.14099602,1.0344242,0.0,0.09237954,0.0,0.0,3.88486e-08,-27.274544,2.2757785,0.75859284,0.136,0.0,0.15494275,19.000244,19.020245,3049600
hardzero_plus_depr__c0p50__z1p00__lam0p020__nu0p50__psi0p75,hardzero_plus_depr,0.06,30,953,0.0,2,0.14099602,0.14099602,0.97406816,0.10615289,0.10615289,1.0,4.062493e-09,3.8270205e-08,-25.989803,2.1429927,0.7143309,0.120000005,0.0,0.145271,19.020245,19.040245,3052800
hardzero_plus_depr__c0p50__z1p00__lam0p020__nu0p50__psi0p75,hardzero_plus_depr,0.06,30,954,0.0,2,0.14099602,0.14099602,1.0285242,0.0,0.09364311,0.0,0.0,3.7700424e-08,-27.512072,2.2627983,0.75426614,0.192,0.0,0.18584873,19.040245,19.060246,3056000
hardzero_plus_depr__c0p50__z1p00__lam0p020__nu0p50__psi0p75,hardzero_plus_depr,0.06,30,955,0.0,2,0.14099602,0.14099602,1.059084,0.0,0.08728023,0.0,0.0,3.7139124e-08,-27.611864,2.3300314,0.77667713,0.136,0.0,0.16456151,19.060246,19.080246,3059200
hardzero_plus_depr__c0p50__z1p00__lam0p020__nu0p50__psi0p75,hardzero_plus_depr,0.06,30,956,0.0,2,0.14099602,0.14099602,1.00117,0.0,0.099730946,0.0,0.0,3.6586183e-08,-27.497725,2.2026181,0.7342061,0.16000001,0.0,0.15895277,19.080246,19.100246,3062400
hardzero_plus_depr__c0p50__z1p00__lam0p020__nu0p50__psi0p75,hardzero_plus_depr,0.06,30,957,0.0,2,0.14099602,0.14099602,0.9812429,0.1044136,0.1044136,1.0,3.76322e-09,3.6041474e-08,-26.522,2.1587775,0.7195925,0.208,0.0,0.14554136,19.100246,19.120247,3065600
hardzero_plus_depr__c0p50__z1p00__lam0p020__nu0p50__psi0p75,hardzero_plus_depr,0.06,30,958,0.0,2,0.14099602,0.14099602,1.0158218,0.0,0.09642245,0.0,0.0,3.5504872e-08,-26.922377,2.2348526,0.7449509,0.18400002,0.0,0.14747988,19.120247,19.140247,3068800
hardzero_plus_depr__c0p50__z1p00__lam0p020__nu0p50__psi0p75,hardzero_plus_depr,0.06,30,959,0.0,2,0.14099602,0.14099602,1.0096682,0.0,0.0977984,0.0,0.0,3.4976264e-08,-26.797176,2.2213144,0.74043816,0.216,0.0,0.1439255,19.140247,19.160248,3072000
hardzero_plus_depr__c0p50__z1p00__lam0p020__nu0p50__psi0p75,hardzero_plus_depr,0.06,30,960,0.0,2,0.14099602,0.14099602,1.0300578,0.0,0.09331302,0.0,0.0,3.445552e-08,-26.891542,2.2661724,0.7553908,0.18400002,0.0,0.15943675,19.160248,19.180248,3075200
hardzero_plus_depr__c0p50__z1p00__lam0p020__nu0p50__psi0p75,hardzero_plus_depr,0.06,30,961,0.0,2,0.14099602,0.14099602,0.97965395,0.10479632,0.10479632,1.0,3.557053e-09,3.3942538e-08,-26.750288,2.1552818,0.7184273,0.23200001,0.008,0.14317034,19.180248,19.200249,3078400
hardzero_plus_depr__c0p50__z1p00__lam0p020__nu0p50__psi0p75,hardzero_plus_depr,0.06,30,962,0.0,2,0.14099602,0.14099602,1.0174441,0.0,0.096062936,0.0,0.0,3.343718e-08,-27.467905,2.238422,0.74614066,0.17,0.0,0.1974596,19.200249,19.22025,3081600
hardzero_plus_depr__c0p50__z1p00__lam0p020__nu0p50__psi0p75,hardzero_plus_depr,0.06,30,963,0.0,2,0.14099602,0.14099602,1.0134562,0.0,0.09694909,0.0,0.0,3.2939358e-08,-26.962286,2.229648,0.74321604,0.128,0.0,0.15176629,19.22025,19.24025,3084800
hardzero_plus_depr__c0p50__z1p00__lam0p020__nu0p50__psi0p75,hardzero_plus_depr,0.06,30,964,0.0,2,0.14099602,0.14099602,1.0190829,0.0,0.09570113,0.0,0.0,3.2448945e-08,-26.935751,2.2420273,0.74734247,0.120000005,0.0,0.19292846,19.24025,19.26025,3088000
hardzero_plus_depr__c0p50__z1p00__lam0p020__nu0p50__psi0p75,hardzero_plus_depr,0.06,30,965,0.0,2,0.14099602,0.14099602,0.98872304,0.102630615,0.102630615,1.0,3.280673e-09,3.1965833e-08,-27.21873,2.175234,0.72507805,0.23200001,0.0,0.15294519,19.26025,19.28025,3091200
hardzero_plus_depr__c0p50__z1p00__lam0p020__nu0p50__psi0p75,hardzero_plus_depr,0.06,30,966,0.0,2,0.14099602,0.14099602,1.0321071,0.0,0.09287373,0.0,0.0,3.148991e-08,-27.177826,2.270681,0.75689363,0.17600001,0.0,0.16331035,19.28025,19.300251,3094400
hardzero_plus_depr__c0p50__z1p00__lam0p020__nu0p50__psi0p75,hardzero_plus_depr,0.06,30,967,0.0,2,0.14099602,0.14099602,0.93683267,0.11565577,0.11565577,1.0,3.5877668e-09,3.1021077e-08,-25.746206,2.061073,0.68702435,0.17600001,0.0,0.14157684,19.300251,19.320251,3097600
hardzero_plus_depr__c0p50__z1p00__lam0p020__nu0p50__psi0p75,hardzero_plus_depr,0.06,30,968,0.0,2,0.14099602,0.14099602,0.9732101,0.106362835,0.106362835,1.0,3.250365e-09,3.0559217e-08,-25.262201,2.141105,0.71370167,0.208,0.0,0.13306685,19.320251,19.340252,3100800
hardzero_plus_depr__c0p50__z1p00__lam0p020__nu0p50__psi0p75,hardzero_plus_depr,0.06,30,969,0.0,2,0.14099602,0.14099602,1.0016543,0.0,0.09961983,0.0,0.0,3.0104243e-08,-26.293388,2.2036834,0.73456115,0.23200001,0.0,0.17957588,19.340252,19.360252,3104000
hardzero_plus_depr__c0p50__z1p00__lam0p020__nu0p50__psi0p75,hardzero_plus_depr,0.06,30,970,0.0,2,0.14099602,0.14099602,1.0595261,0.0,0.08719143,0.0,0.0,2.965604e-08,-27.88902,2.331004,0.7770013,0.15200001,0.0,0.1881252,19.360252,19.380253,3107200
hardzero_plus_depr__c0p50__z1p00__lam0p020__nu0p50__psi0p75,hardzero_plus_depr,0.06,30,971,0.0,2,0.14099602,0.14099602,0.9942957,0.10132214,0.10132214,1.0,2.9600766e-09,2.921451e-08,-25.943634,2.1874943,0.7291648,0.16000001,0.0,0.16255671,19.380253,19.400253,3110400
hardzero_plus_depr__c0p50__z1p00__lam0p020__nu0p50__psi0p75,hardzero_plus_depr,0.06,30,972,0.0,2,0.14099602,0.14099602,0.9904376,0.10222623,0.10222623,1.0,2.9420248e-09,2.8779551e-08,-26.595198,2.1790063,0.72633547,0.128,0.0,0.14669129,19.400253,19.420254,3113600
hardzero_plus_depr__c0p50__z1p00__lam0p020__nu0p50__psi0p75,hardzero_plus_depr,0.06,30,973,0.0,2,0.14099602,0.14099602,1.004843,0.0,0.09889106,0.0,0.0,2.8351069e-08,-27.031916,2.2106986,0.73689955,0.128,0.0,0.18175481,19.420254,19.440254,3116800
hardzero_plus_depr__c0p50__z1p00__lam0p020__nu0p50__psi0p75,hardzero_plus_depr,0.06,30,974,0.0,2,0.14099602,0.14099602,0.97119236,0.10685815,0.10685815,1.0,2.9844378e-09,2.7928968e-08,-25.808525,2.1366658,0.712222,0.18400002,0.0,0.1376024,19.440254,19.460255,3120000
hardzero_plus_depr__c0p50__z1p00__lam0p020__nu0p50__psi0p75,hardzero_plus_depr,0.06,30,975,0.0,2,0.14099602,0.14099602,1.0234329,0.0,0.09474737,0.0,0.0,2.751315e-08,-26.638144,2.2515972,0.7505324,0.19999999,0.0,0.15604335,19.460255,19.480255,3123200
hardzero_plus_depr__c0p50__z1p00__lam0p020__nu0p50__psi0p75,hardzero_plus_depr,0.06,30,976,0.0,2,0.14099602,0.14099602,1.0066469,0.0,0.09848115,0.0,0.0,2.7103525e-08,-27.374115,2.2146673,0.7382225,0.14400001,0.0,0.15924866,19.480255,19.500256,3126400
hardzero_plus_depr__c0p50__z1p00__lam0p020__nu0p50__psi0p75,hardzero_plus_depr,0.06,30,977,0.0,2,0.14099602,0.14099602,1.0289962,0.0,0.09354138,0.0,0.0,2.6699997e-08,-27.850187,2.2638369,0.7546123,0.120000005,0.0,0.16795829,19.500256,19.520256,3129600
hardzero_plus_depr__c0p50__z1p00__lam0p020__nu0p50__psi0p75,hardzero_plus_depr,0.06,30,978,0.0,2,0.14099602,0.14099602,1.0166864,0.0,0.096230686,0.0,0.0,2.6302473e-08,-27.270473,2.236755,0.74558496,0.16000001,0.0,0.13982406,19.520256,19.540257,3132800
hardzero_plus_depr__c0p50__z1p00__lam0p020__nu0p50__psi0p75,hardzero_plus_depr,0.06,30,979,0.0,2,0.14099602,0.14099602,0.9764331,0.1055764,0.1055764,1.0,2.7355769e-09,2.5910873e-08,-26.346493,2.1481957,0.7160653,0.2,0.0,0.13501537,19.540257,19.560257,3136000
hardzero_plus_depr__c0p50__z1p00__lam0p020__nu0p50__psi0p75,hardzero_plus_depr,0.06,30,980,0.0,2,0.14099602,0.14099602,0.9769367,0.10545405,0.10545405,1.0,2.6917255e-09,2.5525104e-08,-26.365816,2.1493037,0.7164346,0.16000001,0.0,0.14185293,19.560257,19.580257,3139200
hardzero_plus_depr__c0p50__z1p00__lam0p020__nu0p50__psi0p75,hardzero_plus_depr,0.06,30,981,0.0,2,0.14099602,0.14099602,0.993118,0.10159727,0.10159727,1.0,2.5546711e-09,2.5145075e-08,-27.451689,2.1849031,0.72830105,0.224,0.0,0.14787339,19.580257,19.600258,3142400
hardzero_plus_depr__c0p50__z1p00__lam0p020__nu0p50__psi0p75,hardzero_plus_depr,0.06,30,982,0.0,2,0.14099602,0.14099602,1.0301279,0.0,0.09329795,0.0,0.0,2.4770706e-08,-26.21912,2.2663267,0.75544226,0.112,0.0,0.17436598,19.600258,19.620258,3145600
hardzero_plus_depr__c0p50__z1p00__lam0p020__nu0p50__psi0p75,hardzero_plus_depr,0.06,30,983,0.0,2,0.14099602,0.14099602,1.0030504,0.0,0.09930008,0.0,0.0,2.4401906e-08,-27.210737,2.2067552,0.7355851,0.17600001,0.008,0.18926786,19.620258,19.640259,3148800
hardzero_plus_depr__c0p50__z1p00__lam0p020__nu0p50__psi0p75,hardzero_plus_depr,0.06,30,984,0.0,2,0.14099602,0.14099602,1.0267051,0.0,0.09403616,0.0,0.0,2.4038602e-08,-26.470325,2.2587965,0.7529322,0.064,0.0,0.16497767,19.640259,19.66026,3152000
hardzero_plus_depr__c0p50__z1p00__lam0p020__nu0p50__psi0p75,hardzero_plus_depr,0.06,30,985,0.0,2,0.14099602,0.14099602,1.0996321,0.0,0.079500124,0.0,0.0,2.3680707e-08,-28.402529,2.419239,0.80641305,0.112,0.0,0.17679448,19.66026,19.68026,3155200
hardzero_plus_depr__c0p50__z1p00__lam0p020__nu0p50__psi0p75,hardzero_plus_depr,0.06,30,986,0.0,2,0.14099602,0.14099602,1.0050576,0.0,0.098842196,0.0,0.0,2.332814e-08,-26.877216,2.211171,0.737057,0.216,0.0,0.1628716,19.68026,19.70026,3158400
hardzero_plus_depr__c0p50__z1p00__lam0p020__nu0p50__psi0p75,hardzero_plus_depr,0.06,30,987,0.0,2,0.14099602,0.14099602,1.020063,0.0,0.09548539,0.0,0.0,2.2980823e-08,-27.953451,2.2441835,0.7480612,0.18400002,0.0,0.18094926,19.70026,19.72026,3161600
hardzero_plus_depr__c0p50__z1p00__lam0p020__nu0p50__psi0p75,hardzero_plus_depr,0.06,30,988,0.0,2,0.14099602,0.14099602,0.96413434,0.10860895,0.10860895,1.0,2.4587623e-09,2.2638671e-08,-25.555027,2.1211379,0.707046,0.17,0.0,0.14383046,19.72026,19.740261,3164800
hardzero_plus_depr__c0p50__z1p00__lam0p020__nu0p50__psi0p75,hardzero_plus_depr,0.06,30,989,0.0,2,0.14099602,0.14099602,1.0513029,0.0,0.08885811,0.0,0.0,2.2301618e-08,-28.332024,2.3129127,0.77097094,0.104,0.0,0.15568748,19.740261,19.760262,3168000
hardzero_plus_depr__c0p50__z1p00__lam0p020__nu0p50__psi0p75,hardzero_plus_depr,0.06,30,990,0.0,2,0.14099602,0.14099602,0.99343735,0.10152257,0.10152257,1.0,2.2304087e-09,2.1969585e-08,-26.882477,2.1856058,0.7285353,0.15200001,0.0,0.15289986,19.760262,19.780262,3171200
hardzero_plus_depr__c0p50__z1p00__lam0p020__nu0p50__psi0p75,hardzero_plus_depr,0.06,30,991,0.0,2,0.14099602,0.14099602,1.0094497,0.0,0.09784761,0.0,0.0,2.1642492e-08,-27.372604,2.2208338,0.74027795,0.192,0.0,0.14932878,19.780262,19.800262,3174400
hardzero_plus_depr__c0p50__z1p00__lam0p020__nu0p50__psi0p75,hardzero_plus_depr,0.06,30,992,0.0,2,0.14099602,0.14099602,1.0027357,0.0,0.09937205,0.0,0.0,2.132027e-08,-27.323406,2.2060626,0.7353542,0.24000001,0.0,0.15776342,19.800262,19.820263,3177600
hardzero_plus_depr__c0p50__z1p00__lam0p020__nu0p50__psi0p75,hardzero_plus_depr,0.06,30,993,0.0,2,0.14099602,0.14099602,0.98450893,0.10363133,0.10363133,1.0,2.176553e-09,2.1002846e-08,-27.103275,2.165963,0.72198766,0.16000001,0.0,0.1670678,19.820263,19.840263,3180800
hardzero_plus_depr__c0p50__z1p00__lam0p020__nu0p50__psi0p75,hardzero_plus_depr,0.06,30,994,0.0,2,0.14099602,0.14099602,0.99215096,0.10182374,0.10182374,1.0,2.106748e-09,2.0690146e-08,-26.020943,2.1827757,0.72759193,0.120000005,0.0,0.15711468,19.840263,19.860264,3184000
hardzero_plus_depr__c0p50__z1p00__lam0p020__nu0p50__psi0p75,hardzero_plus_depr,0.06,30,995,0.0,2,0.14099602,0.14099602,1.03504,0.0,0.09224865,0.0,0.0,2.0382103e-08,-28.267681,2.2771335,0.7590445,0.192,0.0,0.17083424,19.860264,19.880264,3187200
hardzero_plus_depr__c0p50__z1p00__lam0p020__nu0p50__psi0p75,hardzero_plus_depr,0.06,30,996,0.0,2,0.14099602,0.14099602,0.92837137,0.11793118,0.11793118,1.0,2.3678985e-09,2.0078646e-08,-25.06342,2.0424578,0.6808193,0.18400002,0.0,0.13619846,19.880264,19.900265,3190400
hardzero_plus_depr__c0p50__z1p00__lam0p020__nu0p50__psi0p75,hardzero_plus_depr,0.06,30,997,0.0,2,0.14099602,0.14099602,1.0691684,0.0,0.085276924,0.0,0.0,1.9779707e-08,-28.10186,2.3522177,0.7840726,0.104,0.0,0.17764929,19.900265,19.920265,3193600
hardzero_plus_depr__c0p50__z1p00__lam0p020__nu0p50__psi0p75,hardzero_plus_depr,0.06,30,998,0.0,2,0.14099602,0.14099602,0.9799457,0.104725935,0.104725935,1.0,2.040608e-09,1.948522e-08,-27.021763,2.1559236,0.7186412,0.16800001,0.0,0.1820213,19.920265,19.940266,3196800
hardzero_plus_depr__c0p50__z1p00__lam0p020__nu0p50__psi0p75,hardzero_plus_depr,0.06,30,999,0.0,2,0.14099602,0.14099602,0.94203746,0.11427796,0.11427796,1.0,2.1935787e-09,1.9195115e-08,-25.774683,2.0725238,0.6908413,0.24800001,0.0,0.14862452,19.940266,19.960266,3200000
hardzero_plus_depr__c0p50__z1p00__lam0p020__nu0p50__psi0p75,hardzero_plus_depr,0.06,30,1000,0.0,2,0.14099602,0.14099602,1.0539544,0.0,0.088317275,0.0,0.0,1.8909333e-08,-27.854967,2.3187459,0.7729153,0.104,0.0,0.17861821,19.960266,19.980267,3203200
hardzero_plus_depr__c0p50__z1p00__lam0p020__nu0p50__psi0p75,hardzero_plus_depr,0.06,30,1001,0.0,2,0.14099602,0.14099602,1.051916,0.0,0.088732764,0.0,0.0,1.8627802e-08,-27.840405,2.3142614,0.7714205,0.17999999,0.0,0.17021176,19.980267,20.000267,3206400
hardzero_plus_depr__c0p50__z1p00__lam0p020__nu0p50__psi0p75,hardzero_plus_depr,0.06,30,1002,0.0,2,0.14099602,0.14099602,0.982794,0.104041345,0.104041345,1.0,1.909207e-09,1.8350464e-08,-27.574072,2.16219,0.72073,0.120000005,0.0,0.15237868,20.000267,20.020267,3209600
hardzero_plus_depr__c0p50__z1p00__lam0p020__nu0p50__psi0p75,hardzero_plus_depr,0.06,30,1003,0.0,2,0.14099602,0.14099602,1.0560313,0.0,0.08789591,0.0,0.0,1.8077253e-08,-27.203173,2.3233154,0.7744385,0.128,0.0,0.15785526,20.020267,20.040268,3212800
hardzero_plus_depr__c0p50__z1p00__lam0p020__nu0p50__psi0p75,hardzero_plus_depr,0.06,30,1004,0.0,2,0.14099602,0.14099602,1.0142418,0.0,0.096773885,0.0,0.0,1.7808112e-08,-27.634401,2.2313766,0.74379224,0.18400002,0.0,0.15386471,20.040268,20.060268,3216000
hardzero_plus_depr__c0p50__z1p00__lam0p020__nu0p50__psi0p75,hardzero_plus_depr,0.06,30,1005,0.0,2,0.14099602,0.14099602,1.0461559,0.0,0.089917466,0.0,0.0,1.7542979e-08,-27.664175,2.301589,0.76719636,0.16800001,0.0,0.15119292,20.060268,20.080269,3219200
hardzero_plus_depr__c0p50__z1p00__lam0p020__nu0p50__psi0p75,hardzero_plus_depr,0.06,30,1006,0.0,2,0.14099602,0.14099602,1.0466478,0.0,0.0898157,0.0,0.0,1.7281792e-08,-26.866394,2.3026712,0.7675571,0.080000006,0.0,0.14152269,20.080269,20.10027,3222400
hardzero_plus_depr__c0p50__z1p00__lam0p020__nu0p50__psi0p75,hardzero_plus_depr,0.06,30,1007,0.0,2,0.14099602,0.14099602,0.99756265,0.10056279,0.10056279,1.0,1.7120305e-09,1.7024494e-08,-27.11389,2.1946816,0.7315606,0.128,0.0,0.14663422,20.10027,20.12027,3225600
hardzero_plus_depr__c0p50__z1p00__lam0p020__nu0p50__psi0p75,hardzero_plus_depr,0.06,30,1008,0.0,2,0.14099602,0.14099602,1.0353823,0.0,0.09217597,0.0,0.0,1.6771025e-08,-27.917412,2.2778864,0.75929546,0.18400002,0.0,0.17470528,20.12027,20.14027,3228800
hardzero_plus_depr__c0p50__z1p00__lam0p020__nu0p50__psi0p75,hardzero_plus_depr,0.06,30,1009,0.0,2,0.14099602,0.14099602,1.0309647,0.0,0.093118355,0.0,0.0,1.6521332e-08,-26.855806,2.2681677,0.75605595,0.136,0.0,0.17007338,20.14027,20.16027,3232000
hardzero_plus_depr__c0p50__z1p00__lam0p020__nu0p50__psi0p75,hardzero_plus_depr,0.06,30,1010,0.0,2,0.14099602,0.14099602,1.0064454,0.0,0.09852685,0.0,0.0,1.6275356e-08,-26.937384,2.214224,0.7380747,0.096,0.0,0.13608216,20.16027,20.180271,3235200
hardzero_plus_depr__c0p50__z1p00__lam0p020__nu0p50__psi0p75,hardzero_plus_depr,0.06,30,1011,0.0,2,0.14099602,0.14099602,1.0563169,0.0,0.08783813,0.0,0.0,1.6033043e-08,-28.697067,2.3239434,0.77464783,0.136,0.0,0.15935467,20.180271,20.200272,3238400
hardzero_plus_depr__c0p50__z1p00__lam0p020__nu0p50__psi0p75,hardzero_plus_depr,0.06,30,1012,0.0,2,0.14099602,0.14099602,1.0428865,0.0,0.09059693,0.0,0.0,1.5794335e-08,-27.73651,2.2943962,0.76479876,0.17600001,0.0,0.18890207,20.200272,20.220272,3241600
hardzero_plus_depr__c0p50__z1p00__lam0p020__nu0p50__psi0p75,hardzero_plus_depr,0.06,30,1013,0.0,2,0.14099602,0.14099602,1.0384904,0.0,0.091518655,0.0,0.0,1.5559184e-08,-27.275665,2.2847245,0.76157486,0.128,0.0,0.13648896,20.220272,20.240273,3244800
hardzero_plus_depr__c0p50__z1p00__lam0p020__nu0p50__psi0p75,hardzero_plus_depr,0.06,30,1014,0.0,2,0.14099602,0.14099602,1.0234787,0.0,0.09473734,0.0,0.0,1.5327531e-08,-27.888401,2.2516983,0.7505661,0.12,0.0,0.1720026,20.240273,20.260273,3248000
hardzero_plus_depr__c0p50__z1p00__lam0p020__nu0p50__psi0p75,hardzero_plus_depr,0.06,30,1015,0.0,2,0.14099602,0.14099602,1.0297952,0.0,0.093369454,0.0,0.0,1.509933e-08,-27.0425,2.2655945,0.7551982,0.128,0.0,0.1366559,20.260273,20.280273,3251200
hardzero_plus_depr__c0p50__z1p00__lam0p020__nu0p50__psi0p75,hardzero_plus_depr,0.06,30,1016,0.0,2,0.14099602,0.14099602,0.9670215,0.10788934,0.10788934,1.0,1.6048027e-09,1.4874526e-08,-26.043848,2.1274898,0.7091633,0.216,0.0,0.14875412,20.280273,20.300274,3254400
hardzero_plus_depr__c0p50__z1p00__lam0p020__nu0p50__psi0p75,hardzero_plus_depr,0.06,30,1017,0.0,2,0.14099602,0.14099602,1.0340172,0.0,0.09246615,0.0,0.0,1.4653066e-08,-27.50463,2.2748833,0.75829446,0.080000006,0.0,0.16886416,20.300274,20.320274,3257600
hardzero_plus_depr__c0p50__z1p00__lam0p020__nu0p50__psi0p75,hardzero_plus_depr,0.06,30,1018,0.0,2,0.14099602,0.14099602,1.0420773,0.0,0.090765886,0.0,0.0,1.4434907e-08,-27.927671,2.292616,0.76420534,0.136,0.0,0.1746873,20.320274,20.340275,3260800
hardzero_plus_depr__c0p50__z1p00__lam0p020__nu0p50__psi0p75,hardzero_plus_depr,0.06,30,1019,0.0,2,0.14099602,0.14099602,1.03297,0.0,0.092689395,0.0,0.0,1.4219993e-08,-27.99326,2.2725792,0.7575264,0.17600001,0.0,0.16000763,20.340275,20.360275,3264000
hardzero_plus_depr__c0p50__z1p00__lam0p020__nu0p50__psi0p75,hardzero_plus_depr,0.06,30,1020,0.0,2,0.14099602,0.14099602,0.9813673,0.10438371,0.10438371,1.0,1.4622362e-09,1.4008281e-08,-25.75968,2.1590512,0.71968377,0.16000001,0.0,0.13669237,20.360275,20.380276,3267200
hardzero_plus_depr__c0p50__z1p00__lam0p020__nu0p50__psi0p75,hardzero_plus_depr,0.06,30,1021,0.0,2,0.14099602,0.14099602,1.0166641,0.0,0.09623562,0.0,0.0,1.37997205e-08,-26.530443,2.2367058,0.74556863,0.104,0.0,0.16059443,20.380276,20.400276,3270400
hardzero_plus_depr__c0p50__z1p00__lam0p020__nu0p50__psi0p75,hardzero_plus_depr,0.06,30,1022,0.0,2,0.14099602,0.14099602,1.0070477,0.0,0.09839032,0.0,0.0,1.3594264e-08,-26.827631,2.215549,0.73851633,0.2,0.0,0.16521521,20.400276,20.420277,3273600
hardzero_plus_depr__c0p50__z1p00__lam0p020__nu0p50__psi0p75,hardzero_plus_depr,0.06,30,1023,0.0,2,0.14099602,0.14099602,1.0095284,0.0,0.097829886,0.0,0.0,1.3391867e-08,-26.134974,2.2210069,0.74033564,0.08800001,0.0,0.14502978,20.420277,20.440277,3276800
hardzero_plus_depr__c0p50__z1p00__lam0p020__nu0p50__psi0p75,hardzero_plus_depr,0.06,30,1024,0.0,2,0.14099602,0.14099602,1.0584129,0.0,0.08741522,0.0,0.0,1.31924836e-08,-28.113447,2.3285549,0.776185,0.128,0.0,0.18087208,20.440277,20.460278,3280000
hardzero_plus_depr__c0p50__z1p00__lam0p020__nu0p50__psi0p75,hardzero_plus_depr,0.06,30,1025,0.0,2,0.14099602,0.14099602,1.0053337,0.0,0.09877939,0.0,0.0,1.299607e-08,-26.781797,2.2117782,0.7372594,0.15200001,0.0,0.14944799,20.460278,20.480278,3283200
hardzero_plus_depr__c0p50__z1p00__lam0p020__nu0p50__psi0p75,hardzero_plus_depr,0.06,30,1026,0.0,2,0.14099602,0.14099602,0.9965316,0.100801826,0.100801826,1.0,1.2905234e-09,1.2802579e-08,-26.453218,2.1924133,0.73080444,0.104,0.0,0.1435901,20.480278,20.500278,3286400
hardzero_plus_depr__c0p50__z1p00__lam0p020__nu0p50__psi0p75,hardzero_plus_depr,0.06,30,1027,0.0,2,0.14099602,0.14099602,1.0062952,0.0,0.098560944,0.0,0.0,1.2611969e-08,-26.45528,2.2138937,0.7379646,0.14999999,0.0,0.13282628,20.500278,20.520279,3289600
hardzero_plus_depr__c0p50__z1p00__lam0p020__nu0p50__psi0p75,hardzero_plus_depr,0.06,30,1028,0.0,2,0.14099602,0.14099602,1.0196162,0.0,0.09558367,0.0,0.0,1.2424197e-08,-27.362839,2.2432005,0.74773353,0.16800001,0.0,0.16560388,20.520279,20.54028,3292800
hardzero_plus_depr__c0p50__z1p00__lam0p020__nu0p50__psi0p75,hardzero_plus_depr,0.06,30,1029,0.0,2,0.14099602,0.14099602,1.0750942,0.0,0.08412125,0.0,0.0,1.2239219e-08,-28.332117,2.3652546,0.78841823,0.120000005,0.0,0.18731579,20.54028,20.56028,3296000
hardzero_plus_depr__c0p50__z1p00__lam0p020__nu0p50__psi0p75,hardzero_plus_depr,0.06,30,1030,0.0,2,0.14099602,0.14099602,1.0127548,0.0,0.0971058,0.0,0.0,1.2056998e-08,-27.710579,2.228105,0.7427017,0.16000001,0.0,0.17265232,20.56028,20.58028,3299200
hardzero_plus_depr__c0p50__z1p00__lam0p020__nu0p50__psi0p75,hardzero_plus_depr,0.06,30,1031,0.0,2,0.14099602,0.14099602,0.99093205,0.102109924,0.102109924,1.0,1.2128094e-09,1.1877488e-08,-26.204264,2.180094,0.72669804,0.15200001,0.0,0.16292006,20.58028,20.60028,3302400
hardzero_plus_depr__c0p50__z1p00__lam0p020__nu0p50__psi0p75,hardzero_plus_depr,0.06,30,1032,0.0,2,0.14099602,0.14099602,0.99370134,0.1014609,0.1014609,1.0,1.1871586e-09,1.1700652e-08,-26.231356,2.1861866,0.7287289,0.18400002,0.0,0.1656375,20.60028,20.620281,3305600
hardzero_plus_depr__c0p50__z1p00__lam0p020__nu0p50__psi0p75,hardzero_plus_depr,0.06,30,1033,0.0,2,0.14099602,0.14099602,0.96183676,0.10918508,0.10918508,1.0,1.2585161e-09,1.1526447e-08,-26.397785,2.1160831,0.70536107,0.136,0.0,0.16610382,20.620281,20.640282,3308800
hardzero_plus_depr__c0p50__z1p00__lam0p020__nu0p50__psi0p75,hardzero_plus_depr,0.06,30,1034,0.0,2,0.14099602,0.14099602,0.9882526,0.10274187,0.10274187,1.0,1.1666171e-09,1.1354837e-08,-26.467237,2.174199,0.72473305,0.264,0.008,0.14799984,20.640282,20.660282,3312000
hardzero_plus_depr__c0p50__z1p00__lam0p020__nu0p50__psi0p75,hardzero_plus_depr,0.06,30,1035,0.0,2,0.14099602,0.14099602,1.0228673,0.0,0.09487081,0.0,0.0,1.1185782e-08,-27.225065,2.250353,0.7501177,0.18400002,0.0,0.15465625,20.660282,20.680283,3315200
hardzero_plus_depr__c0p50__z1p00__lam0p020__nu0p50__psi0p75,hardzero_plus_depr,0.06,30,1036,0.0,2,0.14099602,0.14099602,1.0175445,0.0,0.09604074,0.0,0.0,1.1019243e-08,-27.118912,2.2386427,0.7462143,0.192,0.0,0.15183878,20.680283,20.700283,3318400
hardzero_plus_depr__c0p50__z1p00__lam0p020__nu0p50__psi0p75,hardzero_plus_depr,0.06,30,1037,0.0,2,0.14099602,0.14099602,1.0408411,0.0,0.09102462,0.0,0.0,1.0855185e-08,-27.618206,2.2898962,0.76329875,0.18400002,0.0,0.17884555,20.700283,20.720284,3321600
hardzero_plus_depr__c0p50__z1p00__lam0p020__nu0p50__psi0p75,hardzero_plus_depr,0.06,30,1038,0.0,2,0.14099602,0.14099602,1.001661,0.0,0.09961828,0.0,0.0,1.0693568e-08,-25.63331,2.2036982,0.7345661,0.15200001,0.0,0.1447506,20.720284,20.740284,3324800
hardzero_plus_depr__c0p50__z1p00__lam0p020__nu0p50__psi0p75,hardzero_plus_depr,0.06,30,1039,0.0,2,0.14099602,0.14099602,1.0040904,0.0,0.09906257,0.0,0.0,1.0534359e-08,-27.270967,2.209043,0.7363477,0.192,0.0,0.15112987,20.740284,20.760284,3328000
hardzero_plus_depr__c0p50__z1p00__lam0p020__nu0p50__psi0p75,hardzero_plus_depr,0.06,30,1040,0.0,2,0.14099602,0.14099602,1.0168334,0.0,0.09619811,0.0,0.0,1.0377518e-08,-26.215761,2.2370782,0.74569273,0.19999999,0.0,0.14243574,20.760284,20.780285,3331200
hardzero_plus_depr__c0p50__z1p00__lam0p020__nu0p50__psi0p75,hardzero_plus_depr,0.06,30,1041,0.0,2,0.14099602,0.14099602,1.0329614,0.0,0.092691235,0.0,0.0,1.0223014e-08,-27.238607,2.2725604,0.75752014,0.192,0.0,0.15697259,20.780285,20.800285,3334400
hardzero_plus_depr__c0p50__z1p00__lam0p020__nu0p50__psi0p75,hardzero_plus_depr,0.06,30,1042,0.0,2,0.14099602,0.14099602,1.0384542,0.0,0.09152627,0.0,0.0,1.0070809e-08,-27.221596,2.2846448,0.7615483,0.112,0.0,0.14158165,20.800285,20.820286,3337600
hardzero_plus_depr__c0p50__z1p00__lam0p020__nu0p50__psi0p75,hardzero_plus_depr,0.06,30,1043,0.0,2,0.14099602,0.14099602,1.0158473,0.0,0.0964168,0.0,0.0,9.920871e-09,-27.008081,2.2349088,0.7449696,0.192,0.0,0.18843791,20.820286,20.840286,3340800
hardzero_plus_depr__c0p50__z1p00__lam0p020__nu0p50__psi0p75,hardzero_plus_depr,0.06,30,1044,0.0,2,0.14099602,0.14099602,1.04578,0.0,0.08999534,0.0,0.0,9.773165e-09,-27.475353,2.3007617,0.76692057,0.15200001,0.0,0.16827686,20.840286,20.860287,3344000
hardzero_plus_depr__c0p50__z1p00__lam0p020__nu0p50__psi0p75,hardzero_plus_depr,0.06,30,1045,0.0,2,0.14099602,0.14099602,1.0343015,0.0,0.09240564,0.0,0.0,9.627659e-09,-28.321255,2.2755089,0.75850296,0.16800001,0.0,0.18756452,20.860287,20.880287,3347200
hardzero_plus_depr__c0p50__z1p00__lam0p020__nu0p50__psi0p75,hardzero_plus_depr,0.06,30,1046,0.0,2,0.14099602,0.14099602,1.0002341,0.0,0.099946104,0.0,0.0,9.484318e-09,-26.960867,2.200559,0.7335197,0.192,0.0,0.13266447,20.880287,20.900288,3350400
hardzero_plus_depr__c0p50__z1p00__lam0p020__nu0p50__psi0p75,hardzero_plus_depr,0.06,30,1047,0.0,2,0.14099602,0.14099602,1.0373871,0.0,0.091751434,0.0,0.0,9.343111e-09,-27.633835,2.2822971,0.76076573,0.14400001,0.0,0.16644733,20.900288,20.920288,3353600
hardzero_plus_depr__c0p50__z1p00__lam0p020__nu0p50__psi0p75,hardzero_plus_depr,0.06,30,1048,0.0,2,0.14099602,0.14099602,1.0084059,0.0,0.09808308,0.0,0.0,9.204008e-09,-26.627567,2.2185373,0.73951244,0.16000001,0.0,0.16196956,20.920288,20.940289,3356800
hardzero_plus_depr__c0p50__z1p00__lam0p020__nu0p50__psi0p75,hardzero_plus_depr,0.06,30,1049,0.0,2,0.14099602,0.14099602,0.9945785,0.101256184,0.101256184,1.0,9.180873e-10,9.066975e-09,-26.807299,2.1881163,0.72937214,0.14400001,0.0,0.15735517,20.940289,20.960289,3360000
hardzero_plus_depr__c0p50__z1p00__lam0p020__nu0p50__psi0p75,hardzero_plus_depr,0.06,30,1050,0.0,2,0.14099602,0.14099602,1.0082318,0.0,0.09812242,0.0,0.0,8.931982e-09,-27.036293,2.2181542,0.7393848,0.18400002,0.0,0.1640719,20.960289,20.98029,3363200
hardzero_plus_depr__c0p50__z1p00__lam0p020__nu0p50__psi0p75,hardzero_plus_depr,0.06,30,1051,0.0,2,0.14099602,0.14099602,1.039861,0.0,0.09123028,0.0,0.0,8.799e-09,-27.27319,2.2877398,0.7625799,0.15200001,0.0,0.17004782,20.98029,21.00029,3366400
hardzero_plus_depr__c0p50__z1p00__lam0p020__nu0p50__psi0p75,hardzero_plus_depr,0.06,30,1052,0.0,2,0.14099602,0.14099602,0.9855062,0.10339365,0.10339365,1.0,8.9621577e-10,8.667996e-09,-26.519157,2.1681569,0.72271895,0.17600001,0.0,0.13385229,21.00029,21.02029,3369600
hardzero_plus_depr__c0p50__z1p00__lam0p020__nu0p50__psi0p75,hardzero_plus_depr,0.06,30,1053,0.0,2,0.14099602,0.14099602,1.0341995,0.0,0.09242734,0.0,0.0,8.538944e-09,-27.40873,2.2752843,0.7584281,0.19,0.0,0.1895845,21.02029,21.04029,3372800
hardzero_plus_depr__c0p50__z1p00__lam0p020__nu0p50__psi0p75,hardzero_plus_depr,0.06,30,1054,0.0,2,0.14099602,0.14099602,0.99984956,0.10003465,0.10003465,1.0,8.414727e-10,8.411813e-09,-27.467485,2.199713,0.7332377,0.15200001,0.0,0.15004681,21.04029,21.060291,3376000
hardzero_plus_depr__c0p50__z1p00__lam0p020__nu0p50__psi0p75,hardzero_plus_depr,0.06,30,1055,0.0,2,0.14099602,0.14099602,1.0259567,0.0,0.09419833,0.0,0.0,8.286575e-09,-26.70285,2.25715,0.75238335,0.120000005,0.0,0.14521027,21.060291,21.080292,3379200
hardzero_plus_depr__c0p50__z1p00__lam0p020__nu0p50__psi0p75,hardzero_plus_depr,0.06,30,1056,0.0,2,0.14099602,0.14099602,1.043194,0.0,0.090532795,0.0,0.0,8.163201e-09,-28.475126,2.2950728,0.7650243,0.14400001,0.0,0.16572785,21.080292,21.100292,3382400
hardzero_plus_depr__c0p50__z1p00__lam0p020__nu0p50__psi0p75,hardzero_plus_depr,0.06,30,1057,0.0,2,0.14099602,0.14099602,1.0185622,0.0,0.09581595,0.0,0.0,8.041663e-09,-27.120453,2.2408817,0.7469606,0.14400001,0.0,0.14682691,21.100292,21.120293,3385600
hardzero_plus_depr__c0p50__z1p00__lam0p020__nu0p50__psi0p75,hardzero_plus_depr,0.06,30,1058,0.0,2,0.14099602,0.14099602,1.0404401,0.0,0.09110871,0.0,0.0,7.921936e-09,-27.769619,2.2890139,0.76300466,0.15200001,0.0,0.1634713,21.120293,21.140293,3388800
hardzero_plus_depr__c0p50__z1p00__lam0p020__nu0p50__psi0p75,hardzero_plus_depr,0.06,30,1059,0.0,2,0.14099602,0.14099602,0.9996748,0.10007492,0.10007492,1.0,7.809838e-10,7.803991e-09,-27.345005,2.1993284,0.7331095,0.224,0.0,0.15806618,21.140293,21.160294,3392000
hardzero_plus_depr__c0p50__z1p00__lam0p020__nu0p50__psi0p75,hardzero_plus_depr,0.06,30,1060,0.0,2,0.14099602,0.14099602,0.96976274,0.107210495,0.107210495,1.0,8.242131e-10,7.687802e-09,-26.71595,2.1335206,0.71117353,0.17600001,0.0,0.13900234,21.160294,21.180294,3395200
hardzero_plus_depr__c0p50__z1p00__lam0p020__nu0p50__psi0p75,hardzero_plus_depr,0.06,30,1061,0.0,2,0.14099602,0.14099602,1.0179205,0.0,0.095957614,0.0,0.0,7.573343e-09,-26.967031,2.2394698,0.74648994,0.14400001,0.0,0.1493779,21.180294,21.200294,3398400
hardzero_plus_depr__c0p50__z1p00__lam0p020__nu0p50__psi0p75,hardzero_plus_depr,0.06,30,1062,0.0,2,0.14099602,0.14099602,1.0205405,0.0,0.09538047,0.0,0.0,7.460588e-09,-26.497786,2.2452338,0.7484113,0.120000005,0.0,0.1300576,21.200294,21.220295,3401600
hardzero_plus_depr__c0p50__z1p00__lam0p020__nu0p50__psi0p75,hardzero_plus_depr,0.06,30,1063,0.0,2,0.14099602,0.14099602,1.0125749,0.0,0.097146034,0.0,0.0,7.349512e-09,-27.869295,2.2277093,0.7425698,0.17600001,0.0,0.17356052,21.220295,21.240295,3404800
hardzero_plus_depr__c0p50__z1p00__lam0p020__nu0p50__psi0p75,hardzero_plus_depr,0.06,30,1064,0.0,2,0.14099602,0.14099602,1.030453,0.0,0.09322813,0.0,0.0,7.2400894e-09,-27.277088,2.267042,0.7556807,0.16000001,0.0,0.17195457,21.240295,21.260296,3408000
hardzero_plus_depr__c0p50__z1p00__lam0p020__nu0p50__psi0p75,hardzero_plus_depr,0.06,30,1065,0.0,2,0.14099602,0.14099602,1.0223962,0.0,0.09497378,0.0,0.0,7.132296e-09,-27.183619,2.2493167,0.74977225,0.16800001,0.0,0.17119092,21.260296,21.280296,3411200
hardzero_plus_depr__c0p50__z1p00__lam0p020__nu0p50__psi0p75,hardzero_plus_depr,0.06,30,1066,0.0,2,0.14099602,0.14099602,0.99883,0.10026976,0.10026976,1.0,7.045061e-10,7.0261077e-09,-26.91493,2.19747,0.73249,0.13,0.0,0.14116257,21.280296,21.300297,3414400
hardzero_plus_depr__c0p50__z1p00__lam0p020__nu0p50__psi0p75,hardzero_plus_depr,0.06,30,1067,0.0,2,0.14099602,0.14099602,0.9809229,0.10449058,0.10449058,1.0,7.232316e-10,6.9215003e-09,-26.58778,2.1580734,0.71935785,0.192,0.0,0.16161421,21.300297,21.320297,3417600
hardzero_plus_depr__c0p50__z1p00__lam0p020__nu0p50__psi0p75,hardzero_plus_depr,0.06,30,1068,0.0,2,0.14099602,0.14099602,1.0035254,0.0,0.09919154,0.0,0.0,6.81845e-09,-26.60085,2.2078,0.7359333,0.14400001,0.0,0.15202099,21.320297,21.340298,3420800
hardzero_plus_depr__c0p50__z1p00__lam0p020__nu0p50__psi0p75,hardzero_plus_depr,0.06,30,1069,0.0,2,0.14099602,0.14099602,1.0686388,0.0,0.08538099,0.0,0.0,6.7169412e-09,-28.870321,2.3510523,0.78368413,0.15200001,0.0,0.19366217,21.340298,21.360298,3424000
hardzero_plus_depr__c0p50__z1p00__lam0p020__nu0p50__psi0p75,hardzero_plus_depr,0.06,30,1070,0.0,2,0.14099602,0.14099602,0.9610841,0.109374434,0.109374434,1.0,7.237229e-10,6.6169297e-09,-26.631033,2.1144273,0.7048091,0.18400002,0.0,0.14287491,21.360298,21.380299,3427200
hardzero_plus_depr__c0p50__z1p00__lam0p020__nu0p50__psi0p75,hardzero_plus_depr,0.06,30,1071,0.0,2,0.14099602,0.14099602,1.0581814,0.0,0.08746184,0.0,0.0,6.518408e-09,-27.5644,2.3280456,0.7760152,0.120000005,0.0,0.16094676,21.380299,21.4003,3430400
hardzero_plus_depr__c0p50__z1p00__lam0p020__nu0p50__psi0p75,hardzero_plus_depr,0.06,30,1072,0.0,2,0.14099602,0.14099602,1.0487512,0.0,0.089381725,0.0,0.0,6.4213657e-09,-27.333233,2.3072987,0.7690996,0.08800001,0.0,0.16527736,21.4003,21.4203,3433600
hardzero_plus_depr__c0p50__z1p00__lam0p020__nu0p50__psi0p75,hardzero_plus_depr,0.06,30,1073,0.0,2,0.14099602,0.14099602,0.9874113,0.102941066,0.102941066,1.0,6.511813e-10,6.325768e-09,-26.486471,2.1723483,0.7241161,0.18400002,0.0,0.14695577,21.4203,21.4403,3436800
hardzero_plus_depr__c0p50__z1p00__lam0p020__nu0p50__psi0p75,hardzero_plus_depr,0.06,30,1074,0.0,2,0.14099602,0.14099602,1.0180033,0.0,0.095939316,0.0,0.0,6.2315815e-09,-26.95019,2.2396522,0.74655074,0.2,0.0,0.17212011,21.4403,21.4603,3440000
hardzero_plus_depr__c0p50__z1p00__lam0p020__nu0p50__psi0p75,hardzero_plus_depr,0.06,30,1075,0.0,2,0.14099602,0.14099602,0.9839787,0.10375794,0.10375794,1.0,6.3694894e-10,6.138797e-09,-26.120459,2.1647964,0.7215988,0.16000001,0.0,0.15447137,21.4603,21.4803,3443200
hardzero_plus_depr__c0p50__z1p00__lam0p020__nu0p50__psi0p75,hardzero_plus_depr,0.06,30,1076,0.0,2,0.14099602,0.14099602,1.0219287,0.0,0.0950761,0.0,0.0,6.047406e-09,-27.81804,2.248288,0.74942935,0.17600001,0.0,0.17217444,21.4803,21.500301,3446400
hardzero_plus_depr__c0p50__z1p00__lam0p020__nu0p50__psi0p75,hardzero_plus_depr,0.06,30,1077,0.0,2,0.14099602,0.14099602,0.9970152,0.10068966,0.10068966,1.0,5.998461e-10,5.9573755e-09,-27.037916,2.1934772,0.7311591,0.136,0.0,0.16277887,21.500301,21.520302,3449600
hardzero_plus_depr__c0p50__z1p00__lam0p020__nu0p50__psi0p75,hardzero_plus_depr,0.06,30,1078,0.0,2,0.14099602,0.14099602,0.9704918,0.10703064,0.10703064,1.0,6.2812794e-10,5.868674e-09,-26.380327,2.1351247,0.71170825,0.17600001,0.0,0.13554043,21.520302,21.540302,3452800
hardzero_plus_depr__c0p50__z1p00__lam0p020__nu0p50__psi0p75,hardzero_plus_depr,0.06,30,1079,0.0,2,0.14099602,0.14099602,1.0070481,0.0,0.09839021,0.0,0.0,5.7812937e-09,-27.456343,2.2155502,0.73851675,0.13,0.0,0.17821334,21.540302,21.560303,3456000
hardzero_plus_depr__c0p50__z1p00__lam0p020__nu0p50__psi0p75,hardzero_plus_depr,0.06,30,1080,0.0,2,0.14099602,0.14099602,1.0152619,0.0,0.09654686,0.0,0.0,5.6952247e-09,-27.562822,2.2336206,0.7445402,0.104,0.0,0.14255597,21.560303,21.580303,3459200
hardzero_plus_depr__c0p50__z1p00__lam0p020__nu0p50__psi0p75,hardzero_plus_depr,0.06,30,1081,0.0,2,0.14099602,0.14099602,1.0002735,0.0,0.09993705,0.0,0.0,5.610437e-09,-27.603407,2.2006457,0.7335486,0.15200001,0.0,0.14915314,21.580303,21.600304,3462400
hardzero_plus_depr__c0p50__z1p00__lam0p020__nu0p50__psi0p75,hardzero_plus_depr,0.06,30,1082,0.0,2,0.14099602,0.14099602,1.0147568,0.0,0.096659206,0.0,0.0,5.5269016e-09,-28.099266,2.2325096,0.7441699,0.136,0.0,0.17264333,21.600304,21.620304,3465600
hardzero_plus_depr__c0p50__z1p00__lam0p020__nu0p50__psi0p75,hardzero_plus_depr,0.06,30,1083,0.0,2,0.14099602,0.14099602,1.0887846,0.0,0.08151084,0.0,0.0,5.4446097e-09,-28.192976,2.3953738,0.798458,0.120000005,0.008,0.14866883,21.620304,21.640305,3468800
hardzero_plus_depr__c0p50__z1p00__lam0p020__nu0p50__psi0p75,hardzero_plus_depr,0.06,30,1084,0.0,2,0.14099602,0.14099602,1.0689279,0.0,0.08532417,0.0,0.0,5.363553e-09,-28.211966,2.3516884,0.78389615,0.120000005,0.0,0.1751912,21.640305,21.660305,3472000
hardzero_plus_depr__c0p50__z1p00__lam0p020__nu0p50__psi0p75,hardzero_plus_depr,0.06,30,1085,0.0,2,0.14099602,0.14099602,1.0031667,0.0,0.099273495,0.0,0.0,5.2837033e-09,-27.352488,2.2070107,0.73567027,0.136,0.0,0.1682218,21.660305,21.680305,3475200
hardzero_plus_depr__c0p50__z1p00__lam0p020__nu0p50__psi0p75,hardzero_plus_depr,0.06,30,1086,0.0,2,0.14099602,0.14099602,1.0336455,0.0,0.092545316,0.0,0.0,5.2050333e-09,-27.325352,2.2740655,0.75802183,0.128,0.0,0.15861993,21.680305,21.700306,3478400
hardzero_plus_depr__c0p50__z1p00__lam0p020__nu0p50__psi0p75,hardzero_plus_depr,0.06,30,1087,0.0,2,0.14099602,0.14099602,1.0410758,0.0,0.09097543,0.0,0.0,5.1275335e-09,-27.246637,2.2904124,0.7634708,0.14400001,0.0,0.174497,21.700306,21.720306,3481600
hardzero_plus_depr__c0p50__z1p00__lam0p020__nu0p50__psi0p75,hardzero_plus_depr,0.06,30,1088,0.0,2,0.14099602,0.14099602,1.0006635,0.0,0.09984733,0.0,0.0,5.0511972e-09,-26.658802,2.2015038,0.7338346,0.15200001,0.0,0.15056628,21.720306,21.740307,3484800
hardzero_plus_depr__c0p50__z1p00__lam0p020__nu0p50__psi0p75,hardzero_plus_depr,0.06,30,1089,0.0,2,0.14099602,0.14099602,1.045473,0.0,0.09005898,0.0,0.0,4.9759974e-09,-26.668964,2.3000865,0.7666955,0.064,0.0,0.15592499,21.740307,21.760307,3488000
hardzero_plus_depr__c0p50__z1p00__lam0p020__nu0p50__psi0p75,hardzero_plus_depr,0.06,30,1090,0.0,2,0.14099602,0.14099602,1.0206335,0.0,0.09536005,0.0,0.0,4.9019087e-09,-27.428146,2.2454383,0.7484795,0.15200001,0.0,0.14935596,21.760307,21.780308,3491200
hardzero_plus_depr__c0p50__z1p00__lam0p020__nu0p50__psi0p75,hardzero_plus_depr,0.06,30,1091,0.0,2,0.14099602,0.14099602,1.0073137,0.0,0.09833005,0.0,0.0,4.8289226e-09,-26.535158,2.2161345,0.73871154,0.136,0.0,0.15510796,21.780308,21.800308,3494400
hardzero_plus_depr__c0p50__z1p00__lam0p020__nu0p50__psi0p75,hardzero_plus_depr,0.06,30,1092,0.0,2,0.14099602,0.14099602,0.98195726,0.104242,0.104242,1.0,4.958825e-10,4.7570317e-09,-26.784714,2.1603491,0.7201164,0.14999999,0.0,0.16524418,21.800308,21.820309,3497600
hardzero_plus_depr__c0p50__z1p00__lam0p020__nu0p50__psi0p75,hardzero_plus_depr,0.06,30,1093,0.0,2,0.14099602,0.14099602,1.0092018,0.0,0.097903505,0.0,0.0,4.6862114e-09,-27.403734,2.2202883,0.7400961,0.24000001,0.0,0.17563118,21.820309,21.84031,3500800
hardzero_plus_depr__c0p50__z1p00__lam0p020__nu0p50__psi0p75,hardzero_plus_depr,0.06,30,1094,0.0,2,0.14099602,0.14099602,0.99982053,0.10004132,0.10004132,1.0,4.6183452e-10,4.6164375e-09,-26.048582,2.199649,0.7332164,0.192,0.0,0.16194251,21.84031,21.86031,3504000
hardzero_plus_depr__c0p50__z1p00__lam0p020__nu0p50__psi0p75,hardzero_plus_depr,0.06,30,1095,0.0,2,0.14099602,0.14099602,1.0426931,0.0,0.09063729,0.0,0.0,4.5477013e-09,-27.733421,2.2939708,0.76465696,0.18400002,0.0,0.1606218,21.86031,21.88031,3507200
hardzero_plus_depr__c0p50__z1p00__lam0p020__nu0p50__psi0p75,hardzero_plus_depr,0.06,30,1096,0.0,2,0.14099602,0.14099602,1.0434731,0.0,0.09047464,0.0,0.0,4.4799977e-09,-28.099371,2.2956867,0.7652289,0.23200001,0.0,0.17243764,21.88031,21.90031,3510400
hardzero_plus_depr__c0p50__z1p00__lam0p020__nu0p50__psi0p75,hardzero_plus_depr,0.06,30,1097,0.0,2,0.14099602,0.14099602,1.0125802,0.0,0.09714486,0.0,0.0,4.413302e-09,-27.41092,2.2277207,0.7425736,0.18400002,0.0,0.16278988,21.90031,21.920311,3513600
hardzero_plus_depr__c0p50__z1p00__lam0p020__nu0p50__psi0p75,hardzero_plus_depr,0.06,30,1098,0.0,2,0.14099602,0.14099602,0.9943659,0.10130575,0.10130575,1.0,4.4043597e-10,4.3475907e-09,-27.089897,2.1876485,0.7292162,0.224,0.0,0.15071726,21.920311,21.940311,3516800
hardzero_plus_depr__c0p50__z1p00__lam0p020__nu0p50__psi0p75,hardzero_plus_depr,0.06,30,1099,0.0,2,0.14099602,0.14099602,1.0298604,0.0,0.09335543,0.0,0.0,4.282858e-09,-27.41748,2.265738,0.75524604,0.120000005,0.0,0.18581675,21.940311,21.960312,3520000
hardzero_plus_depr__c0p50__z1p00__lam0p020__nu0p50__psi0p75,hardzero_plus_depr,0.06,30,1100,0.0,2,0.14099602,0.14099602,0.9864074,0.103179306,0.103179306,1.0,4.3532355e-10,4.2190975e-09,-26.825418,2.1701396,0.72337985,0.192,0.008,0.15941568,21.960312,21.980312,3523200
hardzero_plus_depr__c0p50__z1p00__lam0p020__nu0p50__psi0p75,hardzero_plus_depr,0.06,30,1101,0.0,2,0.14099602,0.14099602,1.0419447,0.0,0.09079361,0.0,0.0,4.1562855e-09,-28.027544,2.2923243,0.7641081,0.136,0.0,0.17200999,21.980312,22.000313,3526400
hardzero_plus_depr__c0p50__z1p00__lam0p020__nu0p50__psi0p75,hardzero_plus_depr,0.06,30,1102,0.0,2,0.14099602,0.14099602,1.0037905,0.0,0.09913099,0.0,0.0,4.0944013e-09,-27.080122,2.208383,0.73612773,0.16800001,0.0,0.15247524,22.000313,22.020313,3529600
hardzero_plus_depr__c0p50__z1p00__lam0p020__nu0p50__psi0p75,hardzero_plus_depr,0.06,30,1103,0.0,2,0.14099602,0.14099602,0.9741067,0.106143475,0.106143475,1.0,4.2812312e-10,4.033438e-09,-26.196127,2.1430776,0.7143592,0.17600001,0.0,0.14993797,22.020313,22.040314,3532800
hardzero_plus_depr__c0p50__z1p00__lam0p020__nu0p50__psi0p75,hardzero_plus_depr,0.06,30,1104,0.0,2,0.14099602,0.14099602,1.0231812,0.0,0.094802275,0.0,0.0,3.9733905e-09,-26.831299,2.2510436,0.75034785,0.15200001,0.0,0.16070117,22.040314,22.060314,3536000
hardzero_plus_depr__c0p50__z1p00__lam0p020__nu0p50__psi0p75,hardzero_plus_depr,0.06,30,1105,0.0,2,0.14099602,0.14099602,0.9442851,0.11368806,0.11368806,1.0,4.45002e-10,3.914237e-09,-26.807348,2.0774686,0.69248956,0.22999999,0.0,0.15737891,22.060314,22.080315,3539200
hardzero_plus_depr__c0p50__z1p00__lam0p020__nu0p50__psi0p75,hardzero_plus_depr,0.06,30,1106,0.0,2,0.14099602,0.14099602,1.0452588,0.0,0.09010342,0.0,0.0,3.8559564e-09,-26.92465,2.2996151,0.7665384,0.14400001,0.0,0.1550082,22.080315,22.100315,3542400
hardzero_plus_depr__c0p50__z1p00__lam0p020__nu0p50__psi0p75,hardzero_plus_depr,0.06,30,1107,0.0,2,0.14099602,0.14099602,1.0280577,0.0,0.09374374,0.0,0.0,3.798544e-09,-26.981924,2.2617722,0.7539241,0.16000001,0.0,0.17369786,22.100315,22.120316,3545600
hardzero_plus_depr__c0p50__z1p00__lam0p020__nu0p50__psi0p75,hardzero_plus_depr,0.06,30,1108,0.0,2,0.14099602,0.14099602,1.0408957,0.0,0.091013186,0.0,0.0,3.7419934e-09,-27.674648,2.2900162,0.76333874,0.14400001,0.0,0.14519389,22.120316,22.140316,3548800
hardzero_plus_depr__c0p50__z1p00__lam0p020__nu0p50__psi0p75,hardzero_plus_depr,0.06,30,1109,0.0,2,0.14099602,0.14099602,1.0594752,0.0,0.08720167,0.0,0.0,3.6862842e-09,-28.056053,2.3308918,0.77696395,0.136,0.0,0.18242483,22.140316,22.160316,3552000
hardzero_plus_depr__c0p50__z1p00__lam0p020__nu0p50__psi0p75,hardzero_plus_depr,0.06,30,1110,0.0,2,0.14099602,0.14099602,1.0286081,0.0,0.093625024,0.0,0.0,3.6313978e-09,-27.662771,2.2629828,0.75432765,0.18400002,0.0,0.16380642,22.160316,22.180317,3555200
hardzero_plus_depr__c0p50__z1p00__lam0p020__nu0p50__psi0p75,hardzero_plus_depr,0.06,30,1111,0.0,2,0.14099602,0.14099602,1.0179901,0.0,0.09594224,0.0,0.0,3.577329e-09,-27.360687,2.239623,0.746541,0.16800001,0.0,0.16080298,22.180317,22.200317,3558400
hardzero_plus_depr__c0p50__z1p00__lam0p020__nu0p50__psi0p75,hardzero_plus_depr,0.06,30,1112,0.0,2,0.14099602,0.14099602,1.0005438,0.0,0.09987486,0.0,0.0,3.524072e-09,-27.297333,2.2012403,0.73374677,0.18400002,0.0,0.18271348,22.200317,22.220318,3561600
hardzero_plus_depr__c0p50__z1p00__lam0p020__nu0p50__psi0p75,hardzero_plus_depr,0.06,30,1113,0.0,2,0.14099602,0.14099602,1.0118963,0.0,0.09729796,0.0,0.0,3.4716074e-09,-26.874626,2.2262163,0.7420721,0.208,0.0,0.15868711,22.220318,22.240318,3564800
hardzero_plus_depr__c0p50__z1p00__lam0p020__nu0p50__psi0p75,hardzero_plus_depr,0.06,30,1114,0.0,2,0.14099602,0.14099602,1.0462221,0.0,0.08990377,0.0,0.0,3.4199172e-09,-27.644289,2.3017344,0.7672448,0.136,0.0,0.16019188,22.240318,22.260319,3568000
hardzero_plus_depr__c0p50__z1p00__lam0p020__nu0p50__psi0p75,hardzero_plus_depr,0.06,30,1115,0.0,2,0.14099602,0.14099602,1.0944513,0.0,0.0804542,0.0,0.0,3.3689969e-09,-29.02116,2.407841,0.8026137,0.17600001,0.0,0.26755166,22.260319,22.28032,3571200
hardzero_plus_depr__c0p50__z1p00__lam0p020__nu0p50__psi0p75,hardzero_plus_depr,0.06,30,1116,0.0,2,0.14099602,0.14099602,0.9995381,0.10010641,0.10010641,1.0,3.322373e-10,3.3188414e-09,-26.635029,2.1990278,0.7330093,0.15200001,0.0,0.13604587,22.28032,22.30032,3574400
hardzero_plus_depr__c0p50__z1p00__lam0p020__nu0p50__psi0p75,hardzero_plus_depr,0.06,30,1117,0.0,2,0.14099602,0.14099602,0.9937543,0.1014485,0.1014485,1.0,3.31679e-10,3.2694323e-09,-27.035517,2.1863031,0.72876775,0.18400002,0.0,0.13272333,22.30032,22.32032,3577600
hardzero_plus_depr__c0p50__z1p00__lam0p020__nu0p50__psi0p75,hardzero_plus_depr,0.06,30,1118,0.0,2,0.14099602,0.14099602,0.9883703,0.10271402,0.10271402,1.0,3.3081643e-10,3.2207526e-09,-26.579767,2.174458,0.72481936,0.14,0.0,0.17336887,22.32032,22.34032,3580800
hardzero_plus_depr__c0p50__z1p00__lam0p020__nu0p50__psi0p75,hardzero_plus_depr,0.06,30,1119,0.0,2,0.14099602,0.14099602,1.0196899,0.0,0.09556747,0.0,0.0,3.1727976e-09,-27.874584,2.2433627,0.7477876,0.17600001,0.0,0.14998172,22.34032,22.360321,3584000
hardzero_plus_depr__c0p50__z1p00__lam0p020__nu0p50__psi0p75,hardzero_plus_depr,0.06,30,1120,0.0,2,0.14099602,0.14099602,0.9731275,0.10638307,0.10638307,1.0,3.3250697e-10,3.125563e-09,-26.408306,2.1409233,0.7136411,0.17600001,0.0,0.16200131,22.360321,22.380322,3587200
hardzero_plus_depr__c0p50__z1p00__lam0p020__nu0p50__psi0p75,hardzero_plus_depr,0.06,30,1121,0.0,2,0.14099602,0.14099602,1.0295111,0.0,0.093430534,0.0,0.0,3.079031e-09,-27.233004,2.2649696,0.75498986,0.15200001,0.0,0.15301262,22.380322,22.400322,3590400
hardzero_plus_depr__c0p50__z1p00__lam0p020__nu0p50__psi0p75,hardzero_plus_depr,0.06,30,1122,0.0,2,0.14099602,0.14099602,0.9609971,0.10939636,0.10939636,1.0,3.3181954e-10,3.0331864e-09,-26.462742,2.1142359,0.7047453,0.16000001,0.0,0.15856299,22.400322,22.420322,3593600
hardzero_plus_depr__c0p50__z1p00__lam0p020__nu0p50__psi0p75,hardzero_plus_depr,0.06,30,1123,0.0,2,0.14099602,0.14099602,1.0044159,0.0,0.09898836,0.0,0.0,2.9880243e-09,-26.64071,2.209759,0.73658633,0.14400001,0.0,0.13430065,22.420322,22.440323,3596800
hardzero_plus_depr__c0p50__z1p00__lam0p020__nu0p50__psi0p75,hardzero_plus_depr,0.06,30,1124,0.0,2,0.14099602,0.14099602,0.9954879,0.10104434,0.10104434,1.0,2.9742805e-10,2.9435399e-09,-26.060612,2.1901171,0.73003906,0.18400002,0.0,0.13745005,22.440323,22.460323,3600000
hardzero_plus_depr__c0p50__z1p00__lam0p020__nu0p50__psi0p75,hardzero_plus_depr,0.06,30,1125,0.0,2,0.14099602,0.14099602,0.9794592,0.10484331,0.10484331,1.0,3.0401606e-10,2.8997182e-09,-25.80564,2.1548533,0.7182845,0.24000001,0.0,0.14278753,22.460323,22.480324,3603200
hardzero_plus_depr__c0p50__z1p00__lam0p020__nu0p50__psi0p75,hardzero_plus_depr,0.06,30,1126,0.0,2,0.14099602,0.14099602,1.0080099,0.0,0.098172545,0.0,0.0,2.8565434e-09,-27.198927,2.2176661,0.73922205,0.120000005,0.0,0.16086425,22.480324,22.500324,3606400
hardzero_plus_depr__c0p50__z1p00__lam0p020__nu0p50__psi0p75,hardzero_plus_depr,0.06,30,1127,0.0,2,0.14099602,0.14099602,1.0673604,0.0,0.0856327,0.0,0.0,2.8140115e-09,-27.73011,2.3482397,0.78274655,0.128,0.0,0.15788412,22.500324,22.520325,3609600
hardzero_plus_depr__c0p50__z1p00__lam0p020__nu0p50__psi0p75,hardzero_plus_depr,0.06,30,1128,0.0,2,0.14099602,0.14099602,1.0957406,0.0,0.0802157,0.0,0.0,2.7721179e-09,-28.30176,2.4106774,0.8035592,0.128,0.0,0.16784957,22.520325,22.540325,3612800
hardzero_plus_depr__c0p50__z1p00__lam0p020__nu0p50__psi0p75,hardzero_plus_depr,0.06,30,1129,0.0,2,0.14099602,0.14099602,1.0110881,0.0,0.09747919,0.0,0.0,2.7308482e-09,-28.30898,2.2244382,0.7414794,0.16800001,0.0,0.16219084,22.540325,22.560326,3616000
hardzero_plus_depr__c0p50__z1p00__lam0p020__nu0p50__psi0p75,hardzero_plus_depr,0.06,30,1130,0.0,2,0.14099602,0.14099602,0.9860212,0.10327108,0.10327108,1.0,2.7781857e-10,2.6901876e-09,-27.158846,2.16929,0.7230967,0.15200001,0.0,0.15982287,22.560326,22.580326,3619200
hardzero_plus_depr__c0p50__z1p00__lam0p020__nu0p50__psi0p75,hardzero_plus_depr,0.06,30,1131,0.0,2,0.14099602,0.14099602,1.0176547,0.0,0.096016385,0.0,0.0,2.6501323e-09,-26.99564,2.238885,0.746295,0.12,0.01,0.14644907,22.580326,22.600327,3622400
hardzero_plus_depr__c0p50__z1p00__lam0p020__nu0p50__psi0p75,hardzero_plus_depr,0.06,30,1132,0.0,2,0.14099602,0.14099602,1.0504844,0.0,0.08902574,0.0,0.0,2.6106788e-09,-27.887194,2.311112,0.77037066,0.136,0.0,0.18048778,22.600327,22.620327,3625600
hardzero_plus_depr__c0p50__z1p00__lam0p020__nu0p50__psi0p75,hardzero_plus_depr,0.06,30,1133,0.0,2,0.14099602,0.14099602,0.98295134,0.104003675,0.104003675,1.0,2.6747793e-10,2.5718123e-09,-25.799076,2.1625361,0.7208454,0.14400001,0.0,0.13972288,22.620327,22.640327,3628800
hardzero_plus_depr__c0p50__z1p00__lam0p020__nu0p50__psi0p75,hardzero_plus_depr,0.06,30,1134,0.0,2,0.14099602,0.14099602,1.011209,0.0,0.097452044,0.0,0.0,2.5335196e-09,-27.091105,2.2247043,0.7415681,0.15200001,0.0,0.16176161,22.640327,22.660328,3632000
hardzero_plus_depr__c0p50__z1p00__lam0p020__nu0p50__psi0p75,hardzero_plus_depr,0.06,30,1135,0.0,2,0.14099602,0.14099602,1.0261791,0.0,0.094150126,0.0,0.0,2.4957971e-09,-27.317736,2.2576392,0.7525464,0.128,0.0,0.16196744,22.660328,22.680328,3635200
hardzero_plus_depr__c0p50__z1p00__lam0p020__nu0p50__psi0p75,hardzero_plus_depr,0.06,30,1136,0.0,2,0.14099602,0.14099602,1.0793374,0.0,0.08330338,0.0,0.0,2.458641e-09,-27.979473,2.3745897,0.7915299,0.128,0.0,0.19104035,22.680328,22.700329,3638400
hardzero_plus_depr__c0p50__z1p00__lam0p020__nu0p50__psi0p75,hardzero_plus_depr,0.06,30,1137,0.0,2,0.14099602,0.14099602,1.0440049,0.0,0.09036392,0.0,0.0,2.4220381e-09,-27.984812,2.2968566,0.7656189,0.16000001,0.0,0.17213185,22.700329,22.72033,3641600
hardzero_plus_depr__c0p50__z1p00__lam0p020__nu0p50__psi0p75,hardzero_plus_depr,0.06,30,1138,0.0,2,0.14099602,0.14099602,0.9689247,0.10741755,0.10741755,1.0,2.5629568e-10,2.3859756e-09,-26.897892,2.131677,0.710559,0.17600001,0.0,0.1506654,22.72033,22.74033,3644800
hardzero_plus_depr__c0p50__z1p00__lam0p020__nu0p50__psi0p75,hardzero_plus_depr,0.06,30,1139,0.0,2,0.14099602,0.14099602,1.0808076,0.0,0.08302184,0.0,0.0,2.35045e-09,-27.873066,2.377824,0.792608,0.14400001,0.0,0.16386312,22.74033,22.76033,3648000
hardzero_plus_depr__c0p50__z1p00__lam0p020__nu0p50__psi0p75,hardzero_plus_depr,0.06,30,1140,0.0,2,0.14099602,0.14099602,1.0475663,0.0,0.08962594,0.0,0.0,2.315458e-09,-27.348135,2.3046918,0.7682306,0.136,0.0,0.13105388,22.76033,22.78033,3651200
hardzero_plus_depr__c0p50__z1p00__lam0p020__nu0p50__psi0p75,hardzero_plus_depr,0.06,30,1141,0.0,2,0.14099602,0.14099602,0.9728439,0.10645256,0.10645256,1.0,2.4281688e-10,2.2809867e-09,-26.764744,2.1402993,0.71343315,0.192,0.0,0.15357313,22.78033,22.800331,3654400
hardzero_plus_depr__c0p50__z1p00__lam0p020__nu0p50__psi0p75,hardzero_plus_depr,0.06,30,1142,0.0,2,0.14099602,0.14099602,1.0391366,0.0,0.091382556,0.0,0.0,2.2470243e-09,-27.61678,2.2861464,0.76204884,0.120000005,0.0,0.15676887,22.800331,22.820332,3657600
hardzero_plus_depr__c0p50__z1p00__lam0p020__nu0p50__psi0p75,hardzero_plus_depr,0.06,30,1143,0.0,2,0.14099602,0.14099602,1.0058134,0.0,0.09867033,0.0,0.0,2.2135676e-09,-26.8326,2.2128336,0.73761123,0.192,0.0,0.15013234,22.820332,22.840332,3660800
hardzero_plus_depr__c0p50__z1p00__lam0p020__nu0p50__psi0p75,hardzero_plus_depr,0.06,30,1144,0.0,2,0.14099602,0.14099602,1.0732434,0.0,0.084480524,0.0,0.0,2.1806132e-09,-28.291113,2.3611827,0.7870609,0.099999994,0.0,0.1618778,22.840332,22.860332,3664000
hardzero_plus_depr__c0p50__z1p00__lam0p020__nu0p50__psi0p75,hardzero_plus_depr,0.06,30,1145,0.0,2,0.14099602,0.14099602,0.98094183,0.10448602,0.10448602,1.0,2.2445158e-10,2.1481494e-09,-26.245712,2.1581151,0.71937174,0.15200001,0.0,0.14011797,22.860332,22.880333,3667200
hardzero_plus_depr__c0p50__z1p00__lam0p020__nu0p50__psi0p75,hardzero_plus_depr,0.06,30,1146,0.0,2,0.14099602,0.14099602,0.9814669,0.10435977,0.10435977,1.0,2.2084247e-10,2.1161648e-09,-26.418503,2.1592703,0.7197568,0.15200001,0.0,0.14301062,22.880333,22.900333,3670400
hardzero_plus_depr__c0p50__z1p00__lam0p020__nu0p50__psi0p75,hardzero_plus_depr,0.06,30,1147,0.0,2,0.14099602,0.14099602,1.0241761,0.0,0.094585344,0.0,0.0,2.0846567e-09,-27.094954,2.2532325,0.75107753,0.14400001,0.0,0.14261788,22.900333,22.920334,3673600
hardzero_plus_depr__c0p50__z1p00__lam0p020__nu0p50__psi0p75,hardzero_plus_depr,0.06,30,1148,0.0,2,0.14099602,0.14099602,1.017797,0.0,0.09598491,0.0,0.0,2.0536215e-09,-26.532156,2.239198,0.74639934,0.112,0.0,0.15259062,22.920334,22.940334,3676800
hardzero_plus_depr__c0p50__z1p00__lam0p020__nu0p50__psi0p75,hardzero_plus_depr,0.06,30,1149,0.0,2,0.14099602,0.14099602,1.0510017,0.0,0.088919766,0.0,0.0,2.023048e-09,-27.14478,2.31225,0.77075,0.18400002,0.0,0.20408733,22.940334,22.960335,3680000
hardzero_plus_depr__c0p50__z1p00__lam0p020__nu0p50__psi0p75,hardzero_plus_depr,0.06,30,1150,0.0,2,0.14099602,0.14099602,1.0205841,0.0,0.0953709,0.0,0.0,1.992926e-09,-27.664194,2.2453299,0.7484433,0.120000005,0.0,0.16245711,22.960335,22.980335,3683200
hardzero_plus_depr__c0p50__z1p00__lam0p020__nu0p50__psi0p75,hardzero_plus_depr,0.06,30,1151,0.0,2,0.14099602,0.14099602,1.0543919,0.0,0.08822833,0.0,0.0,1.9632527e-09,-27.277498,2.3197083,0.77323616,0.128,0.0,0.1427537,22.980335,23.000336,3686400
hardzero_plus_depr__c0p50__z1p00__lam0p020__nu0p50__psi0p75,hardzero_plus_depr,0.06,30,1152,0.0,2,0.14099602,0.14099602,1.0488739,0.0,0.08935648,0.0,0.0,1.934025e-09,-28.15392,2.3075688,0.7691896,0.24000001,0.0,0.16984852,23.000336,23.020336,3689600
hardzero_plus_depr__c0p50__z1p00__lam0p020__nu0p50__psi0p75,hardzero_plus_depr,0.06,30,1153,0.0,2,0.14099602,0.14099602,1.0233393,0.0,0.09476777,0.0,0.0,1.9052322e-09,-27.717466,2.2513914,0.75046384,0.15200001,0.0,0.18137208,23.020336,23.040337,3692800
hardzero_plus_depr__c0p50__z1p00__lam0p020__nu0p50__psi0p75,hardzero_plus_depr,0.06,30,1154,0.0,2,0.14099602,0.14099602,0.9274925,0.118170075,0.118170075,1.0,2.2178924e-10,1.8768647e-09,-25.597767,2.0405242,0.68017477,0.18400002,0.0,0.13983977,23.040337,23.060337,3696000
hardzero_plus_depr__c0p50__z1p00__lam0p020__nu0p50__psi0p75,hardzero_plus_depr,0.06,30,1155,0.0,2,0.14099602,0.14099602,1.037525,0.0,0.09172231,0.0,0.0,1.8489192e-09,-26.40123,2.2826006,0.7608669,0.112,0.0,0.16133398,23.060337,23.080338,3699200
hardzero_plus_depr__c0p50__z1p00__lam0p020__nu0p50__psi0p75,hardzero_plus_depr,0.06,30,1156,0.0,2,0.14099602,0.14099602,1.0497757,0.0,0.089171134,0.0,0.0,1.8213936e-09,-27.107306,2.3095527,0.7698509,0.120000005,0.0,0.1771501,23.080338,23.100338,3702400
hardzero_plus_depr__c0p50__z1p00__lam0p020__nu0p50__psi0p75,hardzero_plus_depr,0.06,30,1157,0.0,2,0.14099602,0.14099602,1.0219213,0.0,0.09507771,0.0,0.0,1.7942777e-09,-27.286674,2.2482717,0.7494239,0.17,0.0,0.1542934,23.100338,23.120338,3705600
hardzero_plus_depr__c0p50__z1p00__lam0p020__nu0p50__psi0p75,hardzero_plus_depr,0.06,30,1158,0.0,2,0.14099602,0.14099602,1.0295141,0.0,0.093429916,0.0,0.0,1.7675622e-09,-27.27248,2.2649763,0.7549921,0.15200001,0.0,0.18108417,23.120338,23.140339,3708800
hardzero_plus_depr__c0p50__z1p00__lam0p020__nu0p50__psi0p75,hardzero_plus_depr,0.06,30,1159,0.0,2,0.14099602,0.14099602,1.0466411,0.0,0.08981706,0.0,0.0,1.7412443e-09,-28.049734,2.3026564,0.76755214,0.15200001,0.0,0.15361656,23.140339,23.16034,3712000
hardzero_plus_depr__c0p50__z1p00__lam0p020__nu0p50__psi0p75,hardzero_plus_depr,0.06,30,1160,0.0,2,0.14099602,0.14099602,1.0176009,0.0,0.09602827,0.0,0.0,1.7153216e-09,-26.692114,2.2387667,0.7462556,0.208,0.008,0.19204415,23.16034,23.18034,3715200
hardzero_plus_depr__c0p50__z1p00__lam0p020__nu0p50__psi0p75,hardzero_plus_depr,0.06,30,1161,0.0,2,0.14099602,0.14099602,0.98390096,0.10377649,0.10377649,1.0,1.7535993e-10,1.6897848e-09,-27.239073,2.1646254,0.7215418,0.112,0.0,0.17309818,23.18034,23.20034,3718400
hardzero_plus_depr__c0p50__z1p00__lam0p020__nu0p50__psi0p75,hardzero_plus_depr,0.06,30,1162,0.0,2,0.14099602,0.14099602,1.0229907,0.0,0.09484387,0.0,0.0,1.664625e-09,-27.002542,2.2506244,0.75020814,0.112,0.0,0.13482141,23.20034,23.22034,3721600
hardzero_plus_depr__c0p50__z1p00__lam0p020__nu0p50__psi0p75,hardzero_plus_depr,0.06,30,1163,0.0,2,0.14099602,0.14099602,0.98203605,0.10422308,0.10422308,1.0,1.7090916e-10,1.6398398e-09,-26.363312,2.1605225,0.7201742,0.17600001,0.0,0.13663875,23.22034,23.240341,3724800
hardzero_plus_depr__c0p50__z1p00__lam0p020__nu0p50__psi0p75,hardzero_plus_depr,0.06,30,1164,0.0,2,0.14099602,0.14099602,0.99742943,0.10059365,0.10059365,1.0,1.6250169e-10,1.6154269e-09,-26.74224,2.1943886,0.7314629,0.16800001,0.0,0.14953902,23.240341,23.260342,3728000
hardzero_plus_depr__c0p50__z1p00__lam0p020__nu0p50__psi0p75,hardzero_plus_depr,0.06,30,1165,0.0,2,0.14099602,0.14099602,1.0235323,0.0,0.09472567,0.0,0.0,1.5913773e-09,-27.402916,2.251816,0.75060534,0.136,0.0,0.15466827,23.260342,23.280342,3731200
hardzero_plus_depr__c0p50__z1p00__lam0p020__nu0p50__psi0p75,hardzero_plus_depr,0.06,30,1166,0.0,2,0.14099602,0.14099602,0.98598015,0.10328085,0.10328085,1.0,1.6191158e-10,1.5676825e-09,-26.496124,2.1691997,0.72306657,0.17600001,0.008,0.15163006,23.280342,23.300343,3734400
hardzero_plus_depr__c0p50__z1p00__lam0p020__nu0p50__psi0p75,hardzero_plus_depr,0.06,30,1167,0.0,2,0.14099602,0.14099602,1.0683585,0.0,0.08543611,0.0,0.0,1.5443409e-09,-27.844997,2.3504357,0.7834786,0.136,0.0,0.16923562,23.300343,23.320343,3737600
hardzero_plus_depr__c0p50__z1p00__lam0p020__nu0p50__psi0p75,hardzero_plus_depr,0.06,30,1168,0.0,2,0.14099602,0.14099602,1.041799,0.0,0.0908241,0.0,0.0,1.5213496e-09,-27.047606,2.2920034,0.76400113,0.224,0.0,0.16784666,23.320343,23.340343,3740800
hardzero_plus_depr__c0p50__z1p00__lam0p020__nu0p50__psi0p75,hardzero_plus_depr,0.06,30,1169,0.0,2,0.14099602,0.14099602,1.0208148,0.0,0.095320255,0.0,0.0,1.4987005e-09,-26.819584,2.2458375,0.7486125,0.14400001,0.0,0.14945224,23.340343,23.360344,3744000
hardzero_plus_depr__c0p50__z1p00__lam0p020__nu0p50__psi0p75,hardzero_plus_depr,0.06,30,1170,0.0,2,0.14099602,0.14099602,1.0342735,0.0,0.09241159,0.0,0.0,1.4763858e-09,-27.035131,2.2754471,0.7584824,0.099999994,0.0,0.15983872,23.360344,23.380344,3747200
hardzero_plus_depr__c0p50__z1p00__lam0p020__nu0p50__psi0p75,hardzero_plus_depr,0.06,30,1171,0.0,2,0.14099602,0.14099602,0.9582515,0.110090144,0.110090144,1.0,1.601155e-10,1.4544036e-09,-26.342464,2.1081953,0.7027318,0.136,0.0,0.14535245,23.380344,23.400345,3750400
hardzero_plus_depr__c0p50__z1p00__lam0p020__nu0p50__psi0p75,hardzero_plus_depr,0.06,30,1172,0.0,2,0.14099602,0.14099602,1.0719786,0.0,0.08472693,0.0,0.0,1.4327511e-09,-28.747408,2.3583999,0.7861333,0.136,0.0,0.16584894,23.400345,23.420345,3753600
hardzero_plus_depr__c0p50__z1p00__lam0p020__nu0p50__psi0p75,hardzero_plus_depr,0.06,30,1173,0.0,2,0.14099602,0.14099602,1.0155385,0.0,0.09648539,0.0,0.0,1.411421e-09,-27.32945,2.2342293,0.7447431,0.2,0.0,0.16603486,23.420345,23.440346,3756800
hardzero_plus_depr__c0p50__z1p00__lam0p020__nu0p50__psi0p75,hardzero_plus_depr,0.06,30,1174,0.0,2,0.14099602,0.14099602,1.0142813,0.0,0.096765086,0.0,0.0,1.390406e-09,-26.907759,2.2314634,0.74382114,0.16000001,0.0,0.1586659,23.440346,23.460346,3760000
hardzero_plus_depr__c0p50__z1p00__lam0p020__nu0p50__psi0p75,hardzero_plus_depr,0.06,30,1175,0.0,2,0.14099602,0.14099602,1.0430248,0.0,0.090568095,0.0,0.0,1.3697038e-09,-28.483799,2.2947004,0.76490015,0.15200001,0.0,0.18893082,23.460346,23.480347,3763200
hardzero_plus_depr__c0p50__z1p00__lam0p020__nu0p50__psi0p75,hardzero_plus_depr,0.06,30,1176,0.0,2,0.14099602,0.14099602,1.0262065,0.0,0.09414417,0.0,0.0,1.3493123e-09,-27.348337,2.2576993,0.75256646,0.112,0.0,0.16129202,23.480347,23.500347,3766400
hardzero_plus_depr__c0p50__z1p00__lam0p020__nu0p50__psi0p75,hardzero_plus_depr,0.06,30,1177,0.0,2,0.14099602,0.14099602,1.0682415,0.0,0.08545913,0.0,0.0,1.3292246e-09,-27.897799,2.3501782,0.7833928,0.112,0.0,0.20100144,23.500347,23.520348,3769600
hardzero_plus_depr__c0p50__z1p00__lam0p020__nu0p50__psi0p75,hardzero_plus_depr,0.06,30,1178,0.0,2,0.14099602,0.14099602,1.0536908,0.0,0.088370875,0.0,0.0,1.3094332e-09,-27.773739,2.318166,0.772722,0.112,0.0,0.17542775,23.520348,23.540348,3772800
hardzero_plus_depr__c0p50__z1p00__lam0p020__nu0p50__psi0p75,hardzero_plus_depr,0.06,30,1179,0.0,2,0.14099602,0.14099602,1.0369552,0.0,0.091842726,0.0,0.0,1.2899367e-09,-26.929653,2.281347,0.76044905,0.18400002,0.0,0.1675167,23.540348,23.560349,3776000
hardzero_plus_depr__c0p50__z1p00__lam0p020__nu0p50__psi0p75,hardzero_plus_depr,0.06,30,1180,0.0,2,0.14099602,0.14099602,1.0210636,0.0,0.09526568,0.0,0.0,1.2707327e-09,-26.962965,2.2463846,0.7487949,0.16000001,0.0,0.1649333,23.560349,23.580349,3779200
hardzero_plus_depr__c0p50__z1p00__lam0p020__nu0p50__psi0p75,hardzero_plus_depr,0.06,30,1181,0.0,2,0.14099602,0.14099602,1.0450985,0.0,0.09013666,0.0,0.0,1.2518149e-09,-28.22349,2.2992628,0.76642096,0.16000001,0.0,0.15478028,23.580349,23.60035,3782400
hardzero_plus_depr__c0p50__z1p00__lam0p020__nu0p50__psi0p75,hardzero_plus_depr,0.06,30,1182,0.0,2,0.14099602,0.14099602,1.0158974,0.0,0.09640567,0.0,0.0,1.2331761e-09,-27.21249,2.235019,0.7450063,0.16000001,0.0,0.14357263,23.60035,23.62035,3785600
hardzero_plus_depr__c0p50__z1p00__lam0p020__nu0p50__psi0p75,hardzero_plus_depr,0.06,30,1183,0.0,2,0.14099602,0.14099602,1.0597583,0.0,0.087144844,0.0,0.0,1.2148149e-09,-27.872421,2.3315148,0.7771716,0.14,0.0,0.1663412,23.62035,23.64035,3788800
hardzero_plus_depr__c0p50__z1p00__lam0p020__nu0p50__psi0p75,hardzero_plus_depr,0.06,30,1184,0.0,2,0.14099602,0.14099602,1.0039718,0.0,0.099089615,0.0,0.0,1.1967294e-09,-27.263172,2.2087822,0.7362608,0.16000001,0.0,0.1550217,23.64035,23.66035,3792000
hardzero_plus_depr__c0p50__z1p00__lam0p020__nu0p50__psi0p75,hardzero_plus_depr,0.06,30,1185,0.0,2,0.14099602,0.14099602,1.0671204,0.0,0.08568001,0.0,0.0,1.1789132e-09,-28.11513,2.3477118,0.7825706,0.136,0.0,0.16654767,23.66035,23.680351,3795200
hardzero_plus_depr__c0p50__z1p00__lam0p020__nu0p50__psi0p75,hardzero_plus_depr,0.06,30,1186,0.0,2,0.14099602,0.14099602,0.9985512,0.10033415,0.10033415,1.0,1.1652405e-10,1.1613598e-09,-27.785503,2.1968565,0.7322855,0.192,0.008,0.16930354,23.680351,23.700352,3798400
hardzero_plus_depr__c0p50__z1p00__lam0p020__nu0p50__psi0p75,hardzero_plus_depr,0.06,30,1187,0.0,2,0.14099602,0.14099602,1.0215229,0.0,0.09516498,0.0,0.0,1.1440681e-09,-26.806044,2.2473953,0.7491318,0.15200001,0.0,0.16504882,23.700352,23.720352,3801600
hardzero_plus_depr__c0p50__z1p00__lam0p020__nu0p50__psi0p75,hardzero_plus_depr,0.06,30,1188,0.0,2,0.14099602,0.14099602,0.99042207,0.102229886,0.102229886,1.0,1.1521674e-10,1.1270358e-09,-26.799221,2.178972,0.726324,0.224,0.0,0.16484828,23.720352,23.740353,3804800
hardzero_plus_depr__c0p50__z1p00__lam0p020__nu0p50__psi0p75,hardzero_plus_depr,0.06,30,1189,0.0,2,0.14099602,0.14099602,1.0736325,0.0,0.08440488,0.0,0.0,1.1102571e-09,-28.596806,2.3620386,0.78734624,0.128,0.0,0.16946687,23.740353,23.760353,3808000
hardzero_plus_depr__c0p50__z1p00__lam0p020__nu0p50__psi0p75,hardzero_plus_depr,0.06,30,1190,0.0,2,0.14099602,0.14099602,0.97393787,0.106184736,0.106184736,1.0,1.1613701e-10,1.093726e-09,-26.19529,2.1427062,0.7142354,0.23200001,0.0,0.13703267,23.760353,23.780354,3811200
hardzero_plus_depr__c0p50__z1p00__lam0p020__nu0p50__psi0p75,hardzero_plus_depr,0.06,30,1191,0.0,2,0.14099602,0.14099602,1.0166665,0.0,0.09623509,0.0,0.0,1.0774412e-09,-26.21577,2.236711,0.74557036,0.2,0.0,0.14485642,23.780354,23.800354,3814400
hardzero_plus_depr__c0p50__z1p00__lam0p020__nu0p50__psi0p75,hardzero_plus_depr,0.06,30,1192,0.0,2,0.14099602,0.14099602,1.0644372,0.0,0.08621103,0.0,0.0,1.0614009e-09,-29.26742,2.3418086,0.7806029,0.128,0.0,0.14432539,23.800354,23.820354,3817600
hardzero_plus_depr__c0p50__z1p00__lam0p020__nu0p50__psi0p75,hardzero_plus_depr,0.06,30,1193,0.0,2,0.14099602,0.14099602,0.98284245,0.10402974,0.10402974,1.0,1.0877341e-10,1.0455992e-09,-26.050825,2.1622965,0.72076553,0.17600001,0.0,0.16244507,23.820354,23.840355,3820800
hardzero_plus_depr__c0p50__z1p00__lam0p020__nu0p50__psi0p75,hardzero_plus_depr,0.06,30,1194,0.0,2,0.14099602,0.14099602,1.0541694,0.0,0.08827355,0.0,0.0,1.0300311e-09,-27.256922,2.319219,0.7730731,0.128,0.0,0.13464643,23.840355,23.860355,3824000
hardzero_plus_depr__c0p50__z1p00__lam0p020__nu0p50__psi0p75,hardzero_plus_depr,0.06,30,1195,0.0,2,0.14099602,0.14099602,0.9500006,0.11220168,0.11220168,1.0,1.13850436e-10,1.0146946e-09,-25.744568,2.090043,0.696681,0.16800001,0.0,0.13058369,23.860355,23.880356,3827200
hardzero_plus_depr__c0p50__z1p00__lam0p020__nu0p50__psi0p75,hardzero_plus_depr,0.06,30,1196,0.0,2,0.14099602,0.14099602,1.0860516,0.0,0.08202541,0.0,0.0,9.995882e-10,-27.927378,2.3893611,0.7964537,0.11,0.0,0.15816921,23.880356,23.900356,3830400
hardzero_plus_depr__c0p50__z1p00__lam0p020__nu0p50__psi0p75,hardzero_plus_depr,0.06,30,1197,0.0,2,0.14099602,0.14099602,1.024292,0.0,0.09456011,0.0,0.0,9.84707e-10,-26.644312,2.2534873,0.75116247,0.16000001,0.0,0.16411798,23.900356,23.920357,3833600
hardzero_plus_depr__c0p50__z1p00__lam0p020__nu0p50__psi0p75,hardzero_plus_depr,0.06,30,1198,0.0,2,0.14099602,0.14099602,1.0478113,0.0,0.089575395,0.0,0.0,9.700454e-10,-27.642223,2.3052309,0.7684103,0.120000005,0.0,0.15605964,23.920357,23.940357,3836800
hardzero_plus_depr__c0p50__z1p00__lam0p020__nu0p50__psi0p75,hardzero_plus_depr,0.06,30,1199,0.0,2,0.14099602,0.14099602,0.96653646,0.10800989,0.10800989,1.0,1.0321446e-10,9.556019e-10,-26.115507,2.1264226,0.7088076,0.15200001,0.0,0.15630728,23.940357,23.960358,3840000
hardzero_plus_depr__c0p50__z1p00__lam0p020__nu0p50__psi0p75,hardzero_plus_depr,0.06,30,1200,0.0,2,0.14099602,0.14099602,1.0008956,0.0,0.09979398,0.0,0.0,9.413755e-10,-27.071404,2.2020142,0.73400474,0.224,0.0,0.15999591,23.960358,23.980358,3843200
hardzero_plus_depr__c0p50__z1p00__lam0p020__nu0p50__psi0p75,hardzero_plus_depr,0.06,30,1201,0.0,2,0.14099602,0.14099602,0.99248844,0.101744644,0.101744644,1.0,9.4354004e-11,9.273609e-10,-27.028513,2.1835182,0.7278394,0.192,0.0,0.15725924,23.980358,24.000359,3846400
hardzero_plus_depr__c0p50__z1p00__lam0p020__nu0p50__psi0p75,hardzero_plus_depr,0.06,30,1202,0.0,2,0.14099602,0.14099602,1.0714315,0.0,0.08483371,0.0,0.0,9.1355307e-10,-27.981735,2.3571963,0.78573215,0.096,0.0,0.16969255,24.000359,24.020359,3849600
hardzero_plus_depr__c0p50__z1p00__lam0p020__nu0p50__psi0p75,hardzero_plus_depr,0.06,30,1203,0.0,2,0.14099602,0.14099602,0.99245894,0.101751566,0.101751566,1.0,9.157141e-11,8.9995084e-10,-27.010092,2.1834533,0.7278178,0.15200001,0.0,0.14941193,24.020359,24.04036,3852800
hardzero_plus_depr__c0p50__z1p00__lam0p020__nu0p50__psi0p75,hardzero_plus_depr,0.06,30,1204,0.0,2,0.14099602,0.14099602,1.0207145,0.0,0.095342256,0.0,0.0,8.865529e-10,-26.296774,2.245617,0.748539,0.136,0.0,0.14863913,24.04036,24.06036,3856000
hardzero_plus_depr__c0p50__z1p00__lam0p020__nu0p50__psi0p75,hardzero_plus_depr,0.06,30,1205,0.0,2,0.14099602,0.14099602,1.0471244,0.0,0.08971718,0.0,0.0,8.7335433e-10,-27.44963,2.3037198,0.7679066,0.112,0.0,0.15601932,24.06036,24.08036,3859200
hardzero_plus_depr__c0p50__z1p00__lam0p020__nu0p50__psi0p75,hardzero_plus_depr,0.06,30,1206,0.0,2,0.14099602,0.14099602,0.9959342,0.100940585,0.100940585,1.0,8.6844296e-11,8.603506e-10,-27.432676,2.191099,0.73036635,0.14400001,0.0,0.15716822,24.08036,24.10036,3862400
hardzero_plus_depr__c0p50__z1p00__lam0p020__nu0p50__psi0p75,hardzero_plus_depr,0.06,30,1207,0.0,2,0.14099602,0.14099602,1.0149626,0.0,0.09661342,0.0,0.0,8.475406e-10,-27.058481,2.2329621,0.74432075,0.16800001,0.0,0.14668307,24.10036,24.120361,3865600
hardzero_plus_depr__c0p50__z1p00__lam0p020__nu0p50__psi0p75,hardzero_plus_depr,0.06,30,1208,0.0,2,0.14099602,0.14099602,1.0133216,0.0,0.09697914,0.0,0.0,8.349229e-10,-27.207964,2.229352,0.74311733,0.17600001,0.0,0.15846589,24.120361,24.140362,3868800
hardzero_plus_depr__c0p50__z1p00__lam0p020__nu0p50__psi0p75,hardzero_plus_depr,0.06,30,1209,0.0,2,0.14099602,0.14099602,1.0280277,0.0,0.09375022,0.0,0.0,8.2249296e-10,-26.9694,2.261706,0.7539021,0.12,0.0,0.12171421,24.140362,24.160362,3872000
hardzero_plus_depr__c0p50__z1p00__lam0p020__nu0p50__psi0p75,hardzero_plus_depr,0.06,30,1210,0.0,2,0.14099602,0.14099602,0.9329707,0.11668884,0.11668884,1.0,9.454674e-11,8.1024665e-10,-26.008717,2.0525765,0.6841922,0.256,0.0,0.15930985,24.160362,24.180363,3875200
hardzero_plus_depr__c0p50__z1p00__lam0p020__nu0p50__psi0p75,hardzero_plus_depr,0.06,30,1211,0.0,2,0.14099602,0.14099602,1.0124171,0.0,0.09718135,0.0,0.0,7.9818263e-10,-26.05633,2.227362,0.742454,0.08800001,0.0,0.15251912,24.180363,24.200363,3878400
hardzero_plus_depr__c0p50__z1p00__lam0p020__nu0p50__psi0p75,hardzero_plus_depr,0.06,30,1212,0.0,2,0.14099602,0.14099602,1.027178,0.0,0.0939338,0.0,0.0,7.862997e-10,-27.803745,2.259837,0.753279,0.14400001,0.0,0.16463116,24.200363,24.220364,3881600
hardzero_plus_depr__c0p50__z1p00__lam0p020__nu0p50__psi0p75,hardzero_plus_depr,0.06,30,1213,0.0,2,0.14099602,0.14099602,1.002198,0.0,0.099495165,0.0,0.0,7.745937e-10,-26.50338,2.2048795,0.73495984,0.136,0.0,0.16955842,24.220364,24.240364,3884800
hardzero_plus_depr__c0p50__z1p00__lam0p020__nu0p50__psi0p75,hardzero_plus_depr,0.06,30,1214,0.0,2,0.14099602,0.14099602,1.0648165,0.0,0.08613576,0.0,0.0,7.630605e-10,-27.033705,2.342643,0.78088105,0.104,0.0,0.1637664,24.240364,24.260365,3888000
hardzero_plus_depr__c0p50__z1p00__lam0p020__nu0p50__psi0p75,hardzero_plus_depr,0.06,30,1215,0.0,2,0.14099602,0.14099602,1.0202684,0.0,0.09544025,0.0,0.0,7.51699e-10,-28.005407,2.2446353,0.7482118,0.112,0.0,0.16946797,24.260365,24.280365,3891200
hardzero_plus_depr__c0p50__z1p00__lam0p020__nu0p50__psi0p75,hardzero_plus_depr,0.06,30,1216,0.0,2,0.14099602,0.14099602,1.0492396,0.0,0.08928127,0.0,0.0,7.405081e-10,-28.126257,2.3083732,0.76945776,0.18400002,0.0,0.1797484,24.280365,24.300365,3894400
hardzero_plus_depr__c0p50__z1p00__lam0p020__nu0p50__psi0p75,hardzero_plus_depr,0.06,30,1217,0.0,2,0.14099602,0.14099602,1.0403464,0.0,0.09112837,0.0,0.0,7.2948386e-10,-27.330938,2.2888076,0.7629359,0.2,0.0,0.16798624,24.300365,24.320366,3897600
hardzero_plus_depr__c0p50__z1p00__lam0p020__nu0p50__psi0p75,hardzero_plus_depr,0.06,30,1218,0.0,2,0.14099602,0.14099602,0.9762116,0.10563026,0.10563026,1.0,7.590827e-11,7.186224e-10,-26.343904,2.1477084,0.7159028,0.104,0.0,0.14219163,24.320366,24.340366,3900800
hardzero_plus_depr__c0p50__z1p00__lam0p020__nu0p50__psi0p75,hardzero_plus_depr,0.06,30,1219,0.0,2,0.14099602,0.14099602,1.0637075,0.0,0.08635601,0.0,0.0,7.079225e-10,-28.49595,2.3402033,0.7800678,0.16800001,0.0,0.172558,24.340366,24.360367,3904000
hardzero_plus_depr__c0p50__z1p00__lam0p020__nu0p50__psi0p75,hardzero_plus_depr,0.06,30,1220,0.0,2,0.14099602,0.14099602,1.006881,0.0,0.09842807,0.0,0.0,6.973833e-10,-26.999846,2.2151823,0.73839414,0.072000004,0.0,0.1696198,24.360367,24.380367,3907200
hardzero_plus_depr__c0p50__z1p00__lam0p020__nu0p50__psi0p75,hardzero_plus_depr,0.06,30,1221,0.0,2,0.14099602,0.14099602,0.96379834,0.10869301,0.10869301,1.0,7.467222e-11,6.870011e-10,-25.68438,2.1203988,0.7067996,0.2,0.0,0.12384163,24.380367,24.400368,3910400
hardzero_plus_depr__c0p50__z1p00__lam0p020__nu0p50__psi0p75,hardzero_plus_depr,0.06,30,1222,0.0,2,0.14099602,0.14099602,0.99792874,0.10047807,0.10047807,1.0,6.800075e-11,6.767721e-10,-27.035906,2.195487,0.73182905,0.12,0.0,0.1878877,24.400368,24.420368,3913600
hardzero_plus_depr__c0p50__z1p00__lam0p020__nu0p50__psi0p75,hardzero_plus_depr,0.06,30,1223,0.0,2,0.14099602,0.14099602,1.0843526,0.0,0.082346916,0.0,0.0,6.6669537e-10,-28.628088,2.3856235,0.79520786,0.136,0.0,0.16258243,24.420368,24.440369,3916800
hardzero_plus_depr__c0p50__z1p00__lam0p020__nu0p50__psi0p75,hardzero_plus_depr,0.06,30,1224,0.0,2,0.14099602,0.14099602,0.9822068,0.10418212,0.10418212,1.0,6.842369e-11,6.5677e-10,-26.872156,2.1608982,0.7202994,0.2,0.0,0.14246652,24.440369,24.46037,3920000
hardzero_plus_depr__c0p50__z1p00__lam0p020__nu0p50__psi0p75,hardzero_plus_depr,0.06,30,1225,0.0,2,0.14099602,0.14099602,1.0169253,0.0,0.09617775,0.0,0.0,6.4699235e-10,-27.298775,2.2372804,0.74576014,0.136,0.0,0.15838636,24.46037,24.48037,3923200
hardzero_plus_depr__c0p50__z1p00__lam0p020__nu0p50__psi0p75,hardzero_plus_depr,0.06,30,1226,0.0,2,0.14099602,0.14099602,0.9929579,0.101634726,0.101634726,1.0,6.4777815e-11,6.373591e-10,-26.619606,2.184551,0.7281837,0.14400001,0.0,0.15410733,24.48037,24.50037,3926400
hardzero_plus_depr__c0p50__z1p00__lam0p020__nu0p50__psi0p75,hardzero_plus_depr,0.06,30,1227,0.0,2,0.14099602,0.14099602,1.0258178,0.0,0.0942285,0.0,0.0,6.278692e-10,-27.839735,2.256844,0.75228137,0.17600001,0.0,0.16812597,24.50037,24.52037,3929600
hardzero_plus_depr__c0p50__z1p00__lam0p020__nu0p50__psi0p75,hardzero_plus_depr,0.06,30,1228,0.0,2,0.14099602,0.14099602,0.9861911,0.10323071,0.10323071,1.0,6.3850446e-11,6.1852184e-10,-27.427801,2.1696637,0.72322124,0.23200001,0.008,0.15653567,24.52037,24.54037,3932800
hardzero_plus_depr__c0p50__z1p00__lam0p020__nu0p50__psi0p75,hardzero_plus_depr,0.06,30,1229,0.0,2,0.14099602,0.14099602,1.0130594,0.0,0.09703773,0.0,0.0,6.0931366e-10,-26.919954,2.228775,0.74292505,0.136,0.0,0.1473173,24.54037,24.560371,3936000
hardzero_plus_depr__c0p50__z1p00__lam0p020__nu0p50__psi0p75,hardzero_plus_depr,0.06,30,1230,0.0,2,0.14099602,0.14099602,1.0191592,0.0,0.09568431,0.0,0.0,6.0024136e-10,-27.566029,2.242195,0.7473983,0.128,0.0,0.15111904,24.560371,24.580372,3939200
hardzero_plus_depr__c0p50__z1p00__lam0p020__nu0p50__psi0p75,hardzero_plus_depr,0.06,30,1231,0.0,2,0.14099602,0.14099602,1.0217438,0.0,0.09511657,0.0,0.0,5.913042e-10,-26.755886,2.2478812,0.74929374,0.14400001,0.0,0.15151727,24.580372,24.600372,3942400
hardzero_plus_depr__c0p50__z1p00__lam0p020__nu0p50__psi0p75,hardzero_plus_depr,0.06,30,1232,0.0,2,0.14099602,0.14099602,0.9899585,0.10233907,0.10233907,1.0,5.961262e-11,5.825011e-10,-27.059961,2.1779523,0.7259841,0.120000005,0.0,0.15712632,24.600372,24.620373,3945600
hardzero_plus_depr__c0p50__z1p00__lam0p020__nu0p50__psi0p75,hardzero_plus_depr,0.06,30,1233,0.0,2,0.14099602,0.14099602,1.0145977,0.0,0.09669463,0.0,0.0,5.738292e-10,-26.696507,2.2321594,0.7440531,0.128,0.0,0.14585784,24.620373,24.640373,3948800
hardzero_plus_depr__c0p50__z1p00__lam0p020__nu0p50__psi0p75,hardzero_plus_depr,0.06,30,1234,0.0,2,0.14099602,0.14099602,1.0330427,0.0,0.09267387,0.0,0.0,5.6528526e-10,-27.384485,2.2727392,0.75757974,0.17600001,0.0,0.17042412,24.640373,24.660374,3952000
hardzero_plus_depr__c0p50__z1p00__lam0p020__nu0p50__psi0p75,hardzero_plus_depr,0.06,30,1235,0.0,2,0.14099602,0.14099602,1.008004,0.0,0.0981739,0.0,0.0,5.568685e-10,-27.007057,2.217653,0.7392177,0.17,0.0,0.16589823,24.660374,24.680374,3955200
hardzero_plus_depr__c0p50__z1p00__lam0p020__nu0p50__psi0p75,hardzero_plus_depr,0.06,30,1236,0.0,2,0.14099602,0.14099602,1.0233865,0.0,0.094757475,0.0,0.0,5.485782e-10,-27.220707,2.2514951,0.7504984,0.14400001,0.0,0.17846401,24.680374,24.700375,3958400
hardzero_plus_depr__c0p50__z1p00__lam0p020__nu0p50__psi0p75,hardzero_plus_depr,0.06,30,1237,0.0,2,0.14099602,0.14099602,1.0091807,0.0,0.097908266,0.0,0.0,5.4041116e-10,-27.713612,2.2202418,0.7400806,0.16000001,0.0,0.17039005,24.700375,24.720375,3961600
hardzero_plus_depr__c0p50__z1p00__lam0p020__nu0p50__psi0p75,hardzero_plus_depr,0.06,30,1238,0.0,2,0.14099602,0.14099602,1.0698267,0.0,0.085147776,0.0,0.0,5.323649e-10,-27.625977,2.3536658,0.7845553,0.104,0.0,0.20084311,24.720375,24.740376,3964800
hardzero_plus_depr__c0p50__z1p00__lam0p020__nu0p50__psi0p75,hardzero_plus_depr,0.06,30,1239,0.0,2,0.14099602,0.14099602,1.0292374,0.0,0.09348945,0.0,0.0,5.2443827e-10,-27.392736,2.2643676,0.75478923,0.18400002,0.0,0.17720306,24.740376,24.760376,3968000
hardzero_plus_depr__c0p50__z1p00__lam0p020__nu0p50__psi0p75,hardzero_plus_depr,0.06,30,1240,0.0,2,0.14099602,0.14099602,0.99603593,0.10091694,0.10091694,1.0,5.213679e-11,5.1663074e-10,-27.110039,2.1913228,0.730441,0.15200001,0.0,0.1654356,24.760376,24.780376,3971200
hardzero_plus_depr__c0p50__z1p00__lam0p020__nu0p50__psi0p75,hardzero_plus_depr,0.06,30,1241,0.0,2,0.14099602,0.14099602,1.0234855,0.0,0.094735876,0.0,0.0,5.0893945e-10,-27.482037,2.251713,0.750571,0.18400002,0.0,0.16350237,24.780376,24.800377,3974400
hardzero_plus_depr__c0p50__z1p00__lam0p020__nu0p50__psi0p75,hardzero_plus_depr,0.06,30,1242,0.0,2,0.14099602,0.14099602,1.0678405,0.0,0.085538074,0.0,0.0,5.013617e-10,-28.509125,2.3492959,0.78309864,0.192,0.0,0.1830929,24.800377,24.820377,3977600
hardzero_plus_depr__c0p50__z1p00__lam0p020__nu0p50__psi0p75,hardzero_plus_depr,0.06,30,1243,0.0,2,0.14099602,0.14099602,1.0385947,0.0,0.09149666,0.0,0.0,4.938967e-10,-27.70756,2.284954,0.7616514,0.16000001,0.0,0.19052063,24.820377,24.840378,3980800
hardzero_plus_depr__c0p50__z1p00__lam0p020__nu0p50__psi0p75,hardzero_plus_depr,0.06,30,1244,0.0,2,0.14099602,0.14099602,1.0048895,0.0,0.09888048,0.0,0.0,4.865438e-10,-27.604494,2.2108011,0.7369337,0.104,0.0,0.16091225,24.840378,24.860378,3984000
hardzero_plus_depr__c0p50__z1p00__lam0p020__nu0p50__psi0p75,hardzero_plus_depr,0.06,30,1245,0.0,2,0.14099602,0.14099602,1.0350429,0.0,0.09224804,0.0,0.0,4.7930043e-10,-28.14413,2.27714,0.7590467,0.216,0.0,0.16553155,24.860378,24.880379,3987200
hardzero_plus_depr__c0p50__z1p00__lam0p020__nu0p50__psi0p75,hardzero_plus_depr,0.06,30,1246,0.0,2,0.14099602,0.14099602,1.1257064,0.0,0.07486755,0.0,0.0,4.72164e-10,-28.836306,2.4766035,0.8255345,0.136,0.0,0.1832799,24.880379,24.90038,3990400
hardzero_plus_depr__c0p50__z1p00__lam0p020__nu0p50__psi0p75,hardzero_plus_depr,0.06,30,1247,0.0,2,0.14099602,0.14099602,0.9775183,0.10531291,0.10531291,1.0,4.8984594e-11,4.651338e-10,-26.667665,2.1505833,0.7168611,0.15200001,0.0,0.13877526,24.90038,24.92038,3993600
hardzero_plus_depr__c0p50__z1p00__lam0p020__nu0p50__psi0p75,hardzero_plus_depr,0.06,30,1248,0.0,2,0.14099602,0.14099602,1.0442001,0.0,0.09032332,0.0,0.0,4.5820914e-10,-28.671333,2.297286,0.76576203,0.12,0.0,0.15935102,24.92038,24.94038,3996800
hardzero_plus_depr__c0p50__z1p00__lam0p020__nu0p50__psi0p75,hardzero_plus_depr,0.06,30,1249,0.0,2,0.14099602,0.14099602,1.0381916,0.0,0.09158165,0.0,0.0,4.5138757e-10,-27.305449,2.284067,0.76135564,0.16000001,0.0,0.18776682,24.94038,24.96038,4000000
hardzero_plus_depr__c0p50__z1p00__lam0p020__nu0p50__psi0p75,hardzero_plus_depr,0.06,31,0,1.0,1,1.0,0.5,1.0543426,0.0,0.08823835,0.0,0.0,0.06,-28.133818,2.3196,0.77320004,0.22,0.0,0.13735205,0.0,0.0,3200
hardzero_plus_depr__c0p50__z1p00__lam0p020__nu0p50__psi0p75,hardzero_plus_depr,0.06,31,1,1.0,2,0.5,0.006344369,0.9757627,0.10573949,0.10573949,1.0,0.006344369,0.06,-25.809076,2.146721,0.71557367,0.16800001,0.0,0.13332689,0.0,0.0,6400
hardzero_plus_depr__c0p50__z1p00__lam0p020__nu0p50__psi0p75,hardzero_plus_depr,0.06,31,2,0.0,2,0.006344369,0.006344369,1.0287665,0.0,0.093590856,0.0,0.0,0.06,-27.418348,2.2633317,0.7544439,0.16000001,0.0,0.13924105,0.0,0.02,9600
hardzero_plus_depr__c0p50__z1p00__lam0p020__nu0p50__psi0p75,hardzero_plus_depr,0.06,31,3,0.0,2,0.006344369,0.006344369,1.0567282,0.0,0.08775497,0.0,0.0,0.059106715,-27.865595,2.3248487,0.77494955,0.080000006,0.0,0.1622049,0.02,0.04,12800
hardzero_plus_depr__c0p50__z1p00__lam0p020__nu0p50__psi0p75,hardzero_plus_depr,0.06,31,4,0.0,2,0.006344369,0.006344369,1.0372632,0.0,0.09177763,0.0,0.0,0.058226734,-27.88615,2.2820244,0.76067483,0.128,0.0,0.16040678,0.04,0.06,16000
hardzero_plus_depr__c0p50__z1p00__lam0p020__nu0p50__psi0p75,hardzero_plus_depr,0.06,31,5,0.0,2,0.006344369,0.006344369,1.0147665,0.0,0.09665704,0.0,0.0,0.057359852,-27.259226,2.2325308,0.744177,0.18400002,0.0,0.14910515,0.06,0.08,19200
hardzero_plus_depr__c0p50__z1p00__lam0p020__nu0p50__psi0p75,hardzero_plus_depr,0.06,31,6,0.0,2,0.006344369,0.01201498,0.99846375,0.100354366,0.100354366,1.0,0.0056706113,0.056505874,-26.882446,2.196664,0.73222136,0.17600001,0.0,0.14274502,0.08,0.099999994,22400
hardzero_plus_depr__c0p50__z1p00__lam0p020__nu0p50__psi0p75,hardzero_plus_depr,0.06,31,7,0.0,2,0.01201498,0.01201498,1.0548644,0.0,0.0881324,0.0,0.0,0.055664614,-27.150614,2.320748,0.7735827,0.120000005,0.0,0.16583337,0.099999994,0.11999999,25600
hardzero_plus_depr__c0p50__z1p00__lam0p020__nu0p50__psi0p75,hardzero_plus_depr,0.06,31,8,0.0,2,0.01201498,0.01201498,1.0244746,0.0,0.094520345,0.0,0.0,0.054835875,-27.691532,2.253889,0.7512964,0.14400001,0.0,0.18104513,0.11999999,0.13999999,28800
hardzero_plus_depr__c0p50__z1p00__lam0p020__nu0p50__psi0p75,hardzero_plus_depr,0.06,31,9,0.0,2,0.01201498,0.01792694,0.9608188,0.10944129,0.10944129,1.0,0.0059119607,0.054019473,-26.04252,2.1138437,0.7046146,0.208,0.0,0.14449072,0.13999999,0.15999998,32000
hardzero_plus_depr__c0p50__z1p00__lam0p020__nu0p50__psi0p75,hardzero_plus_depr,0.06,31,10,0.0,2,0.01792694,0.01792694,1.0319643,0.0,0.09290427,0.0,0.0,0.053215224,-28.387926,2.2703667,0.7567889,0.18400002,0.0,0.16004577,0.15999998,0.17999998,35200
hardzero_plus_depr__c0p50__z1p00__lam0p020__nu0p50__psi0p75,hardzero_plus_depr,0.06,31,11,0.0,2,0.01792694,0.01792694,1.0182122,0.0,0.09589319,0.0,0.0,0.052422956,-26.770313,2.2401116,0.74670386,0.136,0.0,0.12059929,0.17999998,0.19999997,38400
hardzero_plus_depr__c0p50__z1p00__lam0p020__nu0p50__psi0p75,hardzero_plus_depr,0.06,31,12,0.0,2,0.01792694,0.01792694,1.0437624,0.0,0.0904144,0.0,0.0,0.051642478,-27.40375,2.2963233,0.7654411,0.14400001,0.0,0.14740478,0.19999997,0.21999997,41600
hardzero_plus_depr__c0p50__z1p00__lam0p020__nu0p50__psi0p75,hardzero_plus_depr,0.06,31,13,0.0,2,0.01792694,0.01792694,1.0194255,0.0,0.095625654,0.0,0.0,0.050873626,-27.863289,2.242781,0.74759364,0.12,0.0,0.16303581,0.21999997,0.23999996,44800
hardzero_plus_depr__c0p50__z1p00__lam0p020__nu0p50__psi0p75,hardzero_plus_depr,0.06,31,14,0.0,2,0.01792694,0.01792694,1.0190927,0.0,0.09569898,0.0,0.0,0.05011621,-27.682657,2.2420487,0.7473496,0.192,0.0,0.13542959,0.23999996,0.25999996,48000
hardzero_plus_depr__c0p50__z1p00__lam0p020__nu0p50__psi0p75,hardzero_plus_depr,0.06,31,15,0.0,2,0.01792694,0.01792694,1.0604309,0.0,0.08700998,0.0,0.0,0.049370084,-28.089787,2.3329945,0.77766484,0.128,0.0,0.14105543,0.25999996,0.27999997,51200
hardzero_plus_depr__c0p50__z1p00__lam0p020__nu0p50__psi0p75,hardzero_plus_depr,0.06,31,16,0.0,2,0.01792694,0.01792694,1.0283401,0.0,0.09368282,0.0,0.0,0.048635054,-28.409437,2.2623935,0.7541312,0.128,0.0,0.16124204,0.27999997,0.29999998,54400
hardzero_plus_depr__c0p50__z1p00__lam0p020__nu0p50__psi0p75,hardzero_plus_depr,0.06,31,17,0.0,2,0.01792694,0.01792694,1.0425718,0.0,0.09066261,0.0,0.0,0.047910973,-27.342972,2.2937038,0.764568,0.128,0.0,0.13999338,0.29999998,0.32,57600
hardzero_plus_depr__c0p50__z1p00__lam0p020__nu0p50__psi0p75,hardzero_plus_depr,0.06,31,18,0.0,2,0.01792694,0.01792694,1.0386194,0.0,0.09149147,0.0,0.0,0.047197673,-28.028997,2.2850084,0.7616695,0.17600001,0.0,0.14804436,0.32,0.34,60800
hardzero_plus_depr__c0p50__z1p00__lam0p020__nu0p50__psi0p75,hardzero_plus_depr,0.06,31,19,0.0,2,0.01792694,0.022958327,0.9657184,0.10821354,0.10821354,1.0,0.0050313873,0.04649499,-25.866669,2.1246228,0.7082076,0.192,0.0,0.13241717,0.34,0.36,64000
hardzero_plus_depr__c0p50__z1p00__lam0p020__nu0p50__psi0p75,hardzero_plus_depr,0.06,31,20,0.0,2,0.022958327,0.027974173,0.9605475,0.10950968,0.10950968,1.0,0.0050158463,0.04580277,-26.427877,2.1132467,0.70441556,0.23200001,0.0,0.13182215,0.36,0.38000003,67200
hardzero_plus_depr__c0p50__z1p00__lam0p020__nu0p50__psi0p75,hardzero_plus_depr,0.06,31,21,0.0,2,0.027974173,0.027974173,1.0482264,0.0,0.08948981,0.0,0.0,0.045120854,-27.076796,2.306144,0.76871467,0.17600001,0.0,0.13501339,0.38000003,0.40000004,70400
hardzero_plus_depr__c0p50__z1p00__lam0p020__nu0p50__psi0p75,hardzero_plus_depr,0.06,31,22,0.0,2,0.027974173,0.032520633,0.9901894,0.10228468,0.10228468,1.0,0.0045464607,0.04444909,-26.360188,2.1784601,0.7261534,0.128,0.0,0.13093807,0.40000004,0.42000005,73600
hardzero_plus_depr__c0p50__z1p00__lam0p020__nu0p50__psi0p75,hardzero_plus_depr,0.06,31,23,0.0,2,0.032520633,0.037774682,0.9208544,0.11999015,0.11999015,1.0,0.0052540484,0.04378733,-26.120567,2.0259202,0.67530674,0.18400002,0.0,0.14000033,0.42000005,0.44000006,76800
hardzero_plus_depr__c0p50__z1p00__lam0p020__nu0p50__psi0p75,hardzero_plus_depr,0.06,31,24,0.0,2,0.037774682,0.037774682,1.0287918,0.0,0.09358542,0.0,0.0,0.043135423,-26.878378,2.2633872,0.7544624,0.2,0.0,0.15061747,0.44000006,0.46000007,80000
hardzero_plus_depr__c0p50__z1p00__lam0p020__nu0p50__psi0p75,hardzero_plus_depr,0.06,31,25,0.0,2,0.037774682,0.037774682,1.0316447,0.0,0.09297267,0.0,0.0,0.042493217,-26.887766,2.2696636,0.75655454,0.16000001,0.0,0.16394669,0.46000007,0.48000008,83200
hardzero_plus_depr__c0p50__z1p00__lam0p020__nu0p50__psi0p75,hardzero_plus_depr,0.06,31,26,0.0,2,0.037774682,0.042149033,0.98089135,0.10449815,0.10449815,1.0,0.0043743527,0.041860577,-27.572058,2.158004,0.7193347,0.13,0.0,0.19284081,0.48000008,0.50000006,86400
hardzero_plus_depr__c0p50__z1p00__lam0p020__nu0p50__psi0p75,hardzero_plus_depr,0.06,31,27,0.0,2,0.042149033,0.042149033,1.0080475,0.0,0.09816407,0.0,0.0,0.041237354,-26.873148,2.2177486,0.7392496,0.192,0.0,0.15230784,0.50000006,0.52000004,89600
hardzero_plus_depr__c0p50__z1p00__lam0p020__nu0p50__psi0p75,hardzero_plus_depr,0.06,31,28,0.0,2,0.042149033,0.042149033,1.0231347,0.0,0.09481243,0.0,0.0,0.04062341,-26.993876,2.2509413,0.75031376,0.16000001,0.0,0.14352998,0.52000004,0.54,92800
hardzero_plus_depr__c0p50__z1p00__lam0p020__nu0p50__psi0p75,hardzero_plus_depr,0.06,31,29,0.0,2,0.042149033,0.042149033,1.0393748,0.0,0.09133246,0.0,0.0,0.040018607,-27.710531,2.2866702,0.7622234,0.192,0.0,0.14596201,0.54,0.56,96000
hardzero_plus_depr__c0p50__z1p00__lam0p020__nu0p50__psi0p75,hardzero_plus_depr,0.06,31,30,0.0,2,0.042149033,0.042149033,1.0234399,0.0,0.09474584,0.0,0.0,0.039422806,-27.48619,2.2516127,0.7505376,0.17600001,0.0,0.16373026,0.56,0.58,99200
hardzero_plus_depr__c0p50__z1p00__lam0p020__nu0p50__psi0p75,hardzero_plus_depr,0.06,31,31,0.0,2,0.042149033,0.04603316,0.99993974,0.100013874,0.100013874,1.0,0.0038841267,0.03883588,-26.51643,2.1999114,0.7333038,0.16800001,0.0,0.13983913,0.58,0.59999996,102400
hardzero_plus_depr__c0p50__z1p00__lam0p020__nu0p50__psi0p75,hardzero_plus_depr,0.06,31,32,0.0,2,0.04603316,0.050210133,0.9618567,0.10918005,0.10918005,1.0,0.004176976,0.03825769,-26.537928,2.116127,0.7053757,0.224,0.0,0.14917311,0.59999996,0.61999995,105600
hardzero_plus_depr__c0p50__z1p00__lam0p020__nu0p50__psi0p75,hardzero_plus_depr,0.06,31,33,0.0,2,0.050210133,0.050210133,1.0663501,0.0,0.085832134,0.0,0.0,0.037688106,-28.402277,2.3460171,0.7820057,0.15200001,0.0,0.18838716,0.61999995,0.6399999,108800
hardzero_plus_depr__c0p50__z1p00__lam0p020__nu0p50__psi0p75,hardzero_plus_depr,0.06,31,34,0.0,2,0.050210133,0.050210133,1.0572205,0.0,0.087655574,0.0,0.0,0.037127007,-27.6028,2.3259315,0.7753105,0.17600001,0.0,0.16609696,0.6399999,0.6599999,112000
hardzero_plus_depr__c0p50__z1p00__lam0p020__nu0p50__psi0p75,hardzero_plus_depr,0.06,31,35,0.0,2,0.050210133,0.05390409,0.9956836,0.10099885,0.10099885,1.0,0.003693958,0.03657426,-26.626226,2.1905477,0.7301826,0.16800001,0.0,0.14533071,0.6599999,0.6799999,115200
hardzero_plus_depr__c0p50__z1p00__lam0p020__nu0p50__psi0p75,hardzero_plus_depr,0.06,31,36,0.0,2,0.05390409,0.057524167,0.99794334,0.10047469,0.10047469,1.0,0.0036200767,0.036029737,-27.108889,2.1955192,0.7318398,0.112,0.0,0.120227285,0.6799999,0.69999987,118400
hardzero_plus_depr__c0p50__z1p00__lam0p020__nu0p50__psi0p75,hardzero_plus_depr,0.06,31,37,0.0,2,0.057524167,0.057524167,1.0369296,0.0,0.091848135,0.0,0.0,0.035493325,-27.40511,2.2812908,0.7604303,0.16000001,0.0,0.15475637,0.69999987,0.71999985,121600
hardzero_plus_depr__c0p50__z1p00__lam0p020__nu0p50__psi0p75,hardzero_plus_depr,0.06,31,38,0.0,2,0.057524167,0.057524167,1.002795,0.0,0.0993585,0.0,0.0,0.034964897,-26.87338,2.206193,0.7353977,0.2,0.0,0.15852387,0.71999985,0.73999983,124800
hardzero_plus_depr__c0p50__z1p00__lam0p020__nu0p50__psi0p75,hardzero_plus_depr,0.06,31,39,0.0,2,0.057524167,0.061058696,0.9887863,0.10261567,0.10261567,1.0,0.003534529,0.03444434,-27.03516,2.1753733,0.7251245,0.17999999,0.0,0.13077147,0.73999983,0.7599998,128000
hardzero_plus_depr__c0p50__z1p00__lam0p020__nu0p50__psi0p75,hardzero_plus_depr,0.06,31,40,0.0,2,0.061058696,0.061058696,1.0070521,0.0,0.09838931,0.0,0.0,0.033931527,-27.218243,2.2155588,0.7385196,0.16000001,0.0,0.13649714,0.7599998,0.7799998,131200
hardzero_plus_depr__c0p50__z1p00__lam0p020__nu0p50__psi0p75,hardzero_plus_depr,0.06,31,41,0.0,2,0.061058696,0.061058696,1.0290118,0.0,0.09353801,0.0,0.0,0.03342635,-27.164093,2.2638712,0.7546238,0.136,0.0,0.14684406,0.7799998,0.7999998,134400
hardzero_plus_depr__c0p50__z1p00__lam0p020__nu0p50__psi0p75,hardzero_plus_depr,0.06,31,42,0.0,2,0.061058696,0.0643757,0.9968292,0.10073278,0.10073278,1.0,0.0033169996,0.0329287,-26.772268,2.193068,0.7310227,0.15200001,0.0,0.14714307,0.7999998,0.81999975,137600
hardzero_plus_depr__c0p50__z1p00__lam0p020__nu0p50__psi0p75,hardzero_plus_depr,0.06,31,43,0.0,2,0.0643757,0.0643757,1.0940717,0.0,0.080524534,0.0,0.0,0.03243846,-27.98803,2.4070058,0.80233526,0.120000005,0.0,0.14451075,0.81999975,0.83999974,140800
hardzero_plus_depr__c0p50__z1p00__lam0p020__nu0p50__psi0p75,hardzero_plus_depr,0.06,31,44,0.0,2,0.0643757,0.067938164,0.9527948,0.11148212,0.11148212,1.0,0.0035624686,0.031955514,-25.63293,2.0961905,0.6987302,0.17600001,0.0,0.14467093,0.83999974,0.8599997,144000
hardzero_plus_depr__c0p50__z1p00__lam0p020__nu0p50__psi0p75,hardzero_plus_depr,0.06,31,45,0.0,2,0.067938164,0.067938164,1.0570452,0.0,0.08769094,0.0,0.0,0.03147976,-28.033638,2.325546,0.775182,0.23200001,0.0,0.15058117,0.8599997,0.8799997,147200
hardzero_plus_depr__c0p50__z1p00__lam0p020__nu0p50__psi0p75,hardzero_plus_depr,0.06,31,46,0.0,2,0.067938164,0.067938164,1.0062351,0.0,0.09857457,0.0,0.0,0.031011084,-26.917736,2.2137616,0.7379205,0.15200001,0.0,0.13317336,0.8799997,0.8999997,150400
hardzero_plus_depr__c0p50__z1p00__lam0p020__nu0p50__psi0p75,hardzero_plus_depr,0.06,31,47,0.0,2,0.067938164,0.07100596,0.9981757,0.10042095,0.10042095,1.0,0.003067799,0.03054939,-26.87998,2.1960304,0.7320101,0.18400002,0.0,0.15605891,0.8999997,0.91999966,153600
hardzero_plus_depr__c0p50__z1p00__lam0p020__nu0p50__psi0p75,hardzero_plus_depr,0.06,31,48,0.0,2,0.07100596,0.07100596,1.032186,0.0,0.092856854,0.0,0.0,0.03009457,-27.510603,2.2708547,0.7569516,0.104,0.0,0.12561078,0.91999966,0.93999964,156800
hardzero_plus_depr__c0p50__z1p00__lam0p020__nu0p50__psi0p75,hardzero_plus_depr,0.06,31,49,0.0,2,0.07100596,0.07100596,1.0161432,0.0,0.09635112,0.0,0.0,0.029646521,-27.335388,2.2355597,0.74518657,0.14400001,0.0,0.15103824,0.93999964,0.9599996,160000
hardzero_plus_depr__c0p50__z1p00__lam0p020__nu0p50__psi0p75,hardzero_plus_depr,0.06,31,50,0.0,2,0.07100596,0.07100596,1.0144261,0.0,0.09673282,0.0,0.0,0.029205143,-27.640705,2.231782,0.74392736,0.208,0.0,0.1715558,0.9599996,0.9799996,163200
hardzero_plus_depr__c0p50__z1p00__lam0p020__nu0p50__psi0p75,hardzero_plus_depr,0.06,31,51,0.0,2,0.07100596,0.07100596,1.038362,0.0,0.09154569,0.0,0.0,0.028770335,-27.344376,2.284442,0.7614807,0.14400001,0.0,0.18050301,0.9799996,0.9999996,166400
hardzero_plus_depr__c0p50__z1p00__lam0p020__nu0p50__psi0p75,hardzero_plus_depr,0.06,31,52,0.0,2,0.07100596,0.074080996,0.9645805,0.108497456,0.108497456,1.0,0.003075035,0.028342001,-25.521084,2.1221194,0.70737314,0.25,0.0,0.123149395,0.9999996,1.0199996,169600
hardzero_plus_depr__c0p50__z1p00__lam0p020__nu0p50__psi0p75,hardzero_plus_depr,0.06,31,53,0.0,2,0.074080996,0.074080996,1.0614231,0.0,0.08681143,0.0,0.0,0.027920043,-28.55255,2.3351774,0.7783925,0.15200001,0.0,0.16683733,1.0199996,1.0399996,172800
hardzero_plus_depr__c0p50__z1p00__lam0p020__nu0p50__psi0p75,hardzero_plus_depr,0.06,31,54,0.0,2,0.074080996,0.074080996,1.0188512,0.0,0.09575221,0.0,0.0,0.027504368,-27.261017,2.2415173,0.7471725,0.136,0.0,0.13934667,1.0399996,1.0599996,176000
hardzero_plus_depr__c0p50__z1p00__lam0p020__nu0p50__psi0p75,hardzero_plus_depr,0.06,31,55,0.0,2,0.074080996,0.074080996,1.04514,0.0,0.09012804,0.0,0.0,0.027094882,-26.89676,2.299354,0.76645136,0.16800001,0.0,0.13187984,1.0599996,1.0799996,179200
hardzero_plus_depr__c0p50__z1p00__lam0p020__nu0p50__psi0p75,hardzero_plus_depr,0.06,31,56,0.0,2,0.074080996,0.07684216,0.9852805,0.10344738,0.10344738,1.0,0.002761165,0.026691493,-27.195236,2.1676605,0.7225535,0.192,0.0,0.1689584,1.0799996,1.0999995,182400
hardzero_plus_depr__c0p50__z1p00__lam0p020__nu0p50__psi0p75,hardzero_plus_depr,0.06,31,57,0.0,2,0.07684216,0.07684216,1.0247931,0.0,0.09445106,0.0,0.0,0.026294107,-27.469889,2.25459,0.75153005,0.18400002,0.0,0.15499893,1.0999995,1.1199995,185600
hardzero_plus_depr__c0p50__z1p00__lam0p020__nu0p50__psi0p75,hardzero_plus_depr,0.06,31,58,0.0,2,0.07684216,0.07684216,1.0764745,0.0,0.083854325,0.0,0.0,0.025902638,-27.999367,2.3682914,0.7894305,0.192,0.0,0.1732684,1.1199995,1.1399995,188800
hardzero_plus_depr__c0p50__z1p00__lam0p020__nu0p50__psi0p75,hardzero_plus_depr,0.06,31,59,0.0,2,0.07684216,0.07684216,1.0033467,0.0,0.09923237,0.0,0.0,0.025517,-26.616701,2.2074068,0.7358023,0.15200001,0.008,0.1163092,1.1399995,1.1599995,192000
hardzero_plus_depr__c0p50__z1p00__lam0p020__nu0p50__psi0p75,hardzero_plus_depr,0.06,31,60,0.0,2,0.07684216,0.07684216,1.0328236,0.0,0.09272065,0.0,0.0,0.0251371,-27.842445,2.272257,0.75741905,0.17600001,0.0,0.15510745,1.1599995,1.1799995,195200
hardzero_plus_depr__c0p50__z1p00__lam0p020__nu0p50__psi0p75,hardzero_plus_depr,0.06,31,61,0.0,2,0.07684216,0.07935601,0.9934624,0.10151674,0.10151674,1.0,0.002513845,0.024762861,-26.048508,2.1856608,0.72855365,0.208,0.0,0.16006567,1.1799995,1.1999995,198400
hardzero_plus_depr__c0p50__z1p00__lam0p020__nu0p50__psi0p75,hardzero_plus_depr,0.06,31,62,0.0,2,0.07935601,0.08181563,0.9964178,0.100828245,0.100828245,1.0,0.0024596234,0.02439419,-26.176582,2.192163,0.730721,0.16000001,0.0,0.12295802,1.1999995,1.2199994,201600
hardzero_plus_depr__c0p50__z1p00__lam0p020__nu0p50__psi0p75,hardzero_plus_depr,0.06,31,63,0.0,2,0.08181563,0.08181563,1.0570729,0.0,0.08768537,0.0,0.0,0.024031008,-27.081638,2.3256068,0.7752023,0.128,0.0,0.13986781,1.2199994,1.2399994,204800
hardzero_plus_depr__c0p50__z1p00__lam0p020__nu0p50__psi0p75,hardzero_plus_depr,0.06,31,64,0.0,2,0.08181563,0.08427325,0.98374265,0.10381433,0.10381433,1.0,0.0024576208,0.023673233,-27.318562,2.164277,0.7214257,0.24000001,0.0,0.156677,1.2399994,1.2599994,208000
hardzero_plus_depr__c0p50__z1p00__lam0p020__nu0p50__psi0p75,hardzero_plus_depr,0.06,31,65,0.0,2,0.08427325,0.08695309,0.939634,0.11491215,0.11491215,1.0,0.0026798416,0.023320785,-26.094948,2.0672362,0.68907875,0.16,0.0,0.15350445,1.2599994,1.2799994,211200
hardzero_plus_depr__c0p50__z1p00__lam0p020__nu0p50__psi0p75,hardzero_plus_depr,0.06,31,66,0.0,2,0.08695309,0.08695309,1.0040886,0.0,0.09906297,0.0,0.0,0.022973582,-26.494926,2.2090392,0.7363464,0.16000001,0.0,0.12347317,1.2799994,1.2999994,214400
hardzero_plus_depr__c0p50__z1p00__lam0p020__nu0p50__psi0p75,hardzero_plus_depr,0.06,31,67,0.0,2,0.08695309,0.08695309,1.0349785,0.0,0.09226171,0.0,0.0,0.02263155,-27.02765,2.2769983,0.75899947,0.128,0.0,0.14771928,1.2999994,1.3199993,217600
hardzero_plus_depr__c0p50__z1p00__lam0p020__nu0p50__psi0p75,hardzero_plus_depr,0.06,31,68,0.0,2,0.08695309,0.08695309,1.0402465,0.0,0.09114934,0.0,0.0,0.022294613,-27.583803,2.288588,0.7628627,0.192,0.0,0.15813842,1.3199993,1.3399993,220800
hardzero_plus_depr__c0p50__z1p00__lam0p020__nu0p50__psi0p75,hardzero_plus_depr,0.06,31,69,0.0,2,0.08695309,0.08917168,0.995608,0.101016425,0.101016425,1.0,0.0022185924,0.02196269,-27.716303,2.1903813,0.7301271,0.208,0.0,0.1652674,1.3399993,1.3599993,224000
hardzero_plus_depr__c0p50__z1p00__lam0p020__nu0p50__psi0p75,hardzero_plus_depr,0.06,31,70,0.0,2,0.08917168,0.08917168,1.0541227,0.0,0.08828304,0.0,0.0,0.021635707,-27.683296,2.319116,0.77303874,0.2,0.0,0.15887041,1.3599993,1.3799993,227200
hardzero_plus_depr__c0p50__z1p00__lam0p020__nu0p50__psi0p75,hardzero_plus_depr,0.06,31,71,0.0,2,0.08917168,0.08917168,1.0355126,0.0,0.09214833,0.0,0.0,0.021313595,-27.297869,2.2781732,0.75939107,0.15200001,0.0,0.17836162,1.3799993,1.3999993,230400
hardzero_plus_depr__c0p50__z1p00__lam0p020__nu0p50__psi0p75,hardzero_plus_depr,0.06,31,72,0.0,2,0.08917168,0.091348395,0.9843398,0.10367169,0.10367169,1.0,0.0021767195,0.020996276,-26.61914,2.1655908,0.7218636,0.23200001,0.0,0.13453959,1.3999993,1.4199992,233600
hardzero_plus_depr__c0p50__z1p00__lam0p020__nu0p50__psi0p75,hardzero_plus_depr,0.06,31,73,0.0,2,0.091348395,0.091348395,1.0203145,0.0,0.09543013,0.0,0.0,0.020683683,-27.48017,2.2447367,0.7482456,0.15200001,0.0,0.15254734,1.4199992,1.4399992,236800
hardzero_plus_depr__c0p50__z1p00__lam0p020__nu0p50__psi0p75,hardzero_plus_depr,0.06,31,74,0.0,2,0.091348395,0.09355958,0.9644887,0.10852037,0.10852037,1.0,0.002211183,0.020375742,-25.302868,2.1219175,0.70730585,0.18400002,0.0,0.13258682,1.4399992,1.4599992,240000
hardzero_plus_depr__c0p50__z1p00__lam0p020__nu0p50__psi0p75,hardzero_plus_depr,0.06,31,75,0.0,2,0.09355958,0.09355958,1.0018756,0.0,0.09956906,0.0,0.0,0.020072388,-27.045094,2.2041705,0.7347235,0.16800001,0.0,0.14723496,1.4599992,1.4799992,243200
hardzero_plus_depr__c0p50__z1p00__lam0p020__nu0p50__psi0p75,hardzero_plus_depr,0.06,31,76,0.0,2,0.09355958,0.09355958,1.0832769,0.0,0.082551144,0.0,0.0,0.019773548,-28.3115,2.3832567,0.79441893,0.120000005,0.0,0.13800603,1.4799992,1.4999992,246400
hardzero_plus_depr__c0p50__z1p00__lam0p020__nu0p50__psi0p75,hardzero_plus_depr,0.06,31,77,0.0,2,0.09355958,0.09355958,1.0557233,0.0,0.087958276,0.0,0.0,0.019479157,-28.311518,2.3226376,0.77421254,0.128,0.0,0.16269979,1.4999992,1.5199991,249600
hardzero_plus_depr__c0p50__z1p00__lam0p020__nu0p50__psi0p75,hardzero_plus_depr,0.06,31,78,0.0,2,0.09355958,0.09355958,1.0999948,0.0,0.07943377,0.0,0.0,0.019189153,-28.335321,2.4200368,0.80667895,0.13,0.0,0.15040939,1.5199991,1.5399991,252800
hardzero_plus_depr__c0p50__z1p00__lam0p020__nu0p50__psi0p75,hardzero_plus_depr,0.06,31,79,0.0,2,0.09355958,0.09355958,1.0535065,0.0,0.088408396,0.0,0.0,0.018903462,-28.248835,2.3177605,0.7725868,0.136,0.0,0.16507693,1.5399991,1.5599991,256000
hardzero_plus_depr__c0p50__z1p00__lam0p020__nu0p50__psi0p75,hardzero_plus_depr,0.06,31,80,0.0,2,0.09355958,0.09355958,1.0210727,0.0,0.09526365,0.0,0.0,0.01862203,-25.91437,2.246405,0.74880165,0.112,0.0,0.122331366,1.5599991,1.5799991,259200
hardzero_plus_depr__c0p50__z1p00__lam0p020__nu0p50__psi0p75,hardzero_plus_depr,0.06,31,81,0.0,2,0.09355958,0.09546771,0.9829051,0.10401474,0.10401474,1.0,0.0019081279,0.018344784,-27.373009,2.1624343,0.7208115,0.15200001,0.0,0.15040195,1.5799991,1.5999991,262400
hardzero_plus_depr__c0p50__z1p00__lam0p020__nu0p50__psi0p75,hardzero_plus_depr,0.06,31,82,0.0,2,0.09546771,0.09546771,1.0021262,0.0,0.09951162,0.0,0.0,0.018071664,-26.89394,2.2047217,0.73490727,0.136,0.0,0.1338356,1.5999991,1.619999,265600
hardzero_plus_depr__c0p50__z1p00__lam0p020__nu0p50__psi0p75,hardzero_plus_depr,0.06,31,83,0.0,2,0.09546771,0.09546771,1.0348517,0.0,0.092288665,0.0,0.0,0.017802613,-27.150242,2.276719,0.75890636,0.18400002,0.0,0.1482564,1.619999,1.639999,268800
hardzero_plus_depr__c0p50__z1p00__lam0p020__nu0p50__psi0p75,hardzero_plus_depr,0.06,31,84,0.0,2,0.09546771,0.09736347,0.9661852,0.10809727,0.10809727,1.0,0.001895763,0.017537566,-25.973427,2.12565,0.70855,0.15200001,0.0,0.12926354,1.639999,1.659999,272000
hardzero_plus_depr__c0p50__z1p00__lam0p020__nu0p50__psi0p75,hardzero_plus_depr,0.06,31,85,0.0,2,0.09736347,0.09931507,0.947064,0.11296293,0.11296293,1.0,0.0019516002,0.017276466,-25.79472,2.0835824,0.6945275,0.18400002,0.008,0.13772342,1.659999,1.679999,275200
hardzero_plus_depr__c0p50__z1p00__lam0p020__nu0p50__psi0p75,hardzero_plus_depr,0.06,31,86,0.0,2,0.09931507,0.09931507,1.0656383,0.0,0.08597292,0.0,0.0,0.017019253,-28.074768,2.3444512,0.78148377,0.16800001,0.0,0.1566551,1.679999,1.699999,278400
hardzero_plus_depr__c0p50__z1p00__lam0p020__nu0p50__psi0p75,hardzero_plus_depr,0.06,31,87,0.0,2,0.09931507,0.09931507,1.013881,0.0,0.09685432,0.0,0.0,0.01676587,-27.7092,2.2305827,0.7435276,0.14400001,0.0,0.14936616,1.699999,1.719999,281600
hardzero_plus_depr__c0p50__z1p00__lam0p020__nu0p50__psi0p75,hardzero_plus_depr,0.06,31,88,0.0,2,0.09931507,0.10100878,0.9890729,0.10254797,0.10254797,1.0,0.0016937089,0.016516259,-26.805689,2.176004,0.72533464,0.224,0.0,0.15407307,1.719999,1.7399989,284800
hardzero_plus_depr__c0p50__z1p00__lam0p020__nu0p50__psi0p75,hardzero_plus_depr,0.06,31,89,0.0,2,0.10100878,0.10100878,1.005337,0.0,0.098778635,0.0,0.0,0.016270366,-26.990742,2.2117856,0.7372619,0.120000005,0.0,0.14568692,1.7399989,1.7599989,288000
hardzero_plus_depr__c0p50__z1p00__lam0p020__nu0p50__psi0p75,hardzero_plus_depr,0.06,31,90,0.0,2,0.10100878,0.10273178,0.96859777,0.10749846,0.10749846,1.0,0.0017229994,0.01602813,-26.556767,2.1309576,0.7103192,0.224,0.0,0.15594958,1.7599989,1.7799989,291200
hardzero_plus_depr__c0p50__z1p00__lam0p020__nu0p50__psi0p75,hardzero_plus_depr,0.06,31,91,0.0,2,0.10273178,0.10273178,1.0366638,0.0,0.09190439,0.0,0.0,0.015789503,-27.58474,2.280706,0.7602353,0.14999999,0.0,0.12428513,1.7799989,1.7999989,294400
hardzero_plus_depr__c0p50__z1p00__lam0p020__nu0p50__psi0p75,hardzero_plus_depr,0.06,31,92,0.0,2,0.10273178,0.10273178,1.0348524,0.0,0.09228851,0.0,0.0,0.015554428,-26.773106,2.2767208,0.75890696,0.16000001,0.0,0.13258214,1.7999989,1.8199989,297600
hardzero_plus_depr__c0p50__z1p00__lam0p020__nu0p50__psi0p75,hardzero_plus_depr,0.06,31,93,0.0,2,0.10273178,0.10273178,1.0020809,0.0,0.099521995,0.0,0.0,0.015322854,-27.14039,2.204622,0.734874,0.136,0.0,0.11092873,1.8199989,1.8399988,300800
hardzero_plus_depr__c0p50__z1p00__lam0p020__nu0p50__psi0p75,hardzero_plus_depr,0.06,31,94,0.0,2,0.10273178,0.10442003,0.9513886,0.11184365,0.11184365,1.0,0.0016882493,0.015094726,-25.684525,2.0930967,0.69769895,0.15200001,0.0,0.123267435,1.8399988,1.8599988,304000
hardzero_plus_depr__c0p50__z1p00__lam0p020__nu0p50__psi0p75,hardzero_plus_depr,0.06,31,95,0.0,2,0.10442003,0.10598477,0.9778676,0.10522826,0.10522826,1.0,0.0015647437,0.0148699945,-26.10325,2.1513517,0.71711725,0.2,0.0,0.1457117,1.8599988,1.8799988,307200
hardzero_plus_depr__c0p50__z1p00__lam0p020__nu0p50__psi0p75,hardzero_plus_depr,0.06,31,96,0.0,2,0.10598477,0.107511505,0.98203313,0.10422378,0.10422378,1.0,0.0015267335,0.01464861,-26.145395,2.160516,0.72017205,0.16000001,0.0,0.119824044,1.8799988,1.8999988,310400
hardzero_plus_depr__c0p50__z1p00__lam0p020__nu0p50__psi0p75,hardzero_plus_depr,0.06,31,97,0.0,2,0.107511505,0.107511505,1.0572352,0.0,0.087652594,0.0,0.0,0.01443052,-27.739548,2.325964,0.77532136,0.128,0.0,0.13769183,1.8999988,1.9199988,313600
hardzero_plus_depr__c0p50__z1p00__lam0p020__nu0p50__psi0p75,hardzero_plus_depr,0.06,31,98,0.0,2,0.107511505,0.107511505,1.01922,0.0,0.09567092,0.0,0.0,0.014215678,-27.394318,2.242329,0.74744296,0.17600001,0.0,0.14892726,1.9199988,1.9399987,316800
hardzero_plus_depr__c0p50__z1p00__lam0p020__nu0p50__psi0p75,hardzero_plus_depr,0.06,31,99,0.0,2,0.107511505,0.107511505,1.0794172,0.0,0.08328806,0.0,0.0,0.014004034,-28.496344,2.3747654,0.7915885,0.136,0.0,0.15436395,1.9399987,1.9599987,320000
hardzero_plus_depr__c0p50__z1p00__lam0p020__nu0p50__psi0p75,hardzero_plus_depr,0.06,31,100,0.0,2,0.107511505,0.10890096,0.99689597,0.10071729,0.10071729,1.0,0.0013894497,0.0137955425,-26.371502,2.193215,0.73107165,0.208,0.0,0.14482231,1.9599987,1.9799987,323200
hardzero_plus_depr__c0p50__z1p00__lam0p020__nu0p50__psi0p75,hardzero_plus_depr,0.06,31,101,0.0,2,0.10890096,0.10890096,1.0215799,0.0,0.095152475,0.0,0.0,0.013590153,-27.479965,2.2475204,0.7491735,0.16000001,0.0,0.19055434,1.9799987,1.9999987,326400
hardzero_plus_depr__c0p50__z1p00__lam0p020__nu0p50__psi0p75,hardzero_plus_depr,0.06,31,102,0.0,2,0.10890096,0.10890096,1.0296159,0.0,0.093407996,0.0,0.0,0.0133878235,-27.127476,2.2652001,0.75506675,0.14400001,0.0,0.14058185,1.9999987,2.0199988,329600
hardzero_plus_depr__c0p50__z1p00__lam0p020__nu0p50__psi0p75,hardzero_plus_depr,0.06,31,103,0.0,2,0.10890096,0.10890096,1.0635458,0.0,0.086388156,0.0,0.0,0.013188502,-27.792864,2.3398476,0.7799492,0.120000005,0.0,0.13966376,2.0199988,2.0399988,332800
hardzero_plus_depr__c0p50__z1p00__lam0p020__nu0p50__psi0p75,hardzero_plus_depr,0.06,31,104,0.0,2,0.10890096,0.10890096,1.0547643,0.0,0.08815273,0.0,0.0,0.012992154,-27.542683,2.3205278,0.77350926,0.17,0.0,0.12264809,2.0399988,2.0599988,336000
hardzero_plus_depr__c0p50__z1p00__lam0p020__nu0p50__psi0p75,hardzero_plus_depr,0.06,31,105,0.0,2,0.10890096,0.10890096,1.0029522,0.0,0.09932252,0.0,0.0,0.012798723,-26.714132,2.206539,0.735513,0.15200001,0.0,0.14664596,2.0599988,2.0799987,339200
hardzero_plus_depr__c0p50__z1p00__lam0p020__nu0p50__psi0p75,hardzero_plus_depr,0.06,31,106,0.0,2,0.10890096,0.10890096,1.0345726,0.0,0.09234798,0.0,0.0,0.012608176,-27.102184,2.2761052,0.75870174,0.16000001,0.0,0.17952634,2.0799987,2.0999987,342400
hardzero_plus_depr__c0p50__z1p00__lam0p020__nu0p50__psi0p75,hardzero_plus_depr,0.06,31,107,0.0,2,0.10890096,0.11023721,0.9682476,0.10758518,0.10758518,1.0,0.0013362579,0.012420464,-26.738455,2.1301873,0.71006244,0.15200001,0.0,0.1435727,2.0999987,2.1199987,345600
hardzero_plus_depr__c0p50__z1p00__lam0p020__nu0p50__psi0p75,hardzero_plus_depr,0.06,31,108,0.0,2,0.11023721,0.11149879,0.98670876,0.10310772,0.10310772,1.0,0.0012615796,0.012235549,-26.97235,2.1708026,0.72360086,0.136,0.0,0.14403988,2.1199987,2.1399987,348800
hardzero_plus_depr__c0p50__z1p00__lam0p020__nu0p50__psi0p75,hardzero_plus_depr,0.06,31,109,0.0,2,0.11149879,0.11149879,1.0640724,0.0,0.086283475,0.0,0.0,0.012053384,-27.506083,2.341006,0.78033537,0.14400001,0.0,0.16513169,2.1399987,2.1599987,352000
hardzero_plus_depr__c0p50__z1p00__lam0p020__nu0p50__psi0p75,hardzero_plus_depr,0.06,31,110,0.0,2,0.11149879,0.11269347,0.997342,0.1006139,0.1006139,1.0,0.0011946828,0.011873934,-25.560993,2.1941962,0.73139876,0.16000001,0.0,0.13898715,2.1599987,2.1799986,355200
hardzero_plus_depr__c0p50__z1p00__lam0p020__nu0p50__psi0p75,hardzero_plus_depr,0.06,31,111,0.0,2,0.11269347,0.11269347,1.0516785,0.0,0.08878129,0.0,0.0,0.011697154,-27.85369,2.313739,0.7712464,0.192,0.0,0.14048031,2.1799986,2.1999986,358400
hardzero_plus_depr__c0p50__z1p00__lam0p020__nu0p50__psi0p75,hardzero_plus_depr,0.06,31,112,0.0,2,0.11269347,0.11269347,1.0254588,0.0,0.09430639,0.0,0.0,0.011523007,-27.724096,2.2560544,0.75201815,0.104,0.0,0.1524849,2.1999986,2.2199986,361600
hardzero_plus_depr__c0p50__z1p00__lam0p020__nu0p50__psi0p75,hardzero_plus_depr,0.06,31,113,0.0,2,0.11269347,0.11269347,1.0622101,0.0,0.08665425,0.0,0.0,0.011351449,-27.782446,2.3369088,0.77896965,0.16800001,0.0,0.16142924,2.2199986,2.2399986,364800
hardzero_plus_depr__c0p50__z1p00__lam0p020__nu0p50__psi0p75,hardzero_plus_depr,0.06,31,114,0.0,2,0.11269347,0.113820314,0.99667543,0.10076845,0.10076845,1.0,0.0011268381,0.011182451,-26.585852,2.1927297,0.73090994,0.17600001,0.0,0.12494304,2.2399986,2.2599986,368000
hardzero_plus_depr__c0p50__z1p00__lam0p020__nu0p50__psi0p75,hardzero_plus_depr,0.06,31,115,0.0,2,0.113820314,0.11498166,0.97706014,0.10542408,0.10542408,1.0,0.001161348,0.011015966,-26.802847,2.1495752,0.7165251,0.112,0.0,0.11869545,2.2599986,2.2799985,371200
hardzero_plus_depr__c0p50__z1p00__lam0p020__nu0p50__psi0p75,hardzero_plus_depr,0.06,31,116,0.0,2,0.11498166,0.11498166,1.0122466,0.0,0.09721949,0.0,0.0,0.01085196,-27.580153,2.226987,0.742329,0.192,0.0,0.14405103,2.2799985,2.2999985,374400
hardzero_plus_depr__c0p50__z1p00__lam0p020__nu0p50__psi0p75,hardzero_plus_depr,0.06,31,117,0.0,2,0.11498166,0.11608803,0.9850912,0.103492476,0.103492476,1.0,0.0011063755,0.010690395,-27.630844,2.167244,0.7224147,0.32999998,0.0,0.15488535,2.2999985,2.3199985,377600
hardzero_plus_depr__c0p50__z1p00__lam0p020__nu0p50__psi0p75,hardzero_plus_depr,0.06,31,118,0.0,2,0.11608803,0.11608803,1.0298759,0.0,0.09335211,0.0,0.0,0.0105312355,-27.207802,2.265772,0.75525737,0.14400001,0.0,0.14213479,2.3199985,2.3399985,380800
hardzero_plus_depr__c0p50__z1p00__lam0p020__nu0p50__psi0p75,hardzero_plus_depr,0.06,31,119,0.0,2,0.11608803,0.11608803,1.02773,0.0,0.09381451,0.0,0.0,0.0103744455,-27.499483,2.2610512,0.75368375,0.14400001,0.0,0.13681571,2.3399985,2.3599985,384000
hardzero_plus_depr__c0p50__z1p00__lam0p020__nu0p50__psi0p75,hardzero_plus_depr,0.06,31,120,0.0,2,0.11608803,0.11608803,1.0452452,0.0,0.090106234,0.0,0.0,0.010219992,-27.734259,2.2995853,0.7665285,0.112,0.0,0.14162174,2.3599985,2.3799984,387200
hardzero_plus_depr__c0p50__z1p00__lam0p020__nu0p50__psi0p75,hardzero_plus_depr,0.06,31,121,0.0,2,0.11608803,0.11711508,0.9913449,0.10201288,0.10201288,1.0,0.0010270487,0.010067834,-27.348433,2.1810024,0.72700083,0.23200001,0.0,0.14155488,2.3799984,2.3999984,390400
hardzero_plus_depr__c0p50__z1p00__lam0p020__nu0p50__psi0p75,hardzero_plus_depr,0.06,31,122,0.0,2,0.11711508,0.11711508,1.0466412,0.0,0.08981705,0.0,0.0,0.009917946,-27.918274,2.3026567,0.76755226,0.15200001,0.0,0.1678066,2.3999984,2.4199984,393600
hardzero_plus_depr__c0p50__z1p00__lam0p020__nu0p50__psi0p75,hardzero_plus_depr,0.06,31,123,0.0,2,0.11711508,0.11711508,1.064767,0.0,0.08614557,0.0,0.0,0.009770286,-27.555222,2.3425343,0.7808448,0.128,0.0,0.18713091,2.4199984,2.4399984,396800
hardzero_plus_depr__c0p50__z1p00__lam0p020__nu0p50__psi0p75,hardzero_plus_depr,0.06,31,124,0.0,2,0.11711508,0.11711508,1.0350177,0.0,0.09225338,0.0,0.0,0.009624826,-28.39931,2.2770844,0.75902814,0.128,0.0,0.16293451,2.4399984,2.4599984,400000
hardzero_plus_depr__c0p50__z1p00__lam0p020__nu0p50__psi0p75,hardzero_plus_depr,0.06,31,125,0.0,2,0.11711508,0.11711508,1.0158654,0.0,0.09641278,0.0,0.0,0.00948153,-26.667023,2.2349486,0.7449829,0.120000005,0.0,0.1343157,2.4599984,2.4799984,403200
hardzero_plus_depr__c0p50__z1p00__lam0p020__nu0p50__psi0p75,hardzero_plus_depr,0.06,31,126,0.0,2,0.11711508,0.11711508,1.0364743,0.0,0.09194447,0.0,0.0,0.009340369,-26.98258,2.2802892,0.76009643,0.16000001,0.0,0.14890015,2.4799984,2.4999983,406400
hardzero_plus_depr__c0p50__z1p00__lam0p020__nu0p50__psi0p75,hardzero_plus_depr,0.06,31,127,0.0,2,0.11711508,0.11711508,1.0720699,0.0,0.084709115,0.0,0.0,0.009201309,-27.2098,2.3586009,0.7862003,0.14400001,0.0,0.1304744,2.4999983,2.5199983,409600
hardzero_plus_depr__c0p50__z1p00__lam0p020__nu0p50__psi0p75,hardzero_plus_depr,0.06,31,128,0.0,2,0.11711508,0.11711508,1.0875405,0.0,0.08174467,0.0,0.0,0.0090643205,-28.115713,2.392637,0.7975457,0.192,0.008,0.15412,2.5199983,2.5399983,412800
hardzero_plus_depr__c0p50__z1p00__lam0p020__nu0p50__psi0p75,hardzero_plus_depr,0.06,31,129,0.0,2,0.11711508,0.11711508,1.0127257,0.0,0.0971123,0.0,0.0,0.008929369,-27.258152,2.2280412,0.74268043,0.208,0.0,0.14171202,2.5399983,2.5599983,416000
hardzero_plus_depr__c0p50__z1p00__lam0p020__nu0p50__psi0p75,hardzero_plus_depr,0.06,31,130,0.0,2,0.11711508,0.11711508,1.0115472,0.0,0.09737619,0.0,0.0,0.008796429,-27.099943,2.2254484,0.74181616,0.12,0.0,0.14860986,2.5599983,2.5799983,419200
hardzero_plus_depr__c0p50__z1p00__lam0p020__nu0p50__psi0p75,hardzero_plus_depr,0.06,31,131,0.0,2,0.11711508,0.11711508,1.0075927,0.0,0.098266914,0.0,0.0,0.008665467,-27.956726,2.2167482,0.7389161,0.16000001,0.0,0.1716519,2.5799983,2.5999982,422400
hardzero_plus_depr__c0p50__z1p00__lam0p020__nu0p50__psi0p75,hardzero_plus_depr,0.06,31,132,0.0,2,0.11711508,0.11711508,1.0241919,0.0,0.09458191,0.0,0.0,0.008536455,-27.503166,2.253267,0.75108904,0.112,0.0,0.13942984,2.5999982,2.6199982,425600
hardzero_plus_depr__c0p50__z1p00__lam0p020__nu0p50__psi0p75,hardzero_plus_depr,0.06,31,133,0.0,2,0.11711508,0.11711508,1.0373802,0.0,0.09175289,0.0,0.0,0.008409364,-28.026676,2.282282,0.7607607,0.14400001,0.0,0.15205145,2.6199982,2.6399982,428800
hardzero_plus_depr__c0p50__z1p00__lam0p020__nu0p50__psi0p75,hardzero_plus_depr,0.06,31,134,0.0,2,0.11711508,0.11711508,1.0575922,0.0,0.087580584,0.0,0.0,0.0082841655,-27.82329,2.326749,0.775583,0.136,0.0,0.14315155,2.6399982,2.6599982,432000
hardzero_plus_depr__c0p50__z1p00__lam0p020__nu0p50__psi0p75,hardzero_plus_depr,0.06,31,135,0.0,2,0.11711508,0.11711508,1.0038466,0.0,0.09911818,0.0,0.0,0.00816083,-26.746647,2.2085068,0.736169,0.112,0.0,0.13199612,2.6599982,2.6799982,435200
hardzero_plus_depr__c0p50__z1p00__lam0p020__nu0p50__psi0p75,hardzero_plus_depr,0.06,31,136,0.0,2,0.11711508,0.117955826,0.98055595,0.1045789,0.1045789,1.0,0.00084074447,0.008039332,-26.642118,2.1572661,0.71908873,0.08800001,0.0,0.13090536,2.6799982,2.6999981,438400
hardzero_plus_depr__c0p50__z1p00__lam0p020__nu0p50__psi0p75,hardzero_plus_depr,0.06,31,137,0.0,2,0.117955826,0.11882791,0.95814806,0.11011637,0.11011637,1.0,0.000872082,0.00791964,-25.861525,2.1079679,0.702656,0.192,0.0,0.12294164,2.6999981,2.7199981,441600
hardzero_plus_depr__c0p50__z1p00__lam0p020__nu0p50__psi0p75,hardzero_plus_depr,0.06,31,138,0.0,2,0.11882791,0.11882791,1.0042017,0.0,0.09903721,0.0,0.0,0.007801734,-26.09341,2.2092876,0.7364292,0.14400001,0.0,0.13912082,2.7199981,2.739998,444800
hardzero_plus_depr__c0p50__z1p00__lam0p020__nu0p50__psi0p75,hardzero_plus_depr,0.06,31,139,0.0,2,0.11882791,0.11882791,1.0296532,0.0,0.09339998,0.0,0.0,0.0076855808,-27.408169,2.2652822,0.75509405,0.17600001,0.0,0.14197476,2.739998,2.759998,448000
hardzero_plus_depr__c0p50__z1p00__lam0p020__nu0p50__psi0p75,hardzero_plus_depr,0.06,31,140,0.0,2,0.11882791,0.11882791,1.0568731,0.0,0.08772571,0.0,0.0,0.007571158,-28.362455,2.3251672,0.77505577,0.18400002,0.0,0.16823907,2.759998,2.779998,451200
hardzero_plus_depr__c0p50__z1p00__lam0p020__nu0p50__psi0p75,hardzero_plus_depr,0.06,31,141,0.0,2,0.11882791,0.11882791,1.095212,0.0,0.08031339,0.0,0.0,0.0074584372,-29.147682,2.4095144,0.8031715,0.136,0.0,0.17518827,2.779998,2.799998,454400
hardzero_plus_depr__c0p50__z1p00__lam0p020__nu0p50__psi0p75,hardzero_plus_depr,0.06,31,142,0.0,2,0.11882791,0.11962607,0.9640459,0.1086311,0.1086311,1.0,0.0007981557,0.0073473966,-25.86372,2.1209433,0.7069811,0.16000001,0.0,0.122344404,2.799998,2.819998,457600
hardzero_plus_depr__c0p50__z1p00__lam0p020__nu0p50__psi0p75,hardzero_plus_depr,0.06,31,143,0.0,2,0.11962607,0.11962607,1.0524117,0.0,0.088631555,0.0,0.0,0.0072380076,-28.284725,2.315352,0.771784,0.16,0.0,0.1394821,2.819998,2.839998,460800
hardzero_plus_depr__c0p50__z1p00__lam0p020__nu0p50__psi0p75,hardzero_plus_depr,0.06,31,144,0.0,2,0.11962607,0.11962607,1.0094185,0.0,0.09785467,0.0,0.0,0.0071302485,-26.667288,2.220765,0.74025506,0.216,0.0,0.12992409,2.839998,2.859998,464000
hardzero_plus_depr__c0p50__z1p00__lam0p020__nu0p50__psi0p75,hardzero_plus_depr,0.06,31,145,0.0,2,0.11962607,0.12034351,0.99080527,0.10213972,0.10213972,1.0,0.0007174388,0.007024092,-25.808567,2.179815,0.72660506,0.15200001,0.0,0.14462875,2.859998,2.879998,467200
hardzero_plus_depr__c0p50__z1p00__lam0p020__nu0p50__psi0p75,hardzero_plus_depr,0.06,31,146,0.0,2,0.12034351,0.12034351,1.0288396,0.0,0.09357512,0.0,0.0,0.006919518,-27.070324,2.2634923,0.75449747,0.14400001,0.0,0.14884773,2.879998,2.899998,470400
hardzero_plus_depr__c0p50__z1p00__lam0p020__nu0p50__psi0p75,hardzero_plus_depr,0.06,31,147,0.0,2,0.12034351,0.12034351,1.0125778,0.0,0.09714539,0.0,0.0,0.0068164994,-27.207731,2.2277155,0.74257183,0.16000001,0.0,0.14205107,2.899998,2.919998,473600
hardzero_plus_depr__c0p50__z1p00__lam0p020__nu0p50__psi0p75,hardzero_plus_depr,0.06,31,148,0.0,2,0.12034351,0.12034351,1.0073017,0.0,0.09833277,0.0,0.0,0.0067150155,-26.872578,2.2161078,0.73870265,0.16800001,0.0,0.15771347,2.919998,2.939998,476800
hardzero_plus_depr__c0p50__z1p00__lam0p020__nu0p50__psi0p75,hardzero_plus_depr,0.06,31,149,0.0,2,0.12034351,0.12034351,1.0008774,0.0,0.099798165,0.0,0.0,0.0066150413,-26.891947,2.2019742,0.7339914,0.216,0.0,0.1622083,2.939998,2.959998,480000
hardzero_plus_depr__c0p50__z1p00__lam0p020__nu0p50__psi0p75,hardzero_plus_depr,0.06,31,150,0.0,2,0.12034351,0.12101361,0.9878733,0.10283161,0.10283161,1.0,0.000670108,0.0065165567,-26.351315,2.1733646,0.7244549,0.136,0.0,0.14376155,2.959998,2.9799979,483200
hardzero_plus_depr__c0p50__z1p00__lam0p020__nu0p50__psi0p75,hardzero_plus_depr,0.06,31,151,0.0,2,0.12101361,0.12101361,1.0196843,0.0,0.0955687,0.0,0.0,0.006419537,-27.273165,2.2433503,0.7477834,0.18400002,0.0,0.13393092,2.9799979,2.9999979,486400
hardzero_plus_depr__c0p50__z1p00__lam0p020__nu0p50__psi0p75,hardzero_plus_depr,0.06,31,152,0.0,2,0.12101361,0.12101361,1.008937,0.0,0.09796321,0.0,0.0,0.006323964,-27.128466,2.2197058,0.73990196,0.112,0.0,0.17233175,2.9999979,3.0199978,489600
hardzero_plus_depr__c0p50__z1p00__lam0p020__nu0p50__psi0p75,hardzero_plus_depr,0.06,31,153,0.0,2,0.12101361,0.12101361,1.0395783,0.0,0.091289684,0.0,0.0,0.006229812,-27.191673,2.287118,0.7623727,0.14400001,0.0,0.13740517,3.0199978,3.0399978,492800
hardzero_plus_depr__c0p50__z1p00__lam0p020__nu0p50__psi0p75,hardzero_plus_depr,0.06,31,154,0.0,2,0.12101361,0.12101361,1.0038399,0.0,0.099119745,0.0,0.0,0.006137063,-27.80441,2.2084918,0.736164,0.14400001,0.0,0.15903948,3.0399978,3.0599978,496000
hardzero_plus_depr__c0p50__z1p00__lam0p020__nu0p50__psi0p75,hardzero_plus_depr,0.06,31,155,0.0,2,0.12101361,0.12164731,0.97956216,0.10481846,0.10481846,1.0,0.0006337003,0.006045693,-27.005026,2.1550798,0.71835995,0.216,0.0,0.1499899,3.0599978,3.0799978,499200
hardzero_plus_depr__c0p50__z1p00__lam0p020__nu0p50__psi0p75,hardzero_plus_depr,0.06,31,156,0.0,2,0.12164731,0.12164731,1.0663205,0.0,0.08583796,0.0,0.0,0.0059556854,-28.062796,2.345952,0.78198403,0.11,0.0,0.16485345,3.0799978,3.0999978,502400
hardzero_plus_depr__c0p50__z1p00__lam0p020__nu0p50__psi0p75,hardzero_plus_depr,0.06,31,157,0.0,2,0.12164731,0.12164731,1.03765,0.0,0.09169591,0.0,0.0,0.005867016,-27.810587,2.2828755,0.76095855,0.16000001,0.0,0.15844698,3.0999978,3.1199977,505600
hardzero_plus_depr__c0p50__z1p00__lam0p020__nu0p50__psi0p75,hardzero_plus_depr,0.06,31,158,0.0,2,0.12164731,0.12164731,1.0493042,0.0,0.08926798,0.0,0.0,0.005779668,-28.51386,2.3085155,0.7695052,0.17600001,0.0,0.15376714,3.1199977,3.1399977,508800
hardzero_plus_depr__c0p50__z1p00__lam0p020__nu0p50__psi0p75,hardzero_plus_depr,0.06,31,159,0.0,2,0.12164731,0.12223774,0.9842187,0.103700615,0.103700615,1.0,0.00059043185,0.0056936196,-26.343946,2.1653244,0.7217748,0.136,0.0,0.1317986,3.1399977,3.1599977,512000
hardzero_plus_depr__c0p50__z1p00__lam0p020__nu0p50__psi0p75,hardzero_plus_depr,0.06,31,160,0.0,2,0.12223774,0.12223774,1.1122787,0.0,0.07721848,0.0,0.0,0.0056088534,-29.228045,2.447062,0.81568736,0.128,0.0,0.22664885,3.1599977,3.1799977,515200
hardzero_plus_depr__c0p50__z1p00__lam0p020__nu0p50__psi0p75,hardzero_plus_depr,0.06,31,161,0.0,2,0.12223774,0.12223774,1.0141839,0.0,0.0967868,0.0,0.0,0.005525348,-26.989239,2.231249,0.74374974,0.16800001,0.0,0.16395663,3.1799977,3.1999977,518400
hardzero_plus_depr__c0p50__z1p00__lam0p020__nu0p50__psi0p75,hardzero_plus_depr,0.06,31,162,0.0,2,0.12223774,0.12279257,0.9916867,0.10193265,0.10193265,1.0,0.0005548283,0.0054430873,-27.067635,2.1817544,0.72725147,0.17600001,0.0,0.1504401,3.1999977,3.2199976,521600
hardzero_plus_depr__c0p50__z1p00__lam0p020__nu0p50__psi0p75,hardzero_plus_depr,0.06,31,163,0.0,2,0.12279257,0.12279257,1.0485433,0.0,0.08942453,0.0,0.0,0.0053620497,-27.349567,2.3068414,0.7689471,0.16800001,0.0,0.13949925,3.2199976,3.2399976,524800
hardzero_plus_depr__c0p50__z1p00__lam0p020__nu0p50__psi0p75,hardzero_plus_depr,0.06,31,164,0.0,2,0.12279257,0.12333735,0.98659396,0.10313499,0.10313499,1.0,0.0005447817,0.0052822195,-26.19046,2.17055,0.7235167,0.224,0.0,0.13654868,3.2399976,3.2599976,528000
hardzero_plus_depr__c0p50__z1p00__lam0p020__nu0p50__psi0p75,hardzero_plus_depr,0.06,31,165,0.0,2,0.12333735,0.12385954,0.9984735,0.10035209,0.10035209,1.0,0.0005221899,0.005203577,-27.292553,2.1966856,0.7322285,0.136,0.0,0.1715535,3.2599976,3.2799976,531200
hardzero_plus_depr__c0p50__z1p00__lam0p020__nu0p50__psi0p75,hardzero_plus_depr,0.06,31,166,0.0,2,0.12385954,0.12385954,1.0181557,0.0,0.09590568,0.0,0.0,0.0051261066,-27.50411,2.2399871,0.7466624,0.14400001,0.0,0.12169467,3.2799976,3.2999976,534400
hardzero_plus_depr__c0p50__z1p00__lam0p020__nu0p50__psi0p75,hardzero_plus_depr,0.06,31,167,0.0,2,0.12385954,0.12385954,1.0138297,0.0,0.09686575,0.0,0.0,0.005049788,-27.432926,2.23047,0.74349,0.120000005,0.0,0.13454348,3.2999976,3.3199975,537600
hardzero_plus_depr__c0p50__z1p00__lam0p020__nu0p50__psi0p75,hardzero_plus_depr,0.06,31,168,0.0,2,0.12385954,0.12385954,1.0449976,0.0,0.09015761,0.0,0.0,0.0049746074,-27.158436,2.2990406,0.7663469,0.14400001,0.0,0.17651281,3.3199975,3.3399975,540800
hardzero_plus_depr__c0p50__z1p00__lam0p020__nu0p50__psi0p75,hardzero_plus_depr,0.06,31,169,0.0,2,0.12385954,0.12385954,1.0680429,0.0,0.085498214,0.0,0.0,0.0049005444,-28.814987,2.3497412,0.7832471,0.14,0.0,0.15090069,3.3399975,3.3599975,544000
hardzero_plus_depr__c0p50__z1p00__lam0p020__nu0p50__psi0p75,hardzero_plus_depr,0.06,31,170,0.0,2,0.12385954,0.12385954,1.012864,0.0,0.09708139,0.0,0.0,0.004827586,-27.092728,2.2283454,0.7427818,0.23200001,0.016,0.16451132,3.3599975,3.3799975,547200
hardzero_plus_depr__c0p50__z1p00__lam0p020__nu0p50__psi0p75,hardzero_plus_depr,0.06,31,171,0.0,2,0.12385954,0.12385954,1.056407,0.0,0.08781991,0.0,0.0,0.004755712,-28.109142,2.3241417,0.77471393,0.24000001,0.0,0.17447312,3.3799975,3.3999975,550400
hardzero_plus_depr__c0p50__z1p00__lam0p020__nu0p50__psi0p75,hardzero_plus_depr,0.06,31,172,0.0,2,0.12385954,0.12385954,1.0601058,0.0,0.087075144,0.0,0.0,0.004684909,-28.02233,2.3322794,0.7774265,0.14400001,0.0,0.13228244,3.3999975,3.4199975,553600
hardzero_plus_depr__c0p50__z1p00__lam0p020__nu0p50__psi0p75,hardzero_plus_depr,0.06,31,173,0.0,2,0.12385954,0.12385954,1.0224653,0.0,0.09495866,0.0,0.0,0.0046151592,-27.573257,2.2494688,0.749823,0.14400001,0.0,0.16381617,3.4199975,3.4399974,556800
hardzero_plus_depr__c0p50__z1p00__lam0p020__nu0p50__psi0p75,hardzero_plus_depr,0.06,31,174,0.0,2,0.12385954,0.12431963,0.9948331,0.10119682,0.10119682,1.0,0.00046008613,0.0045464486,-27.054771,2.1886766,0.7295589,0.2,0.0,0.17264299,3.4399974,3.4599974,560000
hardzero_plus_depr__c0p50__z1p00__lam0p020__nu0p50__psi0p75,hardzero_plus_depr,0.06,31,175,0.0,2,0.12431963,0.12477707,0.9908201,0.10213624,0.10213624,1.0,0.00045744376,0.0044787605,-25.996729,2.1798477,0.7266159,0.14400001,0.0,0.13768923,3.4599974,3.4799974,563200
hardzero_plus_depr__c0p50__z1p00__lam0p020__nu0p50__psi0p75,hardzero_plus_depr,0.06,31,176,0.0,2,0.12477707,0.12477707,1.0142117,0.0,0.09678061,0.0,0.0,0.0044120816,-26.526775,2.2313101,0.74377006,0.15200001,0.0,0.1258536,3.4799974,3.4999974,566400
hardzero_plus_depr__c0p50__z1p00__lam0p020__nu0p50__psi0p75,hardzero_plus_depr,0.06,31,177,0.0,2,0.12477707,0.12477707,1.0502343,0.0,0.089077026,0.0,0.0,0.0043463935,-27.83615,2.3105617,0.77018726,0.096,0.0,0.15231077,3.4999974,3.5199974,569600
hardzero_plus_depr__c0p50__z1p00__lam0p020__nu0p50__psi0p75,hardzero_plus_depr,0.06,31,178,0.0,2,0.12477707,0.12477707,1.0209383,0.0,0.09529317,0.0,0.0,0.0042816848,-27.900787,2.246109,0.748703,0.136,0.0,0.15017767,3.5199974,3.5399973,572800
hardzero_plus_depr__c0p50__z1p00__lam0p020__nu0p50__psi0p75,hardzero_plus_depr,0.06,31,179,0.0,2,0.12477707,0.12477707,1.0303508,0.0,0.09325007,0.0,0.0,0.0042179385,-26.195522,2.266817,0.7556057,0.192,0.0,0.122798845,3.5399973,3.5599973,576000
hardzero_plus_depr__c0p50__z1p00__lam0p020__nu0p50__psi0p75,hardzero_plus_depr,0.06,31,180,0.0,2,0.12477707,0.12477707,1.0539607,0.0,0.088315986,0.0,0.0,0.0041551418,-28.139393,2.31876,0.77292,0.096,0.0,0.16254039,3.5599973,3.5799973,579200
hardzero_plus_depr__c0p50__z1p00__lam0p020__nu0p50__psi0p75,hardzero_plus_depr,0.06,31,181,0.0,2,0.12477707,0.12520157,0.98419774,0.10370561,0.10370561,1.0,0.00042449604,0.0040932796,-26.98122,2.1652782,0.72175944,0.128,0.0,0.14955088,3.5799973,3.5999973,582400
hardzero_plus_depr__c0p50__z1p00__lam0p020__nu0p50__psi0p75,hardzero_plus_depr,0.06,31,182,0.0,2,0.12520157,0.12520157,1.0799873,0.0,0.083178796,0.0,0.0,0.004032339,-27.496572,2.3760195,0.7920065,0.12,0.0,0.14882112,3.5999973,3.6199973,585600
hardzero_plus_depr__c0p50__z1p00__lam0p020__nu0p50__psi0p75,hardzero_plus_depr,0.06,31,183,0.0,2,0.12520157,0.12520157,1.0355862,0.0,0.09213268,0.0,0.0,0.003972305,-27.878338,2.2783353,0.75944513,0.2,0.0,0.14780065,3.6199973,3.6399972,588800
hardzero_plus_depr__c0p50__z1p00__lam0p020__nu0p50__psi0p75,hardzero_plus_depr,0.06,31,184,0.0,2,0.12520157,0.12520157,1.0644075,0.0,0.08621691,0.0,0.0,0.003913166,-27.91676,2.3417432,0.7805811,0.17600001,0.008,0.14458899,3.6399972,3.6599972,592000
hardzero_plus_depr__c0p50__z1p00__lam0p020__nu0p50__psi0p75,hardzero_plus_depr,0.06,31,185,0.0,2,0.12520157,0.12520157,1.027212,0.0,0.09392645,0.0,0.0,0.0038549055,-27.073593,2.2599115,0.7533039,0.15200001,0.008,0.15056373,3.6599972,3.6799972,595200
hardzero_plus_depr__c0p50__z1p00__lam0p020__nu0p50__psi0p75,hardzero_plus_depr,0.06,31,186,0.0,2,0.12520157,0.12520157,1.0513167,0.0,0.08885528,0.0,0.0,0.003797514,-27.855143,2.312943,0.770981,0.16000001,0.0,0.17050442,3.6799972,3.6999972,598400
hardzero_plus_depr__c0p50__z1p00__lam0p020__nu0p50__psi0p75,hardzero_plus_depr,0.06,31,187,0.0,2,0.12520157,0.12520157,1.0036654,0.0,0.099159546,0.0,0.0,0.0037409763,-27.164833,2.208108,0.736036,0.112,0.0,0.13150941,3.6999972,3.7199972,601600
hardzero_plus_depr__c0p50__z1p00__lam0p020__nu0p50__psi0p75,hardzero_plus_depr,0.06,31,188,0.0,2,0.12520157,0.12520157,1.041015,0.0,0.09098817,0.0,0.0,0.0036852807,-27.341393,2.2902787,0.76342624,0.216,0.008,0.15764491,3.7199972,3.7399971,604800
hardzero_plus_depr__c0p50__z1p00__lam0p020__nu0p50__psi0p75,hardzero_plus_depr,0.06,31,189,0.0,2,0.12520157,0.12520157,1.0100756,0.0,0.09770672,0.0,0.0,0.003630414,-27.427893,2.2222106,0.7407369,0.16800001,0.0,0.16580313,3.7399971,3.7599971,608000
hardzero_plus_depr__c0p50__z1p00__lam0p020__nu0p50__psi0p75,hardzero_plus_depr,0.06,31,190,0.0,2,0.12520157,0.12520157,1.0753052,0.0,0.08408041,0.0,0.0,0.0035763644,-28.228783,2.3657188,0.78857297,0.128,0.0,0.16550924,3.7599971,3.779997,611200
hardzero_plus_depr__c0p50__z1p00__lam0p020__nu0p50__psi0p75,hardzero_plus_depr,0.06,31,191,0.0,2,0.12520157,0.12520157,1.0514339,0.0,0.088831306,0.0,0.0,0.0035231188,-27.242998,2.3132007,0.7710669,0.16000001,0.0,0.15730144,3.779997,3.799997,614400
hardzero_plus_depr__c0p50__z1p00__lam0p020__nu0p50__psi0p75,hardzero_plus_depr,0.06,31,192,0.0,2,0.12520157,0.12520157,1.0143359,0.0,0.096752934,0.0,0.0,0.0034706672,-27.921665,2.2315834,0.74386114,0.14400001,0.0,0.14947939,3.799997,3.819997,617600
hardzero_plus_depr__c0p50__z1p00__lam0p020__nu0p50__psi0p75,hardzero_plus_depr,0.06,31,193,0.0,2,0.12520157,0.12520157,1.0684245,0.0,0.085423134,0.0,0.0,0.0034189953,-27.779924,2.3505807,0.7835269,0.128,0.0,0.15198418,3.819997,3.839997,620800
hardzero_plus_depr__c0p50__z1p00__lam0p020__nu0p50__psi0p75,hardzero_plus_depr,0.06,31,194,0.0,2,0.12520157,0.12520157,1.0486925,0.0,0.08939383,0.0,0.0,0.0033680934,-27.52222,2.3071694,0.7690565,0.128,0.0,0.1412598,3.839997,3.859997,624000
hardzero_plus_depr__c0p50__z1p00__lam0p020__nu0p50__psi0p75,hardzero_plus_depr,0.06,31,195,0.0,2,0.12520157,0.12554088,0.99026597,0.10226665,0.10226665,1.0,0.00033931548,0.0033179487,-27.067839,2.1786287,0.7262096,0.17999999,0.0,0.12221595,3.859997,3.879997,627200
hardzero_plus_depr__c0p50__z1p00__lam0p020__nu0p50__psi0p75,hardzero_plus_depr,0.06,31,196,0.0,2,0.12554088,0.12587163,0.9948584,0.101190925,0.101190925,1.0,0.00033074772,0.0032685513,-26.95484,2.1887321,0.7295774,0.112,0.0,0.15794294,3.879997,3.899997,630400
hardzero_plus_depr__c0p50__z1p00__lam0p020__nu0p50__psi0p75,hardzero_plus_depr,0.06,31,197,0.0,2,0.12587163,0.12587163,1.0409995,0.0,0.09099142,0.0,0.0,0.0032198885,-26.856274,2.2902448,0.763415,0.16000001,0.0,0.1361671,3.899997,3.919997,633600
hardzero_plus_depr__c0p50__z1p00__lam0p020__nu0p50__psi0p75,hardzero_plus_depr,0.06,31,198,0.0,2,0.12587163,0.12621324,0.9677996,0.1076962,0.1076962,1.0,0.00034160708,0.0031719513,-25.667242,2.1292017,0.7097339,0.18400002,0.0,0.1278814,3.919997,3.939997,636800
hardzero_plus_depr__c0p50__z1p00__lam0p020__nu0p50__psi0p75,hardzero_plus_depr,0.06,31,199,0.0,2,0.12621324,0.12654246,0.97732544,0.1053597,0.1053597,1.0,0.00032922026,0.0031247265,-27.055994,2.150159,0.7167196,0.208,0.0,0.128338,3.939997,3.959997,640000
hardzero_plus_depr__c0p50__z1p00__lam0p020__nu0p50__psi0p75,hardzero_plus_depr,0.06,31,200,0.0,2,0.12654246,0.12654246,1.0306909,0.0,0.09317707,0.0,0.0,0.0030782057,-27.150368,2.2675653,0.7558551,0.136,0.0,0.14588597,3.959997,3.979997,643200
hardzero_plus_depr__c0p50__z1p00__lam0p020__nu0p50__psi0p75,hardzero_plus_depr,0.06,31,201,0.0,2,0.12654246,0.12654246,1.0437521,0.0,0.09041656,0.0,0.0,0.0030323772,-27.3018,2.2963004,0.7654335,0.18400002,0.0,0.16114447,3.979997,3.999997,646400
hardzero_plus_depr__c0p50__z1p00__lam0p020__nu0p50__psi0p75,hardzero_plus_depr,0.06,31,202,0.0,2,0.12654246,0.12686706,0.96393543,0.10865871,0.10865871,1.0,0.00032458868,0.0029872311,-26.527113,2.1207004,0.7069001,0.16000001,0.0,0.12738667,3.999997,4.019997,649600
hardzero_plus_depr__c0p50__z1p00__lam0p020__nu0p50__psi0p75,hardzero_plus_depr,0.06,31,203,0.0,2,0.12686706,0.12717855,0.97531474,0.10584863,0.10584863,1.0,0.0003114867,0.002942756,-26.259262,2.1457353,0.7152451,0.16800001,0.0,0.13504863,4.019997,4.039997,652800
hardzero_plus_depr__c0p50__z1p00__lam0p020__nu0p50__psi0p75,hardzero_plus_depr,0.06,31,204,0.0,2,0.12717855,0.12717855,1.0014546,0.0,0.09966563,0.0,0.0,0.0028989443,-26.294,2.203244,0.7344147,0.120000005,0.0,0.1517911,4.039997,4.059997,656000
hardzero_plus_depr__c0p50__z1p00__lam0p020__nu0p50__psi0p75,hardzero_plus_depr,0.06,31,205,0.0,2,0.12717855,0.12717855,1.0622325,0.0,0.08664979,0.0,0.0,0.0028557852,-27.383192,2.3369582,0.7789861,0.120000005,0.0,0.13785027,4.059997,4.079997,659200
hardzero_plus_depr__c0p50__z1p00__lam0p020__nu0p50__psi0p75,hardzero_plus_depr,0.06,31,206,0.0,2,0.12717855,0.12746942,0.9855102,0.10339268,0.10339268,1.0,0.00029087134,0.002813268,-27.256155,2.1681657,0.72272193,0.17600001,0.0,0.1400196,4.079997,4.099997,662400
hardzero_plus_depr__c0p50__z1p00__lam0p020__nu0p50__psi0p75,hardzero_plus_depr,0.06,31,207,0.0,2,0.12746942,0.12746942,1.0208025,0.0,0.09532295,0.0,0.0,0.0027713832,-27.31866,2.2458103,0.74860346,0.15200001,0.0,0.13470042,4.099997,4.119997,665600
hardzero_plus_depr__c0p50__z1p00__lam0p020__nu0p50__psi0p75,hardzero_plus_depr,0.06,31,208,0.0,2,0.12746942,0.12746942,1.0359039,0.0,0.09206532,0.0,0.0,0.0027301232,-27.466492,2.2790341,0.75967807,0.14,0.0,0.15076697,4.119997,4.139997,668800
hardzero_plus_depr__c0p50__z1p00__lam0p020__nu0p50__psi0p75,hardzero_plus_depr,0.06,31,209,0.0,2,0.12746942,0.12746942,1.0151772,0.0,0.096565664,0.0,0.0,0.0026894775,-26.879042,2.2334347,0.7444782,0.18400002,0.0,0.1545752,4.139997,4.159997,672000
hardzero_plus_depr__c0p50__z1p00__lam0p020__nu0p50__psi0p75,hardzero_plus_depr,0.06,31,210,0.0,2,0.12746942,0.12746942,1.049459,0.0,0.089236185,0.0,0.0,0.002649436,-28.250927,2.3088558,0.76961863,0.15200001,0.0,0.14085577,4.159997,4.179997,675200
hardzero_plus_depr__c0p50__z1p00__lam0p020__nu0p50__psi0p75,hardzero_plus_depr,0.06,31,211,0.0,2,0.12746942,0.12746942,1.0578482,0.0,0.08752896,0.0,0.0,0.0026099908,-26.981491,2.3273125,0.77577084,0.128,0.0,0.13202444,4.179997,4.199997,678400
hardzero_plus_depr__c0p50__z1p00__lam0p020__nu0p50__psi0p75,hardzero_plus_depr,0.06,31,212,0.0,2,0.12746942,0.12773167,0.99141073,0.101997435,0.101997435,1.0,0.00026224903,0.0025711334,-26.080872,2.181147,0.72704905,0.136,0.0,0.15557642,4.199997,4.219997,681600
hardzero_plus_depr__c0p50__z1p00__lam0p020__nu0p50__psi0p75,hardzero_plus_depr,0.06,31,213,0.0,2,0.12773167,0.12773167,1.1020725,0.0,0.07905466,0.0,0.0,0.0025328547,-28.99322,2.424608,0.8082027,0.208,0.0,0.20386373,4.219997,4.239997,684800
hardzero_plus_depr__c0p50__z1p00__lam0p020__nu0p50__psi0p75,hardzero_plus_depr,0.06,31,214,0.0,2,0.12773167,0.12798905,0.98649853,0.10315766,0.10315766,1.0,0.00025739332,0.002495145,-26.85147,2.17034,0.7234467,0.128,0.0,0.12967126,4.239997,4.259997,688000
hardzero_plus_depr__c0p50__z1p00__lam0p020__nu0p50__psi0p75,hardzero_plus_depr,0.06,31,215,0.0,2,0.12798905,0.12824222,0.9871599,0.10300066,0.10300066,1.0,0.0002531753,0.0024579968,-25.94637,2.1717951,0.7239317,0.136,0.0,0.1246812,4.259997,4.279997,691200
hardzero_plus_depr__c0p50__z1p00__lam0p020__nu0p50__psi0p75,hardzero_plus_depr,0.06,31,216,0.0,2,0.12824222,0.12824222,1.0450636,0.0,0.0901439,0.0,0.0,0.0024214026,-26.943872,2.2991858,0.7663953,0.128,0.0,0.16551068,4.279997,4.299997,694400
hardzero_plus_depr__c0p50__z1p00__lam0p020__nu0p50__psi0p75,hardzero_plus_depr,0.06,31,217,0.0,2,0.12824222,0.12824222,1.0146835,0.0,0.09667552,0.0,0.0,0.0023853525,-26.124111,2.2323482,0.74411607,0.120000005,0.0,0.10659582,4.299997,4.319997,697600
hardzero_plus_depr__c0p50__z1p00__lam0p020__nu0p50__psi0p75,hardzero_plus_depr,0.06,31,218,0.0,2,0.12824222,0.12824222,1.0053717,0.0,0.098770745,0.0,0.0,0.0023498393,-27.224798,2.2118618,0.7372873,0.14400001,0.0,0.1894263,4.319997,4.339997,700800
hardzero_plus_depr__c0p50__z1p00__lam0p020__nu0p50__psi0p75,hardzero_plus_depr,0.06,31,219,0.0,2,0.12824222,0.12824222,1.0337428,0.0,0.0925246,0.0,0.0,0.0023148544,-27.76519,2.2742796,0.75809324,0.16800001,0.0,0.18051928,4.339997,4.359997,704000
hardzero_plus_depr__c0p50__z1p00__lam0p020__nu0p50__psi0p75,hardzero_plus_depr,0.06,31,220,0.0,2,0.12824222,0.12847269,0.9954088,0.10106278,0.10106278,1.0,0.00023046267,0.002280391,-26.533333,2.189943,0.72998106,0.16800001,0.0,0.17403594,4.359997,4.379997,707200
hardzero_plus_depr__c0p50__z1p00__lam0p020__nu0p50__psi0p75,hardzero_plus_depr,0.06,31,221,0.0,2,0.12847269,0.12847269,1.0869812,0.0,0.08185002,0.0,0.0,0.0022464409,-28.872257,2.3914063,0.7971355,0.11,0.0,0.1691012,4.379997,4.3999968,710400
hardzero_plus_depr__c0p50__z1p00__lam0p020__nu0p50__psi0p75,hardzero_plus_depr,0.06,31,222,0.0,2,0.12847269,0.12847269,1.0590179,0.0,0.08729353,0.0,0.0,0.0022129954,-28.207773,2.329886,0.7766287,0.120000005,0.0,0.14176112,4.3999968,4.4199967,713600
hardzero_plus_depr__c0p50__z1p00__lam0p020__nu0p50__psi0p75,hardzero_plus_depr,0.06,31,223,0.0,2,0.12847269,0.12847269,1.0501754,0.0,0.0890891,0.0,0.0,0.0021800478,-27.588507,2.3104322,0.7701441,0.080000006,0.0,0.15177831,4.4199967,4.4399967,716800
hardzero_plus_depr__c0p50__z1p00__lam0p020__nu0p50__psi0p75,hardzero_plus_depr,0.06,31,224,0.0,2,0.12847269,0.12847269,1.0418278,0.0,0.090818055,0.0,0.0,0.0021475914,-26.993923,2.2920668,0.7640223,0.14400001,0.0,0.13185132,4.4399967,4.4599967,720000
hardzero_plus_depr__c0p50__z1p00__lam0p020__nu0p50__psi0p75,hardzero_plus_depr,0.06,31,225,0.0,2,0.12847269,0.12847269,1.0034332,0.0,0.099212594,0.0,0.0,0.0021156182,-26.493511,2.2075973,0.7358658,0.15200001,0.0,0.14445439,4.4599967,4.4799967,723200
hardzero_plus_depr__c0p50__z1p00__lam0p020__nu0p50__psi0p75,hardzero_plus_depr,0.06,31,226,0.0,2,0.12847269,0.12847269,1.0184063,0.0,0.095850356,0.0,0.0,0.0020841206,-27.712872,2.2405386,0.7468462,0.192,0.0,0.18451323,4.4799967,4.4999967,726400
hardzero_plus_depr__c0p50__z1p00__lam0p020__nu0p50__psi0p75,hardzero_plus_depr,0.06,31,227,0.0,2,0.12847269,0.12847269,1.0271909,0.0,0.09393103,0.0,0.0,0.002053092,-27.20754,2.259865,0.7532884,0.136,0.0,0.12704135,4.4999967,4.5199966,729600
hardzero_plus_depr__c0p50__z1p00__lam0p020__nu0p50__psi0p75,hardzero_plus_depr,0.06,31,228,0.0,2,0.12847269,0.1286906,0.9675952,0.1077469,0.1077469,1.0,0.00021792085,0.0020225255,-26.070097,2.128752,0.709584,0.17600001,0.0,0.13377868,4.5199966,4.5399966,732800
hardzero_plus_depr__c0p50__z1p00__lam0p020__nu0p50__psi0p75,hardzero_plus_depr,0.06,31,229,0.0,2,0.1286906,0.12889223,0.99483824,0.101195626,0.101195626,1.0,0.00020162362,0.0019924145,-27.401915,2.1886878,0.72956264,0.18400002,0.0,0.13891889,4.5399966,4.5599966,736000
hardzero_plus_depr__c0p50__z1p00__lam0p020__nu0p50__psi0p75,hardzero_plus_depr,0.06,31,230,0.0,2,0.12889223,0.12889223,1.0025682,0.0,0.09941039,0.0,0.0,0.0019627512,-26.954407,2.2056942,0.7352314,0.192,0.0,0.15134539,4.5599966,4.5799966,739200
hardzero_plus_depr__c0p50__z1p00__lam0p020__nu0p50__psi0p75,hardzero_plus_depr,0.06,31,231,0.0,2,0.12889223,0.12889223,1.0029175,0.0,0.099330455,0.0,0.0,0.0019335294,-26.498905,2.2064626,0.7354876,0.120000005,0.0,0.13869828,4.5799966,4.5999966,742400
hardzero_plus_depr__c0p50__z1p00__lam0p020__nu0p50__psi0p75,hardzero_plus_depr,0.06,31,232,0.0,2,0.12889223,0.12889223,1.0405204,0.0,0.09109186,0.0,0.0,0.001904743,-26.799505,2.2891905,0.76306355,0.136,0.0,0.1481032,4.5999966,4.6199965,745600
hardzero_plus_depr__c0p50__z1p00__lam0p020__nu0p50__psi0p75,hardzero_plus_depr,0.06,31,233,0.0,2,0.12889223,0.12889223,1.0814903,0.0,0.08289144,0.0,0.0,0.0018763853,-28.1851,2.379326,0.7931087,0.17600001,0.0,0.23221202,4.6199965,4.6399965,748800
hardzero_plus_depr__c0p50__z1p00__lam0p020__nu0p50__psi0p75,hardzero_plus_depr,0.06,31,234,0.0,2,0.12889223,0.12889223,1.0504638,0.0,0.089029975,0.0,0.0,0.0018484495,-27.70797,2.3110664,0.77035546,0.08,0.0,0.123886935,4.6399965,4.6599965,752000
hardzero_plus_depr__c0p50__z1p00__lam0p020__nu0p50__psi0p75,hardzero_plus_depr,0.06,31,235,0.0,2,0.12889223,0.12908559,0.973941,0.106183976,0.106183976,1.0,0.00019335352,0.0018209295,-26.453756,2.142713,0.7142377,0.16800001,0.0,0.14425825,4.6599965,4.6799965,755200
hardzero_plus_depr__c0p50__z1p00__lam0p020__nu0p50__psi0p75,hardzero_plus_depr,0.06,31,236,0.0,2,0.12908559,0.12927844,0.96855843,0.107508205,0.107508205,1.0,0.00019285033,0.0017938197,-26.11515,2.130871,0.7102904,0.192,0.0,0.14571114,4.6799965,4.6999965,758400
hardzero_plus_depr__c0p50__z1p00__lam0p020__nu0p50__psi0p75,hardzero_plus_depr,0.06,31,237,0.0,2,0.12927844,0.12927844,1.0139351,0.0,0.09684227,0.0,0.0,0.0017671133,-28.083872,2.2307017,0.7435672,0.16000001,0.0,0.15519795,4.6999965,4.7199965,761600
hardzero_plus_depr__c0p50__z1p00__lam0p020__nu0p50__psi0p75,hardzero_plus_depr,0.06,31,238,0.0,2,0.12927844,0.12927844,1.0033436,0.0,0.09923308,0.0,0.0,0.0017408043,-27.21631,2.2074,0.7358,0.136,0.0,0.1514679,4.7199965,4.7399964,764800
hardzero_plus_depr__c0p50__z1p00__lam0p020__nu0p50__psi0p75,hardzero_plus_depr,0.06,31,239,0.0,2,0.12927844,0.1294509,0.99754804,0.10056617,0.10056617,1.0,0.00017245962,0.001714887,-26.730606,2.1946495,0.73154986,0.136,0.0,0.13203783,4.7399964,4.7599964,768000
hardzero_plus_depr__c0p50__z1p00__lam0p020__nu0p50__psi0p75,hardzero_plus_depr,0.06,31,240,0.0,2,0.1294509,0.12962066,0.9979159,0.10048102,0.10048102,1.0,0.0001697482,0.0016893558,-26.60035,2.195459,0.7318196,0.136,0.0,0.15921327,4.7599964,4.7799964,771200
hardzero_plus_depr__c0p50__z1p00__lam0p020__nu0p50__psi0p75,hardzero_plus_depr,0.06,31,241,0.0,2,0.12962066,0.1297924,0.9863225,0.103199475,0.103199475,1.0,0.00017174507,0.0016642049,-26.95506,2.1699529,0.7233176,0.15200001,0.0,0.14952978,4.7799964,4.7999964,774400
hardzero_plus_depr__c0p50__z1p00__lam0p020__nu0p50__psi0p75,hardzero_plus_depr,0.06,31,242,0.0,2,0.1297924,0.1297924,1.0050075,0.0,0.0988536,0.0,0.0,0.0016394279,-26.460022,2.2110608,0.73702025,0.096,0.0,0.1276827,4.7999964,4.8199964,777600
hardzero_plus_depr__c0p50__z1p00__lam0p020__nu0p50__psi0p75,hardzero_plus_depr,0.06,31,243,0.0,2,0.1297924,0.12995999,0.98395723,0.10376306,0.10376306,1.0,0.00016757939,0.0016150197,-25.714539,2.1647491,0.72158307,0.16000001,0.0,0.14153019,4.8199964,4.8399963,780800
hardzero_plus_depr__c0p50__z1p00__lam0p020__nu0p50__psi0p75,hardzero_plus_depr,0.06,31,244,0.0,2,0.12995999,0.12995999,1.0699906,0.0,0.08511564,0.0,0.0,0.0015909754,-27.831076,2.3540263,0.7846755,0.14400001,0.0,0.1506936,4.8399963,4.8599963,784000
hardzero_plus_depr__c0p50__z1p00__lam0p020__nu0p50__psi0p75,hardzero_plus_depr,0.06,31,245,0.0,2,0.12995999,0.13011993,0.9911517,0.1020583,0.1020583,1.0,0.00015995486,0.0015672891,-27.23491,2.1805773,0.7268591,0.136,0.0,0.14573878,4.8599963,4.8799963,787200
hardzero_plus_depr__c0p50__z1p00__lam0p020__nu0p50__psi0p75,hardzero_plus_depr,0.06,31,246,0.0,2,0.13011993,0.13011993,1.0500375,0.0,0.08911741,0.0,0.0,0.0015439551,-26.963676,2.3101287,0.7700429,0.17600001,0.008,0.14280488,4.8799963,4.8999963,790400
hardzero_plus_depr__c0p50__z1p00__lam0p020__nu0p50__psi0p75,hardzero_plus_depr,0.06,31,247,0.0,2,0.13011993,0.13011993,1.0215343,0.0,0.09516246,0.0,0.0,0.0015209685,-27.59471,2.2474203,0.74914014,0.13,0.0,0.15333433,4.8999963,4.9199963,793600
hardzero_plus_depr__c0p50__z1p00__lam0p020__nu0p50__psi0p75,hardzero_plus_depr,0.06,31,248,0.0,2,0.13011993,0.13028032,0.97046375,0.10703756,0.10703756,1.0,0.00016037698,0.0014983243,-26.881918,2.135063,0.7116877,0.24800001,0.0,0.14237073,4.9199963,4.9399962,796800
hardzero_plus_depr__c0p50__z1p00__lam0p020__nu0p50__psi0p75,hardzero_plus_depr,0.06,31,249,0.0,2,0.13028032,0.13028032,1.0363637,0.0,0.09196791,0.0,0.0,0.0014760174,-27.982838,2.2800457,0.76001525,0.136,0.0,0.161693,4.9399962,4.959996,800000
hardzero_plus_depr__c0p50__z1p00__lam0p020__nu0p50__psi0p75,hardzero_plus_depr,0.06,31,250,0.0,2,0.13028032,0.13028032,1.0308799,0.0,0.09313654,0.0,0.0,0.0014540422,-27.399908,2.267981,0.7559937,0.16000001,0.0,0.14270544,4.959996,4.979996,803200
hardzero_plus_depr__c0p50__z1p00__lam0p020__nu0p50__psi0p75,hardzero_plus_depr,0.06,31,251,0.0,2,0.13028032,0.13028032,1.0823733,0.0,0.08272307,0.0,0.0,0.0014323941,-28.811155,2.3812687,0.79375625,0.16000001,0.0,0.16587535,4.979996,4.999996,806400
hardzero_plus_depr__c0p50__z1p00__lam0p020__nu0p50__psi0p75,hardzero_plus_depr,0.06,31,252,0.0,2,0.13028032,0.13028032,1.0365561,0.0,0.09192716,0.0,0.0,0.0014110688,-27.12687,2.280469,0.76015633,0.16000001,0.0,0.14299917,4.999996,5.019996,809600
hardzero_plus_depr__c0p50__z1p00__lam0p020__nu0p50__psi0p75,hardzero_plus_depr,0.06,31,253,0.0,2,0.13028032,0.13028032,1.024242,0.0,0.094570994,0.0,0.0,0.0013900609,-26.787083,2.2533774,0.7511258,0.15200001,0.0,0.13591775,5.019996,5.039996,812800
hardzero_plus_depr__c0p50__z1p00__lam0p020__nu0p50__psi0p75,hardzero_plus_depr,0.06,31,254,0.0,2,0.13028032,0.13028032,1.0132629,0.0,0.09699228,0.0,0.0,0.0013693655,-26.970045,2.2292228,0.7430743,0.16000001,0.0,0.15710561,5.039996,5.059996,816000
hardzero_plus_depr__c0p50__z1p00__lam0p020__nu0p50__psi0p75,hardzero_plus_depr,0.06,31,255,0.0,2,0.13028032,0.13028032,1.0291601,0.0,0.093506075,0.0,0.0,0.0013489783,-26.979519,2.2641976,0.75473255,0.23200001,0.0,0.19493824,5.059996,5.079996,819200
hardzero_plus_depr__c0p50__z1p00__lam0p020__nu0p50__psi0p75,hardzero_plus_depr,0.06,31,256,0.0,2,0.13028032,0.13028032,1.0818381,0.0,0.082825065,0.0,0.0,0.0013288946,-29.135847,2.3800914,0.7933638,0.192,0.0,0.16737768,5.079996,5.099996,822400
hardzero_plus_depr__c0p50__z1p00__lam0p020__nu0p50__psi0p75,hardzero_plus_depr,0.06,31,257,0.0,2,0.13028032,0.13028032,1.0161288,0.0,0.09635431,0.0,0.0,0.0013091101,-27.54142,2.235528,0.745176,0.16800001,0.0,0.15438893,5.099996,5.119996,825600
hardzero_plus_depr__c0p50__z1p00__lam0p020__nu0p50__psi0p75,hardzero_plus_depr,0.06,31,258,0.0,2,0.13028032,0.13028032,1.0770898,0.0,0.083735615,0.0,0.0,0.0012896198,-28.531424,2.3696449,0.78988165,0.14400001,0.0,0.15529042,5.119996,5.139996,828800
hardzero_plus_depr__c0p50__z1p00__lam0p020__nu0p50__psi0p75,hardzero_plus_depr,0.06,31,259,0.0,2,0.13028032,0.13028032,1.0041767,0.0,0.09904288,0.0,0.0,0.0012704198,-27.950577,2.2092328,0.736411,0.17600001,0.0,0.13974272,5.139996,5.159996,832000
hardzero_plus_depr__c0p50__z1p00__lam0p020__nu0p50__psi0p75,hardzero_plus_depr,0.06,31,260,0.0,2,0.13028032,0.13028032,1.0326954,0.0,0.092748,0.0,0.0,0.0012515058,-27.519205,2.2719753,0.7573251,0.17999999,0.0,0.16883746,5.159996,5.179996,835200
hardzero_plus_depr__c0p50__z1p00__lam0p020__nu0p50__psi0p75,hardzero_plus_depr,0.06,31,261,0.0,2,0.13028032,0.13028032,1.032983,0.0,0.092686616,0.0,0.0,0.0012328735,-27.681816,2.2726078,0.75753593,0.16000001,0.0,0.13608924,5.179996,5.199996,838400
hardzero_plus_depr__c0p50__z1p00__lam0p020__nu0p50__psi0p75,hardzero_plus_depr,0.06,31,262,0.0,2,0.13028032,0.13028032,1.0010726,0.0,0.09975333,0.0,0.0,0.0012145184,-26.597404,2.2024038,0.7341346,0.15200001,0.0,0.13629805,5.199996,5.219996,841600
hardzero_plus_depr__c0p50__z1p00__lam0p020__nu0p50__psi0p75,hardzero_plus_depr,0.06,31,263,0.0,2,0.13028032,0.13041042,0.9636303,0.10873508,0.10873508,1.0,0.0001300946,0.0011964364,-26.842398,2.120029,0.70667636,0.17600001,0.0,0.13071892,5.219996,5.239996,844800
hardzero_plus_depr__c0p50__z1p00__lam0p020__nu0p50__psi0p75,hardzero_plus_depr,0.06,31,264,0.0,2,0.13041042,0.13041042,1.0526305,0.0,0.08858689,0.0,0.0,0.001178624,-27.158459,2.3158336,0.7719445,0.17600001,0.0,0.1485946,5.239996,5.259996,848000
hardzero_plus_depr__c0p50__z1p00__lam0p020__nu0p50__psi0p75,hardzero_plus_depr,0.06,31,265,0.0,2,0.13041042,0.13041042,1.0105257,0.0,0.09760548,0.0,0.0,0.0011610766,-26.532446,2.223201,0.74106705,0.16000001,0.0,0.13748582,5.259996,5.279996,851200
hardzero_plus_depr__c0p50__z1p00__lam0p020__nu0p50__psi0p75,hardzero_plus_depr,0.06,31,266,0.0,2,0.13041042,0.13053259,0.9713712,0.10681415,0.10681415,1.0,0.00012217299,0.0011437903,-27.11906,2.1370592,0.7123531,0.128,0.0,0.1500286,5.279996,5.299996,854400
hardzero_plus_depr__c0p50__z1p00__lam0p020__nu0p50__psi0p75,hardzero_plus_depr,0.06,31,267,0.0,2,0.13053259,0.13065307,0.97091156,0.10692726,0.10692726,1.0,0.00012048151,0.0011267614,-26.88667,2.136048,0.71201605,0.224,0.0,0.12219897,5.299996,5.319996,857600
hardzero_plus_depr__c0p50__z1p00__lam0p020__nu0p50__psi0p75,hardzero_plus_depr,0.06,31,268,0.0,2,0.13065307,0.13065307,1.0203547,0.0,0.09542128,0.0,0.0,0.0011099862,-27.10371,2.2448254,0.74827516,0.15200001,0.0,0.13986735,5.319996,5.339996,860800
hardzero_plus_depr__c0p50__z1p00__lam0p020__nu0p50__psi0p75,hardzero_plus_depr,0.06,31,269,0.0,2,0.13065307,0.1307667,0.9832682,0.103927806,0.103927806,1.0,0.000113640985,0.0010934608,-26.574482,2.1632333,0.7210778,0.14400001,0.0,0.13876052,5.339996,5.359996,864000
hardzero_plus_depr__c0p50__z1p00__lam0p020__nu0p50__psi0p75,hardzero_plus_depr,0.06,31,270,0.0,2,0.1307667,0.1307667,1.0839609,0.0,0.08242123,0.0,0.0,0.0010771815,-28.505547,2.3847616,0.79492056,0.208,0.0,0.1603093,5.359996,5.379996,867200
hardzero_plus_depr__c0p50__z1p00__lam0p020__nu0p50__psi0p75,hardzero_plus_depr,0.06,31,271,0.0,2,0.1307667,0.1307667,1.049175,0.0,0.089294545,0.0,0.0,0.0010611439,-27.645987,2.308231,0.7694104,0.14400001,0.0,0.12985237,5.379996,5.399996,870400
hardzero_plus_depr__c0p50__z1p00__lam0p020__nu0p50__psi0p75,hardzero_plus_depr,0.06,31,272,0.0,2,0.1307667,0.1307667,1.0251768,0.0,0.09436766,0.0,0.0,0.0010453457,-29.029598,2.2554338,0.75181127,0.14400001,0.0,0.19577684,5.399996,5.419996,873600
hardzero_plus_depr__c0p50__z1p00__lam0p020__nu0p50__psi0p75,hardzero_plus_depr,0.06,31,273,0.0,2,0.1307667,0.13087493,0.97843045,0.10509197,0.10509197,1.0,0.00010822187,0.0010297826,-26.36793,2.15259,0.71753,0.16,0.0,0.13404757,5.419996,5.439996,876800
hardzero_plus_depr__c0p50__z1p00__lam0p020__nu0p50__psi0p75,hardzero_plus_depr,0.06,31,274,0.0,2,0.13087493,0.13087493,1.0454351,0.0,0.09006684,0.0,0.0,0.0010144509,-27.68677,2.300003,0.7666677,0.14400001,0.0,0.15206368,5.439996,5.4599957,880000
hardzero_plus_depr__c0p50__z1p00__lam0p020__nu0p50__psi0p75,hardzero_plus_depr,0.06,31,275,0.0,2,0.13087493,0.13098213,0.96953875,0.10726579,0.10726579,1.0,0.00010719585,0.0009993479,-25.762905,2.1330278,0.71100926,0.16000001,0.0,0.11722209,5.4599957,5.4799957,883200
hardzero_plus_depr__c0p50__z1p00__lam0p020__nu0p50__psi0p75,hardzero_plus_depr,0.06,31,276,0.0,2,0.13098213,0.13108341,0.9876834,0.10287658,0.10287658,1.0,0.00010127886,0.0009844695,-26.284403,2.172947,0.72431564,0.16800001,0.0,0.15766467,5.4799957,5.4999957,886400
hardzero_plus_depr__c0p50__z1p00__lam0p020__nu0p50__psi0p75,hardzero_plus_depr,0.06,31,277,0.0,2,0.13108341,0.13118121,0.99636394,0.10084074,0.10084074,1.0,9.779665e-05,0.0009698129,-27.270462,2.1920445,0.73068154,0.208,0.0,0.15871505,5.4999957,5.5199957,889600
hardzero_plus_depr__c0p50__z1p00__lam0p020__nu0p50__psi0p75,hardzero_plus_depr,0.06,31,278,0.0,2,0.13118121,0.13118121,1.0240449,0.0,0.09461394,0.0,0.0,0.00095537433,-26.963268,2.2529438,0.7509813,0.15200001,0.0,0.15378168,5.5199957,5.5399957,892800
hardzero_plus_depr__c0p50__z1p00__lam0p020__nu0p50__psi0p75,hardzero_plus_depr,0.06,31,279,0.0,2,0.13118121,0.13118121,1.0282993,0.0,0.09369159,0.0,0.0,0.00094115036,-27.275614,2.2623036,0.7541012,0.14400001,0.0,0.13606665,5.5399957,5.5599957,896000
hardzero_plus_depr__c0p50__z1p00__lam0p020__nu0p50__psi0p75,hardzero_plus_depr,0.06,31,280,0.0,2,0.13118121,0.13118121,1.0517042,0.0,0.088776045,0.0,0.0,0.0009271386,-27.494211,2.3137953,0.77126515,0.128,0.0,0.15340973,5.5599957,5.5799956,899200
hardzero_plus_depr__c0p50__z1p00__lam0p020__nu0p50__psi0p75,hardzero_plus_depr,0.06,31,281,0.0,2,0.13118121,0.13127737,0.97763556,0.1052845,0.1052845,1.0,9.616007e-05,0.0009133355,-26.080893,2.1508412,0.7169471,0.208,0.0,0.1479523,5.5799956,5.5999956,902400
hardzero_plus_depr__c0p50__z1p00__lam0p020__nu0p50__psi0p75,hardzero_plus_depr,0.06,31,282,0.0,2,0.13127737,0.13127737,1.0153825,0.0,0.096520044,0.0,0.0,0.0008997374,-27.591444,2.2338862,0.7446288,0.128,0.0,0.13202292,5.5999956,5.6199956,905600
hardzero_plus_depr__c0p50__z1p00__lam0p020__nu0p50__psi0p75,hardzero_plus_depr,0.06,31,283,0.0,2,0.13127737,0.1313682,0.98933727,0.10248557,0.10248557,1.0,9.083727e-05,0.0008863421,-26.229094,2.1765854,0.7255285,0.272,0.0,0.1420324,5.6199956,5.6399956,908800
hardzero_plus_depr__c0p50__z1p00__lam0p020__nu0p50__psi0p75,hardzero_plus_depr,0.06,31,284,0.0,2,0.1313682,0.1313682,1.0016502,0.0,0.099620745,0.0,0.0,0.00087314635,-27.632992,2.2036746,0.7345582,0.136,0.0,0.14265917,5.6399956,5.6599956,912000
hardzero_plus_depr__c0p50__z1p00__lam0p020__nu0p50__psi0p75,hardzero_plus_depr,0.06,31,285,0.0,2,0.1313682,0.1313682,1.0273602,0.0,0.093894415,0.0,0.0,0.00086014695,-28.189718,2.2602375,0.7534125,0.208,0.0,0.15279363,5.6599956,5.6799955,915200
hardzero_plus_depr__c0p50__z1p00__lam0p020__nu0p50__psi0p75,hardzero_plus_depr,0.06,31,286,0.0,2,0.1313682,0.1313682,1.0380856,0.0,0.09160399,0.0,0.0,0.0008473412,-28.180555,2.283834,0.76127803,0.13,0.0,0.16329613,5.6799955,5.6999955,918400
hardzero_plus_depr__c0p50__z1p00__lam0p020__nu0p50__psi0p75,hardzero_plus_depr,0.06,31,287,0.0,2,0.1313682,0.13145342,0.9910159,0.1020902,0.1020902,1.0,8.521731e-05,0.0008347257,-26.153774,2.1802785,0.72675955,0.16000001,0.0,0.12446868,5.6999955,5.7199955,921600
hardzero_plus_depr__c0p50__z1p00__lam0p020__nu0p50__psi0p75,hardzero_plus_depr,0.06,31,288,0.0,2,0.13145342,0.13145342,1.0651162,0.0,0.08607635,0.0,0.0,0.0008222983,-27.728407,2.3433022,0.78110075,0.14400001,0.0,0.13680786,5.7199955,5.7399955,924800
hardzero_plus_depr__c0p50__z1p00__lam0p020__nu0p50__psi0p75,hardzero_plus_depr,0.06,31,289,0.0,2,0.13145342,0.1315349,0.99743086,0.10059331,0.10059331,1.0,8.1486214e-05,0.000810056,-26.544165,2.1943917,0.7314639,0.16000001,0.0,0.1251655,5.7399955,5.7599955,928000
hardzero_plus_depr__c0p50__z1p00__lam0p020__nu0p50__psi0p75,hardzero_plus_depr,0.06,31,290,0.0,2,0.1315349,0.1315349,1.0431725,0.0,0.09053729,0.0,0.0,0.00079799554,-27.810888,2.2950253,0.76500845,0.18400002,0.0,0.14068843,5.7599955,5.7799954,931200
hardzero_plus_depr__c0p50__z1p00__lam0p020__nu0p50__psi0p75,hardzero_plus_depr,0.06,31,291,0.0,2,0.1315349,0.1315349,1.0054209,0.0,0.09875954,0.0,0.0,0.00078611507,-27.194338,2.2119703,0.73732346,0.2,0.0,0.14048679,5.7799954,5.7999954,934400
hardzero_plus_depr__c0p50__z1p00__lam0p020__nu0p50__psi0p75,hardzero_plus_depr,0.06,31,292,0.0,2,0.1315349,0.1315349,1.0066929,0.0,0.098470725,0.0,0.0,0.0007744114,-27.164179,2.2147686,0.7382562,0.15200001,0.0,0.13513273,5.7999954,5.8199954,937600
hardzero_plus_depr__c0p50__z1p00__lam0p020__nu0p50__psi0p75,hardzero_plus_depr,0.06,31,293,0.0,2,0.1315349,0.1315349,1.0235609,0.0,0.09471943,0.0,0.0,0.000762882,-27.275127,2.251879,0.7506263,0.136,0.0,0.14061186,5.8199954,5.8399954,940800
hardzero_plus_depr__c0p50__z1p00__lam0p020__nu0p50__psi0p75,hardzero_plus_depr,0.06,31,294,0.0,2,0.1315349,0.1315349,1.0233932,0.0,0.09475602,0.0,0.0,0.00075152435,-26.949516,2.25151,0.7505033,0.136,0.0,0.13765314,5.8399954,5.8599954,944000
hardzero_plus_depr__c0p50__z1p00__lam0p020__nu0p50__psi0p75,hardzero_plus_depr,0.06,31,295,0.0,2,0.1315349,0.1315349,1.0110358,0.0,0.09749092,0.0,0.0,0.0007403353,-27.235935,2.2243233,0.74144113,0.16000001,0.0,0.15193741,5.8599954,5.8799953,947200
hardzero_plus_depr__c0p50__z1p00__lam0p020__nu0p50__psi0p75,hardzero_plus_depr,0.06,31,296,0.0,2,0.1315349,0.13161166,0.9778366,0.10523576,0.10523576,1.0,7.6749835e-05,0.00072931324,-26.19518,2.1512835,0.71709454,0.14400001,0.0,0.14364591,5.8799953,5.8999953,950400
hardzero_plus_depr__c0p50__z1p00__lam0p020__nu0p50__psi0p75,hardzero_plus_depr,0.06,31,297,0.0,2,0.13161166,0.13161166,1.0896703,0.0,0.08134477,0.0,0.0,0.0007184553,-27.39184,2.3973227,0.79910755,0.072000004,0.0,0.1540423,5.8999953,5.9199953,953600
hardzero_plus_depr__c0p50__z1p00__lam0p020__nu0p50__psi0p75,hardzero_plus_depr,0.06,31,298,0.0,2,0.13161166,0.13161166,1.0201626,0.0,0.095463514,0.0,0.0,0.00070775865,-27.012074,2.2444024,0.74813414,0.16000001,0.0,0.16970529,5.9199953,5.9399953,956800
hardzero_plus_depr__c0p50__z1p00__lam0p020__nu0p50__psi0p75,hardzero_plus_depr,0.06,31,299,0.0,2,0.13161166,0.13161166,1.0887276,0.0,0.08152155,0.0,0.0,0.00069722155,-27.81334,2.3952484,0.79841614,0.11,0.0,0.1615774,5.9399953,5.9599953,960000
hardzero_plus_depr__c0p50__z1p00__lam0p020__nu0p50__psi0p75,hardzero_plus_depr,0.06,31,300,0.0,2,0.13161166,0.1316843,0.97568786,0.10575772,0.10575772,1.0,7.263878e-05,0.0006868414,-26.697233,2.1465561,0.7155187,0.18400002,0.0,0.13745949,5.9599953,5.9799953,963200
hardzero_plus_depr__c0p50__z1p00__lam0p020__nu0p50__psi0p75,hardzero_plus_depr,0.06,31,301,0.0,2,0.1316843,0.13175695,0.96913666,0.10736515,0.10736515,1.0,7.264494e-05,0.0006766157,-27.099258,2.1321433,0.71071446,0.136,0.008,0.13819173,5.9799953,5.999995,966400
hardzero_plus_depr__c0p50__z1p00__lam0p020__nu0p50__psi0p75,hardzero_plus_depr,0.06,31,302,0.0,2,0.13175695,0.13175695,1.0347619,0.0,0.092307724,0.0,0.0,0.0006665423,-26.872036,2.2765217,0.75884056,0.208,0.0,0.17424029,5.999995,6.019995,969600
hardzero_plus_depr__c0p50__z1p00__lam0p020__nu0p50__psi0p75,hardzero_plus_depr,0.06,31,303,0.0,2,0.13175695,0.13175695,1.0626277,0.0,0.08657097,0.0,0.0,0.00065661856,-27.683702,2.3378277,0.7792759,0.120000005,0.0,0.1606791,6.019995,6.039995,972800
hardzero_plus_depr__c0p50__z1p00__lam0p020__nu0p50__psi0p75,hardzero_plus_depr,0.06,31,304,0.0,2,0.13175695,0.13182376,0.9859576,0.10328622,0.10328622,1.0,6.680996e-05,0.00064684293,-26.736511,2.16915,0.72305006,0.128,0.0,0.13009597,6.039995,6.059995,976000
hardzero_plus_depr__c0p50__z1p00__lam0p020__nu0p50__psi0p75,hardzero_plus_depr,0.06,31,305,0.0,2,0.13182376,0.13182376,1.048189,0.0,0.08949752,0.0,0.0,0.0006372127,-27.68083,2.306062,0.76868737,0.2,0.0,0.15040751,6.059995,6.079995,979200
hardzero_plus_depr__c0p50__z1p00__lam0p020__nu0p50__psi0p75,hardzero_plus_depr,0.06,31,306,0.0,2,0.13182376,0.13182376,1.0386147,0.0,0.09149245,0.0,0.0,0.0006277256,-26.883839,2.2849982,0.76166606,0.080000006,0.0,0.12490423,6.079995,6.099995,982400
hardzero_plus_depr__c0p50__z1p00__lam0p020__nu0p50__psi0p75,hardzero_plus_depr,0.06,31,307,0.0,2,0.13182376,0.13188982,0.97133344,0.10682342,0.10682342,1.0,6.605748e-05,0.00061838015,-26.380814,2.1369762,0.71232545,0.18400002,0.0,0.12962866,6.099995,6.119995,985600
hardzero_plus_depr__c0p50__z1p00__lam0p020__nu0p50__psi0p75,hardzero_plus_depr,0.06,31,308,0.0,2,0.13188982,0.13188982,1.004296,0.0,0.0990157,0.0,0.0,0.0006091737,-26.693457,2.2094953,0.7364985,0.17600001,0.008,0.13403335,6.119995,6.139995,988800
hardzero_plus_depr__c0p50__z1p00__lam0p020__nu0p50__psi0p75,hardzero_plus_depr,0.06,31,309,0.0,2,0.13188982,0.13188982,1.0342956,0.0,0.0924069,0.0,0.0,0.0006001044,-28.309069,2.2754958,0.7584986,0.2,0.0,0.15638275,6.139995,6.159995,992000
hardzero_plus_depr__c0p50__z1p00__lam0p020__nu0p50__psi0p75,hardzero_plus_depr,0.06,31,310,0.0,2,0.13188982,0.13188982,1.0213649,0.0,0.095199585,0.0,0.0,0.0005911701,-26.498161,2.2470477,0.7490159,0.104,0.0,0.14126484,6.159995,6.179995,995200
hardzero_plus_depr__c0p50__z1p00__lam0p020__nu0p50__psi0p75,hardzero_plus_depr,0.06,31,311,0.0,2,0.13188982,0.13188982,1.0312718,0.0,0.093052536,0.0,0.0,0.00058236846,-27.175806,2.2688434,0.75628114,0.23200001,0.0,0.1590561,6.179995,6.199995,998400
hardzero_plus_depr__c0p50__z1p00__lam0p020__nu0p50__psi0p75,hardzero_plus_depr,0.06,31,312,0.0,2,0.13188982,0.13188982,1.028223,0.0,0.09370805,0.0,0.0,0.00057369826,-27.82152,2.262136,0.75404537,0.14999999,0.0,0.1789656,6.199995,6.219995,1001600
hardzero_plus_depr__c0p50__z1p00__lam0p020__nu0p50__psi0p75,hardzero_plus_depr,0.06,31,313,0.0,2,0.13188982,0.13195348,0.9482862,0.1126455,0.1126455,1.0,6.36624e-05,0.0005651571,-25.77006,2.0862713,0.6954238,0.2,0.0,0.13609295,6.219995,6.239995,1004800
hardzero_plus_depr__c0p50__z1p00__lam0p020__nu0p50__psi0p75,hardzero_plus_depr,0.06,31,314,0.0,2,0.13195348,0.13195348,1.003794,0.0,0.09913021,0.0,0.0,0.0005567428,-26.75717,2.2083907,0.73613024,0.14400001,0.0,0.10588439,6.239995,6.259995,1008000
hardzero_plus_depr__c0p50__z1p00__lam0p020__nu0p50__psi0p75,hardzero_plus_depr,0.06,31,315,0.0,2,0.13195348,0.13195348,1.0068476,0.0,0.098435625,0.0,0.0,0.000548454,-26.86945,2.215109,0.7383697,0.2,0.0,0.1724442,6.259995,6.279995,1011200
hardzero_plus_depr__c0p50__z1p00__lam0p020__nu0p50__psi0p75,hardzero_plus_depr,0.06,31,316,0.0,2,0.13195348,0.13195348,1.0472463,0.0,0.08969199,0.0,0.0,0.0005402887,-27.210495,2.303988,0.767996,0.216,0.0,0.17090397,6.279995,6.299995,1014400
hardzero_plus_depr__c0p50__z1p00__lam0p020__nu0p50__psi0p75,hardzero_plus_depr,0.06,31,317,0.0,2,0.13195348,0.13195348,1.0261302,0.0,0.09416071,0.0,0.0,0.0005322449,-27.381395,2.2575314,0.7525105,0.24000001,0.0,0.15080483,6.299995,6.319995,1017600
hardzero_plus_depr__c0p50__z1p00__lam0p020__nu0p50__psi0p75,hardzero_plus_depr,0.06,31,318,0.0,2,0.13195348,0.13195348,1.016106,0.0,0.096359365,0.0,0.0,0.0005243209,-26.597187,2.235478,0.7451593,0.128,0.0,0.16327997,6.319995,6.339995,1020800
hardzero_plus_depr__c0p50__z1p00__lam0p020__nu0p50__psi0p75,hardzero_plus_depr,0.06,31,319,0.0,2,0.13195348,0.13200574,0.99491346,0.10117811,0.10117811,1.0,5.2259962e-05,0.0005165145,-26.313257,2.1888533,0.7296178,0.15200001,0.0,0.1312644,6.339995,6.359995,1024000
hardzero_plus_depr__c0p50__z1p00__lam0p020__nu0p50__psi0p75,hardzero_plus_depr,0.06,31,320,0.0,2,0.13200574,0.13200574,1.0187875,0.0,0.09576625,0.0,0.0,0.00050882477,-26.91979,2.2413774,0.7471258,0.208,0.0,0.14270599,6.359995,6.379995,1027200
hardzero_plus_depr__c0p50__z1p00__lam0p020__nu0p50__psi0p75,hardzero_plus_depr,0.06,31,321,0.0,2,0.13200574,0.13205688,0.99134254,0.10201344,0.10201344,1.0,5.1134175e-05,0.0005012494,-26.547295,2.1809971,0.72699904,0.17600001,0.0,0.15153575,6.379995,6.399995,1030400
hardzero_plus_depr__c0p50__z1p00__lam0p020__nu0p50__psi0p75,hardzero_plus_depr,0.06,31,322,0.0,2,0.13205688,0.13205688,1.0197728,0.0,0.09554925,0.0,0.0,0.00049378665,-26.748596,2.2435448,0.7478483,0.14400001,0.0,0.1475837,6.399995,6.419995,1033600
hardzero_plus_depr__c0p50__z1p00__lam0p020__nu0p50__psi0p75,hardzero_plus_depr,0.06,31,323,0.0,2,0.13205688,0.13205688,1.0112984,0.0,0.097432,0.0,0.0,0.00048643514,-26.525848,2.224901,0.74163365,0.208,0.0,0.13985221,6.419995,6.439995,1036800
hardzero_plus_depr__c0p50__z1p00__lam0p020__nu0p50__psi0p75,hardzero_plus_depr,0.06,31,324,0.0,2,0.13205688,0.13205688,1.0281445,0.0,0.09372501,0.0,0.0,0.0004791931,-27.148575,2.2619631,0.7539877,0.128,0.0,0.16335084,6.439995,6.459995,1040000
hardzero_plus_depr__c0p50__z1p00__lam0p020__nu0p50__psi0p75,hardzero_plus_depr,0.06,31,325,0.0,2,0.13205688,0.13205688,1.0835892,0.0,0.0824918,0.0,0.0,0.00047205895,-28.321133,2.3839438,0.79464793,0.13,0.0,0.17013119,6.459995,6.479995,1043200
hardzero_plus_depr__c0p50__z1p00__lam0p020__nu0p50__psi0p75,hardzero_plus_depr,0.06,31,326,0.0,2,0.13205688,0.13205688,1.1010748,0.0,0.079236485,0.0,0.0,0.0004650309,-27.717508,2.4224129,0.807471,0.096,0.0,0.16076104,6.479995,6.4999948,1046400
hardzero_plus_depr__c0p50__z1p00__lam0p020__nu0p50__psi0p75,hardzero_plus_depr,0.06,31,327,0.0,2,0.13205688,0.13205688,1.0303508,0.0,0.09325007,0.0,0.0,0.0004581074,-26.558994,2.266817,0.7556057,0.120000005,0.0,0.11724551,6.4999948,6.5199947,1049600
hardzero_plus_depr__c0p50__z1p00__lam0p020__nu0p50__psi0p75,hardzero_plus_depr,0.06,31,328,0.0,2,0.13205688,0.13210377,0.98328894,0.10392285,0.10392285,1.0,4.6899047e-05,0.00045128714,-26.533638,2.1632788,0.72109294,0.16800001,0.0,0.15975733,6.5199947,6.5399947,1052800
hardzero_plus_depr__c0p50__z1p00__lam0p020__nu0p50__psi0p75,hardzero_plus_depr,0.06,31,329,0.0,2,0.13210377,0.13210377,1.0805383,0.0,0.08307334,0.0,0.0,0.00044456837,-28.08112,2.3772316,0.79241055,0.16800001,0.0,0.15647557,6.5399947,6.5599947,1056000
hardzero_plus_depr__c0p50__z1p00__lam0p020__nu0p50__psi0p75,hardzero_plus_depr,0.06,31,330,0.0,2,0.13210377,0.13210377,1.0258397,0.0,0.09422373,0.0,0.0,0.00043794946,-27.09583,2.2568924,0.7522975,0.18400002,0.0,0.14455189,6.5599947,6.5799947,1059200
hardzero_plus_depr__c0p50__z1p00__lam0p020__nu0p50__psi0p75,hardzero_plus_depr,0.06,31,331,0.0,2,0.13210377,0.13210377,1.0325449,0.0,0.09278016,0.0,0.0,0.0004314293,-27.210772,2.271644,0.7572147,0.23200001,0.0,0.15594351,6.5799947,6.5999947,1062400
hardzero_plus_depr__c0p50__z1p00__lam0p020__nu0p50__psi0p75,hardzero_plus_depr,0.06,31,332,0.0,2,0.13210377,0.13210377,1.080814,0.0,0.08302061,0.0,0.0,0.0004250062,-27.345112,2.3778384,0.7926128,0.128,0.0,0.15922071,6.5999947,6.6199946,1065600
hardzero_plus_depr__c0p50__z1p00__lam0p020__nu0p50__psi0p75,hardzero_plus_depr,0.06,31,333,0.0,2,0.13210377,0.13210377,1.0055106,0.0,0.09873915,0.0,0.0,0.00041867877,-27.886776,2.2121675,0.7373892,0.208,0.0,0.16175964,6.6199946,6.6399946,1068800
hardzero_plus_depr__c0p50__z1p00__lam0p020__nu0p50__psi0p75,hardzero_plus_depr,0.06,31,334,0.0,2,0.13210377,0.13214765,0.9730004,0.1064142,0.1064142,1.0,4.389006e-05,0.00041244552,-26.207249,2.1406436,0.7135479,0.128,0.0,0.12668113,6.6399946,6.6599946,1072000
hardzero_plus_depr__c0p50__z1p00__lam0p020__nu0p50__psi0p75,hardzero_plus_depr,0.06,31,335,0.0,2,0.13214765,0.13214765,1.0067606,0.0,0.09845537,0.0,0.0,0.00040630484,-27.503744,2.2149177,0.7383059,0.2,0.0,0.15359,6.6599946,6.6799946,1075200
hardzero_plus_depr__c0p50__z1p00__lam0p020__nu0p50__psi0p75,hardzero_plus_depr,0.06,31,336,0.0,2,0.13214765,0.13218772,0.9994538,0.10012584,0.10012584,1.0,4.007595e-05,0.0004002558,-27.238602,2.1988423,0.73294747,0.136,0.0,0.13647425,6.6799946,6.6999946,1078400
hardzero_plus_depr__c0p50__z1p00__lam0p020__nu0p50__psi0p75,hardzero_plus_depr,0.06,31,337,0.0,2,0.13218772,0.13218772,1.0042453,0.0,0.099027246,0.0,0.0,0.0003942968,-26.897928,2.2093837,0.7364613,0.15200001,0.0,0.15127769,6.6999946,6.7199945,1081600
hardzero_plus_depr__c0p50__z1p00__lam0p020__nu0p50__psi0p75,hardzero_plus_depr,0.06,31,338,0.0,2,0.13218772,0.13218772,1.1117074,0.0,0.07732012,0.0,0.0,0.0003884264,-29.561298,2.4458053,0.81526846,0.11,0.0,0.17117263,6.7199945,6.7399945,1084800
hardzero_plus_depr__c0p50__z1p00__lam0p020__nu0p50__psi0p75,hardzero_plus_depr,0.06,31,339,0.0,2,0.13218772,0.13218772,1.0413083,0.0,0.09092675,0.0,0.0,0.0003826435,-27.378792,2.290924,0.76364136,0.128,0.0,0.17419414,6.7399945,6.7599945,1088000
hardzero_plus_depr__c0p50__z1p00__lam0p020__nu0p50__psi0p75,hardzero_plus_depr,0.06,31,340,0.0,2,0.13218772,0.13218772,1.0287486,0.0,0.093594715,0.0,0.0,0.00037694676,-26.393826,2.263292,0.7544307,0.16000001,0.0,0.1334891,6.7599945,6.7799945,1091200
hardzero_plus_depr__c0p50__z1p00__lam0p020__nu0p50__psi0p75,hardzero_plus_depr,0.06,31,341,0.0,2,0.13218772,0.13218772,1.0245457,0.0,0.09450489,0.0,0.0,0.00037133478,-27.435507,2.2540455,0.7513485,0.18400002,0.0,0.15191776,6.7799945,6.7999945,1094400
hardzero_plus_depr__c0p50__z1p00__lam0p020__nu0p50__psi0p75,hardzero_plus_depr,0.06,31,342,0.0,2,0.13218772,0.13218772,1.0068086,0.0,0.09844448,0.0,0.0,0.0003658064,-26.46315,2.2150233,0.7383411,0.15200001,0.0,0.1264927,6.7999945,6.8199944,1097600
hardzero_plus_depr__c0p50__z1p00__lam0p020__nu0p50__psi0p75,hardzero_plus_depr,0.06,31,343,0.0,2,0.13218772,0.13218772,1.054316,0.0,0.08824375,0.0,0.0,0.0003603601,-28.380983,2.3195417,0.7731806,0.112,0.0,0.12632135,6.8199944,6.8399944,1100800
hardzero_plus_depr__c0p50__z1p00__lam0p020__nu0p50__psi0p75,hardzero_plus_depr,0.06,31,344,0.0,2,0.13218772,0.13218772,1.019708,0.0,0.09556348,0.0,0.0,0.0003549951,-27.109348,2.2434025,0.7478008,0.136,0.0,0.1394195,6.8399944,6.8599944,1104000
hardzero_plus_depr__c0p50__z1p00__lam0p020__nu0p50__psi0p75,hardzero_plus_depr,0.06,31,345,0.0,2,0.13218772,0.13222383,0.98606396,0.103260934,0.103260934,1.0,3.6111374e-05,0.00034970994,-26.767143,2.169384,0.723128,0.15200001,0.0,0.1443326,6.8599944,6.8799944,1107200
hardzero_plus_depr__c0p50__z1p00__lam0p020__nu0p50__psi0p75,hardzero_plus_depr,0.06,31,346,0.0,2,0.13222383,0.13225855,0.9965325,0.10080161,0.10080161,1.0,3.472649e-05,0.00034450335,-26.934565,2.1924152,0.7308051,0.18400002,0.0,0.14101063,6.8799944,6.8999944,1110400
hardzero_plus_depr__c0p50__z1p00__lam0p020__nu0p50__psi0p75,hardzero_plus_depr,0.06,31,347,0.0,2,0.13225855,0.13225855,1.0008818,0.0,0.09979717,0.0,0.0,0.00033937438,-27.47935,2.201984,0.73399466,0.15200001,0.0,0.13807116,6.8999944,6.9199944,1113600
hardzero_plus_depr__c0p50__z1p00__lam0p020__nu0p50__psi0p75,hardzero_plus_depr,0.06,31,348,0.0,2,0.13225855,0.13225855,1.0438253,0.0,0.090401314,0.0,0.0,0.0003343218,-26.287107,2.2964613,0.76548713,0.128,0.0,0.13137677,6.9199944,6.9399943,1116800
hardzero_plus_depr__c0p50__z1p00__lam0p020__nu0p50__psi0p75,hardzero_plus_depr,0.06,31,349,0.0,2,0.13225855,0.13229212,0.9917141,0.10192621,0.10192621,1.0,3.3568835e-05,0.00032934448,-26.502985,2.1818147,0.72727156,0.224,0.0,0.13721693,6.9399943,6.9599943,1120000
hardzero_plus_depr__c0p50__z1p00__lam0p020__nu0p50__psi0p75,hardzero_plus_depr,0.06,31,350,0.0,2,0.13229212,0.13229212,1.0632985,0.0,0.086437374,0.0,0.0,0.00032444124,-27.842958,2.3393033,0.77976775,0.136,0.0,0.15860607,6.9599943,6.9799943,1123200
hardzero_plus_depr__c0p50__z1p00__lam0p020__nu0p50__psi0p75,hardzero_plus_depr,0.06,31,351,0.0,2,0.13229212,0.13229212,1.0168514,0.0,0.09619412,0.0,0.0,0.0003196108,-27.586235,2.2371178,0.74570596,0.22999999,0.0,0.15488945,6.9799943,6.9999943,1126400
hardzero_plus_depr__c0p50__z1p00__lam0p020__nu0p50__psi0p75,hardzero_plus_depr,0.06,31,352,0.0,2,0.13229212,0.13229212,1.0298432,0.0,0.09335912,0.0,0.0,0.00031485246,-27.265684,2.2657003,0.75523347,0.15200001,0.0,0.12710921,6.9999943,7.0199943,1129600
hardzero_plus_depr__c0p50__z1p00__lam0p020__nu0p50__psi0p75,hardzero_plus_depr,0.06,31,353,0.0,2,0.13229212,0.13232371,0.99197596,0.10186477,0.10186477,1.0,3.1594882e-05,0.00031016496,-26.371334,2.1823907,0.7274636,0.14400001,0.0,0.12006639,7.0199943,7.0399942,1132800
hardzero_plus_depr__c0p50__z1p00__lam0p020__nu0p50__psi0p75,hardzero_plus_depr,0.06,31,354,0.0,2,0.13232371,0.13232371,1.0476819,0.0,0.089602076,0.0,0.0,0.0003055471,-27.353407,2.3049462,0.76831543,0.128,0.0,0.17713371,7.0399942,7.059994,1136000
hardzero_plus_depr__c0p50__z1p00__lam0p020__nu0p50__psi0p75,hardzero_plus_depr,0.06,31,355,0.0,2,0.13232371,0.13235421,0.9942741,0.10132716,0.10132716,1.0,3.0499285e-05,0.00030099813,-26.96034,2.1874466,0.72914886,0.17600001,0.008,0.16425495,7.059994,7.079994,1139200
hardzero_plus_depr__c0p50__z1p00__lam0p020__nu0p50__psi0p75,hardzero_plus_depr,0.06,31,356,0.0,2,0.13235421,0.13235421,1.0690984,0.0,0.08529069,0.0,0.0,0.00029651693,-27.686275,2.3520634,0.78402114,0.136,0.0,0.14176913,7.079994,7.099994,1142400
hardzero_plus_depr__c0p50__z1p00__lam0p020__nu0p50__psi0p75,hardzero_plus_depr,0.06,31,357,0.0,2,0.13235421,0.13235421,1.0317532,0.0,0.09294944,0.0,0.0,0.00029210237,-27.47967,2.2699022,0.7566341,0.18400002,0.0,0.15444604,7.099994,7.119994,1145600
hardzero_plus_depr__c0p50__z1p00__lam0p020__nu0p50__psi0p75,hardzero_plus_depr,0.06,31,358,0.0,2,0.13235421,0.13235421,1.0116143,0.0,0.09736115,0.0,0.0,0.0002877536,-27.557137,2.225596,0.74186534,0.2,0.0,0.15084402,7.119994,7.139994,1148800
hardzero_plus_depr__c0p50__z1p00__lam0p020__nu0p50__psi0p75,hardzero_plus_depr,0.06,31,359,0.0,2,0.13235421,0.13235421,1.0858873,0.0,0.08205643,0.0,0.0,0.0002834694,-28.394152,2.3889997,0.79633325,0.112,0.0,0.15495285,7.139994,7.159994,1152000
hardzero_plus_depr__c0p50__z1p00__lam0p020__nu0p50__psi0p75,hardzero_plus_depr,0.06,31,360,0.0,2,0.13235421,0.13238268,0.99173516,0.10192127,0.10192127,1.0,2.8461422e-05,0.0002792491,-26.18045,2.181861,0.727287,0.120000005,0.0,0.16023178,7.159994,7.179994,1155200
hardzero_plus_depr__c0p50__z1p00__lam0p020__nu0p50__psi0p75,hardzero_plus_depr,0.06,31,361,0.0,2,0.13238268,0.13238268,1.0134786,0.0,0.0969441,0.0,0.0,0.00027509165,-26.652122,2.2296975,0.7432325,0.136,0.0,0.14706635,7.179994,7.199994,1158400
hardzero_plus_depr__c0p50__z1p00__lam0p020__nu0p50__psi0p75,hardzero_plus_depr,0.06,31,362,0.0,2,0.13238268,0.13238268,1.0347799,0.0,0.09230392,0.0,0.0,0.00027099598,-27.481625,2.2765613,0.7588538,0.104,0.0,0.14792137,7.199994,7.219994,1161600
hardzero_plus_depr__c0p50__z1p00__lam0p020__nu0p50__psi0p75,hardzero_plus_depr,0.06,31,363,0.0,2,0.13238268,0.13238268,1.0639596,0.0,0.08630589,0.0,0.0,0.00026696143,-28.200474,2.3407578,0.78025264,0.112,0.0,0.17668323,7.219994,7.239994,1164800
hardzero_plus_depr__c0p50__z1p00__lam0p020__nu0p50__psi0p75,hardzero_plus_depr,0.06,31,364,0.0,2,0.13238268,0.1324105,0.97547317,0.10581003,0.10581003,1.0,2.7826653e-05,0.0002629869,-26.887331,2.1460838,0.7153613,0.21,0.0,0.1381958,7.239994,7.259994,1168000
hardzero_plus_depr__c0p50__z1p00__lam0p020__nu0p50__psi0p75,hardzero_plus_depr,0.06,31,365,0.0,2,0.1324105,0.1324105,1.01441,0.0,0.096736416,0.0,0.0,0.00025907156,-27.492256,2.2317467,0.74391556,0.16800001,0.0,0.15105441,7.259994,7.279994,1171200
hardzero_plus_depr__c0p50__z1p00__lam0p020__nu0p50__psi0p75,hardzero_plus_depr,0.06,31,366,0.0,2,0.1324105,0.1324105,1.0810509,0.0,0.082975365,0.0,0.0,0.00025521455,-28.77043,2.3783593,0.7927865,0.112,0.0,0.16452815,7.279994,7.299994,1174400
hardzero_plus_depr__c0p50__z1p00__lam0p020__nu0p50__psi0p75,hardzero_plus_depr,0.06,31,367,0.0,2,0.1324105,0.1324105,1.0250891,0.0,0.09438672,0.0,0.0,0.0002514148,-27.708532,2.2552412,0.7517471,0.16800001,0.0,0.15420228,7.299994,7.319994,1177600
hardzero_plus_depr__c0p50__z1p00__lam0p020__nu0p50__psi0p75,hardzero_plus_depr,0.06,31,368,0.0,2,0.1324105,0.1324105,1.0440928,0.0,0.090345636,0.0,0.0,0.00024767176,-28.161278,2.29705,0.76568335,0.128,0.0,0.14711487,7.319994,7.339994,1180800
hardzero_plus_depr__c0p50__z1p00__lam0p020__nu0p50__psi0p75,hardzero_plus_depr,0.06,31,369,0.0,2,0.1324105,0.1324105,1.0008295,0.0,0.099809185,0.0,0.0,0.00024398442,-26.631393,2.2018688,0.7339563,0.2,0.0,0.12643763,7.339994,7.359994,1184000
hardzero_plus_depr__c0p50__z1p00__lam0p020__nu0p50__psi0p75,hardzero_plus_depr,0.06,31,370,0.0,2,0.1324105,0.1324105,1.031978,0.0,0.09290135,0.0,0.0,0.0002403519,-27.226582,2.270397,0.756799,0.18400002,0.0,0.14727703,7.359994,7.379994,1187200
hardzero_plus_depr__c0p50__z1p00__lam0p020__nu0p50__psi0p75,hardzero_plus_depr,0.06,31,371,0.0,2,0.1324105,0.1324105,1.0040187,0.0,0.09907894,0.0,0.0,0.00023677356,-27.25525,2.2088852,0.7362951,0.224,0.0,0.15784863,7.379994,7.399994,1190400
hardzero_plus_depr__c0p50__z1p00__lam0p020__nu0p50__psi0p75,hardzero_plus_depr,0.06,31,372,0.0,2,0.1324105,0.1324105,1.0033996,0.0,0.09922025,0.0,0.0,0.00023324849,-26.687515,2.207523,0.73584104,0.16800001,0.0,0.14358076,7.399994,7.419994,1193600
hardzero_plus_depr__c0p50__z1p00__lam0p020__nu0p50__psi0p75,hardzero_plus_depr,0.06,31,373,0.0,2,0.1324105,0.1324338,0.9937603,0.10144713,0.10144713,1.0,2.3310105e-05,0.0002297759,-26.603563,2.1863163,0.7287721,0.224,0.0,0.17381847,7.419994,7.439994,1196800
hardzero_plus_depr__c0p50__z1p00__lam0p020__nu0p50__psi0p75,hardzero_plus_depr,0.06,31,374,0.0,2,0.1324338,0.13245669,0.9951894,0.101113826,0.101113826,1.0,2.2887625e-05,0.00022635504,-27.279646,2.1894605,0.7298202,0.2,0.0,0.13588852,7.439994,7.459994,1200000
hardzero_plus_depr__c0p50__z1p00__lam0p020__nu0p50__psi0p75,hardzero_plus_depr,0.06,31,375,0.0,2,0.13245669,0.13245669,1.0128485,0.0,0.097084865,0.0,0.0,0.00022298495,-26.673796,2.228311,0.7427704,0.128,0.0,0.13999417,7.459994,7.479994,1203200
hardzero_plus_depr__c0p50__z1p00__lam0p020__nu0p50__psi0p75,hardzero_plus_depr,0.06,31,376,0.0,2,0.13245669,0.13248141,0.94874924,0.11252545,0.11252545,1.0,2.4717923e-05,0.00021966518,-25.683884,2.08729,0.69576335,0.208,0.0,0.11645704,7.479994,7.499994,1206400
hardzero_plus_depr__c0p50__z1p00__lam0p020__nu0p50__psi0p75,hardzero_plus_depr,0.06,31,377,0.0,2,0.13248141,0.13248141,1.0572598,0.0,0.08764764,0.0,0.0,0.00021639482,-27.61462,2.326018,0.77533937,0.11,0.0,0.13635585,7.499994,7.519994,1209600
hardzero_plus_depr__c0p50__z1p00__lam0p020__nu0p50__psi0p75,hardzero_plus_depr,0.06,31,378,0.0,2,0.13248141,0.13248141,1.0126344,0.0,0.09713272,0.0,0.0,0.00021317304,-26.875692,2.2278402,0.74261343,0.14400001,0.0,0.13969915,7.519994,7.539994,1212800
hardzero_plus_depr__c0p50__z1p00__lam0p020__nu0p50__psi0p75,hardzero_plus_depr,0.06,31,379,0.0,2,0.13248141,0.13248141,1.0382824,0.0,0.091562495,0.0,0.0,0.00020999934,-27.447605,2.284267,0.76142234,0.104,0.0,0.1381391,7.539994,7.5599937,1216000
hardzero_plus_depr__c0p50__z1p00__lam0p020__nu0p50__psi0p75,hardzero_plus_depr,0.06,31,380,0.0,2,0.13248141,0.13248141,1.0078914,0.0,0.098199345,0.0,0.0,0.00020687288,-26.995413,2.2174053,0.73913515,0.192,0.0,0.15033235,7.5599937,7.5799937,1219200
hardzero_plus_depr__c0p50__z1p00__lam0p020__nu0p50__psi0p75,hardzero_plus_depr,0.06,31,381,0.0,2,0.13248141,0.13248141,1.0233283,0.0,0.09477016,0.0,0.0,0.00020379298,-27.944391,2.2513673,0.7504558,0.16800001,0.0,0.13494721,7.5799937,7.5999937,1222400
hardzero_plus_depr__c0p50__z1p00__lam0p020__nu0p50__psi0p75,hardzero_plus_depr,0.06,31,382,0.0,2,0.13248141,0.13248141,1.0412393,0.0,0.09094121,0.0,0.0,0.00020075892,-27.267805,2.2907722,0.76359075,0.18400002,0.0,0.13271078,7.5999937,7.6199937,1225600
hardzero_plus_depr__c0p50__z1p00__lam0p020__nu0p50__psi0p75,hardzero_plus_depr,0.06,31,383,0.0,2,0.13248141,0.13248141,1.0185609,0.0,0.09581624,0.0,0.0,0.00019776993,-27.600218,2.2408788,0.7469596,0.208,0.0,0.15449122,7.6199937,7.6399937,1228800
hardzero_plus_depr__c0p50__z1p00__lam0p020__nu0p50__psi0p75,hardzero_plus_depr,0.06,31,384,0.0,2,0.13248141,0.13248141,1.0341843,0.0,0.09243056,0.0,0.0,0.00019482555,-26.947086,2.275251,0.758417,0.16800001,0.0,0.14216083,7.6399937,7.6599936,1232000
hardzero_plus_depr__c0p50__z1p00__lam0p020__nu0p50__psi0p75,hardzero_plus_depr,0.06,31,385,0.0,2,0.13248141,0.13248141,1.0362632,0.0,0.09198918,0.0,0.0,0.00019192502,-27.648388,2.2798247,0.7599416,0.136,0.0,0.17544468,7.6599936,7.6799936,1235200
hardzero_plus_depr__c0p50__z1p00__lam0p020__nu0p50__psi0p75,hardzero_plus_depr,0.06,31,386,0.0,2,0.13248141,0.13250034,0.9995586,0.10010169,0.10010169,1.0,1.8925979e-05,0.00018906753,-25.955381,2.1990728,0.7330243,0.104,0.0,0.13890868,7.6799936,7.6999936,1238400
hardzero_plus_depr__c0p50__z1p00__lam0p020__nu0p50__psi0p75,hardzero_plus_depr,0.06,31,387,0.0,2,0.13250034,0.13250034,1.0579256,0.0,0.08751338,0.0,0.0,0.00018625273,-28.164534,2.3274827,0.7758276,0.14400001,0.0,0.14869097,7.6999936,7.7199936,1241600
hardzero_plus_depr__c0p50__z1p00__lam0p020__nu0p50__psi0p75,hardzero_plus_depr,0.06,31,388,0.0,2,0.13250034,0.13250034,1.0307176,0.0,0.09317134,0.0,0.0,0.00018347982,-27.26381,2.267624,0.75587463,0.136,0.0,0.15825191,7.7199936,7.7399936,1244800
hardzero_plus_depr__c0p50__z1p00__lam0p020__nu0p50__psi0p75,hardzero_plus_depr,0.06,31,389,0.0,2,0.13250034,0.13250034,1.0193392,0.0,0.095644675,0.0,0.0,0.00018074816,-27.592194,2.2425911,0.7475304,0.23200001,0.0,0.16046901,7.7399936,7.7599936,1248000
hardzero_plus_depr__c0p50__z1p00__lam0p020__nu0p50__psi0p75,hardzero_plus_depr,0.06,31,390,0.0,2,0.13250034,0.13250034,1.0342044,0.0,0.092426315,0.0,0.0,0.0001780572,-27.7304,2.275295,0.7584317,0.16,0.0,0.14484467,7.7599936,7.7799935,1251200
hardzero_plus_depr__c0p50__z1p00__lam0p020__nu0p50__psi0p75,hardzero_plus_depr,0.06,31,391,0.0,2,0.13250034,0.1325185,0.98492295,0.103532575,0.103532575,1.0,1.8160257e-05,0.00017540621,-27.043161,2.1668737,0.72229123,0.24800001,0.0,0.14977247,7.7799935,7.7999935,1254400
hardzero_plus_depr__c0p50__z1p00__lam0p020__nu0p50__psi0p75,hardzero_plus_depr,0.06,31,392,0.0,2,0.1325185,0.1325185,1.0725703,0.0,0.084611565,0.0,0.0,0.00017279478,-29.298454,2.3597019,0.78656733,0.16800001,0.008,0.16915579,7.7999935,7.8199935,1257600
hardzero_plus_depr__c0p50__z1p00__lam0p020__nu0p50__psi0p75,hardzero_plus_depr,0.06,31,393,0.0,2,0.1325185,0.13253565,0.9965389,0.10080014,0.10080014,1.0,1.7158423e-05,0.00017022222,-26.014254,2.1924293,0.7308098,0.23200001,0.0,0.12923287,7.8199935,7.8399935,1260800
hardzero_plus_depr__c0p50__z1p00__lam0p020__nu0p50__psi0p75,hardzero_plus_depr,0.06,31,394,0.0,2,0.13253565,0.13253565,1.0782866,0.0,0.08350517,0.0,0.0,0.00016768789,-29.138674,2.372278,0.7907593,0.096,0.0,0.17827441,7.8399935,7.8599935,1264000
hardzero_plus_depr__c0p50__z1p00__lam0p020__nu0p50__psi0p75,hardzero_plus_depr,0.06,31,395,0.0,2,0.13253565,0.13255318,0.9745282,0.10604051,0.10604051,1.0,1.7516975e-05,0.00016519136,-26.287607,2.1440048,0.7146683,0.14400001,0.0,0.11881702,7.8599935,7.8799934,1267200
hardzero_plus_depr__c0p50__z1p00__lam0p020__nu0p50__psi0p75,hardzero_plus_depr,0.06,31,396,0.0,2,0.13255318,0.13255318,1.0237633,0.0,0.094675295,0.0,0.0,0.000162732,-27.329443,2.2523243,0.7507748,0.16000001,0.0,0.13462757,7.8799934,7.8999934,1270400
hardzero_plus_depr__c0p50__z1p00__lam0p020__nu0p50__psi0p75,hardzero_plus_depr,0.06,31,397,0.0,2,0.13255318,0.13256997,0.9799142,0.10473355,0.10473355,1.0,1.6789758e-05,0.00016030927,-26.46842,2.1558542,0.7186181,0.128,0.0,0.12669308,7.8999934,7.9199934,1273600
hardzero_plus_depr__c0p50__z1p00__lam0p020__nu0p50__psi0p75,hardzero_plus_depr,0.06,31,398,0.0,2,0.13256997,0.13256997,1.0386186,0.0,0.09149164,0.0,0.0,0.00015792261,-27.979313,2.2850065,0.76166886,0.16800001,0.0,0.1584708,7.9199934,7.9399934,1276800
hardzero_plus_depr__c0p50__z1p00__lam0p020__nu0p50__psi0p75,hardzero_plus_depr,0.06,31,399,0.0,2,0.13256997,0.13258664,0.96997005,0.107159324,0.107159324,1.0,1.6670923e-05,0.00015557137,-26.080683,2.1339767,0.7113256,0.16000001,0.0,0.14933269,7.9399934,7.9599934,1280000
hardzero_plus_depr__c0p50__z1p00__lam0p020__nu0p50__psi0p75,hardzero_plus_depr,0.06,31,400,0.0,2,0.13258664,0.1326035,0.95855165,0.11001411,0.11001411,1.0,1.6860238e-05,0.00015325524,-26.886082,2.1088557,0.7029519,0.16000001,0.0,0.15285301,7.9599934,7.9799933,1283200
hardzero_plus_depr__c0p50__z1p00__lam0p020__nu0p50__psi0p75,hardzero_plus_depr,0.06,31,401,0.0,2,0.1326035,0.1326035,1.1036278,0.0,0.078772046,0.0,0.0,0.00015097359,-28.399612,2.4280295,0.8093432,0.120000005,0.0,0.14567688,7.9799933,7.9999933,1286400
hardzero_plus_depr__c0p50__z1p00__lam0p020__nu0p50__psi0p75,hardzero_plus_depr,0.06,31,402,0.0,2,0.1326035,0.1326035,1.0363712,0.0,0.09196631,0.0,0.0,0.00014872583,-27.530369,2.2800622,0.76002073,0.128,0.008,0.1475647,7.9999933,8.019994,1289600
hardzero_plus_depr__c0p50__z1p00__lam0p020__nu0p50__psi0p75,hardzero_plus_depr,0.06,31,403,0.0,2,0.1326035,0.1326035,1.0019827,0.0,0.09954451,0.0,0.0,0.00014651155,-28.115335,2.204406,0.734802,0.14,0.0,0.13876674,8.019994,8.039994,1292800
hardzero_plus_depr__c0p50__z1p00__lam0p020__nu0p50__psi0p75,hardzero_plus_depr,0.06,31,404,0.0,2,0.1326035,0.13261814,0.99337804,0.10153644,0.10153644,1.0,1.4654776e-05,0.00014433022,-26.997252,2.1854753,0.7284918,0.16000001,0.0,0.146827,8.039994,8.059995,1296000
hardzero_plus_depr__c0p50__z1p00__lam0p020__nu0p50__psi0p75,hardzero_plus_depr,0.06,31,405,0.0,2,0.13261814,0.13263269,0.9903136,0.102255434,0.102255434,1.0,1.45388185e-05,0.00014218138,-26.620306,2.1787333,0.72624445,0.17600001,0.0,0.145262,8.059995,8.079995,1299200
hardzero_plus_depr__c0p50__z1p00__lam0p020__nu0p50__psi0p75,hardzero_plus_depr,0.06,31,406,0.0,2,0.13263269,0.13263269,1.0204799,0.0,0.09539378,0.0,0.0,0.00014006453,-26.924383,2.2451007,0.74836695,0.136,0.0,0.13815026,8.079995,8.099996,1302400
hardzero_plus_depr__c0p50__z1p00__lam0p020__nu0p50__psi0p75,hardzero_plus_depr,0.06,31,407,0.0,2,0.13263269,0.13263269,1.0276276,0.0,0.093836635,0.0,0.0,0.00013797918,-26.572115,2.2608259,0.75360864,0.16800001,0.0,0.12083829,8.099996,8.119996,1305600
hardzero_plus_depr__c0p50__z1p00__lam0p020__nu0p50__psi0p75,hardzero_plus_depr,0.06,31,408,0.0,2,0.13263269,0.13263269,1.069861,0.0,0.08514104,0.0,0.0,0.0001359249,-27.400614,2.3537414,0.78458047,0.120000005,0.0,0.18850625,8.119996,8.139997,1308800
hardzero_plus_depr__c0p50__z1p00__lam0p020__nu0p50__psi0p75,hardzero_plus_depr,0.06,31,409,0.0,2,0.13263269,0.13263269,1.0227892,0.0,0.09488787,0.0,0.0,0.0001339012,-27.278097,2.2501812,0.75006044,0.16000001,0.0,0.15329511,8.139997,8.159997,1312000
hardzero_plus_depr__c0p50__z1p00__lam0p020__nu0p50__psi0p75,hardzero_plus_depr,0.06,31,410,0.0,2,0.13263269,0.1326465,0.98003393,0.10470467,0.10470467,1.0,1.3811345e-05,0.00013190763,-27.608675,2.1561177,0.7187059,0.15200001,0.0,0.15633771,8.159997,8.179997,1315200
hardzero_plus_depr__c0p50__z1p00__lam0p020__nu0p50__psi0p75,hardzero_plus_depr,0.06,31,411,0.0,2,0.1326465,0.13265961,0.99584967,0.10096023,0.10096023,1.0,1.3119147e-05,0.00012994371,-26.650923,2.190913,0.73030436,0.2,0.0,0.116465904,8.179997,8.199998,1318400
hardzero_plus_depr__c0p50__z1p00__lam0p020__nu0p50__psi0p75,hardzero_plus_depr,0.06,31,412,0.0,2,0.13265961,0.13265961,1.0908649,0.0,0.081121325,0.0,0.0,0.00012800908,-28.6403,2.3999507,0.7999836,0.14400001,0.0,0.16159602,8.199998,8.219998,1321600
hardzero_plus_depr__c0p50__z1p00__lam0p020__nu0p50__psi0p75,hardzero_plus_depr,0.06,31,413,0.0,2,0.13265961,0.13265961,1.0350851,0.0,0.09223906,0.0,0.0,0.00012610323,-26.586306,2.2772326,0.75907755,0.2,0.0,0.14963417,8.219998,8.239999,1324800
hardzero_plus_depr__c0p50__z1p00__lam0p020__nu0p50__psi0p75,hardzero_plus_depr,0.06,31,414,0.0,2,0.13265961,0.13265961,1.0390428,0.0,0.09140229,0.0,0.0,0.00012422576,-27.647177,2.28594,0.76198,0.120000005,0.0,0.1863592,8.239999,8.259999,1328000
hardzero_plus_depr__c0p50__z1p00__lam0p020__nu0p50__psi0p75,hardzero_plus_depr,0.06,31,415,0.0,2,0.13265961,0.13265961,1.0267532,0.0,0.09402575,0.0,0.0,0.00012237624,-26.8133,2.258902,0.75296736,0.15200001,0.0,0.15406147,8.259999,8.28,1331200
hardzero_plus_depr__c0p50__z1p00__lam0p020__nu0p50__psi0p75,hardzero_plus_depr,0.06,31,416,0.0,2,0.13265961,0.13267194,0.9902896,0.102261074,0.102261074,1.0,1.2328006e-05,0.00012055424,-26.841,2.1786807,0.7262269,0.22999999,0.0,0.13400778,8.28,8.3,1334400
hardzero_plus_depr__c0p50__z1p00__lam0p020__nu0p50__psi0p75,hardzero_plus_depr,0.06,31,417,0.0,2,0.13267194,0.13268483,0.96439993,0.108542554,0.108542554,1.0,1.2890445e-05,0.000118759366,-26.45092,2.1217222,0.70724076,0.17600001,0.0,0.13205445,8.3,8.320001,1337600
hardzero_plus_depr__c0p50__z1p00__lam0p020__nu0p50__psi0p75,hardzero_plus_depr,0.06,31,418,0.0,2,0.13268483,0.13268483,1.0022211,0.0,0.09948987,0.0,0.0,0.00011699124,-26.707693,2.2049305,0.7349769,0.17600001,0.0,0.1348282,8.320001,8.340001,1340800
hardzero_plus_depr__c0p50__z1p00__lam0p020__nu0p50__psi0p75,hardzero_plus_depr,0.06,31,419,0.0,2,0.13268483,0.13268483,1.0367638,0.0,0.09188322,0.0,0.0,0.00011524943,-28.12936,2.280926,0.7603087,0.136,0.0,0.16988565,8.340001,8.360002,1344000
hardzero_plus_depr__c0p50__z1p00__lam0p020__nu0p50__psi0p75,hardzero_plus_depr,0.06,31,420,0.0,2,0.13268483,0.13269678,0.9778537,0.10523163,0.10523163,1.0,1.1947321e-05,0.000113533555,-26.021082,2.1513212,0.71710706,0.2,0.0,0.12863779,8.360002,8.380002,1347200
hardzero_plus_depr__c0p50__z1p00__lam0p020__nu0p50__psi0p75,hardzero_plus_depr,0.06,31,421,0.0,2,0.13269678,0.13270798,0.99936354,0.10014666,0.10014666,1.0,1.1200726e-05,0.00011184323,-26.330086,2.1986437,0.73288125,0.128,0.0,0.14946747,8.380002,8.4000025,1350400
hardzero_plus_depr__c0p50__z1p00__lam0p020__nu0p50__psi0p75,hardzero_plus_depr,0.06,31,422,0.0,2,0.13270798,0.13271923,0.9910145,0.102090545,0.102090545,1.0,1.12481375e-05,0.00011017805,-26.565752,2.1802754,0.7267585,0.224,0.0,0.13567457,8.4000025,8.420003,1353600
hardzero_plus_depr__c0p50__z1p00__lam0p020__nu0p50__psi0p75,hardzero_plus_depr,0.06,31,423,0.0,2,0.13271923,0.13271923,1.0472101,0.0,0.08969947,0.0,0.0,0.00010853767,-26.807716,2.3039083,0.7679695,0.120000005,0.0,0.14028932,8.420003,8.440003,1356800
hardzero_plus_depr__c0p50__z1p00__lam0p020__nu0p50__psi0p75,hardzero_plus_depr,0.06,31,424,0.0,2,0.13271923,0.13271923,1.0528879,0.0,0.0885344,0.0,0.0,0.000106921725,-27.654524,2.3163996,0.77213323,0.120000005,0.0,0.1533803,8.440003,8.460004,1360000
hardzero_plus_depr__c0p50__z1p00__lam0p020__nu0p50__psi0p75,hardzero_plus_depr,0.06,31,425,0.0,2,0.13271923,0.13273019,0.98332435,0.10391437,0.10391437,1.0,1.0945283e-05,0.00010532983,-26.01871,2.1633568,0.7211189,0.16800001,0.0,0.14930438,8.460004,8.480004,1363200
hardzero_plus_depr__c0p50__z1p00__lam0p020__nu0p50__psi0p75,hardzero_plus_depr,0.06,31,426,0.0,2,0.13273019,0.13273019,1.0528749,0.0,0.08853706,0.0,0.0,0.000103761646,-28.447653,2.316371,0.7721237,0.136,0.0,0.16457266,8.480004,8.500005,1366400
hardzero_plus_depr__c0p50__z1p00__lam0p020__nu0p50__psi0p75,hardzero_plus_depr,0.06,31,427,0.0,2,0.13273019,0.13273019,1.0378033,0.0,0.09166356,0.0,0.0,0.0001022168,-26.890083,2.283213,0.76107097,0.104,0.0,0.14064339,8.500005,8.520005,1369600
hardzero_plus_depr__c0p50__z1p00__lam0p020__nu0p50__psi0p75,hardzero_plus_depr,0.06,31,428,0.0,2,0.13273019,0.13273019,1.0377835,0.0,0.09166774,0.0,0.0,0.00010069495,-27.13558,2.2831693,0.7610564,0.128,0.0,0.13769071,8.520005,8.540006,1372800
hardzero_plus_depr__c0p50__z1p00__lam0p020__nu0p50__psi0p75,hardzero_plus_depr,0.06,31,429,0.0,2,0.13273019,0.1327404,0.987561,0.1029056,0.1029056,1.0,1.02078e-05,9.9195764e-05,-26.414663,2.1726775,0.7242259,0.19,0.0,0.12222256,8.540006,8.560006,1376000
hardzero_plus_depr__c0p50__z1p00__lam0p020__nu0p50__psi0p75,hardzero_plus_depr,0.06,31,430,0.0,2,0.1327404,0.1327404,1.0051433,0.0,0.09882269,0.0,0.0,9.77189e-05,-26.363754,2.2113593,0.7371198,0.192,0.0,0.15413532,8.560006,8.580007,1379200
hardzero_plus_depr__c0p50__z1p00__lam0p020__nu0p50__psi0p75,hardzero_plus_depr,0.06,31,431,0.0,2,0.1327404,0.1327404,1.0356705,0.0,0.092114806,0.0,0.0,9.6264026e-05,-27.801497,2.2785206,0.7595069,0.16800001,0.0,0.14655457,8.580007,8.600007,1382400
hardzero_plus_depr__c0p50__z1p00__lam0p020__nu0p50__psi0p75,hardzero_plus_depr,0.06,31,432,0.0,2,0.1327404,0.1327404,1.0357454,0.0,0.09209893,0.0,0.0,9.48308e-05,-26.46293,2.2786853,0.7595618,0.17600001,0.0,0.15386541,8.600007,8.6200075,1385600
hardzero_plus_depr__c0p50__z1p00__lam0p020__nu0p50__psi0p75,hardzero_plus_depr,0.06,31,433,0.0,2,0.1327404,0.1327404,1.0353627,0.0,0.092180125,0.0,0.0,9.341892e-05,-27.854753,2.2778435,0.75928116,0.15200001,0.0,0.16191134,8.6200075,8.640008,1388800
hardzero_plus_depr__c0p50__z1p00__lam0p020__nu0p50__psi0p75,hardzero_plus_depr,0.06,31,434,0.0,2,0.1327404,0.1327404,1.0218508,0.0,0.09509313,0.0,0.0,9.2028065e-05,-27.197384,2.2481167,0.74937224,0.192,0.0,0.16142128,8.640008,8.660008,1392000
hardzero_plus_depr__c0p50__z1p00__lam0p020__nu0p50__psi0p75,hardzero_plus_depr,0.06,31,435,0.0,2,0.1327404,0.1327404,1.0558224,0.0,0.08793821,0.0,0.0,9.0657915e-05,-28.023922,2.3228557,0.77428526,0.120000005,0.0,0.14677942,8.660008,8.680009,1395200
hardzero_plus_depr__c0p50__z1p00__lam0p020__nu0p50__psi0p75,hardzero_plus_depr,0.06,31,436,0.0,2,0.1327404,0.1327404,1.0106552,0.0,0.0975764,0.0,0.0,8.930817e-05,-27.124231,2.2234857,0.74116194,0.14400001,0.0,0.1689173,8.680009,8.700009,1398400
hardzero_plus_depr__c0p50__z1p00__lam0p020__nu0p50__psi0p75,hardzero_plus_depr,0.06,31,437,0.0,2,0.1327404,0.13274941,0.9894721,0.10245377,0.10245377,1.0,9.01373e-06,8.797851e-05,-26.303751,2.176882,0.72562736,0.28800002,0.0,0.13589668,8.700009,8.72001,1401600
hardzero_plus_depr__c0p50__z1p00__lam0p020__nu0p50__psi0p75,hardzero_plus_depr,0.06,31,438,0.0,2,0.13274941,0.13274941,1.0203661,0.0,0.095418796,0.0,0.0,8.6668646e-05,-27.280064,2.2448502,0.7482834,0.14400001,0.0,0.13903564,8.72001,8.74001,1404800
hardzero_plus_depr__c0p50__z1p00__lam0p020__nu0p50__psi0p75,hardzero_plus_depr,0.06,31,439,0.0,2,0.13274941,0.13275796,0.99927086,0.100168034,0.100168034,1.0,8.552176e-06,8.537829e-05,-27.635187,2.1984398,0.7328133,0.18400002,0.0,0.15213892,8.74001,8.760011,1408000
hardzero_plus_depr__c0p50__z1p00__lam0p020__nu0p50__psi0p75,hardzero_plus_depr,0.06,31,440,0.0,2,0.13275796,0.13275796,1.0742866,0.0,0.08427783,0.0,0.0,8.410715e-05,-28.265293,2.3634777,0.78782594,0.14400001,0.0,0.180225,8.760011,8.780011,1411200
hardzero_plus_depr__c0p50__z1p00__lam0p020__nu0p50__psi0p75,hardzero_plus_depr,0.06,31,441,0.0,2,0.13275796,0.13276675,0.9739625,0.10617873,0.10617873,1.0,8.797431e-06,8.285493e-05,-25.832691,2.1427603,0.7142534,0.15200001,0.0,0.13214278,8.780011,8.800012,1414400
hardzero_plus_depr__c0p50__z1p00__lam0p020__nu0p50__psi0p75,hardzero_plus_depr,0.06,31,442,0.0,2,0.13276675,0.13276675,1.0389893,0.0,0.091413565,0.0,0.0,8.162134e-05,-27.116503,2.2858222,0.7619407,0.19999999,0.0,0.14957395,8.800012,8.820012,1417600
hardzero_plus_depr__c0p50__z1p00__lam0p020__nu0p50__psi0p75,hardzero_plus_depr,0.06,31,443,0.0,2,0.13276675,0.13277568,0.9547962,0.11096955,0.11096955,1.0,8.922632e-06,8.0406135e-05,-25.93097,2.1005936,0.7001979,0.17600001,0.0,0.12697598,8.820012,8.840013,1420800
hardzero_plus_depr__c0p50__z1p00__lam0p020__nu0p50__psi0p75,hardzero_plus_depr,0.06,31,444,0.0,2,0.13277568,0.13278387,0.98551995,0.103390366,0.103390366,1.0,8.1894495e-06,7.920902e-05,-27.060593,2.1681871,0.7227291,0.16800001,0.0,0.14747666,8.840013,8.860013,1424000
hardzero_plus_depr__c0p50__z1p00__lam0p020__nu0p50__psi0p75,hardzero_plus_depr,0.06,31,445,0.0,2,0.13278387,0.13278387,1.0114232,0.0,0.09740399,0.0,0.0,7.802973e-05,-27.449781,2.2251756,0.7417252,0.136,0.0,0.14304116,8.860013,8.880013,1427200
hardzero_plus_depr__c0p50__z1p00__lam0p020__nu0p50__psi0p75,hardzero_plus_depr,0.06,31,446,0.0,2,0.13278387,0.1327922,0.9648319,0.10843467,0.10843467,1.0,8.335155e-06,7.686799e-05,-25.956377,2.1226726,0.70755756,0.16000001,0.0,0.14470355,8.880013,8.900014,1430400
hardzero_plus_depr__c0p50__z1p00__lam0p020__nu0p50__psi0p75,hardzero_plus_depr,0.06,31,447,0.0,2,0.1327922,0.1327922,1.0301487,0.0,0.093293466,0.0,0.0,7.572355e-05,-28.019299,2.2663724,0.7554575,0.18400002,0.0,0.15578362,8.900014,8.920014,1433600
hardzero_plus_depr__c0p50__z1p00__lam0p020__nu0p50__psi0p75,hardzero_plus_depr,0.06,31,448,0.0,2,0.1327922,0.1327922,1.0152732,0.0,0.096544325,0.0,0.0,7.4596144e-05,-26.32411,2.2336457,0.74454856,0.136,0.0,0.13839859,8.920014,8.940015,1436800
hardzero_plus_depr__c0p50__z1p00__lam0p020__nu0p50__psi0p75,hardzero_plus_depr,0.06,31,449,0.0,2,0.1327922,0.1327922,1.0544976,0.0,0.08820686,0.0,0.0,7.348553e-05,-26.950111,2.319941,0.7733137,0.080000006,0.0,0.13927715,8.940015,8.960015,1440000
hardzero_plus_depr__c0p50__z1p00__lam0p020__nu0p50__psi0p75,hardzero_plus_depr,0.06,31,450,0.0,2,0.1327922,0.1327922,1.0725743,0.0,0.0846108,0.0,0.0,7.239144e-05,-28.188608,2.3597105,0.7865702,0.14400001,0.0,0.16879453,8.960015,8.980016,1443200
hardzero_plus_depr__c0p50__z1p00__lam0p020__nu0p50__psi0p75,hardzero_plus_depr,0.06,31,451,0.0,2,0.1327922,0.1327922,1.013036,0.0,0.09704296,0.0,0.0,7.1313654e-05,-27.700478,2.2287238,0.74290794,0.2,0.0,0.14516059,8.980016,9.000016,1446400
hardzero_plus_depr__c0p50__z1p00__lam0p020__nu0p50__psi0p75,hardzero_plus_depr,0.06,31,452,0.0,2,0.1327922,0.1327922,1.1015397,0.0,0.07915169,0.0,0.0,7.025191e-05,-28.975264,2.423436,0.807812,0.136,0.0,0.21774654,9.000016,9.020017,1449600
hardzero_plus_depr__c0p50__z1p00__lam0p020__nu0p50__psi0p75,hardzero_plus_depr,0.06,31,453,0.0,2,0.1327922,0.1327922,1.0372791,0.0,0.09177426,0.0,0.0,6.920596e-05,-27.997198,2.2820597,0.7606866,0.112,0.0,0.14026855,9.020017,9.040017,1452800
hardzero_plus_depr__c0p50__z1p00__lam0p020__nu0p50__psi0p75,hardzero_plus_depr,0.06,31,454,0.0,2,0.1327922,0.13279964,0.9622764,0.10907459,0.10907459,1.0,7.4362256e-06,6.81756e-05,-25.735134,2.1170504,0.70568347,0.216,0.0,0.105040155,9.040017,9.060018,1456000
hardzero_plus_depr__c0p50__z1p00__lam0p020__nu0p50__psi0p75,hardzero_plus_depr,0.06,31,455,0.0,2,0.13279964,0.13279964,1.0332488,0.0,0.0926299,0.0,0.0,6.7160574e-05,-27.33634,2.2731926,0.7577309,0.14,0.0,0.14573812,9.060018,9.080018,1459200
hardzero_plus_depr__c0p50__z1p00__lam0p020__nu0p50__psi0p75,hardzero_plus_depr,0.06,31,456,0.0,2,0.13279964,0.13279964,1.0187048,0.0,0.095784485,0.0,0.0,6.616066e-05,-28.230213,2.2411952,0.74706507,0.192,0.0,0.12624268,9.080018,9.1000185,1462400
hardzero_plus_depr__c0p50__z1p00__lam0p020__nu0p50__psi0p75,hardzero_plus_depr,0.06,31,457,0.0,2,0.13279964,0.1328065,0.9780116,0.10519336,0.10519336,1.0,6.856044e-06,6.5175635e-05,-27.05065,2.1516685,0.71722287,0.224,0.0,0.15232427,9.1000185,9.120019,1465600
hardzero_plus_depr__c0p50__z1p00__lam0p020__nu0p50__psi0p75,hardzero_plus_depr,0.06,31,458,0.0,2,0.1328065,0.13281322,0.9801879,0.10466755,0.10466755,1.0,6.720208e-06,6.420527e-05,-26.959503,2.1564565,0.71881884,0.16800001,0.0,0.11600004,9.120019,9.140019,1468800
hardzero_plus_depr__c0p50__z1p00__lam0p020__nu0p50__psi0p75,hardzero_plus_depr,0.06,31,459,0.0,2,0.13281322,0.13281992,0.9746956,0.10599963,0.10599963,1.0,6.7044098e-06,6.324937e-05,-26.901756,2.1443732,0.71479106,0.16000001,0.0,0.14264677,9.140019,9.16002,1472000
hardzero_plus_depr__c0p50__z1p00__lam0p020__nu0p50__psi0p75,hardzero_plus_depr,0.06,31,460,0.0,2,0.13281992,0.13282618,0.9979155,0.10048113,0.10048113,1.0,6.2607464e-06,6.2307685e-05,-26.794983,2.195458,0.73181933,0.15200001,0.0,0.13316737,9.16002,9.18002,1475200
hardzero_plus_depr__c0p50__z1p00__lam0p020__nu0p50__psi0p75,hardzero_plus_depr,0.06,31,461,0.0,2,0.13282618,0.13282618,1.0238022,0.0,0.09466683,0.0,0.0,6.138002e-05,-26.455477,2.2524097,0.75080323,0.16800001,0.0,0.15459114,9.18002,9.200021,1478400
hardzero_plus_depr__c0p50__z1p00__lam0p020__nu0p50__psi0p75,hardzero_plus_depr,0.06,31,462,0.0,2,0.13282618,0.13283265,0.97097385,0.10691191,0.10691191,1.0,6.4645537e-06,6.046617e-05,-26.335857,2.1361852,0.71206176,0.136,0.0,0.13606492,9.200021,9.220021,1481600
hardzero_plus_depr__c0p50__z1p00__lam0p020__nu0p50__psi0p75,hardzero_plus_depr,0.06,31,463,0.0,2,0.13283265,0.13283265,1.0575703,0.0,0.087584995,0.0,0.0,5.9565922e-05,-28.136583,2.3267012,0.77556705,0.128,0.0,0.14732976,9.220021,9.240022,1484800
hardzero_plus_depr__c0p50__z1p00__lam0p020__nu0p50__psi0p75,hardzero_plus_depr,0.06,31,464,0.0,2,0.13283265,0.13283265,1.042513,0.0,0.09067487,0.0,0.0,5.8679085e-05,-27.047388,2.2935743,0.7645248,0.14400001,0.0,0.13849872,9.240022,9.260022,1488000
hardzero_plus_depr__c0p50__z1p00__lam0p020__nu0p50__psi0p75,hardzero_plus_depr,0.06,31,465,0.0,2,0.13283265,0.13283853,0.9920323,0.10185155,0.10185155,1.0,5.8875744e-06,5.7805446e-05,-26.838106,2.1825147,0.7275049,0.096,0.0,0.14339116,9.260022,9.280023,1491200
hardzero_plus_depr__c0p50__z1p00__lam0p020__nu0p50__psi0p75,hardzero_plus_depr,0.06,31,466,0.0,2,0.13283853,0.13284472,0.96432537,0.10856118,0.10856118,1.0,6.1819965e-06,5.6944817e-05,-26.130169,2.1215582,0.7071861,0.18400002,0.0,0.13395841,9.280023,9.300023,1494400
hardzero_plus_depr__c0p50__z1p00__lam0p020__nu0p50__psi0p75,hardzero_plus_depr,0.06,31,467,0.0,2,0.13284472,0.13284472,1.0714601,0.0,0.08482813,0.0,0.0,5.6096997e-05,-28.871838,2.3572593,0.78575313,0.208,0.0,0.18977863,9.300023,9.320024,1497600
hardzero_plus_depr__c0p50__z1p00__lam0p020__nu0p50__psi0p75,hardzero_plus_depr,0.06,31,468,0.0,2,0.13284472,0.13284472,1.0562319,0.0,0.087855324,0.0,0.0,5.5261804e-05,-27.235142,2.3237565,0.7745855,0.13,0.0,0.16162956,9.320024,9.340024,1500800
hardzero_plus_depr__c0p50__z1p00__lam0p020__nu0p50__psi0p75,hardzero_plus_depr,0.06,31,469,0.0,2,0.13284472,0.13284472,1.0078834,0.0,0.09820115,0.0,0.0,5.4439042e-05,-27.658558,2.217388,0.7391293,0.14400001,0.0,0.14848152,9.340024,9.360024,1504000
hardzero_plus_depr__c0p50__z1p00__lam0p020__nu0p50__psi0p75,hardzero_plus_depr,0.06,31,470,0.0,2,0.13284472,0.13284472,1.0373764,0.0,0.0917537,0.0,0.0,5.3628533e-05,-27.450796,2.2822738,0.7607579,0.128,0.0,0.12569667,9.360024,9.380025,1507200
hardzero_plus_depr__c0p50__z1p00__lam0p020__nu0p50__psi0p75,hardzero_plus_depr,0.06,31,471,0.0,2,0.13284472,0.13284472,1.0242616,0.0,0.09456674,0.0,0.0,5.283009e-05,-26.415384,2.2534206,0.75114024,0.15200001,0.0,0.13528796,9.380025,9.400025,1510400
hardzero_plus_depr__c0p50__z1p00__lam0p020__nu0p50__psi0p75,hardzero_plus_depr,0.06,31,472,0.0,2,0.13284472,0.13284472,1.0118315,0.0,0.097312465,0.0,0.0,5.204353e-05,-26.59175,2.2260737,0.7420246,0.16000001,0.0,0.14730078,9.400025,9.420026,1513600
hardzero_plus_depr__c0p50__z1p00__lam0p020__nu0p50__psi0p75,hardzero_plus_depr,0.06,31,473,0.0,2,0.13284472,0.13284989,0.9962386,0.10086986,0.10086986,1.0,5.1714655e-06,5.126869e-05,-27.466885,2.1917686,0.73058957,0.192,0.0,0.1553581,9.420026,9.440026,1516800
hardzero_plus_depr__c0p50__z1p00__lam0p020__nu0p50__psi0p75,hardzero_plus_depr,0.06,31,474,0.0,2,0.13284989,0.13285507,0.9883927,0.102708705,0.102708705,1.0,5.187342e-06,5.050538e-05,-25.72986,2.1745074,0.7248358,0.18400002,0.0,0.13933462,9.440026,9.460027,1520000
hardzero_plus_depr__c0p50__z1p00__lam0p020__nu0p50__psi0p75,hardzero_plus_depr,0.06,31,475,0.0,2,0.13285507,0.13286027,0.9808377,0.104511075,0.104511075,1.0,5.1997854e-06,4.975344e-05,-26.381636,2.157886,0.7192954,0.15200001,0.008,0.1316952,9.460027,9.480027,1523200
hardzero_plus_depr__c0p50__z1p00__lam0p020__nu0p50__psi0p75,hardzero_plus_depr,0.06,31,476,0.0,2,0.13286027,0.13286027,1.0080652,0.0,0.09816004,0.0,0.0,4.9012688e-05,-26.787283,2.2177877,0.7392626,0.16000001,0.0,0.15731029,9.480027,9.500028,1526400
hardzero_plus_depr__c0p50__z1p00__lam0p020__nu0p50__psi0p75,hardzero_plus_depr,0.06,31,477,0.0,2,0.13286027,0.13286518,0.9928154,0.10166807,0.10166807,1.0,4.9088358e-06,4.8282964e-05,-26.942286,2.1842375,0.7280792,0.136,0.0,0.16991353,9.500028,9.520028,1529600
hardzero_plus_depr__c0p50__z1p00__lam0p020__nu0p50__psi0p75,hardzero_plus_depr,0.06,31,478,0.0,2,0.13286518,0.13286518,1.008544,0.0,0.09805191,0.0,0.0,4.756411e-05,-27.809229,2.218841,0.7396137,0.17600001,0.0,0.16336116,9.520028,9.540029,1532800
hardzero_plus_depr__c0p50__z1p00__lam0p020__nu0p50__psi0p75,hardzero_plus_depr,0.06,31,479,0.0,2,0.13286518,0.13286518,1.0637192,0.0,0.08635368,0.0,0.0,4.685596e-05,-27.593494,2.3402288,0.78007627,0.15200001,0.0,0.20661055,9.540029,9.560029,1536000
hardzero_plus_depr__c0p50__z1p00__lam0p020__nu0p50__psi0p75,hardzero_plus_depr,0.06,31,480,0.0,2,0.13286518,0.13286518,1.0426078,0.0,0.09065509,0.0,0.0,4.615835e-05,-27.585106,2.293783,0.7645943,0.104,0.0,0.13610707,9.560029,9.5800295,1539200
hardzero_plus_depr__c0p50__z1p00__lam0p020__nu0p50__psi0p75,hardzero_plus_depr,0.06,31,481,0.0,2,0.13286518,0.13286518,1.0968916,0.0,0.08000339,0.0,0.0,4.5471126e-05,-28.010122,2.4132097,0.80440325,0.13,0.0,0.1679097,9.5800295,9.60003,1542400
hardzero_plus_depr__c0p50__z1p00__lam0p020__nu0p50__psi0p75,hardzero_plus_depr,0.06,31,482,0.0,2,0.13286518,0.13286518,1.0125539,0.0,0.09715072,0.0,0.0,4.479413e-05,-26.917088,2.227663,0.74255437,0.128,0.0,0.12508126,9.60003,9.62003,1545600
hardzero_plus_depr__c0p50__z1p00__lam0p020__nu0p50__psi0p75,hardzero_plus_depr,0.06,31,483,0.0,2,0.13286518,0.13286518,1.0216194,0.0,0.09514382,0.0,0.0,4.4127217e-05,-27.39913,2.2476077,0.7492026,0.16800001,0.0,0.16299646,9.62003,9.640031,1548800
hardzero_plus_depr__c0p50__z1p00__lam0p020__nu0p50__psi0p75,hardzero_plus_depr,0.06,31,484,0.0,2,0.13286518,0.13286518,1.0358853,0.0,0.09206927,0.0,0.0,4.3470234e-05,-26.914888,2.2789931,0.7596644,0.128,0.0,0.1403494,9.640031,9.660031,1552000
hardzero_plus_depr__c0p50__z1p00__lam0p020__nu0p50__psi0p75,hardzero_plus_depr,0.06,31,485,0.0,2,0.13286518,0.1328697,0.97543067,0.10582038,0.10582038,1.0,4.5315496e-06,4.2823034e-05,-26.189465,2.1459904,0.7153301,0.208,0.0,0.14361118,9.660031,9.680032,1555200
hardzero_plus_depr__c0p50__z1p00__lam0p020__nu0p50__psi0p75,hardzero_plus_depr,0.06,31,486,0.0,2,0.1328697,0.1328697,1.0579078,0.0,0.08751694,0.0,0.0,4.2185467e-05,-27.874262,2.3274436,0.77581453,0.15200001,0.0,0.15694648,9.680032,9.700032,1558400
hardzero_plus_depr__c0p50__z1p00__lam0p020__nu0p50__psi0p75,hardzero_plus_depr,0.06,31,487,0.0,2,0.1328697,0.1328697,1.0443251,0.0,0.09029731,0.0,0.0,4.1557392e-05,-28.260363,2.2975612,0.76585376,0.104,0.0,0.16996157,9.700032,9.720033,1561600
hardzero_plus_depr__c0p50__z1p00__lam0p020__nu0p50__psi0p75,hardzero_plus_depr,0.06,31,488,0.0,2,0.1328697,0.1328697,1.0016788,0.0,0.09961417,0.0,0.0,4.0938667e-05,-27.27207,2.2037375,0.7345792,0.18400002,0.0,0.13414119,9.720033,9.740033,1564800
hardzero_plus_depr__c0p50__z1p00__lam0p020__nu0p50__psi0p75,hardzero_plus_depr,0.06,31,489,0.0,2,0.1328697,0.13287385,0.98854595,0.102672465,0.102672465,1.0,4.1406943e-06,4.032916e-05,-26.648039,2.1748445,0.72494817,0.16800001,0.0,0.13621806,9.740033,9.760034,1568000
hardzero_plus_depr__c0p50__z1p00__lam0p020__nu0p50__psi0p75,hardzero_plus_depr,0.06,31,490,0.0,2,0.13287385,0.13287385,1.0706569,0.0,0.08498516,0.0,0.0,3.972872e-05,-28.813911,2.355492,0.78516406,0.128,0.0,0.1661663,9.760034,9.780034,1571200
hardzero_plus_depr__c0p50__z1p00__lam0p020__nu0p50__psi0p75,hardzero_plus_depr,0.06,31,491,0.0,2,0.13287385,0.13287385,1.0247573,0.0,0.09445887,0.0,0.0,3.9137223e-05,-27.797808,2.2545109,0.75150365,0.15200001,0.0,0.1285493,9.780034,9.8000345,1574400
hardzero_plus_depr__c0p50__z1p00__lam0p020__nu0p50__psi0p75,hardzero_plus_depr,0.06,31,492,0.0,2,0.13287385,0.13287385,1.0601168,0.0,0.08707294,0.0,0.0,3.855453e-05,-27.592443,2.3323035,0.7774345,0.136,0.0,0.14518255,9.8000345,9.820035,1577600
hardzero_plus_depr__c0p50__z1p00__lam0p020__nu0p50__psi0p75,hardzero_plus_depr,0.06,31,493,0.0,2,0.13287385,0.13287385,1.0210155,0.0,0.09527619,0.0,0.0,3.798052e-05,-26.987883,2.246279,0.7487597,0.16000001,0.0,0.17053206,9.820035,9.840035,1580800
hardzero_plus_depr__c0p50__z1p00__lam0p020__nu0p50__psi0p75,hardzero_plus_depr,0.06,31,494,0.0,2,0.13287385,0.13287385,1.0255381,0.0,0.09428919,0.0,0.0,3.741505e-05,-27.68308,2.256229,0.7520763,0.14,0.0,0.16690038,9.840035,9.860036,1584000
hardzero_plus_depr__c0p50__z1p00__lam0p020__nu0p50__psi0p75,hardzero_plus_depr,0.06,31,495,0.0,2,0.13287385,0.13287385,1.0104064,0.0,0.09763232,0.0,0.0,3.6857997e-05,-27.469065,2.2229385,0.74097955,0.216,0.0,0.13504468,9.860036,9.880036,1587200
hardzero_plus_depr__c0p50__z1p00__lam0p020__nu0p50__psi0p75,hardzero_plus_depr,0.06,31,496,0.0,2,0.13287385,0.13287768,0.976274,0.10561508,0.10561508,1.0,3.8348035e-06,3.630924e-05,-26.531372,2.1478457,0.7159486,0.15200001,0.0,0.15112104,9.880036,9.900037,1590400
hardzero_plus_depr__c0p50__z1p00__lam0p020__nu0p50__psi0p75,hardzero_plus_depr,0.06,31,497,0.0,2,0.13287768,0.13287768,1.038565,0.0,0.09150292,0.0,0.0,3.576866e-05,-28.113243,2.2848887,0.7616296,0.2,0.0,0.17032127,9.900037,9.920037,1593600
hardzero_plus_depr__c0p50__z1p00__lam0p020__nu0p50__psi0p75,hardzero_plus_depr,0.06,31,498,0.0,2,0.13287768,0.13287768,1.0494806,0.0,0.08923177,0.0,0.0,3.523612e-05,-27.024525,2.3089032,0.7696344,0.120000005,0.0,0.13125138,9.920037,9.940038,1596800
hardzero_plus_depr__c0p50__z1p00__lam0p020__nu0p50__psi0p75,hardzero_plus_depr,0.06,31,499,0.0,2,0.13287768,0.13287768,1.0048696,0.0,0.09888501,0.0,0.0,3.471151e-05,-26.242548,2.2107573,0.7369191,0.104,0.0,0.13654213,9.940038,9.960038,1600000
hardzero_plus_depr__c0p50__z1p00__lam0p020__nu0p50__psi0p75,hardzero_plus_depr,0.06,31,500,0.0,2,0.13287768,0.13287768,1.0583758,0.0,0.08742268,0.0,0.0,3.4194705e-05,-27.138681,2.3284733,0.7761578,0.112,0.0,0.15033807,9.960038,9.980039,1603200
hardzero_plus_depr__c0p50__z1p00__lam0p020__nu0p50__psi0p75,hardzero_plus_depr,0.06,31,501,0.0,2,0.13287768,0.13288112,0.9903119,0.10225582,0.10225582,1.0,3.444549e-06,3.3685603e-05,-26.537107,2.1787298,0.72624326,0.14400001,0.0,0.13077742,9.980039,10.000039,1606400
hardzero_plus_depr__c0p50__z1p00__lam0p020__nu0p50__psi0p75,hardzero_plus_depr,0.06,31,502,0.0,2,0.13288112,0.13288112,1.0425879,0.0,0.09065924,0.0,0.0,3.318408e-05,-27.89597,2.293739,0.7645797,0.096,0.0,0.1468968,10.000039,10.02004,1609600
hardzero_plus_depr__c0p50__z1p00__lam0p020__nu0p50__psi0p75,hardzero_plus_depr,0.06,31,503,0.0,2,0.13288112,0.13288112,1.0297508,0.0,0.09337898,0.0,0.0,3.2690023e-05,-27.022053,2.265497,0.7551657,0.17600001,0.0,0.13956597,10.02004,10.04004,1612800
hardzero_plus_depr__c0p50__z1p00__lam0p020__nu0p50__psi0p75,hardzero_plus_depr,0.06,31,504,0.0,2,0.13288112,0.13288112,1.0345548,0.0,0.09235175,0.0,0.0,3.220332e-05,-27.604294,2.276066,0.7586887,0.2,0.0,0.16714804,10.04004,10.06004,1616000
hardzero_plus_depr__c0p50__z1p00__lam0p020__nu0p50__psi0p75,hardzero_plus_depr,0.06,31,505,0.0,2,0.13288112,0.13288112,1.015386,0.0,0.09651926,0.0,0.0,3.1723866e-05,-27.509064,2.2338939,0.7446313,0.120000005,0.0,0.149664,10.06004,10.080041,1619200
hardzero_plus_depr__c0p50__z1p00__lam0p020__nu0p50__psi0p75,hardzero_plus_depr,0.06,31,506,0.0,2,0.13288112,0.13288447,0.9697951,0.10720249,0.10720249,1.0,3.3502438e-06,3.1251548e-05,-26.246147,2.133592,0.7111973,0.15200001,0.0,0.12016945,10.080041,10.100041,1622400
hardzero_plus_depr__c0p50__z1p00__lam0p020__nu0p50__psi0p75,hardzero_plus_depr,0.06,31,507,0.0,2,0.13288447,0.13288788,0.95507354,0.110898696,0.110898696,1.0,3.4141563e-06,3.078626e-05,-26.444427,2.1012037,0.70040125,0.14999999,0.0,0.124189176,10.100041,10.120042,1625600
hardzero_plus_depr__c0p50__z1p00__lam0p020__nu0p50__psi0p75,hardzero_plus_depr,0.06,31,508,0.0,2,0.13288788,0.13289094,0.9979151,0.100481234,0.100481234,1.0,3.0473852e-06,3.0327905e-05,-26.46594,2.195457,0.73181903,0.17600001,0.0,0.13828525,10.120042,10.140042,1628800
hardzero_plus_depr__c0p50__z1p00__lam0p020__nu0p50__psi0p75,hardzero_plus_depr,0.06,31,509,0.0,2,0.13289094,0.13289411,0.9743225,0.106090754,0.106090754,1.0,3.1696068e-06,2.9876372e-05,-25.87612,2.1435523,0.7145175,0.128,0.0,0.12334069,10.140042,10.160043,1632000
hardzero_plus_depr__c0p50__z1p00__lam0p020__nu0p50__psi0p75,hardzero_plus_depr,0.06,31,510,0.0,2,0.13289411,0.13289411,1.0603229,0.0,0.08703162,0.0,0.0,2.9431558e-05,-28.685333,2.332757,0.7775857,0.136,0.0,0.13858654,10.160043,10.180043,1635200
hardzero_plus_depr__c0p50__z1p00__lam0p020__nu0p50__psi0p75,hardzero_plus_depr,0.06,31,511,0.0,2,0.13289411,0.13289411,1.0445448,0.0,0.09025166,0.0,0.0,2.899337e-05,-27.018,2.2980444,0.7660148,0.18400002,0.008,0.1603639,10.180043,10.200044,1638400
hardzero_plus_depr__c0p50__z1p00__lam0p020__nu0p50__psi0p75,hardzero_plus_depr,0.06,31,512,0.0,2,0.13289411,0.13289411,1.0017817,0.0,0.09959059,0.0,0.0,2.8561704e-05,-26.829683,2.2039638,0.7346546,0.16800001,0.0,0.11516774,10.200044,10.220044,1641600
hardzero_plus_depr__c0p50__z1p00__lam0p020__nu0p50__psi0p75,hardzero_plus_depr,0.06,31,513,0.0,2,0.13289411,0.13289411,1.0050755,0.0,0.098838136,0.0,0.0,2.8136466e-05,-26.59131,2.2112103,0.7370701,0.18400002,0.0,0.13660204,10.220044,10.240045,1644800
hardzero_plus_depr__c0p50__z1p00__lam0p020__nu0p50__psi0p75,hardzero_plus_depr,0.06,31,514,0.0,2,0.13289411,0.13289411,1.04262,0.0,0.090652555,0.0,0.0,2.771756e-05,-27.693495,2.2938097,0.76460326,0.136,0.0,0.16215172,10.240045,10.260045,1648000
hardzero_plus_depr__c0p50__z1p00__lam0p020__nu0p50__psi0p75,hardzero_plus_depr,0.06,31,515,0.0,2,0.13289411,0.13289411,1.0332462,0.0,0.09263045,0.0,0.0,2.730489e-05,-28.123579,2.273187,0.757729,0.104,0.0,0.13700068,10.260045,10.2800455,1651200
hardzero_plus_depr__c0p50__z1p00__lam0p020__nu0p50__psi0p75,hardzero_plus_depr,0.06,31,516,0.0,2,0.13289411,0.1328969,0.9846685,0.10359327,0.10359327,1.0,2.7864894e-06,2.6898364e-05,-26.155704,2.166314,0.72210467,0.18400002,0.0,0.13812283,10.2800455,10.300046,1654400
hardzero_plus_depr__c0p50__z1p00__lam0p020__nu0p50__psi0p75,hardzero_plus_depr,0.06,31,517,0.0,2,0.1328969,0.13289955,0.9994062,0.100136824,0.100136824,1.0,2.6534146e-06,2.649789e-05,-26.238594,2.1987376,0.73291254,0.14400001,0.0,0.1459193,10.300046,10.320046,1657600
hardzero_plus_depr__c0p50__z1p00__lam0p020__nu0p50__psi0p75,hardzero_plus_depr,0.06,31,518,0.0,2,0.13289955,0.13289955,1.0076902,0.0,0.098244846,0.0,0.0,2.610338e-05,-26.568094,2.2169628,0.7389876,0.16000001,0.0,0.1401117,10.320046,10.340047,1660800
hardzero_plus_depr__c0p50__z1p00__lam0p020__nu0p50__psi0p75,hardzero_plus_depr,0.06,31,519,0.0,2,0.13289955,0.13289955,1.0390832,0.0,0.0913938,0.0,0.0,2.5714742e-05,-27.09634,2.2860289,0.7620096,0.14400001,0.0,0.13810322,10.340047,10.360047,1664000
hardzero_plus_depr__c0p50__z1p00__lam0p020__nu0p50__psi0p75,hardzero_plus_depr,0.06,31,520,0.0,2,0.13289955,0.13289955,1.0252275,0.0,0.09435663,0.0,0.0,2.533189e-05,-27.058134,2.2555456,0.7518486,0.14,0.0,0.15095133,10.360047,10.380048,1667200
hardzero_plus_depr__c0p50__z1p00__lam0p020__nu0p50__psi0p75,hardzero_plus_depr,0.06,31,521,0.0,2,0.13289955,0.13289955,1.038492,0.0,0.09151832,0.0,0.0,2.4954737e-05,-27.480238,2.284728,0.76157606,0.14400001,0.0,0.13119955,10.380048,10.400048,1670400
hardzero_plus_depr__c0p50__z1p00__lam0p020__nu0p50__psi0p75,hardzero_plus_depr,0.06,31,522,0.0,2,0.13289955,0.13290215,0.97745615,0.105328,0.105328,1.0,2.5892996e-06,2.4583203e-05,-26.535074,2.1504464,0.7168155,0.23200001,0.0,0.15082127,10.400048,10.420049,1673600
hardzero_plus_depr__c0p50__z1p00__lam0p020__nu0p50__psi0p75,hardzero_plus_depr,0.06,31,523,0.0,2,0.13290215,0.13290215,1.0605825,0.0,0.08697962,0.0,0.0,2.42172e-05,-28.057053,2.333328,0.777776,0.136,0.0,0.1758635,10.420049,10.440049,1676800
hardzero_plus_depr__c0p50__z1p00__lam0p020__nu0p50__psi0p75,hardzero_plus_depr,0.06,31,524,0.0,2,0.13290215,0.1329046,0.98788846,0.10282803,0.10282803,1.0,2.4531319e-06,2.3856644e-05,-26.988356,2.173398,0.724466,0.192,0.0,0.15806746,10.440049,10.46005,1680000
hardzero_plus_depr__c0p50__z1p00__lam0p020__nu0p50__psi0p75,hardzero_plus_depr,0.06,31,525,0.0,2,0.1329046,0.1329046,1.0110059,0.0,0.09749764,0.0,0.0,2.3501456e-05,-27.111952,2.2242572,0.7414191,0.192,0.0,0.13695386,10.46005,10.48005,1683200
hardzero_plus_depr__c0p50__z1p00__lam0p020__nu0p50__psi0p75,hardzero_plus_depr,0.06,31,526,0.0,2,0.1329046,0.132907,0.98444664,0.10364618,0.10364618,1.0,2.3995706e-06,2.3151557e-05,-27.254253,2.1658258,0.72194195,0.16800001,0.0,0.1469559,10.48005,10.500051,1686400
hardzero_plus_depr__c0p50__z1p00__lam0p020__nu0p50__psi0p75,hardzero_plus_depr,0.06,31,527,0.0,2,0.132907,0.132907,1.057154,0.0,0.08766898,0.0,0.0,2.2806867e-05,-27.53791,2.3257854,0.7752618,0.224,0.0,0.1828246,10.500051,10.520051,1689600
hardzero_plus_depr__c0p50__z1p00__lam0p020__nu0p50__psi0p75,hardzero_plus_depr,0.06,31,528,0.0,2,0.132907,0.132907,1.0463327,0.0,0.08988088,0.0,0.0,2.246731e-05,-27.824022,2.3019779,0.767326,0.17600001,0.0,0.15901521,10.520051,10.540051,1692800
hardzero_plus_depr__c0p50__z1p00__lam0p020__nu0p50__psi0p75,hardzero_plus_depr,0.06,31,529,0.0,2,0.132907,0.132907,1.086575,0.0,0.08192661,0.0,0.0,2.2132808e-05,-28.470697,2.3905127,0.79683757,0.16000001,0.0,0.17949817,10.540051,10.560052,1696000
hardzero_plus_depr__c0p50__z1p00__lam0p020__nu0p50__psi0p75,hardzero_plus_depr,0.06,31,530,0.0,2,0.132907,0.132907,1.0266486,0.0,0.09404837,0.0,0.0,2.1803284e-05,-27.535318,2.258672,0.7528907,0.15200001,0.0,0.15829453,10.560052,10.580052,1699200
hardzero_plus_depr__c0p50__z1p00__lam0p020__nu0p50__psi0p75,hardzero_plus_depr,0.06,31,531,0.0,2,0.132907,0.132907,1.0370736,0.0,0.0918177,0.0,0.0,2.1478669e-05,-27.170834,2.2816074,0.76053584,0.16800001,0.0,0.15792987,10.580052,10.600053,1702400
hardzero_plus_depr__c0p50__z1p00__lam0p020__nu0p50__psi0p75,hardzero_plus_depr,0.06,31,532,0.0,2,0.132907,0.132907,1.0006,0.0,0.09986196,0.0,0.0,2.1158885e-05,-27.193874,2.2013638,0.73378795,0.192,0.0,0.1777251,10.600053,10.620053,1705600
hardzero_plus_depr__c0p50__z1p00__lam0p020__nu0p50__psi0p75,hardzero_plus_depr,0.06,31,533,0.0,2,0.132907,0.132907,1.0423385,0.0,0.090711325,0.0,0.0,2.0843865e-05,-27.119326,2.2931905,0.76439685,0.17999999,0.0,0.13429365,10.620053,10.640054,1708800
hardzero_plus_depr__c0p50__z1p00__lam0p020__nu0p50__psi0p75,hardzero_plus_depr,0.06,31,534,0.0,2,0.132907,0.13290906,0.9979101,0.10048238,0.10048238,1.0,2.0632583e-06,2.0533533e-05,-26.788176,2.195446,0.73181534,0.14400001,0.0,0.14867266,10.640054,10.660054,1712000
hardzero_plus_depr__c0p50__z1p00__lam0p020__nu0p50__psi0p75,hardzero_plus_depr,0.06,31,535,0.0,2,0.13290906,0.13291109,0.9979995,0.100461684,0.100461684,1.0,2.0321208e-06,2.0227819e-05,-27.054132,2.1956427,0.7318809,0.192,0.0,0.13957095,10.660054,10.680055,1715200
hardzero_plus_depr__c0p50__z1p00__lam0p020__nu0p50__psi0p75,hardzero_plus_depr,0.06,31,536,0.0,2,0.13291109,0.13291109,1.0482867,0.0,0.0894774,0.0,0.0,1.9926661e-05,-27.374321,2.3062768,0.76875895,0.14400001,0.0,0.12366107,10.680055,10.700055,1718400
hardzero_plus_depr__c0p50__z1p00__lam0p020__nu0p50__psi0p75,hardzero_plus_depr,0.06,31,537,0.0,2,0.13291109,0.13291311,0.984924,0.10353232,0.10353232,1.0,2.032338e-06,1.9629986e-05,-26.707716,2.166876,0.72229207,0.23200001,0.0,0.1145236,10.700055,10.720056,1721600
hardzero_plus_depr__c0p50__z1p00__lam0p020__nu0p50__psi0p75,hardzero_plus_depr,0.06,31,538,0.0,2,0.13291311,0.13291515,0.9780039,0.105195224,0.105195224,1.0,2.0342363e-06,1.9337725e-05,-26.884266,2.1516516,0.7172172,0.208,0.0,0.15860035,10.720056,10.740056,1724800
hardzero_plus_depr__c0p50__z1p00__lam0p020__nu0p50__psi0p75,hardzero_plus_depr,0.06,31,539,0.0,2,0.13291515,0.13291515,1.0285275,0.0,0.09364239,0.0,0.0,1.9049818e-05,-26.693682,2.2628057,0.7542686,0.136,0.0,0.13238125,10.740056,10.7600565,1728000
hardzero_plus_depr__c0p50__z1p00__lam0p020__nu0p50__psi0p75,hardzero_plus_depr,0.06,31,540,0.0,2,0.13291515,0.13291515,1.0331621,0.0,0.092648394,0.0,0.0,1.8766197e-05,-28.165537,2.2730021,0.7576674,0.136,0.0,0.1579928,10.7600565,10.780057,1731200
hardzero_plus_depr__c0p50__z1p00__lam0p020__nu0p50__psi0p75,hardzero_plus_depr,0.06,31,541,0.0,2,0.13291515,0.13291515,1.0439119,0.0,0.09038328,0.0,0.0,1.8486799e-05,-28.065475,2.296652,0.76555073,0.18400002,0.0,0.17281106,10.780057,10.800057,1734400
hardzero_plus_depr__c0p50__z1p00__lam0p020__nu0p50__psi0p75,hardzero_plus_depr,0.06,31,542,0.0,2,0.13291515,0.13291515,1.0697012,0.0,0.085172385,0.0,0.0,1.821156e-05,-28.20556,2.3533895,0.78446317,0.104,0.0,0.14220431,10.800057,10.820058,1737600
hardzero_plus_depr__c0p50__z1p00__lam0p020__nu0p50__psi0p75,hardzero_plus_depr,0.06,31,543,0.0,2,0.13291515,0.13291717,0.9503468,0.11211228,0.11211228,1.0,2.0113414e-06,1.794042e-05,-25.691748,2.0908048,0.69693494,0.16800001,0.0,0.12588416,10.820058,10.840058,1740800
hardzero_plus_depr__c0p50__z1p00__lam0p020__nu0p50__psi0p75,hardzero_plus_depr,0.06,31,544,0.0,2,0.13291717,0.13291717,1.0120628,0.0,0.09726067,0.0,0.0,1.7673314e-05,-26.976446,2.2265825,0.7421942,0.18400002,0.0,0.1454642,10.840058,10.860059,1744000
hardzero_plus_depr__c0p50__z1p00__lam0p020__nu0p50__psi0p75,hardzero_plus_depr,0.06,31,545,0.0,2,0.13291717,0.13291717,1.0201553,0.0,0.0954651,0.0,0.0,1.7410186e-05,-26.80167,2.2443864,0.74812883,0.15200001,0.0,0.13945973,10.860059,10.880059,1747200
hardzero_plus_depr__c0p50__z1p00__lam0p020__nu0p50__psi0p75,hardzero_plus_depr,0.06,31,546,0.0,2,0.13291717,0.13291717,1.0263039,0.0,0.09412308,0.0,0.0,1.7150976e-05,-27.200415,2.2579136,0.75263786,0.12,0.0,0.16770025,10.880059,10.90006,1750400
hardzero_plus_depr__c0p50__z1p00__lam0p020__nu0p50__psi0p75,hardzero_plus_depr,0.06,31,547,0.0,2,0.13291717,0.13291717,1.0355914,0.0,0.09213161,0.0,0.0,1.6895627e-05,-27.196314,2.2783465,0.7594489,0.14400001,0.008,0.14712891,10.90006,10.92006,1753600
hardzero_plus_depr__c0p50__z1p00__lam0p020__nu0p50__psi0p75,hardzero_plus_depr,0.06,31,548,0.0,2,0.13291717,0.13291717,1.0293132,0.0,0.09347314,0.0,0.0,1.6644077e-05,-27.531298,2.2645342,0.7548448,0.16000001,0.0,0.13334295,10.92006,10.940061,1756800
hardzero_plus_depr__c0p50__z1p00__lam0p020__nu0p50__psi0p75,hardzero_plus_depr,0.06,31,549,0.0,2,0.13291717,0.13291885,0.98711634,0.103011005,0.103011005,1.0,1.6889968e-06,1.6396276e-05,-26.385618,2.1716993,0.7238998,0.224,0.0,0.15617126,10.940061,10.960061,1760000
hardzero_plus_depr__c0p50__z1p00__lam0p020__nu0p50__psi0p75,hardzero_plus_depr,0.06,31,550,0.0,2,0.13291885,0.13291885,1.0796804,0.0,0.0832376,0.0,0.0,1.6152158e-05,-28.235983,2.3753443,0.7917814,0.112,0.0,0.15141338,10.960061,10.980062,1763200
hardzero_plus_depr__c0p50__z1p00__lam0p020__nu0p50__psi0p75,hardzero_plus_depr,0.06,31,551,0.0,2,0.13291885,0.13291885,1.0228109,0.0,0.09488314,0.0,0.0,1.591168e-05,-27.547716,2.2502291,0.7500764,0.192,0.0,0.16237387,10.980062,11.000062,1766400
hardzero_plus_depr__c0p50__z1p00__lam0p020__nu0p50__psi0p75,hardzero_plus_depr,0.06,31,552,0.0,2,0.13291885,0.13291885,1.054519,0.0,0.08820251,0.0,0.0,1.5674781e-05,-27.940454,2.3199883,0.77332944,0.14400001,0.0,0.16231926,11.000062,11.020062,1769600
hardzero_plus_depr__c0p50__z1p00__lam0p020__nu0p50__psi0p75,hardzero_plus_depr,0.06,31,553,0.0,2,0.13291885,0.13292043,0.99004436,0.102318846,0.102318846,1.0,1.579947e-06,1.5441408e-05,-25.693243,2.178141,0.72604704,0.15200001,0.0,0.12257824,11.020062,11.040063,1772800
hardzero_plus_depr__c0p50__z1p00__lam0p020__nu0p50__psi0p75,hardzero_plus_depr,0.06,31,554,0.0,2,0.13292043,0.13292043,1.0555474,0.0,0.08799391,0.0,0.0,1.5211509e-05,-28.831516,2.3222506,0.77408355,0.17600001,0.0,0.18810204,11.040063,11.060063,1776000
hardzero_plus_depr__c0p50__z1p00__lam0p020__nu0p50__psi0p75,hardzero_plus_depr,0.06,31,555,0.0,2,0.13292043,0.13292202,0.9742733,0.106102765,0.106102765,1.0,1.5899536e-06,1.4985035e-05,-25.950912,2.143444,0.71448135,0.16000001,0.0,0.13878047,11.060063,11.080064,1779200
hardzero_plus_depr__c0p50__z1p00__lam0p020__nu0p50__psi0p75,hardzero_plus_depr,0.06,31,556,0.0,2,0.13292202,0.13292202,1.035312,0.0,0.09219087,0.0,0.0,1.4761933e-05,-27.861206,2.2777321,0.7592441,0.216,0.0,0.18269184,11.080064,11.100064,1782400
hardzero_plus_depr__c0p50__z1p00__lam0p020__nu0p50__psi0p75,hardzero_plus_depr,0.06,31,557,0.0,2,0.13292202,0.13292202,1.0145626,0.0,0.09670243,0.0,0.0,1.454215e-05,-26.902824,2.2320824,0.7440275,0.192,0.0,0.13700774,11.100064,11.120065,1785600
hardzero_plus_depr__c0p50__z1p00__lam0p020__nu0p50__psi0p75,hardzero_plus_depr,0.06,31,558,0.0,2,0.13292202,0.13292202,1.009689,0.0,0.09779371,0.0,0.0,1.4325641e-05,-26.93578,2.22136,0.74045336,0.104,0.0,0.12846388,11.120065,11.140065,1788800
hardzero_plus_depr__c0p50__z1p00__lam0p020__nu0p50__psi0p75,hardzero_plus_depr,0.06,31,559,0.0,2,0.13292202,0.13292202,1.0297948,0.0,0.09336952,0.0,0.0,1.41123555e-05,-27.564262,2.2655938,0.75519794,0.16,0.0,0.12312286,11.140065,11.160066,1792000
hardzero_plus_depr__c0p50__z1p00__lam0p020__nu0p50__psi0p75,hardzero_plus_depr,0.06,31,560,0.0,2,0.13292202,0.13292202,1.0290039,0.0,0.09353972,0.0,0.0,1.3902244e-05,-27.748907,2.2638538,0.7546179,0.15200001,0.0,0.1567667,11.160066,11.180066,1795200
hardzero_plus_depr__c0p50__z1p00__lam0p020__nu0p50__psi0p75,hardzero_plus_depr,0.06,31,561,0.0,2,0.13292202,0.13292342,0.9921276,0.10182922,0.10182922,1.0,1.394578e-06,1.3695263e-05,-27.855864,2.1827242,0.72757477,0.136,0.0,0.12859553,11.180066,11.200067,1798400
hardzero_plus_depr__c0p50__z1p00__lam0p020__nu0p50__psi0p75,hardzero_plus_depr,0.06,31,562,0.0,2,0.13292342,0.13292342,1.0275283,0.0,0.093858086,0.0,0.0,1.3491362e-05,-27.37662,2.2606075,0.75353587,0.17600001,0.0,0.16145201,11.200067,11.220067,1801600
hardzero_plus_depr__c0p50__z1p00__lam0p020__nu0p50__psi0p75,hardzero_plus_depr,0.06,31,563,0.0,2,0.13292342,0.13292342,1.1014119,0.0,0.079175,0.0,0.0,1.3290498e-05,-28.584156,2.4231546,0.8077182,0.16000001,0.0,0.1558839,11.220067,11.2400675,1804800
hardzero_plus_depr__c0p50__z1p00__lam0p020__nu0p50__psi0p75,hardzero_plus_depr,0.06,31,564,0.0,2,0.13292342,0.13292342,1.0288073,0.0,0.09358209,0.0,0.0,1.3092624e-05,-26.811115,2.2634213,0.7544738,0.128,0.0,0.13987994,11.2400675,11.260068,1808000
hardzero_plus_depr__c0p50__z1p00__lam0p020__nu0p50__psi0p75,hardzero_plus_depr,0.06,31,565,0.0,2,0.13292342,0.13292478,0.9783593,0.10510918,0.10510918,1.0,1.3556661e-06,1.2897694e-05,-26.809652,2.1524334,0.7174778,0.16000001,0.0,0.12361645,11.260068,11.280068,1811200
hardzero_plus_depr__c0p50__z1p00__lam0p020__nu0p50__psi0p75,hardzero_plus_depr,0.06,31,566,0.0,2,0.13292478,0.13292478,1.0478592,0.0,0.08956551,0.0,0.0,1.2705669e-05,-26.935091,2.3053362,0.76844543,0.104,0.0,0.14723206,11.280068,11.300069,1814400
hardzero_plus_depr__c0p50__z1p00__lam0p020__nu0p50__psi0p75,hardzero_plus_depr,0.06,31,567,0.0,2,0.13292478,0.13292605,0.99651915,0.10080471,0.10080471,1.0,1.2617223e-06,1.2516502e-05,-27.064129,2.192386,0.7307953,0.17600001,0.0,0.12630694,11.300069,11.320069,1817600
hardzero_plus_depr__c0p50__z1p00__lam0p020__nu0p50__psi0p75,hardzero_plus_depr,0.06,31,568,0.0,2,0.13292605,0.1329274,0.9566066,0.110507905,0.110507905,1.0,1.3625793e-06,1.2330152e-05,-26.053595,2.1045766,0.70152557,0.16800001,0.0,0.14502087,11.320069,11.34007,1820800
hardzero_plus_depr__c0p50__z1p00__lam0p020__nu0p50__psi0p75,hardzero_plus_depr,0.06,31,569,0.0,2,0.1329274,0.1329274,1.0187737,0.0,0.09576931,0.0,0.0,1.21465755e-05,-26.414782,2.2413468,0.7471156,0.16000001,0.0,0.16095299,11.34007,11.36007,1824000
hardzero_plus_depr__c0p50__z1p00__lam0p020__nu0p50__psi0p75,hardzero_plus_depr,0.06,31,570,0.0,2,0.1329274,0.1329274,1.0199283,0.0,0.09551501,0.0,0.0,1.1965732e-05,-28.053902,2.2438872,0.7479624,0.192,0.0,0.16869624,11.36007,11.380071,1827200
hardzero_plus_depr__c0p50__z1p00__lam0p020__nu0p50__psi0p75,hardzero_plus_depr,0.06,31,571,0.0,2,0.1329274,0.1329274,1.0073403,0.0,0.09832402,0.0,0.0,1.1787581e-05,-27.074142,2.216193,0.738731,0.16000001,0.0,0.1549054,11.380071,11.400071,1830400
hardzero_plus_depr__c0p50__z1p00__lam0p020__nu0p50__psi0p75,hardzero_plus_depr,0.06,31,572,0.0,2,0.1329274,0.13292871,0.9496261,0.11229847,0.11229847,1.0,1.3040193e-06,1.1612084e-05,-26.389154,2.089219,0.69640636,0.29999998,0.0,0.13371933,11.400071,11.420072,1833600
hardzero_plus_depr__c0p50__z1p00__lam0p020__nu0p50__psi0p75,hardzero_plus_depr,0.06,31,573,0.0,2,0.13292871,0.13292871,1.0011538,0.0,0.09973468,0.0,0.0,1.1439198e-05,-26.954885,2.2025824,0.73419416,0.18400002,0.0,0.11774674,11.420072,11.440072,1836800
hardzero_plus_depr__c0p50__z1p00__lam0p020__nu0p50__psi0p75,hardzero_plus_depr,0.06,31,574,0.0,2,0.13292871,0.13292988,0.98664266,0.103123434,0.103123434,1.0,1.1620863e-06,1.1268887e-05,-26.535463,2.1706572,0.7235524,0.18400002,0.0,0.14057305,11.440072,11.4600725,1840000
hardzero_plus_depr__c0p50__z1p00__lam0p020__nu0p50__psi0p75,hardzero_plus_depr,0.06,31,575,0.0,2,0.13292988,0.13292988,1.0243815,0.0,0.09454063,0.0,0.0,1.110111e-05,-26.804504,2.2536843,0.7512281,0.08800001,0.0,0.13228232,11.4600725,11.480073,1843200
hardzero_plus_depr__c0p50__z1p00__lam0p020__nu0p50__psi0p75,hardzero_plus_depr,0.06,31,576,0.0,2,0.13292988,0.13292988,1.1002705,0.0,0.07938335,0.0,0.0,1.0935833e-05,-28.728535,2.4206433,0.8068811,0.096,0.0,0.17573164,11.480073,11.500073,1846400
hardzero_plus_depr__c0p50__z1p00__lam0p020__nu0p50__psi0p75,hardzero_plus_depr,0.06,31,577,0.0,2,0.13292988,0.13292988,1.0568879,0.0,0.08772273,0.0,0.0,1.0773017e-05,-28.459536,2.3251998,0.7750666,0.2,0.0,0.17433017,11.500073,11.520074,1849600
hardzero_plus_depr__c0p50__z1p00__lam0p020__nu0p50__psi0p75,hardzero_plus_depr,0.06,31,578,0.0,2,0.13292988,0.13292988,1.0197264,0.0,0.09555945,0.0,0.0,1.0612624e-05,-26.745218,2.2434428,0.7478143,0.16800001,0.0,0.15044507,11.520074,11.540074,1852800
hardzero_plus_depr__c0p50__z1p00__lam0p020__nu0p50__psi0p75,hardzero_plus_depr,0.06,31,579,0.0,2,0.13292988,0.13293096,0.9809711,0.10447896,0.10447896,1.0,1.0922878e-06,1.0454619e-05,-26.58136,2.1581795,0.7193932,0.16800001,0.0,0.13486265,11.540074,11.560075,1856000
hardzero_plus_depr__c0p50__z1p00__lam0p020__nu0p50__psi0p75,hardzero_plus_depr,0.06,31,580,0.0,2,0.13293096,0.13293096,1.0492896,0.0,0.089271,0.0,0.0,1.0298965e-05,-27.41204,2.3084831,0.7694944,0.14400001,0.0,0.14379707,11.560075,11.580075,1859200
hardzero_plus_depr__c0p50__z1p00__lam0p020__nu0p50__psi0p75,hardzero_plus_depr,0.06,31,581,0.0,2,0.13293096,0.13293096,1.0189499,0.0,0.095730454,0.0,0.0,1.0145631e-05,-26.61334,2.2417345,0.74724483,0.16000001,0.0,0.14932592,11.580075,11.600076,1862400
hardzero_plus_depr__c0p50__z1p00__lam0p020__nu0p50__psi0p75,hardzero_plus_depr,0.06,31,582,0.0,2,0.13293096,0.13293096,1.001163,0.0,0.09973256,0.0,0.0,9.994578e-06,-27.925161,2.2026026,0.7342009,0.208,0.0,0.16325127,11.600076,11.620076,1865600
hardzero_plus_depr__c0p50__z1p00__lam0p020__nu0p50__psi0p75,hardzero_plus_depr,0.06,31,583,0.0,2,0.13293096,0.13293096,1.0222347,0.0,0.09500912,0.0,0.0,9.845775e-06,-27.030123,2.2489612,0.74965376,0.104,0.008,0.15619037,11.620076,11.640077,1868800
hardzero_plus_depr__c0p50__z1p00__lam0p020__nu0p50__psi0p75,hardzero_plus_depr,0.06,31,584,0.0,2,0.13293096,0.13293195,0.9921515,0.10182361,0.10182361,1.0,9.876063e-07,9.699187e-06,-25.85705,2.182777,0.72759235,0.112,0.0,0.12849928,11.640077,11.660077,1872000
hardzero_plus_depr__c0p50__z1p00__lam0p020__nu0p50__psi0p75,hardzero_plus_depr,0.06,31,585,0.0,2,0.13293195,0.13293195,1.0037963,0.0,0.09912967,0.0,0.0,9.554782e-06,-26.636278,2.208396,0.736132,0.16,0.0,0.11695178,11.660077,11.680078,1875200
hardzero_plus_depr__c0p50__z1p00__lam0p020__nu0p50__psi0p75,hardzero_plus_depr,0.06,31,586,0.0,2,0.13293195,0.13293195,1.0623696,0.0,0.08662245,0.0,0.0,9.412526e-06,-27.534138,2.3372598,0.7790866,0.18400002,0.0,0.14864491,11.680078,11.700078,1878400
hardzero_plus_depr__c0p50__z1p00__lam0p020__nu0p50__psi0p75,hardzero_plus_depr,0.06,31,587,0.0,2,0.13293195,0.13293195,1.0124279,0.0,0.09717891,0.0,0.0,9.272389e-06,-26.598366,2.227386,0.74246204,0.128,0.0,0.13111283,11.700078,11.720078,1881600
hardzero_plus_depr__c0p50__z1p00__lam0p020__nu0p50__psi0p75,hardzero_plus_depr,0.06,31,588,0.0,2,0.13293195,0.13293296,0.95348316,0.11130556,0.11130556,1.0,1.0167026e-06,9.134338e-06,-25.586151,2.097705,0.69923496,0.16800001,0.0,0.1246857,11.720078,11.740079,1884800
hardzero_plus_depr__c0p50__z1p00__lam0p020__nu0p50__psi0p75,hardzero_plus_depr,0.06,31,589,0.0,2,0.13293296,0.13293296,1.0255718,0.0,0.09428186,0.0,0.0,8.998342e-06,-27.286434,2.256303,0.75210106,0.112,0.0,0.14562578,11.740079,11.760079,1888000
hardzero_plus_depr__c0p50__z1p00__lam0p020__nu0p50__psi0p75,hardzero_plus_depr,0.06,31,590,0.0,2,0.13293296,0.13293386,0.9958139,0.10096853,0.10096853,1.0,8.9502254e-07,8.864371e-06,-26.430655,2.1908343,0.73027813,0.16000001,0.0,0.15495594,11.760079,11.78008,1891200
hardzero_plus_depr__c0p50__z1p00__lam0p020__nu0p50__psi0p75,hardzero_plus_depr,0.06,31,591,0.0,2,0.13293386,0.13293481,0.9630052,0.108891696,0.108891696,1.0,9.508853e-07,8.732395e-06,-27.042936,2.1186538,0.70621794,0.14400001,0.0,0.1526954,11.78008,11.80008,1894400
hardzero_plus_depr__c0p50__z1p00__lam0p020__nu0p50__psi0p75,hardzero_plus_depr,0.06,31,592,0.0,2,0.13293481,0.13293481,1.0471393,0.0,0.0897141,0.0,0.0,8.602384e-06,-27.360348,2.3037524,0.7679175,0.128,0.0,0.13531257,11.80008,11.820081,1897600
hardzero_plus_depr__c0p50__z1p00__lam0p020__nu0p50__psi0p75,hardzero_plus_depr,0.06,31,593,0.0,2,0.13293481,0.13293481,1.045639,0.0,0.09002455,0.0,0.0,8.474308e-06,-27.141678,2.3004518,0.7668173,0.16000001,0.0,0.13817452,11.820081,11.840081,1900800
hardzero_plus_depr__c0p50__z1p00__lam0p020__nu0p50__psi0p75,hardzero_plus_depr,0.06,31,594,0.0,2,0.13293481,0.13293481,1.0185287,0.0,0.09582335,0.0,0.0,8.34814e-06,-27.240458,2.240808,0.746936,0.14400001,0.0,0.16241367,11.840081,11.860082,1904000
hardzero_plus_depr__c0p50__z1p00__lam0p020__nu0p50__psi0p75,hardzero_plus_depr,0.06,31,595,0.0,2,0.13293481,0.13293566,0.9874854,0.10292352,0.10292352,1.0,8.464275e-07,8.223849e-06,-26.934011,2.1725113,0.72417045,0.17600001,0.0,0.14833893,11.860082,11.880082,1907200
hardzero_plus_depr__c0p50__z1p00__lam0p020__nu0p50__psi0p75,hardzero_plus_depr,0.06,31,596,0.0,2,0.13293566,0.13293566,1.070418,0.0,0.08503191,0.0,0.0,8.101409e-06,-28.502037,2.3549666,0.7849889,0.14400001,0.0,0.1659886,11.880082,11.900083,1910400
hardzero_plus_depr__c0p50__z1p00__lam0p020__nu0p50__psi0p75,hardzero_plus_depr,0.06,31,597,0.0,2,0.13293566,0.13293566,1.0078363,0.0,0.098211795,0.0,0.0,7.980792e-06,-26.357805,2.2172842,0.73909473,0.16800001,0.008,0.13457435,11.900083,11.920083,1913600
hardzero_plus_depr__c0p50__z1p00__lam0p020__nu0p50__psi0p75,hardzero_plus_depr,0.06,31,598,0.0,2,0.13293566,0.13293566,1.0029786,0.0,0.099316515,0.0,0.0,7.8619705e-06,-26.702343,2.2065969,0.7355323,0.099999994,0.0,0.116788335,11.920083,11.9400835,1916800
hardzero_plus_depr__c0p50__z1p00__lam0p020__nu0p50__psi0p75,hardzero_plus_depr,0.06,31,599,0.0,2,0.13293566,0.13293566,1.015142,0.0,0.09657352,0.0,0.0,7.744919e-06,-27.234098,2.233357,0.74445236,0.08800001,0.0,0.12605901,11.9400835,11.960084,1920000
hardzero_plus_depr__c0p50__z1p00__lam0p020__nu0p50__psi0p75,hardzero_plus_depr,0.06,31,600,0.0,2,0.13293566,0.13293566,1.0541382,0.0,0.08827989,0.0,0.0,7.629609e-06,-28.237673,2.3191502,0.77305007,0.216,0.0,0.16683793,11.960084,11.980084,1923200
hardzero_plus_depr__c0p50__z1p00__lam0p020__nu0p50__psi0p75,hardzero_plus_depr,0.06,31,601,0.0,2,0.13293566,0.13293652,0.94267774,0.11410963,0.11410963,1.0,8.5764987e-07,7.5160165e-06,-25.67947,2.0739324,0.6913108,0.216,0.0,0.12939036,11.980084,12.000085,1926400
hardzero_plus_depr__c0p50__z1p00__lam0p020__nu0p50__psi0p75,hardzero_plus_depr,0.06,31,602,0.0,2,0.13293652,0.13293652,1.0542148,0.0,0.08826431,0.0,0.0,7.4041145e-06,-27.836264,2.319319,0.77310634,0.136,0.0,0.14357053,12.000085,12.020085,1929600
hardzero_plus_depr__c0p50__z1p00__lam0p020__nu0p50__psi0p75,hardzero_plus_depr,0.06,31,603,0.0,2,0.13293652,0.13293652,1.0653194,0.0,0.08603607,0.0,0.0,7.2938797e-06,-27.555353,2.3437495,0.7812499,0.14400001,0.0,0.16053675,12.020085,12.040086,1932800
hardzero_plus_depr__c0p50__z1p00__lam0p020__nu0p50__psi0p75,hardzero_plus_depr,0.06,31,604,0.0,2,0.13293652,0.13293652,1.0029902,0.0,0.09931383,0.0,0.0,7.1852855e-06,-25.921103,2.2066226,0.73554087,0.18400002,0.0,0.13021278,12.040086,12.060086,1936000
hardzero_plus_depr__c0p50__z1p00__lam0p020__nu0p50__psi0p75,hardzero_plus_depr,0.06,31,605,0.0,2,0.13293652,0.13293728,0.9655045,0.10826684,0.10826684,1.0,7.6634603e-07,7.078308e-06,-26.40071,2.1241524,0.70805085,0.17600001,0.0,0.141915,12.060086,12.080087,1939200
hardzero_plus_depr__c0p50__z1p00__lam0p020__nu0p50__psi0p75,hardzero_plus_depr,0.06,31,606,0.0,2,0.13293728,0.13293728,1.0060766,0.0,0.09861056,0.0,0.0,6.972923e-06,-27.59947,2.2134128,0.7378043,0.14400001,0.0,0.15499423,12.080087,12.100087,1942400
hardzero_plus_depr__c0p50__z1p00__lam0p020__nu0p50__psi0p75,hardzero_plus_depr,0.06,31,607,0.0,2,0.13293728,0.13293728,1.0174083,0.0,0.09607088,0.0,0.0,6.869108e-06,-26.59862,2.2383428,0.74611425,0.128,0.0,0.1318165,12.100087,12.120088,1945600
hardzero_plus_depr__c0p50__z1p00__lam0p020__nu0p50__psi0p75,hardzero_plus_depr,0.06,31,608,0.0,2,0.13293728,0.13293728,1.0111518,0.0,0.09746489,0.0,0.0,6.766838e-06,-27.52319,2.2245784,0.7415261,0.15200001,0.0,0.13681075,12.120088,12.140088,1948800
hardzero_plus_depr__c0p50__z1p00__lam0p020__nu0p50__psi0p75,hardzero_plus_depr,0.06,31,609,0.0,2,0.13293728,0.13293728,1.0484086,0.0,0.089452274,0.0,0.0,6.666091e-06,-28.229393,2.306545,0.76884836,0.23200001,0.0,0.13664259,12.140088,12.160089,1952000
hardzero_plus_depr__c0p50__z1p00__lam0p020__nu0p50__psi0p75,hardzero_plus_depr,0.06,31,610,0.0,2,0.13293728,0.13293797,0.9816562,0.10431429,0.10431429,1.0,6.850155e-07,6.5668423e-06,-26.806158,2.1596868,0.7198956,0.15200001,0.0,0.134768,12.160089,12.180089,1955200
hardzero_plus_depr__c0p50__z1p00__lam0p020__nu0p50__psi0p75,hardzero_plus_depr,0.06,31,611,0.0,2,0.13293797,0.13293797,1.0648664,0.0,0.08612586,0.0,0.0,6.469073e-06,-28.229065,2.342753,0.78091764,0.16,0.0,0.17602575,12.180089,12.200089,1958400
hardzero_plus_depr__c0p50__z1p00__lam0p020__nu0p50__psi0p75,hardzero_plus_depr,0.06,31,612,0.0,2,0.13293797,0.13293865,0.96821237,0.1075939,0.1075939,1.0,6.8567e-07,6.372759e-06,-26.39211,2.1301098,0.71003664,0.2,0.0,0.12397278,12.200089,12.22009,1961600
hardzero_plus_depr__c0p50__z1p00__lam0p020__nu0p50__psi0p75,hardzero_plus_depr,0.06,31,613,0.0,2,0.13293865,0.13293865,1.0206416,0.0,0.095358275,0.0,0.0,6.277879e-06,-27.321867,2.2454562,0.74848545,0.120000005,0.0,0.14564367,12.22009,12.24009,1964800
hardzero_plus_depr__c0p50__z1p00__lam0p020__nu0p50__psi0p75,hardzero_plus_depr,0.06,31,614,0.0,2,0.13293865,0.13293865,1.0244168,0.0,0.094532944,0.0,0.0,6.184411e-06,-27.487204,2.253762,0.751254,0.104,0.0,0.14455928,12.24009,12.260091,1968000
hardzero_plus_depr__c0p50__z1p00__lam0p020__nu0p50__psi0p75,hardzero_plus_depr,0.06,31,615,0.0,2,0.13293865,0.13293865,1.025127,0.0,0.09437846,0.0,0.0,6.0923353e-06,-26.88994,2.2553246,0.7517749,0.15200001,0.0,0.1365286,12.260091,12.280091,1971200
hardzero_plus_depr__c0p50__z1p00__lam0p020__nu0p50__psi0p75,hardzero_plus_depr,0.06,31,616,0.0,2,0.13293865,0.13293865,1.0603907,0.0,0.08701803,0.0,0.0,6.0016305e-06,-27.31098,2.3329062,0.77763546,0.16000001,0.0,0.14545293,12.280091,12.300092,1974400
hardzero_plus_depr__c0p50__z1p00__lam0p020__nu0p50__psi0p75,hardzero_plus_depr,0.06,31,617,0.0,2,0.13293865,0.13293928,0.97920156,0.10490554,0.10490554,1.0,6.202304e-07,5.9122754e-06,-25.988665,2.1542864,0.7180955,0.15200001,0.0,0.10965083,12.300092,12.320092,1977600
hardzero_plus_depr__c0p50__z1p00__lam0p020__nu0p50__psi0p75,hardzero_plus_depr,0.06,31,618,0.0,2,0.13293928,0.13293928,1.0150082,0.0,0.09660327,0.0,0.0,5.8242513e-06,-27.06416,2.2330627,0.74435425,0.16800001,0.0,0.13407837,12.320092,12.340093,1980800
hardzero_plus_depr__c0p50__z1p00__lam0p020__nu0p50__psi0p75,hardzero_plus_depr,0.06,31,619,0.0,2,0.13293928,0.13293928,1.0031987,0.0,0.09926616,0.0,0.0,5.7375373e-06,-26.929165,2.2070813,0.7356938,0.14400001,0.0,0.1493347,12.340093,12.360093,1984000
hardzero_plus_depr__c0p50__z1p00__lam0p020__nu0p50__psi0p75,hardzero_plus_depr,0.06,31,620,0.0,2,0.13293928,0.13293928,1.0020732,0.0,0.09952377,0.0,0.0,5.6521144e-06,-26.675165,2.2046049,0.7348683,0.15200001,0.0,0.12513682,12.360093,12.380094,1987200
hardzero_plus_depr__c0p50__z1p00__lam0p020__nu0p50__psi0p75,hardzero_plus_depr,0.06,31,621,0.0,2,0.13293928,0.13293928,1.0860972,0.0,0.08201678,0.0,0.0,5.567964e-06,-28.546352,2.3894618,0.7964873,0.128,0.0,0.14585716,12.380094,12.400094,1990400
hardzero_plus_depr__c0p50__z1p00__lam0p020__nu0p50__psi0p75,hardzero_plus_depr,0.06,31,622,0.0,2,0.13293928,0.13293928,1.008377,0.0,0.09808963,0.0,0.0,5.4850657e-06,-26.537506,2.2184737,0.7394912,0.208,0.0,0.12231378,12.400094,12.4200945,1993600
hardzero_plus_depr__c0p50__z1p00__lam0p020__nu0p50__psi0p75,hardzero_plus_depr,0.06,31,623,0.0,2,0.13293928,0.13293928,1.0499228,0.0,0.08914093,0.0,0.0,5.403402e-06,-28.843143,2.3098764,0.76995885,0.128,0.0,0.1511202,12.4200945,12.440095,1996800
hardzero_plus_depr__c0p50__z1p00__lam0p020__nu0p50__psi0p75,hardzero_plus_depr,0.06,31,624,0.0,2,0.13293928,0.13293928,1.0627671,0.0,0.08654318,0.0,0.0,5.322954e-06,-28.209309,2.3381345,0.7793782,0.12,0.0,0.16308668,12.440095,12.460095,2000000
hardzero_plus_depr__c0p50__z1p00__lam0p020__nu0p50__psi0p75,hardzero_plus_depr,0.06,31,625,0.0,2,0.13293928,0.13293985,0.97226185,0.10659532,0.10659532,1.0,5.5895424e-07,5.2437035e-06,-25.82112,2.1390188,0.71300626,0.16800001,0.0,0.15182632,12.460095,12.480096,2003200
hardzero_plus_depr__c0p50__z1p00__lam0p020__nu0p50__psi0p75,hardzero_plus_depr,0.06,31,626,0.0,2,0.13293985,0.13293985,1.0597546,0.0,0.08714557,0.0,0.0,5.1656334e-06,-28.117798,2.3315067,0.7771689,0.15200001,0.0,0.1405701,12.480096,12.500096,2006400
hardzero_plus_depr__c0p50__z1p00__lam0p020__nu0p50__psi0p75,hardzero_plus_depr,0.06,31,627,0.0,2,0.13293985,0.13294035,0.9969634,0.10070165,0.10070165,1.0,5.1244297e-07,5.0887247e-06,-26.472723,2.1933632,0.73112106,0.2,0.0,0.13791457,12.500096,12.520097,2009600
hardzero_plus_depr__c0p50__z1p00__lam0p020__nu0p50__psi0p75,hardzero_plus_depr,0.06,31,628,0.0,2,0.13294035,0.13294087,0.9818644,0.10426429,0.10426429,1.0,5.2267296e-07,5.0129624e-06,-26.28485,2.1601448,0.7200483,0.14400001,0.0,0.14877275,12.520097,12.540097,2012800
hardzero_plus_depr__c0p50__z1p00__lam0p020__nu0p50__psi0p75,hardzero_plus_depr,0.06,31,629,0.0,2,0.13294087,0.13294138,0.9926079,0.10171666,0.10171666,1.0,5.023102e-07,4.9383275e-06,-26.451628,2.183781,0.72792697,0.192,0.0,0.14406179,12.540097,12.560098,2016000
hardzero_plus_depr__c0p50__z1p00__lam0p020__nu0p50__psi0p75,hardzero_plus_depr,0.06,31,630,0.0,2,0.13294138,0.1329419,0.9651054,0.108366385,0.108366385,1.0,5.271811e-07,4.864803e-06,-26.202288,2.1232743,0.7077581,0.192,0.0,0.14725484,12.560098,12.580098,2019200
hardzero_plus_depr__c0p50__z1p00__lam0p020__nu0p50__psi0p75,hardzero_plus_depr,0.06,31,631,0.0,2,0.1329419,0.1329424,0.98491997,0.10353329,0.10353329,1.0,4.961703e-07,4.7923745e-06,-27.56112,2.1668673,0.7222891,0.17600001,0.0,0.14384705,12.580098,12.600099,2022400
hardzero_plus_depr__c0p50__z1p00__lam0p020__nu0p50__psi0p75,hardzero_plus_depr,0.06,31,632,0.0,2,0.1329424,0.1329424,1.021042,0.0,0.0952704,0.0,0.0,4.7210237e-06,-27.448462,2.2463372,0.74877906,0.15200001,0.0,0.15458974,12.600099,12.620099,2025600
hardzero_plus_depr__c0p50__z1p00__lam0p020__nu0p50__psi0p75,hardzero_plus_depr,0.06,31,633,0.0,2,0.1329424,0.13294287,0.98937726,0.10247614,0.10247614,1.0,4.765894e-07,4.6507353e-06,-26.966766,2.1766734,0.7255578,0.208,0.0,0.13743763,12.620099,12.6401,2028800
hardzero_plus_depr__c0p50__z1p00__lam0p020__nu0p50__psi0p75,hardzero_plus_depr,0.06,31,634,0.0,2,0.13294287,0.13294335,0.98344326,0.103885934,0.103885934,1.0,4.7595265e-07,4.5814927e-06,-26.85354,2.1636183,0.7212061,0.224,0.0,0.13499896,12.6401,12.6601,2032000
hardzero_plus_depr__c0p50__z1p00__lam0p020__nu0p50__psi0p75,hardzero_plus_depr,0.06,31,635,0.0,2,0.13294335,0.13294335,1.0285782,0.0,0.093631454,0.0,0.0,4.513282e-06,-27.970232,2.262917,0.7543057,0.096,0.0,0.15507737,12.6601,12.6801,2035200
hardzero_plus_depr__c0p50__z1p00__lam0p020__nu0p50__psi0p75,hardzero_plus_depr,0.06,31,636,0.0,2,0.13294335,0.13294381,0.97859323,0.10505258,0.10505258,1.0,4.6707288e-07,4.4460867e-06,-26.984959,2.1529481,0.7176494,0.224,0.0,0.15603954,12.6801,12.700101,2038400
hardzero_plus_depr__c0p50__z1p00__lam0p020__nu0p50__psi0p75,hardzero_plus_depr,0.06,31,637,0.0,2,0.13294381,0.13294381,1.0267143,0.0,0.094034165,0.0,0.0,4.3798914e-06,-26.756323,2.2588167,0.7529389,0.22,0.0,0.14870791,12.700101,12.720101,2041600
hardzero_plus_depr__c0p50__z1p00__lam0p020__nu0p50__psi0p75,hardzero_plus_depr,0.06,31,638,0.0,2,0.13294381,0.13294381,1.0442836,0.0,0.09030595,0.0,0.0,4.314682e-06,-28.02862,2.2974699,0.7658233,0.15200001,0.0,0.1465565,12.720101,12.740102,2044800
hardzero_plus_depr__c0p50__z1p00__lam0p020__nu0p50__psi0p75,hardzero_plus_depr,0.06,31,639,0.0,2,0.13294381,0.13294381,1.1142755,0.0,0.07686427,0.0,0.0,4.250443e-06,-28.817118,2.4514549,0.81715167,0.120000005,0.0,0.18528913,12.740102,12.760102,2048000
hardzero_plus_depr__c0p50__z1p00__lam0p020__nu0p50__psi0p75,hardzero_plus_depr,0.06,31,640,0.0,2,0.13294381,0.13294381,1.047591,0.0,0.08962085,0.0,0.0,4.187161e-06,-28.07616,2.3047462,0.76824874,0.18400002,0.0,0.20114106,12.760102,12.780103,2051200
hardzero_plus_depr__c0p50__z1p00__lam0p020__nu0p50__psi0p75,hardzero_plus_depr,0.06,31,641,0.0,2,0.13294381,0.13294381,1.0061611,0.0,0.09859137,0.0,0.0,4.1248204e-06,-28.305658,2.2135985,0.73786616,0.15200001,0.0,0.16328429,12.780103,12.800103,2054400
hardzero_plus_depr__c0p50__z1p00__lam0p020__nu0p50__psi0p75,hardzero_plus_depr,0.06,31,642,0.0,2,0.13294381,0.13294381,1.0536196,0.0,0.08838537,0.0,0.0,4.0634086e-06,-28.339222,2.3180094,0.7726698,0.216,0.0,0.16339226,12.800103,12.820104,2057600
hardzero_plus_depr__c0p50__z1p00__lam0p020__nu0p50__psi0p75,hardzero_plus_depr,0.06,31,643,0.0,2,0.13294381,0.13294381,1.0153587,0.0,0.096525334,0.0,0.0,4.0029113e-06,-27.300003,2.2338338,0.74461126,0.192,0.0,0.18201737,12.820104,12.840104,2060800
hardzero_plus_depr__c0p50__z1p00__lam0p020__nu0p50__psi0p75,hardzero_plus_depr,0.06,31,644,0.0,2,0.13294381,0.13294421,0.9838902,0.10377909,0.10377909,1.0,4.0923354e-07,3.943314e-06,-26.812468,2.1646016,0.7215339,0.136,0.0,0.13935693,12.840104,12.860105,2064000
hardzero_plus_depr__c0p50__z1p00__lam0p020__nu0p50__psi0p75,hardzero_plus_depr,0.06,31,645,0.0,2,0.13294421,0.13294421,1.0084989,0.0,0.09806208,0.0,0.0,3.8846047e-06,-26.988335,2.218742,0.73958063,0.128,0.0,0.13131331,12.860105,12.880105,2067200
hardzero_plus_depr__c0p50__z1p00__lam0p020__nu0p50__psi0p75,hardzero_plus_depr,0.06,31,646,0.0,2,0.13294421,0.13294421,1.0015436,0.0,0.09964519,0.0,0.0,3.826769e-06,-27.274853,2.20344,0.73448,0.18400002,0.0,0.13054891,12.880105,12.900105,2070400
hardzero_plus_depr__c0p50__z1p00__lam0p020__nu0p50__psi0p75,hardzero_plus_depr,0.06,31,647,0.0,2,0.13294421,0.13294421,1.0093327,0.0,0.09787401,0.0,0.0,3.7697944e-06,-26.551828,2.2205763,0.7401921,0.136,0.0,0.1535647,12.900105,12.920106,2073600
hardzero_plus_depr__c0p50__z1p00__lam0p020__nu0p50__psi0p75,hardzero_plus_depr,0.06,31,648,0.0,2,0.13294421,0.13294458,0.9925274,0.1017355,0.1017355,1.0,3.778119e-07,3.713668e-06,-26.706923,2.183604,0.727868,0.128,0.0,0.110385045,12.920106,12.940106,2076800
hardzero_plus_depr__c0p50__z1p00__lam0p020__nu0p50__psi0p75,hardzero_plus_depr,0.06,31,649,0.0,2,0.13294458,0.13294496,0.9910688,0.10207777,0.10207777,1.0,3.7343904e-07,3.6583779e-06,-26.639805,2.180395,0.7267983,0.15200001,0.0,0.14831577,12.940106,12.960107,2080000
hardzero_plus_depr__c0p50__z1p00__lam0p020__nu0p50__psi0p75,hardzero_plus_depr,0.06,31,650,0.0,2,0.13294496,0.13294496,1.0247988,0.0,0.09444984,0.0,0.0,3.60391e-06,-27.267809,2.2546022,0.7515341,0.24,0.0,0.14075811,12.960107,12.980107,2083200
hardzero_plus_depr__c0p50__z1p00__lam0p020__nu0p50__psi0p75,hardzero_plus_depr,0.06,31,651,0.0,2,0.13294496,0.13294496,1.0343431,0.0,0.09239678,0.0,0.0,3.550254e-06,-26.688166,2.2756004,0.7585335,0.14400001,0.0,0.16712114,12.980107,13.000108,2086400
hardzero_plus_depr__c0p50__z1p00__lam0p020__nu0p50__psi0p75,hardzero_plus_depr,0.06,31,652,0.0,2,0.13294496,0.13294496,1.0359279,0.0,0.092060246,0.0,0.0,3.4973964e-06,-27.36441,2.2790868,0.75969565,0.16000001,0.0,0.15780142,13.000108,13.020108,2089600
hardzero_plus_depr__c0p50__z1p00__lam0p020__nu0p50__psi0p75,hardzero_plus_depr,0.06,31,653,0.0,2,0.13294496,0.13294496,1.022539,0.0,0.09494256,0.0,0.0,3.4453258e-06,-27.080816,2.2496307,0.7498769,0.16000001,0.0,0.15554225,13.020108,13.040109,2092800
hardzero_plus_depr__c0p50__z1p00__lam0p020__nu0p50__psi0p75,hardzero_plus_depr,0.06,31,654,0.0,2,0.13294496,0.13294496,1.0047765,0.0,0.098906204,0.0,0.0,3.3940305e-06,-27.306572,2.2105525,0.73685086,0.18400002,0.0,0.14628553,13.040109,13.060109,2096000
hardzero_plus_depr__c0p50__z1p00__lam0p020__nu0p50__psi0p75,hardzero_plus_depr,0.06,31,655,0.0,2,0.13294496,0.13294496,1.014784,0.0,0.09665315,0.0,0.0,3.3434985e-06,-27.260664,2.2325692,0.74418974,0.208,0.0,0.14769384,13.060109,13.08011,2099200
hardzero_plus_depr__c0p50__z1p00__lam0p020__nu0p50__psi0p75,hardzero_plus_depr,0.06,31,656,0.0,2,0.13294496,0.1329453,0.97444224,0.10606149,0.10606149,1.0,3.4933674e-07,3.2937191e-06,-26.24296,2.1438158,0.7146053,0.224,0.0,0.14092368,13.08011,13.10011,2102400
hardzero_plus_depr__c0p50__z1p00__lam0p020__nu0p50__psi0p75,hardzero_plus_depr,0.06,31,657,0.0,2,0.1329453,0.13294563,0.9899723,0.10233582,0.10233582,1.0,3.3204708e-07,3.244681e-06,-25.349596,2.1779826,0.7259942,0.128,0.0,0.14002058,13.10011,13.1201105,2105600
hardzero_plus_depr__c0p50__z1p00__lam0p020__nu0p50__psi0p75,hardzero_plus_depr,0.06,31,658,0.0,2,0.13294563,0.13294563,1.0213943,0.0,0.09519316,0.0,0.0,3.196373e-06,-27.969505,2.2471123,0.74903744,0.16000001,0.0,0.13815162,13.1201105,13.140111,2108800
hardzero_plus_depr__c0p50__z1p00__lam0p020__nu0p50__psi0p75,hardzero_plus_depr,0.06,31,659,0.0,2,0.13294563,0.13294563,1.0709617,0.0,0.084925525,0.0,0.0,3.1487841e-06,-27.752893,2.3561628,0.78538764,0.136,0.0,0.14453016,13.140111,13.160111,2112000
hardzero_plus_depr__c0p50__z1p00__lam0p020__nu0p50__psi0p75,hardzero_plus_depr,0.06,31,660,0.0,2,0.13294563,0.13294563,1.0261663,0.0,0.094152875,0.0,0.0,3.1019038e-06,-27.578243,2.257611,0.752537,0.136,0.0,0.1695022,13.160111,13.180112,2115200
hardzero_plus_depr__c0p50__z1p00__lam0p020__nu0p50__psi0p75,hardzero_plus_depr,0.06,31,661,0.0,2,0.13294563,0.13294563,1.0105119,0.0,0.0976086,0.0,0.0,3.0557212e-06,-26.345392,2.2231705,0.74105686,0.17600001,0.0,0.14124994,13.180112,13.200112,2118400
hardzero_plus_depr__c0p50__z1p00__lam0p020__nu0p50__psi0p75,hardzero_plus_depr,0.06,31,662,0.0,2,0.13294563,0.13294563,1.0576203,0.0,0.08757491,0.0,0.0,3.0102267e-06,-27.102486,2.326811,0.7756037,0.14400001,0.0,0.20153822,13.200112,13.220113,2121600
hardzero_plus_depr__c0p50__z1p00__lam0p020__nu0p50__psi0p75,hardzero_plus_depr,0.06,31,663,0.0,2,0.13294563,0.13294592,0.9957545,0.10098235,0.10098235,1.0,2.99454e-07,2.9654093e-06,-26.735783,2.1907036,0.73023456,0.14999999,0.0,0.13827868,13.220113,13.240113,2124800
hardzero_plus_depr__c0p50__z1p00__lam0p020__nu0p50__psi0p75,hardzero_plus_depr,0.06,31,664,0.0,2,0.13294592,0.13294592,1.0320163,0.0,0.09289315,0.0,0.0,2.921259e-06,-27.090689,2.270481,0.75682706,0.136,0.0,0.1381312,13.240113,13.260114,2128000
hardzero_plus_depr__c0p50__z1p00__lam0p020__nu0p50__psi0p75,hardzero_plus_depr,0.06,31,665,0.0,2,0.13294592,0.13294592,1.0364034,0.0,0.09195949,0.0,0.0,2.877766e-06,-27.397076,2.280133,0.76004434,0.15200001,0.0,0.16402414,13.260114,13.280114,2131200
hardzero_plus_depr__c0p50__z1p00__lam0p020__nu0p50__psi0p75,hardzero_plus_depr,0.06,31,666,0.0,2,0.13294592,0.13294592,1.0807714,0.0,0.08302875,0.0,0.0,2.8349207e-06,-28.34311,2.3777447,0.79258156,0.104,0.0,0.14331551,13.280114,13.300115,2134400
hardzero_plus_depr__c0p50__z1p00__lam0p020__nu0p50__psi0p75,hardzero_plus_depr,0.06,31,667,0.0,2,0.13294592,0.13294622,0.97339857,0.106316686,0.106316686,1.0,2.9691202e-07,2.7927133e-06,-25.85135,2.1415195,0.7138399,0.14400001,0.0,0.13776757,13.300115,13.320115,2137600
hardzero_plus_depr__c0p50__z1p00__lam0p020__nu0p50__psi0p75,hardzero_plus_depr,0.06,31,668,0.0,2,0.13294622,0.13294622,1.0454779,0.0,0.090057954,0.0,0.0,2.7511344e-06,-27.457205,2.3000972,0.7666991,0.14400001,0.0,0.14487001,13.320115,13.340116,2140800
hardzero_plus_depr__c0p50__z1p00__lam0p020__nu0p50__psi0p75,hardzero_plus_depr,0.06,31,669,0.0,2,0.13294622,0.13294622,1.0376849,0.0,0.09168855,0.0,0.0,2.7101744e-06,-27.789482,2.2829523,0.7609841,0.136,0.0,0.13652739,13.340116,13.360116,2144000
hardzero_plus_depr__c0p50__z1p00__lam0p020__nu0p50__psi0p75,hardzero_plus_depr,0.06,31,670,0.0,2,0.13294622,0.13294622,1.0465547,0.0,0.08983495,0.0,0.0,2.669824e-06,-28.446966,2.3024664,0.76748884,0.16000001,0.0,0.16384713,13.360116,13.380116,2147200
hardzero_plus_depr__c0p50__z1p00__lam0p020__nu0p50__psi0p75,hardzero_plus_depr,0.06,31,671,0.0,2,0.13294622,0.13294622,1.003954,0.0,0.099093676,0.0,0.0,2.6300747e-06,-27.052021,2.208743,0.7362477,0.120000005,0.0,0.12319253,13.380116,13.400117,2150400
hardzero_plus_depr__c0p50__z1p00__lam0p020__nu0p50__psi0p75,hardzero_plus_depr,0.06,31,672,0.0,2,0.13294622,0.13294622,1.0255765,0.0,0.09428086,0.0,0.0,2.5909171e-06,-27.578598,2.2563133,0.75210446,0.17600001,0.0,0.1669685,13.400117,13.420117,2153600
hardzero_plus_depr__c0p50__z1p00__lam0p020__nu0p50__psi0p75,hardzero_plus_depr,0.06,31,673,0.0,2,0.13294622,0.13294622,1.0412984,0.0,0.09092884,0.0,0.0,2.5523423e-06,-27.20228,2.2909021,0.7636341,0.112,0.0,0.16297744,13.420117,13.440118,2156800
hardzero_plus_depr__c0p50__z1p00__lam0p020__nu0p50__psi0p75,hardzero_plus_depr,0.06,31,674,0.0,2,0.13294622,0.13294622,1.026419,0.0,0.09409813,0.0,0.0,2.5143422e-06,-26.517838,2.258167,0.7527224,0.192,0.0,0.1454199,13.440118,13.460118,2160000
hardzero_plus_depr__c0p50__z1p00__lam0p020__nu0p50__psi0p75,hardzero_plus_depr,0.06,31,675,0.0,2,0.13294622,0.13294622,1.0129207,0.0,0.09706871,0.0,0.0,2.4769076e-06,-26.757107,2.22847,0.74282336,0.18400002,0.0,0.14358185,13.460118,13.480119,2163200
hardzero_plus_depr__c0p50__z1p00__lam0p020__nu0p50__psi0p75,hardzero_plus_depr,0.06,31,676,0.0,2,0.13294622,0.13294649,0.96684045,0.1079343,0.1079343,1.0,2.6336298e-07,2.4400304e-06,-26.039568,2.1270914,0.7090305,0.19,0.0,0.14816484,13.480119,13.500119,2166400
hardzero_plus_depr__c0p50__z1p00__lam0p020__nu0p50__psi0p75,hardzero_plus_depr,0.06,31,677,0.0,2,0.13294649,0.13294649,1.0077333,0.0,0.098235086,0.0,0.0,2.4037024e-06,-27.804125,2.2170577,0.7390193,0.192,0.0,0.16036479,13.500119,13.52012,2169600
hardzero_plus_depr__c0p50__z1p00__lam0p020__nu0p50__psi0p75,hardzero_plus_depr,0.06,31,678,0.0,2,0.13294649,0.13294649,1.0296218,0.0,0.09340672,0.0,0.0,2.367915e-06,-27.62218,2.2652133,0.7550711,0.192,0.0,0.13777445,13.52012,13.54012,2172800
hardzero_plus_depr__c0p50__z1p00__lam0p020__nu0p50__psi0p75,hardzero_plus_depr,0.06,31,679,0.0,2,0.13294649,0.13294649,1.014475,0.0,0.09672193,0.0,0.0,2.3326604e-06,-26.821856,2.2318895,0.7439632,0.16000001,0.0,0.14322896,13.54012,13.560121,2176000
hardzero_plus_depr__c0p50__z1p00__lam0p020__nu0p50__psi0p75,hardzero_plus_depr,0.06,31,680,0.0,2,0.13294649,0.13294649,1.015913,0.0,0.0964022,0.0,0.0,2.297931e-06,-27.060125,2.2350533,0.74501777,0.14400001,0.0,0.13178775,13.560121,13.580121,2179200
hardzero_plus_depr__c0p50__z1p00__lam0p020__nu0p50__psi0p75,hardzero_plus_depr,0.06,31,681,0.0,2,0.13294649,0.13294671,0.9955605,0.10102746,0.10102746,1.0,2.2869771e-07,2.2637184e-06,-27.0826,2.1902769,0.7300923,0.208,0.0,0.13381338,13.580121,13.6001215,2182400
hardzero_plus_depr__c0p50__z1p00__lam0p020__nu0p50__psi0p75,hardzero_plus_depr,0.06,31,682,0.0,2,0.13294671,0.13294671,1.0180329,0.0,0.0959328,0.0,0.0,2.2300153e-06,-27.739613,2.2397172,0.74657243,0.136,0.0,0.15447976,13.6001215,13.620122,2185600
hardzero_plus_depr__c0p50__z1p00__lam0p020__nu0p50__psi0p75,hardzero_plus_depr,0.06,31,683,0.0,2,0.13294671,0.13294694,0.9932946,0.10155596,0.10155596,1.0,2.2309952e-07,2.1968137e-06,-26.941555,2.1852918,0.7284306,0.072000004,0.0,0.11974729,13.620122,13.640122,2188800
hardzero_plus_depr__c0p50__z1p00__lam0p020__nu0p50__psi0p75,hardzero_plus_depr,0.06,31,684,0.0,2,0.13294694,0.13294716,0.9936249,0.10147874,0.10147874,1.0,2.1961085e-07,2.164107e-06,-26.140795,2.1860185,0.72867286,0.24000001,0.0,0.14653677,13.640122,13.660123,2192000
hardzero_plus_depr__c0p50__z1p00__lam0p020__nu0p50__psi0p75,hardzero_plus_depr,0.06,31,685,0.0,2,0.13294716,0.13294739,0.9800351,0.104704395,0.104704395,1.0,2.2321791e-07,2.1318867e-06,-26.684845,2.1561203,0.7187068,0.256,0.008,0.14894715,13.660123,13.680123,2195200
hardzero_plus_depr__c0p50__z1p00__lam0p020__nu0p50__psi0p75,hardzero_plus_depr,0.06,31,686,0.0,2,0.13294739,0.1329476,0.99724716,0.10063587,0.10063587,1.0,2.1135007e-07,2.1001465e-06,-26.899824,2.1939876,0.7313292,0.192,0.0,0.14452645,13.680123,13.700124,2198400
hardzero_plus_depr__c0p50__z1p00__lam0p020__nu0p50__psi0p75,hardzero_plus_depr,0.06,31,687,0.0,2,0.1329476,0.1329476,1.0399694,0.0,0.09120749,0.0,0.0,2.0688788e-06,-27.392275,2.2879784,0.7626595,0.15200001,0.0,0.13496752,13.700124,13.720124,2201600
hardzero_plus_depr__c0p50__z1p00__lam0p020__nu0p50__psi0p75,hardzero_plus_depr,0.06,31,688,0.0,2,0.1329476,0.1329478,0.99616057,0.10088797,0.10088797,1.0,2.0561737e-07,2.0380762e-06,-27.424372,2.191597,0.73053235,0.208,0.0,0.1309035,13.720124,13.740125,2204800
hardzero_plus_depr__c0p50__z1p00__lam0p020__nu0p50__psi0p75,hardzero_plus_depr,0.06,31,689,0.0,2,0.1329478,0.1329478,1.0316112,0.0,0.09297983,0.0,0.0,2.0077325e-06,-27.37536,2.26959,0.75653,0.14,0.0,0.16856684,13.740125,13.760125,2208000
hardzero_plus_depr__c0p50__z1p00__lam0p020__nu0p50__psi0p75,hardzero_plus_depr,0.06,31,690,0.0,2,0.1329478,0.1329478,1.0094397,0.0,0.097849876,0.0,0.0,1.9778408e-06,-26.549194,2.2208116,0.74027056,0.216,0.0,0.16727926,13.760125,13.780126,2211200
hardzero_plus_depr__c0p50__z1p00__lam0p020__nu0p50__psi0p75,hardzero_plus_depr,0.06,31,691,0.0,2,0.1329478,0.132948,0.995793,0.1009734,0.1009734,1.0,1.9673595e-07,1.948394e-06,-26.28096,2.1907883,0.73026276,0.16800001,0.0,0.11818507,13.780126,13.800126,2214400
hardzero_plus_depr__c0p50__z1p00__lam0p020__nu0p50__psi0p75,hardzero_plus_depr,0.06,31,692,0.0,2,0.132948,0.13294819,0.995145,0.10112417,0.10112417,1.0,1.9409627e-07,1.9193856e-06,-27.538801,2.1893628,0.7297876,0.192,0.0,0.13574027,13.800126,13.820127,2217600
hardzero_plus_depr__c0p50__z1p00__lam0p020__nu0p50__psi0p75,hardzero_plus_depr,0.06,31,693,0.0,2,0.13294819,0.13294819,1.0510622,0.0,0.08890737,0.0,0.0,1.8908087e-06,-27.477306,2.3123832,0.7707944,0.136,0.0,0.15410398,13.820127,13.840127,2220800
hardzero_plus_depr__c0p50__z1p00__lam0p020__nu0p50__psi0p75,hardzero_plus_depr,0.06,31,694,0.0,2,0.13294819,0.13294819,1.0895406,0.0,0.08136908,0.0,0.0,1.8626577e-06,-28.4511,2.3970373,0.7990124,0.120000005,0.0,0.1804902,13.840127,13.860127,2224000
hardzero_plus_depr__c0p50__z1p00__lam0p020__nu0p50__psi0p75,hardzero_plus_depr,0.06,31,695,0.0,2,0.13294819,0.13294837,0.99776727,0.10051542,0.10051542,1.0,1.8443833e-07,1.8349258e-06,-26.720728,2.1951318,0.7317106,0.14400001,0.0,0.14055553,13.860127,13.880128,2227200
hardzero_plus_depr__c0p50__z1p00__lam0p020__nu0p50__psi0p75,hardzero_plus_depr,0.06,31,696,0.0,2,0.13294837,0.13294837,1.0037477,0.0,0.09914078,0.0,0.0,1.8076066e-06,-26.577585,2.208289,0.7360963,0.2,0.0,0.13030024,13.880128,13.900128,2230400
hardzero_plus_depr__c0p50__z1p00__lam0p020__nu0p50__psi0p75,hardzero_plus_depr,0.06,31,697,0.0,2,0.13294837,0.13294837,1.0083882,0.0,0.09808707,0.0,0.0,1.7806942e-06,-26.487614,2.2184982,0.73949945,0.128,0.0,0.14966932,13.900128,13.920129,2233600
hardzero_plus_depr__c0p50__z1p00__lam0p020__nu0p50__psi0p75,hardzero_plus_depr,0.06,31,698,0.0,2,0.13294837,0.13294837,1.0457665,0.0,0.08999813,0.0,0.0,1.7541827e-06,-28.033306,2.3007321,0.76691073,0.112,0.0,0.15477619,13.920129,13.940129,2236800
hardzero_plus_depr__c0p50__z1p00__lam0p020__nu0p50__psi0p75,hardzero_plus_depr,0.06,31,699,0.0,2,0.13294837,0.13294837,1.0012949,0.0,0.0997023,0.0,0.0,1.7280657e-06,-27.24374,2.2028925,0.7342975,0.16000001,0.0,0.13594559,13.940129,13.96013,2240000
hardzero_plus_depr__c0p50__z1p00__lam0p020__nu0p50__psi0p75,hardzero_plus_depr,0.06,31,700,0.0,2,0.13294837,0.13294837,1.0302933,0.0,0.09326242,0.0,0.0,1.7023374e-06,-27.257725,2.2666907,0.7555636,0.16000001,0.0,0.15300919,13.96013,13.98013,2243200
hardzero_plus_depr__c0p50__z1p00__lam0p020__nu0p50__psi0p75,hardzero_plus_depr,0.06,31,701,0.0,2,0.13294837,0.13294853,0.9913088,0.10202137,0.10202137,1.0,1.7108904e-07,1.6769923e-06,-26.407751,2.180923,0.72697437,0.18400002,0.0,0.12955168,13.98013,14.000131,2246400
hardzero_plus_depr__c0p50__z1p00__lam0p020__nu0p50__psi0p75,hardzero_plus_depr,0.06,31,702,0.0,2,0.13294853,0.13294853,1.002267,0.0,0.09947936,0.0,0.0,1.6520246e-06,-27.204828,2.2050314,0.7350105,0.14999999,0.0,0.116786934,14.000131,14.020131,2249600
hardzero_plus_depr__c0p50__z1p00__lam0p020__nu0p50__psi0p75,hardzero_plus_depr,0.06,31,703,0.0,2,0.13294853,0.13294853,1.0142324,0.0,0.09677598,0.0,0.0,1.6274288e-06,-28.006943,2.231356,0.7437853,0.120000005,0.0,0.14924629,14.020131,14.040132,2252800
hardzero_plus_depr__c0p50__z1p00__lam0p020__nu0p50__psi0p75,hardzero_plus_depr,0.06,31,704,0.0,2,0.13294853,0.13294853,1.01411,0.0,0.09680328,0.0,0.0,1.6031989e-06,-26.677223,2.2310865,0.7436955,0.18400002,0.0,0.15063284,14.040132,14.060132,2256000
hardzero_plus_depr__c0p50__z1p00__lam0p020__nu0p50__psi0p75,hardzero_plus_depr,0.06,31,705,0.0,2,0.13294853,0.13294853,1.0164363,0.0,0.09628611,0.0,0.0,1.5793297e-06,-26.706032,2.2362046,0.74540156,0.136,0.0,0.122538656,14.060132,14.0801325,2259200
hardzero_plus_depr__c0p50__z1p00__lam0p020__nu0p50__psi0p75,hardzero_plus_depr,0.06,31,706,0.0,2,0.13294853,0.13294853,1.0559092,0.0,0.08792064,0.0,0.0,1.5558161e-06,-28.054092,2.3230464,0.77434886,0.096,0.0,0.13687597,14.0801325,14.100133,2262400
hardzero_plus_depr__c0p50__z1p00__lam0p020__nu0p50__psi0p75,hardzero_plus_depr,0.06,31,707,0.0,2,0.13294853,0.13294868,0.99207824,0.10184077,0.10184077,1.0,1.5608653e-07,1.5326526e-06,-26.31531,2.1826158,0.7275386,0.192,0.0,0.15634862,14.100133,14.120133,2265600
hardzero_plus_depr__c0p50__z1p00__lam0p020__nu0p50__psi0p75,hardzero_plus_depr,0.06,31,708,0.0,2,0.13294868,0.13294868,1.0149677,0.0,0.096612275,0.0,0.0,1.5098339e-06,-27.632507,2.2329736,0.74432456,0.18400002,0.0,0.16646053,14.120133,14.140134,2268800
hardzero_plus_depr__c0p50__z1p00__lam0p020__nu0p50__psi0p75,hardzero_plus_depr,0.06,31,709,0.0,2,0.13294868,0.13294868,1.0154748,0.0,0.09649952,0.0,0.0,1.4873548e-06,-26.778446,2.2340891,0.7446964,0.224,0.0,0.15234871,14.140134,14.160134,2272000
hardzero_plus_depr__c0p50__z1p00__lam0p020__nu0p50__psi0p75,hardzero_plus_depr,0.06,31,710,0.0,2,0.13294868,0.13294868,1.0004854,0.0,0.09988829,0.0,0.0,1.4652104e-06,-26.779755,2.2011118,0.733704,0.14400001,0.0,0.15150894,14.160134,14.180135,2275200
hardzero_plus_depr__c0p50__z1p00__lam0p020__nu0p50__psi0p75,hardzero_plus_depr,0.06,31,711,0.0,2,0.13294868,0.13294868,1.0577703,0.0,0.08754468,0.0,0.0,1.4433958e-06,-28.397177,2.327141,0.7757137,0.080000006,0.0,0.13480046,14.180135,14.200135,2278400
hardzero_plus_depr__c0p50__z1p00__lam0p020__nu0p50__psi0p75,hardzero_plus_depr,0.06,31,712,0.0,2,0.13294868,0.13294883,0.9819436,0.104245275,0.104245275,1.0,1.4822697e-07,1.421906e-06,-27.322645,2.160319,0.72010636,0.17600001,0.0,0.14572187,14.200135,14.220136,2281600
hardzero_plus_depr__c0p50__z1p00__lam0p020__nu0p50__psi0p75,hardzero_plus_depr,0.06,31,713,0.0,2,0.13294883,0.13294883,1.0495197,0.0,0.08922373,0.0,0.0,1.4007361e-06,-26.92422,2.3089893,0.7696631,0.136,0.0,0.14430723,14.220136,14.240136,2284800
hardzero_plus_depr__c0p50__z1p00__lam0p020__nu0p50__psi0p75,hardzero_plus_depr,0.06,31,714,0.0,2,0.13294883,0.13294883,1.0280799,0.0,0.09373896,0.0,0.0,1.3798814e-06,-27.1468,2.2618208,0.7539403,0.08800001,0.0,0.13917203,14.240136,14.260137,2288000
hardzero_plus_depr__c0p50__z1p00__lam0p020__nu0p50__psi0p75,hardzero_plus_depr,0.06,31,715,0.0,2,0.13294883,0.13294898,0.95662713,0.11050268,0.11050268,1.0,1.5021038e-07,1.359337e-06,-26.76257,2.1046216,0.7015406,0.19999999,0.0,0.1424586,14.260137,14.280137,2291200
hardzero_plus_depr__c0p50__z1p00__lam0p020__nu0p50__psi0p75,hardzero_plus_depr,0.06,31,716,0.0,2,0.13294898,0.13294911,0.9797333,0.10477719,0.10477719,1.0,1.40307e-07,1.3390987e-06,-27.244013,2.1554563,0.7184855,0.24800001,0.0,0.14325467,14.280137,14.3001375,2294400
hardzero_plus_depr__c0p50__z1p00__lam0p020__nu0p50__psi0p75,hardzero_plus_depr,0.06,31,717,0.0,2,0.13294911,0.13294911,1.0221956,0.0,0.09501768,0.0,0.0,1.3191618e-06,-27.06103,2.2488751,0.7496251,0.16000001,0.0,0.13769817,14.3001375,14.320138,2297600
hardzero_plus_depr__c0p50__z1p00__lam0p020__nu0p50__psi0p75,hardzero_plus_depr,0.06,31,718,0.0,2,0.13294911,0.13294911,1.0513515,0.0,0.08884816,0.0,0.0,1.2995215e-06,-27.891165,2.3130195,0.7710065,0.128,0.0,0.14330795,14.320138,14.340138,2300800
hardzero_plus_depr__c0p50__z1p00__lam0p020__nu0p50__psi0p75,hardzero_plus_depr,0.06,31,719,0.0,2,0.13294911,0.13294911,1.0429542,0.0,0.0905828,0.0,0.0,1.2801736e-06,-27.958504,2.2945452,0.7648484,0.17600001,0.008,0.16204189,14.340138,14.360139,2304000
hardzero_plus_depr__c0p50__z1p00__lam0p020__nu0p50__psi0p75,hardzero_plus_depr,0.06,31,720,0.0,2,0.13294911,0.13294911,1.010117,0.0,0.09769738,0.0,0.0,1.261114e-06,-26.806597,2.222302,0.74076736,0.096,0.0,0.13477589,14.360139,14.380139,2307200
hardzero_plus_depr__c0p50__z1p00__lam0p020__nu0p50__psi0p75,hardzero_plus_depr,0.06,31,721,0.0,2,0.13294911,0.13294911,1.0755109,0.0,0.084040605,0.0,0.0,1.2423379e-06,-27.936558,2.3661711,0.7887237,0.192,0.008,0.17579435,14.380139,14.40014,2310400
hardzero_plus_depr__c0p50__z1p00__lam0p020__nu0p50__psi0p75,hardzero_plus_depr,0.06,31,722,0.0,2,0.13294911,0.13294923,0.99615186,0.10088999,0.10088999,1.0,1.2347336e-07,1.2238415e-06,-26.791224,2.191578,0.730526,0.16800001,0.0,0.1397525,14.40014,14.42014,2313600
hardzero_plus_depr__c0p50__z1p00__lam0p020__nu0p50__psi0p75,hardzero_plus_depr,0.06,31,723,0.0,2,0.13294923,0.13294923,1.0009923,0.0,0.09977178,0.0,0.0,1.2056205e-06,-26.094023,2.202227,0.7340757,0.16000001,0.0,0.1532153,14.42014,14.440141,2316800
hardzero_plus_depr__c0p50__z1p00__lam0p020__nu0p50__psi0p75,hardzero_plus_depr,0.06,31,724,0.0,2,0.13294923,0.13294923,1.029912,0.0,0.093344346,0.0,0.0,1.1876707e-06,-27.224903,2.2658517,0.75528395,0.16000001,0.0,0.16345611,14.440141,14.460141,2320000
hardzero_plus_depr__c0p50__z1p00__lam0p020__nu0p50__psi0p75,hardzero_plus_depr,0.06,31,725,0.0,2,0.13294923,0.13294923,1.0034003,0.0,0.09922011,0.0,0.0,1.1699883e-06,-26.680916,2.2075248,0.73584163,0.216,0.0,0.1322588,14.460141,14.480142,2323200
hardzero_plus_depr__c0p50__z1p00__lam0p020__nu0p50__psi0p75,hardzero_plus_depr,0.06,31,726,0.0,2,0.13294923,0.13294935,0.98627657,0.10321038,0.10321038,1.0,1.1895708e-07,1.152569e-06,-26.524164,2.1698518,0.72328395,0.128,0.0,0.173949,14.480142,14.500142,2326400
hardzero_plus_depr__c0p50__z1p00__lam0p020__nu0p50__psi0p75,hardzero_plus_depr,0.06,31,727,0.0,2,0.13294935,0.13294947,0.995585,0.101021774,0.101021774,1.0,1.1470105e-07,1.1354092e-06,-26.794617,2.1903307,0.7301103,0.16800001,0.008,0.12648389,14.500142,14.520143,2329600
hardzero_plus_depr__c0p50__z1p00__lam0p020__nu0p50__psi0p75,hardzero_plus_depr,0.06,31,728,0.0,2,0.13294947,0.13294947,1.0127074,0.0,0.09711642,0.0,0.0,1.1185047e-06,-26.769321,2.2280006,0.7426669,0.14,0.0,0.13271663,14.520143,14.540143,2332800
hardzero_plus_depr__c0p50__z1p00__lam0p020__nu0p50__psi0p75,hardzero_plus_depr,0.06,31,729,0.0,2,0.13294947,0.13294947,1.0377347,0.0,0.09167803,0.0,0.0,1.1018519e-06,-27.875309,2.283062,0.76102066,0.16000001,0.0,0.14713189,14.540143,14.560143,2336000
hardzero_plus_depr__c0p50__z1p00__lam0p020__nu0p50__psi0p75,hardzero_plus_depr,0.06,31,730,0.0,2,0.13294947,0.13294959,0.9811287,0.10444106,0.10444106,1.0,1.1336525e-07,1.0854471e-06,-25.576538,2.1585262,0.71950877,0.2,0.0,0.14625895,14.560143,14.580144,2339200
hardzero_plus_depr__c0p50__z1p00__lam0p020__nu0p50__psi0p75,hardzero_plus_depr,0.06,31,731,0.0,2,0.13294959,0.13294959,1.0166405,0.0,0.096240856,0.0,0.0,1.0692866e-06,-27.017365,2.2366538,0.7455513,0.128,0.0,0.13604134,14.580144,14.600144,2342400
hardzero_plus_depr__c0p50__z1p00__lam0p020__nu0p50__psi0p75,hardzero_plus_depr,0.06,31,732,0.0,2,0.13294959,0.13294959,1.001355,0.0,0.09968847,0.0,0.0,1.0533666e-06,-27.061993,2.203025,0.73434174,0.14400001,0.0,0.14745046,14.600144,14.620145,2345600
hardzero_plus_depr__c0p50__z1p00__lam0p020__nu0p50__psi0p75,hardzero_plus_depr,0.06,31,733,0.0,2,0.13294959,0.13294959,1.0940034,0.0,0.0805372,0.0,0.0,1.0376837e-06,-28.25849,2.4068556,0.8022852,0.208,0.0,0.1754147,14.620145,14.640145,2348800
hardzero_plus_depr__c0p50__z1p00__lam0p020__nu0p50__psi0p75,hardzero_plus_depr,0.06,31,734,0.0,2,0.13294959,0.1329497,0.98437303,0.10366376,0.10366376,1.0,1.0596864e-07,1.0222342e-06,-26.921999,2.165664,0.721888,0.16000001,0.008,0.13734493,14.640145,14.660146,2352000
hardzero_plus_depr__c0p50__z1p00__lam0p020__nu0p50__psi0p75,hardzero_plus_depr,0.06,31,735,0.0,2,0.1329497,0.1329497,1.0476322,0.0,0.08961233,0.0,0.0,1.0070147e-06,-28.216192,2.304837,0.768279,0.15200001,0.0,0.16071917,14.660146,14.680146,2355200
hardzero_plus_depr__c0p50__z1p00__lam0p020__nu0p50__psi0p75,hardzero_plus_depr,0.06,31,736,0.0,2,0.1329497,0.1329497,1.0474674,0.0,0.08964637,0.0,0.0,9.92022e-07,-27.46992,2.304474,0.7681581,0.136,0.0,0.15280934,14.680146,14.700147,2358400
hardzero_plus_depr__c0p50__z1p00__lam0p020__nu0p50__psi0p75,hardzero_plus_depr,0.06,31,737,0.0,2,0.1329497,0.1329497,1.031107,0.0,0.09308785,0.0,0.0,9.772523e-07,-27.93037,2.2684805,0.7561602,0.15200001,0.0,0.13862702,14.700147,14.720147,2361600
hardzero_plus_depr__c0p50__z1p00__lam0p020__nu0p50__psi0p75,hardzero_plus_depr,0.06,31,738,0.0,2,0.1329497,0.1329497,1.0747423,0.0,0.08418945,0.0,0.0,9.627026e-07,-26.967766,2.3644803,0.7881601,0.136,0.008,0.16264522,14.720147,14.740148,2364800
hardzero_plus_depr__c0p50__z1p00__lam0p020__nu0p50__psi0p75,hardzero_plus_depr,0.06,31,739,0.0,2,0.1329497,0.1329497,1.1035472,0.0,0.07878668,0.0,0.0,9.483694e-07,-29.15082,2.4278524,0.80928415,0.136,0.0,0.17199151,14.740148,14.760148,2368000
hardzero_plus_depr__c0p50__z1p00__lam0p020__nu0p50__psi0p75,hardzero_plus_depr,0.06,31,740,0.0,2,0.1329497,0.1329497,1.0087886,0.0,0.09799669,0.0,0.0,9.3424984e-07,-26.643051,2.2193792,0.73979306,0.18400002,0.0,0.15144919,14.760148,14.7801485,2371200
hardzero_plus_depr__c0p50__z1p00__lam0p020__nu0p50__psi0p75,hardzero_plus_depr,0.06,31,741,0.0,2,0.1329497,0.1329497,1.0540662,0.0,0.088294536,0.0,0.0,9.2034037e-07,-28.031652,2.318992,0.7729973,0.21,0.0,0.14704855,14.7801485,14.800149,2374400
hardzero_plus_depr__c0p50__z1p00__lam0p020__nu0p50__psi0p75,hardzero_plus_depr,0.06,31,742,0.0,2,0.1329497,0.1329497,1.0289016,0.0,0.09356176,0.0,0.0,9.0663787e-07,-27.215986,2.2636287,0.75454295,0.192,0.0,0.15813959,14.800149,14.820149,2377600
hardzero_plus_depr__c0p50__z1p00__lam0p020__nu0p50__psi0p75,hardzero_plus_depr,0.06,31,743,0.0,2,0.1329497,0.13294978,0.978757,0.10501297,0.10501297,1.0,9.379122e-08,8.9313943e-07,-26.817553,2.1533084,0.7177695,0.112,0.0,0.13016301,14.820149,14.84015,2380800
hardzero_plus_depr__c0p50__z1p00__lam0p020__nu0p50__psi0p75,hardzero_plus_depr,0.06,31,744,0.0,2,0.13294978,0.13294987,0.9707256,0.10697307,0.10697307,1.0,9.411941e-08,8.798421e-07,-26.596691,2.135639,0.7118797,0.216,0.0,0.13131903,14.84015,14.86015,2384000
hardzero_plus_depr__c0p50__z1p00__lam0p020__nu0p50__psi0p75,hardzero_plus_depr,0.06,31,745,0.0,2,0.13294987,0.13294987,1.0646241,0.0,0.08617392,0.0,0.0,8.6674265e-07,-28.259296,2.3422198,0.78073996,0.17600001,0.0,0.15292768,14.86015,14.880151,2387200
hardzero_plus_depr__c0p50__z1p00__lam0p020__nu0p50__psi0p75,hardzero_plus_depr,0.06,31,746,0.0,2,0.13294987,0.13294996,0.9977134,0.10052791,0.10052791,1.0,8.583458e-08,8.538383e-07,-26.8139,2.1950133,0.7316711,0.15200001,0.0,0.18223922,14.880151,14.900151,2390400
hardzero_plus_depr__c0p50__z1p00__lam0p020__nu0p50__psi0p75,hardzero_plus_depr,0.06,31,747,0.0,2,0.13294996,0.13294996,1.0038112,0.0,0.099126264,0.0,0.0,8.4112594e-07,-27.252115,2.2084289,0.736143,0.216,0.0,0.13783465,14.900151,14.920152,2393600
hardzero_plus_depr__c0p50__z1p00__lam0p020__nu0p50__psi0p75,hardzero_plus_depr,0.06,31,748,0.0,2,0.13294996,0.13294996,1.0046829,0.0,0.09892752,0.0,0.0,8.286029e-07,-26.49921,2.2103465,0.7367822,0.120000005,0.0,0.14857525,14.920152,14.940152,2396800
hardzero_plus_depr__c0p50__z1p00__lam0p020__nu0p50__psi0p75,hardzero_plus_depr,0.06,31,749,0.0,2,0.13294996,0.13294996,1.0221968,0.0,0.09501741,0.0,0.0,8.162664e-07,-26.581524,2.2488778,0.7496259,0.16000001,0.0,0.13687938,14.940152,14.960153,2400000
hardzero_plus_depr__c0p50__z1p00__lam0p020__nu0p50__psi0p75,hardzero_plus_depr,0.06,31,750,0.0,2,0.13294996,0.13295005,0.9687921,0.10745036,0.10745036,1.0,8.640228e-08,8.041135e-07,-26.204382,2.131385,0.71046174,0.2,0.0,0.13651747,14.960153,14.980153,2403200
hardzero_plus_depr__c0p50__z1p00__lam0p020__nu0p50__psi0p75,hardzero_plus_depr,0.06,31,751,0.0,2,0.13295005,0.13295013,0.99496955,0.10116504,0.10116504,1.0,8.0137035e-08,7.921416e-07,-26.816942,2.1889768,0.72965896,0.2,0.0,0.13340543,14.980153,15.000154,2406400
hardzero_plus_depr__c0p50__z1p00__lam0p020__nu0p50__psi0p75,hardzero_plus_depr,0.06,31,752,0.0,2,0.13295013,0.13295013,1.0743293,0.0,0.08426956,0.0,0.0,7.8034776e-07,-27.754639,2.3635716,0.78785723,0.096,0.0,0.17685248,15.000154,15.020154,2409600
hardzero_plus_depr__c0p50__z1p00__lam0p020__nu0p50__psi0p75,hardzero_plus_depr,0.06,31,753,0.0,2,0.13295013,0.13295013,1.0676771,0.0,0.08557027,0.0,0.0,7.6872965e-07,-28.354181,2.3489366,0.7829789,0.14400001,0.0,0.16771607,15.020154,15.040154,2412800
hardzero_plus_depr__c0p50__z1p00__lam0p020__nu0p50__psi0p75,hardzero_plus_depr,0.06,31,754,0.0,2,0.13295013,0.13295013,1.00948,0.0,0.09784081,0.0,0.0,7.572845e-07,-27.296822,2.2209003,0.7403001,0.17999999,0.0,0.14384903,15.040154,15.060155,2416000
hardzero_plus_depr__c0p50__z1p00__lam0p020__nu0p50__psi0p75,hardzero_plus_depr,0.06,31,755,0.0,2,0.13295013,0.13295013,1.0674318,0.0,0.08561861,0.0,0.0,7.4600973e-07,-28.170162,2.3483968,0.78279895,0.14400001,0.008,0.17424497,15.060155,15.080155,2419200
hardzero_plus_depr__c0p50__z1p00__lam0p020__nu0p50__psi0p75,hardzero_plus_depr,0.06,31,756,0.0,2,0.13295013,0.13295013,1.021161,0.0,0.09524431,0.0,0.0,7.3490287e-07,-26.623093,2.246599,0.7488663,0.136,0.0,0.14744543,15.080155,15.100156,2422400
hardzero_plus_depr__c0p50__z1p00__lam0p020__nu0p50__psi0p75,hardzero_plus_depr,0.06,31,757,0.0,2,0.13295013,0.1329502,0.97728044,0.10537063,0.10537063,1.0,7.628426e-08,7.239613e-07,-26.283493,2.15006,0.71668667,0.14400001,0.0,0.12827271,15.100156,15.120156,2425600
hardzero_plus_depr__c0p50__z1p00__lam0p020__nu0p50__psi0p75,hardzero_plus_depr,0.06,31,758,0.0,2,0.1329502,0.1329502,1.0266364,0.0,0.09405105,0.0,0.0,7.131827e-07,-26.423798,2.258645,0.7528817,0.128,0.0,0.11296941,15.120156,15.140157,2428800
hardzero_plus_depr__c0p50__z1p00__lam0p020__nu0p50__psi0p75,hardzero_plus_depr,0.06,31,759,0.0,2,0.1329502,0.13295028,0.9869831,0.103042625,0.103042625,1.0,7.2394094e-08,7.0256453e-07,-26.939516,2.1714063,0.7238021,0.256,0.0,0.12885246,15.140157,15.160157,2432000
hardzero_plus_depr__c0p50__z1p00__lam0p020__nu0p50__psi0p75,hardzero_plus_depr,0.06,31,760,0.0,2,0.13295028,0.13295028,1.0557003,0.0,0.08796293,0.0,0.0,6.921045e-07,-27.408913,2.322587,0.7741957,0.112,0.0,0.16875336,15.160157,15.180158,2435200
hardzero_plus_depr__c0p50__z1p00__lam0p020__nu0p50__psi0p75,hardzero_plus_depr,0.06,31,761,0.0,2,0.13295028,0.13295035,0.99365485,0.10147175,0.10147175,1.0,6.9183464e-08,6.818002e-07,-27.49695,2.1860843,0.7286948,0.120000005,0.0,0.14244507,15.180158,15.200158,2438400
hardzero_plus_depr__c0p50__z1p00__lam0p020__nu0p50__psi0p75,hardzero_plus_depr,0.06,31,762,0.0,2,0.13295035,0.13295035,1.1399335,0.0,0.0724547,0.0,0.0,6.716493e-07,-28.647717,2.5079036,0.8359679,0.14400001,0.0,0.17101061,15.200158,15.220159,2441600
hardzero_plus_depr__c0p50__z1p00__lam0p020__nu0p50__psi0p75,hardzero_plus_depr,0.06,31,763,0.0,2,0.13295035,0.13295035,1.0222332,0.0,0.09500943,0.0,0.0,6.616495e-07,-27.193277,2.248958,0.74965274,0.16000001,0.0,0.13063984,15.220159,15.240159,2444800
hardzero_plus_depr__c0p50__z1p00__lam0p020__nu0p50__psi0p75,hardzero_plus_depr,0.06,31,764,0.0,2,0.13295035,0.13295035,1.0536366,0.0,0.08838192,0.0,0.0,6.517986e-07,-27.547165,2.3180466,0.7726822,0.136,0.0,0.1436138,15.240159,15.2601595,2448000
hardzero_plus_depr__c0p50__z1p00__lam0p020__nu0p50__psi0p75,hardzero_plus_depr,0.06,31,765,0.0,2,0.13295035,0.13295035,1.0015067,0.0,0.09965367,0.0,0.0,6.420944e-07,-25.65754,2.2033587,0.7344529,0.192,0.0,0.12817182,15.2601595,15.28016,2451200
hardzero_plus_depr__c0p50__z1p00__lam0p020__nu0p50__psi0p75,hardzero_plus_depr,0.06,31,766,0.0,2,0.13295035,0.13295035,1.0040146,0.0,0.099079855,0.0,0.0,6.325346e-07,-26.861822,2.2088764,0.7362921,0.14400001,0.0,0.1449223,15.28016,15.30016,2454400
hardzero_plus_depr__c0p50__z1p00__lam0p020__nu0p50__psi0p75,hardzero_plus_depr,0.06,31,767,0.0,2,0.13295035,0.13295035,1.0668992,0.0,0.085723676,0.0,0.0,6.2311716e-07,-29.282183,2.3472252,0.7824084,0.14999999,0.0,0.120042294,15.30016,15.320161,2457600
hardzero_plus_depr__c0p50__z1p00__lam0p020__nu0p50__psi0p75,hardzero_plus_depr,0.06,31,768,0.0,2,0.13295035,0.13295035,1.0502168,0.0,0.08908061,0.0,0.0,6.138399e-07,-27.823988,2.310523,0.7701744,0.128,0.0,0.16593102,15.320161,15.340161,2460800
hardzero_plus_depr__c0p50__z1p00__lam0p020__nu0p50__psi0p75,hardzero_plus_depr,0.06,31,769,0.0,2,0.13295035,0.13295035,1.0265015,0.0,0.09408025,0.0,0.0,6.0470086e-07,-28.254267,2.2583485,0.7527828,0.16800001,0.0,0.14164247,15.340161,15.360162,2464000
hardzero_plus_depr__c0p50__z1p00__lam0p020__nu0p50__psi0p75,hardzero_plus_depr,0.06,31,770,0.0,2,0.13295035,0.13295035,1.0118394,0.0,0.09731069,0.0,0.0,5.956978e-07,-27.373857,2.2260911,0.7420304,0.14400001,0.0,0.13970098,15.360162,15.380162,2467200
hardzero_plus_depr__c0p50__z1p00__lam0p020__nu0p50__psi0p75,hardzero_plus_depr,0.06,31,771,0.0,2,0.13295035,0.13295035,1.0167556,0.0,0.09621536,0.0,0.0,5.868289e-07,-26.219606,2.236907,0.7456357,0.14400001,0.0,0.11939097,15.380162,15.400163,2470400
hardzero_plus_depr__c0p50__z1p00__lam0p020__nu0p50__psi0p75,hardzero_plus_depr,0.06,31,772,0.0,2,0.13295035,0.13295035,1.02337,0.0,0.09476106,0.0,0.0,5.7809194e-07,-27.81966,2.2514591,0.7504864,0.128,0.0,0.16983119,15.400163,15.420163,2473600
hardzero_plus_depr__c0p50__z1p00__lam0p020__nu0p50__psi0p75,hardzero_plus_depr,0.06,31,773,0.0,2,0.13295035,0.13295035,1.0809685,0.0,0.082991086,0.0,0.0,5.69485e-07,-28.02435,2.3781781,0.79272604,0.136,0.0,0.16266552,15.420163,15.440164,2476800
hardzero_plus_depr__c0p50__z1p00__lam0p020__nu0p50__psi0p75,hardzero_plus_depr,0.06,31,774,0.0,2,0.13295035,0.13295041,0.97563803,0.10576987,0.10576987,1.0,5.933757e-08,5.6100635e-07,-27.058493,2.1464465,0.7154822,0.208,0.008,0.16652864,15.440164,15.460164,2480000
hardzero_plus_depr__c0p50__z1p00__lam0p020__nu0p50__psi0p75,hardzero_plus_depr,0.06,31,775,0.0,2,0.13295041,0.13295041,1.0692888,0.0,0.08525329,0.0,0.0,5.5265383e-07,-27.329737,2.3524823,0.7841608,0.104,0.0,0.17403696,15.460164,15.480165,2483200
hardzero_plus_depr__c0p50__z1p00__lam0p020__nu0p50__psi0p75,hardzero_plus_depr,0.06,31,776,0.0,2,0.13295041,0.13295047,0.9874436,0.1029334,0.1029334,1.0,5.6039593e-08,5.4442575e-07,-25.4974,2.1724193,0.7241398,0.128,0.0,0.13186854,15.480165,15.500165,2486400
hardzero_plus_depr__c0p50__z1p00__lam0p020__nu0p50__psi0p75,hardzero_plus_depr,0.06,31,777,0.0,2,0.13295047,0.13295053,0.96784514,0.107684895,0.107684895,1.0,5.7753567e-08,5.3632004e-07,-26.135195,2.1293018,0.7097673,0.208,0.0,0.14595665,15.500165,15.520165,2489600
hardzero_plus_depr__c0p50__z1p00__lam0p020__nu0p50__psi0p75,hardzero_plus_depr,0.06,31,778,0.0,2,0.13295053,0.13295053,1.0200719,0.0,0.09548345,0.0,0.0,5.2833514e-07,-27.458439,2.2442029,0.7480676,0.136,0.0,0.1448196,15.520165,15.540166,2492800
hardzero_plus_depr__c0p50__z1p00__lam0p020__nu0p50__psi0p75,hardzero_plus_depr,0.06,31,779,0.0,2,0.13295053,0.13295053,1.0444273,0.0,0.090276085,0.0,0.0,5.2046903e-07,-26.95984,2.297786,0.7659287,0.17600001,0.0,0.16749704,15.540166,15.560166,2496000
hardzero_plus_depr__c0p50__z1p00__lam0p020__nu0p50__psi0p75,hardzero_plus_depr,0.06,31,780,0.0,2,0.13295053,0.13295053,1.0126016,0.0,0.09714007,0.0,0.0,5.1272013e-07,-27.552818,2.227768,0.74258935,0.19999999,0.0,0.1377361,15.560166,15.580167,2499200
hardzero_plus_depr__c0p50__z1p00__lam0p020__nu0p50__psi0p75,hardzero_plus_depr,0.06,31,781,0.0,2,0.13295053,0.13295053,1.0342339,0.0,0.09242003,0.0,0.0,5.050865e-07,-27.752245,2.27536,0.75845337,0.17600001,0.0,0.1513399,15.580167,15.600167,2502400
hardzero_plus_depr__c0p50__z1p00__lam0p020__nu0p50__psi0p75,hardzero_plus_depr,0.06,31,782,0.0,2,0.13295053,0.13295053,1.017065,0.0,0.09614682,0.0,0.0,4.975666e-07,-27.440992,2.2375877,0.7458626,0.14400001,0.0,0.14506646,15.600167,15.620168,2505600
hardzero_plus_depr__c0p50__z1p00__lam0p020__nu0p50__psi0p75,hardzero_plus_depr,0.06,31,783,0.0,2,0.13295053,0.13295053,1.0110095,0.0,0.09749685,0.0,0.0,4.9015864e-07,-28.054363,2.224265,0.7414217,0.17600001,0.0,0.16542847,15.620168,15.640168,2508800
hardzero_plus_depr__c0p50__z1p00__lam0p020__nu0p50__psi0p75,hardzero_plus_depr,0.06,31,784,0.0,2,0.13295053,0.13295057,0.9737329,0.10623487,0.10623487,1.0,5.1296674e-08,4.8286097e-07,-26.614462,2.142255,0.71408504,0.16000001,0.0,0.13615493,15.640168,15.660169,2512000
hardzero_plus_depr__c0p50__z1p00__lam0p020__nu0p50__psi0p75,hardzero_plus_depr,0.06,31,785,0.0,2,0.13295057,0.13295062,0.9990875,0.10021034,0.10021034,1.0,4.7667246e-08,4.7567195e-07,-26.744175,2.1980364,0.73267883,0.208,0.0,0.1504154,15.660169,15.680169,2515200
hardzero_plus_depr__c0p50__z1p00__lam0p020__nu0p50__psi0p75,hardzero_plus_depr,0.06,31,786,0.0,2,0.13295062,0.13295062,1.0630414,0.0,0.08648853,0.0,0.0,4.6858995e-07,-27.951729,2.338738,0.77957934,0.18400002,0.0,0.15049343,15.680169,15.70017,2518400
hardzero_plus_depr__c0p50__z1p00__lam0p020__nu0p50__psi0p75,hardzero_plus_depr,0.06,31,787,0.0,2,0.13295062,0.13295062,1.0000648,0.0,0.09998507,0.0,0.0,4.6161338e-07,-26.248146,2.2001865,0.7333955,0.208,0.0,0.13476004,15.70017,15.72017,2521600
hardzero_plus_depr__c0p50__z1p00__lam0p020__nu0p50__psi0p75,hardzero_plus_depr,0.06,31,788,0.0,2,0.13295062,0.13295062,1.0235285,0.0,0.0947265,0.0,0.0,4.5474067e-07,-26.764164,2.2518075,0.7506025,0.18400002,0.0,0.14299859,15.72017,15.7401705,2524800
hardzero_plus_depr__c0p50__z1p00__lam0p020__nu0p50__psi0p75,hardzero_plus_depr,0.06,31,789,0.0,2,0.13295062,0.13295062,1.0234277,0.0,0.094748475,0.0,0.0,4.4797034e-07,-26.582747,2.251586,0.7505287,0.14400001,0.0,0.15021713,15.7401705,15.760171,2528000
hardzero_plus_depr__c0p50__z1p00__lam0p020__nu0p50__psi0p75,hardzero_plus_depr,0.06,31,790,0.0,2,0.13295062,0.13295066,0.9816209,0.10432277,0.10432277,1.0,4.603772e-08,4.4130078e-07,-26.621586,2.159609,0.71986973,0.2,0.0,0.14575547,15.760171,15.780171,2531200
hardzero_plus_depr__c0p50__z1p00__lam0p020__nu0p50__psi0p75,hardzero_plus_depr,0.06,31,791,0.0,2,0.13295066,0.13295066,1.0135214,0.0,0.09693453,0.0,0.0,4.347305e-07,-26.930107,2.2297916,0.7432639,0.136,0.0,0.15033635,15.780171,15.800172,2534400
hardzero_plus_depr__c0p50__z1p00__lam0p020__nu0p50__psi0p75,hardzero_plus_depr,0.06,31,792,0.0,2,0.13295066,0.13295071,0.9956909,0.100997135,0.100997135,1.0,4.3252836e-08,4.2825806e-07,-27.266508,2.1905637,0.7301879,0.18400002,0.0,0.15502948,15.800172,15.820172,2537600
hardzero_plus_depr__c0p50__z1p00__lam0p020__nu0p50__psi0p75,hardzero_plus_depr,0.06,31,793,0.0,2,0.13295071,0.13295075,0.9770768,0.10542004,0.10542004,1.0,4.4474813e-08,4.2188196e-07,-27.676933,2.149612,0.71653736,0.16,0.0,0.1474265,15.820172,15.840173,2540800
hardzero_plus_depr__c0p50__z1p00__lam0p020__nu0p50__psi0p75,hardzero_plus_depr,0.06,31,794,0.0,2,0.13295075,0.13295075,1.0313845,0.0,0.0930284,0.0,0.0,4.1560082e-07,-27.089682,2.2690911,0.75636375,0.16800001,0.0,0.13727584,15.840173,15.860173,2544000
hardzero_plus_depr__c0p50__z1p00__lam0p020__nu0p50__psi0p75,hardzero_plus_depr,0.06,31,795,0.0,2,0.13295075,0.1329508,0.95659155,0.11051176,0.11051176,1.0,4.5244978e-08,4.0941325e-07,-25.948935,2.1045434,0.7015145,0.216,0.0,0.12673897,15.860173,15.880174,2547200
hardzero_plus_depr__c0p50__z1p00__lam0p020__nu0p50__psi0p75,hardzero_plus_depr,0.06,31,796,0.0,2,0.1329508,0.13295084,0.9918654,0.10189071,0.10189071,1.0,4.109433e-08,4.0331773e-07,-27.153898,2.1821475,0.72738254,0.15200001,0.0,0.13896427,15.880174,15.900174,2550400
hardzero_plus_depr__c0p50__z1p00__lam0p020__nu0p50__psi0p75,hardzero_plus_depr,0.06,31,797,0.0,2,0.13295084,0.13295084,1.0491127,0.0,0.08930736,0.0,0.0,3.9731293e-07,-27.538782,2.308094,0.7693647,0.17600001,0.0,0.14287308,15.900174,15.920175,2553600
hardzero_plus_depr__c0p50__z1p00__lam0p020__nu0p50__psi0p75,hardzero_plus_depr,0.06,31,798,0.0,2,0.13295084,0.13295084,1.0298859,0.0,0.093349956,0.0,0.0,3.9139758e-07,-27.3991,2.2657943,0.75526476,0.15200001,0.0,0.14988108,15.920175,15.940175,2556800
hardzero_plus_depr__c0p50__z1p00__lam0p020__nu0p50__psi0p75,hardzero_plus_depr,0.06,31,799,0.0,2,0.13295084,0.13295084,1.0202748,0.0,0.09543886,0.0,0.0,3.8557033e-07,-27.104313,2.2446494,0.7482165,0.104,0.0,0.1256783,15.940175,15.9601755,2560000
hardzero_plus_depr__c0p50__z1p00__lam0p020__nu0p50__psi0p75,hardzero_plus_depr,0.06,31,800,0.0,2,0.13295084,0.13295084,1.0423083,0.0,0.09071762,0.0,0.0,3.798298e-07,-27.102783,2.2931242,0.76437473,0.112,0.0,0.12686211,15.9601755,15.980176,2563200
hardzero_plus_depr__c0p50__z1p00__lam0p020__nu0p50__psi0p75,hardzero_plus_depr,0.06,31,801,0.0,2,0.13295084,0.13295089,0.98735714,0.1029539,0.1029539,1.0,3.852275e-08,3.7417473e-07,-26.848843,2.172229,0.7240764,0.18400002,0.0,0.16249296,15.980176,16.000175,2566400
hardzero_plus_depr__c0p50__z1p00__lam0p020__nu0p50__psi0p75,hardzero_plus_depr,0.06,31,802,0.0,2,0.13295089,0.13295089,1.0027162,0.0,0.09937653,0.0,0.0,3.6860422e-07,-26.748955,2.2060196,0.7353399,0.192,0.0,0.15083218,16.000175,16.020176,2569600
hardzero_plus_depr__c0p50__z1p00__lam0p020__nu0p50__psi0p75,hardzero_plus_depr,0.06,31,803,0.0,2,0.13295089,0.13295092,0.99568164,0.10099931,0.10099931,1.0,3.66745e-08,3.6311633e-07,-26.29586,2.1905434,0.73018116,0.136,0.0,0.12862226,16.020176,16.040176,2572800
hardzero_plus_depr__c0p50__z1p00__lam0p020__nu0p50__psi0p75,hardzero_plus_depr,0.06,31,804,0.0,2,0.13295092,0.13295092,1.0154866,0.0,0.096496895,0.0,0.0,3.5771006e-07,-26.915222,2.2341151,0.7447051,0.136,0.0,0.12048757,16.040176,16.060177,2576000
hardzero_plus_depr__c0p50__z1p00__lam0p020__nu0p50__psi0p75,hardzero_plus_depr,0.06,31,805,0.0,2,0.13295092,0.13295092,1.020643,0.0,0.09535796,0.0,0.0,3.5238435e-07,-26.926802,2.2454596,0.7484865,0.128,0.0,0.15386353,16.060177,16.080177,2579200
hardzero_plus_depr__c0p50__z1p00__lam0p020__nu0p50__psi0p75,hardzero_plus_depr,0.06,31,806,0.0,2,0.13295092,0.13295096,0.95263565,0.11152298,0.11152298,1.0,3.8713853e-08,3.471379e-07,-26.228172,2.0958402,0.6986134,0.21,0.0,0.13775466,16.080177,16.100178,2582400
hardzero_plus_depr__c0p50__z1p00__lam0p020__nu0p50__psi0p75,hardzero_plus_depr,0.06,31,807,0.0,2,0.13295096,0.13295096,1.038261,0.0,0.091567,0.0,0.0,3.4196958e-07,-27.257057,2.28422,0.76140666,0.16800001,0.0,0.18464577,16.100178,16.120178,2585600
hardzero_plus_depr__c0p50__z1p00__lam0p020__nu0p50__psi0p75,hardzero_plus_depr,0.06,31,808,0.0,2,0.13295096,0.13295096,1.0693198,0.0,0.08524721,0.0,0.0,3.368782e-07,-27.906397,2.3525505,0.7841835,0.128,0.0,0.1760817,16.120178,16.140179,2588800
hardzero_plus_depr__c0p50__z1p00__lam0p020__nu0p50__psi0p75,hardzero_plus_depr,0.06,31,809,0.0,2,0.13295096,0.13295099,0.99979854,0.10004641,0.10004641,1.0,3.3201665e-08,3.3186262e-07,-26.827076,2.1996007,0.73320025,0.208,0.0,0.17288613,16.140179,16.16018,2592000
hardzero_plus_depr__c0p50__z1p00__lam0p020__nu0p50__psi0p75,hardzero_plus_depr,0.06,31,810,0.0,2,0.13295099,0.13295099,1.0696809,0.0,0.08517636,0.0,0.0,3.269217e-07,-28.347073,2.353345,0.7844483,0.080000006,0.0,0.1536894,16.16018,16.18018,2595200
hardzero_plus_depr__c0p50__z1p00__lam0p020__nu0p50__psi0p75,hardzero_plus_depr,0.06,31,811,0.0,2,0.13295099,0.13295099,1.0587181,0.0,0.08735382,0.0,0.0,3.2205438e-07,-26.705025,2.3292263,0.7764088,0.14400001,0.0,0.124741085,16.18018,16.20018,2598400
hardzero_plus_depr__c0p50__z1p00__lam0p020__nu0p50__psi0p75,hardzero_plus_depr,0.06,31,812,0.0,2,0.13295099,0.13295099,1.0188472,0.0,0.09575307,0.0,0.0,3.172595e-07,-27.537796,2.2415087,0.7471696,0.17600001,0.0,0.16993408,16.20018,16.22018,2601600
hardzero_plus_depr__c0p50__z1p00__lam0p020__nu0p50__psi0p75,hardzero_plus_depr,0.06,31,813,0.0,2,0.13295099,0.13295099,1.0519668,0.0,0.08872238,0.0,0.0,3.1253603e-07,-28.63424,2.314373,0.7714577,0.136,0.0,0.15016861,16.22018,16.240181,2604800
hardzero_plus_depr__c0p50__z1p00__lam0p020__nu0p50__psi0p75,hardzero_plus_depr,0.06,31,814,0.0,2,0.13295099,0.13295099,1.0334737,0.0,0.09258193,0.0,0.0,3.0788286e-07,-27.566517,2.2736876,0.7578959,0.17600001,0.0,0.13557623,16.240181,16.260181,2608000
hardzero_plus_depr__c0p50__z1p00__lam0p020__nu0p50__psi0p75,hardzero_plus_depr,0.06,31,815,0.0,2,0.13295099,0.13295099,1.0121796,0.0,0.09723449,0.0,0.0,3.0329898e-07,-26.814735,2.2268395,0.7422799,0.16000001,0.0,0.15241954,16.260181,16.280182,2611200
hardzero_plus_depr__c0p50__z1p00__lam0p020__nu0p50__psi0p75,hardzero_plus_depr,0.06,31,816,0.0,2,0.13295099,0.13295099,1.0056694,0.0,0.09870307,0.0,0.0,2.9878333e-07,-26.589952,2.2125168,0.7375056,0.192,0.0,0.14216761,16.280182,16.300182,2614400
hardzero_plus_depr__c0p50__z1p00__lam0p020__nu0p50__psi0p75,hardzero_plus_depr,0.06,31,817,0.0,2,0.13295099,0.13295102,0.9798279,0.10475436,0.10475436,1.0,3.083287e-08,2.9433494e-07,-26.111797,2.1556644,0.71855485,0.17600001,0.0,0.16866131,16.300182,16.320183,2617600
hardzero_plus_depr__c0p50__z1p00__lam0p020__nu0p50__psi0p75,hardzero_plus_depr,0.06,31,818,0.0,2,0.13295102,0.13295102,1.0069886,0.0,0.09840367,0.0,0.0,2.8995277e-07,-26.961779,2.2154193,0.7384731,0.192,0.0,0.1481171,16.320183,16.340183,2620800
hardzero_plus_depr__c0p50__z1p00__lam0p020__nu0p50__psi0p75,hardzero_plus_depr,0.06,31,819,0.0,2,0.13295102,0.13295105,0.97255206,0.1065241,0.1065241,1.0,3.0427096e-08,2.856358e-07,-25.61036,2.1396573,0.7132191,0.14999999,0.0,0.11178429,16.340183,16.360184,2624000
hardzero_plus_depr__c0p50__z1p00__lam0p020__nu0p50__psi0p75,hardzero_plus_depr,0.06,31,820,0.0,2,0.13295105,0.13295105,1.0068592,0.0,0.098433025,0.0,0.0,2.8138317e-07,-26.275698,2.2151344,0.73837817,0.136,0.0,0.14048922,16.360184,16.380184,2627200
hardzero_plus_depr__c0p50__z1p00__lam0p020__nu0p50__psi0p75,hardzero_plus_depr,0.06,31,821,0.0,2,0.13295105,0.13295105,1.0217451,0.0,0.0951163,0.0,0.0,2.771938e-07,-27.705484,2.247884,0.7492947,0.2,0.0,0.1464424,16.380184,16.400185,2630400
hardzero_plus_depr__c0p50__z1p00__lam0p020__nu0p50__psi0p75,hardzero_plus_depr,0.06,31,822,0.0,2,0.13295105,0.13295105,1.011584,0.0,0.09736793,0.0,0.0,2.7306686e-07,-26.777674,2.2255294,0.74184316,0.16800001,0.0,0.13730177,16.400185,16.420185,2633600
hardzero_plus_depr__c0p50__z1p00__lam0p020__nu0p50__psi0p75,hardzero_plus_depr,0.06,31,823,0.0,2,0.13295105,0.13295105,1.1008694,0.0,0.07927396,0.0,0.0,2.6900133e-07,-28.194872,2.421961,0.80732036,0.16000001,0.0,0.17056178,16.420185,16.440186,2636800
hardzero_plus_depr__c0p50__z1p00__lam0p020__nu0p50__psi0p75,hardzero_plus_depr,0.06,31,824,0.0,2,0.13295105,0.13295108,0.9643757,0.108548634,0.108548634,1.0,2.8764989e-08,2.6499632e-07,-26.348,2.1216688,0.70722294,0.128,0.0,0.13410877,16.440186,16.460186,2640000
hardzero_plus_depr__c0p50__z1p00__lam0p020__nu0p50__psi0p75,hardzero_plus_depr,0.06,31,825,0.0,2,0.13295108,0.13295108,1.0243093,0.0,0.09455635,0.0,0.0,2.6105093e-07,-27.487091,2.2535255,0.75117517,0.136,0.0,0.13305473,16.460186,16.480186,2643200
hardzero_plus_depr__c0p50__z1p00__lam0p020__nu0p50__psi0p75,hardzero_plus_depr,0.06,31,826,0.0,2,0.13295108,0.13295108,1.019663,0.0,0.095573395,0.0,0.0,2.5716432e-07,-27.715824,2.2433033,0.7477678,0.08800001,0.0,0.15727577,16.480186,16.500187,2646400
hardzero_plus_depr__c0p50__z1p00__lam0p020__nu0p50__psi0p75,hardzero_plus_depr,0.06,31,827,0.0,2,0.13295108,0.13295108,1.0139903,0.0,0.096829936,0.0,0.0,2.5333554e-07,-27.479923,2.230823,0.7436077,0.192,0.0,0.12913035,16.500187,16.520187,2649600
hardzero_plus_depr__c0p50__z1p00__lam0p020__nu0p50__psi0p75,hardzero_plus_depr,0.06,31,828,0.0,2,0.13295108,0.13295108,1.0427018,0.0,0.09063546,0.0,0.0,2.4956378e-07,-28.184254,2.29399,0.76466334,0.112,0.0,0.14499472,16.520187,16.540188,2652800
hardzero_plus_depr__c0p50__z1p00__lam0p020__nu0p50__psi0p75,hardzero_plus_depr,0.06,31,829,0.0,2,0.13295108,0.13295108,1.004243,0.0,0.09902776,0.0,0.0,2.4584818e-07,-27.270603,2.2093787,0.7364596,0.104,0.0,0.12513171,16.540188,16.560188,2656000
hardzero_plus_depr__c0p50__z1p00__lam0p020__nu0p50__psi0p75,hardzero_plus_depr,0.06,31,830,0.0,2,0.13295108,0.13295111,0.9869802,0.1030433,0.1030433,1.0,2.4955844e-08,2.4218792e-07,-27.036087,2.1713998,0.72379994,0.16000001,0.0,0.14718303,16.560188,16.580189,2659200
hardzero_plus_depr__c0p50__z1p00__lam0p020__nu0p50__psi0p75,hardzero_plus_depr,0.06,31,831,0.0,2,0.13295111,0.13295114,0.9769453,0.105451986,0.105451986,1.0,2.5158958e-08,2.3858212e-07,-26.428062,2.1493225,0.71644086,0.192,0.0,0.13092722,16.580189,16.60019,2662400
hardzero_plus_depr__c0p50__z1p00__lam0p020__nu0p50__psi0p75,hardzero_plus_depr,0.06,31,832,0.0,2,0.13295114,0.13295114,1.0172474,0.0,0.09610646,0.0,0.0,2.3503e-07,-27.307564,2.237989,0.74599636,0.17999999,0.0,0.14878172,16.60019,16.62019,2665600
hardzero_plus_depr__c0p50__z1p00__lam0p020__nu0p50__psi0p75,hardzero_plus_depr,0.06,31,833,0.0,2,0.13295114,0.13295117,0.9933982,0.101531744,0.101531744,1.0,2.3507724e-08,2.3153078e-07,-26.865746,2.1855197,0.72850657,0.2,0.0,0.14246908,16.62019,16.64019,2668800
hardzero_plus_depr__c0p50__z1p00__lam0p020__nu0p50__psi0p75,hardzero_plus_depr,0.06,31,834,0.0,2,0.13295117,0.13295117,1.046563,0.0,0.089833215,0.0,0.0,2.2808366e-07,-27.358576,2.3024845,0.76749486,0.17600001,0.0,0.14052458,16.64019,16.66019,2672000
hardzero_plus_depr__c0p50__z1p00__lam0p020__nu0p50__psi0p75,hardzero_plus_depr,0.06,31,835,0.0,2,0.13295117,0.13295117,1.0087028,0.0,0.09801605,0.0,0.0,2.2468785e-07,-27.046165,2.2191904,0.7397301,0.18400002,0.0,0.12773155,16.66019,16.680191,2675200
hardzero_plus_depr__c0p50__z1p00__lam0p020__nu0p50__psi0p75,hardzero_plus_depr,0.06,31,836,0.0,2,0.13295117,0.13295117,1.0155432,0.0,0.09648433,0.0,0.0,2.2134262e-07,-26.835161,2.2342396,0.74474657,0.136,0.0,0.15153137,16.680191,16.700191,2678400
hardzero_plus_depr__c0p50__z1p00__lam0p020__nu0p50__psi0p75,hardzero_plus_depr,0.06,31,837,0.0,2,0.13295117,0.13295117,1.0713805,0.0,0.08484369,0.0,0.0,2.1804719e-07,-27.379759,2.357084,0.7856947,0.16000001,0.0,0.1812892,16.700191,16.720192,2681600
hardzero_plus_depr__c0p50__z1p00__lam0p020__nu0p50__psi0p75,hardzero_plus_depr,0.06,31,838,0.0,2,0.13295117,0.13295117,1.015503,0.0,0.09649327,0.0,0.0,2.1480082e-07,-26.417448,2.2341514,0.7447171,0.096,0.0,0.12679131,16.720192,16.740192,2684800
hardzero_plus_depr__c0p50__z1p00__lam0p020__nu0p50__psi0p75,hardzero_plus_depr,0.06,31,839,0.0,2,0.13295117,0.13295117,1.0279703,0.0,0.09376261,0.0,0.0,2.1160278e-07,-27.117374,2.2615798,0.75385994,0.192,0.0,0.163835,16.740192,16.760193,2688000
hardzero_plus_depr__c0p50__z1p00__lam0p020__nu0p50__psi0p75,hardzero_plus_depr,0.06,31,840,0.0,2,0.13295117,0.13295117,1.02143,0.0,0.09518531,0.0,0.0,2.0845233e-07,-26.028479,2.247191,0.7490637,0.15200001,0.0,0.13340713,16.760193,16.780193,2691200
hardzero_plus_depr__c0p50__z1p00__lam0p020__nu0p50__psi0p75,hardzero_plus_depr,0.06,31,841,0.0,2,0.13295117,0.13295117,1.050395,0.0,0.08904407,0.0,0.0,2.0534883e-07,-26.757908,2.3109152,0.7703051,0.16000001,0.0,0.15523875,16.780193,16.800194,2694400
hardzero_plus_depr__c0p50__z1p00__lam0p020__nu0p50__psi0p75,hardzero_plus_depr,0.06,31,842,0.0,2,0.13295117,0.13295117,1.0287449,0.0,0.09359552,0.0,0.0,2.022915e-07,-27.441437,2.263284,0.754428,0.128,0.0,0.14029726,16.800194,16.820194,2697600
hardzero_plus_depr__c0p50__z1p00__lam0p020__nu0p50__psi0p75,hardzero_plus_depr,0.06,31,843,0.0,2,0.13295117,0.13295117,1.038024,0.0,0.091617,0.0,0.0,1.9927971e-07,-27.939096,2.2836983,0.7612328,0.17600001,0.0,0.15373023,16.820194,16.840195,2700800
hardzero_plus_depr__c0p50__z1p00__lam0p020__nu0p50__psi0p75,hardzero_plus_depr,0.06,31,844,0.0,2,0.13295117,0.13295117,1.0268846,0.0,0.09399731,0.0,0.0,1.9631277e-07,-27.201399,2.259191,0.7530637,0.17600001,0.0,0.15089935,16.840195,16.860195,2704000
hardzero_plus_depr__c0p50__z1p00__lam0p020__nu0p50__psi0p75,hardzero_plus_depr,0.06,31,845,0.0,2,0.13295117,0.13295119,0.98421526,0.10370143,0.10370143,1.0,2.0054815e-08,1.9338997e-07,-27.476261,2.1653168,0.7217723,0.21,0.0,0.17068033,16.860195,16.880196,2707200
hardzero_plus_depr__c0p50__z1p00__lam0p020__nu0p50__psi0p75,hardzero_plus_depr,0.06,31,846,0.0,2,0.13295119,0.13295119,1.0868016,0.0,0.08188386,0.0,0.0,1.9051069e-07,-28.164993,2.3910112,0.79700375,0.14400001,0.0,0.18843384,16.880196,16.900196,2710400
hardzero_plus_depr__c0p50__z1p00__lam0p020__nu0p50__psi0p75,hardzero_plus_depr,0.06,31,847,0.0,2,0.13295119,0.13295119,1.0243509,0.0,0.09454728,0.0,0.0,1.8767432e-07,-27.180426,2.2536168,0.7512056,0.136,0.0,0.13914989,16.900196,16.920197,2713600
hardzero_plus_depr__c0p50__z1p00__lam0p020__nu0p50__psi0p75,hardzero_plus_depr,0.06,31,848,0.0,2,0.13295119,0.13295119,1.0398896,0.0,0.091224276,0.0,0.0,1.8488014e-07,-27.424955,2.2878027,0.7626009,0.120000005,0.0,0.14430512,16.920197,16.940197,2716800
hardzero_plus_depr__c0p50__z1p00__lam0p020__nu0p50__psi0p75,hardzero_plus_depr,0.06,31,849,0.0,2,0.13295119,0.13295119,1.0177143,0.0,0.0960032,0.0,0.0,1.8212758e-07,-26.886454,2.239016,0.7463387,0.24800001,0.0,0.13689953,16.940197,16.960197,2720000
hardzero_plus_depr__c0p50__z1p00__lam0p020__nu0p50__psi0p75,hardzero_plus_depr,0.06,31,850,0.0,2,0.13295119,0.1329512,0.9931003,0.10160141,0.10160141,1.0,1.8228915e-08,1.7941598e-07,-26.846506,2.1848643,0.7282881,0.15200001,0.0,0.13936007,16.960197,16.980198,2723200
hardzero_plus_depr__c0p50__z1p00__lam0p020__nu0p50__psi0p75,hardzero_plus_depr,0.06,31,851,0.0,2,0.1329512,0.13295121,0.9653901,0.10829539,0.10829539,1.0,1.9140643e-08,1.7674476e-07,-26.27804,2.1239007,0.7079669,0.24000001,0.0,0.14210519,16.980198,17.000198,2726400
hardzero_plus_depr__c0p50__z1p00__lam0p020__nu0p50__psi0p75,hardzero_plus_depr,0.06,31,852,0.0,2,0.13295121,0.13295123,0.9852679,0.10345038,0.10345038,1.0,1.8012088e-08,1.7411331e-07,-26.478626,2.1676326,0.7225442,0.16000001,0.0,0.13736317,17.000198,17.020199,2729600
hardzero_plus_depr__c0p50__z1p00__lam0p020__nu0p50__psi0p75,hardzero_plus_depr,0.06,31,853,0.0,2,0.13295123,0.13295123,1.0252283,0.0,0.09435648,0.0,0.0,1.7152105e-07,-27.3027,2.2555473,0.7518491,0.112,0.0,0.1427117,17.020199,17.0402,2732800
hardzero_plus_depr__c0p50__z1p00__lam0p020__nu0p50__psi0p75,hardzero_plus_depr,0.06,31,854,0.0,2,0.13295123,0.13295123,1.0955495,0.0,0.080251016,0.0,0.0,1.6896738e-07,-28.427877,2.4102569,0.803419,0.072000004,0.0,0.15546797,17.0402,17.0602,2736000
hardzero_plus_depr__c0p50__z1p00__lam0p020__nu0p50__psi0p75,hardzero_plus_depr,0.06,31,855,0.0,2,0.13295123,0.13295123,1.0871937,0.0,0.08180997,0.0,0.0,1.6645171e-07,-28.364645,2.3918738,0.7972913,0.120000005,0.0,0.15487346,17.0602,17.0802,2739200
hardzero_plus_depr__c0p50__z1p00__lam0p020__nu0p50__psi0p75,hardzero_plus_depr,0.06,31,856,0.0,2,0.13295123,0.13295123,1.0066221,0.0,0.09848678,0.0,0.0,1.6397352e-07,-27.972975,2.2146127,0.73820424,0.18400002,0.0,0.16042992,17.0802,17.1002,2742400
hardzero_plus_depr__c0p50__z1p00__lam0p020__nu0p50__psi0p75,hardzero_plus_depr,0.06,31,857,0.0,2,0.13295123,0.13295123,1.0304762,0.0,0.09322316,0.0,0.0,1.6153221e-07,-27.240704,2.267093,0.75569767,0.128,0.0,0.1453482,17.1002,17.120201,2745600
hardzero_plus_depr__c0p50__z1p00__lam0p020__nu0p50__psi0p75,hardzero_plus_depr,0.06,31,858,0.0,2,0.13295123,0.13295123,1.057199,0.0,0.08765991,0.0,0.0,1.5912727e-07,-27.272596,2.3258843,0.7752948,0.16,0.0,0.16883029,17.120201,17.140202,2748800
hardzero_plus_depr__c0p50__z1p00__lam0p020__nu0p50__psi0p75,hardzero_plus_depr,0.06,31,859,0.0,2,0.13295123,0.13295123,1.0523279,0.0,0.08864865,0.0,0.0,1.567581e-07,-27.527756,2.3151674,0.7717225,0.128,0.0,0.15988037,17.140202,17.160202,2752000
hardzero_plus_depr__c0p50__z1p00__lam0p020__nu0p50__psi0p75,hardzero_plus_depr,0.06,31,860,0.0,2,0.13295123,0.13295123,1.0568783,0.0,0.087724656,0.0,0.0,1.5442423e-07,-27.640385,2.3251786,0.7750596,0.128,0.0,0.16226636,17.160202,17.180202,2755200
hardzero_plus_depr__c0p50__z1p00__lam0p020__nu0p50__psi0p75,hardzero_plus_depr,0.06,31,861,0.0,2,0.13295123,0.13295123,1.0351474,0.0,0.09222582,0.0,0.0,1.521251e-07,-27.168137,2.2773697,0.75912327,0.14400001,0.0,0.165366,17.180202,17.200203,2758400
hardzero_plus_depr__c0p50__z1p00__lam0p020__nu0p50__psi0p75,hardzero_plus_depr,0.06,31,862,0.0,2,0.13295123,0.13295123,1.0226854,0.0,0.09491057,0.0,0.0,1.4986021e-07,-27.013855,2.2499528,0.74998426,0.15200001,0.0,0.14767654,17.200203,17.220203,2761600
hardzero_plus_depr__c0p50__z1p00__lam0p020__nu0p50__psi0p75,hardzero_plus_depr,0.06,31,863,0.0,2,0.13295123,0.13295123,1.001868,0.0,0.09957078,0.0,0.0,1.4762904e-07,-26.66834,2.2041535,0.73471785,0.192,0.0,0.15290892,17.220203,17.240204,2764800
hardzero_plus_depr__c0p50__z1p00__lam0p020__nu0p50__psi0p75,hardzero_plus_depr,0.06,31,864,0.0,2,0.13295123,0.13295123,1.0165912,0.0,0.09625179,0.0,0.0,1.4543106e-07,-27.583225,2.2365453,0.7455151,0.15200001,0.0,0.14963046,17.240204,17.260204,2768000
hardzero_plus_depr__c0p50__z1p00__lam0p020__nu0p50__psi0p75,hardzero_plus_depr,0.06,31,865,0.0,2,0.13295123,0.13295124,0.98315734,0.103954345,0.103954345,1.0,1.4893106e-08,1.4326584e-07,-26.010351,2.1629894,0.7209965,0.08800001,0.0,0.13692676,17.260204,17.280205,2771200
hardzero_plus_depr__c0p50__z1p00__lam0p020__nu0p50__psi0p75,hardzero_plus_depr,0.06,31,866,0.0,2,0.13295124,0.13295126,0.97493774,0.10594056,0.10594056,1.0,1.4951691e-08,1.4113283e-07,-25.385855,2.1449058,0.7149686,0.112,0.0,0.13953333,17.280205,17.300205,2774400
hardzero_plus_depr__c0p50__z1p00__lam0p020__nu0p50__psi0p75,hardzero_plus_depr,0.06,31,867,0.0,2,0.13295126,0.13295126,1.0254877,0.0,0.09430014,0.0,0.0,1.390316e-07,-27.436115,2.2561178,0.7520393,0.120000005,0.0,0.16547595,17.300205,17.320206,2777600
hardzero_plus_depr__c0p50__z1p00__lam0p020__nu0p50__psi0p75,hardzero_plus_depr,0.06,31,868,0.0,2,0.13295126,0.13295126,1.0664666,0.0,0.08580911,0.0,0.0,1.3696163e-07,-27.619495,2.3462734,0.78209114,0.136,0.0,0.13377231,17.320206,17.340206,2780800
hardzero_plus_depr__c0p50__z1p00__lam0p020__nu0p50__psi0p75,hardzero_plus_depr,0.06,31,869,0.0,2,0.13295126,0.13295127,0.98976165,0.10238546,0.10238546,1.0,1.3814101e-08,1.3492249e-07,-26.303068,2.177519,0.72583973,0.208,0.0,0.114997916,17.340206,17.360207,2784000
hardzero_plus_depr__c0p50__z1p00__lam0p020__nu0p50__psi0p75,hardzero_plus_depr,0.06,31,870,0.0,2,0.13295127,0.13295127,1.0140243,0.0,0.096822366,0.0,0.0,1.3291371e-07,-26.595907,2.230898,0.7436327,0.15200001,0.0,0.13407163,17.360207,17.380207,2787200
hardzero_plus_depr__c0p50__z1p00__lam0p020__nu0p50__psi0p75,hardzero_plus_depr,0.06,31,871,0.0,2,0.13295127,0.13295129,0.9813082,0.104397886,0.104397886,1.0,1.3669322e-08,1.3093485e-07,-26.994238,2.1589212,0.71964043,0.14999999,0.0,0.12802649,17.380207,17.400208,2790400
hardzero_plus_depr__c0p50__z1p00__lam0p020__nu0p50__psi0p75,hardzero_plus_depr,0.06,31,872,0.0,2,0.13295129,0.13295129,1.0289322,0.0,0.09355516,0.0,0.0,1.2898543e-07,-26.985977,2.2636962,0.7545654,0.16800001,0.0,0.17156474,17.400208,17.420208,2793600
hardzero_plus_depr__c0p50__z1p00__lam0p020__nu0p50__psi0p75,hardzero_plus_depr,0.06,31,873,0.0,2,0.13295129,0.13295129,1.0481644,0.0,0.089502595,0.0,0.0,1.2706505e-07,-27.9027,2.3060076,0.76866925,0.14400001,0.0,0.18413651,17.420208,17.440208,2796800
hardzero_plus_depr__c0p50__z1p00__lam0p020__nu0p50__psi0p75,hardzero_plus_depr,0.06,31,874,0.0,2,0.13295129,0.13295129,1.0890105,0.0,0.08146846,0.0,0.0,1.2517324e-07,-27.82232,2.395871,0.7986237,0.128,0.0,0.12580262,17.440208,17.460209,2800000
hardzero_plus_depr__c0p50__z1p00__lam0p020__nu0p50__psi0p75,hardzero_plus_depr,0.06,31,875,0.0,2,0.13295129,0.13295129,1.00104,0.0,0.099760816,0.0,0.0,1.2330962e-07,-26.314096,2.202332,0.7341107,0.17600001,0.0,0.15460967,17.460209,17.48021,2803200
hardzero_plus_depr__c0p50__z1p00__lam0p020__nu0p50__psi0p75,hardzero_plus_depr,0.06,31,876,0.0,2,0.13295129,0.13295129,1.0747255,0.0,0.0841927,0.0,0.0,1.2147375e-07,-28.044867,2.3644433,0.7881478,0.112,0.0,0.15721145,17.48021,17.50021,2806400
hardzero_plus_depr__c0p50__z1p00__lam0p020__nu0p50__psi0p75,hardzero_plus_depr,0.06,31,877,0.0,2,0.13295129,0.13295129,1.0370908,0.0,0.09181406,0.0,0.0,1.196652e-07,-26.337215,2.2816453,0.7605485,0.18400002,0.0,0.14894842,17.50021,17.52021,2809600
hardzero_plus_depr__c0p50__z1p00__lam0p020__nu0p50__psi0p75,hardzero_plus_depr,0.06,31,878,0.0,2,0.13295129,0.13295129,1.0188498,0.0,0.0957525,0.0,0.0,1.17883566e-07,-26.965666,2.2415144,0.7471715,0.18400002,0.0,0.14545171,17.52021,17.54021,2812800
hardzero_plus_depr__c0p50__z1p00__lam0p020__nu0p50__psi0p75,hardzero_plus_depr,0.06,31,879,0.0,2,0.13295129,0.13295129,1.0257217,0.0,0.094249345,0.0,0.0,1.16128454e-07,-26.517202,2.2566328,0.752211,0.18400002,0.0,0.13642007,17.54021,17.560211,2816000
hardzero_plus_depr__c0p50__z1p00__lam0p020__nu0p50__psi0p75,hardzero_plus_depr,0.06,31,880,0.0,2,0.13295129,0.13295129,1.0731845,0.0,0.084491976,0.0,0.0,1.143995e-07,-28.451033,2.361053,0.7870177,0.136,0.0,0.14875095,17.560211,17.580212,2819200
hardzero_plus_depr__c0p50__z1p00__lam0p020__nu0p50__psi0p75,hardzero_plus_depr,0.06,31,881,0.0,2,0.13295129,0.13295129,1.1066521,0.0,0.078225404,0.0,0.0,1.1269628e-07,-29.097818,2.4346833,0.8115611,0.104,0.0,0.17825791,17.580212,17.600212,2822400
hardzero_plus_depr__c0p50__z1p00__lam0p020__nu0p50__psi0p75,hardzero_plus_depr,0.06,31,882,0.0,2,0.13295129,0.13295129,1.047334,0.0,0.0896739,0.0,0.0,1.1101841e-07,-27.265442,2.3041806,0.7680602,0.112,0.0,0.14235097,17.600212,17.620213,2825600
hardzero_plus_depr__c0p50__z1p00__lam0p020__nu0p50__psi0p75,hardzero_plus_depr,0.06,31,883,0.0,2,0.13295129,0.13295129,1.0230833,0.0,0.09482364,0.0,0.0,1.0936552e-07,-26.900457,2.2508283,0.7502761,0.128,0.0,0.13843274,17.620213,17.640213,2828800
hardzero_plus_depr__c0p50__z1p00__lam0p020__nu0p50__psi0p75,hardzero_plus_depr,0.06,31,884,0.0,2,0.13295129,0.13295129,1.0197829,0.0,0.09554701,0.0,0.0,1.0773725e-07,-27.958727,2.2435672,0.7478558,0.19,0.0,0.1396981,17.640213,17.660213,2832000
hardzero_plus_depr__c0p50__z1p00__lam0p020__nu0p50__psi0p75,hardzero_plus_depr,0.06,31,885,0.0,2,0.13295129,0.13295129,1.0651363,0.0,0.08607235,0.0,0.0,1.0613321e-07,-29.056406,2.3433466,0.78111553,0.16800001,0.0,0.139621,17.660213,17.680214,2835200
hardzero_plus_depr__c0p50__z1p00__lam0p020__nu0p50__psi0p75,hardzero_plus_depr,0.06,31,886,0.0,2,0.13295129,0.13295129,1.0373647,0.0,0.091756165,0.0,0.0,1.0455306e-07,-27.065716,2.282248,0.76074934,0.104,0.0,0.1388447,17.680214,17.700214,2838400
hardzero_plus_depr__c0p50__z1p00__lam0p020__nu0p50__psi0p75,hardzero_plus_depr,0.06,31,887,0.0,2,0.13295129,0.13295129,1.0386094,0.0,0.091493584,0.0,0.0,1.0299643e-07,-27.488398,2.2849863,0.7616621,0.16000001,0.0,0.13898692,17.700214,17.720215,2841600
hardzero_plus_depr__c0p50__z1p00__lam0p020__nu0p50__psi0p75,hardzero_plus_depr,0.06,31,888,0.0,2,0.13295129,0.13295129,1.0152502,0.0,0.09654944,0.0,0.0,1.0146297e-07,-28.050127,2.2335951,0.74453175,0.17600001,0.0,0.18475248,17.720215,17.740215,2844800
hardzero_plus_depr__c0p50__z1p00__lam0p020__nu0p50__psi0p75,hardzero_plus_depr,0.06,31,889,0.0,2,0.13295129,0.1329513,0.9170828,0.12103674,0.12103674,1.0,1.20979085e-08,9.9952366e-08,-25.62207,2.0176225,0.67254084,0.216,0.0,0.14133605,17.740215,17.760216,2848000
hardzero_plus_depr__c0p50__z1p00__lam0p020__nu0p50__psi0p75,hardzero_plus_depr,0.06,31,890,0.0,2,0.1329513,0.13295132,0.9808083,0.10451813,0.10451813,1.0,1.0291296e-08,9.846422e-08,-26.911789,2.1578214,0.7192738,0.16000001,0.0,0.15335892,17.760216,17.780216,2851200
hardzero_plus_depr__c0p50__z1p00__lam0p020__nu0p50__psi0p75,hardzero_plus_depr,0.06,31,891,0.0,2,0.13295132,0.13295132,1.0221019,0.0,0.09503819,0.0,0.0,9.699825e-08,-27.161753,2.2486691,0.7495564,0.18400002,0.0,0.16117613,17.780216,17.800217,2854400
hardzero_plus_depr__c0p50__z1p00__lam0p020__nu0p50__psi0p75,hardzero_plus_depr,0.06,31,892,0.0,2,0.13295132,0.13295133,0.98665434,0.103120655,0.103120655,1.0,9.8536015e-09,9.55541e-08,-27.038792,2.170683,0.723561,0.18400002,0.0,0.13455762,17.800217,17.820217,2857600
hardzero_plus_depr__c0p50__z1p00__lam0p020__nu0p50__psi0p75,hardzero_plus_depr,0.06,31,893,0.0,2,0.13295133,0.13295133,1.0462126,0.0,0.08990575,0.0,0.0,9.413146e-08,-27.816088,2.3017137,0.7672379,0.17600001,0.0,0.1385712,17.820217,17.840218,2860800
hardzero_plus_depr__c0p50__z1p00__lam0p020__nu0p50__psi0p75,hardzero_plus_depr,0.06,31,894,0.0,2,0.13295133,0.13295135,0.99566704,0.1010027,0.1010027,1.0,9.365979e-09,9.272999e-08,-26.648455,2.1905112,0.7301704,0.120000005,0.0,0.13289699,17.840218,17.860218,2864000
hardzero_plus_depr__c0p50__z1p00__lam0p020__nu0p50__psi0p75,hardzero_plus_depr,0.06,31,895,0.0,2,0.13295135,0.13295135,1.0184685,0.0,0.095836625,0.0,0.0,9.1349385e-08,-27.56267,2.2406754,0.74689186,0.112,0.0,0.14431284,17.860218,17.880219,2867200
hardzero_plus_depr__c0p50__z1p00__lam0p020__nu0p50__psi0p75,hardzero_plus_depr,0.06,31,896,0.0,2,0.13295135,0.13295136,0.96715015,0.10785736,0.10785736,1.0,9.706013e-09,8.998934e-08,-26.50361,2.1277728,0.7092576,0.17600001,0.0,0.1322513,17.880219,17.900219,2870400
hardzero_plus_depr__c0p50__z1p00__lam0p020__nu0p50__psi0p75,hardzero_plus_depr,0.06,31,897,0.0,2,0.13295136,0.13295136,1.0130429,0.0,0.097041406,0.0,0.0,8.864954e-08,-27.891073,2.228739,0.742913,0.11,0.0,0.1535007,17.900219,17.92022,2873600
hardzero_plus_depr__c0p50__z1p00__lam0p020__nu0p50__psi0p75,hardzero_plus_depr,0.06,31,898,0.0,2,0.13295136,0.13295136,1.0263551,0.0,0.094111964,0.0,0.0,8.7329695e-08,-27.157259,2.2580264,0.7526755,0.208,0.0,0.14580977,17.92022,17.94022,2876800
hardzero_plus_depr__c0p50__z1p00__lam0p020__nu0p50__psi0p75,hardzero_plus_depr,0.06,31,899,0.0,2,0.13295136,0.13295136,1.067316,0.0,0.08564144,0.0,0.0,8.6029495e-08,-29.244799,2.3481421,0.78271407,0.14400001,0.0,0.15830386,17.94022,17.96022,2880000
hardzero_plus_depr__c0p50__z1p00__lam0p020__nu0p50__psi0p75,hardzero_plus_depr,0.06,31,900,0.0,2,0.13295136,0.13295136,1.0450635,0.0,0.09014392,0.0,0.0,8.474865e-08,-26.670843,2.2991855,0.7663952,0.16800001,0.0,0.15576579,17.96022,17.98022,2883200
hardzero_plus_depr__c0p50__z1p00__lam0p020__nu0p50__psi0p75,hardzero_plus_depr,0.06,31,901,0.0,2,0.13295136,0.13295138,0.97595066,0.10569374,0.10569374,1.0,8.82404e-09,8.3486874e-08,-26.484814,2.1471343,0.7157115,0.16800001,0.008,0.15797123,17.98022,18.000221,2886400
hardzero_plus_depr__c0p50__z1p00__lam0p020__nu0p50__psi0p75,hardzero_plus_depr,0.06,31,902,0.0,2,0.13295138,0.13295138,1.0324672,0.0,0.09279675,0.0,0.0,8.22439e-08,-26.887672,2.2714734,0.7571578,0.136,0.0,0.14212601,18.000221,18.020222,2889600
hardzero_plus_depr__c0p50__z1p00__lam0p020__nu0p50__psi0p75,hardzero_plus_depr,0.06,31,903,0.0,2,0.13295138,0.13295138,1.0431116,0.0,0.090550005,0.0,0.0,8.1019415e-08,-27.260221,2.2948914,0.7649638,0.14400001,0.0,0.13583025,18.020222,18.040222,2892800
hardzero_plus_depr__c0p50__z1p00__lam0p020__nu0p50__psi0p75,hardzero_plus_depr,0.06,31,904,0.0,2,0.13295138,0.13295138,1.0035033,0.0,0.099196576,0.0,0.0,7.9813155e-08,-26.824867,2.2077515,0.7359172,0.16800001,0.0,0.1398088,18.040222,18.060223,2896000
hardzero_plus_depr__c0p50__z1p00__lam0p020__nu0p50__psi0p75,hardzero_plus_depr,0.06,31,905,0.0,2,0.13295138,0.13295138,1.0137014,0.0,0.09689437,0.0,0.0,7.862488e-08,-27.133862,2.2301877,0.7433959,0.15200001,0.0,0.13844997,18.060223,18.080223,2899200
hardzero_plus_depr__c0p50__z1p00__lam0p020__nu0p50__psi0p75,hardzero_plus_depr,0.06,31,906,0.0,2,0.13295138,0.13295138,1.0215068,0.0,0.09516849,0.0,0.0,7.7454274e-08,-26.467812,2.2473598,0.74911994,0.18400002,0.0,0.14806329,18.080223,18.100224,2902400
hardzero_plus_depr__c0p50__z1p00__lam0p020__nu0p50__psi0p75,hardzero_plus_depr,0.06,31,907,0.0,2,0.13295138,0.13295138,1.0047659,0.0,0.0989086,0.0,0.0,7.6301106e-08,-26.816624,2.210529,0.73684305,0.16000001,0.0,0.13236405,18.100224,18.120224,2905600
hardzero_plus_depr__c0p50__z1p00__lam0p020__nu0p50__psi0p75,hardzero_plus_depr,0.06,31,908,0.0,2,0.13295138,0.13295138,1.0593477,0.0,0.08722726,0.0,0.0,7.5165104e-08,-27.993048,2.3306117,0.7768706,0.14400001,0.0,0.1584058,18.120224,18.140224,2908800
hardzero_plus_depr__c0p50__z1p00__lam0p020__nu0p50__psi0p75,hardzero_plus_depr,0.06,31,909,0.0,2,0.13295138,0.13295138,1.0012531,0.0,0.09971188,0.0,0.0,7.4046014e-08,-26.244928,2.202801,0.734267,0.18400002,0.0,0.139242,18.140224,18.160225,2912000
hardzero_plus_depr__c0p50__z1p00__lam0p020__nu0p50__psi0p75,hardzero_plus_depr,0.06,31,910,0.0,2,0.13295138,0.13295138,0.9953143,0.101084754,0.101084754,1.0,7.373485e-09,7.294359e-08,-26.338896,2.1897352,0.72991174,0.14,0.0,0.13083825,18.160225,18.180225,2915200
hardzero_plus_depr__c0p50__z1p00__lam0p020__nu0p50__psi0p75,hardzero_plus_depr,0.06,31,911,0.0,2,0.13295138,0.13295138,1.0082234,0.0,0.09812429,0.0,0.0,7.185758e-08,-27.127373,2.2181358,0.73937863,0.15200001,0.0,0.15556987,18.180225,18.200226,2918400
hardzero_plus_depr__c0p50__z1p00__lam0p020__nu0p50__psi0p75,hardzero_plus_depr,0.06,31,912,0.0,2,0.13295138,0.13295138,1.0092098,0.0,0.09790171,0.0,0.0,7.0787735e-08,-26.798155,2.2203057,0.74010193,0.15200001,0.0,0.120432615,18.200226,18.220226,2921600
hardzero_plus_depr__c0p50__z1p00__lam0p020__nu0p50__psi0p75,hardzero_plus_depr,0.06,31,913,0.0,2,0.13295138,0.13295138,0.99946886,0.100122385,0.100122385,1.0,6.981916e-09,6.9733815e-08,-26.84697,2.1988754,0.7329585,0.192,0.0,0.1349043,18.220226,18.240227,2924800
hardzero_plus_depr__c0p50__z1p00__lam0p020__nu0p50__psi0p75,hardzero_plus_depr,0.06,31,914,0.0,2,0.13295138,0.13295138,1.0655645,0.0,0.08598753,0.0,0.0,6.869559e-08,-28.149244,2.3442888,0.78142965,0.112,0.0,0.15693869,18.240227,18.260227,2928000
hardzero_plus_depr__c0p50__z1p00__lam0p020__nu0p50__psi0p75,hardzero_plus_depr,0.06,31,915,0.0,2,0.13295138,0.13295138,1.0074725,0.0,0.098294094,0.0,0.0,6.767282e-08,-26.224258,2.2164838,0.73882794,0.128,0.0,0.12476985,18.260227,18.280228,2931200
hardzero_plus_depr__c0p50__z1p00__lam0p020__nu0p50__psi0p75,hardzero_plus_depr,0.06,31,916,0.0,2,0.13295138,0.13295138,1.0065391,0.0,0.098505594,0.0,0.0,6.666529e-08,-26.857622,2.2144303,0.73814344,0.18400002,0.0,0.15404183,18.280228,18.300228,2934400
hardzero_plus_depr__c0p50__z1p00__lam0p020__nu0p50__psi0p75,hardzero_plus_depr,0.06,31,917,0.0,2,0.13295138,0.13295138,0.97308254,0.106394075,0.106394075,1.0,6.9871917e-09,6.567275e-08,-26.345701,2.1408243,0.71360815,0.264,0.008,0.13550851,18.300228,18.320229,2937600
hardzero_plus_depr__c0p50__z1p00__lam0p020__nu0p50__psi0p75,hardzero_plus_depr,0.06,31,918,0.0,2,0.13295138,0.13295138,0.944789,0.11355624,0.11355624,1.0,7.346519e-09,6.469498e-08,-25.910818,2.0785773,0.6928591,0.216,0.0,0.113247834,18.320229,18.340229,2940800
hardzero_plus_depr__c0p50__z1p00__lam0p020__nu0p50__psi0p75,hardzero_plus_depr,0.06,31,919,0.0,2,0.13295138,0.13295138,1.0435545,0.0,0.09045767,0.0,0.0,6.373178e-08,-27.039705,2.2958658,0.7652886,0.15200001,0.0,0.13917531,18.340229,18.36023,2944000
hardzero_plus_depr__c0p50__z1p00__lam0p020__nu0p50__psi0p75,hardzero_plus_depr,0.06,31,920,0.0,2,0.13295138,0.13295138,0.9913501,0.10201166,0.10201166,1.0,6.4045893e-09,6.278292e-08,-27.097174,2.1810138,0.72700465,0.216,0.0,0.15091959,18.36023,18.38023,2947200
hardzero_plus_depr__c0p50__z1p00__lam0p020__nu0p50__psi0p75,hardzero_plus_depr,0.06,31,921,0.0,2,0.13295138,0.13295138,1.0514847,0.0,0.08882093,0.0,0.0,6.1848176e-08,-27.3197,2.3133125,0.7711042,0.136,0.0,0.15971786,18.38023,18.40023,2950400
hardzero_plus_depr__c0p50__z1p00__lam0p020__nu0p50__psi0p75,hardzero_plus_depr,0.06,31,922,0.0,2,0.13295138,0.13295138,1.0142046,0.0,0.096782155,0.0,0.0,6.092736e-08,-26.858744,2.2312946,0.7437649,0.14400001,0.0,0.13630038,18.40023,18.42023,2953600
hardzero_plus_depr__c0p50__z1p00__lam0p020__nu0p50__psi0p75,hardzero_plus_depr,0.06,31,923,0.0,2,0.13295138,0.13295138,0.9984725,0.10035233,0.10035233,1.0,6.0231713e-09,6.002024e-08,-26.384796,2.1966834,0.7322278,0.14,0.0,0.13017106,18.42023,18.440231,2956800
hardzero_plus_depr__c0p50__z1p00__lam0p020__nu0p50__psi0p75,hardzero_plus_depr,0.06,31,924,0.0,2,0.13295138,0.13295138,1.0201857,0.0,0.09545844,0.0,0.0,5.9126638e-08,-26.785719,2.2444534,0.7481512,0.14400001,0.0,0.16369525,18.440231,18.460232,2960000
hardzero_plus_depr__c0p50__z1p00__lam0p020__nu0p50__psi0p75,hardzero_plus_depr,0.06,31,925,0.0,2,0.13295138,0.13295138,1.0236604,0.0,0.094697736,0.0,0.0,5.824634e-08,-27.12317,2.2520978,0.7506993,0.17600001,0.0,0.12885076,18.460232,18.480232,2963200
hardzero_plus_depr__c0p50__z1p00__lam0p020__nu0p50__psi0p75,hardzero_plus_depr,0.06,31,926,0.0,2,0.13295138,0.13295138,1.0063368,0.0,0.0985515,0.0,0.0,5.7379147e-08,-26.477116,2.2139852,0.7379951,0.120000005,0.0,0.1265881,18.480232,18.500233,2966400
hardzero_plus_depr__c0p50__z1p00__lam0p020__nu0p50__psi0p75,hardzero_plus_depr,0.06,31,927,0.0,2,0.13295138,0.13295138,1.0185676,0.0,0.09581476,0.0,0.0,5.652486e-08,-26.21201,2.2408934,0.74696445,0.192,0.0,0.13956846,18.500233,18.520233,2969600
hardzero_plus_depr__c0p50__z1p00__lam0p020__nu0p50__psi0p75,hardzero_plus_depr,0.06,31,928,0.0,2,0.13295138,0.13295138,1.0581188,0.0,0.08747443,0.0,0.0,5.5683298e-08,-27.415249,2.3279078,0.77596927,0.096,0.0,0.15617144,18.520233,18.540234,2972800
hardzero_plus_depr__c0p50__z1p00__lam0p020__nu0p50__psi0p75,hardzero_plus_depr,0.06,31,929,0.0,2,0.13295138,0.13295138,1.0113193,0.0,0.09742731,0.0,0.0,5.4854265e-08,-27.33021,2.2249467,0.7416489,0.224,0.016,0.15942192,18.540234,18.560234,2976000
hardzero_plus_depr__c0p50__z1p00__lam0p020__nu0p50__psi0p75,hardzero_plus_depr,0.06,31,930,0.0,2,0.13295138,0.13295138,1.0204524,0.0,0.09539983,0.0,0.0,5.4037567e-08,-27.922308,2.24504,0.7483467,0.17600001,0.0,0.15827931,18.560234,18.580235,2979200
hardzero_plus_depr__c0p50__z1p00__lam0p020__nu0p50__psi0p75,hardzero_plus_depr,0.06,31,931,0.0,2,0.13295138,0.13295138,1.0447669,0.0,0.09020552,0.0,0.0,5.3233038e-08,-26.725765,2.298533,0.76617765,0.112,0.0,0.1606531,18.580235,18.600235,2982400
hardzero_plus_depr__c0p50__z1p00__lam0p020__nu0p50__psi0p75,hardzero_plus_depr,0.06,31,932,0.0,2,0.13295138,0.13295138,1.0466785,0.0,0.089809336,0.0,0.0,5.2440484e-08,-27.2085,2.3027387,0.76757956,0.18400002,0.0,0.15555394,18.600235,18.620235,2985600
hardzero_plus_depr__c0p50__z1p00__lam0p020__nu0p50__psi0p75,hardzero_plus_depr,0.06,31,933,0.0,2,0.13295138,0.13295138,0.9937374,0.10145248,0.10145248,1.0,5.241007e-09,5.1659725e-08,-26.23764,2.186266,0.72875535,0.120000005,0.0,0.12819125,18.620235,18.640236,2988800
hardzero_plus_depr__c0p50__z1p00__lam0p020__nu0p50__psi0p75,hardzero_plus_depr,0.06,31,934,0.0,2,0.13295138,0.13295138,1.0479515,0.0,0.08954648,0.0,0.0,5.0890595e-08,-28.14734,2.3055394,0.76851314,0.15200001,0.0,0.16859783,18.640236,18.660236,2992000
hardzero_plus_depr__c0p50__z1p00__lam0p020__nu0p50__psi0p75,hardzero_plus_depr,0.06,31,935,0.0,2,0.13295138,0.13295138,0.95153254,0.111806594,0.111806594,1.0,5.605191e-09,5.013292e-08,-25.641865,2.0934134,0.69780445,0.17600001,0.0,0.122382596,18.660236,18.680237,2995200
hardzero_plus_depr__c0p50__z1p00__lam0p020__nu0p50__psi0p75,hardzero_plus_depr,0.06,31,936,0.0,2,0.13295138,0.13295138,1.0995445,0.0,0.07951618,0.0,0.0,4.9386518e-08,-27.220459,2.4190462,0.80634874,0.14,0.0,0.14702094,18.680237,18.700237,2998400
hardzero_plus_depr__c0p50__z1p00__lam0p020__nu0p50__psi0p75,hardzero_plus_depr,0.06,31,937,0.0,2,0.13295138,0.13295138,1.0243005,0.0,0.09455826,0.0,0.0,4.8651234e-08,-27.78165,2.253506,0.75116867,0.104,0.0,0.16997233,18.700237,18.720238,3001600
hardzero_plus_depr__c0p50__z1p00__lam0p020__nu0p50__psi0p75,hardzero_plus_depr,0.06,31,938,0.0,2,0.13295138,0.13295138,0.9811095,0.10444569,0.10444569,1.0,5.005757e-09,4.7926893e-08,-26.235552,2.158484,0.7194947,0.224,0.0,0.11988952,18.720238,18.740238,3004800
hardzero_plus_depr__c0p50__z1p00__lam0p020__nu0p50__psi0p75,hardzero_plus_depr,0.06,31,939,0.0,2,0.13295138,0.13295138,0.9879848,0.10280523,0.10280523,1.0,4.853778e-09,4.7213337e-08,-26.930597,2.17361,0.72453666,0.16000001,0.0,0.14242333,18.740238,18.760239,3008000
hardzero_plus_depr__c0p50__z1p00__lam0p020__nu0p50__psi0p75,hardzero_plus_depr,0.06,31,940,0.0,2,0.13295138,0.13295138,1.0381029,0.0,0.09160034,0.0,0.0,4.6510408e-08,-27.783978,2.283872,0.76129067,0.18400002,0.0,0.14598402,18.760239,18.78024,3011200
hardzero_plus_depr__c0p50__z1p00__lam0p020__nu0p50__psi0p75,hardzero_plus_depr,0.06,31,941,0.0,2,0.13295138,0.13295138,1.0190415,0.0,0.095710255,0.0,0.0,4.581794e-08,-26.97747,2.2419362,0.74731207,0.17600001,0.0,0.1322647,18.78024,18.80024,3014400
hardzero_plus_depr__c0p50__z1p00__lam0p020__nu0p50__psi0p75,hardzero_plus_depr,0.06,31,942,0.0,2,0.13295138,0.13295138,1.0527269,0.0,0.08856726,0.0,0.0,4.513579e-08,-27.216503,2.3160453,0.7720151,0.080000006,0.0,0.13916543,18.80024,18.82024,3017600
hardzero_plus_depr__c0p50__z1p00__lam0p020__nu0p50__psi0p75,hardzero_plus_depr,0.06,31,943,0.0,2,0.13295138,0.13295138,1.0438777,0.0,0.090390384,0.0,0.0,4.4463786e-08,-27.579994,2.2965767,0.7655256,0.208,0.0,0.18213344,18.82024,18.84024,3020800
hardzero_plus_depr__c0p50__z1p00__lam0p020__nu0p50__psi0p75,hardzero_plus_depr,0.06,31,944,0.0,2,0.13295138,0.13295138,1.0309354,0.0,0.093124636,0.0,0.0,4.380179e-08,-27.04903,2.2681031,0.7560344,0.136,0.0,0.13662559,18.84024,18.86024,3024000
hardzero_plus_depr__c0p50__z1p00__lam0p020__nu0p50__psi0p75,hardzero_plus_depr,0.06,31,945,0.0,2,0.13295138,0.13295138,0.98035055,0.104628354,0.104628354,1.0,4.5146775e-09,4.3149655e-08,-26.620136,2.1568143,0.7189381,0.216,0.0,0.12797251,18.86024,18.880241,3027200
hardzero_plus_depr__c0p50__z1p00__lam0p020__nu0p50__psi0p75,hardzero_plus_depr,0.06,31,946,0.0,2,0.13295138,0.13295138,0.9777978,0.10524517,0.10524517,1.0,4.4736805e-09,4.2507228e-08,-25.78772,2.1511981,0.71706605,0.18400002,0.0,0.12467652,18.880241,18.900242,3030400
hardzero_plus_depr__c0p50__z1p00__lam0p020__nu0p50__psi0p75,hardzero_plus_depr,0.06,31,947,0.0,2,0.13295138,0.13295138,1.0141169,0.0,0.09680173,0.0,0.0,4.187436e-08,-27.10804,2.2311018,0.7437006,0.17600001,0.0,0.14028923,18.900242,18.920242,3033600
hardzero_plus_depr__c0p50__z1p00__lam0p020__nu0p50__psi0p75,hardzero_plus_depr,0.06,31,948,0.0,2,0.13295138,0.13295138,0.9859779,0.1032814,0.1032814,1.0,4.2604524e-09,4.1250917e-08,-25.566883,2.1691947,0.7230649,0.128,0.0,0.12840846,18.920242,18.940243,3036800
hardzero_plus_depr__c0p50__z1p00__lam0p020__nu0p50__psi0p75,hardzero_plus_depr,0.06,31,949,0.0,2,0.13295138,0.13295138,0.95305955,0.11141418,0.11141418,1.0,4.527511e-09,4.0636756e-08,-26.648048,2.096773,0.6989243,0.16,0.0,0.1473118,18.940243,18.960243,3040000
hardzero_plus_depr__c0p50__z1p00__lam0p020__nu0p50__psi0p75,hardzero_plus_depr,0.06,31,950,0.0,2,0.13295138,0.13295138,0.9924089,0.10176328,0.10176328,1.0,4.0737613e-09,4.0031743e-08,-26.080145,2.1833432,0.72778106,0.17600001,0.0,0.12522852,18.960243,18.980244,3043200
hardzero_plus_depr__c0p50__z1p00__lam0p020__nu0p50__psi0p75,hardzero_plus_depr,0.06,31,951,0.0,2,0.13295138,0.13295138,0.9607053,0.10946989,0.10946989,1.0,4.317026e-09,3.9435736e-08,-26.773525,2.1135938,0.7045313,0.16800001,0.0,0.13177,18.980244,19.000244,3046400
hardzero_plus_depr__c0p50__z1p00__lam0p020__nu0p50__psi0p75,hardzero_plus_depr,0.06,31,952,0.0,2,0.13295138,0.13295138,0.9610452,0.109384246,0.109384246,1.0,4.249425e-09,3.88486e-08,-25.704008,2.1143417,0.7047806,0.128,0.0,0.14795285,19.000244,19.020245,3049600
hardzero_plus_depr__c0p50__z1p00__lam0p020__nu0p50__psi0p75,hardzero_plus_depr,0.06,31,953,0.0,2,0.13295138,0.13295138,0.9920993,0.101835854,0.101835854,1.0,3.897279e-09,3.8270205e-08,-26.907558,2.182662,0.727554,0.14400001,0.0,0.14152952,19.020245,19.040245,3052800
hardzero_plus_depr__c0p50__z1p00__lam0p020__nu0p50__psi0p75,hardzero_plus_depr,0.06,31,954,0.0,2,0.13295138,0.13295138,0.9901441,0.10229535,0.10229535,1.0,3.856578e-09,3.7700424e-08,-26.209627,2.1783605,0.7261202,0.17600001,0.0,0.120806776,19.040245,19.060246,3056000
hardzero_plus_depr__c0p50__z1p00__lam0p020__nu0p50__psi0p75,hardzero_plus_depr,0.06,31,955,0.0,2,0.13295138,0.13295138,1.02564,0.0,0.094267055,0.0,0.0,3.7139124e-08,-26.981977,2.256453,0.752151,0.15200001,0.0,0.13132441,19.060246,19.080246,3059200
hardzero_plus_depr__c0p50__z1p00__lam0p020__nu0p50__psi0p75,hardzero_plus_depr,0.06,31,956,0.0,2,0.13295138,0.13295138,0.97270864,0.10648572,0.10648572,1.0,3.895906e-09,3.6586183e-08,-26.711771,2.1400018,0.71333396,0.16000001,0.0,0.13514343,19.080246,19.100246,3062400
hardzero_plus_depr__c0p50__z1p00__lam0p020__nu0p50__psi0p75,hardzero_plus_depr,0.06,31,957,0.0,2,0.13295138,0.13295138,1.0274198,0.0,0.09388155,0.0,0.0,3.6041474e-08,-26.654263,2.2603686,0.75345623,0.15200001,0.008,0.13724485,19.100246,19.120247,3065600
hardzero_plus_depr__c0p50__z1p00__lam0p020__nu0p50__psi0p75,hardzero_plus_depr,0.06,31,958,0.0,2,0.13295138,0.13295138,1.0617762,0.0,0.08674088,0.0,0.0,3.5504872e-08,-28.567307,2.3359542,0.7786514,0.16000001,0.0,0.16941287,19.120247,19.140247,3068800
hardzero_plus_depr__c0p50__z1p00__lam0p020__nu0p50__psi0p75,hardzero_plus_depr,0.06,31,959,0.0,2,0.13295138,0.13295138,1.0081288,0.0,0.09814569,0.0,0.0,3.4976264e-08,-27.127981,2.2179277,0.73930925,0.17600001,0.0,0.12918185,19.140247,19.160248,3072000
hardzero_plus_depr__c0p50__z1p00__lam0p020__nu0p50__psi0p75,hardzero_plus_depr,0.06,31,960,0.0,2,0.13295138,0.13295138,1.0426396,0.0,0.09064846,0.0,0.0,3.445552e-08,-27.332788,2.293853,0.7646177,0.136,0.0,0.14151727,19.160248,19.180248,3075200
hardzero_plus_depr__c0p50__z1p00__lam0p020__nu0p50__psi0p75,hardzero_plus_depr,0.06,31,961,0.0,2,0.13295138,0.13295138,1.0079445,0.0,0.098187335,0.0,0.0,3.3942538e-08,-27.219807,2.2175221,0.73917407,0.24800001,0.0,0.13371548,19.180248,19.200249,3078400
hardzero_plus_depr__c0p50__z1p00__lam0p020__nu0p50__psi0p75,hardzero_plus_depr,0.06,31,962,0.0,2,0.13295138,0.13295138,1.0313667,0.0,0.09303219,0.0,0.0,3.343718e-08,-27.11955,2.269052,0.7563507,0.14999999,0.0,0.15171415,19.200249,19.22025,3081600
hardzero_plus_depr__c0p50__z1p00__lam0p020__nu0p50__psi0p75,hardzero_plus_depr,0.06,31,963,0.0,2,0.13295138,0.13295138,1.0367748,0.0,0.0918809,0.0,0.0,3.2939358e-08,-27.555847,2.28095,0.7603167,0.17600001,0.0,0.17678563,19.22025,19.24025,3084800
hardzero_plus_depr__c0p50__z1p00__lam0p020__nu0p50__psi0p75,hardzero_plus_depr,0.06,31,964,0.0,2,0.13295138,0.13295138,0.9895896,0.102426045,0.102426045,1.0,3.3236172e-09,3.2448945e-08,-26.118294,2.1771405,0.7257135,0.16800001,0.0,0.12081777,19.24025,19.26025,3088000
hardzero_plus_depr__c0p50__z1p00__lam0p020__nu0p50__psi0p75,hardzero_plus_depr,0.06,31,965,0.0,2,0.13295138,0.13295138,1.0017142,0.0,0.099606045,0.0,0.0,3.1965833e-08,-27.402681,2.2038152,0.7346051,0.17600001,0.0,0.1623548,19.26025,19.28025,3091200
hardzero_plus_depr__c0p50__z1p00__lam0p020__nu0p50__psi0p75,hardzero_plus_depr,0.06,31,966,0.0,2,0.13295138,0.13295138,1.0247012,0.0,0.09447106,0.0,0.0,3.148991e-08,-27.177889,2.2543876,0.7514626,0.17600001,0.0,0.16189201,19.28025,19.300251,3094400
hardzero_plus_depr__c0p50__z1p00__lam0p020__nu0p50__psi0p75,hardzero_plus_depr,0.06,31,967,0.0,2,0.13295138,0.13295138,1.0501096,0.0,0.089102596,0.0,0.0,3.1021077e-08,-28.361898,2.3102872,0.77009577,0.136,0.0,0.16095056,19.300251,19.320251,3097600
hardzero_plus_depr__c0p50__z1p00__lam0p020__nu0p50__psi0p75,hardzero_plus_depr,0.06,31,968,0.0,2,0.13295138,0.13295138,1.0775987,0.0,0.08363755,0.0,0.0,3.0559217e-08,-28.76827,2.3707645,0.79025483,0.15200001,0.0,0.16548097,19.320251,19.340252,3100800
hardzero_plus_depr__c0p50__z1p00__lam0p020__nu0p50__psi0p75,hardzero_plus_depr,0.06,31,969,0.0,2,0.13295138,0.13295138,1.0123582,0.0,0.09719454,0.0,0.0,3.0104243e-08,-26.664618,2.2272325,0.74241084,0.17600001,0.0,0.13770102,19.340252,19.360252,3104000
hardzero_plus_depr__c0p50__z1p00__lam0p020__nu0p50__psi0p75,hardzero_plus_depr,0.06,31,970,0.0,2,0.13295138,0.13295138,1.0261809,0.0,0.094149746,0.0,0.0,2.965604e-08,-26.946669,2.257643,0.7525477,0.14400001,0.0,0.1289576,19.360252,19.380253,3107200
hardzero_plus_depr__c0p50__z1p00__lam0p020__nu0p50__psi0p75,hardzero_plus_depr,0.06,31,971,0.0,2,0.13295138,0.13295138,1.0123506,0.0,0.09719622,0.0,0.0,2.921451e-08,-27.306105,2.2272158,0.7424053,0.2,0.0,0.159682,19.380253,19.400253,3110400
hardzero_plus_depr__c0p50__z1p00__lam0p020__nu0p50__psi0p75,hardzero_plus_depr,0.06,31,972,0.0,2,0.13295138,0.13295138,1.0579056,0.0,0.0875174,0.0,0.0,2.8779551e-08,-28.04956,2.3274386,0.77581286,0.120000005,0.0,0.15785277,19.400253,19.420254,3113600
hardzero_plus_depr__c0p50__z1p00__lam0p020__nu0p50__psi0p75,hardzero_plus_depr,0.06,31,973,0.0,2,0.13295138,0.13295138,1.0333455,0.0,0.09260928,0.0,0.0,2.8351069e-08,-26.733568,2.2734053,0.7578018,0.14400001,0.0,0.19529262,19.420254,19.440254,3116800
hardzero_plus_depr__c0p50__z1p00__lam0p020__nu0p50__psi0p75,hardzero_plus_depr,0.06,31,974,0.0,2,0.13295138,0.13295138,1.0465741,0.0,0.08983092,0.0,0.0,2.7928968e-08,-28.149178,2.302509,0.767503,0.208,0.0,0.16498342,19.440254,19.460255,3120000
hardzero_plus_depr__c0p50__z1p00__lam0p020__nu0p50__psi0p75,hardzero_plus_depr,0.06,31,975,0.0,2,0.13295138,0.13295138,1.0547626,0.0,0.088153064,0.0,0.0,2.751315e-08,-27.371504,2.320524,0.773508,0.22,0.0,0.13534674,19.460255,19.480255,3123200
hardzero_plus_depr__c0p50__z1p00__lam0p020__nu0p50__psi0p75,hardzero_plus_depr,0.06,31,976,0.0,2,0.13295138,0.13295138,0.9957845,0.10097537,0.10097537,1.0,2.7367886e-09,2.7103525e-08,-25.867348,2.1907697,0.73025656,0.16000001,0.0,0.13993177,19.480255,19.500256,3126400
hardzero_plus_depr__c0p50__z1p00__lam0p020__nu0p50__psi0p75,hardzero_plus_depr,0.06,31,977,0.0,2,0.13295138,0.13295138,0.979902,0.10473648,0.10473648,1.0,2.7964635e-09,2.6699997e-08,-25.676167,2.1558275,0.7186092,0.16800001,0.0,0.123652145,19.500256,19.520256,3129600
hardzero_plus_depr__c0p50__z1p00__lam0p020__nu0p50__psi0p75,hardzero_plus_depr,0.06,31,978,0.0,2,0.13295138,0.13295138,0.9949805,0.101162486,0.101162486,1.0,2.6608236e-09,2.6302473e-08,-26.403728,2.1890008,0.72966695,0.17600001,0.0,0.13803203,19.520256,19.540257,3132800
hardzero_plus_depr__c0p50__z1p00__lam0p020__nu0p50__psi0p75,hardzero_plus_depr,0.06,31,979,0.0,2,0.13295138,0.13295138,1.0305773,0.0,0.09320144,0.0,0.0,2.5910873e-08,-27.894943,2.2673154,0.7557718,0.15200001,0.0,0.14671864,19.540257,19.560257,3136000
hardzero_plus_depr__c0p50__z1p00__lam0p020__nu0p50__psi0p75,hardzero_plus_depr,0.06,31,980,0.0,2,0.13295138,0.13295138,1.0287209,0.0,0.0936007,0.0,0.0,2.5525104e-08,-27.19285,2.263231,0.7544104,0.18400002,0.0,0.14431445,19.560257,19.580257,3139200
hardzero_plus_depr__c0p50__z1p00__lam0p020__nu0p50__psi0p75,hardzero_plus_depr,0.06,31,981,0.0,2,0.13295138,0.13295138,0.9488303,0.11250445,0.11250445,1.0,2.8289329e-09,2.5145075e-08,-25.533321,2.0874684,0.69582283,0.104,0.0,0.14219195,19.580257,19.600258,3142400
hardzero_plus_depr__c0p50__z1p00__lam0p020__nu0p50__psi0p75,hardzero_plus_depr,0.06,31,982,0.0,2,0.13295138,0.13295138,1.0148336,0.0,0.09664211,0.0,0.0,2.4770706e-08,-27.609196,2.2326784,0.74422616,0.16000001,0.0,0.17103119,19.600258,19.620258,3145600
hardzero_plus_depr__c0p50__z1p00__lam0p020__nu0p50__psi0p75,hardzero_plus_depr,0.06,31,983,0.0,2,0.13295138,0.13295138,0.96390057,0.10866743,0.10866743,1.0,2.6516924e-09,2.4401906e-08,-26.199615,2.1206236,0.70687455,0.096,0.0,0.13332507,19.620258,19.640259,3148800
hardzero_plus_depr__c0p50__z1p00__lam0p020__nu0p50__psi0p75,hardzero_plus_depr,0.06,31,984,0.0,2,0.13295138,0.13295138,1.0288931,0.0,0.093563594,0.0,0.0,2.4038602e-08,-27.144115,2.2636101,0.75453675,0.104,0.0,0.13413201,19.640259,19.66026,3152000
hardzero_plus_depr__c0p50__z1p00__lam0p020__nu0p50__psi0p75,hardzero_plus_depr,0.06,31,985,0.0,2,0.13295138,0.13295138,1.0086621,0.0,0.09802523,0.0,0.0,2.3680707e-08,-26.413868,2.219101,0.7397003,0.08800001,0.0,0.13391401,19.66026,19.68026,3155200
hardzero_plus_depr__c0p50__z1p00__lam0p020__nu0p50__psi0p75,hardzero_plus_depr,0.06,31,986,0.0,2,0.13295138,0.13295138,0.9571104,0.1103798,0.1103798,1.0,2.5749554e-09,2.332814e-08,-25.86837,2.105685,0.701895,0.17600001,0.0,0.15117623,19.68026,19.70026,3158400
hardzero_plus_depr__c0p50__z1p00__lam0p020__nu0p50__psi0p75,hardzero_plus_depr,0.06,31,987,0.0,2,0.13295138,0.13295138,0.9663799,0.10804883,0.10804883,1.0,2.4830509e-09,2.2980823e-08,-26.772179,2.1260781,0.7086927,0.18400002,0.0,0.12838292,19.70026,19.72026,3161600
hardzero_plus_depr__c0p50__z1p00__lam0p020__nu0p50__psi0p75,hardzero_plus_depr,0.06,31,988,0.0,2,0.13295138,0.13295138,0.9996311,0.10008498,0.10008498,1.0,2.265791e-09,2.2638671e-08,-26.700144,2.1992323,0.73307747,0.11,0.0,0.112727,19.72026,19.740261,3164800
hardzero_plus_depr__c0p50__z1p00__lam0p020__nu0p50__psi0p75,hardzero_plus_depr,0.06,31,989,0.0,2,0.13295138,0.13295138,0.9785806,0.10505564,0.10505564,1.0,2.3429108e-09,2.2301618e-08,-26.155165,2.1529202,0.7176401,0.256,0.0,0.12918383,19.740261,19.760262,3168000
hardzero_plus_depr__c0p50__z1p00__lam0p020__nu0p50__psi0p75,hardzero_plus_depr,0.06,31,990,0.0,2,0.13295138,0.13295138,1.0711011,0.0,0.08489828,0.0,0.0,2.1969585e-08,-27.846443,2.3564694,0.7854898,0.16800001,0.0,0.15651846,19.760262,19.780262,3171200
hardzero_plus_depr__c0p50__z1p00__lam0p020__nu0p50__psi0p75,hardzero_plus_depr,0.06,31,991,0.0,2,0.13295138,0.13295138,0.9870471,0.10302743,0.10302743,1.0,2.2297704e-09,2.1642492e-08,-26.611454,2.171547,0.723849,0.18400002,0.0,0.14610966,19.780262,19.800262,3174400
hardzero_plus_depr__c0p50__z1p00__lam0p020__nu0p50__psi0p75,hardzero_plus_depr,0.06,31,992,0.0,2,0.13295138,0.13295138,1.0286132,0.0,0.093623914,0.0,0.0,2.132027e-08,-27.614712,2.2629943,0.75433147,0.16000001,0.008,0.13903174,19.800262,19.820263,3177600
hardzero_plus_depr__c0p50__z1p00__lam0p020__nu0p50__psi0p75,hardzero_plus_depr,0.06,31,993,0.0,2,0.13295138,0.13295138,1.0147353,0.0,0.096663974,0.0,0.0,2.1002846e-08,-27.201881,2.2324624,0.74415416,0.224,0.0,0.14553732,19.820263,19.840263,3180800
hardzero_plus_depr__c0p50__z1p00__lam0p020__nu0p50__psi0p75,hardzero_plus_depr,0.06,31,994,0.0,2,0.13295138,0.13295138,1.0019904,0.0,0.09954274,0.0,0.0,2.0690146e-08,-26.475613,2.204423,0.73480767,0.2,0.0,0.13294563,19.840263,19.860264,3184000
hardzero_plus_depr__c0p50__z1p00__lam0p020__nu0p50__psi0p75,hardzero_plus_depr,0.06,31,995,0.0,2,0.13295138,0.13295138,1.0228479,0.0,0.09487506,0.0,0.0,2.0382103e-08,-26.91818,2.2503102,0.7501034,0.16000001,0.0,0.15553932,19.860264,19.880264,3187200
hardzero_plus_depr__c0p50__z1p00__lam0p020__nu0p50__psi0p75,hardzero_plus_depr,0.06,31,996,0.0,2,0.13295138,0.13295138,1.0234486,0.0,0.09474394,0.0,0.0,2.0078646e-08,-27.891623,2.251632,0.750544,0.192,0.0,0.16019152,19.880264,19.900265,3190400
hardzero_plus_depr__c0p50__z1p00__lam0p020__nu0p50__psi0p75,hardzero_plus_depr,0.06,31,997,0.0,2,0.13295138,0.13295138,0.9638972,0.10866826,0.10866826,1.0,2.1494264e-09,1.9779707e-08,-26.257404,2.1206162,0.7068721,0.208,0.0,0.13791236,19.900265,19.920265,3193600
hardzero_plus_depr__c0p50__z1p00__lam0p020__nu0p50__psi0p75,hardzero_plus_depr,0.06,31,998,0.0,2,0.13295138,0.13295138,0.9981048,0.10043733,0.10043733,1.0,1.9570434e-09,1.948522e-08,-27.104532,2.1958745,0.73195815,0.17600001,0.0,0.14180988,19.920265,19.940266,3196800
hardzero_plus_depr__c0p50__z1p00__lam0p020__nu0p50__psi0p75,hardzero_plus_depr,0.06,31,999,0.0,2,0.13295138,0.13295138,1.0677598,0.0,0.08555399,0.0,0.0,1.9195115e-08,-26.984314,2.3491182,0.78303945,0.23200001,0.0,0.1355375,19.940266,19.960266,3200000
hardzero_plus_depr__c0p50__z1p00__lam0p020__nu0p50__psi0p75,hardzero_plus_depr,0.06,31,1000,0.0,2,0.13295138,0.13295138,1.053273,0.0,0.08845593,0.0,0.0,1.8909333e-08,-28.355724,2.3172467,0.7724156,0.16800001,0.0,0.1418932,19.960266,19.980267,3203200
hardzero_plus_depr__c0p50__z1p00__lam0p020__nu0p50__psi0p75,hardzero_plus_depr,0.06,31,1001,0.0,2,0.13295138,0.13295138,1.0177922,0.0,0.095985964,0.0,0.0,1.8627802e-08,-27.454342,2.2391875,0.7463958,0.19,0.0,0.16556957,19.980267,20.000267,3206400
hardzero_plus_depr__c0p50__z1p00__lam0p020__nu0p50__psi0p75,hardzero_plus_depr,0.06,31,1002,0.0,2,0.13295138,0.13295138,1.0272026,0.0,0.09392849,0.0,0.0,1.8350464e-08,-27.341476,2.2598908,0.753297,0.16800001,0.0,0.15876845,20.000267,20.020267,3209600
hardzero_plus_depr__c0p50__z1p00__lam0p020__nu0p50__psi0p75,hardzero_plus_depr,0.06,31,1003,0.0,2,0.13295138,0.13295138,0.9906049,0.10218687,0.10218687,1.0,1.847258e-09,1.8077253e-08,-26.731312,2.1793742,0.7264581,0.192,0.0,0.13050115,20.020267,20.040268,3212800
hardzero_plus_depr__c0p50__z1p00__lam0p020__nu0p50__psi0p75,hardzero_plus_depr,0.06,31,1004,0.0,2,0.13295138,0.13295138,0.9889195,0.10258421,0.10258421,1.0,1.8268312e-09,1.7808112e-08,-27.292807,2.1756663,0.7252221,0.128,0.0,0.13288772,20.040268,20.060268,3216000
hardzero_plus_depr__c0p50__z1p00__lam0p020__nu0p50__psi0p75,hardzero_plus_depr,0.06,31,1005,0.0,2,0.13295138,0.13295138,1.0217227,0.0,0.0951212,0.0,0.0,1.7542979e-08,-26.83575,2.2478347,0.74927825,0.208,0.0,0.12904656,20.060268,20.080269,3219200
hardzero_plus_depr__c0p50__z1p00__lam0p020__nu0p50__psi0p75,hardzero_plus_depr,0.06,31,1006,0.0,2,0.13295138,0.13295138,1.001393,0.0,0.09967976,0.0,0.0,1.7281792e-08,-26.932405,2.2031085,0.7343695,0.216,0.008,0.14680812,20.080269,20.10027,3222400
hardzero_plus_depr__c0p50__z1p00__lam0p020__nu0p50__psi0p75,hardzero_plus_depr,0.06,31,1007,0.0,2,0.13295138,0.13295138,1.0076815,0.0,0.09824681,0.0,0.0,1.7024494e-08,-27.040913,2.2169435,0.7389812,0.2,0.0,0.1462854,20.10027,20.12027,3225600
hardzero_plus_depr__c0p50__z1p00__lam0p020__nu0p50__psi0p75,hardzero_plus_depr,0.06,31,1008,0.0,2,0.13295138,0.13295138,1.0438222,0.0,0.090401955,0.0,0.0,1.6771025e-08,-27.448736,2.2964547,0.7654849,0.112,0.0,0.123933084,20.12027,20.14027,3228800
hardzero_plus_depr__c0p50__z1p00__lam0p020__nu0p50__psi0p75,hardzero_plus_depr,0.06,31,1009,0.0,2,0.13295138,0.13295138,1.0770988,0.0,0.08373386,0.0,0.0,1.6521332e-08,-27.810474,2.3696647,0.78988826,0.2,0.0,0.16138019,20.14027,20.16027,3232000
hardzero_plus_depr__c0p50__z1p00__lam0p020__nu0p50__psi0p75,hardzero_plus_depr,0.06,31,1010,0.0,2,0.13295138,0.13295138,0.9931701,0.10158509,0.10158509,1.0,1.6533335e-09,1.6275356e-08,-27.93213,2.1850178,0.7283393,0.136,0.0,0.14993162,20.16027,20.180271,3235200
hardzero_plus_depr__c0p50__z1p00__lam0p020__nu0p50__psi0p75,hardzero_plus_depr,0.06,31,1011,0.0,2,0.13295138,0.13295138,0.9535069,0.11129946,0.11129946,1.0,1.7844691e-09,1.6033043e-08,-25.428915,2.097757,0.69925237,0.192,0.0,0.13269067,20.180271,20.200272,3238400
hardzero_plus_depr__c0p50__z1p00__lam0p020__nu0p50__psi0p75,hardzero_plus_depr,0.06,31,1012,0.0,2,0.13295138,0.13295138,1.0153037,0.0,0.09653756,0.0,0.0,1.5794335e-08,-27.548134,2.233713,0.744571,0.24000001,0.0,0.15632391,20.200272,20.220272,3241600
hardzero_plus_depr__c0p50__z1p00__lam0p020__nu0p50__psi0p75,hardzero_plus_depr,0.06,31,1013,0.0,2,0.13295138,0.13295138,1.022182,0.0,0.095020644,0.0,0.0,1.5559184e-08,-27.100273,2.2488453,0.74961513,0.14400001,0.0,0.17062154,20.220272,20.240273,3244800
hardzero_plus_depr__c0p50__z1p00__lam0p020__nu0p50__psi0p75,hardzero_plus_depr,0.06,31,1014,0.0,2,0.13295138,0.13295138,1.0177326,0.0,0.095999144,0.0,0.0,1.5327531e-08,-26.1398,2.2390566,0.7463522,0.22999999,0.0,0.13337311,20.240273,20.260273,3248000
hardzero_plus_depr__c0p50__z1p00__lam0p020__nu0p50__psi0p75,hardzero_plus_depr,0.06,31,1015,0.0,2,0.13295138,0.13295138,1.048727,0.0,0.08938671,0.0,0.0,1.509933e-08,-27.378622,2.3072455,0.76908183,0.14400001,0.0,0.1449153,20.260273,20.280273,3251200
hardzero_plus_depr__c0p50__z1p00__lam0p020__nu0p50__psi0p75,hardzero_plus_depr,0.06,31,1016,0.0,2,0.13295138,0.13295138,1.0236703,0.0,0.09469557,0.0,0.0,1.4874526e-08,-27.637556,2.2521198,0.7507066,0.192,0.0,0.16531144,20.280273,20.300274,3254400
hardzero_plus_depr__c0p50__z1p00__lam0p020__nu0p50__psi0p75,hardzero_plus_depr,0.06,31,1017,0.0,2,0.13295138,0.13295138,1.0080559,0.0,0.09816215,0.0,0.0,1.4653066e-08,-26.671385,2.2177672,0.7392558,0.2,0.0,0.12874973,20.300274,20.320274,3257600
hardzero_plus_depr__c0p50__z1p00__lam0p020__nu0p50__psi0p75,hardzero_plus_depr,0.06,31,1018,0.0,2,0.13295138,0.13295138,0.97517496,0.105882704,0.105882704,1.0,1.528407e-09,1.4434907e-08,-26.782394,2.1454277,0.7151426,0.120000005,0.0,0.12453428,20.320274,20.340275,3260800
hardzero_plus_depr__c0p50__z1p00__lam0p020__nu0p50__psi0p75,hardzero_plus_depr,0.06,31,1019,0.0,2,0.13295138,0.13295138,1.0175071,0.0,0.09604901,0.0,0.0,1.4219993e-08,-26.29633,2.2385602,0.74618673,0.16000001,0.0,0.12509274,20.340275,20.360275,3264000
hardzero_plus_depr__c0p50__z1p00__lam0p020__nu0p50__psi0p75,hardzero_plus_depr,0.06,31,1020,0.0,2,0.13295138,0.13295138,0.96690416,0.107918486,0.107918486,1.0,1.5117525e-09,1.4008281e-08,-26.352186,2.1272316,0.70907724,0.16000001,0.0,0.122114666,20.360275,20.380276,3267200
hardzero_plus_depr__c0p50__z1p00__lam0p020__nu0p50__psi0p75,hardzero_plus_depr,0.06,31,1021,0.0,2,0.13295138,0.13295138,1.0440578,0.0,0.090352915,0.0,0.0,1.37997205e-08,-28.859747,2.2969732,0.7656578,0.16000001,0.0,0.17590535,20.380276,20.400276,3270400
hardzero_plus_depr__c0p50__z1p00__lam0p020__nu0p50__psi0p75,hardzero_plus_depr,0.06,31,1022,0.0,2,0.13295138,0.13295138,1.041342,0.0,0.09091968,0.0,0.0,1.3594264e-08,-28.030743,2.2909982,0.7636661,0.112,0.0,0.13699217,20.400276,20.420277,3273600
hardzero_plus_depr__c0p50__z1p00__lam0p020__nu0p50__psi0p75,hardzero_plus_depr,0.06,31,1023,0.0,2,0.13295138,0.13295138,1.048508,0.0,0.0894318,0.0,0.0,1.3391867e-08,-28.314274,2.3067636,0.76892126,0.136,0.0,0.14641294,20.420277,20.440277,3276800
hardzero_plus_depr__c0p50__z1p00__lam0p020__nu0p50__psi0p75,hardzero_plus_depr,0.06,31,1024,0.0,2,0.13295138,0.13295138,1.0358304,0.0,0.0920809,0.0,0.0,1.31924836e-08,-27.165728,2.2788723,0.7596241,0.16800001,0.0,0.13355106,20.440277,20.460278,3280000
hardzero_plus_depr__c0p50__z1p00__lam0p020__nu0p50__psi0p75,hardzero_plus_depr,0.06,31,1025,0.0,2,0.13295138,0.13295138,1.039057,0.0,0.09139931,0.0,0.0,1.299607e-08,-27.621428,2.2859712,0.7619904,0.16800001,0.0,0.16851208,20.460278,20.480278,3283200
hardzero_plus_depr__c0p50__z1p00__lam0p020__nu0p50__psi0p75,hardzero_plus_depr,0.06,31,1026,0.0,2,0.13295138,0.13295138,0.99019086,0.10228433,0.10228433,1.0,1.3095032e-09,1.2802579e-08,-27.502676,2.1784635,0.7261545,0.18400002,0.0,0.14893495,20.480278,20.500278,3286400
hardzero_plus_depr__c0p50__z1p00__lam0p020__nu0p50__psi0p75,hardzero_plus_depr,0.06,31,1027,0.0,2,0.13295138,0.13295138,0.9578506,0.11019183,0.11019183,1.0,1.389736e-09,1.2611969e-08,-26.000238,2.1073134,0.7024378,0.19,0.0,0.11276478,20.500278,20.520279,3289600
hardzero_plus_depr__c0p50__z1p00__lam0p020__nu0p50__psi0p75,hardzero_plus_depr,0.06,31,1028,0.0,2,0.13295138,0.13295138,1.0424821,0.0,0.090681314,0.0,0.0,1.2424197e-08,-27.124733,2.2935066,0.7645022,0.112,0.0,0.12942259,20.520279,20.54028,3292800
hardzero_plus_depr__c0p50__z1p00__lam0p020__nu0p50__psi0p75,hardzero_plus_depr,0.06,31,1029,0.0,2,0.13295138,0.13295138,1.0009286,0.0,0.09978639,0.0,0.0,1.2239219e-08,-26.939705,2.202087,0.734029,0.128,0.0,0.14937717,20.54028,20.56028,3296000
hardzero_plus_depr__c0p50__z1p00__lam0p020__nu0p50__psi0p75,hardzero_plus_depr,0.06,31,1030,0.0,2,0.13295138,0.13295138,1.0384318,0.0,0.09153101,0.0,0.0,1.2056998e-08,-27.654028,2.2845955,0.76153183,0.120000005,0.0,0.16011073,20.56028,20.58028,3299200
hardzero_plus_depr__c0p50__z1p00__lam0p020__nu0p50__psi0p75,hardzero_plus_depr,0.06,31,1031,0.0,2,0.13295138,0.13295138,1.0215605,0.0,0.095156714,0.0,0.0,1.1877488e-08,-26.894192,2.247478,0.74915934,0.14400001,0.0,0.15777285,20.58028,20.60028,3302400
hardzero_plus_depr__c0p50__z1p00__lam0p020__nu0p50__psi0p75,hardzero_plus_depr,0.06,31,1032,0.0,2,0.13295138,0.13295138,0.98894876,0.10257729,0.10257729,1.0,1.2002211e-09,1.1700652e-08,-26.86254,2.1757307,0.72524357,0.18400002,0.0,0.16203147,20.60028,20.620281,3305600
hardzero_plus_depr__c0p50__z1p00__lam0p020__nu0p50__psi0p75,hardzero_plus_depr,0.06,31,1033,0.0,2,0.13295138,0.13295138,1.0189173,0.0,0.09573762,0.0,0.0,1.1526447e-08,-27.342667,2.241663,0.747221,0.192,0.0,0.13263744,20.620281,20.640282,3308800
hardzero_plus_depr__c0p50__z1p00__lam0p020__nu0p50__psi0p75,hardzero_plus_depr,0.06,31,1034,0.0,2,0.13295138,0.13295138,0.99270594,0.1016937,0.1016937,1.0,1.1547153e-09,1.1354837e-08,-26.554691,2.1839967,0.7279989,0.216,0.0,0.14842685,20.640282,20.660282,3312000
hardzero_plus_depr__c0p50__z1p00__lam0p020__nu0p50__psi0p75,hardzero_plus_depr,0.06,31,1035,0.0,2,0.13295138,0.13295138,0.99370706,0.10145956,0.10145956,1.0,1.1349045e-09,1.1185782e-08,-26.30805,2.1861992,0.72873306,0.18400002,0.0,0.13854022,20.660282,20.680283,3315200
hardzero_plus_depr__c0p50__z1p00__lam0p020__nu0p50__psi0p75,hardzero_plus_depr,0.06,31,1036,0.0,2,0.13295138,0.13295138,1.0018651,0.0,0.09957145,0.0,0.0,1.1019243e-08,-27.48391,2.2041473,0.7347158,0.15200001,0.0,0.13821988,20.680283,20.700283,3318400
hardzero_plus_depr__c0p50__z1p00__lam0p020__nu0p50__psi0p75,hardzero_plus_depr,0.06,31,1037,0.0,2,0.13295138,0.13295138,1.0285941,0.0,0.09362802,0.0,0.0,1.0855185e-08,-27.138302,2.2629523,0.75431746,0.15200001,0.0,0.12982468,20.700283,20.720284,3321600
hardzero_plus_depr__c0p50__z1p00__lam0p020__nu0p50__psi0p75,hardzero_plus_depr,0.06,31,1038,0.0,2,0.13295138,0.13295138,1.0136116,0.0,0.096914425,0.0,0.0,1.0693568e-08,-27.158215,2.22999,0.74333,0.16800001,0.0,0.13460512,20.720284,20.740284,3324800
hardzero_plus_depr__c0p50__z1p00__lam0p020__nu0p50__psi0p75,hardzero_plus_depr,0.06,31,1039,0.0,2,0.13295138,0.13295138,0.9462296,0.1131802,0.1131802,1.0,1.1922808e-09,1.0534359e-08,-26.072168,2.0817466,0.69391555,0.216,0.0,0.13074636,20.740284,20.760284,3328000
hardzero_plus_depr__c0p50__z1p00__lam0p020__nu0p50__psi0p75,hardzero_plus_depr,0.06,31,1040,0.0,2,0.13295138,0.13295138,0.99156255,0.101961784,0.101961784,1.0,1.0581103e-09,1.0377518e-08,-26.903852,2.1814811,0.7271604,0.17,0.0,0.12928285,20.760284,20.780285,3331200
hardzero_plus_depr__c0p50__z1p00__lam0p020__nu0p50__psi0p75,hardzero_plus_depr,0.06,31,1041,0.0,2,0.13295138,0.13295138,0.93651766,0.115739696,0.115739696,1.0,1.1832085e-09,1.0223014e-08,-25.064152,2.06038,0.6867933,0.192,0.0,0.1257714,20.780285,20.800285,3334400
hardzero_plus_depr__c0p50__z1p00__lam0p020__nu0p50__psi0p75,hardzero_plus_depr,0.06,31,1042,0.0,2,0.13295138,0.13295138,1.0056632,0.0,0.09870448,0.0,0.0,1.0070809e-08,-27.096487,2.2125032,0.7375011,0.17600001,0.0,0.13267988,20.800285,20.820286,3337600
hardzero_plus_depr__c0p50__z1p00__lam0p020__nu0p50__psi0p75,hardzero_plus_depr,0.06,31,1043,0.0,2,0.13295138,0.13295138,1.0140582,0.0,0.09681479,0.0,0.0,9.920871e-09,-27.892733,2.2309725,0.7436575,0.224,0.0,0.15198995,20.820286,20.840286,3340800
hardzero_plus_depr__c0p50__z1p00__lam0p020__nu0p50__psi0p75,hardzero_plus_depr,0.06,31,1044,0.0,2,0.13295138,0.13295138,1.0468161,0.0,0.08978088,0.0,0.0,9.773165e-09,-28.38563,2.3030415,0.7676805,0.15200001,0.0,0.1739514,20.840286,20.860287,3344000
hardzero_plus_depr__c0p50__z1p00__lam0p020__nu0p50__psi0p75,hardzero_plus_depr,0.06,31,1045,0.0,2,0.13295138,0.13295138,1.0277454,0.0,0.09381117,0.0,0.0,9.627659e-09,-27.569786,2.261085,0.753695,0.192,0.0,0.16180262,20.860287,20.880287,3347200
hardzero_plus_depr__c0p50__z1p00__lam0p020__nu0p50__psi0p75,hardzero_plus_depr,0.06,31,1046,0.0,2,0.13295138,0.13295138,1.0548595,0.0,0.08813339,0.0,0.0,9.484318e-09,-27.736998,2.3207374,0.7735791,0.16800001,0.0,0.1642528,20.880287,20.900288,3350400
hardzero_plus_depr__c0p50__z1p00__lam0p020__nu0p50__psi0p75,hardzero_plus_depr,0.06,31,1047,0.0,2,0.13295138,0.13295138,1.0928882,0.0,0.080744274,0.0,0.0,9.343111e-09,-28.967604,2.4044023,0.8014674,0.128,0.0,0.16878265,20.900288,20.920288,3353600
hardzero_plus_depr__c0p50__z1p00__lam0p020__nu0p50__psi0p75,hardzero_plus_depr,0.06,31,1048,0.0,2,0.13295138,0.13295138,0.99730355,0.10062282,0.10062282,1.0,9.261332e-10,9.204008e-09,-26.575945,2.1941116,0.73137057,0.18400002,0.0,0.13141836,20.920288,20.940289,3356800
hardzero_plus_depr__c0p50__z1p00__lam0p020__nu0p50__psi0p75,hardzero_plus_depr,0.06,31,1049,0.0,2,0.13295138,0.13295138,1.0403003,0.0,0.09113806,0.0,0.0,9.066975e-09,-27.611618,2.2887063,0.76290214,0.136,0.0,0.1404558,20.940289,20.960289,3360000
hardzero_plus_depr__c0p50__z1p00__lam0p020__nu0p50__psi0p75,hardzero_plus_depr,0.06,31,1050,0.0,2,0.13295138,0.13295138,1.0225005,0.0,0.09495099,0.0,0.0,8.931982e-09,-27.33179,2.249546,0.7498487,0.192,0.0,0.14449684,20.960289,20.98029,3363200
hardzero_plus_depr__c0p50__z1p00__lam0p020__nu0p50__psi0p75,hardzero_plus_depr,0.06,31,1051,0.0,2,0.13295138,0.13295138,1.0596532,0.0,0.08716594,0.0,0.0,8.799e-09,-28.145157,2.3312836,0.77709454,0.2,0.0,0.15684962,20.98029,21.00029,3366400
hardzero_plus_depr__c0p50__z1p00__lam0p020__nu0p50__psi0p75,hardzero_plus_depr,0.06,31,1052,0.0,2,0.13295138,0.13295138,1.0442997,0.0,0.09030261,0.0,0.0,8.667996e-09,-27.295763,2.2975054,0.76583517,0.136,0.0,0.1382479,21.00029,21.02029,3369600
hardzero_plus_depr__c0p50__z1p00__lam0p020__nu0p50__psi0p75,hardzero_plus_depr,0.06,31,1053,0.0,2,0.13295138,0.13295138,1.0218387,0.0,0.0950958,0.0,0.0,8.538944e-09,-27.489584,2.24809,0.74936336,0.21,0.0,0.15528232,21.02029,21.04029,3372800
hardzero_plus_depr__c0p50__z1p00__lam0p020__nu0p50__psi0p75,hardzero_plus_depr,0.06,31,1054,0.0,2,0.13295138,0.13295138,1.0433681,0.0,0.090496525,0.0,0.0,8.411813e-09,-27.405298,2.2954557,0.7651519,0.120000005,0.0,0.15183681,21.04029,21.060291,3376000
hardzero_plus_depr__c0p50__z1p00__lam0p020__nu0p50__psi0p75,hardzero_plus_depr,0.06,31,1055,0.0,2,0.13295138,0.13295138,1.0338773,0.0,0.09249594,0.0,0.0,8.286575e-09,-27.055838,2.2745755,0.7581918,0.128,0.0,0.14970988,21.060291,21.080292,3379200
hardzero_plus_depr__c0p50__z1p00__lam0p020__nu0p50__psi0p75,hardzero_plus_depr,0.06,31,1056,0.0,2,0.13295138,0.13295138,1.0496558,0.0,0.08919575,0.0,0.0,8.163201e-09,-27.057453,2.3092887,0.76976293,0.16000001,0.0,0.14595984,21.080292,21.100292,3382400
hardzero_plus_depr__c0p50__z1p00__lam0p020__nu0p50__psi0p75,hardzero_plus_depr,0.06,31,1057,0.0,2,0.13295138,0.13295138,1.0781776,0.0,0.083526134,0.0,0.0,8.041663e-09,-28.216356,2.3720381,0.7906794,0.16800001,0.0,0.18112315,21.100292,21.120293,3385600
hardzero_plus_depr__c0p50__z1p00__lam0p020__nu0p50__psi0p75,hardzero_plus_depr,0.06,31,1058,0.0,2,0.13295138,0.13295138,1.0212579,0.0,0.095223054,0.0,0.0,7.921936e-09,-27.464148,2.246812,0.74893737,0.16800001,0.0,0.13960741,21.120293,21.140293,3388800
hardzero_plus_depr__c0p50__z1p00__lam0p020__nu0p50__psi0p75,hardzero_plus_depr,0.06,31,1059,0.0,2,0.13295138,0.13295138,1.0869819,0.0,0.08184988,0.0,0.0,7.803991e-09,-28.120045,2.391408,0.797136,0.14400001,0.0,0.14788146,21.140293,21.160294,3392000
hardzero_plus_depr__c0p50__z1p00__lam0p020__nu0p50__psi0p75,hardzero_plus_depr,0.06,31,1060,0.0,2,0.13295138,0.13295138,1.0364552,0.0,0.091948554,0.0,0.0,7.687802e-09,-27.058205,2.280247,0.76008236,0.17600001,0.0,0.12223492,21.160294,21.180294,3395200
hardzero_plus_depr__c0p50__z1p00__lam0p020__nu0p50__psi0p75,hardzero_plus_depr,0.06,31,1061,0.0,2,0.13295138,0.13295138,0.99725693,0.100633614,0.100633614,1.0,7.6213286e-10,7.573343e-09,-26.39889,2.194009,0.73133636,0.15200001,0.0,0.12324014,21.180294,21.200294,3398400
hardzero_plus_depr__c0p50__z1p00__lam0p020__nu0p50__psi0p75,hardzero_plus_depr,0.06,31,1062,0.0,2,0.13295138,0.13295138,0.9787425,0.1050165,0.1050165,1.0,7.8348483e-10,7.460588e-09,-26.163572,2.1532764,0.71775883,0.16000001,0.0,0.14384234,21.200294,21.220295,3401600
hardzero_plus_depr__c0p50__z1p00__lam0p020__nu0p50__psi0p75,hardzero_plus_depr,0.06,31,1063,0.0,2,0.13295138,0.13295138,0.9659803,0.108148314,0.108148314,1.0,7.9483736e-10,7.349512e-09,-26.165527,2.125199,0.7083997,0.24000001,0.0,0.12030414,21.220295,21.240295,3404800
hardzero_plus_depr__c0p50__z1p00__lam0p020__nu0p50__psi0p75,hardzero_plus_depr,0.06,31,1064,0.0,2,0.13295138,0.13295138,1.0727189,0.0,0.08458262,0.0,0.0,7.2400894e-09,-28.125103,2.3600287,0.7866763,0.16800001,0.0,0.24169749,21.240295,21.260296,3408000
hardzero_plus_depr__c0p50__z1p00__lam0p020__nu0p50__psi0p75,hardzero_plus_depr,0.06,31,1065,0.0,2,0.13295138,0.13295138,1.0158622,0.0,0.096413486,0.0,0.0,7.132296e-09,-27.381556,2.2349415,0.7449805,0.18400002,0.0,0.14616694,21.260296,21.280296,3411200
hardzero_plus_depr__c0p50__z1p00__lam0p020__nu0p50__psi0p75,hardzero_plus_depr,0.06,31,1066,0.0,2,0.13295138,0.13295138,1.0450097,0.0,0.0901551,0.0,0.0,7.0261077e-09,-27.07963,2.2990673,0.76635575,0.14,0.0,0.114623465,21.280296,21.300297,3414400
hardzero_plus_depr__c0p50__z1p00__lam0p020__nu0p50__psi0p75,hardzero_plus_depr,0.06,31,1067,0.0,2,0.13295138,0.13295138,1.004551,0.0,0.098957546,0.0,0.0,6.9215003e-09,-27.25398,2.2100565,0.7366855,0.112,0.0,0.13282959,21.300297,21.320297,3417600
hardzero_plus_depr__c0p50__z1p00__lam0p020__nu0p50__psi0p75,hardzero_plus_depr,0.06,31,1068,0.0,2,0.13295138,0.13295138,1.0076226,0.0,0.09826014,0.0,0.0,6.81845e-09,-26.393404,2.216814,0.73893803,0.128,0.0,0.16848929,21.320297,21.340298,3420800
hardzero_plus_depr__c0p50__z1p00__lam0p020__nu0p50__psi0p75,hardzero_plus_depr,0.06,31,1069,0.0,2,0.13295138,0.13295138,1.069855,0.0,0.08514223,0.0,0.0,6.7169412e-09,-27.585138,2.3537278,0.78457594,0.14400001,0.0,0.16928047,21.340298,21.360298,3424000
hardzero_plus_depr__c0p50__z1p00__lam0p020__nu0p50__psi0p75,hardzero_plus_depr,0.06,31,1070,0.0,2,0.13295138,0.13295138,0.99354625,0.101497136,0.101497136,1.0,6.715994e-10,6.6169297e-09,-26.407763,2.1858454,0.72861516,0.24800001,0.0,0.14126404,21.360298,21.380299,3427200
hardzero_plus_depr__c0p50__z1p00__lam0p020__nu0p50__psi0p75,hardzero_plus_depr,0.06,31,1071,0.0,2,0.13295138,0.13295138,1.0262859,0.0,0.094126984,0.0,0.0,6.518408e-09,-26.685806,2.257874,0.7526247,0.15200001,0.0,0.14103559,21.380299,21.4003,3430400
hardzero_plus_depr__c0p50__z1p00__lam0p020__nu0p50__psi0p75,hardzero_plus_depr,0.06,31,1072,0.0,2,0.13295138,0.13295138,0.9911765,0.10205246,0.10205246,1.0,6.5531613e-10,6.4213657e-09,-26.454773,2.1806319,0.72687733,0.16800001,0.0,0.13958545,21.4003,21.4203,3433600
hardzero_plus_depr__c0p50__z1p00__lam0p020__nu0p50__psi0p75,hardzero_plus_depr,0.06,31,1073,0.0,2,0.13295138,0.13295138,1.0021186,0.0,0.09951336,0.0,0.0,6.325768e-09,-26.916052,2.204705,0.73490167,0.192,0.0,0.16086213,21.4203,21.4403,3436800
hardzero_plus_depr__c0p50__z1p00__lam0p020__nu0p50__psi0p75,hardzero_plus_depr,0.06,31,1074,0.0,2,0.13295138,0.13295138,0.96104294,0.10938481,0.10938481,1.0,6.8164036e-10,6.2315815e-09,-25.753359,2.1143367,0.7047789,0.208,0.0,0.1359049,21.4403,21.4603,3440000
hardzero_plus_depr__c0p50__z1p00__lam0p020__nu0p50__psi0p75,hardzero_plus_depr,0.06,31,1075,0.0,2,0.13295138,0.13295138,1.0045553,0.0,0.098956585,0.0,0.0,6.138797e-09,-27.908827,2.2100658,0.7366886,0.14400001,0.0,0.14210737,21.4603,21.4803,3443200
hardzero_plus_depr__c0p50__z1p00__lam0p020__nu0p50__psi0p75,hardzero_plus_depr,0.06,31,1076,0.0,2,0.13295138,0.13295138,0.99658257,0.10079,0.10079,1.0,6.0951805e-10,6.047406e-09,-26.56349,2.1925254,0.7308418,0.136,0.0,0.13916269,21.4803,21.500301,3446400
hardzero_plus_depr__c0p50__z1p00__lam0p020__nu0p50__psi0p75,hardzero_plus_depr,0.06,31,1077,0.0,2,0.13295138,0.13295138,0.9857977,0.10332426,0.10332426,1.0,6.155414e-10,5.9573755e-09,-26.928362,2.1687982,0.72293276,0.15200001,0.0,0.15472695,21.500301,21.520302,3449600
hardzero_plus_depr__c0p50__z1p00__lam0p020__nu0p50__psi0p75,hardzero_plus_depr,0.06,31,1078,0.0,2,0.13295138,0.13295138,1.0228765,0.0,0.094868824,0.0,0.0,5.868674e-09,-27.1902,2.2503734,0.75012445,0.128,0.0,0.13914305,21.520302,21.540302,3452800
hardzero_plus_depr__c0p50__z1p00__lam0p020__nu0p50__psi0p75,hardzero_plus_depr,0.06,31,1079,0.0,2,0.13295138,0.13295138,1.0334342,0.0,0.092590384,0.0,0.0,5.7812937e-09,-28.329874,2.2736006,0.75786686,0.089999996,0.0,0.14493422,21.540302,21.560303,3456000
hardzero_plus_depr__c0p50__z1p00__lam0p020__nu0p50__psi0p75,hardzero_plus_depr,0.06,31,1080,0.0,2,0.13295138,0.13295138,1.0205574,0.0,0.09537677,0.0,0.0,5.6952247e-09,-26.643713,2.2452712,0.74842376,0.120000005,0.0,0.124603756,21.560303,21.580303,3459200
hardzero_plus_depr__c0p50__z1p00__lam0p020__nu0p50__psi0p75,hardzero_plus_depr,0.06,31,1081,0.0,2,0.13295138,0.13295138,1.0209513,0.0,0.0952903,0.0,0.0,5.610437e-09,-26.24837,2.2461376,0.74871254,0.16800001,0.0,0.13760842,21.580303,21.600304,3462400
hardzero_plus_depr__c0p50__z1p00__lam0p020__nu0p50__psi0p75,hardzero_plus_depr,0.06,31,1082,0.0,2,0.13295138,0.13295138,0.97704726,0.10542722,0.10542722,1.0,5.826859e-10,5.5269016e-09,-26.290188,2.1495469,0.71651566,0.15200001,0.0,0.14454283,21.600304,21.620304,3465600
hardzero_plus_depr__c0p50__z1p00__lam0p020__nu0p50__psi0p75,hardzero_plus_depr,0.06,31,1083,0.0,2,0.13295138,0.13295138,1.0033283,0.0,0.099236555,0.0,0.0,5.4446097e-09,-26.634573,2.2073665,0.7357888,0.17600001,0.0,0.13247141,21.620304,21.640305,3468800
hardzero_plus_depr__c0p50__z1p00__lam0p020__nu0p50__psi0p75,hardzero_plus_depr,0.06,31,1084,0.0,2,0.13295138,0.13295138,1.0169954,0.0,0.096162245,0.0,0.0,5.363553e-09,-26.703348,2.2374346,0.7458116,0.16000001,0.0,0.1255103,21.640305,21.660305,3472000
hardzero_plus_depr__c0p50__z1p00__lam0p020__nu0p50__psi0p75,hardzero_plus_depr,0.06,31,1085,0.0,2,0.13295138,0.13295138,1.0730122,0.0,0.08452551,0.0,0.0,5.2837033e-09,-28.380167,2.3606741,0.7868914,0.072000004,0.0,0.1611087,21.660305,21.680305,3475200
hardzero_plus_depr__c0p50__z1p00__lam0p020__nu0p50__psi0p75,hardzero_plus_depr,0.06,31,1086,0.0,2,0.13295138,0.13295138,1.0240706,0.0,0.09460832,0.0,0.0,5.2050333e-09,-27.172949,2.2530003,0.7510001,0.23200001,0.0,0.16919038,21.680305,21.700306,3478400
hardzero_plus_depr__c0p50__z1p00__lam0p020__nu0p50__psi0p75,hardzero_plus_depr,0.06,31,1087,0.0,2,0.13295138,0.13295138,1.066052,0.0,0.08589107,0.0,0.0,5.1275335e-09,-27.840513,2.3453612,0.7817871,0.18400002,0.0,0.17534679,21.700306,21.720306,3481600
hardzero_plus_depr__c0p50__z1p00__lam0p020__nu0p50__psi0p75,hardzero_plus_depr,0.06,31,1088,0.0,2,0.13295138,0.13295138,1.0528108,0.0,0.08855013,0.0,0.0,5.0511972e-09,-28.071484,2.31623,0.7720767,0.104,0.0,0.13938642,21.720306,21.740307,3484800
hardzero_plus_depr__c0p50__z1p00__lam0p020__nu0p50__psi0p75,hardzero_plus_depr,0.06,31,1089,0.0,2,0.13295138,0.13295138,1.0765007,0.0,0.08384927,0.0,0.0,4.9759974e-09,-28.341528,2.3683486,0.7894496,0.16800001,0.008,0.18034562,21.740307,21.760307,3488000
hardzero_plus_depr__c0p50__z1p00__lam0p020__nu0p50__psi0p75,hardzero_plus_depr,0.06,31,1090,0.0,2,0.13295138,0.13295138,0.99242616,0.101759225,0.101759225,1.0,4.9881443e-10,4.9019087e-09,-26.27629,2.183381,0.7277937,0.15200001,0.0,0.14337997,21.760307,21.780308,3491200
hardzero_plus_depr__c0p50__z1p00__lam0p020__nu0p50__psi0p75,hardzero_plus_depr,0.06,31,1091,0.0,2,0.13295138,0.13295138,1.0006199,0.0,0.09985736,0.0,0.0,4.8289226e-09,-27.090189,2.2014077,0.73380256,0.16000001,0.0,0.14103064,21.780308,21.800308,3494400
hardzero_plus_depr__c0p50__z1p00__lam0p020__nu0p50__psi0p75,hardzero_plus_depr,0.06,31,1092,0.0,2,0.13295138,0.13295138,1.0468843,0.0,0.08976681,0.0,0.0,4.7570317e-09,-27.905819,2.3031914,0.7677305,0.099999994,0.0,0.15289071,21.800308,21.820309,3497600
hardzero_plus_depr__c0p50__z1p00__lam0p020__nu0p50__psi0p75,hardzero_plus_depr,0.06,31,1093,0.0,2,0.13295138,0.13295138,1.0283957,0.0,0.093670815,0.0,0.0,4.6862114e-09,-27.235518,2.2625155,0.75417185,0.128,0.0,0.12899418,21.820309,21.84031,3500800
hardzero_plus_depr__c0p50__z1p00__lam0p020__nu0p50__psi0p75,hardzero_plus_depr,0.06,31,1094,0.0,2,0.13295138,0.13295138,1.0139694,0.0,0.0968346,0.0,0.0,4.6164375e-09,-26.782663,2.2307773,0.74359244,0.18400002,0.0,0.13702759,21.84031,21.86031,3504000
hardzero_plus_depr__c0p50__z1p00__lam0p020__nu0p50__psi0p75,hardzero_plus_depr,0.06,31,1095,0.0,2,0.13295138,0.13295138,1.0128119,0.0,0.09709304,0.0,0.0,4.5477013e-09,-27.05547,2.2282307,0.7427436,0.24000001,0.008,0.1660909,21.86031,21.88031,3507200
hardzero_plus_depr__c0p50__z1p00__lam0p020__nu0p50__psi0p75,hardzero_plus_depr,0.06,31,1096,0.0,2,0.13295138,0.13295138,1.0364467,0.0,0.09195033,0.0,0.0,4.4799977e-09,-27.208696,2.2802284,0.76007617,0.16800001,0.0,0.14430079,21.88031,21.90031,3510400
hardzero_plus_depr__c0p50__z1p00__lam0p020__nu0p50__psi0p75,hardzero_plus_depr,0.06,31,1097,0.0,2,0.13295138,0.13295138,1.0217657,0.0,0.095111765,0.0,0.0,4.413302e-09,-27.154255,2.2479293,0.7493098,0.15200001,0.0,0.13285632,21.90031,21.920311,3513600
hardzero_plus_depr__c0p50__z1p00__lam0p020__nu0p50__psi0p75,hardzero_plus_depr,0.06,31,1098,0.0,2,0.13295138,0.13295138,1.0113462,0.0,0.09742126,0.0,0.0,4.3475907e-09,-26.661865,2.225006,0.7416687,0.136,0.0,0.14751689,21.920311,21.940311,3516800
hardzero_plus_depr__c0p50__z1p00__lam0p020__nu0p50__psi0p75,hardzero_plus_depr,0.06,31,1099,0.0,2,0.13295138,0.13295138,1.0284207,0.0,0.09366541,0.0,0.0,4.282858e-09,-26.598192,2.2625706,0.7541902,0.17600001,0.0,0.15794846,21.940311,21.960312,3520000
hardzero_plus_depr__c0p50__z1p00__lam0p020__nu0p50__psi0p75,hardzero_plus_depr,0.06,31,1100,0.0,2,0.13295138,0.13295138,1.003018,0.0,0.099307485,0.0,0.0,4.2190975e-09,-26.408247,2.2066836,0.73556125,0.14400001,0.0,0.1257936,21.960312,21.980312,3523200
hardzero_plus_depr__c0p50__z1p00__lam0p020__nu0p50__psi0p75,hardzero_plus_depr,0.06,31,1101,0.0,2,0.13295138,0.13295138,0.9753317,0.1058445,0.1058445,1.0,4.3991996e-10,4.1562855e-09,-26.814415,2.1457727,0.7152576,0.15200001,0.0,0.13153961,21.980312,22.000313,3526400
hardzero_plus_depr__c0p50__z1p00__lam0p020__nu0p50__psi0p75,hardzero_plus_depr,0.06,31,1102,0.0,2,0.13295138,0.13295138,1.0243711,0.0,0.09454288,0.0,0.0,4.0944013e-09,-26.793882,2.2536614,0.75122046,0.112,0.0,0.14852218,22.000313,22.020313,3529600
hardzero_plus_depr__c0p50__z1p00__lam0p020__nu0p50__psi0p75,hardzero_plus_depr,0.06,31,1103,0.0,2,0.13295138,0.13295138,1.0177481,0.0,0.09599572,0.0,0.0,4.033438e-09,-27.320848,2.2390904,0.7463635,0.18400002,0.0,0.1473038,22.020313,22.040314,3532800
hardzero_plus_depr__c0p50__z1p00__lam0p020__nu0p50__psi0p75,hardzero_plus_depr,0.06,31,1104,0.0,2,0.13295138,0.13295138,0.97874063,0.105016924,0.105016924,1.0,4.1727324e-10,3.9733905e-09,-26.219433,2.1532724,0.71775746,0.2,0.0,0.14375806,22.040314,22.060314,3536000
hardzero_plus_depr__c0p50__z1p00__lam0p020__nu0p50__psi0p75,hardzero_plus_depr,0.06,31,1105,0.0,2,0.13295138,0.13295138,1.014492,0.0,0.09671815,0.0,0.0,3.914237e-09,-26.971445,2.231927,0.74397564,0.14999999,0.0,0.13806567,22.060314,22.080315,3539200
hardzero_plus_depr__c0p50__z1p00__lam0p020__nu0p50__psi0p75,hardzero_plus_depr,0.06,31,1106,0.0,2,0.13295138,0.13295138,1.0379242,0.0,0.09163804,0.0,0.0,3.8559564e-09,-28.045021,2.2834787,0.7611596,0.120000005,0.0,0.14437813,22.080315,22.100315,3542400
hardzero_plus_depr__c0p50__z1p00__lam0p020__nu0p50__psi0p75,hardzero_plus_depr,0.06,31,1107,0.0,2,0.13295138,0.13295138,1.0642086,0.0,0.086256415,0.0,0.0,3.798544e-09,-28.059381,2.3413057,0.78043526,0.104,0.0,0.20278443,22.100315,22.120316,3545600
hardzero_plus_depr__c0p50__z1p00__lam0p020__nu0p50__psi0p75,hardzero_plus_depr,0.06,31,1108,0.0,2,0.13295138,0.13295138,1.0082089,0.0,0.09812759,0.0,0.0,3.7419934e-09,-26.488474,2.218104,0.73936796,0.15200001,0.0,0.1311097,22.120316,22.140316,3548800
hardzero_plus_depr__c0p50__z1p00__lam0p020__nu0p50__psi0p75,hardzero_plus_depr,0.06,31,1109,0.0,2,0.13295138,0.13295138,1.0399415,0.0,0.09121336,0.0,0.0,3.6862842e-09,-26.316877,2.2879171,0.76263905,0.192,0.008,0.15335198,22.140316,22.160316,3552000
hardzero_plus_depr__c0p50__z1p00__lam0p020__nu0p50__psi0p75,hardzero_plus_depr,0.06,31,1110,0.0,2,0.13295138,0.13295138,0.9924083,0.10176343,0.10176343,1.0,3.6954348e-10,3.6313978e-09,-27.094109,2.1833417,0.7277806,0.16800001,0.0,0.12904972,22.160316,22.180317,3555200
hardzero_plus_depr__c0p50__z1p00__lam0p020__nu0p50__psi0p75,hardzero_plus_depr,0.06,31,1111,0.0,2,0.13295138,0.13295138,0.97471374,0.10599521,0.10599521,1.0,3.7917974e-10,3.577329e-09,-26.961119,2.144413,0.71480435,0.14400001,0.0,0.13304076,22.180317,22.200317,3558400
hardzero_plus_depr__c0p50__z1p00__lam0p020__nu0p50__psi0p75,hardzero_plus_depr,0.06,31,1112,0.0,2,0.13295138,0.13295138,1.01103,0.0,0.09749224,0.0,0.0,3.524072e-09,-26.807322,2.2243104,0.74143684,0.192,0.0,0.15198761,22.200317,22.220318,3561600
hardzero_plus_depr__c0p50__z1p00__lam0p020__nu0p50__psi0p75,hardzero_plus_depr,0.06,31,1113,0.0,2,0.13295138,0.13295138,0.9685402,0.10751272,0.10751272,1.0,3.7324197e-10,3.4716074e-09,-25.815546,2.130831,0.710277,0.112,0.0,0.13803436,22.220318,22.240318,3564800
hardzero_plus_depr__c0p50__z1p00__lam0p020__nu0p50__psi0p75,hardzero_plus_depr,0.06,31,1114,0.0,2,0.13295138,0.13295138,1.0557729,0.0,0.08794823,0.0,0.0,3.4199172e-09,-27.663427,2.3227468,0.77424896,0.15200001,0.0,0.1669556,22.240318,22.260319,3568000
hardzero_plus_depr__c0p50__z1p00__lam0p020__nu0p50__psi0p75,hardzero_plus_depr,0.06,31,1115,0.0,2,0.13295138,0.13295138,0.9549786,0.11092294,0.11092294,1.0,3.7369904e-10,3.3689969e-09,-26.084314,2.1009948,0.7003316,0.208,0.0,0.11424584,22.260319,22.28032,3571200
hardzero_plus_depr__c0p50__z1p00__lam0p020__nu0p50__psi0p75,hardzero_plus_depr,0.06,31,1116,0.0,2,0.13295138,0.13295138,1.0067294,0.0,0.098462455,0.0,0.0,3.3188414e-09,-26.345335,2.2148488,0.7382829,0.18400002,0.0,0.15597235,22.28032,22.30032,3574400
hardzero_plus_depr__c0p50__z1p00__lam0p020__nu0p50__psi0p75,hardzero_plus_depr,0.06,31,1117,0.0,2,0.13295138,0.13295138,0.98788434,0.10282901,0.10282901,1.0,3.361925e-10,3.2694323e-09,-26.514017,2.173389,0.724463,0.192,0.0,0.13505197,22.30032,22.32032,3577600
hardzero_plus_depr__c0p50__z1p00__lam0p020__nu0p50__psi0p75,hardzero_plus_depr,0.06,31,1118,0.0,2,0.13295138,0.13295138,0.99581885,0.100967385,0.100967385,1.0,3.2519096e-10,3.2207526e-09,-26.861069,2.1908453,0.7302818,0.19,0.0,0.13632421,22.32032,22.34032,3580800
hardzero_plus_depr__c0p50__z1p00__lam0p020__nu0p50__psi0p75,hardzero_plus_depr,0.06,31,1119,0.0,2,0.13295138,0.13295138,1.0193805,0.0,0.09563559,0.0,0.0,3.1727976e-09,-27.653282,2.2426817,0.7475606,0.16800001,0.0,0.13569756,22.34032,22.360321,3584000
hardzero_plus_depr__c0p50__z1p00__lam0p020__nu0p50__psi0p75,hardzero_plus_depr,0.06,31,1120,0.0,2,0.13295138,0.13295138,1.0094196,0.0,0.097854406,0.0,0.0,3.125563e-09,-26.96359,2.2207675,0.74025583,0.104,0.0,0.14569855,22.360321,22.380322,3587200
hardzero_plus_depr__c0p50__z1p00__lam0p020__nu0p50__psi0p75,hardzero_plus_depr,0.06,31,1121,0.0,2,0.13295138,0.13295138,1.0066688,0.0,0.098476164,0.0,0.0,3.079031e-09,-27.363688,2.2147157,0.7382386,0.18400002,0.0,0.14380996,22.380322,22.400322,3590400
hardzero_plus_depr__c0p50__z1p00__lam0p020__nu0p50__psi0p75,hardzero_plus_depr,0.06,31,1122,0.0,2,0.13295138,0.13295138,1.0878072,0.0,0.0816945,0.0,0.0,3.0331864e-09,-27.860899,2.3932235,0.7977412,0.064,0.0,0.14637682,22.400322,22.420322,3593600
hardzero_plus_depr__c0p50__z1p00__lam0p020__nu0p50__psi0p75,hardzero_plus_depr,0.06,31,1123,0.0,2,0.13295138,0.13295138,0.9643621,0.108552024,0.108552024,1.0,3.2435607e-10,2.9880243e-09,-26.254784,2.121639,0.70721304,0.16800001,0.0,0.14710589,22.420322,22.440323,3596800
hardzero_plus_depr__c0p50__z1p00__lam0p020__nu0p50__psi0p75,hardzero_plus_depr,0.06,31,1124,0.0,2,0.13295138,0.13295138,1.0158186,0.0,0.096423164,0.0,0.0,2.9435399e-09,-26.857727,2.2348456,0.74494857,0.14400001,0.0,0.14463791,22.440323,22.460323,3600000
hardzero_plus_depr__c0p50__z1p00__lam0p020__nu0p50__psi0p75,hardzero_plus_depr,0.06,31,1125,0.0,2,0.13295138,0.13295138,1.0717272,0.0,0.084775984,0.0,0.0,2.8997182e-09,-27.49627,2.3578467,0.78594893,0.15200001,0.0,0.16583227,22.460323,22.480324,3603200
hardzero_plus_depr__c0p50__z1p00__lam0p020__nu0p50__psi0p75,hardzero_plus_depr,0.06,31,1126,0.0,2,0.13295138,0.13295138,1.018141,0.0,0.09590892,0.0,0.0,2.8565434e-09,-26.159212,2.239955,0.74665165,0.128,0.0,0.1349194,22.480324,22.500324,3606400
hardzero_plus_depr__c0p50__z1p00__lam0p020__nu0p50__psi0p75,hardzero_plus_depr,0.06,31,1127,0.0,2,0.13295138,0.13295138,1.0180954,0.0,0.095919006,0.0,0.0,2.8140115e-09,-27.515388,2.2398546,0.7466182,0.18400002,0.008,0.15619652,22.500324,22.520325,3609600
hardzero_plus_depr__c0p50__z1p00__lam0p020__nu0p50__psi0p75,hardzero_plus_depr,0.06,31,1128,0.0,2,0.13295138,0.13295138,1.0078468,0.0,0.09820941,0.0,0.0,2.7721179e-09,-27.24143,2.2173073,0.7391025,0.208,0.0,0.14263342,22.520325,22.540325,3612800
hardzero_plus_depr__c0p50__z1p00__lam0p020__nu0p50__psi0p75,hardzero_plus_depr,0.06,31,1129,0.0,2,0.13295138,0.13295138,0.99928635,0.10016445,0.10016445,1.0,2.7353392e-10,2.7308482e-09,-27.616524,2.198474,0.7328247,0.128,0.0,0.15255006,22.540325,22.560326,3616000
hardzero_plus_depr__c0p50__z1p00__lam0p020__nu0p50__psi0p75,hardzero_plus_depr,0.06,31,1130,0.0,2,0.13295138,0.13295138,0.99886936,0.10026067,0.10026067,1.0,2.6972e-10,2.6901876e-09,-26.205065,2.1975565,0.73251885,0.136,0.0,0.14155933,22.560326,22.580326,3619200
hardzero_plus_depr__c0p50__z1p00__lam0p020__nu0p50__psi0p75,hardzero_plus_depr,0.06,31,1131,0.0,2,0.13295138,0.13295138,0.97696066,0.10544824,0.10544824,1.0,2.794518e-10,2.6501323e-09,-26.530392,2.1493564,0.7164521,0.08,0.0,0.14097448,22.580326,22.600327,3622400
hardzero_plus_depr__c0p50__z1p00__lam0p020__nu0p50__psi0p75,hardzero_plus_depr,0.06,31,1132,0.0,2,0.13295138,0.13295138,0.98794365,0.102814965,0.102814965,1.0,2.6841684e-10,2.6106788e-09,-26.319187,2.1735194,0.7245065,0.216,0.0,0.13598587,22.600327,22.620327,3625600
hardzero_plus_depr__c0p50__z1p00__lam0p020__nu0p50__psi0p75,hardzero_plus_depr,0.06,31,1133,0.0,2,0.13295138,0.13295138,1.040472,0.0,0.09110202,0.0,0.0,2.5718123e-09,-27.92792,2.2890842,0.7630281,0.14400001,0.0,0.13116495,22.620327,22.640327,3628800
hardzero_plus_depr__c0p50__z1p00__lam0p020__nu0p50__psi0p75,hardzero_plus_depr,0.06,31,1134,0.0,2,0.13295138,0.13295138,1.0112281,0.0,0.09744777,0.0,0.0,2.5335196e-09,-27.300879,2.2247462,0.7415821,0.24800001,0.0,0.1858528,22.640327,22.660328,3632000
hardzero_plus_depr__c0p50__z1p00__lam0p020__nu0p50__psi0p75,hardzero_plus_depr,0.06,31,1135,0.0,2,0.13295138,0.13295138,1.0728953,0.0,0.08454826,0.0,0.0,2.4957971e-09,-28.065887,2.3604167,0.78680557,0.08800001,0.0,0.13401294,22.660328,22.680328,3635200
hardzero_plus_depr__c0p50__z1p00__lam0p020__nu0p50__psi0p75,hardzero_plus_depr,0.06,31,1136,0.0,2,0.13295138,0.13295138,1.0084056,0.0,0.09808315,0.0,0.0,2.458641e-09,-26.827051,2.2185366,0.7395122,0.17600001,0.0,0.14395894,22.680328,22.700329,3638400
hardzero_plus_depr__c0p50__z1p00__lam0p020__nu0p50__psi0p75,hardzero_plus_depr,0.06,31,1137,0.0,2,0.13295138,0.13295138,0.9939536,0.10140198,0.10140198,1.0,2.4559946e-10,2.4220381e-09,-26.45922,2.1867416,0.7289139,0.2,0.0,0.15728739,22.700329,22.72033,3641600
hardzero_plus_depr__c0p50__z1p00__lam0p020__nu0p50__psi0p75,hardzero_plus_depr,0.06,31,1138,0.0,2,0.13295138,0.13295138,1.005527,0.0,0.09873541,0.0,0.0,2.3859756e-09,-27.008842,2.2122035,0.7374012,0.136,0.0,0.14146872,22.72033,22.74033,3644800
hardzero_plus_depr__c0p50__z1p00__lam0p020__nu0p50__psi0p75,hardzero_plus_depr,0.06,31,1139,0.0,2,0.13295138,0.13295138,0.9917582,0.10191586,0.10191586,1.0,2.3954813e-10,2.35045e-09,-26.149008,2.1819117,0.7273039,0.24000001,0.0,0.16194038,22.74033,22.76033,3648000
hardzero_plus_depr__c0p50__z1p00__lam0p020__nu0p50__psi0p75,hardzero_plus_depr,0.06,31,1140,0.0,2,0.13295138,0.13295138,1.0017003,0.0,0.099609256,0.0,0.0,2.315458e-09,-26.7627,2.2037847,0.73459494,0.128,0.0,0.14872098,22.76033,22.78033,3651200
hardzero_plus_depr__c0p50__z1p00__lam0p020__nu0p50__psi0p75,hardzero_plus_depr,0.06,31,1141,0.0,2,0.13295138,0.13295138,1.030646,0.0,0.093186714,0.0,0.0,2.2809867e-09,-28.140112,2.2674663,0.7558221,0.14400001,0.0,0.14140934,22.78033,22.800331,3654400
hardzero_plus_depr__c0p50__z1p00__lam0p020__nu0p50__psi0p75,hardzero_plus_depr,0.06,31,1142,0.0,2,0.13295138,0.13295138,1.0205886,0.0,0.0953699,0.0,0.0,2.2470243e-09,-27.225182,2.2453399,0.74844664,0.120000005,0.0,0.14787784,22.800331,22.820332,3657600
hardzero_plus_depr__c0p50__z1p00__lam0p020__nu0p50__psi0p75,hardzero_plus_depr,0.06,31,1143,0.0,2,0.13295138,0.13295138,0.99879515,0.100277804,0.100277804,1.0,2.2197169e-10,2.2135676e-09,-26.79416,2.1973932,0.73246443,0.18400002,0.0,0.11927829,22.820332,22.840332,3660800
hardzero_plus_depr__c0p50__z1p00__lam0p020__nu0p50__psi0p75,hardzero_plus_depr,0.06,31,1144,0.0,2,0.13295138,0.13295138,1.1036292,0.0,0.07877181,0.0,0.0,2.1806132e-09,-29.235046,2.4280329,0.8093443,0.16,0.0,0.16100323,22.840332,22.860332,3664000
hardzero_plus_depr__c0p50__z1p00__lam0p020__nu0p50__psi0p75,hardzero_plus_depr,0.06,31,1145,0.0,2,0.13295138,0.13295138,0.9759504,0.105693825,0.105693825,1.0,2.2704613e-10,2.1481494e-09,-26.494194,2.1471338,0.7157113,0.208,0.0,0.14611758,22.860332,22.880333,3667200
hardzero_plus_depr__c0p50__z1p00__lam0p020__nu0p50__psi0p75,hardzero_plus_depr,0.06,31,1146,0.0,2,0.13295138,0.13295138,1.0148283,0.0,0.096643284,0.0,0.0,2.1161648e-09,-26.558083,2.232667,0.74422234,0.15200001,0.0,0.13892134,22.880333,22.900333,3670400
hardzero_plus_depr__c0p50__z1p00__lam0p020__nu0p50__psi0p75,hardzero_plus_depr,0.06,31,1147,0.0,2,0.13295138,0.13295138,1.0686034,0.0,0.08538795,0.0,0.0,2.0846567e-09,-28.218836,2.3509743,0.78365815,0.112,0.0,0.16387852,22.900333,22.920334,3673600
hardzero_plus_depr__c0p50__z1p00__lam0p020__nu0p50__psi0p75,hardzero_plus_depr,0.06,31,1148,0.0,2,0.13295138,0.13295138,1.0546621,0.0,0.08817345,0.0,0.0,2.0536215e-09,-27.942486,2.320303,0.77343434,0.16000001,0.0,0.17622297,22.920334,22.940334,3676800
hardzero_plus_depr__c0p50__z1p00__lam0p020__nu0p50__psi0p75,hardzero_plus_depr,0.06,31,1149,0.0,2,0.13295138,0.13295138,1.0060109,0.0,0.098625466,0.0,0.0,2.023048e-09,-27.045273,2.2132683,0.73775613,0.192,0.0,0.13415828,22.940334,22.960335,3680000
hardzero_plus_depr__c0p50__z1p00__lam0p020__nu0p50__psi0p75,hardzero_plus_depr,0.06,31,1150,0.0,2,0.13295138,0.13295138,0.9562356,0.11060235,0.11060235,1.0,2.204223e-10,1.992926e-09,-27.020716,2.1037602,0.7012534,0.14400001,0.0,0.12379741,22.960335,22.980335,3683200
hardzero_plus_depr__c0p50__z1p00__lam0p020__nu0p50__psi0p75,hardzero_plus_depr,0.06,31,1151,0.0,2,0.13295138,0.13295138,1.0284141,0.0,0.09366684,0.0,0.0,1.9632527e-09,-27.467112,2.2625563,0.75418544,0.16000001,0.0,0.13774782,22.980335,23.000336,3686400
hardzero_plus_depr__c0p50__z1p00__lam0p020__nu0p50__psi0p75,hardzero_plus_depr,0.06,31,1152,0.0,2,0.13295138,0.13295138,0.9938334,0.10143003,0.10143003,1.0,1.961682e-10,1.934025e-09,-26.596693,2.1864772,0.72882575,0.224,0.0,0.1614168,23.000336,23.020336,3689600
hardzero_plus_depr__c0p50__z1p00__lam0p020__nu0p50__psi0p75,hardzero_plus_depr,0.06,31,1153,0.0,2,0.13295138,0.13295138,1.029964,0.0,0.09333318,0.0,0.0,1.9052322e-09,-27.3832,2.265966,0.755322,0.17600001,0.0,0.13992669,23.020336,23.040337,3692800
hardzero_plus_depr__c0p50__z1p00__lam0p020__nu0p50__psi0p75,hardzero_plus_depr,0.06,31,1154,0.0,2,0.13295138,0.13295138,1.0124031,0.0,0.09718447,0.0,0.0,1.8768647e-09,-28.102701,2.2273314,0.7424438,0.192,0.0,0.16010864,23.040337,23.060337,3696000
hardzero_plus_depr__c0p50__z1p00__lam0p020__nu0p50__psi0p75,hardzero_plus_depr,0.06,31,1155,0.0,2,0.13295138,0.13295138,1.0751543,0.0,0.08410962,0.0,0.0,1.8489192e-09,-28.331095,2.3653867,0.7884623,0.120000005,0.0,0.16183852,23.060337,23.080338,3699200
hardzero_plus_depr__c0p50__z1p00__lam0p020__nu0p50__psi0p75,hardzero_plus_depr,0.06,31,1156,0.0,2,0.13295138,0.13295138,1.0697328,0.0,0.08516619,0.0,0.0,1.8213936e-09,-28.096912,2.3534591,0.7844864,0.14400001,0.0,0.18434553,23.080338,23.100338,3702400
hardzero_plus_depr__c0p50__z1p00__lam0p020__nu0p50__psi0p75,hardzero_plus_depr,0.06,31,1157,0.0,2,0.13295138,0.13295138,0.99832255,0.100386985,0.100386985,1.0,1.8012213e-10,1.7942777e-09,-26.266428,2.1963534,0.73211783,0.16,0.0,0.12463839,23.100338,23.120338,3705600
hardzero_plus_depr__c0p50__z1p00__lam0p020__nu0p50__psi0p75,hardzero_plus_depr,0.06,31,1158,0.0,2,0.13295138,0.13295138,0.9934216,0.101526245,0.101526245,1.0,1.7945395e-10,1.7675622e-09,-26.273087,2.1855712,0.72852373,0.128,0.0,0.12621817,23.120338,23.140339,3708800
hardzero_plus_depr__c0p50__z1p00__lam0p020__nu0p50__psi0p75,hardzero_plus_depr,0.06,31,1159,0.0,2,0.13295138,0.13295138,1.0006487,0.0,0.099850744,0.0,0.0,1.7412443e-09,-27.512619,2.201471,0.7338237,0.2,0.0,0.15648575,23.140339,23.16034,3712000
hardzero_plus_depr__c0p50__z1p00__lam0p020__nu0p50__psi0p75,hardzero_plus_depr,0.06,31,1160,0.0,2,0.13295138,0.13295138,1.0407914,0.0,0.09103504,0.0,0.0,1.7153216e-09,-27.506466,2.2897868,0.7632623,0.23200001,0.008,0.15441732,23.16034,23.18034,3715200
hardzero_plus_depr__c0p50__z1p00__lam0p020__nu0p50__psi0p75,hardzero_plus_depr,0.06,31,1161,0.0,2,0.13295138,0.13295138,1.08134,0.0,0.08292015,0.0,0.0,1.6897848e-09,-28.083792,2.3789954,0.7929985,0.128,0.0,0.15953141,23.18034,23.20034,3718400
hardzero_plus_depr__c0p50__z1p00__lam0p020__nu0p50__psi0p75,hardzero_plus_depr,0.06,31,1162,0.0,2,0.13295138,0.13295138,1.0363015,0.0,0.09198109,0.0,0.0,1.664625e-09,-26.66564,2.279909,0.75996965,0.14400001,0.0,0.14280134,23.20034,23.22034,3721600
hardzero_plus_depr__c0p50__z1p00__lam0p020__nu0p50__psi0p75,hardzero_plus_depr,0.06,31,1163,0.0,2,0.13295138,0.13295138,1.0432488,0.0,0.0905214,0.0,0.0,1.6398398e-09,-27.908693,2.2951932,0.7650644,0.14400001,0.0,0.14815623,23.22034,23.240341,3724800
hardzero_plus_depr__c0p50__z1p00__lam0p020__nu0p50__psi0p75,hardzero_plus_depr,0.06,31,1164,0.0,2,0.13295138,0.13295138,1.0482507,0.0,0.0894848,0.0,0.0,1.6154269e-09,-27.550344,2.3061976,0.76873255,0.16000001,0.0,0.16066809,23.240341,23.260342,3728000
hardzero_plus_depr__c0p50__z1p00__lam0p020__nu0p50__psi0p75,hardzero_plus_depr,0.06,31,1165,0.0,2,0.13295138,0.13295138,1.0455109,0.0,0.09005112,0.0,0.0,1.5913773e-09,-27.36122,2.30017,0.76672333,0.120000005,0.0,0.14774661,23.260342,23.280342,3731200
hardzero_plus_depr__c0p50__z1p00__lam0p020__nu0p50__psi0p75,hardzero_plus_depr,0.06,31,1166,0.0,2,0.13295138,0.13295138,1.0478013,0.0,0.089577466,0.0,0.0,1.5676825e-09,-27.797693,2.3052087,0.76840293,0.16000001,0.0,0.1540153,23.280342,23.300343,3734400
hardzero_plus_depr__c0p50__z1p00__lam0p020__nu0p50__psi0p75,hardzero_plus_depr,0.06,31,1167,0.0,2,0.13295138,0.13295138,1.005002,0.0,0.09885485,0.0,0.0,1.5443409e-09,-27.328243,2.2110486,0.7370162,0.120000005,0.0,0.15158187,23.300343,23.320343,3737600
hardzero_plus_depr__c0p50__z1p00__lam0p020__nu0p50__psi0p75,hardzero_plus_depr,0.06,31,1168,0.0,2,0.13295138,0.13295138,1.0240169,0.0,0.09462003,0.0,0.0,1.5213496e-09,-26.936125,2.252882,0.7509607,0.15200001,0.0,0.160997,23.320343,23.340343,3740800
hardzero_plus_depr__c0p50__z1p00__lam0p020__nu0p50__psi0p75,hardzero_plus_depr,0.06,31,1169,0.0,2,0.13295138,0.13295138,1.0442523,0.0,0.090312466,0.0,0.0,1.4987005e-09,-27.814247,2.297401,0.76580036,0.104,0.0,0.1400294,23.340343,23.360344,3744000
hardzero_plus_depr__c0p50__z1p00__lam0p020__nu0p50__psi0p75,hardzero_plus_depr,0.06,31,1170,0.0,2,0.13295138,0.13295138,1.0406663,0.0,0.09106126,0.0,0.0,1.4763858e-09,-26.986229,2.2895117,0.7631706,0.14,0.0,0.116992265,23.360344,23.380344,3747200
hardzero_plus_depr__c0p50__z1p00__lam0p020__nu0p50__psi0p75,hardzero_plus_depr,0.06,31,1171,0.0,2,0.13295138,0.13295138,1.0279247,0.0,0.09377247,0.0,0.0,1.4544036e-09,-27.228264,2.2614794,0.7538265,0.104,0.0,0.13154782,23.380344,23.400345,3750400
hardzero_plus_depr__c0p50__z1p00__lam0p020__nu0p50__psi0p75,hardzero_plus_depr,0.06,31,1172,0.0,2,0.13295138,0.13295138,1.0256728,0.0,0.094259955,0.0,0.0,1.4327511e-09,-26.770947,2.2565253,0.7521751,0.18400002,0.0,0.15756974,23.400345,23.420345,3753600
hardzero_plus_depr__c0p50__z1p00__lam0p020__nu0p50__psi0p75,hardzero_plus_depr,0.06,31,1173,0.0,2,0.13295138,0.13295138,1.0239656,0.0,0.0946312,0.0,0.0,1.411421e-09,-27.078745,2.2527692,0.7509231,0.136,0.0,0.18254064,23.420345,23.440346,3756800
hardzero_plus_depr__c0p50__z1p00__lam0p020__nu0p50__psi0p75,hardzero_plus_depr,0.06,31,1174,0.0,2,0.13295138,0.13295138,1.0123433,0.0,0.09719787,0.0,0.0,1.390406e-09,-26.876001,2.2271998,0.74239993,0.208,0.0,0.13825744,23.440346,23.460346,3760000
hardzero_plus_depr__c0p50__z1p00__lam0p020__nu0p50__psi0p75,hardzero_plus_depr,0.06,31,1175,0.0,2,0.13295138,0.13295138,1.0426564,0.0,0.09064493,0.0,0.0,1.3697038e-09,-27.66099,2.29389,0.76463,0.136,0.0,0.1436933,23.460346,23.480347,3763200
hardzero_plus_depr__c0p50__z1p00__lam0p020__nu0p50__psi0p75,hardzero_plus_depr,0.06,31,1176,0.0,2,0.13295138,0.13295138,1.0239857,0.0,0.09462682,0.0,0.0,1.3493123e-09,-27.29579,2.2528136,0.7509379,0.120000005,0.0,0.15452677,23.480347,23.500347,3766400
hardzero_plus_depr__c0p50__z1p00__lam0p020__nu0p50__psi0p75,hardzero_plus_depr,0.06,31,1177,0.0,2,0.13295138,0.13295138,1.0559629,0.0,0.08790976,0.0,0.0,1.3292246e-09,-28.036072,2.323165,0.7743883,0.136,0.0,0.1491435,23.500347,23.520348,3769600
hardzero_plus_depr__c0p50__z1p00__lam0p020__nu0p50__psi0p75,hardzero_plus_depr,0.06,31,1178,0.0,2,0.13295138,0.13295138,1.0077367,0.0,0.098234326,0.0,0.0,1.3094332e-09,-26.795507,2.217065,0.7390217,0.216,0.0,0.16243525,23.520348,23.540348,3772800
hardzero_plus_depr__c0p50__z1p00__lam0p020__nu0p50__psi0p75,hardzero_plus_depr,0.06,31,1179,0.0,2,0.13295138,0.13295138,0.9342709,0.11634002,0.11634002,1.0,1.5007126e-10,1.2899367e-09,-26.084665,2.055437,0.68514574,0.224,0.0,0.13927978,23.540348,23.560349,3776000
hardzero_plus_depr__c0p50__z1p00__lam0p020__nu0p50__psi0p75,hardzero_plus_depr,0.06,31,1180,0.0,2,0.13295138,0.13295138,1.0370462,0.0,0.09182348,0.0,0.0,1.2707327e-09,-27.190374,2.2815473,0.7605158,0.192,0.0,0.15200214,23.560349,23.580349,3779200
hardzero_plus_depr__c0p50__z1p00__lam0p020__nu0p50__psi0p75,hardzero_plus_depr,0.06,31,1181,0.0,2,0.13295138,0.13295138,1.052726,0.0,0.08856742,0.0,0.0,1.2518149e-09,-27.889042,2.3160436,0.77201456,0.23200001,0.0,0.1488519,23.580349,23.60035,3782400
hardzero_plus_depr__c0p50__z1p00__lam0p020__nu0p50__psi0p75,hardzero_plus_depr,0.06,31,1182,0.0,2,0.13295138,0.13295138,1.080442,0.0,0.083091766,0.0,0.0,1.2331761e-09,-28.919718,2.3770196,0.7923399,0.16000001,0.0,0.19309108,23.60035,23.62035,3785600
hardzero_plus_depr__c0p50__z1p00__lam0p020__nu0p50__psi0p75,hardzero_plus_depr,0.06,31,1183,0.0,2,0.13295138,0.13295138,1.0265275,0.0,0.094074614,0.0,0.0,1.2148149e-09,-26.383354,2.2584057,0.7528019,0.14999999,0.0,0.14759235,23.62035,23.64035,3788800
hardzero_plus_depr__c0p50__z1p00__lam0p020__nu0p50__psi0p75,hardzero_plus_depr,0.06,31,1184,0.0,2,0.13295138,0.13295138,1.0198398,0.0,0.0955345,0.0,0.0,1.1967294e-09,-27.041916,2.2436924,0.7478975,0.128,0.0,0.16233261,23.64035,23.66035,3792000
hardzero_plus_depr__c0p50__z1p00__lam0p020__nu0p50__psi0p75,hardzero_plus_depr,0.06,31,1185,0.0,2,0.13295138,0.13295138,1.0106745,0.0,0.09757207,0.0,0.0,1.1789132e-09,-27.123602,2.2235281,0.74117607,0.15200001,0.0,0.14956339,23.66035,23.680351,3795200
hardzero_plus_depr__c0p50__z1p00__lam0p020__nu0p50__psi0p75,hardzero_plus_depr,0.06,31,1186,0.0,2,0.13295138,0.13295138,1.0064564,0.0,0.09852436,0.0,0.0,1.1613598e-09,-27.421814,2.2142482,0.73808277,0.18400002,0.0,0.16297297,23.680351,23.700352,3798400
hardzero_plus_depr__c0p50__z1p00__lam0p020__nu0p50__psi0p75,hardzero_plus_depr,0.06,31,1187,0.0,2,0.13295138,0.13295138,1.0469149,0.0,0.08976046,0.0,0.0,1.1440681e-09,-26.886814,2.303259,0.767753,0.136,0.0,0.14297499,23.700352,23.720352,3801600
hardzero_plus_depr__c0p50__z1p00__lam0p020__nu0p50__psi0p75,hardzero_plus_depr,0.06,31,1188,0.0,2,0.13295138,0.13295138,1.0681946,0.0,0.08546836,0.0,0.0,1.1270358e-09,-27.686367,2.350075,0.78335834,0.16000001,0.0,0.15105428,23.720352,23.740353,3804800
hardzero_plus_depr__c0p50__z1p00__lam0p020__nu0p50__psi0p75,hardzero_plus_depr,0.06,31,1189,0.0,2,0.13295138,0.13295138,1.0102569,0.0,0.09766594,0.0,0.0,1.1102571e-09,-26.779463,2.2226095,0.7408699,0.136,0.0,0.14405973,23.740353,23.760353,3808000
hardzero_plus_depr__c0p50__z1p00__lam0p020__nu0p50__psi0p75,hardzero_plus_depr,0.06,31,1190,0.0,2,0.13295138,0.13295138,1.0522492,0.0,0.08866471,0.0,0.0,1.093726e-09,-27.575197,2.3149943,0.7716648,0.136,0.0,0.1415911,23.760353,23.780354,3811200
hardzero_plus_depr__c0p50__z1p00__lam0p020__nu0p50__psi0p75,hardzero_plus_depr,0.06,31,1191,0.0,2,0.13295138,0.13295138,1.0467653,0.0,0.089791395,0.0,0.0,1.0774412e-09,-27.566523,2.3029296,0.7676432,0.120000005,0.008,0.13181113,23.780354,23.800354,3814400
hardzero_plus_depr__c0p50__z1p00__lam0p020__nu0p50__psi0p75,hardzero_plus_depr,0.06,31,1192,0.0,2,0.13295138,0.13295138,0.9827333,0.10405589,0.10405589,1.0,1.1044501e-10,1.0614009e-09,-26.603346,2.1620564,0.7206855,0.16800001,0.0,0.12481059,23.800354,23.820354,3817600
hardzero_plus_depr__c0p50__z1p00__lam0p020__nu0p50__psi0p75,hardzero_plus_depr,0.06,31,1193,0.0,2,0.13295138,0.13295138,1.0087683,0.0,0.098001264,0.0,0.0,1.0455992e-09,-28.012451,2.2193346,0.7397782,0.104,0.0,0.14334682,23.820354,23.840355,3820800
hardzero_plus_depr__c0p50__z1p00__lam0p020__nu0p50__psi0p75,hardzero_plus_depr,0.06,31,1194,0.0,2,0.13295138,0.13295138,1.0468405,0.0,0.08977583,0.0,0.0,1.0300311e-09,-27.983799,2.303095,0.7676984,0.16800001,0.0,0.16652729,23.840355,23.860355,3824000
hardzero_plus_depr__c0p50__z1p00__lam0p020__nu0p50__psi0p75,hardzero_plus_depr,0.06,31,1195,0.0,2,0.13295138,0.13295138,1.0147445,0.0,0.096661925,0.0,0.0,1.0146946e-09,-26.717417,2.2324824,0.74416083,0.128,0.0,0.13824776,23.860355,23.880356,3827200
hardzero_plus_depr__c0p50__z1p00__lam0p020__nu0p50__psi0p75,hardzero_plus_depr,0.06,31,1196,0.0,2,0.13295138,0.13295138,1.0114689,0.0,0.09739374,0.0,0.0,9.995882e-10,-27.118904,2.225276,0.7417587,0.14999999,0.0,0.15418455,23.880356,23.900356,3830400
hardzero_plus_depr__c0p50__z1p00__lam0p020__nu0p50__psi0p75,hardzero_plus_depr,0.06,31,1197,0.0,2,0.13295138,0.13295138,0.9522787,0.111614674,0.111614674,1.0,1.0990775e-10,9.84707e-10,-25.167828,2.0950549,0.6983516,0.23200001,0.0,0.13677137,23.900356,23.920357,3833600
hardzero_plus_depr__c0p50__z1p00__lam0p020__nu0p50__psi0p75,hardzero_plus_depr,0.06,31,1198,0.0,2,0.13295138,0.13295138,1.073428,0.0,0.08444461,0.0,0.0,9.700454e-10,-28.329247,2.361589,0.78719634,0.08800001,0.0,0.14312236,23.920357,23.940357,3836800
hardzero_plus_depr__c0p50__z1p00__lam0p020__nu0p50__psi0p75,hardzero_plus_depr,0.06,31,1199,0.0,2,0.13295138,0.13295138,1.0079746,0.0,0.098180525,0.0,0.0,9.556019e-10,-26.503881,2.2175884,0.7391962,0.17600001,0.0,0.16057174,23.940357,23.960358,3840000
hardzero_plus_depr__c0p50__z1p00__lam0p020__nu0p50__psi0p75,hardzero_plus_depr,0.06,31,1200,0.0,2,0.13295138,0.13295138,1.0803076,0.0,0.083117485,0.0,0.0,9.413755e-10,-28.505276,2.3767242,0.79224145,0.15200001,0.0,0.16089053,23.960358,23.980358,3843200
hardzero_plus_depr__c0p50__z1p00__lam0p020__nu0p50__psi0p75,hardzero_plus_depr,0.06,31,1201,0.0,2,0.13295138,0.13295138,1.0192014,0.0,0.09567503,0.0,0.0,9.273609e-10,-27.12331,2.2422879,0.7474293,0.128,0.0,0.16735032,23.980358,24.000359,3846400
hardzero_plus_depr__c0p50__z1p00__lam0p020__nu0p50__psi0p75,hardzero_plus_depr,0.06,31,1202,0.0,2,0.13295138,0.13295138,1.0176032,0.0,0.09602776,0.0,0.0,9.1355307e-10,-26.899807,2.2387717,0.74625725,0.15200001,0.0,0.13529155,24.000359,24.020359,3849600
hardzero_plus_depr__c0p50__z1p00__lam0p020__nu0p50__psi0p75,hardzero_plus_depr,0.06,31,1203,0.0,2,0.13295138,0.13295138,1.0020919,0.0,0.09951948,0.0,0.0,8.9995084e-10,-27.230717,2.204646,0.73488206,0.208,0.008,0.14724508,24.020359,24.04036,3852800
hardzero_plus_depr__c0p50__z1p00__lam0p020__nu0p50__psi0p75,hardzero_plus_depr,0.06,31,1204,0.0,2,0.13295138,0.13295138,1.0088178,0.0,0.097990096,0.0,0.0,8.865529e-10,-27.19289,2.2194436,0.7398145,0.14400001,0.0,0.14610939,24.04036,24.06036,3856000
hardzero_plus_depr__c0p50__z1p00__lam0p020__nu0p50__psi0p75,hardzero_plus_depr,0.06,31,1205,0.0,2,0.13295138,0.13295138,1.0191609,0.0,0.09568395,0.0,0.0,8.7335433e-10,-26.5352,2.2421987,0.74739957,0.15200001,0.0,0.14428,24.06036,24.08036,3859200
hardzero_plus_depr__c0p50__z1p00__lam0p020__nu0p50__psi0p75,hardzero_plus_depr,0.06,31,1206,0.0,2,0.13295138,0.13295138,1.0318305,0.0,0.092932895,0.0,0.0,8.603506e-10,-27.448025,2.2700725,0.75669086,0.128,0.0,0.15210286,24.08036,24.10036,3862400
hardzero_plus_depr__c0p50__z1p00__lam0p020__nu0p50__psi0p75,hardzero_plus_depr,0.06,31,1207,0.0,2,0.13295138,0.13295138,0.96966153,0.10723547,0.10723547,1.0,9.088641e-11,8.475406e-10,-26.415457,2.133298,0.7110993,0.16800001,0.0,0.12483456,24.10036,24.120361,3865600
hardzero_plus_depr__c0p50__z1p00__lam0p020__nu0p50__psi0p75,hardzero_plus_depr,0.06,31,1208,0.0,2,0.13295138,0.13295138,1.0244865,0.0,0.09451775,0.0,0.0,8.349229e-10,-27.999208,2.2539153,0.7513051,0.17600001,0.0,0.17457363,24.120361,24.140362,3868800
hardzero_plus_depr__c0p50__z1p00__lam0p020__nu0p50__psi0p75,hardzero_plus_depr,0.06,31,1209,0.0,2,0.13295138,0.13295138,1.0014561,0.0,0.09966527,0.0,0.0,8.2249296e-10,-27.362429,2.2032475,0.7344159,0.16,0.0,0.1380471,24.140362,24.160362,3872000
hardzero_plus_depr__c0p50__z1p00__lam0p020__nu0p50__psi0p75,hardzero_plus_depr,0.06,31,1210,0.0,2,0.13295138,0.13295138,1.0549434,0.0,0.08811635,0.0,0.0,8.1024665e-10,-27.025536,2.320922,0.77364063,0.080000006,0.0,0.16563645,24.160362,24.180363,3875200
hardzero_plus_depr__c0p50__z1p00__lam0p020__nu0p50__psi0p75,hardzero_plus_depr,0.06,31,1211,0.0,2,0.13295138,0.13295138,0.97937006,0.10486486,0.10486486,1.0,8.370131e-11,7.9818263e-10,-26.47999,2.1546571,0.71821904,0.136,0.0,0.13943797,24.180363,24.200363,3878400
hardzero_plus_depr__c0p50__z1p00__lam0p020__nu0p50__psi0p75,hardzero_plus_depr,0.06,31,1212,0.0,2,0.13295138,0.13295138,1.0461974,0.0,0.08990887,0.0,0.0,7.862997e-10,-28.20843,2.3016803,0.7672268,0.136,0.0,0.19732572,24.200363,24.220364,3881600
hardzero_plus_depr__c0p50__z1p00__lam0p020__nu0p50__psi0p75,hardzero_plus_depr,0.06,31,1213,0.0,2,0.13295138,0.13295138,1.0564262,0.0,0.08781604,0.0,0.0,7.745937e-10,-28.336605,2.324184,0.774728,0.128,0.0,0.1682766,24.220364,24.240364,3884800
hardzero_plus_depr__c0p50__z1p00__lam0p020__nu0p50__psi0p75,hardzero_plus_depr,0.06,31,1214,0.0,2,0.13295138,0.13295138,1.0355927,0.0,0.092131324,0.0,0.0,7.630605e-10,-27.74796,2.2783494,0.75944984,0.128,0.0,0.14549784,24.240364,24.260365,3888000
hardzero_plus_depr__c0p50__z1p00__lam0p020__nu0p50__psi0p75,hardzero_plus_depr,0.06,31,1215,0.0,2,0.13295138,0.13295138,1.0105625,0.0,0.09759723,0.0,0.0,7.51699e-10,-26.769882,2.223282,0.74109405,0.14400001,0.0,0.12712468,24.260365,24.280365,3891200
hardzero_plus_depr__c0p50__z1p00__lam0p020__nu0p50__psi0p75,hardzero_plus_depr,0.06,31,1216,0.0,2,0.13295138,0.13295138,0.96610624,0.10811694,0.10811694,1.0,8.006147e-11,7.405081e-10,-25.098661,2.1254761,0.70849204,0.2,0.0,0.12996708,24.280365,24.300365,3894400
hardzero_plus_depr__c0p50__z1p00__lam0p020__nu0p50__psi0p75,hardzero_plus_depr,0.06,31,1217,0.0,2,0.13295138,0.13295138,1.0285014,0.0,0.09364802,0.0,0.0,7.2948386e-10,-27.424665,2.2627482,0.75424945,0.120000005,0.0,0.14665738,24.300365,24.320366,3897600
hardzero_plus_depr__c0p50__z1p00__lam0p020__nu0p50__psi0p75,hardzero_plus_depr,0.06,31,1218,0.0,2,0.13295138,0.13295138,1.0185825,0.0,0.095811464,0.0,0.0,7.186224e-10,-26.825802,2.2409263,0.7469754,0.14400001,0.0,0.13127361,24.320366,24.340366,3900800
hardzero_plus_depr__c0p50__z1p00__lam0p020__nu0p50__psi0p75,hardzero_plus_depr,0.06,31,1219,0.0,2,0.13295138,0.13295138,0.9862277,0.10322199,0.10322199,1.0,7.307317e-11,7.079225e-10,-26.405495,2.1697443,0.7232481,0.16800001,0.0,0.13244592,24.340366,24.360367,3904000
hardzero_plus_depr__c0p50__z1p00__lam0p020__nu0p50__psi0p75,hardzero_plus_depr,0.06,31,1220,0.0,2,0.13295138,0.13295138,1.0148242,0.0,0.0966442,0.0,0.0,6.973833e-10,-27.441944,2.2326577,0.74421924,0.224,0.0,0.15438958,24.360367,24.380367,3907200
hardzero_plus_depr__c0p50__z1p00__lam0p020__nu0p50__psi0p75,hardzero_plus_depr,0.06,31,1221,0.0,2,0.13295138,0.13295138,1.0333877,0.0,0.0926003,0.0,0.0,6.870011e-10,-26.638271,2.2734983,0.75783277,0.16000001,0.0,0.14702858,24.380367,24.400368,3910400
hardzero_plus_depr__c0p50__z1p00__lam0p020__nu0p50__psi0p75,hardzero_plus_depr,0.06,31,1222,0.0,2,0.13295138,0.13295138,0.96831524,0.107568406,0.107568406,1.0,7.2799294e-11,6.767721e-10,-26.022844,2.130336,0.71011204,0.22,0.0,0.12472575,24.400368,24.420368,3913600
hardzero_plus_depr__c0p50__z1p00__lam0p020__nu0p50__psi0p75,hardzero_plus_depr,0.06,31,1223,0.0,2,0.13295138,0.13295138,1.020358,0.0,0.09542057,0.0,0.0,6.6669537e-10,-27.540504,2.2448323,0.7482774,0.17600001,0.0,0.15760879,24.420368,24.440369,3916800
hardzero_plus_depr__c0p50__z1p00__lam0p020__nu0p50__psi0p75,hardzero_plus_depr,0.06,31,1224,0.0,2,0.13295138,0.13295138,1.053478,0.0,0.088414185,0.0,0.0,6.5677e-10,-27.965044,2.317698,0.772566,0.128,0.0,0.15153372,24.440369,24.46037,3920000
hardzero_plus_depr__c0p50__z1p00__lam0p020__nu0p50__psi0p75,hardzero_plus_depr,0.06,31,1225,0.0,2,0.13295138,0.13295138,0.99407923,0.10137264,0.10137264,1.0,6.558732e-11,6.4699235e-10,-26.995045,2.187018,0.729006,0.17600001,0.0,0.14845793,24.46037,24.48037,3923200
hardzero_plus_depr__c0p50__z1p00__lam0p020__nu0p50__psi0p75,hardzero_plus_depr,0.06,31,1226,0.0,2,0.13295138,0.13295138,0.9511827,0.11189671,0.11189671,1.0,7.131839e-11,6.373591e-10,-26.14354,2.0926437,0.6975479,0.17600001,0.0,0.11965868,24.48037,24.50037,3926400
hardzero_plus_depr__c0p50__z1p00__lam0p020__nu0p50__psi0p75,hardzero_plus_depr,0.06,31,1227,0.0,2,0.13295138,0.13295138,0.97006387,0.10713616,0.10713616,1.0,6.72675e-11,6.278692e-10,-25.969633,2.1341832,0.7113944,0.16800001,0.0,0.13755561,24.50037,24.52037,3929600
hardzero_plus_depr__c0p50__z1p00__lam0p020__nu0p50__psi0p75,hardzero_plus_depr,0.06,31,1228,0.0,2,0.13295138,0.13295138,1.0308105,0.0,0.09315142,0.0,0.0,6.1852184e-10,-27.402946,2.2678282,0.75594276,0.112,0.0,0.15114869,24.52037,24.54037,3932800
hardzero_plus_depr__c0p50__z1p00__lam0p020__nu0p50__psi0p75,hardzero_plus_depr,0.06,31,1229,0.0,2,0.13295138,0.13295138,1.047225,0.0,0.0896964,0.0,0.0,6.0931366e-10,-27.385586,2.303941,0.76798034,0.216,0.0,0.15011983,24.54037,24.560371,3936000
hardzero_plus_depr__c0p50__z1p00__lam0p020__nu0p50__psi0p75,hardzero_plus_depr,0.06,31,1230,0.0,2,0.13295138,0.13295138,1.0240399,0.0,0.09461503,0.0,0.0,6.0024136e-10,-27.82813,2.2529328,0.75097764,0.08800001,0.0,0.15945145,24.560371,24.580372,3939200
hardzero_plus_depr__c0p50__z1p00__lam0p020__nu0p50__psi0p75,hardzero_plus_depr,0.06,31,1231,0.0,2,0.13295138,0.13295138,1.0450616,0.0,0.09014433,0.0,0.0,5.913042e-10,-27.37116,2.2991815,0.76639384,0.112,0.0,0.15106438,24.580372,24.600372,3942400
hardzero_plus_depr__c0p50__z1p00__lam0p020__nu0p50__psi0p75,hardzero_plus_depr,0.06,31,1232,0.0,2,0.13295138,0.13295138,1.0536383,0.0,0.08838156,0.0,0.0,5.825011e-10,-28.275976,2.3180506,0.77268356,0.208,0.0,0.16660066,24.600372,24.620373,3945600
hardzero_plus_depr__c0p50__z1p00__lam0p020__nu0p50__psi0p75,hardzero_plus_depr,0.06,31,1233,0.0,2,0.13295138,0.13295138,1.0380149,0.0,0.0916189,0.0,0.0,5.738292e-10,-26.717487,2.2836783,0.7612261,0.080000006,0.0,0.14181326,24.620373,24.640373,3948800
hardzero_plus_depr__c0p50__z1p00__lam0p020__nu0p50__psi0p75,hardzero_plus_depr,0.06,31,1234,0.0,2,0.13295138,0.13295138,1.0058346,0.0,0.09866552,0.0,0.0,5.6528526e-10,-26.934341,2.2128804,0.7376268,0.136,0.0,0.16350685,24.640373,24.660374,3952000
hardzero_plus_depr__c0p50__z1p00__lam0p020__nu0p50__psi0p75,hardzero_plus_depr,0.06,31,1235,0.0,2,0.13295138,0.13295138,0.9981595,0.100424685,0.100424685,1.0,5.5923342e-11,5.568685e-10,-28.028368,2.1959949,0.7319983,0.19999999,0.0,0.15484136,24.660374,24.680374,3955200
hardzero_plus_depr__c0p50__z1p00__lam0p020__nu0p50__psi0p75,hardzero_plus_depr,0.06,31,1236,0.0,2,0.13295138,0.13295138,1.065421,0.0,0.08601595,0.0,0.0,5.485782e-10,-27.786896,2.343973,0.7813243,0.104,0.0,0.15722588,24.680374,24.700375,3958400
hardzero_plus_depr__c0p50__z1p00__lam0p020__nu0p50__psi0p75,hardzero_plus_depr,0.06,31,1237,0.0,2,0.13295138,0.13295138,0.9912449,0.10203638,0.10203638,1.0,5.51416e-11,5.4041116e-10,-26.808609,2.1807823,0.72692746,0.224,0.0,0.12752114,24.700375,24.720375,3961600
hardzero_plus_depr__c0p50__z1p00__lam0p020__nu0p50__psi0p75,hardzero_plus_depr,0.06,31,1238,0.0,2,0.13295138,0.13295138,1.031955,0.0,0.09290627,0.0,0.0,5.323649e-10,-27.36021,2.2703464,0.7567822,0.08800001,0.0,0.17190056,24.720375,24.740376,3964800
hardzero_plus_depr__c0p50__z1p00__lam0p020__nu0p50__psi0p75,hardzero_plus_depr,0.06,31,1239,0.0,2,0.13295138,0.13295138,1.0250244,0.0,0.09440078,0.0,0.0,5.2443827e-10,-27.49247,2.2550988,0.7516996,0.136,0.0,0.16115749,24.740376,24.760376,3968000
hardzero_plus_depr__c0p50__z1p00__lam0p020__nu0p50__psi0p75,hardzero_plus_depr,0.06,31,1240,0.0,2,0.13295138,0.13295138,1.0103608,0.0,0.09764256,0.0,0.0,5.1663074e-10,-27.224957,2.2228382,0.74094605,0.2,0.0,0.12065822,24.760376,24.780376,3971200
hardzero_plus_depr__c0p50__z1p00__lam0p020__nu0p50__psi0p75,hardzero_plus_depr,0.06,31,1241,0.0,2,0.13295138,0.13295138,1.0143656,0.0,0.09674631,0.0,0.0,5.0893945e-10,-27.489233,2.2316487,0.7438829,0.16000001,0.0,0.1529834,24.780376,24.800377,3974400
hardzero_plus_depr__c0p50__z1p00__lam0p020__nu0p50__psi0p75,hardzero_plus_depr,0.06,31,1242,0.0,2,0.13295138,0.13295138,0.9818032,0.10427898,0.10427898,1.0,5.2281485e-11,5.013617e-10,-26.527094,2.16001,0.72000337,0.128,0.0,0.14268301,24.800377,24.820377,3977600
hardzero_plus_depr__c0p50__z1p00__lam0p020__nu0p50__psi0p75,hardzero_plus_depr,0.06,31,1243,0.0,2,0.13295138,0.13295138,1.1056787,0.0,0.078400955,0.0,0.0,4.938967e-10,-28.822866,2.4325416,0.8108472,0.048,0.0,0.14872126,24.820377,24.840378,3980800
hardzero_plus_depr__c0p50__z1p00__lam0p020__nu0p50__psi0p75,hardzero_plus_depr,0.06,31,1244,0.0,2,0.13295138,0.13295138,1.0192006,0.0,0.09567521,0.0,0.0,4.865438e-10,-27.549189,2.242286,0.74742866,0.18400002,0.0,0.16471666,24.840378,24.860378,3984000
hardzero_plus_depr__c0p50__z1p00__lam0p020__nu0p50__psi0p75,hardzero_plus_depr,0.06,31,1245,0.0,2,0.13295138,0.13295138,1.0287672,0.0,0.09359072,0.0,0.0,4.7930043e-10,-28.74484,2.263333,0.75444436,0.192,0.0,0.16504963,24.860378,24.880379,3987200
hardzero_plus_depr__c0p50__z1p00__lam0p020__nu0p50__psi0p75,hardzero_plus_depr,0.06,31,1246,0.0,2,0.13295138,0.13295138,0.9710313,0.10689777,0.10689777,1.0,5.0473275e-11,4.72164e-10,-26.511864,2.1363115,0.71210384,0.16800001,0.0,0.13489103,24.880379,24.90038,3990400
hardzero_plus_depr__c0p50__z1p00__lam0p020__nu0p50__psi0p75,hardzero_plus_depr,0.06,31,1247,0.0,2,0.13295138,0.13295138,1.0335402,0.0,0.09256776,0.0,0.0,4.651338e-10,-27.17661,2.273834,0.7579447,0.096,0.0,0.14544462,24.90038,24.92038,3993600
hardzero_plus_depr__c0p50__z1p00__lam0p020__nu0p50__psi0p75,hardzero_plus_depr,0.06,31,1248,0.0,2,0.13295138,0.13295138,0.96059346,0.10949808,0.10949808,1.0,5.0173022e-11,4.5820914e-10,-26.327162,2.1133478,0.7044493,0.19999999,0.0,0.12880938,24.92038,24.94038,3996800
hardzero_plus_depr__c0p50__z1p00__lam0p020__nu0p50__psi0p75,hardzero_plus_depr,0.06,31,1249,0.0,2,0.13295138,0.13295138,1.0570546,0.0,0.08768905,0.0,0.0,4.5138757e-10,-28.137232,2.3255665,0.77518886,0.128,0.0,0.12338422,24.94038,24.96038,4000000
hardzero_plus_depr__c0p50__z1p00__lam0p020__nu0p50__psi0p75,hardzero_plus_depr,0.06,32,0,1.0,1,1.0,0.5,1.0750173,0.0,0.08413616,0.0,0.0,0.06,-27.862705,2.3650854,0.7883618,0.16,0.0,0.13813628,0.0,0.0,3200
hardzero_plus_depr__c0p50__z1p00__lam0p020__nu0p50__psi0p75,hardzero_plus_depr,0.06,32,1,1.0,2,0.5,0.0,1.0383499,0.0,0.091548264,0.0,0.0,0.06,-27.47996,2.2844152,0.76147175,0.120000005,0.0,0.1479145,0.0,0.0,6400
hardzero_plus_depr__c0p50__z1p00__lam0p020__nu0p50__psi0p75,hardzero_plus_depr,0.06,32,2,0.0,2,0.0,0.0,1.0948973,0.0,0.080371626,0.0,0.0,0.06,-28.205387,2.408822,0.8029407,0.112,0.0,0.1930255,0.0,0.02,9600
hardzero_plus_depr__c0p50__z1p00__lam0p020__nu0p50__psi0p75,hardzero_plus_depr,0.06,32,3,0.0,2,0.0,0.0059932065,0.99397755,0.101396374,0.101396374,1.0,0.0059932065,0.059106715,-27.138102,2.1867943,0.7289314,0.128,0.0,0.16598615,0.02,0.04,12800
hardzero_plus_depr__c0p50__z1p00__lam0p020__nu0p50__psi0p75,hardzero_plus_depr,0.06,32,4,0.0,2,0.0059932065,0.0059932065,1.0926123,0.0,0.080795616,0.0,0.0,0.058226734,-28.55214,2.403795,0.801265,0.120000005,0.0,0.15212221,0.04,0.06,16000
hardzero_plus_depr__c0p50__z1p00__lam0p020__nu0p50__psi0p75,hardzero_plus_depr,0.06,32,5,0.0,2,0.0059932065,0.0059932065,1.0158712,0.0,0.09641149,0.0,0.0,0.057359852,-27.623259,2.2349613,0.74498713,0.17600001,0.0,0.1569215,0.06,0.08,19200
hardzero_plus_depr__c0p50__z1p00__lam0p020__nu0p50__psi0p75,hardzero_plus_depr,0.06,32,6,0.0,2,0.0059932065,0.0059932065,1.0497366,0.0,0.08917917,0.0,0.0,0.056505874,-27.614662,2.3094666,0.76982224,0.14400001,0.0,0.16106726,0.08,0.099999994,22400
hardzero_plus_depr__c0p50__z1p00__lam0p020__nu0p50__psi0p75,hardzero_plus_depr,0.06,32,7,0.0,2,0.0059932065,0.0059932065,1.0244557,0.0,0.09452447,0.0,0.0,0.055664614,-27.494896,2.2538474,0.75128245,0.2,0.0,0.1564833,0.099999994,0.11999999,25600
hardzero_plus_depr__c0p50__z1p00__lam0p020__nu0p50__psi0p75,hardzero_plus_depr,0.06,32,8,0.0,2,0.0059932065,0.011614667,0.98921555,0.10251429,0.10251429,1.0,0.0056214607,0.054835875,-26.932962,2.1763177,0.72543925,0.16000001,0.0,0.15234116,0.11999999,0.13999999,28800
hardzero_plus_depr__c0p50__z1p00__lam0p020__nu0p50__psi0p75,hardzero_plus_depr,0.06,32,9,0.0,2,0.011614667,0.011614667,1.0523314,0.0,0.08864791,0.0,0.0,0.054019473,-28.152128,2.3151755,0.7717252,0.136,0.0,0.15706584,0.13999999,0.15999998,32000
hardzero_plus_depr__c0p50__z1p00__lam0p020__nu0p50__psi0p75,hardzero_plus_depr,0.06,32,10,0.0,2,0.011614667,0.018105974,0.91370374,0.12198214,0.12198214,1.0,0.006491307,0.053215224,-25.600222,2.0101883,0.6700628,0.216,0.0,0.117171645,0.15999998,0.17999998,35200
hardzero_plus_depr__c0p50__z1p00__lam0p020__nu0p50__psi0p75,hardzero_plus_depr,0.06,32,11,0.0,2,0.018105974,0.018105974,1.005359,0.0,0.09877361,0.0,0.0,0.052422956,-27.601904,2.211834,0.737278,0.23200001,0.0,0.17091459,0.17999998,0.19999997,38400
hardzero_plus_depr__c0p50__z1p00__lam0p020__nu0p50__psi0p75,hardzero_plus_depr,0.06,32,12,0.0,2,0.018105974,0.018105974,1.0039192,0.0,0.099101625,0.0,0.0,0.051642478,-27.1474,2.2086663,0.73622215,0.192,0.0,0.18357752,0.19999997,0.21999997,41600
hardzero_plus_depr__c0p50__z1p00__lam0p020__nu0p50__psi0p75,hardzero_plus_depr,0.06,32,13,0.0,2,0.018105974,0.018105974,1.0084261,0.0,0.09807851,0.0,0.0,0.050873626,-27.215889,2.2185817,0.7395272,0.14,0.0,0.151664,0.21999997,0.23999996,44800
hardzero_plus_depr__c0p50__z1p00__lam0p020__nu0p50__psi0p75,hardzero_plus_depr,0.06,32,14,0.0,2,0.018105974,0.023465175,0.97087806,0.10693549,0.10693549,1.0,0.0053592017,0.05011621,-26.354116,2.1359744,0.7119915,0.128,0.0,0.13470097,0.23999996,0.25999996,48000
hardzero_plus_depr__c0p50__z1p00__lam0p020__nu0p50__psi0p75,hardzero_plus_depr,0.06,32,15,0.0,2,0.023465175,0.023465175,1.024213,0.0,0.094577335,0.0,0.0,0.049370084,-27.52093,2.2533135,0.75110453,0.14400001,0.0,0.14971629,0.25999996,0.27999997,51200
hardzero_plus_depr__c0p50__z1p00__lam0p020__nu0p50__psi0p75,hardzero_plus_depr,0.06,32,16,0.0,2,0.023465175,0.023465175,1.0229474,0.0,0.094853334,0.0,0.0,0.048635054,-27.001629,2.2505293,0.7501764,0.192,0.0,0.16807355,0.27999997,0.29999998,54400
hardzero_plus_depr__c0p50__z1p00__lam0p020__nu0p50__psi0p75,hardzero_plus_depr,0.06,32,17,0.0,2,0.023465175,0.023465175,1.0357782,0.0,0.09209199,0.0,0.0,0.047910973,-27.474451,2.2787573,0.7595858,0.112,0.0,0.14162551,0.29999998,0.32,57600
hardzero_plus_depr__c0p50__z1p00__lam0p020__nu0p50__psi0p75,hardzero_plus_depr,0.06,32,18,0.0,2,0.023465175,0.028198816,0.99872524,0.10029395,0.10029395,1.0,0.004733641,0.047197673,-27.070282,2.1972394,0.7324132,0.192,0.0,0.1810153,0.32,0.34,60800
hardzero_plus_depr__c0p50__z1p00__lam0p020__nu0p50__psi0p75,hardzero_plus_depr,0.06,32,19,0.0,2,0.028198816,0.03288702,0.99639964,0.10083245,0.10083245,1.0,0.004688204,0.04649499,-27.062372,2.192123,0.73070765,0.16000001,0.0,0.13873464,0.34,0.36,64000
hardzero_plus_depr__c0p50__z1p00__lam0p020__nu0p50__psi0p75,hardzero_plus_depr,0.06,32,20,0.0,2,0.03288702,0.03288702,1.0201603,0.0,0.09546401,0.0,0.0,0.04580277,-27.144667,2.2443974,0.74813247,0.16000001,0.0,0.1541681,0.36,0.38000003,67200
hardzero_plus_depr__c0p50__z1p00__lam0p020__nu0p50__psi0p75,hardzero_plus_depr,0.06,32,21,0.0,2,0.03288702,0.03288702,1.000811,0.0,0.09981344,0.0,0.0,0.045120854,-26.28189,2.2018282,0.73394275,0.18400002,0.0,0.15510887,0.38000003,0.40000004,70400
hardzero_plus_depr__c0p50__z1p00__lam0p020__nu0p50__psi0p75,hardzero_plus_depr,0.06,32,22,0.0,2,0.03288702,0.037338108,0.9993968,0.100139,0.100139,1.0,0.0044510877,0.04444909,-26.801289,2.1987169,0.7329056,0.16800001,0.0,0.14381297,0.40000004,0.42000005,73600
hardzero_plus_depr__c0p50__z1p00__lam0p020__nu0p50__psi0p75,hardzero_plus_depr,0.06,32,23,0.0,2,0.037338108,0.037338108,1.0678561,0.0,0.08553502,0.0,0.0,0.04378733,-29.202904,2.3493302,0.7831101,0.14400001,0.0,0.18845978,0.42000005,0.44000006,76800
hardzero_plus_depr__c0p50__z1p00__lam0p020__nu0p50__psi0p75,hardzero_plus_depr,0.06,32,24,0.0,2,0.037338108,0.042063437,0.96040195,0.10954639,0.10954639,1.0,0.00472533,0.043135423,-25.917044,2.1129265,0.70430887,0.224,0.008,0.14525826,0.44000006,0.46000007,80000
hardzero_plus_depr__c0p50__z1p00__lam0p020__nu0p50__psi0p75,hardzero_plus_depr,0.06,32,25,0.0,2,0.042063437,0.04665389,0.96646416,0.10802786,0.10802786,1.0,0.0045904513,0.042493217,-26.183273,2.1262636,0.70875454,0.2,0.0,0.16365919,0.46000007,0.48000008,83200
hardzero_plus_depr__c0p50__z1p00__lam0p020__nu0p50__psi0p75,hardzero_plus_depr,0.06,32,26,0.0,2,0.04665389,0.04665389,1.0362976,0.0,0.09198192,0.0,0.0,0.041860577,-26.990343,2.2799,0.75996673,0.14,0.0,0.13403791,0.48000008,0.50000006,86400
hardzero_plus_depr__c0p50__z1p00__lam0p020__nu0p50__psi0p75,hardzero_plus_depr,0.06,32,27,0.0,2,0.04665389,0.04665389,1.0176828,0.0,0.096010156,0.0,0.0,0.041237354,-26.966564,2.238947,0.74631566,0.15200001,0.0,0.14236498,0.50000006,0.52000004,89600
hardzero_plus_depr__c0p50__z1p00__lam0p020__nu0p50__psi0p75,hardzero_plus_depr,0.06,32,28,0.0,2,0.04665389,0.04665389,1.0196539,0.0,0.0955754,0.0,0.0,0.04062341,-27.74755,2.2432835,0.7477612,0.17600001,0.0,0.1411644,0.52000004,0.54,92800
hardzero_plus_depr__c0p50__z1p00__lam0p020__nu0p50__psi0p75,hardzero_plus_depr,0.06,32,29,0.0,2,0.04665389,0.04665389,1.0103123,0.0,0.097653456,0.0,0.0,0.040018607,-26.471735,2.2227316,0.74091053,0.14400001,0.0,0.16972291,0.54,0.56,96000
hardzero_plus_depr__c0p50__z1p00__lam0p020__nu0p50__psi0p75,hardzero_plus_depr,0.06,32,30,0.0,2,0.04665389,0.051266987,0.931755,0.117015935,0.117015935,1.0,0.0046130964,0.039422806,-25.250338,2.049902,0.6833007,0.18400002,0.0,0.15257998,0.56,0.58,99200
hardzero_plus_depr__c0p50__z1p00__lam0p020__nu0p50__psi0p75,hardzero_plus_depr,0.06,32,31,0.0,2,0.051266987,0.051266987,1.0039731,0.0,0.09908933,0.0,0.0,0.03883588,-26.81721,2.208785,0.7362617,0.208,0.0,0.14400819,0.58,0.59999996,102400
hardzero_plus_depr__c0p50__z1p00__lam0p020__nu0p50__psi0p75,hardzero_plus_depr,0.06,32,32,0.0,2,0.051266987,0.05519908,0.9880948,0.10277918,0.10277918,1.0,0.0039320937,0.03825769,-26.037447,2.173852,0.72461736,0.18400002,0.0,0.16166824,0.59999996,0.61999995,105600
hardzero_plus_depr__c0p50__z1p00__lam0p020__nu0p50__psi0p75,hardzero_plus_depr,0.06,32,33,0.0,2,0.05519908,0.05897446,0.99924344,0.10017436,0.10017436,1.0,0.003775382,0.037688106,-27.212435,2.1983795,0.7327932,0.16800001,0.0,0.1899302,0.61999995,0.6399999,108800
hardzero_plus_depr__c0p50__z1p00__lam0p020__nu0p50__psi0p75,hardzero_plus_depr,0.06,32,34,0.0,2,0.05897446,0.062860705,0.98015964,0.10467437,0.10467437,1.0,0.0038862461,0.037127007,-26.781591,2.1563942,0.7187981,0.192,0.0,0.13532594,0.6399999,0.6599999,112000
hardzero_plus_depr__c0p50__z1p00__lam0p020__nu0p50__psi0p75,hardzero_plus_depr,0.06,32,35,0.0,2,0.062860705,0.066669695,0.9823659,0.10414397,0.10414397,1.0,0.0038089885,0.03657426,-27.168982,2.1612482,0.72041607,0.15200001,0.0,0.15628771,0.6599999,0.6799999,115200
hardzero_plus_depr__c0p50__z1p00__lam0p020__nu0p50__psi0p75,hardzero_plus_depr,0.06,32,36,0.0,2,0.066669695,0.066669695,1.087724,0.0,0.08171016,0.0,0.0,0.036029737,-27.929842,2.3930404,0.79768014,0.14400001,0.0,0.15651815,0.6799999,0.69999987,118400
hardzero_plus_depr__c0p50__z1p00__lam0p020__nu0p50__psi0p75,hardzero_plus_depr,0.06,32,37,0.0,2,0.066669695,0.066669695,1.0005242,0.0,0.099879384,0.0,0.0,0.035493325,-27.382174,2.2011971,0.7337324,0.192,0.0,0.1574996,0.69999987,0.71999985,121600
hardzero_plus_depr__c0p50__z1p00__lam0p020__nu0p50__psi0p75,hardzero_plus_depr,0.06,32,38,0.0,2,0.066669695,0.070318796,0.9814466,0.10436464,0.10436464,1.0,0.0036490988,0.034964897,-26.808113,2.1592257,0.71974194,0.224,0.0,0.1376002,0.71999985,0.73999983,124800
hardzero_plus_depr__c0p50__z1p00__lam0p020__nu0p50__psi0p75,hardzero_plus_depr,0.06,32,39,0.0,2,0.070318796,0.070318796,1.034961,0.0,0.092265435,0.0,0.0,0.03444434,-27.146996,2.2769597,0.7589866,0.14,0.0,0.15740153,0.73999983,0.7599998,128000
hardzero_plus_depr__c0p50__z1p00__lam0p020__nu0p50__psi0p75,hardzero_plus_depr,0.06,32,40,0.0,2,0.070318796,0.07393638,0.972185,0.10661418,0.10661418,1.0,0.003617582,0.033931527,-26.079838,2.1388497,0.71294993,0.208,0.0,0.14449702,0.7599998,0.7799998,131200
hardzero_plus_depr__c0p50__z1p00__lam0p020__nu0p50__psi0p75,hardzero_plus_depr,0.06,32,41,0.0,2,0.07393638,0.07393638,1.0282583,0.0,0.09370044,0.0,0.0,0.03342635,-27.029469,2.2622135,0.7540712,0.192,0.0,0.16080406,0.7799998,0.7999998,134400
hardzero_plus_depr__c0p50__z1p00__lam0p020__nu0p50__psi0p75,hardzero_plus_depr,0.06,32,42,0.0,2,0.07393638,0.07746746,0.96966714,0.10723408,0.10723408,1.0,0.003531079,0.0329287,-26.390087,2.1333103,0.71110344,0.16000001,0.0,0.17725511,0.7999998,0.81999975,137600
hardzero_plus_depr__c0p50__z1p00__lam0p020__nu0p50__psi0p75,hardzero_plus_depr,0.06,32,43,0.0,2,0.07746746,0.07746746,1.0489608,0.0,0.08933861,0.0,0.0,0.03243846,-27.813934,2.3077598,0.76925325,0.128,0.0,0.17492712,0.81999975,0.83999974,140800
hardzero_plus_depr__c0p50__z1p00__lam0p020__nu0p50__psi0p75,hardzero_plus_depr,0.06,32,44,0.0,2,0.07746746,0.08087233,0.972445,0.10655037,0.10655037,1.0,0.003404872,0.031955514,-26.202337,2.1394217,0.7131406,0.216,0.0,0.15118553,0.83999974,0.8599997,144000
hardzero_plus_depr__c0p50__z1p00__lam0p020__nu0p50__psi0p75,hardzero_plus_depr,0.06,32,45,0.0,2,0.08087233,0.084096506,0.98961186,0.10242079,0.10242079,1.0,0.003224182,0.03147976,-26.40706,2.1771896,0.7257299,0.16800001,0.0,0.14851788,0.8599997,0.8799997,147200
hardzero_plus_depr__c0p50__z1p00__lam0p020__nu0p50__psi0p75,hardzero_plus_depr,0.06,32,46,0.0,2,0.084096506,0.0876514,0.9406901,0.11463307,0.11463307,1.0,0.0035548958,0.031011084,-25.793562,2.0695596,0.6898532,0.24000001,0.0,0.13220327,0.8799997,0.8999997,150400
hardzero_plus_depr__c0p50__z1p00__lam0p020__nu0p50__psi0p75,hardzero_plus_depr,0.06,32,47,0.0,2,0.0876514,0.091000855,0.9600284,0.109640636,0.109640636,1.0,0.0033494546,0.03054939,-26.680208,2.1121047,0.7040349,0.17600001,0.0,0.14115304,0.8999997,0.91999966,153600
hardzero_plus_depr__c0p50__z1p00__lam0p020__nu0p50__psi0p75,hardzero_plus_depr,0.06,32,48,0.0,2,0.091000855,0.094077215,0.9904512,0.10222304,0.10222304,1.0,0.0030763582,0.03009457,-25.905792,2.1790361,0.7263454,0.120000005,0.0,0.14181556,0.91999966,0.93999964,156800
hardzero_plus_depr__c0p50__z1p00__lam0p020__nu0p50__psi0p75,hardzero_plus_depr,0.06,32,49,0.0,2,0.094077215,0.09714028,0.98581696,0.103319675,0.103319675,1.0,0.003063069,0.029646521,-27.5867,2.1688406,0.7229469,0.216,0.0,0.14766178,0.93999964,0.9599996,160000
hardzero_plus_depr__c0p50__z1p00__lam0p020__nu0p50__psi0p75,hardzero_plus_depr,0.06,32,50,0.0,2,0.09714028,0.10009075,0.995568,0.10102572,0.10102572,1.0,0.0029504707,0.029205143,-26.863,2.1902933,0.7300978,0.136,0.0,0.15064013,0.9599996,0.9799996,163200
hardzero_plus_depr__c0p50__z1p00__lam0p020__nu0p50__psi0p75,hardzero_plus_depr,0.06,32,51,0.0,2,0.10009075,0.10009075,1.0030916,0.0,0.099290654,0.0,0.0,0.028770335,-26.738733,2.2068455,0.7356152,0.256,0.0,0.13654974,0.9799996,0.9999996,166400
hardzero_plus_depr__c0p50__z1p00__lam0p020__nu0p50__psi0p75,hardzero_plus_depr,0.06,32,52,0.0,2,0.10009075,0.10009075,1.0582075,0.0,0.08745658,0.0,0.0,0.028342001,-27.65129,2.328103,0.77603436,0.16,0.0,0.14667252,0.9999996,1.0199996,169600
hardzero_plus_depr__c0p50__z1p00__lam0p020__nu0p50__psi0p75,hardzero_plus_depr,0.06,32,53,0.0,2,0.10009075,0.10319236,0.9543285,0.111089125,0.111089125,1.0,0.0031016131,0.027920043,-26.898504,2.0995646,0.69985485,0.16000001,0.0,0.14746499,1.0199996,1.0399996,172800
hardzero_plus_depr__c0p50__z1p00__lam0p020__nu0p50__psi0p75,hardzero_plus_depr,0.06,32,54,0.0,2,0.10319236,0.10627457,0.95053977,0.11206247,0.11206247,1.0,0.0030822074,0.027504368,-26.142702,2.0912292,0.69707644,0.18400002,0.0,0.1424752,1.0399996,1.0599996,176000
hardzero_plus_depr__c0p50__z1p00__lam0p020__nu0p50__psi0p75,hardzero_plus_depr,0.06,32,55,0.0,2,0.10627457,0.10627457,1.0320368,0.0,0.092888765,0.0,0.0,0.027094882,-27.589355,2.2705262,0.7568421,0.120000005,0.0,0.16255444,1.0599996,1.0799996,179200
hardzero_plus_depr__c0p50__z1p00__lam0p020__nu0p50__psi0p75,hardzero_plus_depr,0.06,32,56,0.0,2,0.10627457,0.10627457,1.0145824,0.0,0.09669802,0.0,0.0,0.026691493,-26.511738,2.2321258,0.7440419,0.15200001,0.0,0.14735797,1.0799996,1.0999995,182400
hardzero_plus_depr__c0p50__z1p00__lam0p020__nu0p50__psi0p75,hardzero_plus_depr,0.06,32,57,0.0,2,0.10627457,0.10925676,0.94532335,0.11341661,0.11341661,1.0,0.0029821885,0.026294107,-26.334322,2.079753,0.693251,0.16800001,0.0,0.13688836,1.0999995,1.1199995,185600
hardzero_plus_depr__c0p50__z1p00__lam0p020__nu0p50__psi0p75,hardzero_plus_depr,0.06,32,58,0.0,2,0.10925676,0.10925676,1.0096904,0.0,0.097793415,0.0,0.0,0.025902638,-27.167007,2.2213633,0.74045444,0.18400002,0.0,0.17459305,1.1199995,1.1399995,188800
hardzero_plus_depr__c0p50__z1p00__lam0p020__nu0p50__psi0p75,hardzero_plus_depr,0.06,32,59,0.0,2,0.10925676,0.10925676,1.0005329,0.0,0.09987738,0.0,0.0,0.025517,-26.060884,2.2012162,0.7337388,0.16000001,0.0,0.16523927,1.1399995,1.1599995,192000
hardzero_plus_depr__c0p50__z1p00__lam0p020__nu0p50__psi0p75,hardzero_plus_depr,0.06,32,60,0.0,2,0.10925676,0.11185785,0.9851607,0.10347591,0.10347591,1.0,0.0026010845,0.0251371,-27.808662,2.1673968,0.72246563,0.208,0.0,0.17720327,1.1599995,1.1799995,195200
hardzero_plus_depr__c0p50__z1p00__lam0p020__nu0p50__psi0p75,hardzero_plus_depr,0.06,32,61,0.0,2,0.11185785,0.11443753,0.9822349,0.10417538,0.10417538,1.0,0.0025796806,0.024762861,-26.236095,2.16096,0.72032,0.192,0.008,0.15912516,1.1799995,1.1999995,198400
hardzero_plus_depr__c0p50__z1p00__lam0p020__nu0p50__psi0p75,hardzero_plus_depr,0.06,32,62,0.0,2,0.11443753,0.11443753,1.0116315,0.0,0.097357295,0.0,0.0,0.02439419,-27.307087,2.2256336,0.7418779,0.120000005,0.0,0.17016314,1.1999995,1.2199994,201600
hardzero_plus_depr__c0p50__z1p00__lam0p020__nu0p50__psi0p75,hardzero_plus_depr,0.06,32,63,0.0,2,0.11443753,0.11443753,1.0583813,0.0,0.08742157,0.0,0.0,0.024031008,-28.001474,2.3284855,0.77616185,0.136,0.0,0.17958476,1.2199994,1.2399994,204800
hardzero_plus_depr__c0p50__z1p00__lam0p020__nu0p50__psi0p75,hardzero_plus_depr,0.06,32,64,0.0,2,0.11443753,0.11443753,1.0190525,0.0,0.095707834,0.0,0.0,0.023673233,-28.33216,2.2419603,0.7473201,0.136,0.0,0.1721319,1.2399994,1.2599994,208000
hardzero_plus_depr__c0p50__z1p00__lam0p020__nu0p50__psi0p75,hardzero_plus_depr,0.06,32,65,0.0,2,0.11443753,0.11696557,0.9649585,0.10840305,0.10840305,1.0,0.0025280442,0.023320785,-26.859673,2.122951,0.70765036,0.13,0.0,0.14662962,1.2599994,1.2799994,211200
hardzero_plus_depr__c0p50__z1p00__lam0p020__nu0p50__psi0p75,hardzero_plus_depr,0.06,32,66,0.0,2,0.11696557,0.11927404,0.9979041,0.100483745,0.100483745,1.0,0.0023084716,0.022973582,-26.900753,2.195433,0.731811,0.16800001,0.0,0.13788542,1.2799994,1.2999994,214400
hardzero_plus_depr__c0p50__z1p00__lam0p020__nu0p50__psi0p75,hardzero_plus_depr,0.06,32,67,0.0,2,0.11927404,0.11927404,1.0085351,0.0,0.098053895,0.0,0.0,0.02263155,-26.842407,2.2188215,0.7396072,0.224,0.0,0.15201126,1.2999994,1.3199993,217600
hardzero_plus_depr__c0p50__z1p00__lam0p020__nu0p50__psi0p75,hardzero_plus_depr,0.06,32,68,0.0,2,0.11927404,0.11927404,1.0269253,0.0,0.093988486,0.0,0.0,0.022294613,-27.580643,2.259281,0.75309366,0.15200001,0.0,0.1873577,1.3199993,1.3399993,220800
hardzero_plus_depr__c0p50__z1p00__lam0p020__nu0p50__psi0p75,hardzero_plus_depr,0.06,32,69,0.0,2,0.11927404,0.11927404,1.0136782,0.0,0.09689957,0.0,0.0,0.02196269,-26.762861,2.2301366,0.7433789,0.136,0.0,0.14356782,1.3399993,1.3599993,224000
hardzero_plus_depr__c0p50__z1p00__lam0p020__nu0p50__psi0p75,hardzero_plus_depr,0.06,32,70,0.0,2,0.11927404,0.11927404,1.0474446,0.0,0.08965105,0.0,0.0,0.021635707,-27.802893,2.304424,0.7681414,0.15200001,0.0,0.18009761,1.3599993,1.3799993,227200
hardzero_plus_depr__c0p50__z1p00__lam0p020__nu0p50__psi0p75,hardzero_plus_depr,0.06,32,71,0.0,2,0.11927404,0.121598326,0.9623683,0.1090515,0.1090515,1.0,0.0023242796,0.021313595,-26.415825,2.1172526,0.7057509,0.16000001,0.0,0.15885378,1.3799993,1.3999993,230400
hardzero_plus_depr__c0p50__z1p00__lam0p020__nu0p50__psi0p75,hardzero_plus_depr,0.06,32,72,0.0,2,0.121598326,0.12370075,0.9994212,0.10013337,0.10013337,1.0,0.0021024279,0.020996276,-26.83655,2.1987705,0.7329235,0.17600001,0.0,0.20338082,1.3999993,1.4199992,233600
hardzero_plus_depr__c0p50__z1p00__lam0p020__nu0p50__psi0p75,hardzero_plus_depr,0.06,32,73,0.0,2,0.12370075,0.12370075,1.0087389,0.0,0.098007895,0.0,0.0,0.020683683,-27.18859,2.2192698,0.7397566,0.136,0.0,0.14510092,1.4199992,1.4399992,236800
hardzero_plus_depr__c0p50__z1p00__lam0p020__nu0p50__psi0p75,hardzero_plus_depr,0.06,32,74,0.0,2,0.12370075,0.12370075,1.0052661,0.0,0.098794766,0.0,0.0,0.020375742,-27.636162,2.2116296,0.7372099,0.192,0.0,0.14584902,1.4399992,1.4599992,240000
hardzero_plus_depr__c0p50__z1p00__lam0p020__nu0p50__psi0p75,hardzero_plus_depr,0.06,32,75,0.0,2,0.12370075,0.12370075,1.0353283,0.0,0.09218744,0.0,0.0,0.020072388,-27.747566,2.2777677,0.7592559,0.15200001,0.0,0.18935823,1.4599992,1.4799992,243200
hardzero_plus_depr__c0p50__z1p00__lam0p020__nu0p50__psi0p75,hardzero_plus_depr,0.06,32,76,0.0,2,0.12370075,0.12588236,0.9573072,0.110329784,0.110329784,1.0,0.0021816113,0.019773548,-25.569515,2.106118,0.70203936,0.18400002,0.0,0.14799836,1.4799992,1.4999992,246400
hardzero_plus_depr__c0p50__z1p00__lam0p020__nu0p50__psi0p75,hardzero_plus_depr,0.06,32,77,0.0,2,0.12588236,0.12588236,1.0551344,0.0,0.08807762,0.0,0.0,0.019479157,-27.618168,2.321342,0.7737807,0.136,0.0,0.16735564,1.4999992,1.5199991,249600
hardzero_plus_depr__c0p50__z1p00__lam0p020__nu0p50__psi0p75,hardzero_plus_depr,0.06,32,78,0.0,2,0.12588236,0.12588236,1.0161995,0.0,0.096338645,0.0,0.0,0.019189153,-27.396057,2.2356834,0.7452278,0.16,0.0,0.13861682,1.5199991,1.5399991,252800
hardzero_plus_depr__c0p50__z1p00__lam0p020__nu0p50__psi0p75,hardzero_plus_depr,0.06,32,79,0.0,2,0.12588236,0.12786238,0.9798717,0.10474379,0.10474379,1.0,0.0019800204,0.018903462,-27.22515,2.1557608,0.7185869,0.24800001,0.0,0.167929,1.5399991,1.5599991,256000
hardzero_plus_depr__c0p50__z1p00__lam0p020__nu0p50__psi0p75,hardzero_plus_depr,0.06,32,80,0.0,2,0.12786238,0.12976456,0.99077576,0.10214666,0.10214666,1.0,0.0019021782,0.01862203,-26.814259,2.1797502,0.7265834,0.128,0.0,0.15131119,1.5599991,1.5799991,259200
hardzero_plus_depr__c0p50__z1p00__lam0p020__nu0p50__psi0p75,hardzero_plus_depr,0.06,32,81,0.0,2,0.12976456,0.12976456,1.0341259,0.0,0.09244302,0.0,0.0,0.018344784,-28.000366,2.2751224,0.75837415,0.120000005,0.0,0.18327767,1.5799991,1.5999991,262400
hardzero_plus_depr__c0p50__z1p00__lam0p020__nu0p50__psi0p75,hardzero_plus_depr,0.06,32,82,0.0,2,0.12976456,0.12976456,1.0369365,0.0,0.0918467,0.0,0.0,0.018071664,-27.722418,2.2813058,0.7604353,0.120000005,0.0,0.1512204,1.5999991,1.619999,265600
hardzero_plus_depr__c0p50__z1p00__lam0p020__nu0p50__psi0p75,hardzero_plus_depr,0.06,32,83,0.0,2,0.12976456,0.13162062,0.98189116,0.104257874,0.104257874,1.0,0.0018560626,0.017802613,-26.544277,2.1602037,0.7200679,0.192,0.0,0.13324054,1.619999,1.639999,268800
hardzero_plus_depr__c0p50__z1p00__lam0p020__nu0p50__psi0p75,hardzero_plus_depr,0.06,32,84,0.0,2,0.13162062,0.1335345,0.9620536,0.109130576,0.109130576,1.0,0.0019138847,0.017537566,-26.756489,2.1165602,0.7055201,0.2,0.0,0.16393013,1.639999,1.659999,272000
hardzero_plus_depr__c0p50__z1p00__lam0p020__nu0p50__psi0p75,hardzero_plus_depr,0.06,32,85,0.0,2,0.1335345,0.1335345,1.0129961,0.0,0.09705187,0.0,0.0,0.017276466,-27.664917,2.2286358,0.7428786,0.136,0.0,0.15633573,1.659999,1.679999,275200
hardzero_plus_depr__c0p50__z1p00__lam0p020__nu0p50__psi0p75,hardzero_plus_depr,0.06,32,86,0.0,2,0.1335345,0.13537255,0.966585,0.107997835,0.107997835,1.0,0.0018380425,0.017019253,-26.758265,2.1265295,0.7088432,0.15200001,0.0,0.14828731,1.679999,1.699999,278400
hardzero_plus_depr__c0p50__z1p00__lam0p020__nu0p50__psi0p75,hardzero_plus_depr,0.06,32,87,0.0,2,0.13537255,0.13723111,0.9552507,0.11085346,0.11085346,1.0,0.0018585548,0.01676587,-26.50363,2.1015935,0.7005312,0.208,0.0,0.16844869,1.699999,1.719999,281600
hardzero_plus_depr__c0p50__z1p00__lam0p020__nu0p50__psi0p75,hardzero_plus_depr,0.06,32,88,0.0,2,0.13723111,0.13902338,0.96450746,0.108515695,0.108515695,1.0,0.0017922734,0.016516259,-25.830072,2.1219587,0.7073196,0.16800001,0.0,0.1462619,1.719999,1.7399989,284800
hardzero_plus_depr__c0p50__z1p00__lam0p020__nu0p50__psi0p75,hardzero_plus_depr,0.06,32,89,0.0,2,0.13902338,0.14067557,0.9933372,0.10154598,0.10154598,1.0,0.0016521902,0.016270366,-25.896072,2.1853855,0.72846186,0.16000001,0.0,0.14401092,1.7399989,1.7599989,288000
hardzero_plus_depr__c0p50__z1p00__lam0p020__nu0p50__psi0p75,hardzero_plus_depr,0.06,32,90,0.0,2,0.14067557,0.14237948,0.9734379,0.10630706,0.10630706,1.0,0.0017039034,0.01602813,-25.677755,2.141606,0.71386874,0.28,0.0,0.14886871,1.7599989,1.7799989,291200
hardzero_plus_depr__c0p50__z1p00__lam0p020__nu0p50__psi0p75,hardzero_plus_depr,0.06,32,91,0.0,2,0.14237948,0.14410947,0.9603254,0.10956569,0.10956569,1.0,0.0017299878,0.015789503,-26.010569,2.1127582,0.7042527,0.21,0.0,0.15001725,1.7799989,1.7999989,294400
hardzero_plus_depr__c0p50__z1p00__lam0p020__nu0p50__psi0p75,hardzero_plus_depr,0.06,32,92,0.0,2,0.14410947,0.1457001,0.99028736,0.1022616,0.1022616,1.0,0.0015906207,0.015554428,-27.37289,2.1786757,0.72622526,0.16000001,0.0,0.14966103,1.7999989,1.8199989,297600
hardzero_plus_depr__c0p50__z1p00__lam0p020__nu0p50__psi0p75,hardzero_plus_depr,0.06,32,93,0.0,2,0.1457001,0.1457001,1.0390486,0.0,0.09140109,0.0,0.0,0.015322854,-27.562292,2.2859523,0.7619841,0.112,0.0,0.15308982,1.8199989,1.8399988,300800
hardzero_plus_depr__c0p50__z1p00__lam0p020__nu0p50__psi0p75,hardzero_plus_depr,0.06,32,94,0.0,2,0.1457001,0.14725274,0.98775595,0.102859415,0.102859415,1.0,0.0015526348,0.015094726,-25.494377,2.1731064,0.7243688,0.15200001,0.0,0.14325814,1.8399988,1.8599988,304000
hardzero_plus_depr__c0p50__z1p00__lam0p020__nu0p50__psi0p75,hardzero_plus_depr,0.06,32,95,0.0,2,0.14725274,0.14725274,1.0093514,0.0,0.097869776,0.0,0.0,0.0148699945,-26.039446,2.2206173,0.74020576,0.192,0.0,0.15637733,1.8599988,1.8799988,307200
hardzero_plus_depr__c0p50__z1p00__lam0p020__nu0p50__psi0p75,hardzero_plus_depr,0.06,32,96,0.0,2,0.14725274,0.14884876,0.9627585,0.10895358,0.10895358,1.0,0.0015960184,0.01464861,-25.782097,2.118111,0.706037,0.128,0.0,0.12423731,1.8799988,1.8999988,310400
hardzero_plus_depr__c0p50__z1p00__lam0p020__nu0p50__psi0p75,hardzero_plus_depr,0.06,32,97,0.0,2,0.14884876,0.1504618,0.9516369,0.111779734,0.111779734,1.0,0.0016130398,0.01443052,-25.735807,2.093643,0.697881,0.18400002,0.0,0.14275411,1.8999988,1.9199988,313600
hardzero_plus_depr__c0p50__z1p00__lam0p020__nu0p50__psi0p75,hardzero_plus_depr,0.06,32,98,0.0,2,0.1504618,0.1504618,1.0483862,0.0,0.08945688,0.0,0.0,0.014215678,-28.449373,2.3064957,0.7688319,0.104,0.0,0.16669309,1.9199988,1.9399987,316800
hardzero_plus_depr__c0p50__z1p00__lam0p020__nu0p50__psi0p75,hardzero_plus_depr,0.06,32,99,0.0,2,0.1504618,0.1504618,1.029923,0.0,0.09334199,0.0,0.0,0.014004034,-27.593157,2.2658758,0.75529194,0.16000001,0.0,0.18520106,1.9399987,1.9599987,320000
hardzero_plus_depr__c0p50__z1p00__lam0p020__nu0p50__psi0p75,hardzero_plus_depr,0.06,32,100,0.0,2,0.1504618,0.15200534,0.9512165,0.111887984,0.111887984,1.0,0.0015435554,0.0137955425,-25.612026,2.0927181,0.6975727,0.17600001,0.0,0.13382615,1.9599987,1.9799987,323200
hardzero_plus_depr__c0p50__z1p00__lam0p020__nu0p50__psi0p75,hardzero_plus_depr,0.06,32,101,0.0,2,0.15200534,0.1534905,0.9614529,0.109281614,0.109281614,1.0,0.0014851539,0.013590153,-26.498411,2.1152387,0.70507956,0.136,0.0,0.15761125,1.9799987,1.9999987,326400
hardzero_plus_depr__c0p50__z1p00__lam0p020__nu0p50__psi0p75,hardzero_plus_depr,0.06,32,102,0.0,2,0.1534905,0.1534905,1.0035077,0.0,0.099195555,0.0,0.0,0.0133878235,-27.147755,2.207761,0.73592037,0.17600001,0.0,0.17132099,1.9999987,2.0199988,329600
hardzero_plus_depr__c0p50__z1p00__lam0p020__nu0p50__psi0p75,hardzero_plus_depr,0.06,32,103,0.0,2,0.1534905,0.1534905,1.025844,0.0,0.094222814,0.0,0.0,0.013188502,-26.931564,2.2569017,0.7523006,0.192,0.0,0.17221358,2.0199988,2.0399988,332800
hardzero_plus_depr__c0p50__z1p00__lam0p020__nu0p50__psi0p75,hardzero_plus_depr,0.06,32,104,0.0,2,0.1534905,0.15491796,0.95912004,0.10987021,0.10987021,1.0,0.0014274507,0.012992154,-25.810585,2.1101062,0.7033688,0.14,0.0,0.12782888,2.0399988,2.0599988,336000
hardzero_plus_depr__c0p50__z1p00__lam0p020__nu0p50__psi0p75,hardzero_plus_depr,0.06,32,105,0.0,2,0.15491796,0.15491796,1.0147661,0.0,0.096657135,0.0,0.0,0.012798723,-27.00506,2.2325299,0.7441766,0.17600001,0.0,0.15190107,2.0599988,2.0799987,339200
hardzero_plus_depr__c0p50__z1p00__lam0p020__nu0p50__psi0p75,hardzero_plus_depr,0.06,32,106,0.0,2,0.15491796,0.15620992,0.98940444,0.10246972,0.10246972,1.0,0.0012919563,0.012608176,-26.655403,2.1767333,0.7255778,0.18400002,0.0,0.14824903,2.0799987,2.0999987,342400
hardzero_plus_depr__c0p50__z1p00__lam0p020__nu0p50__psi0p75,hardzero_plus_depr,0.06,32,107,0.0,2,0.15620992,0.15754558,0.9684387,0.107537836,0.107537836,1.0,0.0013356699,0.012420464,-25.618225,2.1306076,0.7102026,0.14400001,0.0,0.1482877,2.0999987,2.1199987,345600
hardzero_plus_depr__c0p50__z1p00__lam0p020__nu0p50__psi0p75,hardzero_plus_depr,0.06,32,108,0.0,2,0.15754558,0.15754558,1.0328851,0.0,0.09270749,0.0,0.0,0.012235549,-27.325762,2.2723925,0.7574642,0.15200001,0.0,0.1684295,2.1199987,2.1399987,348800
hardzero_plus_depr__c0p50__z1p00__lam0p020__nu0p50__psi0p75,hardzero_plus_depr,0.06,32,109,0.0,2,0.15754558,0.15754558,1.0646828,0.0,0.08616228,0.0,0.0,0.012053384,-27.87333,2.342349,0.78078306,0.112,0.0,0.1877493,2.1399987,2.1599987,352000
hardzero_plus_depr__c0p50__z1p00__lam0p020__nu0p50__psi0p75,hardzero_plus_depr,0.06,32,110,0.0,2,0.15754558,0.15873611,0.99885666,0.1002636,0.1002636,1.0,0.0011905235,0.011873934,-27.505362,2.1975286,0.73250955,0.16000001,0.0,0.15119314,2.1599987,2.1799986,355200
hardzero_plus_depr__c0p50__z1p00__lam0p020__nu0p50__psi0p75,hardzero_plus_depr,0.06,32,111,0.0,2,0.15873611,0.15873611,1.01311,0.0,0.097026415,0.0,0.0,0.011697154,-27.036423,2.2288866,0.74296224,0.18400002,0.0,0.15364736,2.1799986,2.1999986,358400
hardzero_plus_depr__c0p50__z1p00__lam0p020__nu0p50__psi0p75,hardzero_plus_depr,0.06,32,112,0.0,2,0.15873611,0.15990639,0.9932789,0.10155961,0.10155961,1.0,0.0011702721,0.011523007,-27.354094,2.1852572,0.72841907,0.16800001,0.0,0.1414116,2.1999986,2.2199986,361600
hardzero_plus_depr__c0p50__z1p00__lam0p020__nu0p50__psi0p75,hardzero_plus_depr,0.06,32,113,0.0,2,0.15990639,0.16111855,0.97148746,0.106785566,0.106785566,1.0,0.0012121709,0.011351449,-26.437338,2.137315,0.71243834,0.18400002,0.0,0.1396721,2.2199986,2.2399986,364800
hardzero_plus_depr__c0p50__z1p00__lam0p020__nu0p50__psi0p75,hardzero_plus_depr,0.06,32,114,0.0,2,0.16111855,0.16223887,0.9991965,0.10018518,0.10018518,1.0,0.0011203159,0.011182451,-26.936813,2.1982763,0.73275876,0.15200001,0.0,0.17626464,2.2399986,2.2599986,368000
hardzero_plus_depr__c0p50__z1p00__lam0p020__nu0p50__psi0p75,hardzero_plus_depr,0.06,32,115,0.0,2,0.16223887,0.16334447,0.9984199,0.10036449,0.10036449,1.0,0.0011056118,0.011015966,-27.391546,2.1965675,0.7321892,0.192,0.0,0.17054296,2.2599986,2.2799985,371200
hardzero_plus_depr__c0p50__z1p00__lam0p020__nu0p50__psi0p75,hardzero_plus_depr,0.06,32,116,0.0,2,0.16334447,0.1644902,0.9764303,0.10557709,0.10557709,1.0,0.0011457183,0.01085196,-26.328627,2.1481895,0.7160632,0.14400001,0.0,0.15071557,2.2799985,2.2999985,374400
hardzero_plus_depr__c0p50__z1p00__lam0p020__nu0p50__psi0p75,hardzero_plus_depr,0.06,32,117,0.0,2,0.1644902,0.1644902,1.0031008,0.0,0.099288575,0.0,0.0,0.010690395,-27.639523,2.2068658,0.7356219,0.14,0.0,0.15122835,2.2999985,2.3199985,377600
hardzero_plus_depr__c0p50__z1p00__lam0p020__nu0p50__psi0p75,hardzero_plus_depr,0.06,32,118,0.0,2,0.1644902,0.16561015,0.97327685,0.10634648,0.10634648,1.0,0.0011199599,0.0105312355,-25.792032,2.1412518,0.7137506,0.24800001,0.008,0.13144442,2.3199985,2.3399985,380800
hardzero_plus_depr__c0p50__z1p00__lam0p020__nu0p50__psi0p75,hardzero_plus_depr,0.06,32,119,0.0,2,0.16561015,0.16666609,0.99232304,0.101783395,0.101783395,1.0,0.0010559462,0.0103744455,-26.359552,2.1831543,0.7277181,0.208,0.0,0.1560495,2.3399985,2.3599985,384000
hardzero_plus_depr__c0p50__z1p00__lam0p020__nu0p50__psi0p75,hardzero_plus_depr,0.06,32,120,0.0,2,0.16666609,0.16666609,1.0036726,0.0,0.09915792,0.0,0.0,0.010219992,-26.6572,2.2081237,0.73604125,0.16800001,0.0,0.16335362,2.3599985,2.3799984,387200
hardzero_plus_depr__c0p50__z1p00__lam0p020__nu0p50__psi0p75,hardzero_plus_depr,0.06,32,121,0.0,2,0.16666609,0.16666609,1.0240182,0.0,0.09461976,0.0,0.0,0.010067834,-27.223162,2.2528849,0.75096166,0.192,0.008,0.15121278,2.3799984,2.3999984,390400
hardzero_plus_depr__c0p50__z1p00__lam0p020__nu0p50__psi0p75,hardzero_plus_depr,0.06,32,122,0.0,2,0.16666609,0.16666609,1.0165654,0.0,0.09625749,0.0,0.0,0.009917946,-27.027267,2.2364886,0.7454962,0.192,0.0,0.14807248,2.3999984,2.4199984,393600
hardzero_plus_depr__c0p50__z1p00__lam0p020__nu0p50__psi0p75,hardzero_plus_depr,0.06,32,123,0.0,2,0.16666609,0.16666609,1.0300732,0.0,0.09330971,0.0,0.0,0.009770286,-27.4347,2.2662063,0.7554021,0.16000001,0.0,0.15743524,2.4199984,2.4399984,396800
hardzero_plus_depr__c0p50__z1p00__lam0p020__nu0p50__psi0p75,hardzero_plus_depr,0.06,32,124,0.0,2,0.16666609,0.16666609,1.0429314,0.0,0.09058755,0.0,0.0,0.009624826,-27.604557,2.2944949,0.76483166,0.16800001,0.0,0.13865535,2.4399984,2.4599984,400000
hardzero_plus_depr__c0p50__z1p00__lam0p020__nu0p50__psi0p75,hardzero_plus_depr,0.06,32,125,0.0,2,0.16666609,0.16666609,1.0181186,0.0,0.095913865,0.0,0.0,0.00948153,-27.319317,2.2399056,0.7466352,0.128,0.0,0.16721834,2.4599984,2.4799984,403200
hardzero_plus_depr__c0p50__z1p00__lam0p020__nu0p50__psi0p75,hardzero_plus_depr,0.06,32,126,0.0,2,0.16666609,0.16666609,1.0125884,0.0,0.097143024,0.0,0.0,0.009340369,-26.518951,2.2277389,0.74257964,0.16000001,0.0,0.12543704,2.4799984,2.4999983,406400
hardzero_plus_depr__c0p50__z1p00__lam0p020__nu0p50__psi0p75,hardzero_plus_depr,0.06,32,127,0.0,2,0.16666609,0.16666609,1.0000589,0.0,0.099986434,0.0,0.0,0.009201309,-26.66425,2.2001734,0.73339117,0.15200001,0.0,0.15944369,2.4999983,2.5199983,409600
hardzero_plus_depr__c0p50__z1p00__lam0p020__nu0p50__psi0p75,hardzero_plus_depr,0.06,32,128,0.0,2,0.16666609,0.16666609,1.0283715,0.0,0.093676046,0.0,0.0,0.0090643205,-27.471004,2.2624624,0.75415415,0.15200001,0.0,0.16623472,2.5199983,2.5399983,412800
hardzero_plus_depr__c0p50__z1p00__lam0p020__nu0p50__psi0p75,hardzero_plus_depr,0.06,32,129,0.0,2,0.16666609,0.16760685,0.9773416,0.105355784,0.105355784,1.0,0.00094076066,0.008929369,-26.264662,2.1501944,0.7167315,0.18400002,0.0,0.14239301,2.5399983,2.5599983,416000
hardzero_plus_depr__c0p50__z1p00__lam0p020__nu0p50__psi0p75,hardzero_plus_depr,0.06,32,130,0.0,2,0.16760685,0.16850483,0.99103725,0.10208519,0.10208519,1.0,0.0008979851,0.008796429,-26.862663,2.1803255,0.72677517,0.22,0.0,0.15189958,2.5599983,2.5799983,419200
hardzero_plus_depr__c0p50__z1p00__lam0p020__nu0p50__psi0p75,hardzero_plus_depr,0.06,32,131,0.0,2,0.16850483,0.16941534,0.9785097,0.105072804,0.105072804,1.0,0.0009105049,0.008665467,-26.182787,2.1527643,0.7175881,0.128,0.0,0.15674837,2.5799983,2.5999982,422400
hardzero_plus_depr__c0p50__z1p00__lam0p020__nu0p50__psi0p75,hardzero_plus_depr,0.06,32,132,0.0,2,0.16941534,0.16941534,1.0091839,0.0,0.09790752,0.0,0.0,0.008536455,-26.839935,2.220249,0.740083,0.2,0.0,0.16544572,2.5999982,2.6199982,425600
hardzero_plus_depr__c0p50__z1p00__lam0p020__nu0p50__psi0p75,hardzero_plus_depr,0.06,32,133,0.0,2,0.16941534,0.17029263,0.981621,0.10432272,0.10432272,1.0,0.0008772877,0.008409364,-26.909616,2.1596093,0.7198698,0.2,0.0,0.16927147,2.6199982,2.6399982,428800
hardzero_plus_depr__c0p50__z1p00__lam0p020__nu0p50__psi0p75,hardzero_plus_depr,0.06,32,134,0.0,2,0.17029263,0.17127325,0.92675084,0.11837205,0.11837205,1.0,0.0009806136,0.0082841655,-26.17812,2.0388925,0.6796309,0.18400002,0.0,0.1437628,2.6399982,2.6599982,432000
hardzero_plus_depr__c0p50__z1p00__lam0p020__nu0p50__psi0p75,hardzero_plus_depr,0.06,32,135,0.0,2,0.17127325,0.17127325,1.0081329,0.0,0.09814474,0.0,0.0,0.00816083,-26.96543,2.2179368,0.7393123,0.14400001,0.0,0.14705232,2.6599982,2.6799982,435200
hardzero_plus_depr__c0p50__z1p00__lam0p020__nu0p50__psi0p75,hardzero_plus_depr,0.06,32,136,0.0,2,0.17127325,0.17213687,0.9688966,0.10742449,0.10742449,1.0,0.0008636211,0.008039332,-26.027956,2.1316152,0.7105384,0.192,0.0,0.15739287,2.6799982,2.6999981,438400
hardzero_plus_depr__c0p50__z1p00__lam0p020__nu0p50__psi0p75,hardzero_plus_depr,0.06,32,137,0.0,2,0.17213687,0.17213687,1.0208846,0.0,0.095304936,0.0,0.0,0.00791964,-28.036427,2.245991,0.74866366,0.224,0.0,0.18582337,2.6999981,2.7199981,441600
hardzero_plus_depr__c0p50__z1p00__lam0p020__nu0p50__psi0p75,hardzero_plus_depr,0.06,32,138,0.0,2,0.17213687,0.17213687,1.0073466,0.0,0.09832259,0.0,0.0,0.007801734,-26.505411,2.2162068,0.7387356,0.16800001,0.0,0.13381104,2.7199981,2.739998,444800
hardzero_plus_depr__c0p50__z1p00__lam0p020__nu0p50__psi0p75,hardzero_plus_depr,0.06,32,139,0.0,2,0.17213687,0.17213687,1.0525043,0.0,0.08861264,0.0,0.0,0.0076855808,-27.423904,2.3155556,0.7718519,0.17600001,0.0,0.18338558,2.739998,2.759998,448000
hardzero_plus_depr__c0p50__z1p00__lam0p020__nu0p50__psi0p75,hardzero_plus_depr,0.06,32,140,0.0,2,0.17213687,0.17292003,0.98531175,0.10343993,0.10343993,1.0,0.00078316004,0.007571158,-27.374388,2.1677291,0.7225764,0.192,0.0,0.20306137,2.759998,2.779998,451200
hardzero_plus_depr__c0p50__z1p00__lam0p020__nu0p50__psi0p75,hardzero_plus_depr,0.06,32,141,0.0,2,0.17292003,0.17376421,0.9462146,0.11318407,0.11318407,1.0,0.0008441763,0.0074584372,-25.875872,2.0817137,0.6939046,0.16800001,0.0,0.18404801,2.779998,2.799998,454400
hardzero_plus_depr__c0p50__z1p00__lam0p020__nu0p50__psi0p75,hardzero_plus_depr,0.06,32,142,0.0,2,0.17376421,0.17376421,1.0333806,0.0,0.0926018,0.0,0.0,0.0073473966,-27.085102,2.2734828,0.75782764,0.16800001,0.0,0.14439599,2.799998,2.819998,457600
hardzero_plus_depr__c0p50__z1p00__lam0p020__nu0p50__psi0p75,hardzero_plus_depr,0.06,32,143,0.0,2,0.17376421,0.17451009,0.9869516,0.10305009,0.10305009,1.0,0.00074587733,0.0072380076,-27.031364,2.171337,0.72377896,0.16,0.0,0.1492747,2.819998,2.839998,460800
hardzero_plus_depr__c0p50__z1p00__lam0p020__nu0p50__psi0p75,hardzero_plus_depr,0.06,32,144,0.0,2,0.17451009,0.17523257,0.9942777,0.10132632,0.10132632,1.0,0.0007224818,0.0071302485,-26.643667,2.1874547,0.7291516,0.15200001,0.0,0.1499874,2.839998,2.859998,464000
hardzero_plus_depr__c0p50__z1p00__lam0p020__nu0p50__psi0p75,hardzero_plus_depr,0.06,32,145,0.0,2,0.17523257,0.17523257,1.0560309,0.0,0.087896,0.0,0.0,0.007024092,-27.639687,2.3233142,0.7744381,0.112,0.0,0.14926699,2.859998,2.879998,467200
hardzero_plus_depr__c0p50__z1p00__lam0p020__nu0p50__psi0p75,hardzero_plus_depr,0.06,32,146,0.0,2,0.17523257,0.17594284,0.98865235,0.102647334,0.102647334,1.0,0.0007102701,0.006919518,-26.715145,2.1750786,0.72502625,0.23200001,0.0,0.15496972,2.879998,2.899998,470400
hardzero_plus_depr__c0p50__z1p00__lam0p020__nu0p50__psi0p75,hardzero_plus_depr,0.06,32,147,0.0,2,0.17594284,0.17594284,1.0713161,0.0,0.08485624,0.0,0.0,0.0068164994,-28.017134,2.3569427,0.7856476,0.136,0.0,0.17445794,2.899998,2.919998,473600
hardzero_plus_depr__c0p50__z1p00__lam0p020__nu0p50__psi0p75,hardzero_plus_depr,0.06,32,148,0.0,2,0.17594284,0.17594284,1.0061367,0.0,0.09859692,0.0,0.0,0.0067150155,-27.043644,2.2135448,0.7378483,0.16000001,0.0,0.1526797,2.919998,2.939998,476800
hardzero_plus_depr__c0p50__z1p00__lam0p020__nu0p50__psi0p75,hardzero_plus_depr,0.06,32,149,0.0,2,0.17594284,0.17594284,1.0023668,0.0,0.0994565,0.0,0.0,0.0066150413,-26.32548,2.205251,0.7350837,0.16800001,0.0,0.16925652,2.939998,2.959998,480000
hardzero_plus_depr__c0p50__z1p00__lam0p020__nu0p50__psi0p75,hardzero_plus_depr,0.06,32,150,0.0,2,0.17594284,0.17659694,0.99837565,0.100374736,0.100374736,1.0,0.00065409765,0.0065165567,-26.457993,2.1964703,0.73215675,0.128,0.0,0.12974569,2.959998,2.9799979,483200
hardzero_plus_depr__c0p50__z1p00__lam0p020__nu0p50__psi0p75,hardzero_plus_depr,0.06,32,151,0.0,2,0.17659694,0.17659694,1.0048673,0.0,0.09888552,0.0,0.0,0.006419537,-26.769653,2.2107522,0.73691744,0.14400001,0.0,0.14743643,2.9799979,2.9999979,486400
hardzero_plus_depr__c0p50__z1p00__lam0p020__nu0p50__psi0p75,hardzero_plus_depr,0.06,32,152,0.0,2,0.17659694,0.17659694,1.0012408,0.0,0.09971468,0.0,0.0,0.006323964,-27.056847,2.2027738,0.73425794,0.136,0.0,0.16433118,2.9999979,3.0199978,489600
hardzero_plus_depr__c0p50__z1p00__lam0p020__nu0p50__psi0p75,hardzero_plus_depr,0.06,32,153,0.0,2,0.17659694,0.17725317,0.9774143,0.10533815,0.10533815,1.0,0.00065623684,0.006229812,-26.441525,2.1503544,0.71678483,0.23200001,0.0,0.15410335,3.0199978,3.0399978,492800
hardzero_plus_depr__c0p50__z1p00__lam0p020__nu0p50__psi0p75,hardzero_plus_depr,0.06,32,154,0.0,2,0.17725317,0.17787944,0.9912037,0.10204606,0.10204606,1.0,0.0006262631,0.006137063,-26.571892,2.1806917,0.72689724,0.16800001,0.0,0.14657304,3.0399978,3.0599978,496000
hardzero_plus_depr__c0p50__z1p00__lam0p020__nu0p50__psi0p75,hardzero_plus_depr,0.06,32,155,0.0,2,0.17787944,0.17787944,1.0317858,0.0,0.09294246,0.0,0.0,0.006045693,-28.684998,2.2699742,0.7566581,0.120000005,0.0,0.1583307,3.0599978,3.0799978,499200
hardzero_plus_depr__c0p50__z1p00__lam0p020__nu0p50__psi0p75,hardzero_plus_depr,0.06,32,156,0.0,2,0.17787944,0.17787944,1.0535519,0.0,0.088399135,0.0,0.0,0.0059556854,-27.164145,2.3178606,0.7726202,0.14,0.0,0.1567289,3.0799978,3.0999978,502400
hardzero_plus_depr__c0p50__z1p00__lam0p020__nu0p50__psi0p75,hardzero_plus_depr,0.06,32,157,0.0,2,0.17787944,0.17853501,0.9517913,0.11174001,0.11174001,1.0,0.0006555804,0.005867016,-25.43104,2.0939827,0.69799423,0.16800001,0.0,0.14683028,3.0999978,3.1199977,505600
hardzero_plus_depr__c0p50__z1p00__lam0p020__nu0p50__psi0p75,hardzero_plus_depr,0.06,32,158,0.0,2,0.17853501,0.17920302,0.93712443,0.11557809,0.11557809,1.0,0.00066800305,0.005779668,-25.681309,2.061715,0.68723834,0.16800001,0.0,0.119952545,3.1199977,3.1399977,508800
hardzero_plus_depr__c0p50__z1p00__lam0p020__nu0p50__psi0p75,hardzero_plus_depr,0.06,32,159,0.0,2,0.17920302,0.17982972,0.95833164,0.11006983,0.11006983,1.0,0.00062669575,0.0056936196,-25.833103,2.1083717,0.7027906,0.192,0.0,0.16304752,3.1399977,3.1599977,512000
hardzero_plus_depr__c0p50__z1p00__lam0p020__nu0p50__psi0p75,hardzero_plus_depr,0.06,32,160,0.0,2,0.17982972,0.18042415,0.9747653,0.105982624,0.105982624,1.0,0.000594441,0.0056088534,-26.823595,2.1445265,0.7148422,0.192,0.0,0.16231352,3.1599977,3.1799977,515200
hardzero_plus_depr__c0p50__z1p00__lam0p020__nu0p50__psi0p75,hardzero_plus_depr,0.06,32,161,0.0,2,0.18042415,0.18100475,0.9784876,0.10507813,0.10507813,1.0,0.00058059325,0.005525348,-27.012781,2.1527157,0.7175719,0.24800001,0.0,0.15283751,3.1799977,3.1999977,518400
hardzero_plus_depr__c0p50__z1p00__lam0p020__nu0p50__psi0p75,hardzero_plus_depr,0.06,32,162,0.0,2,0.18100475,0.18100475,1.0465814,0.0,0.08982942,0.0,0.0,0.0054430873,-27.758247,2.302525,0.7675084,0.128,0.0,0.16250005,3.1999977,3.2199976,521600
hardzero_plus_depr__c0p50__z1p00__lam0p020__nu0p50__psi0p75,hardzero_plus_depr,0.06,32,163,0.0,2,0.18100475,0.18154374,0.9977537,0.10051856,0.10051856,1.0,0.00053898554,0.0053620497,-27.153353,2.195102,0.73170066,0.14400001,0.0,0.16686267,3.2199976,3.2399976,524800
hardzero_plus_depr__c0p50__z1p00__lam0p020__nu0p50__psi0p75,hardzero_plus_depr,0.06,32,164,0.0,2,0.18154374,0.18210343,0.9748688,0.10595739,0.10595739,1.0,0.0005596902,0.0052822195,-25.584124,2.1447542,0.7149181,0.14400001,0.0,0.17675976,3.2399976,3.2599976,528000
hardzero_plus_depr__c0p50__z1p00__lam0p020__nu0p50__psi0p75,hardzero_plus_depr,0.06,32,165,0.0,2,0.18210343,0.18263894,0.9875315,0.1029126,0.1029126,1.0,0.0005355136,0.005203577,-26.779934,2.1726127,0.72420424,0.24800001,0.0,0.14141032,3.2599976,3.2799976,531200
hardzero_plus_depr__c0p50__z1p00__lam0p020__nu0p50__psi0p75,hardzero_plus_depr,0.06,32,166,0.0,2,0.18263894,0.18263894,1.0545605,0.0,0.08819407,0.0,0.0,0.0051261066,-27.35904,2.3200796,0.7733599,0.136,0.0,0.14316073,3.2799976,3.2999976,534400
hardzero_plus_depr__c0p50__z1p00__lam0p020__nu0p50__psi0p75,hardzero_plus_depr,0.06,32,167,0.0,2,0.18263894,0.18316187,0.98483133,0.10355442,0.10355442,1.0,0.00052292785,0.005049788,-27.416533,2.1666722,0.7222241,0.14400001,0.0,0.138403,3.2999976,3.3199975,537600
hardzero_plus_depr__c0p50__z1p00__lam0p020__nu0p50__psi0p75,hardzero_plus_depr,0.06,32,168,0.0,2,0.18316187,0.18316187,1.0058019,0.0,0.098672956,0.0,0.0,0.0049746074,-27.242,2.2128084,0.73760283,0.15200001,0.0,0.19373147,3.3199975,3.3399975,540800
hardzero_plus_depr__c0p50__z1p00__lam0p020__nu0p50__psi0p75,hardzero_plus_depr,0.06,32,169,0.0,2,0.18316187,0.18316187,1.0776008,0.0,0.08363713,0.0,0.0,0.0049005444,-28.18552,2.3707693,0.79025644,0.17999999,0.0,0.16673353,3.3399975,3.3599975,544000
hardzero_plus_depr__c0p50__z1p00__lam0p020__nu0p50__psi0p75,hardzero_plus_depr,0.06,32,170,0.0,2,0.18316187,0.18316187,1.0027933,0.0,0.09935887,0.0,0.0,0.004827586,-26.359215,2.2061894,0.7353965,0.15200001,0.0,0.15321258,3.3599975,3.3799975,547200
hardzero_plus_depr__c0p50__z1p00__lam0p020__nu0p50__psi0p75,hardzero_plus_depr,0.06,32,171,0.0,2,0.18316187,0.18316187,1.0731066,0.0,0.08450713,0.0,0.0,0.004755712,-29.138569,2.3608818,0.7869606,0.128,0.0,0.17120436,3.3799975,3.3999975,550400
hardzero_plus_depr__c0p50__z1p00__lam0p020__nu0p50__psi0p75,hardzero_plus_depr,0.06,32,172,0.0,2,0.18316187,0.18316187,1.0410789,0.0,0.090974785,0.0,0.0,0.004684909,-27.770025,2.2904193,0.76347315,0.096,0.0,0.17340828,3.3999975,3.4199975,553600
hardzero_plus_depr__c0p50__z1p00__lam0p020__nu0p50__psi0p75,hardzero_plus_depr,0.06,32,173,0.0,2,0.18316187,0.18316187,1.0600679,0.0,0.08708274,0.0,0.0,0.0046151592,-27.543547,2.332196,0.7773987,0.120000005,0.0,0.17965156,3.4199975,3.4399974,556800
hardzero_plus_depr__c0p50__z1p00__lam0p020__nu0p50__psi0p75,hardzero_plus_depr,0.06,32,174,0.0,2,0.18316187,0.18316187,1.0380957,0.0,0.09160185,0.0,0.0,0.0045464486,-26.93319,2.2838562,0.7612854,0.17600001,0.0,0.1788073,3.4399974,3.4599974,560000
hardzero_plus_depr__c0p50__z1p00__lam0p020__nu0p50__psi0p75,hardzero_plus_depr,0.06,32,175,0.0,2,0.18316187,0.18316187,1.0287899,0.0,0.093585834,0.0,0.0,0.0044787605,-27.265463,2.263383,0.754461,0.136,0.0,0.16790673,3.4599974,3.4799974,563200
hardzero_plus_depr__c0p50__z1p00__lam0p020__nu0p50__psi0p75,hardzero_plus_depr,0.06,32,176,0.0,2,0.18316187,0.18316187,1.0333414,0.0,0.092610136,0.0,0.0,0.0044120816,-28.066656,2.2733965,0.75779885,0.192,0.0,0.16044311,3.4799974,3.4999974,566400
hardzero_plus_depr__c0p50__z1p00__lam0p020__nu0p50__psi0p75,hardzero_plus_depr,0.06,32,177,0.0,2,0.18316187,0.18361934,0.97777516,0.10525067,0.10525067,1.0,0.00045746085,0.0043463935,-26.461407,2.1511483,0.7170495,0.272,0.008,0.14429541,3.4999974,3.5199974,569600
hardzero_plus_depr__c0p50__z1p00__lam0p020__nu0p50__psi0p75,hardzero_plus_depr,0.06,32,178,0.0,2,0.18361934,0.1840612,0.9863223,0.10319953,0.10319953,1.0,0.00044186783,0.0042816848,-27.74496,2.1699524,0.7233175,0.048,0.0,0.16082735,3.5199974,3.5399973,572800
hardzero_plus_depr__c0p50__z1p00__lam0p020__nu0p50__psi0p75,hardzero_plus_depr,0.06,32,179,0.0,2,0.1840612,0.1840612,1.0334463,0.0,0.09258777,0.0,0.0,0.0042179385,-27.75945,2.2736273,0.7578758,0.17600001,0.0,0.18424866,3.5399973,3.5599973,576000
hardzero_plus_depr__c0p50__z1p00__lam0p020__nu0p50__psi0p75,hardzero_plus_depr,0.06,32,180,0.0,2,0.1840612,0.18449467,0.98162687,0.10432133,0.10432133,1.0,0.00043346992,0.0041551418,-26.761166,2.1596222,0.7198741,0.128,0.0,0.1614085,3.5599973,3.5799973,579200
hardzero_plus_depr__c0p50__z1p00__lam0p020__nu0p50__psi0p75,hardzero_plus_depr,0.06,32,181,0.0,2,0.18449467,0.18449467,1.0408663,0.0,0.09101934,0.0,0.0,0.0040932796,-26.699259,2.2899516,0.7633172,0.136,0.0,0.1480516,3.5799973,3.5999973,582400
hardzero_plus_depr__c0p50__z1p00__lam0p020__nu0p50__psi0p75,hardzero_plus_depr,0.06,32,182,0.0,2,0.18449467,0.18491234,0.984737,0.10357691,0.10357691,1.0,0.00041765723,0.004032339,-26.384783,2.1664646,0.72215486,0.17,0.0,0.15359327,3.5999973,3.6199973,585600
hardzero_plus_depr__c0p50__z1p00__lam0p020__nu0p50__psi0p75,hardzero_plus_depr,0.06,32,183,0.0,2,0.18491234,0.18534148,0.9664436,0.10803299,0.10803299,1.0,0.00042913997,0.003972305,-26.819412,2.1262183,0.70873946,0.14400001,0.0,0.14400963,3.6199973,3.6399972,588800
hardzero_plus_depr__c0p50__z1p00__lam0p020__nu0p50__psi0p75,hardzero_plus_depr,0.06,32,184,0.0,2,0.18534148,0.18573365,0.9990486,0.1002193,0.1002193,1.0,0.00039217476,0.003913166,-26.980194,2.1979508,0.7326503,0.16800001,0.0,0.1429516,3.6399972,3.6599972,592000
hardzero_plus_depr__c0p50__z1p00__lam0p020__nu0p50__psi0p75,hardzero_plus_depr,0.06,32,185,0.0,2,0.18573365,0.18612383,0.9947445,0.10121746,0.10121746,1.0,0.00039018376,0.0038549055,-27.21836,2.1884816,0.72949386,0.128,0.0,0.14093405,3.6599972,3.6799972,595200
hardzero_plus_depr__c0p50__z1p00__lam0p020__nu0p50__psi0p75,hardzero_plus_depr,0.06,32,186,0.0,2,0.18612383,0.18612383,1.0242834,0.0,0.09456198,0.0,0.0,0.003797514,-28.647272,2.2534685,0.7511562,0.192,0.0,0.16809992,3.6799972,3.6999972,598400
hardzero_plus_depr__c0p50__z1p00__lam0p020__nu0p50__psi0p75,hardzero_plus_depr,0.06,32,187,0.0,2,0.18612383,0.18651134,0.9847138,0.10358245,0.10358245,1.0,0.0003874995,0.0037409763,-26.44865,2.1664135,0.72213787,0.18400002,0.0,0.12559876,3.6999972,3.7199972,601600
hardzero_plus_depr__c0p50__z1p00__lam0p020__nu0p50__psi0p75,hardzero_plus_depr,0.06,32,188,0.0,2,0.18651134,0.18651134,1.0023398,0.0,0.09946267,0.0,0.0,0.0036852807,-27.16519,2.2051916,0.7350639,0.128,0.0,0.1448713,3.7199972,3.7399971,604800
hardzero_plus_depr__c0p50__z1p00__lam0p020__nu0p50__psi0p75,hardzero_plus_depr,0.06,32,189,0.0,2,0.18651134,0.18651134,1.0084411,0.0,0.09807513,0.0,0.0,0.003630414,-27.004915,2.2186146,0.7395382,0.16000001,0.0,0.16223681,3.7399971,3.7599971,608000
hardzero_plus_depr__c0p50__z1p00__lam0p020__nu0p50__psi0p75,hardzero_plus_depr,0.06,32,190,0.0,2,0.18651134,0.18688473,0.9812831,0.104403935,0.104403935,1.0,0.00037338652,0.0035763644,-27.280357,2.158866,0.719622,0.14400001,0.0,0.14722034,3.7599971,3.779997,611200
hardzero_plus_depr__c0p50__z1p00__lam0p020__nu0p50__psi0p75,hardzero_plus_depr,0.06,32,191,0.0,2,0.18688473,0.18726431,0.9676237,0.10773983,0.10773983,1.0,0.00037958022,0.0035231188,-26.250408,2.1288147,0.7096049,0.16000001,0.0,0.14450541,3.779997,3.799997,614400
hardzero_plus_depr__c0p50__z1p00__lam0p020__nu0p50__psi0p75,hardzero_plus_depr,0.06,32,192,0.0,2,0.18726431,0.18726431,1.011774,0.0,0.09732536,0.0,0.0,0.0034706672,-27.516891,2.2259471,0.7419824,0.15200001,0.0,0.16403277,3.799997,3.819997,617600
hardzero_plus_depr__c0p50__z1p00__lam0p020__nu0p50__psi0p75,hardzero_plus_depr,0.06,32,193,0.0,2,0.18726431,0.18762009,0.982724,0.10405812,0.10405812,1.0,0.00035577422,0.0034189953,-26.781918,2.162036,0.7206787,0.224,0.0,0.16897166,3.819997,3.839997,620800
hardzero_plus_depr__c0p50__z1p00__lam0p020__nu0p50__psi0p75,hardzero_plus_depr,0.06,32,194,0.0,2,0.18762009,0.18796806,0.9858446,0.10331309,0.10331309,1.0,0.00034796813,0.0033680934,-26.602571,2.1689014,0.72296715,0.120000005,0.0,0.14890897,3.839997,3.859997,624000
hardzero_plus_depr__c0p50__z1p00__lam0p020__nu0p50__psi0p75,hardzero_plus_depr,0.06,32,195,0.0,2,0.18796806,0.18796806,1.0142298,0.0,0.096776575,0.0,0.0,0.0033179487,-26.489876,2.23135,0.74378335,0.17,0.0,0.15079826,3.859997,3.879997,627200
hardzero_plus_depr__c0p50__z1p00__lam0p020__nu0p50__psi0p75,hardzero_plus_depr,0.06,32,196,0.0,2,0.18796806,0.18796806,1.0146366,0.0,0.096685946,0.0,0.0,0.0032685513,-27.032475,2.2322452,0.74408174,0.16000001,0.0,0.16264549,3.879997,3.899997,630400
hardzero_plus_depr__c0p50__z1p00__lam0p020__nu0p50__psi0p75,hardzero_plus_depr,0.06,32,197,0.0,2,0.18796806,0.18796806,1.0044652,0.0,0.09897711,0.0,0.0,0.0032198885,-26.938648,2.2098677,0.7366226,0.208,0.008,0.16647454,3.899997,3.919997,633600
hardzero_plus_depr__c0p50__z1p00__lam0p020__nu0p50__psi0p75,hardzero_plus_depr,0.06,32,198,0.0,2,0.18796806,0.18829197,0.99090654,0.10211591,0.10211591,1.0,0.0003239067,0.0031719513,-25.807919,2.180038,0.7266793,0.128,0.0,0.13100125,3.919997,3.939997,636800
hardzero_plus_depr__c0p50__z1p00__lam0p020__nu0p50__psi0p75,hardzero_plus_depr,0.06,32,199,0.0,2,0.18829197,0.18861388,0.9870806,0.10301948,0.10301948,1.0,0.00032190772,0.0031247265,-26.665056,2.1716206,0.72387356,0.18400002,0.0,0.13285197,3.939997,3.959997,640000
hardzero_plus_depr__c0p50__z1p00__lam0p020__nu0p50__psi0p75,hardzero_plus_depr,0.06,32,200,0.0,2,0.18861388,0.18893625,0.9799403,0.10472724,0.10472724,1.0,0.00032237198,0.0030782057,-26.350555,2.1559117,0.7186372,0.216,0.0,0.1337007,3.959997,3.979997,643200
hardzero_plus_depr__c0p50__z1p00__lam0p020__nu0p50__psi0p75,hardzero_plus_depr,0.06,32,201,0.0,2,0.18893625,0.18924944,0.9859792,0.10328107,0.10328107,1.0,0.00031318716,0.0030323772,-26.55912,2.1691976,0.72306585,0.15200001,0.0,0.13489011,3.979997,3.999997,646400
hardzero_plus_depr__c0p50__z1p00__lam0p020__nu0p50__psi0p75,hardzero_plus_depr,0.06,32,202,0.0,2,0.18924944,0.18924944,1.0381498,0.0,0.09159045,0.0,0.0,0.0029872311,-27.912516,2.2839754,0.7613251,0.120000005,0.0,0.17821157,3.999997,4.019997,649600
hardzero_plus_depr__c0p50__z1p00__lam0p020__nu0p50__psi0p75,hardzero_plus_depr,0.06,32,203,0.0,2,0.18924944,0.18955691,0.98095363,0.10448318,0.10448318,1.0,0.00030746852,0.002942756,-25.662605,2.1581411,0.7193804,0.112,0.0,0.15558776,4.019997,4.039997,652800
hardzero_plus_depr__c0p50__z1p00__lam0p020__nu0p50__psi0p75,hardzero_plus_depr,0.06,32,204,0.0,2,0.18955691,0.18955691,1.0311905,0.0,0.09306995,0.0,0.0,0.0028989443,-27.949171,2.2686644,0.7562215,0.16800001,0.0,0.15480794,4.039997,4.059997,656000
hardzero_plus_depr__c0p50__z1p00__lam0p020__nu0p50__psi0p75,hardzero_plus_depr,0.06,32,205,0.0,2,0.18955691,0.1898643,0.96805155,0.10763375,0.10763375,1.0,0.00030737885,0.0028557852,-26.46149,2.129756,0.7099187,0.23200001,0.0,0.13176766,4.059997,4.079997,659200
hardzero_plus_depr__c0p50__z1p00__lam0p020__nu0p50__psi0p75,hardzero_plus_depr,0.06,32,206,0.0,2,0.1898643,0.1898643,1.0071589,0.0,0.09836511,0.0,0.0,0.002813268,-26.596884,2.2157938,0.738598,0.14400001,0.0,0.15113162,4.079997,4.099997,662400
hardzero_plus_depr__c0p50__z1p00__lam0p020__nu0p50__psi0p75,hardzero_plus_depr,0.06,32,207,0.0,2,0.1898643,0.1898643,1.0034142,0.0,0.099216945,0.0,0.0,0.0027713832,-27.070843,2.2075553,0.73585176,0.192,0.0,0.17672578,4.099997,4.119997,665600
hardzero_plus_depr__c0p50__z1p00__lam0p020__nu0p50__psi0p75,hardzero_plus_depr,0.06,32,208,0.0,2,0.1898643,0.19015272,0.976148,0.10564573,0.10564573,1.0,0.00028842586,0.0027301232,-25.865059,2.1475685,0.7158562,0.17,0.0,0.13550419,4.119997,4.139997,668800
hardzero_plus_depr__c0p50__z1p00__lam0p020__nu0p50__psi0p75,hardzero_plus_depr,0.06,32,209,0.0,2,0.19015272,0.19015272,1.0383108,0.0,0.09155652,0.0,0.0,0.0026894775,-28.417992,2.2843292,0.7614431,0.2,0.0,0.21062335,4.139997,4.159997,672000
hardzero_plus_depr__c0p50__z1p00__lam0p020__nu0p50__psi0p75,hardzero_plus_depr,0.06,32,210,0.0,2,0.19015272,0.19015272,1.038726,0.0,0.09146903,0.0,0.0,0.002649436,-27.670185,2.2852428,0.7617476,0.16000001,0.0,0.1470831,4.159997,4.179997,675200
hardzero_plus_depr__c0p50__z1p00__lam0p020__nu0p50__psi0p75,hardzero_plus_depr,0.06,32,211,0.0,2,0.19015272,0.19015272,1.061535,0.0,0.086789064,0.0,0.0,0.0026099908,-27.597702,2.3354237,0.77847457,0.128,0.0,0.17221177,4.179997,4.199997,678400
hardzero_plus_depr__c0p50__z1p00__lam0p020__nu0p50__psi0p75,hardzero_plus_depr,0.06,32,212,0.0,2,0.19015272,0.19015272,1.0309112,0.0,0.09312983,0.0,0.0,0.0025711334,-27.258783,2.26805,0.7560167,0.136,0.0,0.15706192,4.199997,4.219997,681600
hardzero_plus_depr__c0p50__z1p00__lam0p020__nu0p50__psi0p75,hardzero_plus_depr,0.06,32,213,0.0,2,0.19015272,0.19015272,1.0714482,0.0,0.084830455,0.0,0.0,0.0025328547,-29.51637,2.357233,0.78574437,0.16000001,0.0,0.19613917,4.219997,4.239997,684800
hardzero_plus_depr__c0p50__z1p00__lam0p020__nu0p50__psi0p75,hardzero_plus_depr,0.06,32,214,0.0,2,0.19015272,0.19041535,0.9777404,0.10525907,0.10525907,1.0,0.00026263663,0.002495145,-26.157164,2.1510718,0.71702397,0.128,0.0,0.1571403,4.239997,4.259997,688000
hardzero_plus_depr__c0p50__z1p00__lam0p020__nu0p50__psi0p75,hardzero_plus_depr,0.06,32,215,0.0,2,0.19041535,0.19069289,0.9472641,0.11291092,0.11291092,1.0,0.00027753468,0.0024579968,-26.74001,2.0840225,0.6946742,0.224,0.0,0.14741549,4.259997,4.279997,691200
hardzero_plus_depr__c0p50__z1p00__lam0p020__nu0p50__psi0p75,hardzero_plus_depr,0.06,32,216,0.0,2,0.19069289,0.19096342,0.95184916,0.111725114,0.111725114,1.0,0.00027053148,0.0024214026,-26.370876,2.09411,0.6980367,0.224,0.0,0.1475219,4.279997,4.299997,694400
hardzero_plus_depr__c0p50__z1p00__lam0p020__nu0p50__psi0p75,hardzero_plus_depr,0.06,32,217,0.0,2,0.19096342,0.19121768,0.9722728,0.106592625,0.106592625,1.0,0.000254261,0.0023853525,-26.583038,2.1390429,0.7130143,0.15200001,0.0,0.13501216,4.299997,4.319997,697600
hardzero_plus_depr__c0p50__z1p00__lam0p020__nu0p50__psi0p75,hardzero_plus_depr,0.06,32,218,0.0,2,0.19121768,0.19121768,1.0285264,0.0,0.093642615,0.0,0.0,0.0023498393,-28.661343,2.2628033,0.7542678,0.16000001,0.0,0.17563996,4.319997,4.339997,700800
hardzero_plus_depr__c0p50__z1p00__lam0p020__nu0p50__psi0p75,hardzero_plus_depr,0.06,32,219,0.0,2,0.19121768,0.1914519,0.9948784,0.10118627,0.10118627,1.0,0.00023423148,0.0023148544,-26.90595,2.1887763,0.7295921,0.14400001,0.0,0.15384543,4.339997,4.359997,704000
hardzero_plus_depr__c0p50__z1p00__lam0p020__nu0p50__psi0p75,hardzero_plus_depr,0.06,32,220,0.0,2,0.1914519,0.1914519,1.0572205,0.0,0.087655574,0.0,0.0,0.002280391,-28.002626,2.3259315,0.7753105,0.17600001,0.0,0.16712794,4.359997,4.379997,707200
hardzero_plus_depr__c0p50__z1p00__lam0p020__nu0p50__psi0p75,hardzero_plus_depr,0.06,32,221,0.0,2,0.1914519,0.19169728,0.9616561,0.10923051,0.10923051,1.0,0.0002453799,0.0022464409,-26.10391,2.1156857,0.70522857,0.17,0.0,0.12827815,4.379997,4.3999968,710400
hardzero_plus_depr__c0p50__z1p00__lam0p020__nu0p50__psi0p75,hardzero_plus_depr,0.06,32,222,0.0,2,0.19169728,0.19194192,0.95645446,0.11054664,0.11054664,1.0,0.0002446392,0.0022129954,-26.359314,2.1042418,0.701414,0.16000001,0.0,0.14707111,4.3999968,4.4199967,713600
hardzero_plus_depr__c0p50__z1p00__lam0p020__nu0p50__psi0p75,hardzero_plus_depr,0.06,32,223,0.0,2,0.19194192,0.19194192,1.0264008,0.0,0.09410208,0.0,0.0,0.0021800478,-27.805986,2.258127,0.75270903,0.120000005,0.0,0.12277892,4.4199967,4.4399967,716800
hardzero_plus_depr__c0p50__z1p00__lam0p020__nu0p50__psi0p75,hardzero_plus_depr,0.06,32,224,0.0,2,0.19194192,0.19194192,1.0131342,0.0,0.097021006,0.0,0.0,0.0021475914,-26.894907,2.2289398,0.74297994,0.2,0.0,0.17040536,4.4399967,4.4599967,720000
hardzero_plus_depr__c0p50__z1p00__lam0p020__nu0p50__psi0p75,hardzero_plus_depr,0.06,32,225,0.0,2,0.19194192,0.19194192,1.0508866,0.0,0.088943325,0.0,0.0,0.0021156182,-27.801216,2.3119967,0.7706656,0.14400001,0.0,0.17296378,4.4599967,4.4799967,723200
hardzero_plus_depr__c0p50__z1p00__lam0p020__nu0p50__psi0p75,hardzero_plus_depr,0.06,32,226,0.0,2,0.19194192,0.1921702,0.9604389,0.10953707,0.10953707,1.0,0.00022828847,0.0020841206,-26.22415,2.1130078,0.7043359,0.2,0.0,0.1492054,4.4799967,4.4999967,726400
hardzero_plus_depr__c0p50__z1p00__lam0p020__nu0p50__psi0p75,hardzero_plus_depr,0.06,32,227,0.0,2,0.1921702,0.19238494,0.9804855,0.10459586,0.10459586,1.0,0.00021474493,0.002053092,-26.089079,2.1571112,0.71903706,0.208,0.0,0.1541871,4.4999967,4.5199966,729600
hardzero_plus_depr__c0p50__z1p00__lam0p020__nu0p50__psi0p75,hardzero_plus_depr,0.06,32,228,0.0,2,0.19238494,0.19259015,0.993709,0.1014591,0.1014591,1.0,0.00020520361,0.0020225255,-26.639803,2.1862035,0.7287345,0.192,0.0,0.16629091,4.5199966,4.5399966,732800
hardzero_plus_depr__c0p50__z1p00__lam0p020__nu0p50__psi0p75,hardzero_plus_depr,0.06,32,229,0.0,2,0.19259015,0.1928194,0.9390497,0.11506685,0.11506685,1.0,0.00022926086,0.0019924145,-25.568544,2.0659506,0.68865025,0.15200001,0.008,0.12604685,4.5399966,4.5599966,736000
hardzero_plus_depr__c0p50__z1p00__lam0p020__nu0p50__psi0p75,hardzero_plus_depr,0.06,32,230,0.0,2,0.1928194,0.19301783,0.99528116,0.10109247,0.10109247,1.0,0.00019841937,0.0019627512,-26.464067,2.1896622,0.7298874,0.16800001,0.0,0.14451651,4.5599966,4.5799966,739200
hardzero_plus_depr__c0p50__z1p00__lam0p020__nu0p50__psi0p75,hardzero_plus_depr,0.06,32,231,0.0,2,0.19301783,0.19301783,1.0268235,0.0,0.09401052,0.0,0.0,0.0019335294,-28.054432,2.2590568,0.753019,0.120000005,0.0,0.1550249,4.5799966,4.5999966,742400
hardzero_plus_depr__c0p50__z1p00__lam0p020__nu0p50__psi0p75,hardzero_plus_depr,0.06,32,232,0.0,2,0.19301783,0.19301783,1.0173805,0.0,0.096077025,0.0,0.0,0.001904743,-26.683243,2.2382817,0.7460939,0.2,0.0,0.15703517,4.5999966,4.6199965,745600
hardzero_plus_depr__c0p50__z1p00__lam0p020__nu0p50__psi0p75,hardzero_plus_depr,0.06,32,233,0.0,2,0.19301783,0.19321533,0.97774285,0.105258495,0.105258495,1.0,0.00019750549,0.0018763853,-26.757078,2.1510773,0.71702576,0.192,0.0,0.14246802,4.6199965,4.6399965,748800
hardzero_plus_depr__c0p50__z1p00__lam0p020__nu0p50__psi0p75,hardzero_plus_depr,0.06,32,234,0.0,2,0.19321533,0.19321533,1.0043781,0.0,0.09899698,0.0,0.0,0.0018484495,-27.195864,2.2096758,0.7365586,0.11,0.0,0.15638646,4.6399965,4.6599965,752000
hardzero_plus_depr__c0p50__z1p00__lam0p020__nu0p50__psi0p75,hardzero_plus_depr,0.06,32,235,0.0,2,0.19321533,0.19340634,0.979205,0.10490471,0.10490471,1.0,0.00019102408,0.0018209295,-26.274141,2.154294,0.71809804,0.16000001,0.008,0.1435569,4.6599965,4.6799965,755200
hardzero_plus_depr__c0p50__z1p00__lam0p020__nu0p50__psi0p75,hardzero_plus_depr,0.06,32,236,0.0,2,0.19340634,0.19340634,1.0112084,0.0,0.09745218,0.0,0.0,0.0017938197,-27.285702,2.2247028,0.7415676,0.16000001,0.0,0.18144178,4.6799965,4.6999965,758400
hardzero_plus_depr__c0p50__z1p00__lam0p020__nu0p50__psi0p75,hardzero_plus_depr,0.06,32,237,0.0,2,0.19340634,0.19340634,1.0264821,0.0,0.094084464,0.0,0.0,0.0017671133,-27.572157,2.2583058,0.75276864,0.136,0.0,0.13949652,4.6999965,4.7199965,761600
hardzero_plus_depr__c0p50__z1p00__lam0p020__nu0p50__psi0p75,hardzero_plus_depr,0.06,32,238,0.0,2,0.19340634,0.19340634,1.010406,0.0,0.09763239,0.0,0.0,0.0017408043,-27.064222,2.2229376,0.7409792,0.16800001,0.0,0.16433884,4.7199965,4.7399964,764800
hardzero_plus_depr__c0p50__z1p00__lam0p020__nu0p50__psi0p75,hardzero_plus_depr,0.06,32,239,0.0,2,0.19340634,0.19357842,0.9985006,0.10034585,0.10034585,1.0,0.0001720818,0.001714887,-26.783098,2.1967452,0.7322484,0.136,0.0,0.1595971,4.7399964,4.7599964,768000
hardzero_plus_depr__c0p50__z1p00__lam0p020__nu0p50__psi0p75,hardzero_plus_depr,0.06,32,240,0.0,2,0.19357842,0.19375062,0.9916872,0.101932526,0.101932526,1.0,0.0001722003,0.0016893558,-26.802607,2.1817553,0.72725177,0.18400002,0.0,0.14658196,4.7599964,4.7799964,771200
hardzero_plus_depr__c0p50__z1p00__lam0p020__nu0p50__psi0p75,hardzero_plus_depr,0.06,32,241,0.0,2,0.19375062,0.19375062,1.0240171,0.0,0.09461999,0.0,0.0,0.0016642049,-26.91055,2.2528827,0.75096095,0.18400002,0.0,0.1647052,4.7799964,4.7999964,774400
hardzero_plus_depr__c0p50__z1p00__lam0p020__nu0p50__psi0p75,hardzero_plus_depr,0.06,32,242,0.0,2,0.19375062,0.19394511,0.92579824,0.11863196,0.11863196,1.0,0.00019448854,0.0016394279,-25.37132,2.0367968,0.6789323,0.192,0.0,0.13578615,4.7999964,4.8199964,777600
hardzero_plus_depr__c0p50__z1p00__lam0p020__nu0p50__psi0p75,hardzero_plus_depr,0.06,32,243,0.0,2,0.19394511,0.19411643,0.974372,0.10607864,0.10607864,1.0,0.0001713191,0.0016150197,-26.241407,2.1436613,0.7145538,0.16800001,0.0,0.15080523,4.8199964,4.8399963,780800
hardzero_plus_depr__c0p50__z1p00__lam0p020__nu0p50__psi0p75,hardzero_plus_depr,0.06,32,244,0.0,2,0.19411643,0.19411643,1.055478,0.0,0.08800797,0.0,0.0,0.0015909754,-28.71229,2.322098,0.7740327,0.112,0.0,0.15016592,4.8399963,4.8599963,784000
hardzero_plus_depr__c0p50__z1p00__lam0p020__nu0p50__psi0p75,hardzero_plus_depr,0.06,32,245,0.0,2,0.19411643,0.19427378,0.99826014,0.10040142,0.10040142,1.0,0.00015735805,0.0015672891,-27.26256,2.196216,0.73207206,0.16800001,0.0,0.16020097,4.8599963,4.8799963,787200
hardzero_plus_depr__c0p50__z1p00__lam0p020__nu0p50__psi0p75,hardzero_plus_depr,0.06,32,246,0.0,2,0.19427378,0.19427378,1.0147022,0.0,0.09667135,0.0,0.0,0.0015439551,-26.826712,2.2323895,0.74412984,0.120000005,0.0,0.13478078,4.8799963,4.8999963,790400
hardzero_plus_depr__c0p50__z1p00__lam0p020__nu0p50__psi0p75,hardzero_plus_depr,0.06,32,247,0.0,2,0.19427378,0.19427378,1.0648187,0.0,0.08613531,0.0,0.0,0.0015209685,-28.498692,2.342648,0.7808827,0.089999996,0.0,0.15598278,4.8999963,4.9199963,793600
hardzero_plus_depr__c0p50__z1p00__lam0p020__nu0p50__psi0p75,hardzero_plus_depr,0.06,32,248,0.0,2,0.19427378,0.19427378,1.0209731,0.0,0.09528551,0.0,0.0,0.0014983243,-27.216064,2.2461855,0.7487285,0.16800001,0.0,0.17798457,4.9199963,4.9399962,796800
hardzero_plus_depr__c0p50__z1p00__lam0p020__nu0p50__psi0p75,hardzero_plus_depr,0.06,32,249,0.0,2,0.19427378,0.19443649,0.9576695,0.110237785,0.110237785,1.0,0.0001627129,0.0014760174,-27.321772,2.106915,0.702305,0.216,0.0,0.1559722,4.9399962,4.959996,800000
hardzero_plus_depr__c0p50__z1p00__lam0p020__nu0p50__psi0p75,hardzero_plus_depr,0.06,32,250,0.0,2,0.19443649,0.19458808,0.9819212,0.10425065,0.10425065,1.0,0.00015158484,0.0014540422,-27.042282,2.1602697,0.7200899,0.15200001,0.0,0.15091349,4.959996,4.979996,803200
hardzero_plus_depr__c0p50__z1p00__lam0p020__nu0p50__psi0p75,hardzero_plus_depr,0.06,32,251,0.0,2,0.19458808,0.19475427,0.93543917,0.116027474,0.116027474,1.0,0.00016619707,0.0014323941,-25.612562,2.0580072,0.68600243,0.216,0.0,0.122418545,4.979996,4.999996,806400
hardzero_plus_depr__c0p50__z1p00__lam0p020__nu0p50__psi0p75,hardzero_plus_depr,0.06,32,252,0.0,2,0.19475427,0.19489674,0.9958444,0.10096143,0.10096143,1.0,0.00014246353,0.0014110688,-26.987421,2.1909015,0.73030055,0.16800001,0.0,0.18034521,4.999996,5.019996,809600
hardzero_plus_depr__c0p50__z1p00__lam0p020__nu0p50__psi0p75,hardzero_plus_depr,0.06,32,253,0.0,2,0.19489674,0.19505106,0.9546294,0.11101215,0.11101215,1.0,0.00015431365,0.0013900609,-26.163954,2.1002266,0.70007557,0.120000005,0.0,0.14926732,5.019996,5.039996,812800
hardzero_plus_depr__c0p50__z1p00__lam0p020__nu0p50__psi0p75,hardzero_plus_depr,0.06,32,254,0.0,2,0.19505106,0.19505106,1.0102822,0.0,0.09766026,0.0,0.0,0.0013693655,-27.379557,2.222665,0.74088836,0.18400002,0.0,0.17567962,5.039996,5.059996,816000
hardzero_plus_depr__c0p50__z1p00__lam0p020__nu0p50__psi0p75,hardzero_plus_depr,0.06,32,255,0.0,2,0.19505106,0.19505106,1.0076783,0.0,0.09824754,0.0,0.0,0.0013489783,-27.5656,2.2169363,0.7389788,0.2,0.0,0.17413303,5.059996,5.079996,819200
hardzero_plus_depr__c0p50__z1p00__lam0p020__nu0p50__psi0p75,hardzero_plus_depr,0.06,32,256,0.0,2,0.19505106,0.19505106,1.0441257,0.0,0.090338804,0.0,0.0,0.0013288946,-27.62483,2.2971225,0.7657075,0.128,0.0,0.17925344,5.079996,5.099996,822400
hardzero_plus_depr__c0p50__z1p00__lam0p020__nu0p50__psi0p75,hardzero_plus_depr,0.06,32,257,0.0,2,0.19505106,0.195183,0.9966015,0.100785606,0.100785606,1.0,0.00013193945,0.0013091101,-26.467934,2.192567,0.7308557,0.16800001,0.0,0.14602269,5.099996,5.119996,825600
hardzero_plus_depr__c0p50__z1p00__lam0p020__nu0p50__psi0p75,hardzero_plus_depr,0.06,32,258,0.0,2,0.195183,0.19531715,0.9828642,0.10402453,0.10402453,1.0,0.0001341521,0.0012896198,-26.140942,2.1623445,0.7207815,0.192,0.0,0.1314117,5.119996,5.139996,828800
hardzero_plus_depr__c0p50__z1p00__lam0p020__nu0p50__psi0p75,hardzero_plus_depr,0.06,32,259,0.0,2,0.19531715,0.19545332,0.9698948,0.10717788,0.10717788,1.0,0.0001361609,0.0012704198,-26.210508,2.1338112,0.71127045,0.120000005,0.0,0.15580422,5.139996,5.159996,832000
hardzero_plus_depr__c0p50__z1p00__lam0p020__nu0p50__psi0p75,hardzero_plus_depr,0.06,32,260,0.0,2,0.19545332,0.19545332,1.0719956,0.0,0.0847236,0.0,0.0,0.0012515058,-28.017885,2.3584375,0.78614587,0.14,0.0,0.19175227,5.159996,5.179996,835200
hardzero_plus_depr__c0p50__z1p00__lam0p020__nu0p50__psi0p75,hardzero_plus_depr,0.06,32,261,0.0,2,0.19545332,0.1955772,0.99787736,0.10048995,0.10048995,1.0,0.0001238914,0.0012328735,-25.980059,2.195374,0.7317914,0.120000005,0.0,0.1347683,5.179996,5.199996,838400
hardzero_plus_depr__c0p50__z1p00__lam0p020__nu0p50__psi0p75,hardzero_plus_depr,0.06,32,262,0.0,2,0.1955772,0.19570123,0.99092585,0.102111384,0.102111384,1.0,0.00012401617,0.0012145184,-26.563934,2.1800804,0.7266935,0.23200001,0.008,0.16615696,5.199996,5.219996,841600
hardzero_plus_depr__c0p50__z1p00__lam0p020__nu0p50__psi0p75,hardzero_plus_depr,0.06,32,263,0.0,2,0.19570123,0.19570123,1.0419654,0.0,0.09078928,0.0,0.0,0.0011964364,-28.01592,2.2923696,0.7641232,0.120000005,0.0,0.17171398,5.219996,5.239996,844800
hardzero_plus_depr__c0p50__z1p00__lam0p020__nu0p50__psi0p75,hardzero_plus_depr,0.06,32,264,0.0,2,0.19570123,0.19570123,1.0426638,0.0,0.0906434,0.0,0.0,0.001178624,-27.54282,2.2939062,0.76463544,0.16000001,0.0,0.13505359,5.239996,5.259996,848000
hardzero_plus_depr__c0p50__z1p00__lam0p020__nu0p50__psi0p75,hardzero_plus_depr,0.06,32,265,0.0,2,0.19570123,0.19570123,1.0126201,0.0,0.097135924,0.0,0.0,0.0011610766,-26.416927,2.2278087,0.74260294,0.16000001,0.0,0.1346661,5.259996,5.279996,851200
hardzero_plus_depr__c0p50__z1p00__lam0p020__nu0p50__psi0p75,hardzero_plus_depr,0.06,32,266,0.0,2,0.19570123,0.19581898,0.9873978,0.10294428,0.10294428,1.0,0.00011774667,0.0011437903,-27.421392,2.1723185,0.7241062,0.104,0.0,0.1637589,5.279996,5.299996,854400
hardzero_plus_depr__c0p50__z1p00__lam0p020__nu0p50__psi0p75,hardzero_plus_depr,0.06,32,267,0.0,2,0.19581898,0.19581898,1.0627586,0.0,0.086544886,0.0,0.0,0.0011267614,-28.19883,2.3381155,0.77937186,0.16000001,0.0,0.16590899,5.299996,5.319996,857600
hardzero_plus_depr__c0p50__z1p00__lam0p020__nu0p50__psi0p75,hardzero_plus_depr,0.06,32,268,0.0,2,0.19581898,0.19593409,0.984182,0.10370936,0.10370936,1.0,0.00011511596,0.0011099862,-27.11031,2.1652436,0.7217479,0.18400002,0.0,0.17708364,5.319996,5.339996,860800
hardzero_plus_depr__c0p50__z1p00__lam0p020__nu0p50__psi0p75,hardzero_plus_depr,0.06,32,269,0.0,2,0.19593409,0.19593409,1.0033917,0.0,0.09922205,0.0,0.0,0.0010934608,-26.573236,2.207506,0.7358353,0.136,0.0,0.1616721,5.339996,5.359996,864000
hardzero_plus_depr__c0p50__z1p00__lam0p020__nu0p50__psi0p75,hardzero_plus_depr,0.06,32,270,0.0,2,0.19593409,0.19593409,1.0168245,0.0,0.096200086,0.0,0.0,0.0010771815,-26.892277,2.2370586,0.74568623,0.15200001,0.0,0.14234634,5.359996,5.379996,867200
hardzero_plus_depr__c0p50__z1p00__lam0p020__nu0p50__psi0p75,hardzero_plus_depr,0.06,32,271,0.0,2,0.19593409,0.19593409,1.0499585,0.0,0.08913361,0.0,0.0,0.0010611439,-27.728533,2.3099546,0.7699849,0.128,0.0,0.16989057,5.379996,5.399996,870400
hardzero_plus_depr__c0p50__z1p00__lam0p020__nu0p50__psi0p75,hardzero_plus_depr,0.06,32,272,0.0,2,0.19593409,0.1960421,0.9857405,0.10333788,0.10333788,1.0,0.0001080238,0.0010453457,-26.377821,2.1686723,0.7228908,0.17600001,0.0,0.12887852,5.399996,5.419996,873600
hardzero_plus_depr__c0p50__z1p00__lam0p020__nu0p50__psi0p75,hardzero_plus_depr,0.06,32,273,0.0,2,0.1960421,0.19614583,0.9968426,0.10072966,0.10072966,1.0,0.000103729646,0.0010297826,-26.807796,2.1930976,0.73103255,0.089999996,0.0,0.14067206,5.419996,5.439996,876800
hardzero_plus_depr__c0p50__z1p00__lam0p020__nu0p50__psi0p75,hardzero_plus_depr,0.06,32,274,0.0,2,0.19614583,0.19626038,0.94726026,0.1129119,0.1129119,1.0,0.00011454358,0.0010144509,-26.18666,2.0840142,0.6946714,0.192,0.0,0.15042458,5.439996,5.4599957,880000
hardzero_plus_depr__c0p50__z1p00__lam0p020__nu0p50__psi0p75,hardzero_plus_depr,0.06,32,275,0.0,2,0.19626038,0.19626038,1.0184131,0.0,0.09584885,0.0,0.0,0.0009993479,-26.829493,2.2405534,0.74685115,0.112,0.0,0.16506644,5.4599957,5.4799957,883200
hardzero_plus_depr__c0p50__z1p00__lam0p020__nu0p50__psi0p75,hardzero_plus_depr,0.06,32,276,0.0,2,0.19626038,0.19636814,0.96069974,0.1094713,0.1094713,1.0,0.00010777116,0.0009844695,-26.25168,2.1135817,0.70452726,0.264,0.008,0.14911546,5.4799957,5.4999957,886400
hardzero_plus_depr__c0p50__z1p00__lam0p020__nu0p50__psi0p75,hardzero_plus_depr,0.06,32,277,0.0,2,0.19636814,0.19636814,1.0243264,0.0,0.0945526,0.0,0.0,0.0009698129,-27.082186,2.2535632,0.75118774,0.080000006,0.0,0.13588879,5.4999957,5.5199957,889600
hardzero_plus_depr__c0p50__z1p00__lam0p020__nu0p50__psi0p75,hardzero_plus_depr,0.06,32,278,0.0,2,0.19636814,0.19646434,0.9969572,0.1007031,0.1007031,1.0,9.620916e-05,0.00095537433,-26.930182,2.1933496,0.73111653,0.136,0.0,0.13003306,5.5199957,5.5399957,892800
hardzero_plus_depr__c0p50__z1p00__lam0p020__nu0p50__psi0p75,hardzero_plus_depr,0.06,32,279,0.0,2,0.19646434,0.19655967,0.9944415,0.1012881,0.1012881,1.0,9.5327334e-05,0.00094115036,-26.816929,2.187815,0.72927165,0.136,0.0,0.15135229,5.5399957,5.5599957,896000
hardzero_plus_depr__c0p50__z1p00__lam0p020__nu0p50__psi0p75,hardzero_plus_depr,0.06,32,280,0.0,2,0.19655967,0.19655967,1.0164055,0.0,0.09629295,0.0,0.0,0.0009271386,-27.866941,2.2361367,0.7453789,0.16000001,0.0,0.16757591,5.5599957,5.5799956,899200
hardzero_plus_depr__c0p50__z1p00__lam0p020__nu0p50__psi0p75,hardzero_plus_depr,0.06,32,281,0.0,2,0.19655967,0.19655967,1.0413076,0.0,0.0909269,0.0,0.0,0.0009133355,-27.191248,2.2909224,0.7636408,0.15200001,0.0,0.15317337,5.5799956,5.5999956,902400
hardzero_plus_depr__c0p50__z1p00__lam0p020__nu0p50__psi0p75,hardzero_plus_depr,0.06,32,282,0.0,2,0.19655967,0.19655967,1.0372648,0.0,0.09177728,0.0,0.0,0.0008997374,-27.686794,2.2820282,0.7606761,0.16000001,0.0,0.14444485,5.5999956,5.6199956,905600
hardzero_plus_depr__c0p50__z1p00__lam0p020__nu0p50__psi0p75,hardzero_plus_depr,0.06,32,283,0.0,2,0.19655967,0.19655967,1.054347,0.0,0.08823744,0.0,0.0,0.0008863421,-27.0913,2.3196099,0.7732033,0.104,0.0,0.12873271,5.6199956,5.6399956,908800
hardzero_plus_depr__c0p50__z1p00__lam0p020__nu0p50__psi0p75,hardzero_plus_depr,0.06,32,284,0.0,2,0.19655967,0.19655967,1.0258669,0.0,0.09421782,0.0,0.0,0.00087314635,-27.923485,2.2569523,0.7523174,0.2,0.0,0.14978085,5.6399956,5.6599956,912000
hardzero_plus_depr__c0p50__z1p00__lam0p020__nu0p50__psi0p75,hardzero_plus_depr,0.06,32,285,0.0,2,0.19655967,0.19665189,0.9697017,0.107225545,0.107225545,1.0,9.2229726e-05,0.00086014695,-26.346601,2.1333864,0.71112883,0.208,0.0,0.1415118,5.6599956,5.6799955,915200
hardzero_plus_depr__c0p50__z1p00__lam0p020__nu0p50__psi0p75,hardzero_plus_depr,0.06,32,286,0.0,2,0.19665189,0.19665189,1.0446035,0.0,0.09023946,0.0,0.0,0.0008473412,-27.257935,2.2981734,0.76605785,0.21,0.0,0.1644572,5.6799955,5.6999955,918400
hardzero_plus_depr__c0p50__z1p00__lam0p020__nu0p50__psi0p75,hardzero_plus_depr,0.06,32,287,0.0,2,0.19665189,0.19674322,0.96093166,0.10941286,0.10941286,1.0,9.132972e-05,0.0008347257,-26.254353,2.1140919,0.7046973,0.16800001,0.0,0.17168447,5.6999955,5.7199955,921600
hardzero_plus_depr__c0p50__z1p00__lam0p020__nu0p50__psi0p75,hardzero_plus_depr,0.06,32,288,0.0,2,0.19674322,0.19674322,1.0076834,0.0,0.09824639,0.0,0.0,0.0008222983,-26.772049,2.2169478,0.7389826,0.17600001,0.0,0.13474295,5.7199955,5.7399955,924800
hardzero_plus_depr__c0p50__z1p00__lam0p020__nu0p50__psi0p75,hardzero_plus_depr,0.06,32,289,0.0,2,0.19674322,0.19674322,1.0026846,0.0,0.09938376,0.0,0.0,0.000810056,-27.032925,2.2059503,0.73531675,0.28,0.008,0.1749315,5.7399955,5.7599955,928000
hardzero_plus_depr__c0p50__z1p00__lam0p020__nu0p50__psi0p75,hardzero_plus_depr,0.06,32,290,0.0,2,0.19674322,0.19682893,0.96894205,0.10741328,0.10741328,1.0,8.571531e-05,0.00079799554,-25.754776,2.131715,0.7105717,0.16800001,0.0,0.1471112,5.7599955,5.7799954,931200
hardzero_plus_depr__c0p50__z1p00__lam0p020__nu0p50__psi0p75,hardzero_plus_depr,0.06,32,291,0.0,2,0.19682893,0.19682893,1.0010153,0.0,0.09976648,0.0,0.0,0.00078611507,-27.001091,2.2022777,0.7340926,0.16800001,0.0,0.15731362,5.7799954,5.7999954,934400
hardzero_plus_depr__c0p50__z1p00__lam0p020__nu0p50__psi0p75,hardzero_plus_depr,0.06,32,292,0.0,2,0.19682893,0.19682893,1.0430832,0.0,0.090555914,0.0,0.0,0.0007744114,-27.201643,2.294829,0.764943,0.216,0.0,0.15343232,5.7999954,5.8199954,937600
hardzero_plus_depr__c0p50__z1p00__lam0p020__nu0p50__psi0p75,hardzero_plus_depr,0.06,32,293,0.0,2,0.19682893,0.19682893,1.0308939,0.0,0.09313352,0.0,0.0,0.000762882,-26.691954,2.2680118,0.756004,0.136,0.0,0.1464943,5.8199954,5.8399954,940800
hardzero_plus_depr__c0p50__z1p00__lam0p020__nu0p50__psi0p75,hardzero_plus_depr,0.06,32,294,0.0,2,0.19682893,0.1969046,0.9969919,0.10069505,0.10069505,1.0,7.567478e-05,0.00075152435,-26.983025,2.193426,0.731142,0.17600001,0.0,0.1630919,5.8399954,5.8599954,944000
hardzero_plus_depr__c0p50__z1p00__lam0p020__nu0p50__psi0p75,hardzero_plus_depr,0.06,32,295,0.0,2,0.1969046,0.1969046,1.0291598,0.0,0.09350615,0.0,0.0,0.0007403353,-27.451271,2.2641966,0.75473225,0.128,0.0,0.17673592,5.8599954,5.8799953,947200
hardzero_plus_depr__c0p50__z1p00__lam0p020__nu0p50__psi0p75,hardzero_plus_depr,0.06,32,296,0.0,2,0.1969046,0.1969046,1.0171432,0.0,0.096129514,0.0,0.0,0.00072931324,-27.000881,2.2377598,0.74591994,0.096,0.0,0.16463801,5.8799953,5.8999953,950400
hardzero_plus_depr__c0p50__z1p00__lam0p020__nu0p50__psi0p75,hardzero_plus_depr,0.06,32,297,0.0,2,0.1969046,0.1969046,1.0575727,0.0,0.08758451,0.0,0.0,0.0007184553,-27.88297,2.3267064,0.77556884,0.136,0.0,0.14244561,5.8999953,5.9199953,953600
hardzero_plus_depr__c0p50__z1p00__lam0p020__nu0p50__psi0p75,hardzero_plus_depr,0.06,32,298,0.0,2,0.1969046,0.196977,0.9901434,0.1022955,0.1022955,1.0,7.240053e-05,0.00070775865,-26.843777,2.178359,0.7261197,0.17600001,0.0,0.15415946,5.9199953,5.9399953,956800
hardzero_plus_depr__c0p50__z1p00__lam0p020__nu0p50__psi0p75,hardzero_plus_depr,0.06,32,299,0.0,2,0.196977,0.19704722,0.9969331,0.10070866,0.10070866,1.0,7.021625e-05,0.00069722155,-26.563026,2.1932967,0.7310989,0.089999996,0.0,0.15300575,5.9399953,5.9599953,960000
hardzero_plus_depr__c0p50__z1p00__lam0p020__nu0p50__psi0p75,hardzero_plus_depr,0.06,32,300,0.0,2,0.19704722,0.19704722,1.013715,0.0,0.09689134,0.0,0.0,0.0006868414,-27.777956,2.2302177,0.74340594,0.128,0.0,0.15278246,5.9599953,5.9799953,963200
hardzero_plus_depr__c0p50__z1p00__lam0p020__nu0p50__psi0p75,hardzero_plus_depr,0.06,32,301,0.0,2,0.19704722,0.19712424,0.9437426,0.11383019,0.11383019,1.0,7.701929e-05,0.0006766157,-25.024384,2.076275,0.6920917,0.16000001,0.0,0.13343488,5.9799953,5.999995,966400
hardzero_plus_depr__c0p50__z1p00__lam0p020__nu0p50__psi0p75,hardzero_plus_depr,0.06,32,302,0.0,2,0.19712424,0.19719388,0.98104316,0.10446163,0.10446163,1.0,6.96281e-05,0.0006665423,-27.080872,2.158338,0.71944606,0.15200001,0.0,0.14416036,5.999995,6.019995,969600
hardzero_plus_depr__c0p50__z1p00__lam0p020__nu0p50__psi0p75,hardzero_plus_depr,0.06,32,303,0.0,2,0.19719388,0.19719388,1.0428677,0.0,0.090600856,0.0,0.0,0.00065661856,-28.47444,2.2943547,0.76478493,0.136,0.0,0.16241905,6.019995,6.039995,972800
hardzero_plus_depr__c0p50__z1p00__lam0p020__nu0p50__psi0p75,hardzero_plus_depr,0.06,32,304,0.0,2,0.19719388,0.19726275,0.9727689,0.106470935,0.106470935,1.0,6.886997e-05,0.00064684293,-25.937181,2.1401343,0.71337813,0.128,0.0,0.17467974,6.039995,6.059995,976000
hardzero_plus_depr__c0p50__z1p00__lam0p020__nu0p50__psi0p75,hardzero_plus_depr,0.06,32,305,0.0,2,0.19726275,0.19726275,1.0735277,0.0,0.08442525,0.0,0.0,0.0006372127,-28.579681,2.361808,0.78726935,0.14400001,0.0,0.17067762,6.059995,6.079995,979200
hardzero_plus_depr__c0p50__z1p00__lam0p020__nu0p50__psi0p75,hardzero_plus_depr,0.06,32,306,0.0,2,0.19726275,0.19726275,1.0285871,0.0,0.09362953,0.0,0.0,0.0006277256,-27.413054,2.2629368,0.7543123,0.14400001,0.0,0.13836323,6.079995,6.099995,982400
hardzero_plus_depr__c0p50__z1p00__lam0p020__nu0p50__psi0p75,hardzero_plus_depr,0.06,32,307,0.0,2,0.19726275,0.19732592,0.99079365,0.10214247,0.10214247,1.0,6.316287e-05,0.00061838015,-26.160488,2.1797895,0.72659653,0.15200001,0.0,0.14110197,6.099995,6.119995,985600
hardzero_plus_depr__c0p50__z1p00__lam0p020__nu0p50__psi0p75,hardzero_plus_depr,0.06,32,308,0.0,2,0.19732592,0.19739531,0.94345504,0.11390557,0.11390557,1.0,6.9388276e-05,0.0006091737,-25.525972,2.0756426,0.6918809,0.112,0.0,0.12997195,6.119995,6.139995,988800
hardzero_plus_depr__c0p50__z1p00__lam0p020__nu0p50__psi0p75,hardzero_plus_depr,0.06,32,309,0.0,2,0.19739531,0.19739531,1.0470611,0.0,0.089730255,0.0,0.0,0.0006001044,-27.811777,2.3035803,0.7678601,0.17600001,0.0,0.16400287,6.139995,6.159995,992000
hardzero_plus_depr__c0p50__z1p00__lam0p020__nu0p50__psi0p75,hardzero_plus_depr,0.06,32,310,0.0,2,0.19739531,0.19739531,1.0165542,0.0,0.09625997,0.0,0.0,0.0005911701,-26.712622,2.236464,0.74548805,0.136,0.0,0.14024107,6.159995,6.179995,995200
hardzero_plus_depr__c0p50__z1p00__lam0p020__nu0p50__psi0p75,hardzero_plus_depr,0.06,32,311,0.0,2,0.19739531,0.19739531,1.0403934,0.0,0.09111851,0.0,0.0,0.00058236846,-27.208195,2.288911,0.7629704,0.120000005,0.0,0.17722784,6.179995,6.199995,998400
hardzero_plus_depr__c0p50__z1p00__lam0p020__nu0p50__psi0p75,hardzero_plus_depr,0.06,32,312,0.0,2,0.19739531,0.19739531,1.0601451,0.0,0.08706726,0.0,0.0,0.00057369826,-27.646267,2.3323658,0.7774553,0.14,0.0,0.1709335,6.199995,6.219995,1001600
hardzero_plus_depr__c0p50__z1p00__lam0p020__nu0p50__psi0p75,hardzero_plus_depr,0.06,32,313,0.0,2,0.19739531,0.19739531,1.0592256,0.0,0.08725181,0.0,0.0,0.0005651571,-28.493118,2.3303428,0.77678096,0.192,0.0,0.17012244,6.219995,6.239995,1004800
hardzero_plus_depr__c0p50__z1p00__lam0p020__nu0p50__psi0p75,hardzero_plus_depr,0.06,32,314,0.0,2,0.19739531,0.19745253,0.9880598,0.10278746,0.10278746,1.0,5.7226174e-05,0.0005567428,-26.59865,2.173775,0.7245917,0.16800001,0.0,0.15566732,6.239995,6.259995,1008000
hardzero_plus_depr__c0p50__z1p00__lam0p020__nu0p50__psi0p75,hardzero_plus_depr,0.06,32,315,0.0,2,0.19745253,0.19745253,1.0103496,0.0,0.097645074,0.0,0.0,0.000548454,-26.846329,2.2228136,0.7409379,0.208,0.0,0.16553745,6.259995,6.279995,1011200
hardzero_plus_depr__c0p50__z1p00__lam0p020__nu0p50__psi0p75,hardzero_plus_depr,0.06,32,316,0.0,2,0.19745253,0.19750695,0.9968165,0.10073571,0.10073571,1.0,5.4426364e-05,0.0005402887,-25.7907,2.1930401,0.7310134,0.192,0.0,0.14116997,6.279995,6.299995,1014400
hardzero_plus_depr__c0p50__z1p00__lam0p020__nu0p50__psi0p75,hardzero_plus_depr,0.06,32,317,0.0,2,0.19750695,0.19756564,0.95751226,0.11027771,0.11027771,1.0,5.869475e-05,0.0005322449,-26.65088,2.106569,0.7021897,0.256,0.0,0.14371547,6.299995,6.319995,1017600
hardzero_plus_depr__c0p50__z1p00__lam0p020__nu0p50__psi0p75,hardzero_plus_depr,0.06,32,318,0.0,2,0.19756564,0.19761841,0.9972812,0.100627996,0.100627996,1.0,5.276136e-05,0.0005243209,-25.935087,2.1940625,0.7313542,0.15200001,0.0,0.13971768,6.319995,6.339995,1020800
hardzero_plus_depr__c0p50__z1p00__lam0p020__nu0p50__psi0p75,hardzero_plus_depr,0.06,32,319,0.0,2,0.19761841,0.19767012,0.99957466,0.10009799,0.10009799,1.0,5.1702067e-05,0.0005165145,-26.418165,2.1991081,0.73303604,0.104,0.0,0.14316882,6.339995,6.359995,1024000
hardzero_plus_depr__c0p50__z1p00__lam0p020__nu0p50__psi0p75,hardzero_plus_depr,0.06,32,320,0.0,2,0.19767012,0.19767012,1.0358185,0.0,0.09208345,0.0,0.0,0.00050882477,-26.937998,2.278846,0.75961536,0.128,0.0,0.15495019,6.359995,6.379995,1027200
hardzero_plus_depr__c0p50__z1p00__lam0p020__nu0p50__psi0p75,hardzero_plus_depr,0.06,32,321,0.0,2,0.19767012,0.19772282,0.97815573,0.10515846,0.10515846,1.0,5.2710617e-05,0.0005012494,-26.5792,2.1519856,0.71732855,0.15200001,0.0,0.13042605,6.379995,6.399995,1030400
hardzero_plus_depr__c0p50__z1p00__lam0p020__nu0p50__psi0p75,hardzero_plus_depr,0.06,32,322,0.0,2,0.19772282,0.19772282,1.061698,0.0,0.0867565,0.0,0.0,0.00049378665,-28.319017,2.335782,0.778594,0.14400001,0.0,0.19299722,6.399995,6.419995,1033600
hardzero_plus_depr__c0p50__z1p00__lam0p020__nu0p50__psi0p75,hardzero_plus_depr,0.06,32,323,0.0,2,0.19772282,0.19777158,0.99896073,0.10023958,0.10023958,1.0,4.8760056e-05,0.00048643514,-26.683144,2.1977575,0.73258585,0.192,0.0,0.13510875,6.419995,6.439995,1036800
hardzero_plus_depr__c0p50__z1p00__lam0p020__nu0p50__psi0p75,hardzero_plus_depr,0.06,32,324,0.0,2,0.19777158,0.19777158,1.0081269,0.0,0.09814612,0.0,0.0,0.0004791931,-26.53435,2.2179234,0.7393078,0.18400002,0.0,0.14161447,6.439995,6.459995,1040000
hardzero_plus_depr__c0p50__z1p00__lam0p020__nu0p50__psi0p75,hardzero_plus_depr,0.06,32,325,0.0,2,0.19777158,0.19777158,1.0270008,0.0,0.09397215,0.0,0.0,0.00047205895,-27.373596,2.2594469,0.753149,0.12,0.0,0.16496171,6.459995,6.479995,1043200
hardzero_plus_depr__c0p50__z1p00__lam0p020__nu0p50__psi0p75,hardzero_plus_depr,0.06,32,326,0.0,2,0.19777158,0.1978185,0.99613833,0.10089314,0.10089314,1.0,4.6918427e-05,0.0004650309,-27.40402,2.191548,0.7305161,0.14400001,0.0,0.15672249,6.479995,6.4999948,1046400
hardzero_plus_depr__c0p50__z1p00__lam0p020__nu0p50__psi0p75,hardzero_plus_depr,0.06,32,327,0.0,2,0.1978185,0.1978185,1.0354916,0.0,0.09215276,0.0,0.0,0.0004581074,-27.629616,2.278127,0.7593757,0.17600001,0.0,0.16191383,6.4999948,6.5199947,1049600
hardzero_plus_depr__c0p50__z1p00__lam0p020__nu0p50__psi0p75,hardzero_plus_depr,0.06,32,328,0.0,2,0.1978185,0.1978185,1.0210612,0.0,0.09526621,0.0,0.0,0.00045128714,-27.629755,2.2463794,0.7487931,0.096,0.0,0.15296859,6.5199947,6.5399947,1052800
hardzero_plus_depr__c0p50__z1p00__lam0p020__nu0p50__psi0p75,hardzero_plus_depr,0.06,32,329,0.0,2,0.1978185,0.19786762,0.9567447,0.11047278,0.11047278,1.0,4.9112707e-05,0.00044456837,-26.304808,2.1048803,0.7016268,0.256,0.0,0.1506419,6.5399947,6.5599947,1056000
hardzero_plus_depr__c0p50__z1p00__lam0p020__nu0p50__psi0p75,hardzero_plus_depr,0.06,32,330,0.0,2,0.19786762,0.19791548,0.96149343,0.1092714,0.1092714,1.0,4.7855352e-05,0.00043794946,-26.238214,2.1153278,0.7051093,0.18400002,0.0,0.17377976,6.5599947,6.5799947,1059200
hardzero_plus_depr__c0p50__z1p00__lam0p020__nu0p50__psi0p75,hardzero_plus_depr,0.06,32,331,0.0,2,0.19791548,0.1979612,0.9749011,0.1059495,0.1059495,1.0,4.570972e-05,0.0004314293,-27.089338,2.1448252,0.71494174,0.16000001,0.0,0.16880076,6.5799947,6.5999947,1062400
hardzero_plus_depr__c0p50__z1p00__lam0p020__nu0p50__psi0p75,hardzero_plus_depr,0.06,32,332,0.0,2,0.1979612,0.1979612,1.0007998,0.0,0.09981601,0.0,0.0,0.0004250062,-27.322447,2.2018034,0.7339345,0.17600001,0.0,0.16922058,6.5999947,6.6199946,1065600
hardzero_plus_depr__c0p50__z1p00__lam0p020__nu0p50__psi0p75,hardzero_plus_depr,0.06,32,333,0.0,2,0.1979612,0.19800824,0.94934213,0.112371944,0.112371944,1.0,4.7047746e-05,0.00041867877,-26.588263,2.0885944,0.69619817,0.224,0.0,0.14227714,6.6199946,6.6399946,1068800
hardzero_plus_depr__c0p50__z1p00__lam0p020__nu0p50__psi0p75,hardzero_plus_depr,0.06,32,334,0.0,2,0.19800824,0.19800824,1.0137187,0.0,0.09689052,0.0,0.0,0.00041244552,-27.213722,2.2302258,0.7434086,0.224,0.0,0.17944273,6.6399946,6.6599946,1072000
hardzero_plus_depr__c0p50__z1p00__lam0p020__nu0p50__psi0p75,hardzero_plus_depr,0.06,32,335,0.0,2,0.19800824,0.19800824,1.0291145,0.0,0.09351592,0.0,0.0,0.00040630484,-27.157316,2.264097,0.754699,0.192,0.0,0.16183147,6.6599946,6.6799946,1075200
hardzero_plus_depr__c0p50__z1p00__lam0p020__nu0p50__psi0p75,hardzero_plus_depr,0.06,32,336,0.0,2,0.19800824,0.19800824,1.0097659,0.0,0.09777642,0.0,0.0,0.0004002558,-26.711252,2.2215292,0.74050975,0.18400002,0.0,0.14821877,6.6799946,6.6999946,1078400
hardzero_plus_depr__c0p50__z1p00__lam0p020__nu0p50__psi0p75,hardzero_plus_depr,0.06,32,337,0.0,2,0.19800824,0.19800824,1.0474164,0.0,0.08965687,0.0,0.0,0.0003942968,-28.46543,2.3043623,0.76812077,0.16000001,0.0,0.17656787,6.6999946,6.7199945,1081600
hardzero_plus_depr__c0p50__z1p00__lam0p020__nu0p50__psi0p75,hardzero_plus_depr,0.06,32,338,0.0,2,0.19800824,0.19804999,0.9685469,0.10751104,0.10751104,1.0,4.1760126e-05,0.0003884264,-26.389433,2.1308458,0.71028197,0.29999998,0.0,0.123892725,6.7199945,6.7399945,1084800
hardzero_plus_depr__c0p50__z1p00__lam0p020__nu0p50__psi0p75,hardzero_plus_depr,0.06,32,339,0.0,2,0.19804999,0.19808927,0.9885665,0.10266762,0.10266762,1.0,3.92851e-05,0.0003826435,-27.320038,2.1748898,0.7249633,0.14400001,0.0,0.14109461,6.7399945,6.7599945,1088000
hardzero_plus_depr__c0p50__z1p00__lam0p020__nu0p50__psi0p75,hardzero_plus_depr,0.06,32,340,0.0,2,0.19808927,0.19812964,0.970258,0.107088305,0.107088305,1.0,4.036659e-05,0.00037694676,-26.05248,2.1346102,0.71153677,0.16800001,0.0,0.119738445,6.7599945,6.7799945,1091200
hardzero_plus_depr__c0p50__z1p00__lam0p020__nu0p50__psi0p75,hardzero_plus_depr,0.06,32,341,0.0,2,0.19812964,0.19812964,1.0078694,0.0,0.09820433,0.0,0.0,0.00037133478,-27.349949,2.217357,0.739119,0.17600001,0.0,0.18081312,6.7799945,6.7999945,1094400
hardzero_plus_depr__c0p50__z1p00__lam0p020__nu0p50__psi0p75,hardzero_plus_depr,0.06,32,342,0.0,2,0.19812964,0.19816904,0.9677404,0.10771088,0.10771088,1.0,3.940133e-05,0.0003658064,-27.02035,2.1290715,0.7096905,0.192,0.0,0.1563181,6.7999945,6.8199944,1097600
hardzero_plus_depr__c0p50__z1p00__lam0p020__nu0p50__psi0p75,hardzero_plus_depr,0.06,32,343,0.0,2,0.19816904,0.19816904,1.0169386,0.0,0.09617483,0.0,0.0,0.0003603601,-27.631569,2.2373095,0.74576986,0.14400001,0.0,0.16393101,6.8199944,6.8399944,1100800
hardzero_plus_depr__c0p50__z1p00__lam0p020__nu0p50__psi0p75,hardzero_plus_depr,0.06,32,344,0.0,2,0.19816904,0.1982072,0.96856624,0.10750625,0.10750625,1.0,3.8164195e-05,0.0003549951,-26.67186,2.1308882,0.7102961,0.264,0.0,0.14485444,6.8399944,6.8599944,1104000
hardzero_plus_depr__c0p50__z1p00__lam0p020__nu0p50__psi0p75,hardzero_plus_depr,0.06,32,345,0.0,2,0.1982072,0.19824459,0.9710639,0.10688975,0.10688975,1.0,3.7380407e-05,0.00034970994,-25.85172,2.1363833,0.7121278,0.17600001,0.0,0.17150965,6.8599944,6.8799944,1107200
hardzero_plus_depr__c0p50__z1p00__lam0p020__nu0p50__psi0p75,hardzero_plus_depr,0.06,32,346,0.0,2,0.19824459,0.19824459,1.0404543,0.0,0.09110573,0.0,0.0,0.00034450335,-27.558193,2.289045,0.76301503,0.15200001,0.0,0.16100629,6.8799944,6.8999944,1110400
hardzero_plus_depr__c0p50__z1p00__lam0p020__nu0p50__psi0p75,hardzero_plus_depr,0.06,32,347,0.0,2,0.19824459,0.19827995,0.9821298,0.1042006,0.1042006,1.0,3.5363017e-05,0.00033937438,-26.62378,2.1607287,0.7202429,0.2,0.0,0.16337189,6.8999944,6.9199944,1113600
hardzero_plus_depr__c0p50__z1p00__lam0p020__nu0p50__psi0p75,hardzero_plus_depr,0.06,32,348,0.0,2,0.19827995,0.19827995,1.0408936,0.0,0.09101364,0.0,0.0,0.0003343218,-27.062107,2.2900116,0.76333725,0.16000001,0.0,0.1925014,6.9199944,6.9399943,1116800
hardzero_plus_depr__c0p50__z1p00__lam0p020__nu0p50__psi0p75,hardzero_plus_depr,0.06,32,349,0.0,2,0.19827995,0.19827995,1.0016407,0.0,0.099622935,0.0,0.0,0.00032934448,-26.936983,2.2036536,0.7345512,0.16800001,0.0,0.13656539,6.9399943,6.9599943,1120000
hardzero_plus_depr__c0p50__z1p00__lam0p020__nu0p50__psi0p75,hardzero_plus_depr,0.06,32,350,0.0,2,0.19827995,0.19827995,1.0182093,0.0,0.09589383,0.0,0.0,0.00032444124,-26.026896,2.2401052,0.7467017,0.136,0.0,0.12991624,6.9599943,6.9799943,1123200
hardzero_plus_depr__c0p50__z1p00__lam0p020__nu0p50__psi0p75,hardzero_plus_depr,0.06,32,351,0.0,2,0.19827995,0.19831249,0.99214035,0.101826206,0.101826206,1.0,3.2544755e-05,0.0003196108,-26.567574,2.1827524,0.7275841,0.14999999,0.0,0.14394069,6.9799943,6.9999943,1126400
hardzero_plus_depr__c0p50__z1p00__lam0p020__nu0p50__psi0p75,hardzero_plus_depr,0.06,32,352,0.0,2,0.19831249,0.1983441,0.9984101,0.100366764,0.100366764,1.0,3.160072e-05,0.00031485246,-27.726398,2.196546,0.732182,0.192,0.0,0.15838382,6.9999943,7.0199943,1129600
hardzero_plus_depr__c0p50__z1p00__lam0p020__nu0p50__psi0p75,hardzero_plus_depr,0.06,32,353,0.0,2,0.1983441,0.1983441,1.0069118,0.0,0.098421104,0.0,0.0,0.00031016496,-27.506767,2.21525,0.7384167,0.16000001,0.0,0.14686383,7.0199943,7.0399942,1132800
hardzero_plus_depr__c0p50__z1p00__lam0p020__nu0p50__psi0p75,hardzero_plus_depr,0.06,32,354,0.0,2,0.1983441,0.1983441,1.0231767,0.0,0.09480327,0.0,0.0,0.0003055471,-27.456385,2.2510335,0.7503445,0.16000001,0.0,0.16563813,7.0399942,7.059994,1136000
hardzero_plus_depr__c0p50__z1p00__lam0p020__nu0p50__psi0p75,hardzero_plus_depr,0.06,32,355,0.0,2,0.1983441,0.1983441,1.0205706,0.0,0.095373854,0.0,0.0,0.00030099813,-27.658373,2.2453003,0.7484335,0.14400001,0.0,0.14817607,7.059994,7.079994,1139200
hardzero_plus_depr__c0p50__z1p00__lam0p020__nu0p50__psi0p75,hardzero_plus_depr,0.06,32,356,0.0,2,0.1983441,0.1983441,1.0179266,0.0,0.09595629,0.0,0.0,0.00029651693,-27.539097,2.239483,0.7464944,0.17600001,0.0,0.16255403,7.079994,7.099994,1142400
hardzero_plus_depr__c0p50__z1p00__lam0p020__nu0p50__psi0p75,hardzero_plus_depr,0.06,32,357,0.0,2,0.1983441,0.19837663,0.95331967,0.11134747,0.11134747,1.0,3.252486e-05,0.00029210237,-25.510616,2.097345,0.69911504,0.136,0.0,0.13250999,7.099994,7.119994,1145600
hardzero_plus_depr__c0p50__z1p00__lam0p020__nu0p50__psi0p75,hardzero_plus_depr,0.06,32,358,0.0,2,0.19837663,0.19837663,1.0195261,0.0,0.095603526,0.0,0.0,0.0002877536,-27.155653,2.2430022,0.74766743,0.15200001,0.0,0.18333225,7.119994,7.139994,1148800
hardzero_plus_depr__c0p50__z1p00__lam0p020__nu0p50__psi0p75,hardzero_plus_depr,0.06,32,359,0.0,2,0.19837663,0.1984052,0.99650127,0.10080887,0.10080887,1.0,2.8576227e-05,0.0002834694,-27.826208,2.1923466,0.7307822,0.14400001,0.0,0.18667759,7.139994,7.159994,1152000
hardzero_plus_depr__c0p50__z1p00__lam0p020__nu0p50__psi0p75,hardzero_plus_depr,0.06,32,360,0.0,2,0.1984052,0.19843598,0.9578213,0.11019926,0.11019926,1.0,3.0773044e-05,0.0002792491,-25.80607,2.107249,0.70241636,0.24800001,0.008,0.15011543,7.159994,7.179994,1155200
hardzero_plus_depr__c0p50__z1p00__lam0p020__nu0p50__psi0p75,hardzero_plus_depr,0.06,32,361,0.0,2,0.19843598,0.19846529,0.9723502,0.10657365,0.10657365,1.0,2.931752e-05,0.00027509165,-25.423449,2.139213,0.71307105,0.14400001,0.0,0.13545872,7.179994,7.199994,1158400
hardzero_plus_depr__c0p50__z1p00__lam0p020__nu0p50__psi0p75,hardzero_plus_depr,0.06,32,362,0.0,2,0.19846529,0.19846529,1.0009791,0.0,0.0997748,0.0,0.0,0.00027099598,-27.078402,2.2021978,0.73406595,0.18400002,0.0,0.16554584,7.199994,7.219994,1161600
hardzero_plus_depr__c0p50__z1p00__lam0p020__nu0p50__psi0p75,hardzero_plus_depr,0.06,32,363,0.0,2,0.19846529,0.19846529,1.0463425,0.0,0.08987885,0.0,0.0,0.00026696143,-27.298016,2.3019993,0.76733315,0.17600001,0.0,0.1594097,7.219994,7.239994,1164800
hardzero_plus_depr__c0p50__z1p00__lam0p020__nu0p50__psi0p75,hardzero_plus_depr,0.06,32,364,0.0,2,0.19846529,0.19846529,1.0292645,0.0,0.09348361,0.0,0.0,0.0002629869,-27.093264,2.264427,0.754809,0.19,0.0,0.1493549,7.239994,7.259994,1168000
hardzero_plus_depr__c0p50__z1p00__lam0p020__nu0p50__psi0p75,hardzero_plus_depr,0.06,32,365,0.0,2,0.19846529,0.19849147,0.99549603,0.101042464,0.101042464,1.0,2.617723e-05,0.00025907156,-27.220224,2.190135,0.730045,0.17600001,0.0,0.1671656,7.259994,7.279994,1171200
hardzero_plus_depr__c0p50__z1p00__lam0p020__nu0p50__psi0p75,hardzero_plus_depr,0.06,32,366,0.0,2,0.19849147,0.19851936,0.9613795,0.10930009,0.10930009,1.0,2.7894974e-05,0.00025521455,-25.758993,2.1150773,0.7050258,0.2,0.0,0.13222553,7.279994,7.299994,1174400
hardzero_plus_depr__c0p50__z1p00__lam0p020__nu0p50__psi0p75,hardzero_plus_depr,0.06,32,367,0.0,2,0.19851936,0.19854602,0.9746152,0.10601927,0.10601927,1.0,2.6654816e-05,0.0002514148,-26.602602,2.1441963,0.7147321,0.2,0.0,0.16332774,7.299994,7.319994,1177600
hardzero_plus_depr__c0p50__z1p00__lam0p020__nu0p50__psi0p75,hardzero_plus_depr,0.06,32,368,0.0,2,0.19854602,0.19854602,1.0023429,0.0,0.09946196,0.0,0.0,0.00024767176,-26.353525,2.2051985,0.7350662,0.120000005,0.0,0.1379174,7.319994,7.339994,1180800
hardzero_plus_depr__c0p50__z1p00__lam0p020__nu0p50__psi0p75,hardzero_plus_depr,0.06,32,369,0.0,2,0.19854602,0.19854602,1.0025028,0.0,0.099425375,0.0,0.0,0.00024398442,-27.174612,2.2055502,0.7351834,0.104,0.0,0.14369364,7.339994,7.359994,1184000
hardzero_plus_depr__c0p50__z1p00__lam0p020__nu0p50__psi0p75,hardzero_plus_depr,0.06,32,370,0.0,2,0.19854602,0.19857167,0.971904,0.10668319,0.10668319,1.0,2.5641508e-05,0.0002403519,-25.549473,2.1382315,0.7127439,0.16800001,0.0,0.14538732,7.359994,7.379994,1187200
hardzero_plus_depr__c0p50__z1p00__lam0p020__nu0p50__psi0p75,hardzero_plus_depr,0.06,32,371,0.0,2,0.19857167,0.19857167,1.0261409,0.0,0.0941584,0.0,0.0,0.00023677356,-27.529005,2.257555,0.75251836,0.192,0.0,0.19402248,7.379994,7.399994,1190400
hardzero_plus_depr__c0p50__z1p00__lam0p020__nu0p50__psi0p75,hardzero_plus_depr,0.06,32,372,0.0,2,0.19857167,0.19859529,0.9946361,0.10124274,0.10124274,1.0,2.3614717e-05,0.00023324849,-27.368624,2.1882432,0.7294144,0.136,0.0,0.15097736,7.399994,7.419994,1193600
hardzero_plus_depr__c0p50__z1p00__lam0p020__nu0p50__psi0p75,hardzero_plus_depr,0.06,32,373,0.0,2,0.19859529,0.19859529,1.0127424,0.0,0.09710857,0.0,0.0,0.0002297759,-26.982286,2.228078,0.74269265,0.08800001,0.0,0.16316992,7.419994,7.439994,1196800
hardzero_plus_depr__c0p50__z1p00__lam0p020__nu0p50__psi0p75,hardzero_plus_depr,0.06,32,374,0.0,2,0.19859529,0.19859529,1.0409912,0.0,0.09099318,0.0,0.0,0.00022635504,-27.143013,2.2902265,0.76340884,0.192,0.0,0.13466069,7.439994,7.459994,1200000
hardzero_plus_depr__c0p50__z1p00__lam0p020__nu0p50__psi0p75,hardzero_plus_depr,0.06,32,375,0.0,2,0.19859529,0.19859529,1.0251613,0.0,0.094371036,0.0,0.0,0.00022298495,-27.671375,2.2554,0.7518,0.16800001,0.0,0.14641258,7.459994,7.479994,1203200
hardzero_plus_depr__c0p50__z1p00__lam0p020__nu0p50__psi0p75,hardzero_plus_depr,0.06,32,376,0.0,2,0.19859529,0.19861749,0.99529326,0.10108965,0.10108965,1.0,2.2205875e-05,0.00021966518,-26.984997,2.189689,0.7298963,0.2,0.0,0.1658899,7.479994,7.499994,1206400
hardzero_plus_depr__c0p50__z1p00__lam0p020__nu0p50__psi0p75,hardzero_plus_depr,0.06,32,377,0.0,2,0.19861749,0.19864157,0.95360684,0.111273855,0.111273855,1.0,2.4079087e-05,0.00021639482,-25.697506,2.097977,0.6993257,0.17999999,0.01,0.13934667,7.499994,7.519994,1209600
hardzero_plus_depr__c0p50__z1p00__lam0p020__nu0p50__psi0p75,hardzero_plus_depr,0.06,32,378,0.0,2,0.19864157,0.19866344,0.9887685,0.10261988,0.10261988,1.0,2.1875792e-05,0.00021317304,-26.108276,2.1753342,0.7251114,0.16000001,0.0,0.14280295,7.519994,7.539994,1212800
hardzero_plus_depr__c0p50__z1p00__lam0p020__nu0p50__psi0p75,hardzero_plus_depr,0.06,32,379,0.0,2,0.19866344,0.19866344,1.0361336,0.0,0.092016645,0.0,0.0,0.00020999934,-27.501831,2.2795396,0.75984657,0.136,0.0,0.15773009,7.539994,7.5599937,1216000
hardzero_plus_depr__c0p50__z1p00__lam0p020__nu0p50__psi0p75,hardzero_plus_depr,0.06,32,380,0.0,2,0.19866344,0.19866344,1.0651724,0.0,0.08606518,0.0,0.0,0.00020687288,-27.959068,2.3434262,0.7811421,0.18400002,0.0,0.15619072,7.5599937,7.5799937,1219200
hardzero_plus_depr__c0p50__z1p00__lam0p020__nu0p50__psi0p75,hardzero_plus_depr,0.06,32,381,0.0,2,0.19866344,0.19868582,0.9593133,0.10982134,0.10982134,1.0,2.2380818e-05,0.00020379298,-25.942682,2.1105313,0.70351046,0.2,0.0,0.13148564,7.5799937,7.5999937,1222400
hardzero_plus_depr__c0p50__z1p00__lam0p020__nu0p50__psi0p75,hardzero_plus_depr,0.06,32,382,0.0,2,0.19868582,0.19868582,1.0092125,0.0,0.097901076,0.0,0.0,0.00020075892,-27.073137,2.2203119,0.74010396,0.15200001,0.0,0.152495,7.5999937,7.6199937,1225600
hardzero_plus_depr__c0p50__z1p00__lam0p020__nu0p50__psi0p75,hardzero_plus_depr,0.06,32,383,0.0,2,0.19868582,0.19870676,0.9752746,0.1058584,0.1058584,1.0,2.0935608e-05,0.00019776993,-27.013222,2.145647,0.7152157,0.216,0.0,0.14490794,7.6199937,7.6399937,1228800
hardzero_plus_depr__c0p50__z1p00__lam0p020__nu0p50__psi0p75,hardzero_plus_depr,0.06,32,384,0.0,2,0.19870676,0.19872631,0.99859864,0.1003232,0.1003232,1.0,1.9545523e-05,0.00019482555,-27.293463,2.196961,0.7323203,0.16000001,0.0,0.1469258,7.6399937,7.6599936,1232000
hardzero_plus_depr__c0p50__z1p00__lam0p020__nu0p50__psi0p75,hardzero_plus_depr,0.06,32,385,0.0,2,0.19872631,0.19874871,0.9328594,0.116718724,0.116718724,1.0,2.2401244e-05,0.00019192502,-25.912392,2.0523317,0.6841106,0.18400002,0.0,0.13903755,7.6599936,7.6799936,1235200
hardzero_plus_depr__c0p50__z1p00__lam0p020__nu0p50__psi0p75,hardzero_plus_depr,0.06,32,386,0.0,2,0.19874871,0.19876984,0.95161,0.111786656,0.111786656,1.0,2.1135227e-05,0.00018906753,-26.369513,2.0935838,0.6978613,0.192,0.0,0.16613229,7.6799936,7.6999936,1238400
hardzero_plus_depr__c0p50__z1p00__lam0p020__nu0p50__psi0p75,hardzero_plus_depr,0.06,32,387,0.0,2,0.19876984,0.19876984,1.0465108,0.0,0.08984403,0.0,0.0,0.00018625273,-27.78773,2.3023698,0.76745665,0.14400001,0.0,0.17787004,7.6999936,7.7199936,1241600
hardzero_plus_depr__c0p50__z1p00__lam0p020__nu0p50__psi0p75,hardzero_plus_depr,0.06,32,388,0.0,2,0.19876984,0.19878897,0.9819338,0.10424764,0.10424764,1.0,1.9127338e-05,0.00018347982,-26.372799,2.1602974,0.72009915,0.192,0.0,0.13494581,7.7199936,7.7399936,1244800
hardzero_plus_depr__c0p50__z1p00__lam0p020__nu0p50__psi0p75,hardzero_plus_depr,0.06,32,389,0.0,2,0.19878897,0.19878897,1.0254099,0.0,0.094317004,0.0,0.0,0.00018074816,-27.19592,2.2559469,0.75198233,0.18400002,0.0,0.18492712,7.7399936,7.7599936,1248000
hardzero_plus_depr__c0p50__z1p00__lam0p020__nu0p50__psi0p75,hardzero_plus_depr,0.06,32,390,0.0,2,0.19878897,0.19878897,1.0093809,0.0,0.09786311,0.0,0.0,0.0001780572,-27.943249,2.2206824,0.74022746,0.17,0.0,0.15317225,7.7599936,7.7799935,1251200
hardzero_plus_depr__c0p50__z1p00__lam0p020__nu0p50__psi0p75,hardzero_plus_depr,0.06,32,391,0.0,2,0.19878897,0.19880754,0.9751951,0.10587779,0.10587779,1.0,1.8571622e-05,0.00017540621,-26.785862,2.145472,0.7151574,0.136,0.0,0.14884119,7.7799935,7.7999935,1254400
hardzero_plus_depr__c0p50__z1p00__lam0p020__nu0p50__psi0p75,hardzero_plus_depr,0.06,32,392,0.0,2,0.19880754,0.1988254,0.9855866,0.103374496,0.103374496,1.0,1.7862574e-05,0.00017279478,-26.660685,2.1683338,0.72277796,0.096,0.0,0.152781,7.7999935,7.8199935,1257600
hardzero_plus_depr__c0p50__z1p00__lam0p020__nu0p50__psi0p75,hardzero_plus_depr,0.06,32,393,0.0,2,0.1988254,0.19884266,0.9941087,0.101365775,0.101365775,1.0,1.7254708e-05,0.00017022222,-26.820618,2.1870828,0.7290276,0.2,0.0,0.14906047,7.8199935,7.8399935,1260800
hardzero_plus_depr__c0p50__z1p00__lam0p020__nu0p50__psi0p75,hardzero_plus_depr,0.06,32,394,0.0,2,0.19884266,0.19884266,1.0903863,0.0,0.08121079,0.0,0.0,0.00016768789,-28.649145,2.3988976,0.79963255,0.14400001,0.0,0.1615817,7.8399935,7.8599935,1264000
hardzero_plus_depr__c0p50__z1p00__lam0p020__nu0p50__psi0p75,hardzero_plus_depr,0.06,32,395,0.0,2,0.19884266,0.19884266,1.0136889,0.0,0.09689717,0.0,0.0,0.00016519136,-27.848152,2.2301602,0.74338675,0.16000001,0.0,0.14705577,7.8599935,7.8799934,1267200
hardzero_plus_depr__c0p50__z1p00__lam0p020__nu0p50__psi0p75,hardzero_plus_depr,0.06,32,396,0.0,2,0.19884266,0.19886133,0.94026476,0.11474539,0.11474539,1.0,1.8672748e-05,0.000162732,-25.889025,2.0686238,0.6895413,0.2,0.0,0.12016345,7.8799934,7.8999934,1270400
hardzero_plus_depr__c0p50__z1p00__lam0p020__nu0p50__psi0p75,hardzero_plus_depr,0.06,32,397,0.0,2,0.19886133,0.19886133,1.0265219,0.0,0.09407583,0.0,0.0,0.00016030927,-27.621157,2.2583933,0.7527978,0.15200001,0.0,0.14245795,7.8999934,7.9199934,1273600
hardzero_plus_depr__c0p50__z1p00__lam0p020__nu0p50__psi0p75,hardzero_plus_depr,0.06,32,398,0.0,2,0.19886133,0.1988775,0.98968947,0.10240248,0.10240248,1.0,1.6171667e-05,0.00015792261,-26.444649,2.1773603,0.7257868,0.136,0.0,0.13955393,7.9199934,7.9399934,1276800
hardzero_plus_depr__c0p50__z1p00__lam0p020__nu0p50__psi0p75,hardzero_plus_depr,0.06,32,399,0.0,2,0.1988775,0.1988775,1.0002717,0.0,0.099937454,0.0,0.0,0.00015557137,-26.98585,2.2006416,0.7335472,0.23200001,0.0,0.15529858,7.9399934,7.9599934,1280000
hardzero_plus_depr__c0p50__z1p00__lam0p020__nu0p50__psi0p75,hardzero_plus_depr,0.06,32,400,0.0,2,0.1988775,0.19889297,0.99595517,0.10093571,0.10093571,1.0,1.5468928e-05,0.00015325524,-26.419107,2.1911452,0.7303817,0.2,0.0,0.13475767,7.9599934,7.9799933,1283200
hardzero_plus_depr__c0p50__z1p00__lam0p020__nu0p50__psi0p75,hardzero_plus_depr,0.06,32,401,0.0,2,0.19889297,0.19889297,1.0181081,0.0,0.09591617,0.0,0.0,0.00015097359,-27.194618,2.2398827,0.74662757,0.14400001,0.0,0.18169567,7.9799933,7.9999933,1286400
hardzero_plus_depr__c0p50__z1p00__lam0p020__nu0p50__psi0p75,hardzero_plus_depr,0.06,32,402,0.0,2,0.19889297,0.19889297,1.0107148,0.0,0.09756302,0.0,0.0,0.00014872583,-27.096012,2.2236168,0.74120563,0.16800001,0.0,0.16663472,7.9999933,8.019994,1289600
hardzero_plus_depr__c0p50__z1p00__lam0p020__nu0p50__psi0p75,hardzero_plus_depr,0.06,32,403,0.0,2,0.19889297,0.19890781,0.9942039,0.10134354,0.10134354,1.0,1.4847999e-05,0.00014651155,-26.927057,2.1872923,0.7290975,0.089999996,0.0,0.14176887,8.019994,8.039994,1292800
hardzero_plus_depr__c0p50__z1p00__lam0p020__nu0p50__psi0p75,hardzero_plus_depr,0.06,32,404,0.0,2,0.19890781,0.19892313,0.9742066,0.10611906,0.10611906,1.0,1.5316187e-05,0.00014433022,-26.799103,2.1432974,0.7144325,0.16800001,0.0,0.16580361,8.039994,8.059995,1296000
hardzero_plus_depr__c0p50__z1p00__lam0p020__nu0p50__psi0p75,hardzero_plus_depr,0.06,32,405,0.0,2,0.19892313,0.19893742,0.9977578,0.10051763,0.10051763,1.0,1.4291735e-05,0.00014218138,-27.077696,2.195111,0.7317037,0.16800001,0.0,0.15198103,8.059995,8.079995,1299200
hardzero_plus_depr__c0p50__z1p00__lam0p020__nu0p50__psi0p75,hardzero_plus_depr,0.06,32,406,0.0,2,0.19893742,0.19895259,0.9654339,0.10828446,0.10828446,1.0,1.5166812e-05,0.00014006453,-26.131931,2.123997,0.707999,0.2,0.0,0.1486079,8.079995,8.099996,1302400
hardzero_plus_depr__c0p50__z1p00__lam0p020__nu0p50__psi0p75,hardzero_plus_depr,0.06,32,407,0.0,2,0.19895259,0.19895259,1.0563504,0.0,0.08783137,0.0,0.0,0.00013797918,-27.958632,2.324017,0.7746724,0.096,0.0,0.1693463,8.099996,8.119996,1305600
hardzero_plus_depr__c0p50__z1p00__lam0p020__nu0p50__psi0p75,hardzero_plus_depr,0.06,32,408,0.0,2,0.19895259,0.19896632,0.99533325,0.10108034,0.10108034,1.0,1.3739335e-05,0.0001359249,-26.1924,2.189777,0.72992563,0.112,0.0,0.13324085,8.119996,8.139997,1308800
hardzero_plus_depr__c0p50__z1p00__lam0p020__nu0p50__psi0p75,hardzero_plus_depr,0.06,32,409,0.0,2,0.19896632,0.19896632,1.0233282,0.0,0.094770186,0.0,0.0,0.0001339012,-27.067005,2.2513669,0.7504556,0.192,0.0,0.15333822,8.139997,8.159997,1312000
hardzero_plus_depr__c0p50__z1p00__lam0p020__nu0p50__psi0p75,hardzero_plus_depr,0.06,32,410,0.0,2,0.19896632,0.19896632,1.0498747,0.0,0.089150816,0.0,0.0,0.00013190763,-27.8087,2.3097703,0.76992345,0.128,0.0,0.16490935,8.159997,8.179997,1315200
hardzero_plus_depr__c0p50__z1p00__lam0p020__nu0p50__psi0p75,hardzero_plus_depr,0.06,32,411,0.0,2,0.19896632,0.19896632,1.0060753,0.0,0.09861086,0.0,0.0,0.00012994371,-27.416224,2.21341,0.73780334,0.16000001,0.0,0.15554774,8.179997,8.199998,1318400
hardzero_plus_depr__c0p50__z1p00__lam0p020__nu0p50__psi0p75,hardzero_plus_depr,0.06,32,412,0.0,2,0.19896632,0.1989796,0.98409593,0.10372992,0.10372992,1.0,1.3278372e-05,0.00012800908,-26.91611,2.1650543,0.7216848,0.15200001,0.0,0.14760366,8.199998,8.219998,1321600
hardzero_plus_depr__c0p50__z1p00__lam0p020__nu0p50__psi0p75,hardzero_plus_depr,0.06,32,413,0.0,2,0.1989796,0.19899237,0.9947033,0.101227075,0.101227075,1.0,1.2765061e-05,0.00012610323,-27.79542,2.188391,0.7294637,0.136,0.0,0.14462437,8.219998,8.239999,1324800
hardzero_plus_depr__c0p50__z1p00__lam0p020__nu0p50__psi0p75,hardzero_plus_depr,0.06,32,414,0.0,2,0.19899237,0.19900762,0.91092026,0.12276646,0.12276646,1.0,1.5250756e-05,0.00012422576,-25.408781,2.0040646,0.66802156,0.16000001,0.0,0.12892546,8.239999,8.259999,1328000
hardzero_plus_depr__c0p50__z1p00__lam0p020__nu0p50__psi0p75,hardzero_plus_depr,0.06,32,415,0.0,2,0.19900762,0.19902268,0.9096493,0.12312627,0.12312627,1.0,1.506773e-05,0.00012237624,-26.093771,2.0012684,0.66708946,0.192,0.0,0.14313197,8.259999,8.28,1331200
hardzero_plus_depr__c0p50__z1p00__lam0p020__nu0p50__psi0p75,hardzero_plus_depr,0.06,32,416,0.0,2,0.19902268,0.19902268,1.0424898,0.0,0.09067973,0.0,0.0,0.00012055424,-27.213352,2.2935233,0.7645078,0.089999996,0.0,0.14668795,8.28,8.3,1334400
hardzero_plus_depr__c0p50__z1p00__lam0p020__nu0p50__psi0p75,hardzero_plus_depr,0.06,32,417,0.0,2,0.19902268,0.19903667,0.92890227,0.11778711,0.11778711,1.0,1.3988322e-05,0.000118759366,-26.146784,2.0436258,0.6812086,0.2,0.0,0.1447667,8.3,8.320001,1337600
hardzero_plus_depr__c0p50__z1p00__lam0p020__nu0p50__psi0p75,hardzero_plus_depr,0.06,32,418,0.0,2,0.19903667,0.19903667,1.0130507,0.0,0.09703967,0.0,0.0,0.00011699124,-27.52858,2.228756,0.74291867,0.128,0.0,0.14849097,8.320001,8.340001,1340800
hardzero_plus_depr__c0p50__z1p00__lam0p020__nu0p50__psi0p75,hardzero_plus_depr,0.06,32,419,0.0,2,0.19903667,0.19904827,0.99740887,0.1005984,0.1005984,1.0,1.1593908e-05,0.00011524943,-26.742008,2.1943433,0.7314478,0.14400001,0.0,0.15772885,8.340001,8.360002,1344000
hardzero_plus_depr__c0p50__z1p00__lam0p020__nu0p50__psi0p75,hardzero_plus_depr,0.06,32,420,0.0,2,0.19904827,0.19906034,0.97353023,0.10628445,0.10628445,1.0,1.2066851e-05,0.000113533555,-26.200905,2.1418092,0.71393645,0.24000001,0.0,0.14729623,8.360002,8.380002,1347200
hardzero_plus_depr__c0p50__z1p00__lam0p020__nu0p50__psi0p75,hardzero_plus_depr,0.06,32,421,0.0,2,0.19906034,0.19907153,0.99973285,0.10006153,0.10006153,1.0,1.1191204e-05,0.00011184323,-27.29041,2.1994562,0.7331521,0.16000001,0.0,0.16934924,8.380002,8.4000025,1350400
hardzero_plus_depr__c0p50__z1p00__lam0p020__nu0p50__psi0p75,hardzero_plus_depr,0.06,32,422,0.0,2,0.19907153,0.19908325,0.97313684,0.10638076,0.10638076,1.0,1.1720825e-05,0.00011017805,-26.705858,2.1409438,0.71364796,0.136,0.0,0.15813574,8.4000025,8.420003,1353600
hardzero_plus_depr__c0p50__z1p00__lam0p020__nu0p50__psi0p75,hardzero_plus_depr,0.06,32,423,0.0,2,0.19908325,0.19909489,0.9697261,0.10721954,0.10721954,1.0,1.1637359e-05,0.00010853767,-26.360184,2.13344,0.7111467,0.17600001,0.0,0.12895933,8.420003,8.440003,1356800
hardzero_plus_depr__c0p50__z1p00__lam0p020__nu0p50__psi0p75,hardzero_plus_depr,0.06,32,424,0.0,2,0.19909489,0.19909489,1.0319605,0.0,0.09290509,0.0,0.0,0.000106921725,-26.803656,2.2703583,0.7567861,0.112,0.0,0.14017048,8.440003,8.460004,1360000
hardzero_plus_depr__c0p50__z1p00__lam0p020__nu0p50__psi0p75,hardzero_plus_depr,0.06,32,425,0.0,2,0.19909489,0.19909489,1.0027703,0.0,0.09936414,0.0,0.0,0.00010532983,-26.179392,2.2061388,0.73537964,0.15200001,0.0,0.14092952,8.460004,8.480004,1363200
hardzero_plus_depr__c0p50__z1p00__lam0p020__nu0p50__psi0p75,hardzero_plus_depr,0.06,32,426,0.0,2,0.19909489,0.19910553,0.98921305,0.1025149,0.1025149,1.0,1.0637114e-05,0.000103761646,-26.464203,2.1763122,0.7254374,0.24000001,0.0,0.14045167,8.480004,8.500005,1366400
hardzero_plus_depr__c0p50__z1p00__lam0p020__nu0p50__psi0p75,hardzero_plus_depr,0.06,32,427,0.0,2,0.19910553,0.19910553,1.0258844,0.0,0.09421402,0.0,0.0,0.0001022168,-27.34243,2.2569907,0.75233024,0.192,0.0,0.14915334,8.500005,8.520005,1369600
hardzero_plus_depr__c0p50__z1p00__lam0p020__nu0p50__psi0p75,hardzero_plus_depr,0.06,32,428,0.0,2,0.19910553,0.19910553,1.0174962,0.0,0.09605142,0.0,0.0,0.00010069495,-27.68061,2.2385364,0.7461788,0.136,0.0,0.1713897,8.520005,8.540006,1372800
hardzero_plus_depr__c0p50__z1p00__lam0p020__nu0p50__psi0p75,hardzero_plus_depr,0.06,32,429,0.0,2,0.19910553,0.19911583,0.9835932,0.10385005,0.10385005,1.0,1.0301485e-05,9.9195764e-05,-26.450102,2.1639483,0.7213161,0.17999999,0.0,0.13523862,8.540006,8.560006,1376000
hardzero_plus_depr__c0p50__z1p00__lam0p020__nu0p50__psi0p75,hardzero_plus_depr,0.06,32,430,0.0,2,0.19911583,0.19911583,1.0271705,0.0,0.09393544,0.0,0.0,9.77189e-05,-27.993849,2.2598202,0.7532734,0.18400002,0.0,0.16231649,8.560006,8.580007,1379200
hardzero_plus_depr__c0p50__z1p00__lam0p020__nu0p50__psi0p75,hardzero_plus_depr,0.06,32,431,0.0,2,0.19911583,0.19911583,1.0591438,0.0,0.08726824,0.0,0.0,9.6264026e-05,-28.48817,2.3301628,0.77672094,0.16000001,0.0,0.17477262,8.580007,8.600007,1382400
hardzero_plus_depr__c0p50__z1p00__lam0p020__nu0p50__psi0p75,hardzero_plus_depr,0.06,32,432,0.0,2,0.19911583,0.1991253,0.99999547,0.10000105,0.10000105,1.0,9.483179e-06,9.48308e-05,-26.632906,2.200034,0.7333447,0.120000005,0.0,0.15253772,8.600007,8.6200075,1385600
hardzero_plus_depr__c0p50__z1p00__lam0p020__nu0p50__psi0p75,hardzero_plus_depr,0.06,32,433,0.0,2,0.1991253,0.1991253,1.036302,0.0,0.09198098,0.0,0.0,9.341892e-05,-27.523008,2.2799098,0.75996995,0.15200001,0.0,0.1616733,8.6200075,8.640008,1388800
hardzero_plus_depr__c0p50__z1p00__lam0p020__nu0p50__psi0p75,hardzero_plus_depr,0.06,32,434,0.0,2,0.1991253,0.1991253,1.0233625,0.0,0.09476271,0.0,0.0,9.2028065e-05,-27.044228,2.2514424,0.75048083,0.192,0.0,0.15605465,8.640008,8.660008,1392000
hardzero_plus_depr__c0p50__z1p00__lam0p020__nu0p50__psi0p75,hardzero_plus_depr,0.06,32,435,0.0,2,0.1991253,0.1991253,1.0185268,0.0,0.09582376,0.0,0.0,9.0657915e-05,-27.2116,2.2408037,0.7469346,0.16000001,0.0,0.13364698,8.660008,8.680009,1395200
hardzero_plus_depr__c0p50__z1p00__lam0p020__nu0p50__psi0p75,hardzero_plus_depr,0.06,32,436,0.0,2,0.1991253,0.19913451,0.98691183,0.10305953,0.10305953,1.0,9.204057e-06,8.930817e-05,-26.350414,2.1712494,0.7237498,0.192,0.0,0.14951187,8.680009,8.700009,1398400
hardzero_plus_depr__c0p50__z1p00__lam0p020__nu0p50__psi0p75,hardzero_plus_depr,0.06,32,437,0.0,2,0.19913451,0.19913451,1.0393786,0.0,0.09133165,0.0,0.0,8.797851e-05,-27.186008,2.2866788,0.7622263,0.120000005,0.0,0.16524677,8.700009,8.72001,1401600
hardzero_plus_depr__c0p50__z1p00__lam0p020__nu0p50__psi0p75,hardzero_plus_depr,0.06,32,438,0.0,2,0.19913451,0.19913451,1.0266562,0.0,0.094046764,0.0,0.0,8.6668646e-05,-27.99749,2.2586887,0.75289625,0.17600001,0.0,0.14501658,8.72001,8.74001,1404800
hardzero_plus_depr__c0p50__z1p00__lam0p020__nu0p50__psi0p75,hardzero_plus_depr,0.06,32,439,0.0,2,0.19913451,0.19913451,1.0054296,0.0,0.098757565,0.0,0.0,8.537829e-05,-26.981512,2.2119894,0.73732984,0.104,0.0,0.14047961,8.74001,8.760011,1408000
hardzero_plus_depr__c0p50__z1p00__lam0p020__nu0p50__psi0p75,hardzero_plus_depr,0.06,32,440,0.0,2,0.19913451,0.19913451,1.0209384,0.0,0.09529312,0.0,0.0,8.410715e-05,-26.53299,2.2461092,0.7487031,0.192,0.008,0.18021825,8.760011,8.780011,1411200
hardzero_plus_depr__c0p50__z1p00__lam0p020__nu0p50__psi0p75,hardzero_plus_depr,0.06,32,441,0.0,2,0.19913451,0.19914308,0.9857731,0.10333011,0.10333011,1.0,8.561409e-06,8.285493e-05,-26.127432,2.168744,0.7229147,0.16000001,0.0,0.14428923,8.780011,8.800012,1414400
hardzero_plus_depr__c0p50__z1p00__lam0p020__nu0p50__psi0p75,hardzero_plus_depr,0.06,32,442,0.0,2,0.19914308,0.19915129,0.99732155,0.100618646,0.100618646,1.0,8.212629e-06,8.162134e-05,-26.643703,2.1941512,0.73138374,0.14,0.0,0.15779178,8.800012,8.820012,1417600
hardzero_plus_depr__c0p50__z1p00__lam0p020__nu0p50__psi0p75,hardzero_plus_depr,0.06,32,443,0.0,2,0.19915129,0.19915129,1.021472,0.0,0.095176116,0.0,0.0,8.0406135e-05,-27.718336,2.2472832,0.7490944,0.14400001,0.0,0.16259165,8.820012,8.840013,1420800
hardzero_plus_depr__c0p50__z1p00__lam0p020__nu0p50__psi0p75,hardzero_plus_depr,0.06,32,444,0.0,2,0.19915129,0.19915977,0.9704655,0.10703715,0.10703715,1.0,8.478308e-06,7.920902e-05,-26.768509,2.1350667,0.71168894,0.16000001,0.0,0.1440834,8.840013,8.860013,1424000
hardzero_plus_depr__c0p50__z1p00__lam0p020__nu0p50__psi0p75,hardzero_plus_depr,0.06,32,445,0.0,2,0.19915977,0.19916813,0.9700053,0.107150614,0.107150614,1.0,8.360933e-06,7.802973e-05,-26.359173,2.1340542,0.7113514,0.120000005,0.0,0.14366041,8.860013,8.880013,1427200
hardzero_plus_depr__c0p50__z1p00__lam0p020__nu0p50__psi0p75,hardzero_plus_depr,0.06,32,446,0.0,2,0.19916813,0.1991759,0.9958347,0.1009637,0.1009637,1.0,7.7608765e-06,7.686799e-05,-27.316277,2.19088,0.7302934,0.17600001,0.0,0.1515002,8.880013,8.900014,1430400
hardzero_plus_depr__c0p50__z1p00__lam0p020__nu0p50__psi0p75,hardzero_plus_depr,0.06,32,447,0.0,2,0.1991759,0.19918358,0.99302995,0.101617865,0.101617865,1.0,7.694865e-06,7.572355e-05,-27.248781,2.1847095,0.72823656,0.16800001,0.0,0.12611324,8.900014,8.920014,1433600
hardzero_plus_depr__c0p50__z1p00__lam0p020__nu0p50__psi0p75,hardzero_plus_depr,0.06,32,448,0.0,2,0.19918358,0.19918358,1.0112747,0.0,0.097437315,0.0,0.0,7.4596144e-05,-27.08793,2.2248487,0.74161625,0.2,0.0,0.17178395,8.920014,8.940015,1436800
hardzero_plus_depr__c0p50__z1p00__lam0p020__nu0p50__psi0p75,hardzero_plus_depr,0.06,32,449,0.0,2,0.19918358,0.19918358,1.0247862,0.0,0.09445257,0.0,0.0,7.348553e-05,-27.75191,2.2545748,0.7515249,0.18400002,0.0,0.16062617,8.940015,8.960015,1440000
hardzero_plus_depr__c0p50__z1p00__lam0p020__nu0p50__psi0p75,hardzero_plus_depr,0.06,32,450,0.0,2,0.19918358,0.19918358,1.0262991,0.0,0.09412411,0.0,0.0,7.239144e-05,-28.02082,2.257903,0.7526344,0.16000001,0.008,0.14895636,8.960015,8.980016,1443200
hardzero_plus_depr__c0p50__z1p00__lam0p020__nu0p50__psi0p75,hardzero_plus_depr,0.06,32,451,0.0,2,0.19918358,0.19919117,0.97329915,0.10634102,0.10634102,1.0,7.5835665e-06,7.1313654e-05,-26.345058,2.141301,0.713767,0.15200001,0.0,0.1245829,8.980016,9.000016,1446400
hardzero_plus_depr__c0p50__z1p00__lam0p020__nu0p50__psi0p75,hardzero_plus_depr,0.06,32,452,0.0,2,0.19919117,0.19919117,1.0489641,0.0,0.08933792,0.0,0.0,7.025191e-05,-28.175571,2.3077672,0.76925576,0.16800001,0.008,0.15284452,9.000016,9.020017,1449600
hardzero_plus_depr__c0p50__z1p00__lam0p020__nu0p50__psi0p75,hardzero_plus_depr,0.06,32,453,0.0,2,0.19919117,0.19919814,0.99669003,0.100765064,0.100765064,1.0,6.9735433e-06,6.920596e-05,-27.128942,2.192762,0.7309207,0.2,0.0,0.1417774,9.020017,9.040017,1452800
hardzero_plus_depr__c0p50__z1p00__lam0p020__nu0p50__psi0p75,hardzero_plus_depr,0.06,32,454,0.0,2,0.19919814,0.19919814,1.0194954,0.0,0.0956103,0.0,0.0,6.81756e-05,-27.044798,2.2429345,0.74764484,0.112,0.0,0.16810809,9.040017,9.060018,1456000
hardzero_plus_depr__c0p50__z1p00__lam0p020__nu0p50__psi0p75,hardzero_plus_depr,0.06,32,455,0.0,2,0.19919814,0.19919814,1.0002227,0.0,0.09994873,0.0,0.0,6.7160574e-05,-27.437836,2.2005339,0.7335113,0.21,0.0,0.1699165,9.060018,9.080018,1459200
hardzero_plus_depr__c0p50__z1p00__lam0p020__nu0p50__psi0p75,hardzero_plus_depr,0.06,32,456,0.0,2,0.19919814,0.19919814,1.0357748,0.0,0.09209269,0.0,0.0,6.616066e-05,-28.223063,2.2787502,0.7595834,0.15200001,0.0,0.1446416,9.080018,9.1000185,1462400
hardzero_plus_depr__c0p50__z1p00__lam0p020__nu0p50__psi0p75,hardzero_plus_depr,0.06,32,457,0.0,2,0.19919814,0.19919814,1.0534501,0.0,0.08841988,0.0,0.0,6.5175635e-05,-27.979584,2.3176365,0.7725455,0.14400001,0.0,0.14856339,9.1000185,9.120019,1465600
hardzero_plus_depr__c0p50__z1p00__lam0p020__nu0p50__psi0p75,hardzero_plus_depr,0.06,32,458,0.0,2,0.19919814,0.19919814,1.0467366,0.0,0.089797325,0.0,0.0,6.420527e-05,-27.659956,2.3028665,0.7676222,0.120000005,0.0,0.15302613,9.120019,9.140019,1468800
hardzero_plus_depr__c0p50__z1p00__lam0p020__nu0p50__psi0p75,hardzero_plus_depr,0.06,32,459,0.0,2,0.19919814,0.19919814,1.0173395,0.0,0.09608609,0.0,0.0,6.324937e-05,-28.242912,2.2381916,0.7460639,0.17600001,0.0,0.15478194,9.140019,9.16002,1472000
hardzero_plus_depr__c0p50__z1p00__lam0p020__nu0p50__psi0p75,hardzero_plus_depr,0.06,32,460,0.0,2,0.19919814,0.19920477,0.97320825,0.10636329,0.10636329,1.0,6.6272505e-06,6.2307685e-05,-26.386692,2.141101,0.7137003,0.15200001,0.0,0.16660124,9.16002,9.18002,1475200
hardzero_plus_depr__c0p50__z1p00__lam0p020__nu0p50__psi0p75,hardzero_plus_depr,0.06,32,461,0.0,2,0.19920477,0.19921155,0.95669204,0.11048617,0.11048617,1.0,6.7816436e-06,6.138002e-05,-26.04945,2.1047645,0.70158815,0.16000001,0.0,0.13063693,9.18002,9.200021,1478400
hardzero_plus_depr__c0p50__z1p00__lam0p020__nu0p50__psi0p75,hardzero_plus_depr,0.06,32,462,0.0,2,0.19921155,0.19921155,1.0338682,0.0,0.092497885,0.0,0.0,6.046617e-05,-27.523233,2.2745554,0.75818515,0.120000005,0.0,0.13804898,9.200021,9.220021,1481600
hardzero_plus_depr__c0p50__z1p00__lam0p020__nu0p50__psi0p75,hardzero_plus_depr,0.06,32,463,0.0,2,0.19921155,0.19921155,1.0123234,0.0,0.097202316,0.0,0.0,5.9565922e-05,-26.76269,2.227156,0.7423853,0.16000001,0.0,0.16150883,9.220021,9.240022,1484800
hardzero_plus_depr__c0p50__z1p00__lam0p020__nu0p50__psi0p75,hardzero_plus_depr,0.06,32,464,0.0,2,0.19921155,0.19921744,0.99820775,0.10041353,0.10041353,1.0,5.892174e-06,5.8679085e-05,-26.718569,2.196101,0.73203367,0.16800001,0.0,0.137692,9.240022,9.260022,1488000
hardzero_plus_depr__c0p50__z1p00__lam0p020__nu0p50__psi0p75,hardzero_plus_depr,0.06,32,465,0.0,2,0.19921744,0.19922332,0.9920825,0.10183978,0.10183978,1.0,5.886894e-06,5.7805446e-05,-27.49795,2.182625,0.7275417,0.128,0.0,0.14064611,9.260022,9.280023,1491200
hardzero_plus_depr__c0p50__z1p00__lam0p020__nu0p50__psi0p75,hardzero_plus_depr,0.06,32,466,0.0,2,0.19922332,0.19922929,0.98029184,0.1046425,0.1046425,1.0,5.9588483e-06,5.6944817e-05,-25.746542,2.156685,0.7188951,0.18400002,0.0,0.14146641,9.280023,9.300023,1494400
hardzero_plus_depr__c0p50__z1p00__lam0p020__nu0p50__psi0p75,hardzero_plus_depr,0.06,32,467,0.0,2,0.19922929,0.19923519,0.97815096,0.10515962,0.10515962,1.0,5.8991386e-06,5.6096997e-05,-26.435362,2.1519752,0.7173251,0.216,0.0,0.1425814,9.300023,9.320024,1497600
hardzero_plus_depr__c0p50__z1p00__lam0p020__nu0p50__psi0p75,hardzero_plus_depr,0.06,32,468,0.0,2,0.19923519,0.19924086,0.9883081,0.10272874,0.10272874,1.0,5.6769754e-06,5.5261804e-05,-27.116318,2.1743212,0.72477376,0.14,0.0,0.13473827,9.320024,9.340024,1500800
hardzero_plus_depr__c0p50__z1p00__lam0p020__nu0p50__psi0p75,hardzero_plus_depr,0.06,32,469,0.0,2,0.19924086,0.19924086,1.0458527,0.0,0.08998029,0.0,0.0,5.4439042e-05,-27.246397,2.300922,0.766974,0.120000005,0.0,0.15666346,9.340024,9.360024,1504000
hardzero_plus_depr__c0p50__z1p00__lam0p020__nu0p50__psi0p75,hardzero_plus_depr,0.06,32,470,0.0,2,0.19924086,0.19924086,1.0096961,0.0,0.09779211,0.0,0.0,5.3628533e-05,-26.72573,2.2213757,0.7404586,0.192,0.0,0.13858156,9.360024,9.380025,1507200
hardzero_plus_depr__c0p50__z1p00__lam0p020__nu0p50__psi0p75,hardzero_plus_depr,0.06,32,471,0.0,2,0.19924086,0.19924626,0.99037033,0.102242075,0.102242075,1.0,5.401458e-06,5.283009e-05,-27.016926,2.1788583,0.7262861,0.17600001,0.0,0.14942521,9.380025,9.400025,1510400
hardzero_plus_depr__c0p50__z1p00__lam0p020__nu0p50__psi0p75,hardzero_plus_depr,0.06,32,472,0.0,2,0.19924626,0.19924626,1.0336883,0.0,0.092536196,0.0,0.0,5.204353e-05,-27.761177,2.2741597,0.75805324,0.120000005,0.0,0.1980329,9.400025,9.420026,1513600
hardzero_plus_depr__c0p50__z1p00__lam0p020__nu0p50__psi0p75,hardzero_plus_depr,0.06,32,473,0.0,2,0.19924626,0.19924626,1.0111064,0.0,0.0974751,0.0,0.0,5.126869e-05,-25.806757,2.2244785,0.74149287,0.192,0.0,0.14783485,9.420026,9.440026,1516800
hardzero_plus_depr__c0p50__z1p00__lam0p020__nu0p50__psi0p75,hardzero_plus_depr,0.06,32,474,0.0,2,0.19924626,0.19924626,1.0215585,0.0,0.09515715,0.0,0.0,5.050538e-05,-27.542795,2.2474737,0.7491579,0.112,0.0,0.14401986,9.440026,9.460027,1520000
hardzero_plus_depr__c0p50__z1p00__lam0p020__nu0p50__psi0p75,hardzero_plus_depr,0.06,32,475,0.0,2,0.19924626,0.19925147,0.97986716,0.10474489,0.10474489,1.0,5.2114183e-06,4.975344e-05,-26.161934,2.1557508,0.7185836,0.096,0.0,0.13146365,9.460027,9.480027,1523200
hardzero_plus_depr__c0p50__z1p00__lam0p020__nu0p50__psi0p75,hardzero_plus_depr,0.06,32,476,0.0,2,0.19925147,0.19925147,1.041268,0.0,0.090935186,0.0,0.0,4.9012688e-05,-28.63641,2.2908354,0.7636118,0.136,0.0,0.16504137,9.480027,9.500028,1526400
hardzero_plus_depr__c0p50__z1p00__lam0p020__nu0p50__psi0p75,hardzero_plus_depr,0.06,32,477,0.0,2,0.19925147,0.19925147,1.0010073,0.0,0.09976833,0.0,0.0,4.8282964e-05,-27.066816,2.20226,0.7340867,0.17600001,0.0,0.15830466,9.500028,9.520028,1529600
hardzero_plus_depr__c0p50__z1p00__lam0p020__nu0p50__psi0p75,hardzero_plus_depr,0.06,32,478,0.0,2,0.19925147,0.19925147,1.0028579,0.0,0.0993441,0.0,0.0,4.756411e-05,-26.790834,2.2063315,0.73544383,0.14400001,0.0,0.15248561,9.520028,9.540029,1532800
hardzero_plus_depr__c0p50__z1p00__lam0p020__nu0p50__psi0p75,hardzero_plus_depr,0.06,32,479,0.0,2,0.19925147,0.19925147,1.0530787,0.0,0.08849553,0.0,0.0,4.685596e-05,-28.324219,2.3168192,0.77227306,0.14400001,0.0,0.16268031,9.540029,9.560029,1536000
hardzero_plus_depr__c0p50__z1p00__lam0p020__nu0p50__psi0p75,hardzero_plus_depr,0.06,32,480,0.0,2,0.19925147,0.19925627,0.98282164,0.10403472,0.10403472,1.0,4.802071e-06,4.615835e-05,-26.760159,2.1622508,0.7207503,0.264,0.0,0.16022195,9.560029,9.5800295,1539200
hardzero_plus_depr__c0p50__z1p00__lam0p020__nu0p50__psi0p75,hardzero_plus_depr,0.06,32,481,0.0,2,0.19925627,0.19925627,1.0172266,0.0,0.09611107,0.0,0.0,4.5471126e-05,-27.054735,2.2379432,0.7459811,0.17999999,0.0,0.15236913,9.5800295,9.60003,1542400
hardzero_plus_depr__c0p50__z1p00__lam0p020__nu0p50__psi0p75,hardzero_plus_depr,0.06,32,482,0.0,2,0.19925627,0.19926085,0.9903838,0.10223891,0.10223891,1.0,4.5797033e-06,4.479413e-05,-26.443531,2.1788878,0.72629595,0.128,0.0,0.1657361,9.60003,9.62003,1545600
hardzero_plus_depr__c0p50__z1p00__lam0p020__nu0p50__psi0p75,hardzero_plus_depr,0.06,32,483,0.0,2,0.19926085,0.19926535,0.9916157,0.1019493,0.1019493,1.0,4.4987387e-06,4.4127217e-05,-26.158594,2.1815982,0.72719944,0.18400002,0.0,0.14434141,9.62003,9.640031,1548800
hardzero_plus_depr__c0p50__z1p00__lam0p020__nu0p50__psi0p75,hardzero_plus_depr,0.06,32,484,0.0,2,0.19926535,0.19926974,0.99564797,0.101007126,0.101007126,1.0,4.3908035e-06,4.3470234e-05,-26.912483,2.1904693,0.7301564,0.192,0.0,0.17274858,9.640031,9.660031,1552000
hardzero_plus_depr__c0p50__z1p00__lam0p020__nu0p50__psi0p75,hardzero_plus_depr,0.06,32,485,0.0,2,0.19926974,0.19926974,1.0345968,0.0,0.09234283,0.0,0.0,4.2823034e-05,-27.67211,2.2761583,0.75871944,0.16000001,0.0,0.17294207,9.660031,9.680032,1555200
hardzero_plus_depr__c0p50__z1p00__lam0p020__nu0p50__psi0p75,hardzero_plus_depr,0.06,32,486,0.0,2,0.19926974,0.19927399,0.99695426,0.10070377,0.10070377,1.0,4.2482357e-06,4.2185467e-05,-26.377062,2.1933432,0.7311144,0.216,0.0,0.14365064,9.680032,9.700032,1558400
hardzero_plus_depr__c0p50__z1p00__lam0p020__nu0p50__psi0p75,hardzero_plus_depr,0.06,32,487,0.0,2,0.19927399,0.19927399,1.0290294,0.0,0.09353424,0.0,0.0,4.1557392e-05,-27.248497,2.2639098,0.75463665,0.080000006,0.0,0.12809385,9.700032,9.720033,1561600
hardzero_plus_depr__c0p50__z1p00__lam0p020__nu0p50__psi0p75,hardzero_plus_depr,0.06,32,488,0.0,2,0.19927399,0.19927399,1.0007946,0.0,0.09981718,0.0,0.0,4.0938667e-05,-26.986963,2.2017922,0.73393077,0.15200001,0.0,0.13808192,9.720033,9.740033,1564800
hardzero_plus_depr__c0p50__z1p00__lam0p020__nu0p50__psi0p75,hardzero_plus_depr,0.06,32,489,0.0,2,0.19927399,0.19927806,0.9955615,0.10102724,0.10102724,1.0,4.074344e-06,4.032916e-05,-25.940899,2.190279,0.730093,0.14400001,0.0,0.14707002,9.740033,9.760034,1568000
hardzero_plus_depr__c0p50__z1p00__lam0p020__nu0p50__psi0p75,hardzero_plus_depr,0.06,32,490,0.0,2,0.19927806,0.19928233,0.96786356,0.107680336,0.107680336,1.0,4.2780016e-06,3.972872e-05,-26.399277,2.1293423,0.7097808,0.24000001,0.0,0.15494782,9.760034,9.780034,1571200
hardzero_plus_depr__c0p50__z1p00__lam0p020__nu0p50__psi0p75,hardzero_plus_depr,0.06,32,491,0.0,2,0.19928233,0.1992865,0.97250104,0.106536634,0.106536634,1.0,4.169548e-06,3.9137223e-05,-27.317642,2.139545,0.7131817,0.16800001,0.0,0.14857303,9.780034,9.8000345,1574400
hardzero_plus_depr__c0p50__z1p00__lam0p020__nu0p50__psi0p75,hardzero_plus_depr,0.06,32,492,0.0,2,0.1992865,0.1992865,1.0884691,0.0,0.081570074,0.0,0.0,3.855453e-05,-28.303377,2.39468,0.7982267,0.096,0.0,0.16180548,9.8000345,9.820035,1577600
hardzero_plus_depr__c0p50__z1p00__lam0p020__nu0p50__psi0p75,hardzero_plus_depr,0.06,32,493,0.0,2,0.1992865,0.19929051,0.9764755,0.105566114,0.105566114,1.0,4.009456e-06,3.798052e-05,-26.857882,2.148289,0.71609634,0.15200001,0.0,0.15704381,9.820035,9.840035,1580800
hardzero_plus_depr__c0p50__z1p00__lam0p020__nu0p50__psi0p75,hardzero_plus_depr,0.06,32,494,0.0,2,0.19929051,0.19929051,1.0377941,0.0,0.09166549,0.0,0.0,3.741505e-05,-27.60041,2.2831926,0.76106423,0.12,0.0,0.17879504,9.840035,9.860036,1584000
hardzero_plus_depr__c0p50__z1p00__lam0p020__nu0p50__psi0p75,hardzero_plus_depr,0.06,32,495,0.0,2,0.19929051,0.19929051,1.0341911,0.0,0.09242913,0.0,0.0,3.6857997e-05,-27.275438,2.275266,0.758422,0.16000001,0.0,0.16704902,9.860036,9.880036,1587200
hardzero_plus_depr__c0p50__z1p00__lam0p020__nu0p50__psi0p75,hardzero_plus_depr,0.06,32,496,0.0,2,0.19929051,0.19929051,1.0063521,0.0,0.09854802,0.0,0.0,3.630924e-05,-27.442877,2.2140188,0.7380063,0.120000005,0.0,0.1635462,9.880036,9.900037,1590400
hardzero_plus_depr__c0p50__z1p00__lam0p020__nu0p50__psi0p75,hardzero_plus_depr,0.06,32,497,0.0,2,0.19929051,0.19929416,0.99197984,0.10186387,0.10186387,1.0,3.643534e-06,3.576866e-05,-26.870615,2.1823993,0.72746646,0.192,0.0,0.14735302,9.900037,9.920037,1593600
hardzero_plus_depr__c0p50__z1p00__lam0p020__nu0p50__psi0p75,hardzero_plus_depr,0.06,32,498,0.0,2,0.19929416,0.19929416,1.0352353,0.0,0.09220718,0.0,0.0,3.523612e-05,-27.383326,2.277563,0.7591877,0.16800001,0.0,0.1674033,9.920037,9.940038,1596800
hardzero_plus_depr__c0p50__z1p00__lam0p020__nu0p50__psi0p75,hardzero_plus_depr,0.06,32,499,0.0,2,0.19929416,0.19929779,0.9808235,0.104514495,0.104514495,1.0,3.627856e-06,3.471151e-05,-26.319897,2.1578548,0.71928495,0.15200001,0.0,0.15708023,9.940038,9.960038,1600000
hardzero_plus_depr__c0p50__z1p00__lam0p020__nu0p50__psi0p75,hardzero_plus_depr,0.06,32,500,0.0,2,0.19929779,0.19929779,1.0603471,0.0,0.08702677,0.0,0.0,3.4194705e-05,-27.691477,2.3328102,0.7776034,0.112,0.0,0.17958122,9.960038,9.980039,1603200
hardzero_plus_depr__c0p50__z1p00__lam0p020__nu0p50__psi0p75,hardzero_plus_depr,0.06,32,501,0.0,2,0.19929779,0.19929779,1.0143633,0.0,0.09674682,0.0,0.0,3.3685603e-05,-27.314768,2.2316437,0.7438812,0.136,0.0,0.1826327,9.980039,10.000039,1606400
hardzero_plus_depr__c0p50__z1p00__lam0p020__nu0p50__psi0p75,hardzero_plus_depr,0.06,32,502,0.0,2,0.19929779,0.19929779,1.0232171,0.0,0.09479444,0.0,0.0,3.318408e-05,-27.932379,2.2511225,0.7503742,0.15200001,0.0,0.16175514,10.000039,10.02004,1609600
hardzero_plus_depr__c0p50__z1p00__lam0p020__nu0p50__psi0p75,hardzero_plus_depr,0.06,32,503,0.0,2,0.19929779,0.19929779,1.0557747,0.0,0.08794785,0.0,0.0,3.2690023e-05,-28.492243,2.3227506,0.7742502,0.136,0.0,0.15354976,10.02004,10.04004,1612800
hardzero_plus_depr__c0p50__z1p00__lam0p020__nu0p50__psi0p75,hardzero_plus_depr,0.06,32,504,0.0,2,0.19929779,0.19930102,0.99756527,0.10056219,0.10056219,1.0,3.2384364e-06,3.220332e-05,-26.935541,2.1946874,0.7315625,0.24000001,0.0,0.15637526,10.04004,10.06004,1616000
hardzero_plus_depr__c0p50__z1p00__lam0p020__nu0p50__psi0p75,hardzero_plus_depr,0.06,32,505,0.0,2,0.19930102,0.19930425,0.990828,0.102134384,0.102134384,1.0,3.2400976e-06,3.1723866e-05,-26.518595,2.1798651,0.72662175,0.17600001,0.0,0.16100825,10.06004,10.080041,1619200
hardzero_plus_depr__c0p50__z1p00__lam0p020__nu0p50__psi0p75,hardzero_plus_depr,0.06,32,506,0.0,2,0.19930425,0.19930774,0.9520797,0.11166583,0.11166583,1.0,3.48973e-06,3.1251548e-05,-26.266571,2.0946171,0.6982057,0.23200001,0.0,0.16054763,10.080041,10.100041,1622400
hardzero_plus_depr__c0p50__z1p00__lam0p020__nu0p50__psi0p75,hardzero_plus_depr,0.06,32,507,0.0,2,0.19930774,0.199311,0.9742021,0.10612015,0.10612015,1.0,3.2670425e-06,3.078626e-05,-26.980207,2.1432874,0.71442914,0.14,0.0,0.15721825,10.100041,10.120042,1625600
hardzero_plus_depr__c0p50__z1p00__lam0p020__nu0p50__psi0p75,hardzero_plus_depr,0.06,32,508,0.0,2,0.199311,0.199311,1.0072047,0.0,0.09835474,0.0,0.0,3.0327905e-05,-27.037998,2.2158945,0.7386315,0.2,0.0,0.18647806,10.120042,10.140042,1628800
hardzero_plus_depr__c0p50__z1p00__lam0p020__nu0p50__psi0p75,hardzero_plus_depr,0.06,32,509,0.0,2,0.199311,0.199311,1.0150057,0.0,0.09660382,0.0,0.0,2.9876372e-05,-28.069387,2.233057,0.74435234,0.16800001,0.0,0.14881444,10.140042,10.160043,1632000
hardzero_plus_depr__c0p50__z1p00__lam0p020__nu0p50__psi0p75,hardzero_plus_depr,0.06,32,510,0.0,2,0.199311,0.19931415,0.9717487,0.10672135,0.10672135,1.0,3.1409757e-06,2.9431558e-05,-25.801529,2.1378899,0.71263,0.16000001,0.0,0.14402331,10.160043,10.180043,1635200
hardzero_plus_depr__c0p50__z1p00__lam0p020__nu0p50__psi0p75,hardzero_plus_depr,0.06,32,511,0.0,2,0.19931415,0.19931415,1.0090526,0.0,0.09793712,0.0,0.0,2.899337e-05,-27.173904,2.2199602,0.7399868,0.18400002,0.0,0.14241612,10.180043,10.200044,1638400
hardzero_plus_depr__c0p50__z1p00__lam0p020__nu0p50__psi0p75,hardzero_plus_depr,0.06,32,512,0.0,2,0.19931415,0.19931415,1.0250999,0.0,0.09438438,0.0,0.0,2.8561704e-05,-27.518808,2.2552648,0.75175494,0.128,0.0,0.16910145,10.200044,10.220044,1641600
hardzero_plus_depr__c0p50__z1p00__lam0p020__nu0p50__psi0p75,hardzero_plus_depr,0.06,32,513,0.0,2,0.19931415,0.19931714,0.9718975,0.10668479,0.10668479,1.0,3.001733e-06,2.8136466e-05,-26.231447,2.1382172,0.7127391,0.17600001,0.0,0.13547806,10.220044,10.240045,1644800
hardzero_plus_depr__c0p50__z1p00__lam0p020__nu0p50__psi0p75,hardzero_plus_depr,0.06,32,514,0.0,2,0.19931714,0.19931714,1.030156,0.0,0.09329191,0.0,0.0,2.771756e-05,-27.640776,2.2663884,0.7554628,0.16800001,0.0,0.14566925,10.240045,10.260045,1648000
hardzero_plus_depr__c0p50__z1p00__lam0p020__nu0p50__psi0p75,hardzero_plus_depr,0.06,32,515,0.0,2,0.19931714,0.19931996,0.9862615,0.10321397,0.10321397,1.0,2.8182462e-06,2.730489e-05,-27.126528,2.1698186,0.7232729,0.192,0.0,0.17964004,10.260045,10.2800455,1651200
hardzero_plus_depr__c0p50__z1p00__lam0p020__nu0p50__psi0p75,hardzero_plus_depr,0.06,32,516,0.0,2,0.19931996,0.19932267,0.99761367,0.100550994,0.100550994,1.0,2.7046572e-06,2.6898364e-05,-26.941612,2.194794,0.731598,0.15200001,0.0,0.15691063,10.2800455,10.300046,1654400
hardzero_plus_depr__c0p50__z1p00__lam0p020__nu0p50__psi0p75,hardzero_plus_depr,0.06,32,517,0.0,2,0.19932267,0.19932543,0.9821741,0.10418997,0.10418997,1.0,2.7608144e-06,2.649789e-05,-27.285059,2.1608262,0.7202754,0.15200001,0.0,0.15822238,10.300046,10.320046,1657600
hardzero_plus_depr__c0p50__z1p00__lam0p020__nu0p50__psi0p75,hardzero_plus_depr,0.06,32,518,0.0,2,0.19932543,0.19932543,1.0783911,0.0,0.08348509,0.0,0.0,2.610338e-05,-27.947336,2.3725078,0.790836,0.136,0.0,0.1779209,10.320046,10.340047,1660800
hardzero_plus_depr__c0p50__z1p00__lam0p020__nu0p50__psi0p75,hardzero_plus_depr,0.06,32,519,0.0,2,0.19932543,0.1993282,0.96835446,0.10755868,0.10755868,1.0,2.7658439e-06,2.5714742e-05,-26.304255,2.1304224,0.7101408,0.16000001,0.0,0.15190658,10.340047,10.360047,1664000
hardzero_plus_depr__c0p50__z1p00__lam0p020__nu0p50__psi0p75,hardzero_plus_depr,0.06,32,520,0.0,2,0.1993282,0.1993282,1.0093836,0.0,0.09786253,0.0,0.0,2.533189e-05,-26.707216,2.220688,0.74022937,0.17999999,0.0,0.14692974,10.360047,10.380048,1667200
hardzero_plus_depr__c0p50__z1p00__lam0p020__nu0p50__psi0p75,hardzero_plus_depr,0.06,32,521,0.0,2,0.1993282,0.19933106,0.9410505,0.11453797,0.11453797,1.0,2.858265e-06,2.4954737e-05,-25.956837,2.0703526,0.69011754,0.15200001,0.0,0.13329533,10.380048,10.400048,1670400
hardzero_plus_depr__c0p50__z1p00__lam0p020__nu0p50__psi0p75,hardzero_plus_depr,0.06,32,522,0.0,2,0.19933106,0.19933106,1.02734,0.0,0.09389878,0.0,0.0,2.4583203e-05,-27.508673,2.2601933,0.7533978,0.14400001,0.0,0.15572432,10.400048,10.420049,1673600
hardzero_plus_depr__c0p50__z1p00__lam0p020__nu0p50__psi0p75,hardzero_plus_depr,0.06,32,523,0.0,2,0.19933106,0.19933106,1.0644312,0.0,0.08621221,0.0,0.0,2.42172e-05,-28.307734,2.3417954,0.7805985,0.104,0.0,0.15915072,10.420049,10.440049,1676800
hardzero_plus_depr__c0p50__z1p00__lam0p020__nu0p50__psi0p75,hardzero_plus_depr,0.06,32,524,0.0,2,0.19933106,0.19933356,0.9795787,0.10481449,0.10481449,1.0,2.500522e-06,2.3856644e-05,-27.128366,2.155116,0.71837205,0.256,0.0,0.15115,10.440049,10.46005,1680000
hardzero_plus_depr__c0p50__z1p00__lam0p020__nu0p50__psi0p75,hardzero_plus_depr,0.06,32,525,0.0,2,0.19933356,0.199336,0.9827215,0.10405871,0.10405871,1.0,2.4455312e-06,2.3501456e-05,-25.590607,2.1620305,0.72067684,0.208,0.0,0.16087201,10.46005,10.48005,1683200
hardzero_plus_depr__c0p50__z1p00__lam0p020__nu0p50__psi0p75,hardzero_plus_depr,0.06,32,526,0.0,2,0.199336,0.199336,1.0168045,0.0,0.096204534,0.0,0.0,2.3151557e-05,-27.453875,2.2370145,0.7456715,0.14400001,0.0,0.17850037,10.48005,10.500051,1686400
hardzero_plus_depr__c0p50__z1p00__lam0p020__nu0p50__psi0p75,hardzero_plus_depr,0.06,32,527,0.0,2,0.199336,0.19933873,0.9229506,0.119412385,0.119412385,1.0,2.7234225e-06,2.2806867e-05,-26.200264,2.030532,0.676844,0.272,0.008,0.12668876,10.500051,10.520051,1689600
hardzero_plus_depr__c0p50__z1p00__lam0p020__nu0p50__psi0p75,hardzero_plus_depr,0.06,32,528,0.0,2,0.19933873,0.19933873,1.0283176,0.0,0.09368766,0.0,0.0,2.246731e-05,-27.994352,2.262344,0.7541146,0.2,0.0,0.1539807,10.520051,10.540051,1692800
hardzero_plus_depr__c0p50__z1p00__lam0p020__nu0p50__psi0p75,hardzero_plus_depr,0.06,32,529,0.0,2,0.19933873,0.19934103,0.9852312,0.10345911,0.10345911,1.0,2.2898407e-06,2.2132808e-05,-25.121181,2.167552,0.7225174,0.17600001,0.0,0.15142706,10.540051,10.560052,1696000
hardzero_plus_depr__c0p50__z1p00__lam0p020__nu0p50__psi0p75,hardzero_plus_depr,0.06,32,530,0.0,2,0.19934103,0.19934328,0.9850562,0.10350081,0.10350081,1.0,2.2566576e-06,2.1803284e-05,-27.464476,2.167167,0.722389,0.224,0.0,0.17617697,10.560052,10.580052,1699200
hardzero_plus_depr__c0p50__z1p00__lam0p020__nu0p50__psi0p75,hardzero_plus_depr,0.06,32,531,0.0,2,0.19934328,0.19934545,0.9930525,0.10161258,0.10161258,1.0,2.182503e-06,2.1478669e-05,-26.568491,2.1847591,0.72825307,0.2,0.0,0.17373277,10.580052,10.600053,1702400
hardzero_plus_depr__c0p50__z1p00__lam0p020__nu0p50__psi0p75,hardzero_plus_depr,0.06,32,532,0.0,2,0.19934545,0.19934788,0.94020593,0.114760935,0.114760935,1.0,2.4282135e-06,2.1158885e-05,-25.984804,2.0684943,0.6894981,0.216,0.0,0.15934037,10.600053,10.620053,1705600
hardzero_plus_depr__c0p50__z1p00__lam0p020__nu0p50__psi0p75,hardzero_plus_depr,0.06,32,533,0.0,2,0.19934788,0.19934788,1.025907,0.0,0.09420911,0.0,0.0,2.0843865e-05,-27.021162,2.2570405,0.7523469,0.22,0.0,0.14944355,10.620053,10.640054,1708800
hardzero_plus_depr__c0p50__z1p00__lam0p020__nu0p50__psi0p75,hardzero_plus_depr,0.06,32,534,0.0,2,0.19934788,0.19934788,1.0210856,0.0,0.09526084,0.0,0.0,2.0533533e-05,-27.219223,2.2464333,0.7488111,0.136,0.0,0.15122691,10.640054,10.660054,1712000
hardzero_plus_depr__c0p50__z1p00__lam0p020__nu0p50__psi0p75,hardzero_plus_depr,0.06,32,535,0.0,2,0.19934788,0.19934788,1.018402,0.0,0.09585129,0.0,0.0,2.0227819e-05,-26.726624,2.240529,0.74684304,0.14400001,0.0,0.14166526,10.660054,10.680055,1715200
hardzero_plus_depr__c0p50__z1p00__lam0p020__nu0p50__psi0p75,hardzero_plus_depr,0.06,32,536,0.0,2,0.19934788,0.19935015,0.9446412,0.11359488,0.11359488,1.0,2.2635668e-06,1.9926661e-05,-26.25019,2.078252,0.6927507,0.2,0.0,0.14031146,10.680055,10.700055,1718400
hardzero_plus_depr__c0p50__z1p00__lam0p020__nu0p50__psi0p75,hardzero_plus_depr,0.06,32,537,0.0,2,0.19935015,0.19935231,0.95872754,0.10996955,0.10996955,1.0,2.1587007e-06,1.9629986e-05,-25.981302,2.1092427,0.7030809,0.14400001,0.0,0.14972998,10.700055,10.720056,1721600
hardzero_plus_depr__c0p50__z1p00__lam0p020__nu0p50__psi0p75,hardzero_plus_depr,0.06,32,538,0.0,2,0.19935231,0.19935231,1.0066866,0.0,0.098472156,0.0,0.0,1.9337725e-05,-27.31748,2.2147546,0.73825157,0.23200001,0.0,0.15553576,10.720056,10.740056,1724800
hardzero_plus_depr__c0p50__z1p00__lam0p020__nu0p50__psi0p75,hardzero_plus_depr,0.06,32,539,0.0,2,0.19935231,0.19935231,1.0108336,0.0,0.097536325,0.0,0.0,1.9049818e-05,-26.87017,2.2238784,0.74129283,0.120000005,0.0,0.1405522,10.740056,10.7600565,1728000
hardzero_plus_depr__c0p50__z1p00__lam0p020__nu0p50__psi0p75,hardzero_plus_depr,0.06,32,540,0.0,2,0.19935231,0.19935422,0.9945079,0.10127263,0.10127263,1.0,1.9005021e-06,1.8766197e-05,-26.71274,2.187961,0.7293204,0.14400001,0.0,0.14389314,10.7600565,10.780057,1731200
hardzero_plus_depr__c0p50__z1p00__lam0p020__nu0p50__psi0p75,hardzero_plus_depr,0.06,32,541,0.0,2,0.19935422,0.19935644,0.9200647,0.12020854,0.12020854,1.0,2.222271e-06,1.8486799e-05,-24.791937,2.0241828,0.6747276,0.208,0.008,0.1471815,10.780057,10.800057,1734400
hardzero_plus_depr__c0p50__z1p00__lam0p020__nu0p50__psi0p75,hardzero_plus_depr,0.06,32,542,0.0,2,0.19935644,0.19935827,0.9954789,0.101046436,0.101046436,1.0,1.8402133e-06,1.821156e-05,-26.751572,2.1900973,0.73003244,0.2,0.0,0.14794634,10.800057,10.820058,1737600
hardzero_plus_depr__c0p50__z1p00__lam0p020__nu0p50__psi0p75,hardzero_plus_depr,0.06,32,543,0.0,2,0.19935827,0.19935827,1.0054319,0.0,0.09875704,0.0,0.0,1.794042e-05,-26.537306,2.2119944,0.7373315,0.192,0.0,0.14420384,10.820058,10.840058,1740800
hardzero_plus_depr__c0p50__z1p00__lam0p020__nu0p50__psi0p75,hardzero_plus_depr,0.06,32,544,0.0,2,0.19935827,0.19936009,0.9885392,0.10267406,0.10267406,1.0,1.8145909e-06,1.7673314e-05,-26.281548,2.1748297,0.7249433,0.112,0.0,0.14457777,10.840058,10.860059,1744000
hardzero_plus_depr__c0p50__z1p00__lam0p020__nu0p50__psi0p75,hardzero_plus_depr,0.06,32,545,0.0,2,0.19936009,0.19936009,1.0309893,0.0,0.09311307,0.0,0.0,1.7410186e-05,-27.734585,2.2682216,0.7560739,0.192,0.0,0.16356362,10.860059,10.880059,1747200
hardzero_plus_depr__c0p50__z1p00__lam0p020__nu0p50__psi0p75,hardzero_plus_depr,0.06,32,546,0.0,2,0.19936009,0.19936009,1.0440356,0.0,0.09035754,0.0,0.0,1.7150976e-05,-27.364841,2.296924,0.7656414,0.16,0.0,0.13251148,10.880059,10.90006,1750400
hardzero_plus_depr__c0p50__z1p00__lam0p020__nu0p50__psi0p75,hardzero_plus_depr,0.06,32,547,0.0,2,0.19936009,0.19936009,1.0207211,0.0,0.09534082,0.0,0.0,1.6895627e-05,-27.679255,2.2456312,0.74854374,0.15200001,0.0,0.1547238,10.90006,10.92006,1753600
hardzero_plus_depr__c0p50__z1p00__lam0p020__nu0p50__psi0p75,hardzero_plus_depr,0.06,32,548,0.0,2,0.19936009,0.19936009,1.0395641,0.0,0.09129266,0.0,0.0,1.6644077e-05,-27.03327,2.2870867,0.76236224,0.15200001,0.0,0.17475034,10.92006,10.940061,1756800
hardzero_plus_depr__c0p50__z1p00__lam0p020__nu0p50__psi0p75,hardzero_plus_depr,0.06,32,549,0.0,2,0.19936009,0.19936173,0.9989229,0.10024833,0.10024833,1.0,1.6436993e-06,1.6396276e-05,-26.554113,2.1976743,0.73255813,0.15200001,0.008,0.1442322,10.940061,10.960061,1760000
hardzero_plus_depr__c0p50__z1p00__lam0p020__nu0p50__psi0p75,hardzero_plus_depr,0.06,32,550,0.0,2,0.19936173,0.19936173,1.0463576,0.0,0.08987572,0.0,0.0,1.6152158e-05,-28.963106,2.3020327,0.76734424,0.136,0.0,0.16365667,10.960061,10.980062,1763200
hardzero_plus_depr__c0p50__z1p00__lam0p020__nu0p50__psi0p75,hardzero_plus_depr,0.06,32,551,0.0,2,0.19936173,0.19936173,1.0451428,0.0,0.09012748,0.0,0.0,1.591168e-05,-28.33964,2.29936,0.7664534,0.096,0.0,0.16538447,10.980062,11.000062,1766400
hardzero_plus_depr__c0p50__z1p00__lam0p020__nu0p50__psi0p75,hardzero_plus_depr,0.06,32,552,0.0,2,0.19936173,0.19936173,1.0458472,0.0,0.08998142,0.0,0.0,1.5674781e-05,-27.564192,2.3009098,0.7669699,0.136,0.0,0.18764104,11.000062,11.020062,1769600
hardzero_plus_depr__c0p50__z1p00__lam0p020__nu0p50__psi0p75,hardzero_plus_depr,0.06,32,553,0.0,2,0.19936173,0.19936329,0.9927968,0.10167244,0.10167244,1.0,1.5699657e-06,1.5441408e-05,-27.033695,2.1841965,0.7280655,0.120000005,0.0,0.1574858,11.020062,11.040063,1772800
hardzero_plus_depr__c0p50__z1p00__lam0p020__nu0p50__psi0p75,hardzero_plus_depr,0.06,32,554,0.0,2,0.19936329,0.19936329,1.0044575,0.0,0.09897888,0.0,0.0,1.5211509e-05,-26.913477,2.2098505,0.73661685,0.14400001,0.0,0.14955491,11.040063,11.060063,1776000
hardzero_plus_depr__c0p50__z1p00__lam0p020__nu0p50__psi0p75,hardzero_plus_depr,0.06,32,555,0.0,2,0.19936329,0.19936489,0.9749118,0.105946876,0.105946876,1.0,1.5876176e-06,1.4985035e-05,-26.503883,2.1448488,0.7149496,0.14400001,0.0,0.13107651,11.060063,11.080064,1779200
hardzero_plus_depr__c0p50__z1p00__lam0p020__nu0p50__psi0p75,hardzero_plus_depr,0.06,32,556,0.0,2,0.19936489,0.19936642,0.981485,0.10435541,0.10435541,1.0,1.5404876e-06,1.4761933e-05,-26.626839,2.15931,0.7197701,0.17600001,0.0,0.14355618,11.080064,11.100064,1782400
hardzero_plus_depr__c0p50__z1p00__lam0p020__nu0p50__psi0p75,hardzero_plus_depr,0.06,32,557,0.0,2,0.19936642,0.19936642,1.057092,0.0,0.08768152,0.0,0.0,1.454215e-05,-27.451704,2.3256488,0.7752163,0.15200001,0.0,0.1780526,11.100064,11.120065,1785600
hardzero_plus_depr__c0p50__z1p00__lam0p020__nu0p50__psi0p75,hardzero_plus_depr,0.06,32,558,0.0,2,0.19936642,0.19936797,0.96633935,0.10805893,0.10805893,1.0,1.5480134e-06,1.4325641e-05,-26.71569,2.125989,0.708663,0.2,0.0,0.13815905,11.120065,11.140065,1788800
hardzero_plus_depr__c0p50__z1p00__lam0p020__nu0p50__psi0p75,hardzero_plus_depr,0.06,32,559,0.0,2,0.19936797,0.1993695,0.96486735,0.108425796,0.108425796,1.0,1.5301434e-06,1.41123555e-05,-26.354126,2.1227505,0.70758355,0.17999999,0.0,0.12785983,11.140065,11.160066,1792000
hardzero_plus_depr__c0p50__z1p00__lam0p020__nu0p50__psi0p75,hardzero_plus_depr,0.06,32,560,0.0,2,0.1993695,0.19937092,0.9940261,0.101385035,0.101385035,1.0,1.4094795e-06,1.3902244e-05,-27.499146,2.186901,0.7289671,0.16800001,0.0,0.1716917,11.160066,11.180066,1795200
hardzero_plus_depr__c0p50__z1p00__lam0p020__nu0p50__psi0p75,hardzero_plus_depr,0.06,32,561,0.0,2,0.19937092,0.1993723,0.99636155,0.10084129,0.10084129,1.0,1.381048e-06,1.3695263e-05,-26.912588,2.1920393,0.73067975,0.2,0.0,0.15256986,11.180066,11.200067,1798400
hardzero_plus_depr__c0p50__z1p00__lam0p020__nu0p50__psi0p75,hardzero_plus_depr,0.06,32,562,0.0,2,0.1993723,0.1993723,1.0395883,0.0,0.09128757,0.0,0.0,1.3491362e-05,-27.209188,2.28714,0.76238,0.096,0.0,0.15462597,11.200067,11.220067,1801600
hardzero_plus_depr__c0p50__z1p00__lam0p020__nu0p50__psi0p75,hardzero_plus_depr,0.06,32,563,0.0,2,0.1993723,0.1993723,1.0691494,0.0,0.085280664,0.0,0.0,1.3290498e-05,-28.31207,2.3521757,0.7840586,0.120000005,0.0,0.20023248,11.220067,11.2400675,1804800
hardzero_plus_depr__c0p50__z1p00__lam0p020__nu0p50__psi0p75,hardzero_plus_depr,0.06,32,564,0.0,2,0.1993723,0.19937363,0.9939035,0.10141366,0.10141366,1.0,1.3277709e-06,1.3092624e-05,-26.308723,2.1866314,0.7288772,0.18400002,0.0,0.17728171,11.2400675,11.260068,1808000
hardzero_plus_depr__c0p50__z1p00__lam0p020__nu0p50__psi0p75,hardzero_plus_depr,0.06,32,565,0.0,2,0.19937363,0.19937506,0.95471036,0.110991485,0.110991485,1.0,1.4315343e-06,1.2897694e-05,-25.642647,2.1004047,0.70013493,0.16000001,0.0,0.14543313,11.260068,11.280068,1811200
hardzero_plus_depr__c0p50__z1p00__lam0p020__nu0p50__psi0p75,hardzero_plus_depr,0.06,32,566,0.0,2,0.19937506,0.19937506,1.0376182,0.0,0.09170265,0.0,0.0,1.2705669e-05,-27.622435,2.2828054,0.7609352,0.056,0.0,0.1610898,11.280068,11.300069,1814400
hardzero_plus_depr__c0p50__z1p00__lam0p020__nu0p50__psi0p75,hardzero_plus_depr,0.06,32,567,0.0,2,0.19937506,0.19937633,0.9937828,0.10144185,0.10144185,1.0,1.2696971e-06,1.2516502e-05,-26.703138,2.1863658,0.7287886,0.2,0.008,0.15458336,11.300069,11.320069,1817600
hardzero_plus_depr__c0p50__z1p00__lam0p020__nu0p50__psi0p75,hardzero_plus_depr,0.06,32,568,0.0,2,0.19937633,0.19937633,1.0042566,0.0,0.09902467,0.0,0.0,1.2330152e-05,-27.427681,2.2094088,0.7364696,0.23200001,0.0,0.16706711,11.320069,11.34007,1820800
hardzero_plus_depr__c0p50__z1p00__lam0p020__nu0p50__psi0p75,hardzero_plus_depr,0.06,32,569,0.0,2,0.19937633,0.19937633,1.0270644,0.0,0.0939584,0.0,0.0,1.21465755e-05,-27.620804,2.2595868,0.75319564,0.16000001,0.0,0.16019231,11.34007,11.36007,1824000
hardzero_plus_depr__c0p50__z1p00__lam0p020__nu0p50__psi0p75,hardzero_plus_depr,0.06,32,570,0.0,2,0.19937633,0.19937633,1.0186462,0.0,0.0957974,0.0,0.0,1.1965732e-05,-26.979744,2.2410665,0.74702215,0.17600001,0.0,0.15604164,11.36007,11.380071,1827200
hardzero_plus_depr__c0p50__z1p00__lam0p020__nu0p50__psi0p75,hardzero_plus_depr,0.06,32,571,0.0,2,0.19937633,0.19937633,1.04093,0.0,0.09100598,0.0,0.0,1.1787581e-05,-28.172302,2.2900918,0.76336396,0.120000005,0.0,0.14699626,11.380071,11.400071,1830400
hardzero_plus_depr__c0p50__z1p00__lam0p020__nu0p50__psi0p75,hardzero_plus_depr,0.06,32,572,0.0,2,0.19937633,0.19937633,1.0711021,0.0,0.08489808,0.0,0.0,1.1612084e-05,-28.527178,2.3564718,0.78549063,0.13,0.0,0.17578334,11.400071,11.420072,1833600
hardzero_plus_depr__c0p50__z1p00__lam0p020__nu0p50__psi0p75,hardzero_plus_depr,0.06,32,573,0.0,2,0.19937633,0.1993775,0.98998964,0.10233172,0.10233172,1.0,1.1705928e-06,1.1439198e-05,-27.250967,2.1780207,0.7260069,0.224,0.008,0.16549037,11.420072,11.440072,1836800
hardzero_plus_depr__c0p50__z1p00__lam0p020__nu0p50__psi0p75,hardzero_plus_depr,0.06,32,574,0.0,2,0.1993775,0.1993787,0.97721297,0.10538698,0.10538698,1.0,1.187594e-06,1.1268887e-05,-26.80068,2.1499114,0.71663713,0.216,0.0,0.16379897,11.440072,11.4600725,1840000
hardzero_plus_depr__c0p50__z1p00__lam0p020__nu0p50__psi0p75,hardzero_plus_depr,0.06,32,575,0.0,2,0.1993787,0.19937986,0.9815424,0.104341626,0.104341626,1.0,1.1583079e-06,1.110111e-05,-26.340443,2.1594365,0.71981215,0.224,0.0,0.15560922,11.4600725,11.480073,1843200
hardzero_plus_depr__c0p50__z1p00__lam0p020__nu0p50__psi0p75,hardzero_plus_depr,0.06,32,576,0.0,2,0.19937986,0.19937986,1.0137557,0.0,0.09688226,0.0,0.0,1.0935833e-05,-26.64101,2.230307,0.74343574,0.136,0.0,0.15035358,11.480073,11.500073,1846400
hardzero_plus_depr__c0p50__z1p00__lam0p020__nu0p50__psi0p75,hardzero_plus_depr,0.06,32,577,0.0,2,0.19937986,0.19937986,1.0268692,0.0,0.09400063,0.0,0.0,1.0773017e-05,-27.83181,2.2591572,0.7530524,0.096,0.0,0.14396244,11.500073,11.520074,1849600
hardzero_plus_depr__c0p50__z1p00__lam0p020__nu0p50__psi0p75,hardzero_plus_depr,0.06,32,578,0.0,2,0.19937986,0.19938095,0.99002737,0.10232284,0.10232284,1.0,1.0859138e-06,1.0612624e-05,-27.527878,2.1781037,0.7260346,0.216,0.0,0.13725938,11.520074,11.540074,1852800
hardzero_plus_depr__c0p50__z1p00__lam0p020__nu0p50__psi0p75,hardzero_plus_depr,0.06,32,579,0.0,2,0.19938095,0.19938202,0.9861476,0.10324105,0.10324105,1.0,1.0793458e-06,1.0454619e-05,-26.681095,2.169568,0.72318935,0.136,0.0,0.15809874,11.540074,11.560075,1856000
hardzero_plus_depr__c0p50__z1p00__lam0p020__nu0p50__psi0p75,hardzero_plus_depr,0.06,32,580,0.0,2,0.19938202,0.19938202,1.016994,0.0,0.09616255,0.0,0.0,1.0298965e-05,-26.833498,2.2374315,0.7458105,0.112,0.0,0.13859233,11.560075,11.580075,1859200
hardzero_plus_depr__c0p50__z1p00__lam0p020__nu0p50__psi0p75,hardzero_plus_depr,0.06,32,581,0.0,2,0.19938202,0.1993831,0.978088,0.10517486,0.10517486,1.0,1.0670653e-06,1.0145631e-05,-26.216599,2.1518366,0.7172789,0.16800001,0.0,0.14769237,11.580075,11.600076,1862400
hardzero_plus_depr__c0p50__z1p00__lam0p020__nu0p50__psi0p75,hardzero_plus_depr,0.06,32,582,0.0,2,0.1993831,0.19938423,0.94434935,0.11367126,0.11367126,1.0,1.1360963e-06,9.994578e-06,-26.561165,2.07761,0.6925367,0.2,0.0,0.14668453,11.600076,11.620076,1865600
hardzero_plus_depr__c0p50__z1p00__lam0p020__nu0p50__psi0p75,hardzero_plus_depr,0.06,32,583,0.0,2,0.19938423,0.19938527,0.9744005,0.10607168,0.10607168,1.0,1.0443579e-06,9.845775e-06,-26.263973,2.143724,0.7145747,0.17600001,0.0,0.15954834,11.620076,11.640077,1868800
hardzero_plus_depr__c0p50__z1p00__lam0p020__nu0p50__psi0p75,hardzero_plus_depr,0.06,32,584,0.0,2,0.19938527,0.19938634,0.95686865,0.110441245,0.110441245,1.0,1.0711904e-06,9.699187e-06,-26.281027,2.105153,0.70171773,0.18400002,0.0,0.14799814,11.640077,11.660077,1872000
hardzero_plus_depr__c0p50__z1p00__lam0p020__nu0p50__psi0p75,hardzero_plus_depr,0.06,32,585,0.0,2,0.19938634,0.19938731,0.9914125,0.10199702,0.10199702,1.0,9.745593e-07,9.554782e-06,-27.258274,2.1811512,0.7270504,0.21,0.0,0.12619993,11.660077,11.680078,1875200
hardzero_plus_depr__c0p50__z1p00__lam0p020__nu0p50__psi0p75,hardzero_plus_depr,0.06,32,586,0.0,2,0.19938731,0.19938731,1.0052701,0.0,0.09879385,0.0,0.0,9.412526e-06,-27.188454,2.2116385,0.73721284,0.16000001,0.0,0.15572174,11.680078,11.700078,1878400
hardzero_plus_depr__c0p50__z1p00__lam0p020__nu0p50__psi0p75,hardzero_plus_depr,0.06,32,587,0.0,2,0.19938731,0.19938827,0.99007344,0.10231198,0.10231198,1.0,9.4867653e-07,9.272389e-06,-26.133865,2.178205,0.7260684,0.16000001,0.0,0.15917633,11.700078,11.720078,1881600
hardzero_plus_depr__c0p50__z1p00__lam0p020__nu0p50__psi0p75,hardzero_plus_depr,0.06,32,588,0.0,2,0.19938827,0.19938926,0.9602508,0.109584525,0.109584525,1.0,1.0009821e-06,9.134338e-06,-25.868708,2.112594,0.704198,0.14400001,0.0,0.12841429,11.720078,11.740079,1884800
hardzero_plus_depr__c0p50__z1p00__lam0p020__nu0p50__psi0p75,hardzero_plus_depr,0.06,32,589,0.0,2,0.19938926,0.19938926,1.0285075,0.0,0.093646705,0.0,0.0,8.998342e-06,-27.146982,2.2627616,0.75425386,0.18400002,0.0,0.16361122,11.740079,11.760079,1888000
hardzero_plus_depr__c0p50__z1p00__lam0p020__nu0p50__psi0p75,hardzero_plus_depr,0.06,32,590,0.0,2,0.19938926,0.19939017,0.98950773,0.10244536,0.10244536,1.0,9.0811363e-07,8.864371e-06,-27.253412,2.1769605,0.7256535,0.16000001,0.0,0.16319415,11.760079,11.78008,1891200
hardzero_plus_depr__c0p50__z1p00__lam0p020__nu0p50__psi0p75,hardzero_plus_depr,0.06,32,591,0.0,2,0.19939017,0.19939107,0.9923014,0.10178846,0.10178846,1.0,8.888571e-07,8.732395e-06,-26.554182,2.1831067,0.72770226,0.14400001,0.0,0.14416294,11.78008,11.80008,1894400
hardzero_plus_depr__c0p50__z1p00__lam0p020__nu0p50__psi0p75,hardzero_plus_depr,0.06,32,592,0.0,2,0.19939107,0.19939107,1.0198809,0.0,0.095525436,0.0,0.0,8.602384e-06,-27.320618,2.2437828,0.7479276,0.14400001,0.0,0.16195369,11.80008,11.820081,1897600
hardzero_plus_depr__c0p50__z1p00__lam0p020__nu0p50__psi0p75,hardzero_plus_depr,0.06,32,593,0.0,2,0.19939107,0.19939204,0.93941826,0.11496925,0.11496925,1.0,9.742848e-07,8.474308e-06,-25.86762,2.0667615,0.6889205,0.17600001,0.0,0.14641075,11.820081,11.840081,1900800
hardzero_plus_depr__c0p50__z1p00__lam0p020__nu0p50__psi0p75,hardzero_plus_depr,0.06,32,594,0.0,2,0.19939204,0.19939204,1.0021338,0.0,0.09950987,0.0,0.0,8.34814e-06,-27.836485,2.2047384,0.7349128,0.192,0.0,0.15241355,11.840081,11.860082,1904000
hardzero_plus_depr__c0p50__z1p00__lam0p020__nu0p50__psi0p75,hardzero_plus_depr,0.06,32,595,0.0,2,0.19939204,0.19939287,0.9933338,0.10154678,0.10154678,1.0,8.351054e-07,8.223849e-06,-26.491968,2.185378,0.72845936,0.136,0.0,0.14367762,11.860082,11.880082,1907200
hardzero_plus_depr__c0p50__z1p00__lam0p020__nu0p50__psi0p75,hardzero_plus_depr,0.06,32,596,0.0,2,0.19939287,0.19939375,0.9666718,0.107976235,0.107976235,1.0,8.747596e-07,8.101409e-06,-26.35476,2.1267204,0.7089068,0.15200001,0.0,0.16081938,11.880082,11.900083,1910400
hardzero_plus_depr__c0p50__z1p00__lam0p020__nu0p50__psi0p75,hardzero_plus_depr,0.06,32,597,0.0,2,0.19939375,0.19939455,0.9965835,0.100789756,0.100789756,1.0,8.043821e-07,7.980792e-06,-27.548353,2.1925275,0.73084253,0.16000001,0.0,0.15237181,11.900083,11.920083,1913600
hardzero_plus_depr__c0p50__z1p00__lam0p020__nu0p50__psi0p75,hardzero_plus_depr,0.06,32,598,0.0,2,0.19939455,0.1993954,0.9660268,0.10813674,0.10813674,1.0,8.501679e-07,7.8619705e-06,-27.518398,2.1253014,0.7084338,0.17999999,0.0,0.17370957,11.920083,11.9400835,1916800
hardzero_plus_depr__c0p50__z1p00__lam0p020__nu0p50__psi0p75,hardzero_plus_depr,0.06,32,599,0.0,2,0.1993954,0.19939622,0.97703785,0.10542951,0.10542951,1.0,8.165429e-07,7.744919e-06,-26.110943,2.1495261,0.71650875,0.16800001,0.0,0.15405719,11.9400835,11.960084,1920000
hardzero_plus_depr__c0p50__z1p00__lam0p020__nu0p50__psi0p75,hardzero_plus_depr,0.06,32,600,0.0,2,0.19939622,0.19939703,0.9744536,0.10605871,0.10605871,1.0,8.091865e-07,7.629609e-06,-25.679695,2.1438408,0.7146136,0.14400001,0.0,0.15080437,11.960084,11.980084,1923200
hardzero_plus_depr__c0p50__z1p00__lam0p020__nu0p50__psi0p75,hardzero_plus_depr,0.06,32,601,0.0,2,0.19939703,0.19939703,1.0689744,0.0,0.085315034,0.0,0.0,7.5160165e-06,-28.583199,2.3517907,0.78393024,0.120000005,0.0,0.17790143,11.980084,12.000085,1926400
hardzero_plus_depr__c0p50__z1p00__lam0p020__nu0p50__psi0p75,hardzero_plus_depr,0.06,32,602,0.0,2,0.19939703,0.19939703,1.0266812,0.0,0.09404133,0.0,0.0,7.4041145e-06,-27.695807,2.2587438,0.7529146,0.16800001,0.0,0.15689223,12.000085,12.020085,1929600
hardzero_plus_depr__c0p50__z1p00__lam0p020__nu0p50__psi0p75,hardzero_plus_depr,0.06,32,603,0.0,2,0.19939703,0.19939783,0.9594811,0.109778896,0.109778896,1.0,8.007141e-07,7.2938797e-06,-27.111074,2.1109006,0.70363355,0.14400001,0.0,0.16857402,12.020085,12.040086,1932800
hardzero_plus_depr__c0p50__z1p00__lam0p020__nu0p50__psi0p75,hardzero_plus_depr,0.06,32,604,0.0,2,0.19939783,0.19939783,1.0164378,0.0,0.09628578,0.0,0.0,7.1852855e-06,-27.119781,2.2362077,0.7454026,0.224,0.0,0.15127842,12.040086,12.060086,1936000
hardzero_plus_depr__c0p50__z1p00__lam0p020__nu0p50__psi0p75,hardzero_plus_depr,0.06,32,605,0.0,2,0.19939783,0.19939783,1.009,0.0,0.097949006,0.0,0.0,7.078308e-06,-27.303568,2.219844,0.73994803,0.18400002,0.0,0.14674143,12.060086,12.080087,1939200
hardzero_plus_depr__c0p50__z1p00__lam0p020__nu0p50__psi0p75,hardzero_plus_depr,0.06,32,606,0.0,2,0.19939783,0.19939783,1.0335816,0.0,0.09255893,0.0,0.0,6.972923e-06,-27.989412,2.2739248,0.757975,0.15200001,0.0,0.16328014,12.080087,12.100087,1942400
hardzero_plus_depr__c0p50__z1p00__lam0p020__nu0p50__psi0p75,hardzero_plus_depr,0.06,32,607,0.0,2,0.19939783,0.19939783,1.0412182,0.0,0.09094564,0.0,0.0,6.869108e-06,-27.336582,2.2907257,0.76357526,0.16800001,0.0,0.16814898,12.100087,12.120088,1945600
hardzero_plus_depr__c0p50__z1p00__lam0p020__nu0p50__psi0p75,hardzero_plus_depr,0.06,32,608,0.0,2,0.19939783,0.19939783,1.0006064,0.0,0.09986045,0.0,0.0,6.766838e-06,-26.655388,2.201378,0.7337927,0.224,0.0,0.15163463,12.120088,12.140088,1948800
hardzero_plus_depr__c0p50__z1p00__lam0p020__nu0p50__psi0p75,hardzero_plus_depr,0.06,32,609,0.0,2,0.19939783,0.19939783,1.0156093,0.0,0.096469656,0.0,0.0,6.666091e-06,-27.151571,2.234385,0.744795,0.16800001,0.0,0.13911565,12.140088,12.160089,1952000
hardzero_plus_depr__c0p50__z1p00__lam0p020__nu0p50__psi0p75,hardzero_plus_depr,0.06,32,610,0.0,2,0.19939783,0.1993985,0.9916748,0.101935446,0.101935446,1.0,6.69394e-07,6.5668423e-06,-27.602884,2.1817281,0.7272427,0.192,0.0,0.13154933,12.160089,12.180089,1955200
hardzero_plus_depr__c0p50__z1p00__lam0p020__nu0p50__psi0p75,hardzero_plus_depr,0.06,32,611,0.0,2,0.1993985,0.1993985,1.0155319,0.0,0.09648684,0.0,0.0,6.469073e-06,-27.118515,2.2342148,0.7447383,0.14999999,0.0,0.17119102,12.180089,12.200089,1958400
hardzero_plus_depr__c0p50__z1p00__lam0p020__nu0p50__psi0p75,hardzero_plus_depr,0.06,32,612,0.0,2,0.1993985,0.1993985,1.0241883,0.0,0.0945827,0.0,0.0,6.372759e-06,-27.954052,2.2532592,0.7510864,0.128,0.0,0.13348463,12.200089,12.22009,1961600
hardzero_plus_depr__c0p50__z1p00__lam0p020__nu0p50__psi0p75,hardzero_plus_depr,0.06,32,613,0.0,2,0.1993985,0.1993985,1.0306282,0.0,0.093190536,0.0,0.0,6.277879e-06,-27.348156,2.2674274,0.7558092,0.136,0.0,0.17850983,12.22009,12.24009,1964800
hardzero_plus_depr__c0p50__z1p00__lam0p020__nu0p50__psi0p75,hardzero_plus_depr,0.06,32,614,0.0,2,0.1993985,0.19939914,0.985665,0.10335584,0.10335584,1.0,6.3919504e-07,6.184411e-06,-26.755009,2.1685064,0.7228355,0.15200001,0.0,0.15511861,12.24009,12.260091,1968000
hardzero_plus_depr__c0p50__z1p00__lam0p020__nu0p50__psi0p75,hardzero_plus_depr,0.06,32,615,0.0,2,0.19939914,0.19939978,0.9742891,0.1060989,0.1060989,1.0,6.4639005e-07,6.0923353e-06,-26.95267,2.1434789,0.714493,0.17600001,0.0,0.13382943,12.260091,12.280091,1971200
hardzero_plus_depr__c0p50__z1p00__lam0p020__nu0p50__psi0p75,hardzero_plus_depr,0.06,32,616,0.0,2,0.19939978,0.19939978,1.0474501,0.0,0.08964994,0.0,0.0,6.0016305e-06,-27.538877,2.3044362,0.76814544,0.15200001,0.0,0.16703515,12.280091,12.300092,1974400
hardzero_plus_depr__c0p50__z1p00__lam0p020__nu0p50__psi0p75,hardzero_plus_depr,0.06,32,617,0.0,2,0.19939978,0.19939978,1.035335,0.0,0.09218601,0.0,0.0,5.9122754e-06,-27.415844,2.2777824,0.75926083,0.16800001,0.0,0.16297625,12.300092,12.320092,1977600
hardzero_plus_depr__c0p50__z1p00__lam0p020__nu0p50__psi0p75,hardzero_plus_depr,0.06,32,618,0.0,2,0.19939978,0.19940037,0.9995417,0.100105576,0.100105576,1.0,5.8304005e-07,5.8242513e-06,-27.147007,2.1990356,0.7330119,0.216,0.008,0.18549493,12.320092,12.340093,1980800
hardzero_plus_depr__c0p50__z1p00__lam0p020__nu0p50__psi0p75,hardzero_plus_depr,0.06,32,619,0.0,2,0.19940037,0.19940095,0.9960261,0.100919224,0.100919224,1.0,5.790278e-07,5.7375373e-06,-27.052734,2.191301,0.7304337,0.16000001,0.0,0.16605161,12.340093,12.360093,1984000
hardzero_plus_depr__c0p50__z1p00__lam0p020__nu0p50__psi0p75,hardzero_plus_depr,0.06,32,620,0.0,2,0.19940095,0.19940095,1.0043267,0.0,0.09900869,0.0,0.0,5.6521144e-06,-26.450016,2.2095628,0.73652095,0.192,0.0,0.15917699,12.360093,12.380094,1987200
hardzero_plus_depr__c0p50__z1p00__lam0p020__nu0p50__psi0p75,hardzero_plus_depr,0.06,32,621,0.0,2,0.19940095,0.19940095,1.0014272,0.0,0.09967192,0.0,0.0,5.567964e-06,-26.841976,2.2031837,0.73439455,0.24800001,0.008,0.13112713,12.380094,12.400094,1990400
hardzero_plus_depr__c0p50__z1p00__lam0p020__nu0p50__psi0p75,hardzero_plus_depr,0.06,32,622,0.0,2,0.19940095,0.19940153,0.9797856,0.10476455,0.10476455,1.0,5.7464047e-07,5.4850657e-06,-26.390049,2.1555715,0.71852386,0.16000001,0.0,0.16724548,12.400094,12.4200945,1993600
hardzero_plus_depr__c0p50__z1p00__lam0p020__nu0p50__psi0p75,hardzero_plus_depr,0.06,32,623,0.0,2,0.19940153,0.19940153,1.0175276,0.0,0.09604447,0.0,0.0,5.403402e-06,-27.440552,2.2386055,0.7462019,0.17600001,0.0,0.15330385,12.4200945,12.440095,1996800
hardzero_plus_depr__c0p50__z1p00__lam0p020__nu0p50__psi0p75,hardzero_plus_depr,0.06,32,624,0.0,2,0.19940153,0.19940153,1.0727137,0.0,0.084583625,0.0,0.0,5.322954e-06,-29.344038,2.3600173,0.7866725,0.17,0.0,0.16595963,12.440095,12.460095,2000000
hardzero_plus_depr__c0p50__z1p00__lam0p020__nu0p50__psi0p75,hardzero_plus_depr,0.06,32,625,0.0,2,0.19940153,0.19940211,0.9529198,0.11145005,0.11145005,1.0,5.84411e-07,5.2437035e-06,-27.3751,2.0964653,0.6988218,0.18400002,0.0,0.16102014,12.460095,12.480096,2003200
hardzero_plus_depr__c0p50__z1p00__lam0p020__nu0p50__psi0p75,hardzero_plus_depr,0.06,32,626,0.0,2,0.19940211,0.19940265,0.9895797,0.10242839,0.10242839,1.0,5.291075e-07,5.1656334e-06,-26.585375,2.1771188,0.7257063,0.16000001,0.0,0.15965004,12.480096,12.500096,2006400
hardzero_plus_depr__c0p50__z1p00__lam0p020__nu0p50__psi0p75,hardzero_plus_depr,0.06,32,627,0.0,2,0.19940265,0.19940265,1.0132952,0.0,0.096985064,0.0,0.0,5.0887247e-06,-26.639664,2.2292938,0.74309796,0.16800001,0.0,0.15469618,12.500096,12.520097,2009600
hardzero_plus_depr__c0p50__z1p00__lam0p020__nu0p50__psi0p75,hardzero_plus_depr,0.06,32,628,0.0,2,0.19940265,0.19940265,1.0228721,0.0,0.09486977,0.0,0.0,5.0129624e-06,-28.57567,2.2503636,0.75012124,0.2,0.0,0.16162682,12.520097,12.540097,2012800
hardzero_plus_depr__c0p50__z1p00__lam0p020__nu0p50__psi0p75,hardzero_plus_depr,0.06,32,629,0.0,2,0.19940265,0.19940265,1.0194963,0.0,0.09561009,0.0,0.0,4.9383275e-06,-27.663822,2.2429366,0.74764556,0.216,0.0,0.16388726,12.540097,12.560098,2016000
hardzero_plus_depr__c0p50__z1p00__lam0p020__nu0p50__psi0p75,hardzero_plus_depr,0.06,32,630,0.0,2,0.19940265,0.19940321,0.9285274,0.117888816,0.117888816,1.0,5.735059e-07,4.864803e-06,-26.14985,2.0428011,0.6809337,0.16000001,0.0,0.1404358,12.560098,12.580098,2019200
hardzero_plus_depr__c0p50__z1p00__lam0p020__nu0p50__psi0p75,hardzero_plus_depr,0.06,32,631,0.0,2,0.19940321,0.19940372,0.97694355,0.10545238,0.10545238,1.0,5.053673e-07,4.7923745e-06,-27.515236,2.1493187,0.7164396,0.17600001,0.0,0.17389059,12.580098,12.600099,2022400
hardzero_plus_depr__c0p50__z1p00__lam0p020__nu0p50__psi0p75,hardzero_plus_depr,0.06,32,632,0.0,2,0.19940372,0.19940372,1.0106572,0.0,0.09757596,0.0,0.0,4.7210237e-06,-27.271177,2.2234902,0.74116343,0.14400001,0.0,0.13377525,12.600099,12.620099,2025600
hardzero_plus_depr__c0p50__z1p00__lam0p020__nu0p50__psi0p75,hardzero_plus_depr,0.06,32,633,0.0,2,0.19940372,0.19940372,1.0305853,0.0,0.09319974,0.0,0.0,4.6507353e-06,-27.636284,2.2673328,0.7557776,0.112,0.0,0.14079733,12.620099,12.6401,2028800
hardzero_plus_depr__c0p50__z1p00__lam0p020__nu0p50__psi0p75,hardzero_plus_depr,0.06,32,634,0.0,2,0.19940372,0.19940424,0.9494839,0.11233527,0.11233527,1.0,5.146632e-07,4.5814927e-06,-25.496096,2.0889063,0.6963021,0.16000001,0.0,0.12169152,12.6401,12.6601,2032000
hardzero_plus_depr__c0p50__z1p00__lam0p020__nu0p50__psi0p75,hardzero_plus_depr,0.06,32,635,0.0,2,0.19940424,0.19940475,0.9442405,0.11369975,0.11369975,1.0,5.13159e-07,4.513282e-06,-26.788164,2.0773706,0.6924569,0.17600001,0.0,0.1458059,12.6601,12.6801,2035200
hardzero_plus_depr__c0p50__z1p00__lam0p020__nu0p50__psi0p75,hardzero_plus_depr,0.06,32,636,0.0,2,0.19940475,0.19940522,0.9636358,0.108733706,0.108733706,1.0,4.8343946e-07,4.4460867e-06,-25.907322,2.1200411,0.7066804,0.192,0.0,0.14586118,12.6801,12.700101,2038400
hardzero_plus_depr__c0p50__z1p00__lam0p020__nu0p50__psi0p75,hardzero_plus_depr,0.06,32,637,0.0,2,0.19940522,0.19940522,1.0044496,0.0,0.09898067,0.0,0.0,4.3798914e-06,-27.0908,2.2098334,0.7366111,0.21,0.0,0.1466092,12.700101,12.720101,2041600
hardzero_plus_depr__c0p50__z1p00__lam0p020__nu0p50__psi0p75,hardzero_plus_depr,0.06,32,638,0.0,2,0.19940522,0.19940522,1.0312867,0.0,0.09304933,0.0,0.0,4.314682e-06,-27.03341,2.268876,0.75629205,0.136,0.0,0.15260842,12.720101,12.740102,2044800
hardzero_plus_depr__c0p50__z1p00__lam0p020__nu0p50__psi0p75,hardzero_plus_depr,0.06,32,639,0.0,2,0.19940522,0.19940567,0.9736852,0.106246546,0.106246546,1.0,4.515949e-07,4.250443e-06,-25.784626,2.1421502,0.71405005,0.16800001,0.0,0.13462578,12.740102,12.760102,2048000
hardzero_plus_depr__c0p50__z1p00__lam0p020__nu0p50__psi0p75,hardzero_plus_depr,0.06,32,640,0.0,2,0.19940567,0.19940567,1.061567,0.0,0.086782664,0.0,0.0,4.187161e-06,-26.844969,2.3354938,0.77849793,0.096,0.0,0.16862433,12.760102,12.780103,2051200
hardzero_plus_depr__c0p50__z1p00__lam0p020__nu0p50__psi0p75,hardzero_plus_depr,0.06,32,641,0.0,2,0.19940567,0.19940567,1.001628,0.0,0.09962583,0.0,0.0,4.1248204e-06,-27.597212,2.2036257,0.7345419,0.16000001,0.0,0.15242924,12.780103,12.800103,2054400
hardzero_plus_depr__c0p50__z1p00__lam0p020__nu0p50__psi0p75,hardzero_plus_depr,0.06,32,642,0.0,2,0.19940567,0.19940567,1.02184,0.0,0.09509551,0.0,0.0,4.0634086e-06,-26.595053,2.248093,0.7493643,0.128,0.0,0.1546568,12.800103,12.820104,2057600
hardzero_plus_depr__c0p50__z1p00__lam0p020__nu0p50__psi0p75,hardzero_plus_depr,0.06,32,643,0.0,2,0.19940567,0.19940567,1.0371671,0.0,0.09179794,0.0,0.0,4.0029113e-06,-26.995201,2.2818131,0.7606044,0.104,0.0,0.16671829,12.820104,12.840104,2060800
hardzero_plus_depr__c0p50__z1p00__lam0p020__nu0p50__psi0p75,hardzero_plus_depr,0.06,32,644,0.0,2,0.19940567,0.19940607,0.9960501,0.100913644,0.100913644,1.0,3.9793417e-07,3.943314e-06,-26.923315,2.191354,0.73045135,0.18400002,0.0,0.1345659,12.840104,12.860105,2064000
hardzero_plus_depr__c0p50__z1p00__lam0p020__nu0p50__psi0p75,hardzero_plus_depr,0.06,32,645,0.0,2,0.19940607,0.19940646,0.99605685,0.10091208,0.10091208,1.0,3.9200353e-07,3.8846047e-06,-26.760632,2.1913688,0.7304563,0.112,0.0,0.1535937,12.860105,12.880105,2067200
hardzero_plus_depr__c0p50__z1p00__lam0p020__nu0p50__psi0p75,hardzero_plus_depr,0.06,32,646,0.0,2,0.19940646,0.19940685,0.9924507,0.10175348,0.10175348,1.0,3.8938705e-07,3.826769e-06,-27.398428,2.1834352,0.72781175,0.16800001,0.0,0.1528238,12.880105,12.900105,2070400
hardzero_plus_depr__c0p50__z1p00__lam0p020__nu0p50__psi0p75,hardzero_plus_depr,0.06,32,647,0.0,2,0.19940685,0.19940723,0.99251294,0.1017389,0.1017389,1.0,3.8353474e-07,3.7697944e-06,-27.431284,2.183572,0.72785735,0.2,0.008,0.1603861,12.900105,12.920106,2073600
hardzero_plus_depr__c0p50__z1p00__lam0p020__nu0p50__psi0p75,hardzero_plus_depr,0.06,32,648,0.0,2,0.19940723,0.19940723,1.0335029,0.0,0.0925757,0.0,0.0,3.713668e-06,-26.974646,2.273752,0.75791734,0.15200001,0.0,0.14960085,12.920106,12.940106,2076800
hardzero_plus_depr__c0p50__z1p00__lam0p020__nu0p50__psi0p75,hardzero_plus_depr,0.06,32,649,0.0,2,0.19940723,0.19940723,1.011409,0.0,0.09740716,0.0,0.0,3.6583779e-06,-26.955551,2.2251444,0.74171484,0.112,0.0,0.16423611,12.940106,12.960107,2080000
hardzero_plus_depr__c0p50__z1p00__lam0p020__nu0p50__psi0p75,hardzero_plus_depr,0.06,32,650,0.0,2,0.19940723,0.1994076,0.98285025,0.10402788,0.10402788,1.0,3.7490713e-07,3.60391e-06,-25.865604,2.1623137,0.72077125,0.17,0.0,0.15071677,12.960107,12.980107,2083200
hardzero_plus_depr__c0p50__z1p00__lam0p020__nu0p50__psi0p75,hardzero_plus_depr,0.06,32,651,0.0,2,0.1994076,0.19940801,0.94536084,0.113406815,0.113406815,1.0,4.02623e-07,3.550254e-06,-24.581621,2.0798354,0.6932785,0.208,0.0,0.1390221,12.980107,13.000108,2086400
hardzero_plus_depr__c0p50__z1p00__lam0p020__nu0p50__psi0p75,hardzero_plus_depr,0.06,32,652,0.0,2,0.19940801,0.19940801,1.0435083,0.0,0.09046731,0.0,0.0,3.4973964e-06,-27.11102,2.295764,0.7652547,0.136,0.0,0.16636387,13.000108,13.020108,2089600
hardzero_plus_depr__c0p50__z1p00__lam0p020__nu0p50__psi0p75,hardzero_plus_depr,0.06,32,653,0.0,2,0.19940801,0.19940838,0.96146226,0.10927927,0.10927927,1.0,3.7650267e-07,3.4453258e-06,-25.762995,2.1152592,0.7050864,0.16800001,0.0,0.13760386,13.020108,13.040109,2092800
hardzero_plus_depr__c0p50__z1p00__lam0p020__nu0p50__psi0p75,hardzero_plus_depr,0.06,32,654,0.0,2,0.19940838,0.19940872,0.996774,0.10074558,0.10074558,1.0,3.4193357e-07,3.3940305e-06,-26.785564,2.1929467,0.73098224,0.16000001,0.0,0.15963016,13.040109,13.060109,2096000
hardzero_plus_depr__c0p50__z1p00__lam0p020__nu0p50__psi0p75,hardzero_plus_depr,0.06,32,655,0.0,2,0.19940872,0.19940908,0.97668463,0.10551528,0.10551528,1.0,3.5279018e-07,3.3434985e-06,-26.523848,2.148749,0.7162497,0.18400002,0.0,0.128128,13.060109,13.08011,2099200
hardzero_plus_depr__c0p50__z1p00__lam0p020__nu0p50__psi0p75,hardzero_plus_depr,0.06,32,656,0.0,2,0.19940908,0.19940943,0.991257,0.102033556,0.102033556,1.0,3.360699e-07,3.2937191e-06,-27.11388,2.180809,0.72693634,0.15200001,0.0,0.15634353,13.08011,13.10011,2102400
hardzero_plus_depr__c0p50__z1p00__lam0p020__nu0p50__psi0p75,hardzero_plus_depr,0.06,32,657,0.0,2,0.19940943,0.19940943,1.0356883,0.0,0.09211105,0.0,0.0,3.244681e-06,-28.466345,2.2785597,0.75951993,0.18400002,0.0,0.18624003,13.10011,13.1201105,2105600
hardzero_plus_depr__c0p50__z1p00__lam0p020__nu0p50__psi0p75,hardzero_plus_depr,0.06,32,658,0.0,2,0.19940943,0.19940943,1.0206975,0.0,0.095346004,0.0,0.0,3.196373e-06,-26.942759,2.2455792,0.74852645,0.14400001,0.0,0.18407668,13.1201105,13.140111,2108800
hardzero_plus_depr__c0p50__z1p00__lam0p020__nu0p50__psi0p75,hardzero_plus_depr,0.06,32,659,0.0,2,0.19940943,0.19940975,0.9747604,0.105983816,0.105983816,1.0,3.3372015e-07,3.1487841e-06,-26.938831,2.1445158,0.7148386,0.16800001,0.0,0.13539825,13.140111,13.160111,2112000
hardzero_plus_depr__c0p50__z1p00__lam0p020__nu0p50__psi0p75,hardzero_plus_depr,0.06,32,660,0.0,2,0.19940975,0.19940975,1.0267922,0.0,0.094017304,0.0,0.0,3.1019038e-06,-27.03408,2.258988,0.75299597,0.128,0.0,0.1591091,13.160111,13.180112,2115200
hardzero_plus_depr__c0p50__z1p00__lam0p020__nu0p50__psi0p75,hardzero_plus_depr,0.06,32,661,0.0,2,0.19940975,0.19940975,1.0125738,0.0,0.09714627,0.0,0.0,3.0557212e-06,-27.104975,2.227707,0.74256897,0.16800001,0.0,0.14772217,13.180112,13.200112,2118400
hardzero_plus_depr__c0p50__z1p00__lam0p020__nu0p50__psi0p75,hardzero_plus_depr,0.06,32,662,0.0,2,0.19940975,0.19941008,0.97126985,0.10683907,0.10683907,1.0,3.216098e-07,3.0102267e-06,-25.959497,2.1368363,0.7122788,0.24000001,0.0,0.14019468,13.200112,13.220113,2121600
hardzero_plus_depr__c0p50__z1p00__lam0p020__nu0p50__psi0p75,hardzero_plus_depr,0.06,32,663,0.0,2,0.19941008,0.19941008,1.0228804,0.0,0.09486796,0.0,0.0,2.9654093e-06,-27.719345,2.250382,0.7501273,0.13,0.0,0.14155805,13.220113,13.240113,2124800
hardzero_plus_depr__c0p50__z1p00__lam0p020__nu0p50__psi0p75,hardzero_plus_depr,0.06,32,664,0.0,2,0.19941008,0.19941038,0.998852,0.10026468,0.10026468,1.0,2.928991e-07,2.921259e-06,-26.616608,2.1975183,0.73250616,0.16800001,0.0,0.16657376,13.240113,13.260114,2128000
hardzero_plus_depr__c0p50__z1p00__lam0p020__nu0p50__psi0p75,hardzero_plus_depr,0.06,32,665,0.0,2,0.19941038,0.19941068,0.98566484,0.10335586,0.10335586,1.0,2.9743398e-07,2.877766e-06,-24.957422,2.168506,0.7228353,0.16000001,0.0,0.149257,13.260114,13.280114,2131200
hardzero_plus_depr__c0p50__z1p00__lam0p020__nu0p50__psi0p75,hardzero_plus_depr,0.06,32,666,0.0,2,0.19941068,0.19941096,0.99984235,0.100036316,0.100036316,1.0,2.8359503e-07,2.8349207e-06,-26.928106,2.199697,0.7332324,0.15200001,0.0,0.13721578,13.280114,13.300115,2134400
hardzero_plus_depr__c0p50__z1p00__lam0p020__nu0p50__psi0p75,hardzero_plus_depr,0.06,32,667,0.0,2,0.19941096,0.19941124,0.999558,0.10010183,0.10010183,1.0,2.795557e-07,2.7927133e-06,-26.693804,2.1990714,0.7330238,0.14400001,0.0,0.15068993,13.300115,13.320115,2137600
hardzero_plus_depr__c0p50__z1p00__lam0p020__nu0p50__psi0p75,hardzero_plus_depr,0.06,32,668,0.0,2,0.19941124,0.19941124,1.0090714,0.0,0.0979329,0.0,0.0,2.7511344e-06,-26.204788,2.2200012,0.7400004,0.15200001,0.0,0.15042657,13.320115,13.340116,2140800
hardzero_plus_depr__c0p50__z1p00__lam0p020__nu0p50__psi0p75,hardzero_plus_depr,0.06,32,669,0.0,2,0.19941124,0.19941124,1.0120511,0.0,0.09726329,0.0,0.0,2.7101744e-06,-27.036947,2.2265568,0.7421856,0.128,0.0,0.1526419,13.340116,13.360116,2144000
hardzero_plus_depr__c0p50__z1p00__lam0p020__nu0p50__psi0p75,hardzero_plus_depr,0.06,32,670,0.0,2,0.19941124,0.19941124,1.0732151,0.0,0.084486015,0.0,0.0,2.669824e-06,-27.778378,2.3611205,0.7870402,0.112,0.0,0.15993698,13.360116,13.380116,2147200
hardzero_plus_depr__c0p50__z1p00__lam0p020__nu0p50__psi0p75,hardzero_plus_depr,0.06,32,671,0.0,2,0.19941124,0.19941124,1.0197597,0.0,0.09555211,0.0,0.0,2.6300747e-06,-27.512026,2.243516,0.7478387,0.08800001,0.0,0.17535615,13.380116,13.400117,2150400
hardzero_plus_depr__c0p50__z1p00__lam0p020__nu0p50__psi0p75,hardzero_plus_depr,0.06,32,672,0.0,2,0.19941124,0.19941124,1.0173552,0.0,0.09608261,0.0,0.0,2.5909171e-06,-26.935022,2.2382262,0.7460754,0.15200001,0.0,0.15713082,13.400117,13.420117,2153600
hardzero_plus_depr__c0p50__z1p00__lam0p020__nu0p50__psi0p75,hardzero_plus_depr,0.06,32,673,0.0,2,0.19941124,0.19941124,1.0005034,0.0,0.099884145,0.0,0.0,2.5523423e-06,-26.89563,2.2011514,0.73371714,0.16000001,0.0,0.13101062,13.420117,13.440118,2156800
hardzero_plus_depr__c0p50__z1p00__lam0p020__nu0p50__psi0p75,hardzero_plus_depr,0.06,32,674,0.0,2,0.19941124,0.19941124,1.0338998,0.0,0.09249116,0.0,0.0,2.5143422e-06,-28.068703,2.274625,0.7582084,0.16000001,0.0,0.17193924,13.440118,13.460118,2160000
hardzero_plus_depr__c0p50__z1p00__lam0p020__nu0p50__psi0p75,hardzero_plus_depr,0.06,32,675,0.0,2,0.19941124,0.19941151,0.954711,0.11099131,0.11099131,1.0,2.749152e-07,2.4769076e-06,-25.702023,2.1004062,0.7001354,0.208,0.0,0.15016812,13.460118,13.480119,2163200
hardzero_plus_depr__c0p50__z1p00__lam0p020__nu0p50__psi0p75,hardzero_plus_depr,0.06,32,676,0.0,2,0.19941151,0.19941151,1.0029695,0.0,0.09931857,0.0,0.0,2.4400304e-06,-27.132631,2.206577,0.7355257,0.19999999,0.0,0.14957578,13.480119,13.500119,2166400
hardzero_plus_depr__c0p50__z1p00__lam0p020__nu0p50__psi0p75,hardzero_plus_depr,0.06,32,677,0.0,2,0.19941151,0.19941151,1.048205,0.0,0.08949421,0.0,0.0,2.4037024e-06,-27.90443,2.306097,0.76869905,0.18400002,0.0,0.16828038,13.500119,13.52012,2169600
hardzero_plus_depr__c0p50__z1p00__lam0p020__nu0p50__psi0p75,hardzero_plus_depr,0.06,32,678,0.0,2,0.19941151,0.19941151,1.011002,0.0,0.09749852,0.0,0.0,2.367915e-06,-27.764412,2.2242486,0.7414162,0.17600001,0.0,0.15933737,13.52012,13.54012,2172800
hardzero_plus_depr__c0p50__z1p00__lam0p020__nu0p50__psi0p75,hardzero_plus_depr,0.06,32,679,0.0,2,0.19941151,0.19941151,1.0137581,0.0,0.09688173,0.0,0.0,2.3326604e-06,-27.46917,2.2303123,0.74343747,0.23200001,0.0,0.19053689,13.54012,13.560121,2176000
hardzero_plus_depr__c0p50__z1p00__lam0p020__nu0p50__psi0p75,hardzero_plus_depr,0.06,32,680,0.0,2,0.19941151,0.19941175,0.9959774,0.10093053,0.10093053,1.0,2.3193138e-07,2.297931e-06,-26.165102,2.191194,0.73039806,0.15200001,0.0,0.13351384,13.560121,13.580121,2179200
hardzero_plus_depr__c0p50__z1p00__lam0p020__nu0p50__psi0p75,hardzero_plus_depr,0.06,32,681,0.0,2,0.19941175,0.19941197,0.99924815,0.10017326,0.10017326,1.0,2.2676404e-07,2.2637184e-06,-26.589916,2.1983898,0.7327966,0.192,0.0,0.17589454,13.580121,13.6001215,2182400
hardzero_plus_depr__c0p50__z1p00__lam0p020__nu0p50__psi0p75,hardzero_plus_depr,0.06,32,682,0.0,2,0.19941197,0.1994122,0.9923206,0.101783976,0.101783976,1.0,2.2697982e-07,2.2300153e-06,-26.64242,2.1831489,0.7277163,0.18400002,0.0,0.15409772,13.6001215,13.620122,2185600
hardzero_plus_depr__c0p50__z1p00__lam0p020__nu0p50__psi0p75,hardzero_plus_depr,0.06,32,683,0.0,2,0.1994122,0.1994122,1.0051553,0.0,0.098819956,0.0,0.0,2.1968137e-06,-27.696291,2.211386,0.7371287,0.17600001,0.0,0.17125517,13.620122,13.640122,2188800
hardzero_plus_depr__c0p50__z1p00__lam0p020__nu0p50__psi0p75,hardzero_plus_depr,0.06,32,684,0.0,2,0.1994122,0.1994122,1.0778326,0.0,0.08359251,0.0,0.0,2.164107e-06,-29.102911,2.371279,0.7904264,0.16000001,0.008,0.14985181,13.640122,13.660123,2192000
hardzero_plus_depr__c0p50__z1p00__lam0p020__nu0p50__psi0p75,hardzero_plus_depr,0.06,32,685,0.0,2,0.1994122,0.19941242,0.9938487,0.101426475,0.101426475,1.0,2.1622975e-07,2.1318867e-06,-26.544497,2.1865108,0.72883695,0.208,0.0,0.15050505,13.660123,13.680123,2195200
hardzero_plus_depr__c0p50__z1p00__lam0p020__nu0p50__psi0p75,hardzero_plus_depr,0.06,32,686,0.0,2,0.19941242,0.19941263,0.9882718,0.102737315,0.102737315,1.0,2.1576341e-07,2.1001465e-06,-26.810486,2.1742413,0.7247471,0.15200001,0.0,0.15189087,13.680123,13.700124,2198400
hardzero_plus_depr__c0p50__z1p00__lam0p020__nu0p50__psi0p75,hardzero_plus_depr,0.06,32,687,0.0,2,0.19941263,0.19941285,0.9744196,0.106067024,0.106067024,1.0,2.1943981e-07,2.0688788e-06,-25.906261,2.143766,0.71458864,0.192,0.0,0.15290713,13.700124,13.720124,2201600
hardzero_plus_depr__c0p50__z1p00__lam0p020__nu0p50__psi0p75,hardzero_plus_depr,0.06,32,688,0.0,2,0.19941285,0.19941308,0.97218436,0.10661433,0.10661433,1.0,2.1728813e-07,2.0380762e-06,-27.007092,2.1388483,0.71294945,0.16000001,0.0,0.13551362,13.720124,13.740125,2204800
hardzero_plus_depr__c0p50__z1p00__lam0p020__nu0p50__psi0p75,hardzero_plus_depr,0.06,32,689,0.0,2,0.19941308,0.19941328,0.9929771,0.10163024,0.10163024,1.0,2.0404634e-07,2.0077325e-06,-26.694876,2.1845932,0.72819775,0.14,0.0,0.154325,13.740125,13.760125,2208000
hardzero_plus_depr__c0p50__z1p00__lam0p020__nu0p50__psi0p75,hardzero_plus_depr,0.06,32,690,0.0,2,0.19941328,0.19941328,1.0174944,0.0,0.096051805,0.0,0.0,1.9778408e-06,-26.881542,2.2385325,0.74617755,0.128,0.0,0.1788791,13.760125,13.780126,2211200
hardzero_plus_depr__c0p50__z1p00__lam0p020__nu0p50__psi0p75,hardzero_plus_depr,0.06,32,691,0.0,2,0.19941328,0.19941348,0.99070156,0.10216412,0.10216412,1.0,1.9905595e-07,1.948394e-06,-26.268267,2.179587,0.726529,0.18400002,0.0,0.15504567,13.780126,13.800126,2214400
hardzero_plus_depr__c0p50__z1p00__lam0p020__nu0p50__psi0p75,hardzero_plus_depr,0.06,32,692,0.0,2,0.19941348,0.19941348,1.0312276,0.0,0.093062006,0.0,0.0,1.9193856e-06,-27.262705,2.268746,0.75624865,0.16000001,0.0,0.13794276,13.800126,13.820127,2217600
hardzero_plus_depr__c0p50__z1p00__lam0p020__nu0p50__psi0p75,hardzero_plus_depr,0.06,32,693,0.0,2,0.19941348,0.19941348,1.0053165,0.0,0.0987833,0.0,0.0,1.8908087e-06,-26.754875,2.2117405,0.7372469,0.2,0.0,0.14339775,13.820127,13.840127,2220800
hardzero_plus_depr__c0p50__z1p00__lam0p020__nu0p50__psi0p75,hardzero_plus_depr,0.06,32,694,0.0,2,0.19941348,0.19941367,0.99322885,0.10157133,0.10157133,1.0,1.8919262e-07,1.8626577e-06,-27.584877,2.185147,0.72838235,0.216,0.0,0.16317607,13.840127,13.860127,2224000
hardzero_plus_depr__c0p50__z1p00__lam0p020__nu0p50__psi0p75,hardzero_plus_depr,0.06,32,695,0.0,2,0.19941367,0.19941387,0.9623814,0.10904823,0.10904823,1.0,2.0009541e-07,1.8349258e-06,-27.171064,2.1172814,0.7057605,0.192,0.0,0.18003275,13.860127,13.880128,2227200
hardzero_plus_depr__c0p50__z1p00__lam0p020__nu0p50__psi0p75,hardzero_plus_depr,0.06,32,696,0.0,2,0.19941387,0.19941387,1.0171571,0.0,0.09612644,0.0,0.0,1.8076066e-06,-28.058746,2.2377903,0.74593014,0.16000001,0.0,0.14564084,13.880128,13.900128,2230400
hardzero_plus_depr__c0p50__z1p00__lam0p020__nu0p50__psi0p75,hardzero_plus_depr,0.06,32,697,0.0,2,0.19941387,0.19941387,1.0577997,0.0,0.087538734,0.0,0.0,1.7806942e-06,-27.45446,2.327206,0.7757353,0.15200001,0.0,0.16232134,13.900128,13.920129,2233600
hardzero_plus_depr__c0p50__z1p00__lam0p020__nu0p50__psi0p75,hardzero_plus_depr,0.06,32,698,0.0,2,0.19941387,0.19941387,1.0358925,0.0,0.092067756,0.0,0.0,1.7541827e-06,-28.371536,2.2790089,0.75966966,0.16000001,0.0,0.17388496,13.920129,13.940129,2236800
hardzero_plus_depr__c0p50__z1p00__lam0p020__nu0p50__psi0p75,hardzero_plus_depr,0.06,32,699,0.0,2,0.19941387,0.19941387,1.03961,0.0,0.09128302,0.0,0.0,1.7280657e-06,-27.77111,2.2871878,0.762396,0.16800001,0.0,0.1655893,13.940129,13.96013,2240000
hardzero_plus_depr__c0p50__z1p00__lam0p020__nu0p50__psi0p75,hardzero_plus_depr,0.06,32,700,0.0,2,0.19941387,0.19941406,0.94836575,0.11262485,0.11262485,1.0,1.9172549e-07,1.7023374e-06,-25.83327,2.0864463,0.69548213,0.216,0.0,0.1496331,13.96013,13.98013,2243200
hardzero_plus_depr__c0p50__z1p00__lam0p020__nu0p50__psi0p75,hardzero_plus_depr,0.06,32,701,0.0,2,0.19941406,0.19941424,0.97173667,0.1067243,0.1067243,1.0,1.7897582e-07,1.6769923e-06,-26.077446,2.1378634,0.71262115,0.120000005,0.0,0.14245673,13.98013,14.000131,2246400
hardzero_plus_depr__c0p50__z1p00__lam0p020__nu0p50__psi0p75,hardzero_plus_depr,0.06,32,702,0.0,2,0.19941424,0.1994144,0.9845163,0.10362955,0.10362955,1.0,1.7119856e-07,1.6520246e-06,-26.348017,2.1659791,0.7219931,0.089999996,0.0,0.13728707,14.000131,14.020131,2249600
hardzero_plus_depr__c0p50__z1p00__lam0p020__nu0p50__psi0p75,hardzero_plus_depr,0.06,32,703,0.0,2,0.1994144,0.1994144,1.0198109,0.0,0.09554084,0.0,0.0,1.6274288e-06,-27.461124,2.2436287,0.7478763,0.120000005,0.0,0.18085982,14.020131,14.040132,2252800
hardzero_plus_depr__c0p50__z1p00__lam0p020__nu0p50__psi0p75,hardzero_plus_depr,0.06,32,704,0.0,2,0.1994144,0.1994144,1.0265709,0.0,0.09406522,0.0,0.0,1.6031989e-06,-28.356075,2.258501,0.7528337,0.208,0.0,0.15518413,14.040132,14.060132,2256000
hardzero_plus_depr__c0p50__z1p00__lam0p020__nu0p50__psi0p75,hardzero_plus_depr,0.06,32,705,0.0,2,0.1994144,0.1994144,1.000946,0.0,0.09978239,0.0,0.0,1.5793297e-06,-26.725681,2.2021253,0.7340418,0.192,0.008,0.15052857,14.060132,14.0801325,2259200
hardzero_plus_depr__c0p50__z1p00__lam0p020__nu0p50__psi0p75,hardzero_plus_depr,0.06,32,706,0.0,2,0.1994144,0.1994144,1.046529,0.0,0.08984024,0.0,0.0,1.5558161e-06,-28.324598,2.30241,0.76747,0.136,0.0,0.161252,14.0801325,14.100133,2262400
hardzero_plus_depr__c0p50__z1p00__lam0p020__nu0p50__psi0p75,hardzero_plus_depr,0.06,32,707,0.0,2,0.1994144,0.1994144,1.0124828,0.0,0.09716665,0.0,0.0,1.5326526e-06,-27.052883,2.2275066,0.7425022,0.104,0.0,0.15661533,14.100133,14.120133,2265600
hardzero_plus_depr__c0p50__z1p00__lam0p020__nu0p50__psi0p75,hardzero_plus_depr,0.06,32,708,0.0,2,0.1994144,0.1994144,1.0572393,0.0,0.087651774,0.0,0.0,1.5098339e-06,-27.125143,2.3259728,0.7753243,0.17600001,0.0,0.1719544,14.120133,14.140134,2268800
hardzero_plus_depr__c0p50__z1p00__lam0p020__nu0p50__psi0p75,hardzero_plus_depr,0.06,32,709,0.0,2,0.1994144,0.19941455,0.9835731,0.10385488,0.10385488,1.0,1.5446905e-07,1.4873548e-06,-26.228125,2.163904,0.7213013,0.192,0.0,0.16439387,14.140134,14.160134,2272000
hardzero_plus_depr__c0p50__z1p00__lam0p020__nu0p50__psi0p75,hardzero_plus_depr,0.06,32,710,0.0,2,0.19941455,0.19941472,0.95351636,0.11129704,0.11129704,1.0,1.6307358e-07,1.4652104e-06,-26.428932,2.0977778,0.6992593,0.15200001,0.0,0.14222105,14.160134,14.180135,2275200
hardzero_plus_depr__c0p50__z1p00__lam0p020__nu0p50__psi0p75,hardzero_plus_depr,0.06,32,711,0.0,2,0.19941472,0.19941472,1.0226383,0.0,0.09492086,0.0,0.0,1.4433958e-06,-26.93968,2.2498493,0.7499498,0.16800001,0.0,0.15174443,14.180135,14.200135,2278400
hardzero_plus_depr__c0p50__z1p00__lam0p020__nu0p50__psi0p75,hardzero_plus_depr,0.06,32,712,0.0,2,0.19941472,0.19941472,1.0204968,0.0,0.09539007,0.0,0.0,1.421906e-06,-26.843954,2.245138,0.74837935,0.104,0.0,0.1450481,14.200135,14.220136,2281600
hardzero_plus_depr__c0p50__z1p00__lam0p020__nu0p50__psi0p75,hardzero_plus_depr,0.06,32,713,0.0,2,0.19941472,0.19941472,1.0163331,0.0,0.096309,0.0,0.0,1.4007361e-06,-26.812853,2.2359774,0.7453258,0.216,0.0,0.16064014,14.220136,14.240136,2284800
hardzero_plus_depr__c0p50__z1p00__lam0p020__nu0p50__psi0p75,hardzero_plus_depr,0.06,32,714,0.0,2,0.19941472,0.19941472,1.0513006,0.0,0.08885858,0.0,0.0,1.3798814e-06,-27.65719,2.3129077,0.7709693,0.104,0.0,0.1480017,14.240136,14.260137,2288000
hardzero_plus_depr__c0p50__z1p00__lam0p020__nu0p50__psi0p75,hardzero_plus_depr,0.06,32,715,0.0,2,0.19941472,0.19941485,0.9968875,0.10071925,0.10071925,1.0,1.3691141e-07,1.359337e-06,-27.894972,2.1931963,0.73106545,0.17999999,0.0,0.16603163,14.260137,14.280137,2291200
hardzero_plus_depr__c0p50__z1p00__lam0p020__nu0p50__psi0p75,hardzero_plus_depr,0.06,32,716,0.0,2,0.19941485,0.19941498,0.9855148,0.10339157,0.10339157,1.0,1.3845153e-07,1.3390987e-06,-26.639158,2.168176,0.72272533,0.128,0.0,0.14461794,14.280137,14.3001375,2294400
hardzero_plus_depr__c0p50__z1p00__lam0p020__nu0p50__psi0p75,hardzero_plus_depr,0.06,32,717,0.0,2,0.19941498,0.19941498,1.0497472,0.0,0.08917698,0.0,0.0,1.3191618e-06,-28.22247,2.30949,0.76983,0.17600001,0.0,0.1601719,14.3001375,14.320138,2297600
hardzero_plus_depr__c0p50__z1p00__lam0p020__nu0p50__psi0p75,hardzero_plus_depr,0.06,32,718,0.0,2,0.19941498,0.19941498,1.0088828,0.0,0.09797545,0.0,0.0,1.2995215e-06,-26.952486,2.2195864,0.73986214,0.208,0.0,0.16966619,14.320138,14.340138,2300800
hardzero_plus_depr__c0p50__z1p00__lam0p020__nu0p50__psi0p75,hardzero_plus_depr,0.06,32,719,0.0,2,0.19941498,0.19941498,1.0371076,0.0,0.0918105,0.0,0.0,1.2801736e-06,-27.720625,2.2816823,0.76056075,0.14400001,0.0,0.20246986,14.340138,14.360139,2304000
hardzero_plus_depr__c0p50__z1p00__lam0p020__nu0p50__psi0p75,hardzero_plus_depr,0.06,32,720,0.0,2,0.19941498,0.19941512,0.9708614,0.10693961,0.10693961,1.0,1.3486303e-07,1.261114e-06,-27.017889,2.1359377,0.71197927,0.18400002,0.0,0.13859741,14.360139,14.380139,2307200
hardzero_plus_depr__c0p50__z1p00__lam0p020__nu0p50__psi0p75,hardzero_plus_depr,0.06,32,721,0.0,2,0.19941512,0.19941512,1.031817,0.0,0.09293579,0.0,0.0,1.2423379e-06,-26.533684,2.2700427,0.7566809,0.14400001,0.0,0.15685591,14.380139,14.40014,2310400
hardzero_plus_depr__c0p50__z1p00__lam0p020__nu0p50__psi0p75,hardzero_plus_depr,0.06,32,722,0.0,2,0.19941512,0.19941512,1.047865,0.0,0.08956431,0.0,0.0,1.2238415e-06,-27.734419,2.305349,0.7684497,0.128,0.0,0.16784474,14.40014,14.42014,2313600
hardzero_plus_depr__c0p50__z1p00__lam0p020__nu0p50__psi0p75,hardzero_plus_depr,0.06,32,723,0.0,2,0.19941512,0.19941512,1.0196981,0.0,0.09556565,0.0,0.0,1.2056205e-06,-27.076868,2.2433808,0.7477936,0.16800001,0.0,0.18652204,14.42014,14.440141,2316800
hardzero_plus_depr__c0p50__z1p00__lam0p020__nu0p50__psi0p75,hardzero_plus_depr,0.06,32,724,0.0,2,0.19941512,0.19941512,1.0310591,0.0,0.09309811,0.0,0.0,1.1876707e-06,-28.008661,2.2683754,0.75612515,0.192,0.0,0.18527351,14.440141,14.460141,2320000
hardzero_plus_depr__c0p50__z1p00__lam0p020__nu0p50__psi0p75,hardzero_plus_depr,0.06,32,725,0.0,2,0.19941512,0.19941512,1.0053145,0.0,0.09878375,0.0,0.0,1.1699883e-06,-26.428509,2.211736,0.7372453,0.14400001,0.0,0.12202243,14.460141,14.480142,2323200
hardzero_plus_depr__c0p50__z1p00__lam0p020__nu0p50__psi0p75,hardzero_plus_depr,0.06,32,726,0.0,2,0.19941512,0.19941525,0.9450546,0.11348683,0.11348683,1.0,1.308014e-07,1.152569e-06,-26.11502,2.0791616,0.6930539,0.312,0.0,0.13473974,14.480142,14.500142,2326400
hardzero_plus_depr__c0p50__z1p00__lam0p020__nu0p50__psi0p75,hardzero_plus_depr,0.06,32,727,0.0,2,0.19941525,0.19941537,0.9589174,0.10992148,0.10992148,1.0,1.2480585e-07,1.1354092e-06,-25.622263,2.1096604,0.7032201,0.128,0.0,0.14753273,14.500142,14.520143,2329600
hardzero_plus_depr__c0p50__z1p00__lam0p020__nu0p50__psi0p75,hardzero_plus_depr,0.06,32,728,0.0,2,0.19941537,0.19941537,1.0318764,0.0,0.09292308,0.0,0.0,1.1185047e-06,-27.701271,2.2701735,0.75672454,0.16,0.0,0.18716314,14.520143,14.540143,2332800
hardzero_plus_depr__c0p50__z1p00__lam0p020__nu0p50__psi0p75,hardzero_plus_depr,0.06,32,729,0.0,2,0.19941537,0.19941537,1.0495588,0.0,0.08921568,0.0,0.0,1.1018519e-06,-27.507278,2.3090754,0.7696918,0.120000005,0.0,0.15485267,14.540143,14.560143,2336000
hardzero_plus_depr__c0p50__z1p00__lam0p020__nu0p50__psi0p75,hardzero_plus_depr,0.06,32,730,0.0,2,0.19941537,0.19941548,0.99135816,0.10200979,0.10200979,1.0,1.1072623e-07,1.0854471e-06,-26.608864,2.1810315,0.7270105,0.128,0.0,0.13326992,14.560143,14.580144,2339200
hardzero_plus_depr__c0p50__z1p00__lam0p020__nu0p50__psi0p75,hardzero_plus_depr,0.06,32,731,0.0,2,0.19941548,0.19941548,1.0524403,0.0,0.08862569,0.0,0.0,1.0692866e-06,-28.18886,2.315415,0.771805,0.16800001,0.0,0.16752973,14.580144,14.600144,2342400
hardzero_plus_depr__c0p50__z1p00__lam0p020__nu0p50__psi0p75,hardzero_plus_depr,0.06,32,732,0.0,2,0.19941548,0.19941558,0.97433615,0.10608742,0.10608742,1.0,1.11748946e-07,1.0533666e-06,-26.610018,2.1435823,0.7145275,0.272,0.0,0.14898196,14.600144,14.620145,2345600
hardzero_plus_depr__c0p50__z1p00__lam0p020__nu0p50__psi0p75,hardzero_plus_depr,0.06,32,733,0.0,2,0.19941558,0.19941558,1.0087489,0.0,0.09800564,0.0,0.0,1.0376837e-06,-26.697092,2.219292,0.739764,0.15200001,0.0,0.14689435,14.620145,14.640145,2348800
hardzero_plus_depr__c0p50__z1p00__lam0p020__nu0p50__psi0p75,hardzero_plus_depr,0.06,32,734,0.0,2,0.19941558,0.1994157,0.95653075,0.110527225,0.110527225,1.0,1.1298471e-07,1.0222342e-06,-25.747425,2.1044097,0.7014699,0.224,0.0,0.135008,14.640145,14.660146,2352000
hardzero_plus_depr__c0p50__z1p00__lam0p020__nu0p50__psi0p75,hardzero_plus_depr,0.06,32,735,0.0,2,0.1994157,0.1994157,1.0355959,0.0,0.092130646,0.0,0.0,1.0070147e-06,-27.879408,2.2783566,0.7594522,0.18400002,0.0,0.14040136,14.660146,14.680146,2355200
hardzero_plus_depr__c0p50__z1p00__lam0p020__nu0p50__psi0p75,hardzero_plus_depr,0.06,32,736,0.0,2,0.1994157,0.1994158,0.9748947,0.10595104,0.10595104,1.0,1.0510577e-07,9.92022e-07,-26.6321,2.1448112,0.7149371,0.15200001,0.0,0.14850335,14.680146,14.700147,2358400
hardzero_plus_depr__c0p50__z1p00__lam0p020__nu0p50__psi0p75,hardzero_plus_depr,0.06,32,737,0.0,2,0.1994158,0.1994159,0.9892346,0.10250979,0.10250979,1.0,1.0017793e-07,9.772523e-07,-27.403399,2.1763597,0.72545326,0.16000001,0.0,0.15524265,14.700147,14.720147,2361600
hardzero_plus_depr__c0p50__z1p00__lam0p020__nu0p50__psi0p75,hardzero_plus_depr,0.06,32,738,0.0,2,0.1994159,0.1994159,1.0121893,0.0,0.097232334,0.0,0.0,9.627026e-07,-27.485447,2.2268608,0.7422869,0.17600001,0.0,0.15906097,14.720147,14.740148,2364800
hardzero_plus_depr__c0p50__z1p00__lam0p020__nu0p50__psi0p75,hardzero_plus_depr,0.06,32,739,0.0,2,0.1994159,0.1994159,1.0387912,0.0,0.091455296,0.0,0.0,9.483694e-07,-27.69851,2.2853863,0.76179546,0.112,0.0,0.17393516,14.740148,14.760148,2368000
hardzero_plus_depr__c0p50__z1p00__lam0p020__nu0p50__psi0p75,hardzero_plus_depr,0.06,32,740,0.0,2,0.1994159,0.19941601,0.9619781,0.109149545,0.109149545,1.0,1.01972944e-07,9.3424984e-07,-25.534492,2.116394,0.7054647,0.264,0.0,0.13718961,14.760148,14.7801485,2371200
hardzero_plus_depr__c0p50__z1p00__lam0p020__nu0p50__psi0p75,hardzero_plus_depr,0.06,32,741,0.0,2,0.19941601,0.19941601,1.0138611,0.0,0.096858755,0.0,0.0,9.2034037e-07,-27.428556,2.2305388,0.743513,0.089999996,0.0,0.124395154,14.7801485,14.800149,2374400
hardzero_plus_depr__c0p50__z1p00__lam0p020__nu0p50__psi0p75,hardzero_plus_depr,0.06,32,742,0.0,2,0.19941601,0.1994161,0.9981416,0.100428835,0.100428835,1.0,9.1052584e-08,9.0663787e-07,-26.536966,2.1959553,0.7319851,0.16000001,0.0,0.1434808,14.800149,14.820149,2377600
hardzero_plus_depr__c0p50__z1p00__lam0p020__nu0p50__psi0p75,hardzero_plus_depr,0.06,32,743,0.0,2,0.1994161,0.19941619,0.97711855,0.105409905,0.105409905,1.0,9.414574e-08,8.9313943e-07,-25.962963,2.1497037,0.71656793,0.18400002,0.0,0.12565275,14.820149,14.84015,2380800
hardzero_plus_depr__c0p50__z1p00__lam0p020__nu0p50__psi0p75,hardzero_plus_depr,0.06,32,744,0.0,2,0.19941619,0.19941619,1.0164924,0.0,0.09627369,0.0,0.0,8.798421e-07,-27.286572,2.236328,0.7454426,0.17600001,0.0,0.17861217,14.84015,14.86015,2384000
hardzero_plus_depr__c0p50__z1p00__lam0p020__nu0p50__psi0p75,hardzero_plus_depr,0.06,32,745,0.0,2,0.19941619,0.19941619,1.0322958,0.0,0.09283337,0.0,0.0,8.6674265e-07,-27.275349,2.2710962,0.7570321,0.208,0.0,0.1549607,14.86015,14.880151,2387200
hardzero_plus_depr__c0p50__z1p00__lam0p020__nu0p50__psi0p75,hardzero_plus_depr,0.06,32,746,0.0,2,0.19941619,0.19941628,0.9748666,0.10595791,0.10595791,1.0,9.047092e-08,8.538383e-07,-26.751274,2.1447494,0.71491647,0.16000001,0.0,0.13756587,14.880151,14.900151,2390400
hardzero_plus_depr__c0p50__z1p00__lam0p020__nu0p50__psi0p75,hardzero_plus_depr,0.06,32,747,0.0,2,0.19941628,0.19941637,0.9932494,0.101566516,0.101566516,1.0,8.543023e-08,8.4112594e-07,-27.86486,2.1851923,0.7283975,0.15200001,0.0,0.15790676,14.900151,14.920152,2393600
hardzero_plus_depr__c0p50__z1p00__lam0p020__nu0p50__psi0p75,hardzero_plus_depr,0.06,32,748,0.0,2,0.19941637,0.19941637,1.0331657,0.0,0.09264762,0.0,0.0,8.286029e-07,-27.16298,2.27301,0.75767004,0.16800001,0.0,0.15842868,14.920152,14.940152,2396800
hardzero_plus_depr__c0p50__z1p00__lam0p020__nu0p50__psi0p75,hardzero_plus_depr,0.06,32,749,0.0,2,0.19941637,0.19941637,1.0003595,0.0,0.099917255,0.0,0.0,8.162664e-07,-26.316374,2.200835,0.7336117,0.16800001,0.0,0.14329788,14.940152,14.960153,2400000
hardzero_plus_depr__c0p50__z1p00__lam0p020__nu0p50__psi0p75,hardzero_plus_depr,0.06,32,750,0.0,2,0.19941637,0.19941646,0.9820792,0.10421272,0.10421272,1.0,8.379886e-08,8.041135e-07,-26.534498,2.1606174,0.7202058,0.16800001,0.0,0.13141783,14.960153,14.980153,2403200
hardzero_plus_depr__c0p50__z1p00__lam0p020__nu0p50__psi0p75,hardzero_plus_depr,0.06,32,751,0.0,2,0.19941646,0.19941653,0.991039,0.10208477,0.10208477,1.0,8.086559e-08,7.921416e-07,-27.094368,2.1803293,0.7267765,0.18400002,0.0,0.14883377,14.980153,15.000154,2406400
hardzero_plus_depr__c0p50__z1p00__lam0p020__nu0p50__psi0p75,hardzero_plus_depr,0.06,32,752,0.0,2,0.19941653,0.19941653,1.0364921,0.0,0.09194073,0.0,0.0,7.8034776e-07,-27.462084,2.2803283,0.7601094,0.192,0.0,0.17989305,15.000154,15.020154,2409600
hardzero_plus_depr__c0p50__z1p00__lam0p020__nu0p50__psi0p75,hardzero_plus_depr,0.06,32,753,0.0,2,0.19941653,0.19941661,0.982553,0.10409911,0.10409911,1.0,8.002407e-08,7.6872965e-07,-27.189518,2.1616597,0.7205533,0.18400002,0.0,0.16354816,15.020154,15.040154,2412800
hardzero_plus_depr__c0p50__z1p00__lam0p020__nu0p50__psi0p75,hardzero_plus_depr,0.06,32,754,0.0,2,0.19941661,0.19941661,1.0024681,0.0,0.09943331,0.0,0.0,7.572845e-07,-26.118402,2.205474,0.73515797,0.11,0.0,0.12957534,15.040154,15.060155,2416000
hardzero_plus_depr__c0p50__z1p00__lam0p020__nu0p50__psi0p75,hardzero_plus_depr,0.06,32,755,0.0,2,0.19941661,0.19941668,0.9917206,0.10192467,0.10192467,1.0,7.60368e-08,7.4600973e-07,-26.30069,2.181829,0.7272763,0.18400002,0.0,0.16086422,15.060155,15.080155,2419200
hardzero_plus_depr__c0p50__z1p00__lam0p020__nu0p50__psi0p75,hardzero_plus_depr,0.06,32,756,0.0,2,0.19941668,0.19941668,1.0111525,0.0,0.097464725,0.0,0.0,7.3490287e-07,-26.635723,2.22458,0.7415267,0.208,0.0,0.16373363,15.080155,15.100156,2422400
hardzero_plus_depr__c0p50__z1p00__lam0p020__nu0p50__psi0p75,hardzero_plus_depr,0.06,32,757,0.0,2,0.19941668,0.19941676,0.988487,0.10268642,0.10268642,1.0,7.4340996e-08,7.239613e-07,-26.821922,2.1747148,0.72490495,0.15200001,0.0,0.16327289,15.100156,15.120156,2425600
hardzero_plus_depr__c0p50__z1p00__lam0p020__nu0p50__psi0p75,hardzero_plus_depr,0.06,32,758,0.0,2,0.19941676,0.19941683,0.98773336,0.10286476,0.10286476,1.0,7.336137e-08,7.131827e-07,-27.448597,2.1730568,0.7243523,0.136,0.0,0.15940428,15.120156,15.140157,2428800
hardzero_plus_depr__c0p50__z1p00__lam0p020__nu0p50__psi0p75,hardzero_plus_depr,0.06,32,759,0.0,2,0.19941683,0.1994169,0.96879596,0.10744942,0.10744942,1.0,7.549015e-08,7.0256453e-07,-26.185667,2.1313937,0.7104646,0.112,0.0,0.13652502,15.140157,15.160157,2432000
hardzero_plus_depr__c0p50__z1p00__lam0p020__nu0p50__psi0p75,hardzero_plus_depr,0.06,32,760,0.0,2,0.1994169,0.1994169,1.0553123,0.0,0.08804155,0.0,0.0,6.921045e-07,-27.753416,2.3217335,0.7739112,0.14400001,0.0,0.14511268,15.160157,15.180158,2435200
hardzero_plus_depr__c0p50__z1p00__lam0p020__nu0p50__psi0p75,hardzero_plus_depr,0.06,32,761,0.0,2,0.1994169,0.1994169,1.0007517,0.0,0.09982706,0.0,0.0,6.818002e-07,-26.695076,2.2016978,0.7338993,0.17600001,0.008,0.16567576,15.180158,15.200158,2438400
hardzero_plus_depr__c0p50__z1p00__lam0p020__nu0p50__psi0p75,hardzero_plus_depr,0.06,32,762,0.0,2,0.1994169,0.19941698,0.9894901,0.102449514,0.102449514,1.0,6.8810145e-08,6.716493e-07,-27.045607,2.1769216,0.72564054,0.16800001,0.0,0.12731451,15.200158,15.220159,2441600
hardzero_plus_depr__c0p50__z1p00__lam0p020__nu0p50__psi0p75,hardzero_plus_depr,0.06,32,763,0.0,2,0.19941698,0.19941698,1.0753053,0.0,0.08408037,0.0,0.0,6.616495e-07,-28.21835,2.365719,0.788573,0.18400002,0.0,0.15773118,15.220159,15.240159,2444800
hardzero_plus_depr__c0p50__z1p00__lam0p020__nu0p50__psi0p75,hardzero_plus_depr,0.06,32,764,0.0,2,0.19941698,0.19941705,0.9516086,0.11178703,0.11178703,1.0,7.2862626e-08,6.517986e-07,-25.57786,2.0935807,0.69786024,0.14400001,0.0,0.14207253,15.240159,15.2601595,2448000
hardzero_plus_depr__c0p50__z1p00__lam0p020__nu0p50__psi0p75,hardzero_plus_depr,0.06,32,765,0.0,2,0.19941705,0.19941705,1.0571623,0.0,0.0876673,0.0,0.0,6.420944e-07,-27.537737,2.3258035,0.77526784,0.128,0.0,0.15846567,15.2601595,15.28016,2451200
hardzero_plus_depr__c0p50__z1p00__lam0p020__nu0p50__psi0p75,hardzero_plus_depr,0.06,32,766,0.0,2,0.19941705,0.19941711,0.98168546,0.10430726,0.10430726,1.0,6.597795e-08,6.325346e-07,-26.957169,2.1597512,0.71991706,0.15200001,0.0,0.14670469,15.28016,15.30016,2454400
hardzero_plus_depr__c0p50__z1p00__lam0p020__nu0p50__psi0p75,hardzero_plus_depr,0.06,32,767,0.0,2,0.19941711,0.19941719,0.95383584,0.11121519,0.11121519,1.0,6.930009e-08,6.2311716e-07,-25.430552,2.0984807,0.6994936,0.19,0.0,0.12883726,15.30016,15.320161,2457600
hardzero_plus_depr__c0p50__z1p00__lam0p020__nu0p50__psi0p75,hardzero_plus_depr,0.06,32,768,0.0,2,0.19941719,0.19941719,1.0020322,0.0,0.09953317,0.0,0.0,6.138399e-07,-27.586866,2.2045147,0.73483825,0.192,0.0,0.17268151,15.320161,15.340161,2460800
hardzero_plus_depr__c0p50__z1p00__lam0p020__nu0p50__psi0p75,hardzero_plus_depr,0.06,32,769,0.0,2,0.19941719,0.19941725,0.98271835,0.10405948,0.10405948,1.0,6.2924855e-08,6.0470086e-07,-26.457659,2.1620235,0.7206745,0.24800001,0.0,0.1538719,15.340161,15.360162,2464000
hardzero_plus_depr__c0p50__z1p00__lam0p020__nu0p50__psi0p75,hardzero_plus_depr,0.06,32,770,0.0,2,0.19941725,0.19941725,1.0071365,0.0,0.098370194,0.0,0.0,5.956978e-07,-27.19741,2.2157445,0.73858154,0.2,0.0,0.16051176,15.360162,15.380162,2467200
hardzero_plus_depr__c0p50__z1p00__lam0p020__nu0p50__psi0p75,hardzero_plus_depr,0.06,32,771,0.0,2,0.19941725,0.19941725,1.0016389,0.0,0.099623345,0.0,0.0,5.868289e-07,-26.927105,2.2036495,0.7345499,0.14400001,0.0,0.12709412,15.380162,15.400163,2470400
hardzero_plus_depr__c0p50__z1p00__lam0p020__nu0p50__psi0p75,hardzero_plus_depr,0.06,32,772,0.0,2,0.19941725,0.19941731,0.98272884,0.104056954,0.104056954,1.0,6.0154484e-08,5.7809194e-07,-26.051283,2.1620467,0.72068226,0.216,0.0,0.15993266,15.400163,15.420163,2473600
hardzero_plus_depr__c0p50__z1p00__lam0p020__nu0p50__psi0p75,hardzero_plus_depr,0.06,32,773,0.0,2,0.19941731,0.19941737,0.99712026,0.100665286,0.100665286,1.0,5.732737e-08,5.69485e-07,-26.949673,2.1937084,0.73123616,0.16000001,0.0,0.16055074,15.420163,15.440164,2476800
hardzero_plus_depr__c0p50__z1p00__lam0p020__nu0p50__psi0p75,hardzero_plus_depr,0.06,32,774,0.0,2,0.19941737,0.19941737,1.0033343,0.0,0.09923518,0.0,0.0,5.6100635e-07,-26.857954,2.2073796,0.73579323,0.08800001,0.0,0.14344674,15.440164,15.460164,2480000
hardzero_plus_depr__c0p50__z1p00__lam0p020__nu0p50__psi0p75,hardzero_plus_depr,0.06,32,775,0.0,2,0.19941737,0.19941737,1.0149717,0.0,0.09661137,0.0,0.0,5.5265383e-07,-27.281334,2.2329824,0.7443275,0.2,0.0,0.15856776,15.460164,15.480165,2483200
hardzero_plus_depr__c0p50__z1p00__lam0p020__nu0p50__psi0p75,hardzero_plus_depr,0.06,32,776,0.0,2,0.19941737,0.19941737,1.0079813,0.0,0.09817903,0.0,0.0,5.4442575e-07,-27.12998,2.2176032,0.73920107,0.16000001,0.0,0.15412432,15.480165,15.500165,2486400
hardzero_plus_depr__c0p50__z1p00__lam0p020__nu0p50__psi0p75,hardzero_plus_depr,0.06,32,777,0.0,2,0.19941737,0.19941737,1.0220188,0.0,0.09505636,0.0,0.0,5.3632004e-07,-26.77142,2.2484863,0.74949545,0.15200001,0.0,0.134382,15.500165,15.520165,2489600
hardzero_plus_depr__c0p50__z1p00__lam0p020__nu0p50__psi0p75,hardzero_plus_depr,0.06,32,778,0.0,2,0.19941737,0.19941737,1.0127189,0.0,0.09711383,0.0,0.0,5.2833514e-07,-27.593363,2.2280262,0.7426754,0.128,0.0,0.14202279,15.520165,15.540166,2492800
hardzero_plus_depr__c0p50__z1p00__lam0p020__nu0p50__psi0p75,hardzero_plus_depr,0.06,32,779,0.0,2,0.19941737,0.19941743,0.9664232,0.10803806,0.10803806,1.0,5.6230466e-08,5.2046903e-07,-26.904062,2.1261735,0.7087245,0.17600001,0.0,0.16175021,15.540166,15.560166,2496000
hardzero_plus_depr__c0p50__z1p00__lam0p020__nu0p50__psi0p75,hardzero_plus_depr,0.06,32,780,0.0,2,0.19941743,0.19941743,1.0021428,0.0,0.09950782,0.0,0.0,5.1272013e-07,-27.622965,2.2047582,0.7349194,0.13,0.0,0.14863662,15.560166,15.580167,2499200
hardzero_plus_depr__c0p50__z1p00__lam0p020__nu0p50__psi0p75,hardzero_plus_depr,0.06,32,781,0.0,2,0.19941743,0.19941743,1.004792,0.0,0.098902665,0.0,0.0,5.050865e-07,-27.264362,2.2105865,0.7368622,0.16000001,0.0,0.15264758,15.580167,15.600167,2502400
hardzero_plus_depr__c0p50__z1p00__lam0p020__nu0p50__psi0p75,hardzero_plus_depr,0.06,32,782,0.0,2,0.19941743,0.19941747,0.9968913,0.10071837,0.10071837,1.0,5.0114096e-08,4.975666e-07,-27.17319,2.1932046,0.73106825,0.224,0.008,0.16522458,15.600167,15.620168,2505600
hardzero_plus_depr__c0p50__z1p00__lam0p020__nu0p50__psi0p75,hardzero_plus_depr,0.06,32,783,0.0,2,0.19941747,0.19941752,0.9820703,0.10421486,0.10421486,1.0,5.1081816e-08,4.9015864e-07,-26.13684,2.1605978,0.7201993,0.24800001,0.0,0.15529336,15.620168,15.640168,2508800
hardzero_plus_depr__c0p50__z1p00__lam0p020__nu0p50__psi0p75,hardzero_plus_depr,0.06,32,784,0.0,2,0.19941752,0.19941756,0.98034936,0.10462866,0.10462866,1.0,5.0521095e-08,4.8286097e-07,-25.622015,2.1568117,0.7189373,0.120000005,0.0,0.109866105,15.640168,15.660169,2512000
hardzero_plus_depr__c0p50__z1p00__lam0p020__nu0p50__psi0p75,hardzero_plus_depr,0.06,32,785,0.0,2,0.19941756,0.19941756,1.0003643,0.0,0.09991616,0.0,0.0,4.7567195e-07,-26.980791,2.2008455,0.73361516,0.18400002,0.0,0.16935262,15.660169,15.680169,2515200
hardzero_plus_depr__c0p50__z1p00__lam0p020__nu0p50__psi0p75,hardzero_plus_depr,0.06,32,786,0.0,2,0.19941756,0.19941762,0.9459043,0.113264985,0.113264985,1.0,5.307483e-08,4.6858995e-07,-26.538301,2.081031,0.69367707,0.208,0.0,0.17297179,15.680169,15.70017,2518400
hardzero_plus_depr__c0p50__z1p00__lam0p020__nu0p50__psi0p75,hardzero_plus_depr,0.06,32,787,0.0,2,0.19941762,0.19941767,0.99896884,0.10023772,0.10023772,1.0,4.6271072e-08,4.6161338e-07,-27.305216,2.1977754,0.7325918,0.2,0.0,0.1589554,15.70017,15.72017,2521600
hardzero_plus_depr__c0p50__z1p00__lam0p020__nu0p50__psi0p75,hardzero_plus_depr,0.06,32,788,0.0,2,0.19941767,0.19941771,0.96431977,0.10856258,0.10856258,1.0,4.936782e-08,4.5474067e-07,-26.708637,2.1215458,0.70718193,0.17600001,0.0,0.13705325,15.72017,15.7401705,2524800
hardzero_plus_depr__c0p50__z1p00__lam0p020__nu0p50__psi0p75,hardzero_plus_depr,0.06,32,789,0.0,2,0.19941771,0.19941771,1.0495772,0.0,0.089211896,0.0,0.0,4.4797034e-07,-28.350008,2.3091161,0.7697054,0.120000005,0.008,0.19764699,15.7401705,15.760171,2528000
hardzero_plus_depr__c0p50__z1p00__lam0p020__nu0p50__psi0p75,hardzero_plus_depr,0.06,32,790,0.0,2,0.19941771,0.19941776,0.98021525,0.10466096,0.10466096,1.0,4.6186962e-08,4.4130078e-07,-26.920326,2.1565166,0.7188389,0.2,0.0,0.17728114,15.760171,15.780171,2531200
hardzero_plus_depr__c0p50__z1p00__lam0p020__nu0p50__psi0p75,hardzero_plus_depr,0.06,32,791,0.0,2,0.19941776,0.1994178,0.97200793,0.106657654,0.106657654,1.0,4.6367337e-08,4.347305e-07,-25.930758,2.1384602,0.71282005,0.216,0.0,0.12203957,15.780171,15.800172,2534400
hardzero_plus_depr__c0p50__z1p00__lam0p020__nu0p50__psi0p75,hardzero_plus_depr,0.06,32,792,0.0,2,0.1994178,0.19941784,0.9991969,0.10018509,0.10018509,1.0,4.290507e-08,4.2825806e-07,-26.061918,2.198277,0.732759,0.16800001,0.0,0.14152437,15.800172,15.820172,2537600
hardzero_plus_depr__c0p50__z1p00__lam0p020__nu0p50__psi0p75,hardzero_plus_depr,0.06,32,793,0.0,2,0.19941784,0.19941784,1.0424728,0.0,0.09068326,0.0,0.0,4.2188196e-07,-28.084455,2.293486,0.7644954,0.16,0.0,0.1386876,15.820172,15.840173,2540800
hardzero_plus_depr__c0p50__z1p00__lam0p020__nu0p50__psi0p75,hardzero_plus_depr,0.06,32,794,0.0,2,0.19941784,0.19941784,1.0141784,0.0,0.09678802,0.0,0.0,4.1560082e-07,-26.606222,2.231237,0.7437457,0.120000005,0.0,0.1299686,15.840173,15.860173,2544000
hardzero_plus_depr__c0p50__z1p00__lam0p020__nu0p50__psi0p75,hardzero_plus_depr,0.06,32,795,0.0,2,0.19941784,0.19941789,0.9715454,0.106771305,0.106771305,1.0,4.3713587e-08,4.0941325e-07,-26.505833,2.1374426,0.7124809,0.136,0.0,0.14412998,15.860173,15.880174,2547200
hardzero_plus_depr__c0p50__z1p00__lam0p020__nu0p50__psi0p75,hardzero_plus_depr,0.06,32,796,0.0,2,0.19941789,0.19941789,1.015419,0.0,0.09651192,0.0,0.0,4.0331773e-07,-27.591776,2.2339664,0.7446555,0.136,0.0,0.18079406,15.880174,15.900174,2550400
hardzero_plus_depr__c0p50__z1p00__lam0p020__nu0p50__psi0p75,hardzero_plus_depr,0.06,32,797,0.0,2,0.19941789,0.19941789,1.0250527,0.0,0.09439465,0.0,0.0,3.9731293e-07,-27.44186,2.2551608,0.7517203,0.16000001,0.0,0.16601644,15.900174,15.920175,2553600
hardzero_plus_depr__c0p50__z1p00__lam0p020__nu0p50__psi0p75,hardzero_plus_depr,0.06,32,798,0.0,2,0.19941789,0.19941793,0.9637358,0.108708665,0.108708665,1.0,4.2548308e-08,3.9139758e-07,-26.258442,2.1202612,0.70675373,0.16000001,0.0,0.122413635,15.920175,15.940175,2556800
hardzero_plus_depr__c0p50__z1p00__lam0p020__nu0p50__psi0p75,hardzero_plus_depr,0.06,32,799,0.0,2,0.19941793,0.19941793,1.052674,0.0,0.08857802,0.0,0.0,3.8557033e-07,-27.067873,2.3159292,0.7719764,0.216,0.0,0.17150484,15.940175,15.9601755,2560000
hardzero_plus_depr__c0p50__z1p00__lam0p020__nu0p50__psi0p75,hardzero_plus_depr,0.06,32,800,0.0,2,0.19941793,0.19941798,0.957124,0.11037632,0.11037632,1.0,4.1924217e-08,3.798298e-07,-25.778984,2.1057148,0.70190495,0.24800001,0.0,0.16019367,15.9601755,15.980176,2563200
hardzero_plus_depr__c0p50__z1p00__lam0p020__nu0p50__psi0p75,hardzero_plus_depr,0.06,32,801,0.0,2,0.19941798,0.19941798,1.0451285,0.0,0.09013045,0.0,0.0,3.7417473e-07,-27.034107,2.2993286,0.7664429,0.136,0.0,0.1549265,15.980176,16.000175,2566400
hardzero_plus_depr__c0p50__z1p00__lam0p020__nu0p50__psi0p75,hardzero_plus_depr,0.06,32,802,0.0,2,0.19941798,0.19941798,1.046022,0.0,0.08994519,0.0,0.0,3.6860422e-07,-28.68806,2.3012946,0.7670982,0.16800001,0.0,0.15547404,16.000175,16.020176,2569600
hardzero_plus_depr__c0p50__z1p00__lam0p020__nu0p50__psi0p75,hardzero_plus_depr,0.06,32,803,0.0,2,0.19941798,0.19941798,1.0320642,0.0,0.0928829,0.0,0.0,3.6311633e-07,-27.756115,2.2705865,0.75686216,0.16000001,0.0,0.14351586,16.020176,16.040176,2572800
hardzero_plus_depr__c0p50__z1p00__lam0p020__nu0p50__psi0p75,hardzero_plus_depr,0.06,32,804,0.0,2,0.19941798,0.19941802,0.94624895,0.11317515,0.11317515,1.0,4.048389e-08,3.5771006e-07,-26.312685,2.0817893,0.6939298,0.17600001,0.0,0.14370063,16.040176,16.060177,2576000
hardzero_plus_depr__c0p50__z1p00__lam0p020__nu0p50__psi0p75,hardzero_plus_depr,0.06,32,805,0.0,2,0.19941802,0.19941805,0.98720205,0.10299067,0.10299067,1.0,3.6292302e-08,3.5238435e-07,-26.93038,2.1718879,0.72396266,0.18400002,0.0,0.13681671,16.060177,16.080177,2579200
hardzero_plus_depr__c0p50__z1p00__lam0p020__nu0p50__psi0p75,hardzero_plus_depr,0.06,32,806,0.0,2,0.19941805,0.1994181,0.95065606,0.11203247,0.11203247,1.0,3.8890718e-08,3.471379e-07,-26.00954,2.091485,0.6971617,0.21,0.0,0.15673853,16.080177,16.100178,2582400
hardzero_plus_depr__c0p50__z1p00__lam0p020__nu0p50__psi0p75,hardzero_plus_depr,0.06,32,807,0.0,2,0.1994181,0.1994181,1.0072341,0.0,0.09834808,0.0,0.0,3.4196958e-07,-26.634403,2.2159593,0.7386531,0.18400002,0.0,0.15056051,16.100178,16.120178,2585600
hardzero_plus_depr__c0p50__z1p00__lam0p020__nu0p50__psi0p75,hardzero_plus_depr,0.06,32,808,0.0,2,0.1994181,0.1994181,1.027272,0.0,0.09391349,0.0,0.0,3.368782e-07,-27.5247,2.2600436,0.7533479,0.14400001,0.0,0.17587405,16.120178,16.140179,2588800
hardzero_plus_depr__c0p50__z1p00__lam0p020__nu0p50__psi0p75,hardzero_plus_depr,0.06,32,809,0.0,2,0.1994181,0.1994181,1.0198333,0.0,0.09553592,0.0,0.0,3.3186262e-07,-27.458408,2.243678,0.74789274,0.120000005,0.0,0.1496765,16.140179,16.16018,2592000
hardzero_plus_depr__c0p50__z1p00__lam0p020__nu0p50__psi0p75,hardzero_plus_depr,0.06,32,810,0.0,2,0.1994181,0.19941813,0.98071903,0.10453964,0.10453964,1.0,3.4176278e-08,3.269217e-07,-26.218916,2.157625,0.71920836,0.15200001,0.0,0.15332446,16.16018,16.18018,2595200
hardzero_plus_depr__c0p50__z1p00__lam0p020__nu0p50__psi0p75,hardzero_plus_depr,0.06,32,811,0.0,2,0.19941813,0.19941816,0.9918654,0.10189071,0.10189071,1.0,3.281435e-08,3.2205438e-07,-27.20773,2.1821475,0.72738254,0.136,0.0,0.15637909,16.18018,16.20018,2598400
hardzero_plus_depr__c0p50__z1p00__lam0p020__nu0p50__psi0p75,hardzero_plus_depr,0.06,32,812,0.0,2,0.19941816,0.19941819,0.99614465,0.10089167,0.10089167,1.0,3.2008842e-08,3.172595e-07,-27.322021,2.191562,0.73052067,0.16000001,0.0,0.16383646,16.20018,16.22018,2601600
hardzero_plus_depr__c0p50__z1p00__lam0p020__nu0p50__psi0p75,hardzero_plus_depr,0.06,32,813,0.0,2,0.19941819,0.19941822,0.99246514,0.101750106,0.101750106,1.0,3.1800575e-08,3.1253603e-07,-26.356863,2.183467,0.7278223,0.192,0.0,0.13068148,16.22018,16.240181,2604800
hardzero_plus_depr__c0p50__z1p00__lam0p020__nu0p50__psi0p75,hardzero_plus_depr,0.06,32,814,0.0,2,0.19941822,0.19941825,0.95923644,0.10984077,0.10984077,1.0,3.381809e-08,3.0788286e-07,-25.907194,2.1103623,0.70345414,0.15200001,0.0,0.1446522,16.240181,16.260181,2608000
hardzero_plus_depr__c0p50__z1p00__lam0p020__nu0p50__psi0p75,hardzero_plus_depr,0.06,32,815,0.0,2,0.19941825,0.19941828,0.9819086,0.10425368,0.10425368,1.0,3.1620033e-08,3.0329898e-07,-26.592186,2.160242,0.72008073,0.14400001,0.0,0.1354687,16.260181,16.280182,2611200
hardzero_plus_depr__c0p50__z1p00__lam0p020__nu0p50__psi0p75,hardzero_plus_depr,0.06,32,816,0.0,2,0.19941828,0.19941828,1.0075122,0.0,0.09828512,0.0,0.0,2.9878333e-07,-27.932709,2.216571,0.73885703,0.208,0.0,0.18021823,16.280182,16.300182,2614400
hardzero_plus_depr__c0p50__z1p00__lam0p020__nu0p50__psi0p75,hardzero_plus_depr,0.06,32,817,0.0,2,0.19941828,0.19941828,1.0386205,0.0,0.09149123,0.0,0.0,2.9433494e-07,-28.363922,2.2850106,0.76167023,0.16800001,0.0,0.17566518,16.300182,16.320183,2617600
hardzero_plus_depr__c0p50__z1p00__lam0p020__nu0p50__psi0p75,hardzero_plus_depr,0.06,32,818,0.0,2,0.19941828,0.19941828,1.032098,0.0,0.09287566,0.0,0.0,2.8995277e-07,-26.971943,2.270661,0.7568871,0.2,0.0,0.14462352,16.320183,16.340183,2620800
hardzero_plus_depr__c0p50__z1p00__lam0p020__nu0p50__psi0p75,hardzero_plus_depr,0.06,32,819,0.0,2,0.19941828,0.1994183,0.9333862,0.11657725,0.11657725,1.0,3.3298637e-08,2.856358e-07,-26.396067,2.0534906,0.6844969,0.22999999,0.0,0.16137747,16.340183,16.360184,2624000
hardzero_plus_depr__c0p50__z1p00__lam0p020__nu0p50__psi0p75,hardzero_plus_depr,0.06,32,820,0.0,2,0.1994183,0.1994183,1.0475591,0.0,0.089627415,0.0,0.0,2.8138317e-07,-27.076529,2.304676,0.7682254,0.15200001,0.0,0.17320153,16.360184,16.380184,2627200
hardzero_plus_depr__c0p50__z1p00__lam0p020__nu0p50__psi0p75,hardzero_plus_depr,0.06,32,821,0.0,2,0.1994183,0.19941834,0.9950487,0.101146586,0.101146586,1.0,2.8037206e-08,2.771938e-07,-26.579775,2.1891508,0.72971696,0.192,0.0,0.15459742,16.380184,16.400185,2630400
hardzero_plus_depr__c0p50__z1p00__lam0p020__nu0p50__psi0p75,hardzero_plus_depr,0.06,32,822,0.0,2,0.19941834,0.19941837,0.98909223,0.1025434,0.1025434,1.0,2.8001203e-08,2.7306686e-07,-26.39835,2.1760464,0.72534883,0.17600001,0.0,0.17152473,16.400185,16.420185,2633600
hardzero_plus_depr__c0p50__z1p00__lam0p020__nu0p50__psi0p75,hardzero_plus_depr,0.06,32,823,0.0,2,0.19941837,0.1994184,0.97062653,0.106997445,0.106997445,1.0,2.8782456e-08,2.6900133e-07,-26.35803,2.135421,0.711807,0.18400002,0.0,0.16042204,16.420185,16.440186,2636800
hardzero_plus_depr__c0p50__z1p00__lam0p020__nu0p50__psi0p75,hardzero_plus_depr,0.06,32,824,0.0,2,0.1994184,0.19941843,0.95072603,0.11201442,0.11201442,1.0,2.968341e-08,2.6499632e-07,-26.329369,2.091639,0.69721305,0.17600001,0.0,0.15321402,16.440186,16.460186,2640000
hardzero_plus_depr__c0p50__z1p00__lam0p020__nu0p50__psi0p75,hardzero_plus_depr,0.06,32,825,0.0,2,0.19941843,0.19941843,1.052496,0.0,0.08861435,0.0,0.0,2.6105093e-07,-28.146555,2.3155375,0.7718458,0.24000001,0.008,0.18474187,16.460186,16.480186,2643200
hardzero_plus_depr__c0p50__z1p00__lam0p020__nu0p50__psi0p75,hardzero_plus_depr,0.06,32,826,0.0,2,0.19941843,0.19941846,0.9896635,0.1024086,0.1024086,1.0,2.6335838e-08,2.5716432e-07,-26.761333,2.177303,0.72576773,0.112,0.0,0.13814287,16.480186,16.500187,2646400
hardzero_plus_depr__c0p50__z1p00__lam0p020__nu0p50__psi0p75,hardzero_plus_depr,0.06,32,827,0.0,2,0.19941846,0.19941846,1.0466913,0.0,0.08980668,0.0,0.0,2.5333554e-07,-28.402187,2.3027668,0.767589,0.112,0.0,0.16843219,16.500187,16.520187,2649600
hardzero_plus_depr__c0p50__z1p00__lam0p020__nu0p50__psi0p75,hardzero_plus_depr,0.06,32,828,0.0,2,0.19941846,0.19941846,1.0481066,0.0,0.08951451,0.0,0.0,2.4956378e-07,-28.068338,2.3058805,0.76862687,0.192,0.0,0.1626823,16.520187,16.540188,2652800
hardzero_plus_depr__c0p50__z1p00__lam0p020__nu0p50__psi0p75,hardzero_plus_depr,0.06,32,829,0.0,2,0.19941846,0.19941849,0.9718454,0.10669758,0.10669758,1.0,2.6231406e-08,2.4584818e-07,-26.183893,2.1381025,0.71270084,0.18400002,0.0,0.15854183,16.540188,16.560188,2656000
hardzero_plus_depr__c0p50__z1p00__lam0p020__nu0p50__psi0p75,hardzero_plus_depr,0.06,32,830,0.0,2,0.19941849,0.19941851,0.9516343,0.11178043,0.11178043,1.0,2.707187e-08,2.4218792e-07,-26.144503,2.0936372,0.6978791,0.208,0.0,0.1860963,16.560188,16.580189,2659200
hardzero_plus_depr__c0p50__z1p00__lam0p020__nu0p50__psi0p75,hardzero_plus_depr,0.06,32,831,0.0,2,0.19941851,0.19941854,0.99057347,0.102194265,0.102194265,1.0,2.4381723e-08,2.3858212e-07,-26.562973,2.179305,0.72643507,0.128,0.0,0.14310372,16.580189,16.60019,2662400
hardzero_plus_depr__c0p50__z1p00__lam0p020__nu0p50__psi0p75,hardzero_plus_depr,0.06,32,832,0.0,2,0.19941854,0.19941857,0.988398,0.10270746,0.10270746,1.0,2.4139334e-08,2.3503e-07,-25.931435,2.174519,0.7248397,0.19999999,0.01,0.14376174,16.60019,16.62019,2665600
hardzero_plus_depr__c0p50__z1p00__lam0p020__nu0p50__psi0p75,hardzero_plus_depr,0.06,32,833,0.0,2,0.19941857,0.19941857,1.0053388,0.0,0.09877821,0.0,0.0,2.3153078e-07,-26.13993,2.2117896,0.7372632,0.216,0.0,0.1427952,16.62019,16.64019,2668800
hardzero_plus_depr__c0p50__z1p00__lam0p020__nu0p50__psi0p75,hardzero_plus_depr,0.06,32,834,0.0,2,0.19941857,0.19941857,1.0032794,0.0,0.099247724,0.0,0.0,2.2808366e-07,-27.501919,2.207259,0.735753,0.216,0.0,0.15976307,16.64019,16.66019,2672000
hardzero_plus_depr__c0p50__z1p00__lam0p020__nu0p50__psi0p75,hardzero_plus_depr,0.06,32,835,0.0,2,0.19941857,0.19941857,1.030399,0.0,0.09323974,0.0,0.0,2.2468785e-07,-27.655931,2.266923,0.755641,0.120000005,0.0,0.14960645,16.66019,16.680191,2675200
hardzero_plus_depr__c0p50__z1p00__lam0p020__nu0p50__psi0p75,hardzero_plus_depr,0.06,32,836,0.0,2,0.19941857,0.1994186,0.9803975,0.10461706,0.10461706,1.0,2.3156213e-08,2.2134262e-07,-26.043547,2.1569176,0.71897256,0.2,0.0,0.16396435,16.680191,16.700191,2678400
hardzero_plus_depr__c0p50__z1p00__lam0p020__nu0p50__psi0p75,hardzero_plus_depr,0.06,32,837,0.0,2,0.1994186,0.1994186,1.0150405,0.0,0.096596085,0.0,0.0,2.1804719e-07,-27.499329,2.2331338,0.744378,0.14400001,0.0,0.13874044,16.700191,16.720192,2681600
hardzero_plus_depr__c0p50__z1p00__lam0p020__nu0p50__psi0p75,hardzero_plus_depr,0.06,32,838,0.0,2,0.1994186,0.1994186,1.0045061,0.0,0.09896778,0.0,0.0,2.1480082e-07,-26.9354,2.2099576,0.73665255,0.136,0.0,0.14678943,16.720192,16.740192,2684800
hardzero_plus_depr__c0p50__z1p00__lam0p020__nu0p50__psi0p75,hardzero_plus_depr,0.06,32,839,0.0,2,0.1994186,0.1994186,1.0076033,0.0,0.09826451,0.0,0.0,2.1160278e-07,-27.545914,2.2167716,0.7389239,0.16000001,0.0,0.14771564,16.740192,16.760193,2688000
hardzero_plus_depr__c0p50__z1p00__lam0p020__nu0p50__psi0p75,hardzero_plus_depr,0.06,32,840,0.0,2,0.1994186,0.19941862,0.989787,0.10237951,0.10237951,1.0,2.1341247e-08,2.0845233e-07,-27.287207,2.1775749,0.72585833,0.16800001,0.0,0.16863255,16.760193,16.780193,2691200
hardzero_plus_depr__c0p50__z1p00__lam0p020__nu0p50__psi0p75,hardzero_plus_depr,0.06,32,841,0.0,2,0.19941862,0.19941863,0.98907834,0.1025467,0.1025467,1.0,2.1057843e-08,2.0534883e-07,-26.949528,2.1760159,0.72533864,0.17600001,0.0,0.15082702,16.780193,16.800194,2694400
hardzero_plus_depr__c0p50__z1p00__lam0p020__nu0p50__psi0p75,hardzero_plus_depr,0.06,32,842,0.0,2,0.19941863,0.19941863,1.0271136,0.0,0.09394775,0.0,0.0,2.022915e-07,-27.695154,2.2596948,0.75323164,0.24800001,0.0,0.15222771,16.800194,16.820194,2697600
hardzero_plus_depr__c0p50__z1p00__lam0p020__nu0p50__psi0p75,hardzero_plus_depr,0.06,32,843,0.0,2,0.19941863,0.19941863,1.004424,0.0,0.0989865,0.0,0.0,1.9927971e-07,-27.235842,2.2097769,0.7365923,0.136,0.0,0.15756437,16.820194,16.840195,2700800
hardzero_plus_depr__c0p50__z1p00__lam0p020__nu0p50__psi0p75,hardzero_plus_depr,0.06,32,844,0.0,2,0.19941863,0.19941865,0.9777249,0.10526284,0.10526284,1.0,2.0664439e-08,1.9631277e-07,-26.851618,2.1510377,0.7170126,0.15200001,0.0,0.14131737,16.840195,16.860195,2704000
hardzero_plus_depr__c0p50__z1p00__lam0p020__nu0p50__psi0p75,hardzero_plus_depr,0.06,32,845,0.0,2,0.19941865,0.19941865,1.0491168,0.0,0.08930651,0.0,0.0,1.9338997e-07,-27.736729,2.308103,0.7693677,0.17,0.0,0.127885,16.860195,16.880196,2707200
hardzero_plus_depr__c0p50__z1p00__lam0p020__nu0p50__psi0p75,hardzero_plus_depr,0.06,32,846,0.0,2,0.19941865,0.19941865,1.0248997,0.0,0.09442788,0.0,0.0,1.9051069e-07,-27.283777,2.2548244,0.75160813,0.192,0.0,0.16457877,16.880196,16.900196,2710400
hardzero_plus_depr__c0p50__z1p00__lam0p020__nu0p50__psi0p75,hardzero_plus_depr,0.06,32,847,0.0,2,0.19941865,0.19941865,1.0048312,0.0,0.09889375,0.0,0.0,1.8767432e-07,-27.011251,2.2106729,0.736891,0.16000001,0.0,0.17756933,16.900196,16.920197,2713600
hardzero_plus_depr__c0p50__z1p00__lam0p020__nu0p50__psi0p75,hardzero_plus_depr,0.06,32,848,0.0,2,0.19941865,0.19941865,1.0033149,0.0,0.09923963,0.0,0.0,1.8488014e-07,-27.61249,2.2073367,0.7357789,0.16000001,0.0,0.16335545,16.920197,16.940197,2716800
hardzero_plus_depr__c0p50__z1p00__lam0p020__nu0p50__psi0p75,hardzero_plus_depr,0.06,32,849,0.0,2,0.19941865,0.19941866,0.997911,0.100482166,0.100482166,1.0,1.8300574e-08,1.8212758e-07,-27.592913,2.195448,0.731816,0.17600001,0.0,0.15882179,16.940197,16.960197,2720000
hardzero_plus_depr__c0p50__z1p00__lam0p020__nu0p50__psi0p75,hardzero_plus_depr,0.06,32,850,0.0,2,0.19941866,0.19941868,0.97709763,0.10541499,0.10541499,1.0,1.8913132e-08,1.7941598e-07,-26.262362,2.1496577,0.7165526,0.18400002,0.0,0.1487798,16.960197,16.980198,2723200
hardzero_plus_depr__c0p50__z1p00__lam0p020__nu0p50__psi0p75,hardzero_plus_depr,0.06,32,851,0.0,2,0.19941868,0.19941868,1.0293767,0.0,0.09345946,0.0,0.0,1.7674476e-07,-27.406387,2.264674,0.75489134,0.2,0.0,0.15027651,16.980198,17.000198,2726400
hardzero_plus_depr__c0p50__z1p00__lam0p020__nu0p50__psi0p75,hardzero_plus_depr,0.06,32,852,0.0,2,0.19941868,0.19941868,1.0055883,0.0,0.0987215,0.0,0.0,1.7411331e-07,-26.544724,2.2123384,0.7374462,0.192,0.0,0.15086256,17.000198,17.020199,2729600
hardzero_plus_depr__c0p50__z1p00__lam0p020__nu0p50__psi0p75,hardzero_plus_depr,0.06,32,853,0.0,2,0.19941868,0.1994187,0.9966871,0.100765735,0.100765735,1.0,1.7283444e-08,1.7152105e-07,-26.718218,2.1927555,0.7309185,0.2,0.0,0.1674435,17.020199,17.0402,2732800
hardzero_plus_depr__c0p50__z1p00__lam0p020__nu0p50__psi0p75,hardzero_plus_depr,0.06,32,854,0.0,2,0.1994187,0.1994187,1.0153847,0.0,0.09651956,0.0,0.0,1.6896738e-07,-26.561373,2.233891,0.74463034,0.104,0.0,0.13172112,17.0402,17.0602,2736000
hardzero_plus_depr__c0p50__z1p00__lam0p020__nu0p50__psi0p75,hardzero_plus_depr,0.06,32,855,0.0,2,0.1994187,0.1994187,1.0213444,0.0,0.09520408,0.0,0.0,1.6645171e-07,-27.744667,2.2470026,0.7490009,0.2,0.0,0.1816409,17.0602,17.0802,2739200
hardzero_plus_depr__c0p50__z1p00__lam0p020__nu0p50__psi0p75,hardzero_plus_depr,0.06,32,856,0.0,2,0.1994187,0.19941871,0.9647826,0.10844697,0.10844697,1.0,1.7782432e-08,1.6397352e-07,-26.116669,2.122564,0.7075214,0.192,0.0,0.15046255,17.0802,17.1002,2742400
hardzero_plus_depr__c0p50__z1p00__lam0p020__nu0p50__psi0p75,hardzero_plus_depr,0.06,32,857,0.0,2,0.19941871,0.19941872,0.9370985,0.11558499,0.11558499,1.0,1.8670699e-08,1.6153221e-07,-26.61391,2.061658,0.6872193,0.2,0.0,0.14188379,17.1002,17.120201,2745600
hardzero_plus_depr__c0p50__z1p00__lam0p020__nu0p50__psi0p75,hardzero_plus_depr,0.06,32,858,0.0,2,0.19941872,0.19941874,0.98560554,0.10336999,0.10336999,1.0,1.6448984e-08,1.5912727e-07,-26.981098,2.1683755,0.72279185,0.14,0.0,0.12700084,17.120201,17.140202,2748800
hardzero_plus_depr__c0p50__z1p00__lam0p020__nu0p50__psi0p75,hardzero_plus_depr,0.06,32,859,0.0,2,0.19941874,0.19941874,1.0046014,0.0,0.09894609,0.0,0.0,1.567581e-07,-27.348965,2.2101672,0.7367224,0.2,0.0,0.16687267,17.140202,17.160202,2752000
hardzero_plus_depr__c0p50__z1p00__lam0p020__nu0p50__psi0p75,hardzero_plus_depr,0.06,32,860,0.0,2,0.19941874,0.19941874,1.0164834,0.0,0.096275665,0.0,0.0,1.5442423e-07,-26.822744,2.236308,0.7454361,0.120000005,0.0,0.14033337,17.160202,17.180202,2755200
hardzero_plus_depr__c0p50__z1p00__lam0p020__nu0p50__psi0p75,hardzero_plus_depr,0.06,32,861,0.0,2,0.19941874,0.19941875,0.98103744,0.10446302,0.10446302,1.0,1.5891446e-08,1.521251e-07,-26.896317,2.1583254,0.71944183,0.14400001,0.0,0.1320209,17.180202,17.200203,2758400
hardzero_plus_depr__c0p50__z1p00__lam0p020__nu0p50__psi0p75,hardzero_plus_depr,0.06,32,862,0.0,2,0.19941875,0.19941875,1.0076903,0.0,0.09824482,0.0,0.0,1.4986021e-07,-27.4416,2.216963,0.7389877,0.16800001,0.0,0.15439235,17.200203,17.220203,2761600
hardzero_plus_depr__c0p50__z1p00__lam0p020__nu0p50__psi0p75,hardzero_plus_depr,0.06,32,863,0.0,2,0.19941875,0.19941875,1.0468204,0.0,0.08978001,0.0,0.0,1.4762904e-07,-28.100586,2.3030508,0.7676836,0.128,0.0,0.14953631,17.220203,17.240204,2764800
hardzero_plus_depr__c0p50__z1p00__lam0p020__nu0p50__psi0p75,hardzero_plus_depr,0.06,32,864,0.0,2,0.19941875,0.19941877,0.960132,0.1096145,0.1096145,1.0,1.5941353e-08,1.4543106e-07,-26.377703,2.1123326,0.70411086,0.14400001,0.0,0.12635249,17.240204,17.260204,2768000
hardzero_plus_depr__c0p50__z1p00__lam0p020__nu0p50__psi0p75,hardzero_plus_depr,0.06,32,865,0.0,2,0.19941877,0.19941878,0.9944239,0.10129221,0.10129221,1.0,1.4511713e-08,1.4326584e-07,-26.333797,2.1877763,0.7292588,0.192,0.0,0.14665864,17.260204,17.280205,2771200
hardzero_plus_depr__c0p50__z1p00__lam0p020__nu0p50__psi0p75,hardzero_plus_depr,0.06,32,866,0.0,2,0.19941878,0.19941878,1.0059211,0.0,0.09864586,0.0,0.0,1.4113283e-07,-26.957739,2.2130706,0.7376902,0.208,0.0,0.15137208,17.280205,17.300205,2774400
hardzero_plus_depr__c0p50__z1p00__lam0p020__nu0p50__psi0p75,hardzero_plus_depr,0.06,32,867,0.0,2,0.19941878,0.1994188,0.9718041,0.10670773,0.10670773,1.0,1.4835746e-08,1.390316e-07,-26.374231,2.1380117,0.71267056,0.112,0.0,0.13747187,17.300205,17.320206,2777600
hardzero_plus_depr__c0p50__z1p00__lam0p020__nu0p50__psi0p75,hardzero_plus_depr,0.06,32,868,0.0,2,0.1994188,0.19941881,0.9998942,0.10002437,0.10002437,1.0,1.3699501e-08,1.3696163e-07,-26.50142,2.1998112,0.7332704,0.120000005,0.0,0.15153761,17.320206,17.340206,2780800
hardzero_plus_depr__c0p50__z1p00__lam0p020__nu0p50__psi0p75,hardzero_plus_depr,0.06,32,869,0.0,2,0.19941881,0.19941883,0.98722136,0.102986105,0.102986105,1.0,1.3895141e-08,1.3492249e-07,-26.275808,2.1719303,0.7239768,0.096,0.0,0.14408755,17.340206,17.360207,2784000
hardzero_plus_depr__c0p50__z1p00__lam0p020__nu0p50__psi0p75,hardzero_plus_depr,0.06,32,870,0.0,2,0.19941883,0.19941883,1.043357,0.0,0.09049883,0.0,0.0,1.3291371e-07,-27.530272,2.2954314,0.7651438,0.104,0.0,0.16100034,17.360207,17.380207,2787200
hardzero_plus_depr__c0p50__z1p00__lam0p020__nu0p50__psi0p75,hardzero_plus_depr,0.06,32,871,0.0,2,0.19941883,0.19941883,1.0291673,0.0,0.09350454,0.0,0.0,1.3093485e-07,-27.757446,2.2642133,0.7547378,0.17999999,0.0,0.16386347,17.380207,17.400208,2790400
hardzero_plus_depr__c0p50__z1p00__lam0p020__nu0p50__psi0p75,hardzero_plus_depr,0.06,32,872,0.0,2,0.19941883,0.19941883,1.0001693,0.0,0.09996102,0.0,0.0,1.2898543e-07,-26.589437,2.2004163,0.7334721,0.136,0.0,0.16621545,17.400208,17.420208,2793600
hardzero_plus_depr__c0p50__z1p00__lam0p020__nu0p50__psi0p75,hardzero_plus_depr,0.06,32,873,0.0,2,0.19941883,0.19941883,1.0060515,0.0,0.09861625,0.0,0.0,1.2706505e-07,-26.999332,2.2133577,0.73778594,0.16800001,0.0,0.16067688,17.420208,17.440208,2796800
hardzero_plus_depr__c0p50__z1p00__lam0p020__nu0p50__psi0p75,hardzero_plus_depr,0.06,32,874,0.0,2,0.19941883,0.19941884,0.9877984,0.102849364,0.102849364,1.0,1.2873989e-08,1.2517324e-07,-25.92172,2.1732,0.7244,0.08800001,0.0,0.13797303,17.440208,17.460209,2800000
hardzero_plus_depr__c0p50__z1p00__lam0p020__nu0p50__psi0p75,hardzero_plus_depr,0.06,32,875,0.0,2,0.19941884,0.19941886,0.98820347,0.102753475,0.102753475,1.0,1.2670492e-08,1.2330962e-07,-27.068455,2.174091,0.72469705,0.216,0.0,0.13863514,17.460209,17.48021,2803200
hardzero_plus_depr__c0p50__z1p00__lam0p020__nu0p50__psi0p75,hardzero_plus_depr,0.06,32,876,0.0,2,0.19941886,0.19941887,0.9405913,0.114659145,0.114659145,1.0,1.3928076e-08,1.2147375e-07,-26.349586,2.0693421,0.6897807,0.120000005,0.0,0.12150107,17.48021,17.50021,2806400
hardzero_plus_depr__c0p50__z1p00__lam0p020__nu0p50__psi0p75,hardzero_plus_depr,0.06,32,877,0.0,2,0.19941887,0.19941887,1.0236343,0.0,0.09470342,0.0,0.0,1.196652e-07,-27.246141,2.2520404,0.75068015,0.16000001,0.0,0.15153089,17.50021,17.52021,2809600
hardzero_plus_depr__c0p50__z1p00__lam0p020__nu0p50__psi0p75,hardzero_plus_depr,0.06,32,878,0.0,2,0.19941887,0.19941889,0.98438466,0.103660986,0.103660986,1.0,1.2219926e-08,1.17883566e-07,-26.48362,2.1656895,0.7218965,0.216,0.0,0.14114232,17.52021,17.54021,2812800
hardzero_plus_depr__c0p50__z1p00__lam0p020__nu0p50__psi0p75,hardzero_plus_depr,0.06,32,879,0.0,2,0.19941889,0.1994189,0.9695716,0.10725769,0.10725769,1.0,1.2455669e-08,1.16128454e-07,-26.343445,2.1331,0.71103334,0.2,0.0,0.12784971,17.54021,17.560211,2816000
hardzero_plus_depr__c0p50__z1p00__lam0p020__nu0p50__psi0p75,hardzero_plus_depr,0.06,32,880,0.0,2,0.1994189,0.1994189,1.0026047,0.0,0.099402025,0.0,0.0,1.143995e-07,-27.022825,2.2057745,0.7352582,0.128,0.0,0.14445269,17.560211,17.580212,2819200
hardzero_plus_depr__c0p50__z1p00__lam0p020__nu0p50__psi0p75,hardzero_plus_depr,0.06,32,881,0.0,2,0.1994189,0.19941892,0.9607029,0.109470494,0.109470494,1.0,1.2336917e-08,1.1269628e-07,-25.960001,2.1135886,0.7045295,0.18400002,0.0,0.133684,17.580212,17.600212,2822400
hardzero_plus_depr__c0p50__z1p00__lam0p020__nu0p50__psi0p75,hardzero_plus_depr,0.06,32,882,0.0,2,0.19941892,0.19941893,0.9380566,0.11533028,0.11533028,1.0,1.2803784e-08,1.1101841e-07,-26.160353,2.0637658,0.68792194,0.17600001,0.0,0.12883128,17.600212,17.620213,2825600
hardzero_plus_depr__c0p50__z1p00__lam0p020__nu0p50__psi0p75,hardzero_plus_depr,0.06,32,883,0.0,2,0.19941893,0.19941895,0.9597615,0.10970805,0.10970805,1.0,1.1998278e-08,1.0936552e-07,-26.739202,2.1115174,0.7038392,0.208,0.0,0.16785178,17.620213,17.640213,2828800
hardzero_plus_depr__c0p50__z1p00__lam0p020__nu0p50__psi0p75,hardzero_plus_depr,0.06,32,884,0.0,2,0.19941895,0.19941895,1.0038913,0.0,0.09910797,0.0,0.0,1.0773725e-07,-27.294783,2.208605,0.7362017,0.16,0.0,0.15022424,17.640213,17.660213,2832000
hardzero_plus_depr__c0p50__z1p00__lam0p020__nu0p50__psi0p75,hardzero_plus_depr,0.06,32,885,0.0,2,0.19941895,0.19941895,1.0056621,0.0,0.09870472,0.0,0.0,1.0613321e-07,-26.82995,2.2125008,0.7375003,0.18400002,0.0,0.16501173,17.660213,17.680214,2835200
hardzero_plus_depr__c0p50__z1p00__lam0p020__nu0p50__psi0p75,hardzero_plus_depr,0.06,32,886,0.0,2,0.19941895,0.19941896,0.9559417,0.11067724,0.11067724,1.0,1.1571644e-08,1.0455306e-07,-26.123192,2.1031137,0.7010379,0.24000001,0.0,0.14439723,17.680214,17.700214,2838400
hardzero_plus_depr__c0p50__z1p00__lam0p020__nu0p50__psi0p75,hardzero_plus_depr,0.06,32,887,0.0,2,0.19941896,0.19941896,1.0757362,0.0,0.08399702,0.0,0.0,1.0299643e-07,-29.104712,2.3666668,0.78888893,0.17600001,0.0,0.16725409,17.700214,17.720215,2841600
hardzero_plus_depr__c0p50__z1p00__lam0p020__nu0p50__psi0p75,hardzero_plus_depr,0.06,32,888,0.0,2,0.19941896,0.19941896,1.0219399,0.0,0.095073625,0.0,0.0,1.0146297e-07,-27.651438,2.2483127,0.7494376,0.136,0.0,0.15625925,17.720215,17.740215,2844800
hardzero_plus_depr__c0p50__z1p00__lam0p020__nu0p50__psi0p75,hardzero_plus_depr,0.06,32,889,0.0,2,0.19941896,0.19941898,0.9890411,0.10255548,0.10255548,1.0,1.0250663e-08,9.9952366e-08,-26.013315,2.1759338,0.7253113,0.120000005,0.0,0.1467897,17.740215,17.760216,2848000
hardzero_plus_depr__c0p50__z1p00__lam0p020__nu0p50__psi0p75,hardzero_plus_depr,0.06,32,890,0.0,2,0.19941898,0.19941899,0.9688975,0.10742429,0.10742429,1.0,1.0577449e-08,9.846422e-08,-26.0254,2.131617,0.71053904,0.17600001,0.0,0.15020657,17.760216,17.780216,2851200
hardzero_plus_depr__c0p50__z1p00__lam0p020__nu0p50__psi0p75,hardzero_plus_depr,0.06,32,891,0.0,2,0.19941899,0.199419,0.99958754,0.100095004,0.100095004,1.0,9.70904e-09,9.699825e-08,-27.219715,2.1991365,0.7330455,0.120000005,0.0,0.15980272,17.780216,17.800217,2854400
hardzero_plus_depr__c0p50__z1p00__lam0p020__nu0p50__psi0p75,hardzero_plus_depr,0.06,32,892,0.0,2,0.199419,0.19941902,0.944648,0.1135931,0.1135931,1.0,1.0854286e-08,9.55541e-08,-25.533092,2.078267,0.6927557,0.17600001,0.0,0.12580141,17.800217,17.820217,2857600
hardzero_plus_depr__c0p50__z1p00__lam0p020__nu0p50__psi0p75,hardzero_plus_depr,0.06,32,893,0.0,2,0.19941902,0.19941902,1.0436317,0.0,0.09044162,0.0,0.0,9.413146e-08,-26.82813,2.2960355,0.7653452,0.16800001,0.0,0.15959746,17.820217,17.840218,2860800
hardzero_plus_depr__c0p50__z1p00__lam0p020__nu0p50__psi0p75,hardzero_plus_depr,0.06,32,894,0.0,2,0.19941902,0.19941902,1.0575264,0.0,0.087593846,0.0,0.0,9.272999e-08,-28.138243,2.3266044,0.7755348,0.15200001,0.0,0.16895862,17.840218,17.860218,2864000
hardzero_plus_depr__c0p50__z1p00__lam0p020__nu0p50__psi0p75,hardzero_plus_depr,0.06,32,895,0.0,2,0.19941902,0.19941904,0.97137916,0.1068122,0.1068122,1.0,9.757229e-09,9.1349385e-08,-27.185667,2.1370769,0.71235895,0.17600001,0.0,0.15522732,17.860218,17.880219,2867200
hardzero_plus_depr__c0p50__z1p00__lam0p020__nu0p50__psi0p75,hardzero_plus_depr,0.06,32,896,0.0,2,0.19941904,0.19941904,1.057546,0.0,0.08758988,0.0,0.0,8.998934e-08,-28.503029,2.3266478,0.7755493,0.136,0.0,0.17090158,17.880219,17.900219,2870400
hardzero_plus_depr__c0p50__z1p00__lam0p020__nu0p50__psi0p75,hardzero_plus_depr,0.06,32,897,0.0,2,0.19941904,0.19941904,1.0301372,0.0,0.093295954,0.0,0.0,8.864954e-08,-27.833986,2.266347,0.755449,0.19,0.0,0.13568833,17.900219,17.92022,2873600
hardzero_plus_depr__c0p50__z1p00__lam0p020__nu0p50__psi0p75,hardzero_plus_depr,0.06,32,898,0.0,2,0.19941904,0.19941905,0.9981404,0.10042912,0.10042912,1.0,8.770444e-09,8.7329695e-08,-26.371864,2.1959527,0.73198426,0.15200001,0.0,0.16309798,17.92022,17.94022,2876800
hardzero_plus_depr__c0p50__z1p00__lam0p020__nu0p50__psi0p75,hardzero_plus_depr,0.06,32,899,0.0,2,0.19941905,0.19941905,1.0521413,0.0,0.08868674,0.0,0.0,8.6029495e-08,-28.236507,2.314757,0.7715857,0.104,0.0,0.1816715,17.94022,17.96022,2880000
hardzero_plus_depr__c0p50__z1p00__lam0p020__nu0p50__psi0p75,hardzero_plus_depr,0.06,32,900,0.0,2,0.19941905,0.19941907,0.93152475,0.11707797,0.11707797,1.0,9.9222e-09,8.474865e-08,-25.96558,2.0493953,0.6831318,0.2,0.0,0.14421041,17.96022,17.98022,2883200
hardzero_plus_depr__c0p50__z1p00__lam0p020__nu0p50__psi0p75,hardzero_plus_depr,0.06,32,901,0.0,2,0.19941907,0.19941907,1.0087718,0.0,0.09800047,0.0,0.0,8.3486874e-08,-27.44603,2.2193422,0.7397808,0.136,0.0,0.1414989,17.98022,18.000221,2886400
hardzero_plus_depr__c0p50__z1p00__lam0p020__nu0p50__psi0p75,hardzero_plus_depr,0.06,32,902,0.0,2,0.19941907,0.19941907,1.0348579,0.0,0.09228735,0.0,0.0,8.22439e-08,-27.754944,2.2767327,0.7589109,0.14400001,0.0,0.15764937,18.000221,18.020222,2889600
hardzero_plus_depr__c0p50__z1p00__lam0p020__nu0p50__psi0p75,hardzero_plus_depr,0.06,32,903,0.0,2,0.19941907,0.19941907,1.0189136,0.0,0.09573845,0.0,0.0,8.1019415e-08,-28.306187,2.2416546,0.74721825,0.18400002,0.0,0.18428785,18.020222,18.040222,2892800
hardzero_plus_depr__c0p50__z1p00__lam0p020__nu0p50__psi0p75,hardzero_plus_depr,0.06,32,904,0.0,2,0.19941907,0.19941908,0.99024516,0.10227155,0.10227155,1.0,8.1626155e-09,7.9813155e-08,-26.550716,2.178583,0.7261943,0.14400001,0.0,0.15258043,18.040222,18.060223,2896000
hardzero_plus_depr__c0p50__z1p00__lam0p020__nu0p50__psi0p75,hardzero_plus_depr,0.06,32,905,0.0,2,0.19941908,0.1994191,0.97809625,0.10517288,0.10517288,1.0,8.269205e-09,7.862488e-08,-25.88632,2.1518548,0.7172849,0.208,0.008,0.13830972,18.060223,18.080223,2899200
hardzero_plus_depr__c0p50__z1p00__lam0p020__nu0p50__psi0p75,hardzero_plus_depr,0.06,32,906,0.0,2,0.1994191,0.19941911,0.9795877,0.10481232,0.10481232,1.0,8.118162e-09,7.7454274e-08,-27.092371,2.1551359,0.71837866,0.224,0.0,0.14771627,18.080223,18.100224,2902400
hardzero_plus_depr__c0p50__z1p00__lam0p020__nu0p50__psi0p75,hardzero_plus_depr,0.06,32,907,0.0,2,0.19941911,0.19941913,0.97036177,0.1070627,0.1070627,1.0,8.169002e-09,7.6301106e-08,-27.195986,2.1348386,0.7116129,0.2,0.0,0.13372298,18.100224,18.120224,2905600
hardzero_plus_depr__c0p50__z1p00__lam0p020__nu0p50__psi0p75,hardzero_plus_depr,0.06,32,908,0.0,2,0.19941913,0.19941913,1.0212966,0.0,0.09521457,0.0,0.0,7.5165104e-08,-27.435925,2.2468975,0.74896586,0.128,0.0,0.18149291,18.120224,18.140224,2908800
hardzero_plus_depr__c0p50__z1p00__lam0p020__nu0p50__psi0p75,hardzero_plus_depr,0.06,32,909,0.0,2,0.19941913,0.19941913,1.0089183,0.0,0.09796744,0.0,0.0,7.4046014e-08,-27.251917,2.2196646,0.7398882,0.16800001,0.0,0.19407278,18.140224,18.160225,2912000
hardzero_plus_depr__c0p50__z1p00__lam0p020__nu0p50__psi0p75,hardzero_plus_depr,0.06,32,910,0.0,2,0.19941913,0.19941913,1.0244882,0.0,0.094517395,0.0,0.0,7.294359e-08,-26.863451,2.2539191,0.7513064,0.11,0.0,0.13946058,18.160225,18.180225,2915200
hardzero_plus_depr__c0p50__z1p00__lam0p020__nu0p50__psi0p75,hardzero_plus_depr,0.06,32,911,0.0,2,0.19941913,0.19941913,1.0359677,0.0,0.0920518,0.0,0.0,7.185758e-08,-27.604937,2.2791746,0.75972486,0.2,0.0,0.14990431,18.180225,18.200226,2918400
hardzero_plus_depr__c0p50__z1p00__lam0p020__nu0p50__psi0p75,hardzero_plus_depr,0.06,32,912,0.0,2,0.19941913,0.19941914,0.9669307,0.10791189,0.10791189,1.0,7.638838e-09,7.0787735e-08,-26.272427,2.12729,0.70909667,0.17600001,0.0,0.11626979,18.200226,18.220226,2921600
hardzero_plus_depr__c0p50__z1p00__lam0p020__nu0p50__psi0p75,hardzero_plus_depr,0.06,32,913,0.0,2,0.19941914,0.19941914,0.9731586,0.10637544,0.10637544,1.0,7.4179654e-09,6.9733815e-08,-25.910975,2.1409917,0.71366394,0.18400002,0.0,0.13788345,18.220226,18.240227,2924800
hardzero_plus_depr__c0p50__z1p00__lam0p020__nu0p50__psi0p75,hardzero_plus_depr,0.06,32,914,0.0,2,0.19941914,0.19941914,1.0191922,0.0,0.09567706,0.0,0.0,6.869559e-08,-27.46684,2.2422676,0.7474226,0.136,0.0,0.15730141,18.240227,18.260227,2928000
hardzero_plus_depr__c0p50__z1p00__lam0p020__nu0p50__psi0p75,hardzero_plus_depr,0.06,32,915,0.0,2,0.19941914,0.19941914,0.98235077,0.10414759,0.10414759,1.0,7.0479613e-09,6.767282e-08,-26.581097,2.1612148,0.720405,0.17600001,0.0,0.15557173,18.260227,18.280228,2931200
hardzero_plus_depr__c0p50__z1p00__lam0p020__nu0p50__psi0p75,hardzero_plus_depr,0.06,32,916,0.0,2,0.19941914,0.19941914,1.0207416,0.0,0.095336325,0.0,0.0,6.666529e-08,-28.198427,2.2456763,0.74855876,0.17600001,0.0,0.14970885,18.280228,18.300228,2934400
hardzero_plus_depr__c0p50__z1p00__lam0p020__nu0p50__psi0p75,hardzero_plus_depr,0.06,32,917,0.0,2,0.19941914,0.19941914,1.0013769,0.0,0.09968348,0.0,0.0,6.567275e-08,-27.533335,2.203073,0.7343577,0.18400002,0.0,0.16722791,18.300228,18.320229,2937600
hardzero_plus_depr__c0p50__z1p00__lam0p020__nu0p50__psi0p75,hardzero_plus_depr,0.06,32,918,0.0,2,0.19941914,0.19941914,0.9529357,0.11144595,0.11144595,1.0,7.2099935e-09,6.469498e-08,-26.002682,2.0965004,0.69883347,0.2,0.0,0.14350353,18.320229,18.340229,2940800
hardzero_plus_depr__c0p50__z1p00__lam0p020__nu0p50__psi0p75,hardzero_plus_depr,0.06,32,919,0.0,2,0.19941914,0.19941914,0.9763996,0.10558456,0.10558456,1.0,6.7290924e-09,6.373178e-08,-26.33976,2.148122,0.71604073,0.17600001,0.0,0.12390255,18.340229,18.36023,2944000
hardzero_plus_depr__c0p50__z1p00__lam0p020__nu0p50__psi0p75,hardzero_plus_depr,0.06,32,920,0.0,2,0.19941914,0.19941914,1.0174173,0.0,0.09606887,0.0,0.0,6.278292e-08,-26.928707,2.2383628,0.7461209,0.16800001,0.0,0.15764435,18.36023,18.38023,2947200
hardzero_plus_depr__c0p50__z1p00__lam0p020__nu0p50__psi0p75,hardzero_plus_depr,0.06,32,921,0.0,2,0.19941914,0.19941914,1.0324619,0.0,0.092797905,0.0,0.0,6.1848176e-08,-27.334751,2.2714615,0.75715387,0.128,0.0,0.14476366,18.38023,18.40023,2950400
hardzero_plus_depr__c0p50__z1p00__lam0p020__nu0p50__psi0p75,hardzero_plus_depr,0.06,32,922,0.0,2,0.19941914,0.19941914,1.0095738,0.0,0.09781968,0.0,0.0,6.092736e-08,-27.455412,2.2211068,0.74036896,0.15200001,0.0,0.16113788,18.40023,18.42023,2953600
hardzero_plus_depr__c0p50__z1p00__lam0p020__nu0p50__psi0p75,hardzero_plus_depr,0.06,32,923,0.0,2,0.19941914,0.19941914,0.9709415,0.1069199,0.1069199,1.0,6.417358e-09,6.002024e-08,-26.635658,2.136114,0.712038,0.22999999,0.0,0.14108603,18.42023,18.440231,2956800
hardzero_plus_depr__c0p50__z1p00__lam0p020__nu0p50__psi0p75,hardzero_plus_depr,0.06,32,924,0.0,2,0.19941914,0.19941914,1.0071783,0.0,0.09836072,0.0,0.0,5.9126638e-08,-27.89892,2.2158365,0.7386122,0.16800001,0.0,0.16315253,18.440231,18.460232,2960000
hardzero_plus_depr__c0p50__z1p00__lam0p020__nu0p50__psi0p75,hardzero_plus_depr,0.06,32,925,0.0,2,0.19941914,0.19941914,1.0151166,0.0,0.09657916,0.0,0.0,5.824634e-08,-27.38751,2.233301,0.74443364,0.14400001,0.0,0.15694878,18.460232,18.480232,2963200
hardzero_plus_depr__c0p50__z1p00__lam0p020__nu0p50__psi0p75,hardzero_plus_depr,0.06,32,926,0.0,2,0.19941914,0.19941914,0.98636705,0.1031889,0.1031889,1.0,5.9208913e-09,5.7379147e-08,-27.407923,2.1700509,0.7233503,0.15200001,0.0,0.16423328,18.480232,18.500233,2966400
hardzero_plus_depr__c0p50__z1p00__lam0p020__nu0p50__psi0p75,hardzero_plus_depr,0.06,32,927,0.0,2,0.19941914,0.19941914,1.0190055,0.0,0.09571817,0.0,0.0,5.652486e-08,-27.3739,2.241857,0.7472857,0.104,0.008,0.15545686,18.500233,18.520233,2969600
hardzero_plus_depr__c0p50__z1p00__lam0p020__nu0p50__psi0p75,hardzero_plus_depr,0.06,32,928,0.0,2,0.19941914,0.19941914,0.94996583,0.11221067,0.11221067,1.0,6.24826e-09,5.5683298e-08,-25.945114,2.0899665,0.6966555,0.17600001,0.0,0.1478722,18.520233,18.540234,2972800
hardzero_plus_depr__c0p50__z1p00__lam0p020__nu0p50__psi0p75,hardzero_plus_depr,0.06,32,929,0.0,2,0.19941914,0.19941914,0.99429184,0.10132302,0.10132302,1.0,5.558e-09,5.4854265e-08,-27.069275,2.1874857,0.7291619,0.16800001,0.0,0.16487248,18.540234,18.560234,2976000
hardzero_plus_depr__c0p50__z1p00__lam0p020__nu0p50__psi0p75,hardzero_plus_depr,0.06,32,930,0.0,2,0.19941914,0.19941914,1.0226738,0.0,0.0949131,0.0,0.0,5.4037567e-08,-27.814116,2.2499273,0.7499758,0.104,0.0,0.16627418,18.560234,18.580235,2979200
hardzero_plus_depr__c0p50__z1p00__lam0p020__nu0p50__psi0p75,hardzero_plus_depr,0.06,32,931,0.0,2,0.19941914,0.19941914,0.992112,0.10183287,0.10183287,1.0,5.4208726e-09,5.3233038e-08,-26.23545,2.18269,0.7275633,0.128,0.0,0.13811083,18.580235,18.600235,2982400
hardzero_plus_depr__c0p50__z1p00__lam0p020__nu0p50__psi0p75,hardzero_plus_depr,0.06,32,932,0.0,2,0.19941914,0.19941914,1.0434736,0.0,0.09047453,0.0,0.0,5.2440484e-08,-27.820862,2.2956877,0.7652292,0.104,0.0,0.14557052,18.600235,18.620235,2985600
hardzero_plus_depr__c0p50__z1p00__lam0p020__nu0p50__psi0p75,hardzero_plus_depr,0.06,32,933,0.0,2,0.19941914,0.19941914,1.0460528,0.0,0.08993882,0.0,0.0,5.1659725e-08,-28.742708,2.301362,0.7671207,0.17600001,0.0,0.19921339,18.620235,18.640236,2988800
hardzero_plus_depr__c0p50__z1p00__lam0p020__nu0p50__psi0p75,hardzero_plus_depr,0.06,32,934,0.0,2,0.19941914,0.19941914,1.0270665,0.0,0.093957946,0.0,0.0,5.0890595e-08,-27.446543,2.2595913,0.75319713,0.17600001,0.0,0.14112118,18.640236,18.660236,2992000
hardzero_plus_depr__c0p50__z1p00__lam0p020__nu0p50__psi0p75,hardzero_plus_depr,0.06,32,935,0.0,2,0.19941914,0.19941914,0.9792894,0.104884334,0.104884334,1.0,5.258158e-09,5.013292e-08,-27.065248,2.1544797,0.7181599,0.136,0.0,0.15919901,18.660236,18.680237,2995200
hardzero_plus_depr__c0p50__z1p00__lam0p020__nu0p50__psi0p75,hardzero_plus_depr,0.06,32,936,0.0,2,0.19941914,0.19941914,0.9758866,0.105709344,0.105709344,1.0,5.2206164e-09,4.9386518e-08,-26.668144,2.1469934,0.7156645,0.19,0.01,0.15196404,18.680237,18.700237,2998400
hardzero_plus_depr__c0p50__z1p00__lam0p020__nu0p50__psi0p75,hardzero_plus_depr,0.06,32,937,0.0,2,0.19941914,0.19941914,1.0362906,0.0,0.09198337,0.0,0.0,4.8651234e-08,-26.841475,2.279885,0.7599617,0.17600001,0.0,0.14601901,18.700237,18.720238,3001600
hardzero_plus_depr__c0p50__z1p00__lam0p020__nu0p50__psi0p75,hardzero_plus_depr,0.06,32,938,0.0,2,0.19941914,0.19941914,1.0158749,0.0,0.096410684,0.0,0.0,4.7926893e-08,-27.884855,2.2349694,0.7449898,0.16800001,0.0,0.14124362,18.720238,18.740238,3004800
hardzero_plus_depr__c0p50__z1p00__lam0p020__nu0p50__psi0p75,hardzero_plus_depr,0.06,32,939,0.0,2,0.19941914,0.19941914,0.9987369,0.100291274,0.100291274,1.0,4.7350857e-09,4.7213337e-08,-26.398546,2.1972651,0.73242176,0.128,0.0,0.15066731,18.740238,18.760239,3008000
hardzero_plus_depr__c0p50__z1p00__lam0p020__nu0p50__psi0p75,hardzero_plus_depr,0.06,32,940,0.0,2,0.19941914,0.19941914,1.000126,0.0,0.09997098,0.0,0.0,4.6510408e-08,-27.352642,2.2003212,0.7334404,0.16800001,0.0,0.15411319,18.760239,18.78024,3011200
hardzero_plus_depr__c0p50__z1p00__lam0p020__nu0p50__psi0p75,hardzero_plus_depr,0.06,32,941,0.0,2,0.19941914,0.19941914,0.9876059,0.102894954,0.102894954,1.0,4.714435e-09,4.581794e-08,-27.336147,2.1727765,0.72425884,0.16800001,0.0,0.1471693,18.78024,18.80024,3014400
hardzero_plus_depr__c0p50__z1p00__lam0p020__nu0p50__psi0p75,hardzero_plus_depr,0.06,32,942,0.0,2,0.19941914,0.19941914,1.0536686,0.0,0.08837539,0.0,0.0,4.513579e-08,-28.166067,2.3181171,0.77270573,0.14400001,0.0,0.20232204,18.80024,18.82024,3017600
hardzero_plus_depr__c0p50__z1p00__lam0p020__nu0p50__psi0p75,hardzero_plus_depr,0.06,32,943,0.0,2,0.19941914,0.19941914,1.0575687,0.0,0.08758533,0.0,0.0,4.4463786e-08,-27.78492,2.3266976,0.77556586,0.15200001,0.0,0.16124472,18.82024,18.84024,3020800
hardzero_plus_depr__c0p50__z1p00__lam0p020__nu0p50__psi0p75,hardzero_plus_depr,0.06,32,944,0.0,2,0.19941914,0.19941914,1.0133837,0.0,0.096965276,0.0,0.0,4.380179e-08,-27.462442,2.2294888,0.743163,0.16000001,0.0,0.16287321,18.84024,18.86024,3024000
hardzero_plus_depr__c0p50__z1p00__lam0p020__nu0p50__psi0p75,hardzero_plus_depr,0.06,32,945,0.0,2,0.19941914,0.19941914,1.0235595,0.0,0.094719745,0.0,0.0,4.3149655e-08,-27.018564,2.2518756,0.75062525,0.120000005,0.0,0.15284546,18.86024,18.880241,3027200
hardzero_plus_depr__c0p50__z1p00__lam0p020__nu0p50__psi0p75,hardzero_plus_depr,0.06,32,946,0.0,2,0.19941914,0.19941914,0.99382854,0.10143117,0.10143117,1.0,4.3115578e-09,4.2507228e-08,-26.110462,2.1864665,0.7288222,0.18400002,0.0,0.17939489,18.880241,18.900242,3030400
hardzero_plus_depr__c0p50__z1p00__lam0p020__nu0p50__psi0p75,hardzero_plus_depr,0.06,32,947,0.0,2,0.19941914,0.19941914,0.9621841,0.109097764,0.109097764,1.0,4.5683994e-09,4.187436e-08,-26.010624,2.1168473,0.70561576,0.24800001,0.0,0.15257175,18.900242,18.920242,3033600
hardzero_plus_depr__c0p50__z1p00__lam0p020__nu0p50__psi0p75,hardzero_plus_depr,0.06,32,948,0.0,2,0.19941914,0.19941914,0.9724036,0.106560536,0.106560536,1.0,4.39572e-09,4.1250917e-08,-26.594599,2.1393306,0.7131102,0.264,0.0,0.16835332,18.920242,18.940243,3036800
hardzero_plus_depr__c0p50__z1p00__lam0p020__nu0p50__psi0p75,hardzero_plus_depr,0.06,32,949,0.0,2,0.19941914,0.19941914,1.0201412,0.0,0.09546819,0.0,0.0,4.0636756e-08,-26.889414,2.2443557,0.7481186,0.08,0.0,0.15122889,18.940243,18.960243,3040000
hardzero_plus_depr__c0p50__z1p00__lam0p020__nu0p50__psi0p75,hardzero_plus_depr,0.06,32,950,0.0,2,0.19941914,0.19941914,0.9975372,0.10056869,0.10056869,1.0,4.02594e-09,4.0031743e-08,-26.717487,2.1946256,0.7315419,0.128,0.0,0.13791339,18.960243,18.980244,3043200
hardzero_plus_depr__c0p50__z1p00__lam0p020__nu0p50__psi0p75,hardzero_plus_depr,0.06,32,951,0.0,2,0.19941914,0.19941914,0.9717263,0.10672684,0.10672684,1.0,4.2088515e-09,3.9435736e-08,-26.845171,2.1378405,0.7126135,0.18400002,0.0,0.14861156,18.980244,19.000244,3046400
hardzero_plus_depr__c0p50__z1p00__lam0p020__nu0p50__psi0p75,hardzero_plus_depr,0.06,32,952,0.0,2,0.19941914,0.19941914,1.0284756,0.0,0.09365358,0.0,0.0,3.88486e-08,-27.146807,2.2626915,0.7542305,0.128,0.0,0.20818296,19.000244,19.020245,3049600
hardzero_plus_depr__c0p50__z1p00__lam0p020__nu0p50__psi0p75,hardzero_plus_depr,0.06,32,953,0.0,2,0.19941914,0.19941914,0.9923755,0.101771116,0.101771116,1.0,3.8948014e-09,3.8270205e-08,-25.898699,2.1832697,0.7277566,0.14400001,0.0,0.128921,19.020245,19.040245,3052800
hardzero_plus_depr__c0p50__z1p00__lam0p020__nu0p50__psi0p75,hardzero_plus_depr,0.06,32,954,0.0,2,0.19941914,0.19941914,0.9995131,0.10011217,0.10011217,1.0,3.774271e-09,3.7700424e-08,-27.371302,2.1989727,0.7329909,0.224,0.0,0.16659772,19.040245,19.060246,3056000
hardzero_plus_depr__c0p50__z1p00__lam0p020__nu0p50__psi0p75,hardzero_plus_depr,0.06,32,955,0.0,2,0.19941914,0.19941914,0.9591259,0.109868735,0.109868735,1.0,4.0804284e-09,3.7139124e-08,-27.531067,2.110119,0.7033731,0.23200001,0.0,0.14538392,19.060246,19.080246,3059200
hardzero_plus_depr__c0p50__z1p00__lam0p020__nu0p50__psi0p75,hardzero_plus_depr,0.06,32,956,0.0,2,0.19941914,0.19941914,1.0199647,0.0,0.09550702,0.0,0.0,3.6586183e-08,-26.8024,2.243967,0.74798906,0.120000005,0.0,0.1531078,19.080246,19.100246,3062400
hardzero_plus_depr__c0p50__z1p00__lam0p020__nu0p50__psi0p75,hardzero_plus_depr,0.06,32,957,0.0,2,0.19941914,0.19941914,0.94705325,0.11296573,0.11296573,1.0,4.0714516e-09,3.6041474e-08,-26.210388,2.0835588,0.69451964,0.192,0.0,0.11934939,19.100246,19.120247,3065600
hardzero_plus_depr__c0p50__z1p00__lam0p020__nu0p50__psi0p75,hardzero_plus_depr,0.06,32,958,0.0,2,0.19941914,0.19941914,1.0173692,0.0,0.09607952,0.0,0.0,3.5504872e-08,-27.788986,2.238257,0.74608564,0.128,0.0,0.15903457,19.120247,19.140247,3068800
hardzero_plus_depr__c0p50__z1p00__lam0p020__nu0p50__psi0p75,hardzero_plus_depr,0.06,32,959,0.0,2,0.19941914,0.19941914,0.98815125,0.10276583,0.10276583,1.0,3.5943648e-09,3.4976264e-08,-26.619968,2.1739762,0.7246587,0.14400001,0.0,0.15343374,19.140247,19.160248,3072000
hardzero_plus_depr__c0p50__z1p00__lam0p020__nu0p50__psi0p75,hardzero_plus_depr,0.06,32,960,0.0,2,0.19941914,0.19941914,1.0604326,0.0,0.08700965,0.0,0.0,3.445552e-08,-28.425173,2.3329983,0.7776661,0.15200001,0.0,0.1804479,19.160248,19.180248,3075200
hardzero_plus_depr__c0p50__z1p00__lam0p020__nu0p50__psi0p75,hardzero_plus_depr,0.06,32,961,0.0,2,0.19941914,0.19941914,1.0619507,0.0,0.08670602,0.0,0.0,3.3942538e-08,-28.686462,2.336338,0.7787794,0.112,0.0,0.16469578,19.180248,19.200249,3078400
hardzero_plus_depr__c0p50__z1p00__lam0p020__nu0p50__psi0p75,hardzero_plus_depr,0.06,32,962,0.0,2,0.19941914,0.19941914,1.0320698,0.0,0.0928817,0.0,0.0,3.343718e-08,-26.750244,2.270599,0.75686634,0.16,0.0,0.13270402,19.200249,19.22025,3081600
hardzero_plus_depr__c0p50__z1p00__lam0p020__nu0p50__psi0p75,hardzero_plus_depr,0.06,32,963,0.0,2,0.19941914,0.19941914,1.0061722,0.0,0.098588854,0.0,0.0,3.2939358e-08,-27.238653,2.213623,0.7378744,0.2,0.0,0.1767156,19.22025,19.24025,3084800
hardzero_plus_depr__c0p50__z1p00__lam0p020__nu0p50__psi0p75,hardzero_plus_depr,0.06,32,964,0.0,2,0.19941914,0.19941914,0.98159736,0.10432842,0.10432842,1.0,3.3853471e-09,3.2448945e-08,-27.674835,2.1595573,0.71985245,0.14400001,0.0,0.13013196,19.24025,19.26025,3088000
hardzero_plus_depr__c0p50__z1p00__lam0p020__nu0p50__psi0p75,hardzero_plus_depr,0.06,32,965,0.0,2,0.19941914,0.19941914,0.98130226,0.10439934,0.10439934,1.0,3.3372118e-09,3.1965833e-08,-26.551245,2.1589081,0.7196361,0.14400001,0.0,0.12868233,19.26025,19.28025,3091200
hardzero_plus_depr__c0p50__z1p00__lam0p020__nu0p50__psi0p75,hardzero_plus_depr,0.06,32,966,0.0,2,0.19941914,0.19941914,0.9819379,0.10424664,0.10424664,1.0,3.2827174e-09,3.148991e-08,-26.198559,2.1603065,0.7201022,0.208,0.0,0.15886979,19.28025,19.300251,3094400
hardzero_plus_depr__c0p50__z1p00__lam0p020__nu0p50__psi0p75,hardzero_plus_depr,0.06,32,967,0.0,2,0.19941914,0.19941914,0.9587877,0.10995433,0.10995433,1.0,3.4109018e-09,3.1021077e-08,-26.158415,2.109375,0.703125,0.216,0.0,0.14200152,19.300251,19.320251,3097600
hardzero_plus_depr__c0p50__z1p00__lam0p020__nu0p50__psi0p75,hardzero_plus_depr,0.06,32,968,0.0,2,0.19941914,0.19941914,0.9672571,0.10783082,0.10783082,1.0,3.2952256e-09,3.0559217e-08,-25.829594,2.1280081,0.70933604,0.15200001,0.0,0.12774463,19.320251,19.340252,3100800
hardzero_plus_depr__c0p50__z1p00__lam0p020__nu0p50__psi0p75,hardzero_plus_depr,0.06,32,969,0.0,2,0.19941914,0.19941914,0.97757894,0.10529822,0.10529822,1.0,3.1699232e-09,3.0104243e-08,-26.647781,2.1507165,0.71690553,0.17600001,0.0,0.16032489,19.340252,19.360252,3104000
hardzero_plus_depr__c0p50__z1p00__lam0p020__nu0p50__psi0p75,hardzero_plus_depr,0.06,32,970,0.0,2,0.19941914,0.19941914,0.9946396,0.10124194,0.10124194,1.0,3.002435e-09,2.965604e-08,-26.565119,2.1882508,0.72941697,0.192,0.0,0.17185217,19.360252,19.380253,3107200
hardzero_plus_depr__c0p50__z1p00__lam0p020__nu0p50__psi0p75,hardzero_plus_depr,0.06,32,971,0.0,2,0.19941914,0.19941914,0.95988417,0.10967706,0.10967706,1.0,3.2041616e-09,2.921451e-08,-26.220253,2.1117873,0.7039291,0.15200001,0.0,0.14026442,19.380253,19.400253,3110400
hardzero_plus_depr__c0p50__z1p00__lam0p020__nu0p50__psi0p75,hardzero_plus_depr,0.06,32,972,0.0,2,0.19941914,0.19941914,0.9875962,0.10289726,0.10289726,1.0,2.961337e-09,2.8779551e-08,-27.04567,2.172755,0.7242517,0.18400002,0.0,0.15225616,19.400253,19.420254,3113600
hardzero_plus_depr__c0p50__z1p00__lam0p020__nu0p50__psi0p75,hardzero_plus_depr,0.06,32,973,0.0,2,0.19941914,0.19941914,1.0190133,0.0,0.095716484,0.0,0.0,2.8351069e-08,-26.914938,2.241874,0.7472913,0.15200001,0.0,0.14319074,19.420254,19.440254,3116800
hardzero_plus_depr__c0p50__z1p00__lam0p020__nu0p50__psi0p75,hardzero_plus_depr,0.06,32,974,0.0,2,0.19941914,0.19941914,1.0446906,0.0,0.09022137,0.0,0.0,2.7928968e-08,-27.351633,2.2983654,0.7661218,0.128,0.0,0.18356338,19.440254,19.460255,3120000
hardzero_plus_depr__c0p50__z1p00__lam0p020__nu0p50__psi0p75,hardzero_plus_depr,0.06,32,975,0.0,2,0.19941914,0.19941914,1.0760484,0.0,0.08393663,0.0,0.0,2.751315e-08,-29.073675,2.3673537,0.78911793,0.13,0.0,0.19259542,19.460255,19.480255,3123200
hardzero_plus_depr__c0p50__z1p00__lam0p020__nu0p50__psi0p75,hardzero_plus_depr,0.06,32,976,0.0,2,0.19941914,0.19941914,0.9948919,0.10118314,0.10118314,1.0,2.7424196e-09,2.7103525e-08,-26.998943,2.1888058,0.729602,0.112,0.0,0.13536608,19.480255,19.500256,3126400
hardzero_plus_depr__c0p50__z1p00__lam0p020__nu0p50__psi0p75,hardzero_plus_depr,0.06,32,977,0.0,2,0.19941914,0.19941914,1.0088052,0.0,0.09799295,0.0,0.0,2.6699997e-08,-27.131142,2.2194157,0.7398052,0.14400001,0.0,0.15250291,19.500256,19.520256,3129600
hardzero_plus_depr__c0p50__z1p00__lam0p020__nu0p50__psi0p75,hardzero_plus_depr,0.06,32,978,0.0,2,0.19941914,0.19941914,0.96719533,0.10784615,0.10784615,1.0,2.8366205e-09,2.6302473e-08,-26.04931,2.1278722,0.70929074,0.14400001,0.0,0.13767804,19.520256,19.540257,3132800
hardzero_plus_depr__c0p50__z1p00__lam0p020__nu0p50__psi0p75,hardzero_plus_depr,0.06,32,979,0.0,2,0.19941914,0.19941914,1.0149263,0.0,0.09662148,0.0,0.0,2.5910873e-08,-26.788454,2.2328825,0.74429417,0.14400001,0.0,0.14613399,19.540257,19.560257,3136000
hardzero_plus_depr__c0p50__z1p00__lam0p020__nu0p50__psi0p75,hardzero_plus_depr,0.06,32,980,0.0,2,0.19941914,0.19941914,1.0719427,0.0,0.08473392,0.0,0.0,2.5525104e-08,-27.925583,2.358321,0.786107,0.15200001,0.0,0.1693026,19.560257,19.580257,3139200
hardzero_plus_depr__c0p50__z1p00__lam0p020__nu0p50__psi0p75,hardzero_plus_depr,0.06,32,981,0.0,2,0.19941914,0.19941914,1.038505,0.0,0.09151558,0.0,0.0,2.5145075e-08,-28.284615,2.2847564,0.7615855,0.16000001,0.0,0.18594906,19.580257,19.600258,3142400
hardzero_plus_depr__c0p50__z1p00__lam0p020__nu0p50__psi0p75,hardzero_plus_depr,0.06,32,982,0.0,2,0.19941914,0.19941914,1.0148102,0.0,0.096647315,0.0,0.0,2.4770706e-08,-27.157726,2.2326272,0.74420905,0.15200001,0.0,0.15211932,19.600258,19.620258,3145600
hardzero_plus_depr__c0p50__z1p00__lam0p020__nu0p50__psi0p75,hardzero_plus_depr,0.06,32,983,0.0,2,0.19941914,0.19941914,1.0012388,0.0,0.09971516,0.0,0.0,2.4401906e-08,-26.532444,2.2027695,0.7342565,0.15200001,0.0,0.15341006,19.620258,19.640259,3148800
hardzero_plus_depr__c0p50__z1p00__lam0p020__nu0p50__psi0p75,hardzero_plus_depr,0.06,32,984,0.0,2,0.19941914,0.19941914,1.039189,0.0,0.09137155,0.0,0.0,2.4038602e-08,-28.60786,2.2862613,0.7620871,0.16000001,0.0,0.18906939,19.640259,19.66026,3152000
hardzero_plus_depr__c0p50__z1p00__lam0p020__nu0p50__psi0p75,hardzero_plus_depr,0.06,32,985,0.0,2,0.19941914,0.19941914,0.9965072,0.10080747,0.10080747,1.0,2.3871922e-09,2.3680707e-08,-26.920837,2.1923597,0.73078656,0.16800001,0.0,0.13937312,19.66026,19.68026,3155200
hardzero_plus_depr__c0p50__z1p00__lam0p020__nu0p50__psi0p75,hardzero_plus_depr,0.06,32,986,0.0,2,0.19941914,0.19941914,0.98750854,0.102918014,0.102918014,1.0,2.4008857e-09,2.332814e-08,-26.229557,2.1725621,0.7241874,0.17600001,0.0,0.13697296,19.68026,19.70026,3158400
hardzero_plus_depr__c0p50__z1p00__lam0p020__nu0p50__psi0p75,hardzero_plus_depr,0.06,32,987,0.0,2,0.19941914,0.19941914,1.0143164,0.0,0.09675726,0.0,0.0,2.2980823e-08,-26.458334,2.2315407,0.7438469,0.104,0.0,0.14423068,19.70026,19.72026,3161600
hardzero_plus_depr__c0p50__z1p00__lam0p020__nu0p50__psi0p75,hardzero_plus_depr,0.06,32,988,0.0,2,0.19941914,0.19941914,0.99082506,0.10213507,0.10213507,1.0,2.3122022e-09,2.2638671e-08,-26.343096,2.1798587,0.7266196,0.13,0.0,0.16463752,19.72026,19.740261,3164800
hardzero_plus_depr__c0p50__z1p00__lam0p020__nu0p50__psi0p75,hardzero_plus_depr,0.06,32,989,0.0,2,0.19941914,0.19941914,1.0876805,0.0,0.08171835,0.0,0.0,2.2301618e-08,-29.402502,2.3929448,0.7976483,0.128,0.0,0.20760816,19.740261,19.760262,3168000
hardzero_plus_depr__c0p50__z1p00__lam0p020__nu0p50__psi0p75,hardzero_plus_depr,0.06,32,990,0.0,2,0.19941914,0.19941914,0.96995366,0.10716336,0.10716336,1.0,2.3543347e-09,2.1969585e-08,-26.939157,2.1339407,0.7113136,0.15200001,0.0,0.14895989,19.760262,19.780262,3171200
hardzero_plus_depr__c0p50__z1p00__lam0p020__nu0p50__psi0p75,hardzero_plus_depr,0.06,32,991,0.0,2,0.19941914,0.19941914,1.0090507,0.0,0.09793755,0.0,0.0,2.1642492e-08,-27.726673,2.219956,0.73998535,0.18400002,0.0,0.15646681,19.780262,19.800262,3174400
hardzero_plus_depr__c0p50__z1p00__lam0p020__nu0p50__psi0p75,hardzero_plus_depr,0.06,32,992,0.0,2,0.19941914,0.19941914,1.0031872,0.0,0.0992688,0.0,0.0,2.132027e-08,-26.746216,2.2070558,0.7356853,0.128,0.008,0.14158982,19.800262,19.820263,3177600
hardzero_plus_depr__c0p50__z1p00__lam0p020__nu0p50__psi0p75,hardzero_plus_depr,0.06,32,993,0.0,2,0.19941914,0.19941914,0.9584438,0.11004142,0.11004142,1.0,2.3111828e-09,2.1002846e-08,-26.237602,2.1086185,0.7028729,0.14400001,0.0,0.14429882,19.820263,19.840263,3180800
hardzero_plus_depr__c0p50__z1p00__lam0p020__nu0p50__psi0p75,hardzero_plus_depr,0.06,32,994,0.0,2,0.19941914,0.19941914,1.031888,0.0,0.0929206,0.0,0.0,2.0690146e-08,-27.73224,2.270199,0.75673306,0.192,0.0,0.14954409,19.840263,19.860264,3184000
hardzero_plus_depr__c0p50__z1p00__lam0p020__nu0p50__psi0p75,hardzero_plus_depr,0.06,32,995,0.0,2,0.19941914,0.19941914,0.9764418,0.105574295,0.105574295,1.0,2.1518263e-09,2.0382103e-08,-25.39235,2.1482148,0.7160716,0.24800001,0.0,0.14152232,19.860264,19.880264,3187200
hardzero_plus_depr__c0p50__z1p00__lam0p020__nu0p50__psi0p75,hardzero_plus_depr,0.06,32,996,0.0,2,0.19941914,0.19941914,0.9714623,0.10679175,0.10679175,1.0,2.1442337e-09,2.0078646e-08,-26.79796,2.1372597,0.7124199,0.2,0.0,0.15596646,19.880264,19.900265,3190400
hardzero_plus_depr__c0p50__z1p00__lam0p020__nu0p50__psi0p75,hardzero_plus_depr,0.06,32,997,0.0,2,0.19941914,0.19941914,1.0418001,0.0,0.09082384,0.0,0.0,1.9779707e-08,-28.245256,2.292006,0.764002,0.104,0.0,0.1518723,19.900265,19.920265,3193600
hardzero_plus_depr__c0p50__z1p00__lam0p020__nu0p50__psi0p75,hardzero_plus_depr,0.06,32,998,0.0,2,0.19941914,0.19941914,0.9393813,0.11497904,0.11497904,1.0,2.240392e-09,1.948522e-08,-25.28186,2.0666802,0.68889344,0.15200001,0.0,0.1252904,19.920265,19.940266,3196800
hardzero_plus_depr__c0p50__z1p00__lam0p020__nu0p50__psi0p75,hardzero_plus_depr,0.06,32,999,0.0,2,0.19941914,0.19941914,1.0001726,0.0,0.09996026,0.0,0.0,1.9195115e-08,-26.886053,2.2004237,0.7334746,0.16800001,0.0,0.17988004,19.940266,19.960266,3200000
hardzero_plus_depr__c0p50__z1p00__lam0p020__nu0p50__psi0p75,hardzero_plus_depr,0.06,32,1000,0.0,2,0.19941914,0.19941914,0.97871363,0.10502346,0.10502346,1.0,1.9859234e-09,1.8909333e-08,-25.807001,2.153213,0.7177377,0.2,0.0,0.14257841,19.960266,19.980267,3203200
hardzero_plus_depr__c0p50__z1p00__lam0p020__nu0p50__psi0p75,hardzero_plus_depr,0.06,32,1001,0.0,2,0.19941914,0.19941914,0.9846558,0.103596285,0.103596285,1.0,1.929771e-09,1.8627802e-08,-26.883535,2.166286,0.7220954,0.19999999,0.0,0.15152971,19.980267,20.000267,3206400
hardzero_plus_depr__c0p50__z1p00__lam0p020__nu0p50__psi0p75,hardzero_plus_depr,0.06,32,1002,0.0,2,0.19941914,0.19941914,1.0078044,0.0,0.098219015,0.0,0.0,1.8350464e-08,-26.466057,2.2172139,0.7390713,0.14400001,0.0,0.13574764,20.000267,20.020267,3209600
hardzero_plus_depr__c0p50__z1p00__lam0p020__nu0p50__psi0p75,hardzero_plus_depr,0.06,32,1003,0.0,2,0.19941914,0.19941914,1.045669,0.0,0.09001835,0.0,0.0,1.8077253e-08,-27.416765,2.3005176,0.7668392,0.15200001,0.0,0.14881963,20.020267,20.040268,3212800
hardzero_plus_depr__c0p50__z1p00__lam0p020__nu0p50__psi0p75,hardzero_plus_depr,0.06,32,1004,0.0,2,0.19941914,0.19941914,0.98115975,0.10443359,0.10443359,1.0,1.8597651e-09,1.7808112e-08,-26.619707,2.1585946,0.71953154,0.15200001,0.0,0.15331046,20.040268,20.060268,3216000
hardzero_plus_depr__c0p50__z1p00__lam0p020__nu0p50__psi0p75,hardzero_plus_depr,0.06,32,1005,0.0,2,0.19941914,0.19941914,1.0473934,0.0,0.089661606,0.0,0.0,1.7542979e-08,-27.902838,2.3043115,0.76810384,0.136,0.0,0.13130964,20.060268,20.080269,3219200
hardzero_plus_depr__c0p50__z1p00__lam0p020__nu0p50__psi0p75,hardzero_plus_depr,0.06,32,1006,0.0,2,0.19941914,0.19941914,0.99452484,0.10126869,0.10126869,1.0,1.7501044e-09,1.7281792e-08,-26.267702,2.1879983,0.7293328,0.15200001,0.0,0.13422637,20.080269,20.10027,3222400
hardzero_plus_depr__c0p50__z1p00__lam0p020__nu0p50__psi0p75,hardzero_plus_depr,0.06,32,1007,0.0,2,0.19941914,0.19941914,1.01078,0.0,0.09754837,0.0,0.0,1.7024494e-08,-27.990541,2.2237604,0.7412535,0.136,0.0,0.15259133,20.10027,20.12027,3225600
hardzero_plus_depr__c0p50__z1p00__lam0p020__nu0p50__psi0p75,hardzero_plus_depr,0.06,32,1008,0.0,2,0.19941914,0.19941914,0.9615886,0.10924746,0.10924746,1.0,1.832192e-09,1.6771025e-08,-25.470142,2.1155372,0.7051791,0.16800001,0.0,0.11848374,20.12027,20.14027,3228800
hardzero_plus_depr__c0p50__z1p00__lam0p020__nu0p50__psi0p75,hardzero_plus_depr,0.06,32,1009,0.0,2,0.19941914,0.19941914,0.96994793,0.10716477,0.10716477,1.0,1.7705047e-09,1.6521332e-08,-27.06255,2.133928,0.7113094,0.18400002,0.0,0.17786802,20.14027,20.16027,3232000
hardzero_plus_depr__c0p50__z1p00__lam0p020__nu0p50__psi0p75,hardzero_plus_depr,0.06,32,1010,0.0,2,0.19941914,0.19941914,0.94959486,0.112306565,0.112306565,1.0,1.8278293e-09,1.6275356e-08,-25.268055,2.0891504,0.6963835,0.28,0.0,0.12875834,20.16027,20.180271,3235200
hardzero_plus_depr__c0p50__z1p00__lam0p020__nu0p50__psi0p75,hardzero_plus_depr,0.06,32,1011,0.0,2,0.19941914,0.19941914,0.9963385,0.100846656,0.100846656,1.0,1.6168789e-09,1.6033043e-08,-26.756943,2.1919885,0.7306628,0.16000001,0.0,0.13099143,20.180271,20.200272,3238400
hardzero_plus_depr__c0p50__z1p00__lam0p020__nu0p50__psi0p75,hardzero_plus_depr,0.06,32,1012,0.0,2,0.19941914,0.19941914,0.9596427,0.10973805,0.10973805,1.0,1.7332396e-09,1.5794335e-08,-25.221992,2.1112561,0.70375204,0.192,0.0,0.12752669,20.200272,20.220272,3241600
hardzero_plus_depr__c0p50__z1p00__lam0p020__nu0p50__psi0p75,hardzero_plus_depr,0.06,32,1013,0.0,2,0.19941914,0.19941914,1.0269132,0.0,0.09399113,0.0,0.0,1.5559184e-08,-26.686975,2.259254,0.75308466,0.128,0.0,0.15761729,20.220272,20.240273,3244800
hardzero_plus_depr__c0p50__z1p00__lam0p020__nu0p50__psi0p75,hardzero_plus_depr,0.06,32,1014,0.0,2,0.19941914,0.19941914,0.95797664,0.11015986,0.11015986,1.0,1.6884787e-09,1.5327531e-08,-26.635899,2.1075907,0.70253026,0.19,0.0,0.15162793,20.240273,20.260273,3248000
hardzero_plus_depr__c0p50__z1p00__lam0p020__nu0p50__psi0p75,hardzero_plus_depr,0.06,32,1015,0.0,2,0.19941914,0.19941914,0.9964724,0.10081555,0.10081555,1.0,1.5222472e-09,1.509933e-08,-26.560959,2.1922832,0.73076105,0.18400002,0.0,0.15515625,20.260273,20.280273,3251200
hardzero_plus_depr__c0p50__z1p00__lam0p020__nu0p50__psi0p75,hardzero_plus_depr,0.06,32,1016,0.0,2,0.19941914,0.19941914,0.9928336,0.101663806,0.101663806,1.0,1.5122009e-09,1.4874526e-08,-26.963053,2.1842775,0.72809255,0.216,0.0,0.15316544,20.280273,20.300274,3254400
hardzero_plus_depr__c0p50__z1p00__lam0p020__nu0p50__psi0p75,hardzero_plus_depr,0.06,32,1017,0.0,2,0.19941914,0.19941914,1.0148208,0.0,0.09664494,0.0,0.0,1.4653066e-08,-26.855762,2.2326503,0.7442168,0.112,0.0,0.14471269,20.300274,20.320274,3257600
hardzero_plus_depr__c0p50__z1p00__lam0p020__nu0p50__psi0p75,hardzero_plus_depr,0.06,32,1018,0.0,2,0.19941914,0.19941914,0.994576,0.101256765,0.101256765,1.0,1.4616319e-09,1.4434907e-08,-27.03831,2.1881108,0.7293703,0.16000001,0.0,0.15694384,20.320274,20.340275,3260800
hardzero_plus_depr__c0p50__z1p00__lam0p020__nu0p50__psi0p75,hardzero_plus_depr,0.06,32,1019,0.0,2,0.19941914,0.19941914,0.98903924,0.102555916,0.102555916,1.0,1.4583444e-09,1.4219993e-08,-26.549232,2.1759298,0.72530997,0.16800001,0.0,0.15570123,20.340275,20.360275,3264000
hardzero_plus_depr__c0p50__z1p00__lam0p020__nu0p50__psi0p75,hardzero_plus_depr,0.06,32,1020,0.0,2,0.19941914,0.19941914,0.99725705,0.10063359,0.10063359,1.0,1.4097036e-09,1.4008281e-08,-26.804258,2.1940093,0.7313365,0.2,0.0,0.18000124,20.360275,20.380276,3267200
hardzero_plus_depr__c0p50__z1p00__lam0p020__nu0p50__psi0p75,hardzero_plus_depr,0.06,32,1021,0.0,2,0.19941914,0.19941914,0.99270636,0.1016936,0.1016936,1.0,1.4033432e-09,1.37997205e-08,-26.772165,2.1839976,0.7279992,0.216,0.0,0.19890943,20.380276,20.400276,3270400
hardzero_plus_depr__c0p50__z1p00__lam0p020__nu0p50__psi0p75,hardzero_plus_depr,0.06,32,1022,0.0,2,0.19941914,0.19941914,0.9652381,0.1083333,0.1083333,1.0,1.4727115e-09,1.3594264e-08,-25.927662,2.1235662,0.7078554,0.17600001,0.0,0.14324194,20.400276,20.420277,3273600
hardzero_plus_depr__c0p50__z1p00__lam0p020__nu0p50__psi0p75,hardzero_plus_depr,0.06,32,1023,0.0,2,0.19941914,0.19941914,0.95571214,0.11073576,0.11073576,1.0,1.4829585e-09,1.3391867e-08,-25.985136,2.1026087,0.70086956,0.208,0.0,0.12189807,20.420277,20.440277,3276800
hardzero_plus_depr__c0p50__z1p00__lam0p020__nu0p50__psi0p75,hardzero_plus_depr,0.06,32,1024,0.0,2,0.19941914,0.19941914,0.98184097,0.10426991,0.10426991,1.0,1.375579e-09,1.31924836e-08,-26.862204,2.1600933,0.72003114,0.128,0.0,0.15693465,20.440277,20.460278,3280000
hardzero_plus_depr__c0p50__z1p00__lam0p020__nu0p50__psi0p75,hardzero_plus_depr,0.06,32,1025,0.0,2,0.19941914,0.19941914,0.955406,0.11081383,0.11081383,1.0,1.4401442e-09,1.299607e-08,-25.86695,2.1019351,0.7006451,0.208,0.0,0.12473781,20.460278,20.480278,3283200
hardzero_plus_depr__c0p50__z1p00__lam0p020__nu0p50__psi0p75,hardzero_plus_depr,0.06,32,1026,0.0,2,0.19941914,0.19941914,1.0018293,0.0,0.09957966,0.0,0.0,1.2802579e-08,-26.749596,2.2040684,0.7346895,0.18400002,0.0,0.22658318,20.480278,20.500278,3286400
hardzero_plus_depr__c0p50__z1p00__lam0p020__nu0p50__psi0p75,hardzero_plus_depr,0.06,32,1027,0.0,2,0.19941914,0.19941914,1.0164073,0.0,0.096292555,0.0,0.0,1.2611969e-08,-26.853237,2.2361405,0.74538016,0.19999999,0.0,0.16716374,20.500278,20.520279,3289600
hardzero_plus_depr__c0p50__z1p00__lam0p020__nu0p50__psi0p75,hardzero_plus_depr,0.06,32,1028,0.0,2,0.19941914,0.19941914,0.96912706,0.10736752,0.10736752,1.0,1.3339553e-09,1.2424197e-08,-26.363972,2.132122,0.71070737,0.16800001,0.008,0.15123424,20.520279,20.54028,3292800
hardzero_plus_depr__c0p50__z1p00__lam0p020__nu0p50__psi0p75,hardzero_plus_depr,0.06,32,1029,0.0,2,0.19941914,0.19941914,0.97859704,0.10505166,0.10505166,1.0,1.2857503e-09,1.2239219e-08,-27.086731,2.1529565,0.7176522,0.17600001,0.0,0.16238272,20.54028,20.56028,3296000
hardzero_plus_depr__c0p50__z1p00__lam0p020__nu0p50__psi0p75,hardzero_plus_depr,0.06,32,1030,0.0,2,0.19941914,0.19941914,0.9895276,0.10244067,0.10244067,1.0,1.235127e-09,1.2056998e-08,-26.656887,2.177004,0.7256681,0.2,0.0,0.15805435,20.56028,20.58028,3299200
hardzero_plus_depr__c0p50__z1p00__lam0p020__nu0p50__psi0p75,hardzero_plus_depr,0.06,32,1031,0.0,2,0.19941914,0.19941914,1.0142668,0.0,0.09676829,0.0,0.0,1.1877488e-08,-27.368837,2.2314317,0.7438106,0.2,0.0,0.16253792,20.58028,20.60028,3302400
hardzero_plus_depr__c0p50__z1p00__lam0p020__nu0p50__psi0p75,hardzero_plus_depr,0.06,32,1032,0.0,2,0.19941914,0.19941914,1.0581487,0.0,0.0874684,0.0,0.0,1.1700652e-08,-27.274132,2.3279738,0.7759913,0.16800001,0.0,0.13322304,20.60028,20.620281,3305600
hardzero_plus_depr__c0p50__z1p00__lam0p020__nu0p50__psi0p75,hardzero_plus_depr,0.06,32,1033,0.0,2,0.19941914,0.19941914,1.0218102,0.0,0.09510204,0.0,0.0,1.1526447e-08,-28.281712,2.2480273,0.74934244,0.17600001,0.0,0.1479733,20.620281,20.640282,3308800
hardzero_plus_depr__c0p50__z1p00__lam0p020__nu0p50__psi0p75,hardzero_plus_depr,0.06,32,1034,0.0,2,0.19941914,0.19941914,0.99953747,0.10010656,0.10010656,1.0,1.1366936e-09,1.1354837e-08,-26.634445,2.1990263,0.7330088,0.16000001,0.0,0.15687932,20.640282,20.660282,3312000
hardzero_plus_depr__c0p50__z1p00__lam0p020__nu0p50__psi0p75,hardzero_plus_depr,0.06,32,1035,0.0,2,0.19941914,0.19941914,0.9919892,0.10186166,0.10186166,1.0,1.1394024e-09,1.1185782e-08,-26.728567,2.1824198,0.72747326,0.2,0.0,0.16601555,20.660282,20.680283,3315200
hardzero_plus_depr__c0p50__z1p00__lam0p020__nu0p50__psi0p75,hardzero_plus_depr,0.06,32,1036,0.0,2,0.19941914,0.19941914,0.9845447,0.10362279,0.10362279,1.0,1.1418447e-09,1.1019243e-08,-26.000072,2.1660416,0.7220139,0.120000005,0.0,0.13959718,20.680283,20.700283,3318400
hardzero_plus_depr__c0p50__z1p00__lam0p020__nu0p50__psi0p75,hardzero_plus_depr,0.06,32,1037,0.0,2,0.19941914,0.19941914,1.0120661,0.0,0.097259894,0.0,0.0,1.0855185e-08,-27.045744,2.22659,0.7421967,0.17600001,0.0,0.14210989,20.700283,20.720284,3321600
hardzero_plus_depr__c0p50__z1p00__lam0p020__nu0p50__psi0p75,hardzero_plus_depr,0.06,32,1038,0.0,2,0.19941914,0.19941914,0.9539494,0.111186124,0.111186124,1.0,1.1889764e-09,1.0693568e-08,-26.552744,2.0987306,0.69957685,0.224,0.0,0.13909796,20.720284,20.740284,3324800
hardzero_plus_depr__c0p50__z1p00__lam0p020__nu0p50__psi0p75,hardzero_plus_depr,0.06,32,1039,0.0,2,0.19941914,0.19941914,1.0072999,0.0,0.09833317,0.0,0.0,1.0534359e-08,-27.075233,2.216104,0.73870134,0.18400002,0.0,0.14577192,20.740284,20.760284,3328000
hardzero_plus_depr__c0p50__z1p00__lam0p020__nu0p50__psi0p75,hardzero_plus_depr,0.06,32,1040,0.0,2,0.19941914,0.19941914,0.93518555,0.11609524,0.11609524,1.0,1.2047805e-09,1.0377518e-08,-26.380129,2.0574493,0.68581647,0.13,0.0,0.14584076,20.760284,20.780285,3331200
hardzero_plus_depr__c0p50__z1p00__lam0p020__nu0p50__psi0p75,hardzero_plus_depr,0.06,32,1041,0.0,2,0.19941914,0.19941914,0.9913125,0.10202052,0.10202052,1.0,1.0429572e-09,1.0223014e-08,-26.677753,2.180931,0.72697705,0.192,0.0,0.1403361,20.780285,20.800285,3334400
hardzero_plus_depr__c0p50__z1p00__lam0p020__nu0p50__psi0p75,hardzero_plus_depr,0.06,32,1042,0.0,2,0.19941914,0.19941914,1.0000342,0.0,0.099992126,0.0,0.0,1.0070809e-08,-26.945982,2.2001193,0.7333731,0.112,0.0,0.13899964,20.800285,20.820286,3337600
hardzero_plus_depr__c0p50__z1p00__lam0p020__nu0p50__psi0p75,hardzero_plus_depr,0.06,32,1043,0.0,2,0.19941914,0.19941914,1.0574104,0.0,0.087617256,0.0,0.0,9.920871e-09,-28.05695,2.3263493,0.77544975,0.120000005,0.0,0.15288334,20.820286,20.840286,3340800
hardzero_plus_depr__c0p50__z1p00__lam0p020__nu0p50__psi0p75,hardzero_plus_depr,0.06,32,1044,0.0,2,0.19941914,0.19941914,1.0072376,0.0,0.09834731,0.0,0.0,9.773165e-09,-26.78217,2.215967,0.7386557,0.224,0.0,0.16180995,20.840286,20.860287,3344000
hardzero_plus_depr__c0p50__z1p00__lam0p020__nu0p50__psi0p75,hardzero_plus_depr,0.06,32,1045,0.0,2,0.19941914,0.19941914,1.0347246,0.0,0.09231567,0.0,0.0,9.627659e-09,-27.272427,2.2764397,0.75881326,0.128,0.0,0.1434696,20.860287,20.880287,3347200
hardzero_plus_depr__c0p50__z1p00__lam0p020__nu0p50__psi0p75,hardzero_plus_depr,0.06,32,1046,0.0,2,0.19941914,0.19941914,1.0157129,0.0,0.09644664,0.0,0.0,9.484318e-09,-27.192598,2.234613,0.744871,0.14400001,0.0,0.14576715,20.880287,20.900288,3350400
hardzero_plus_depr__c0p50__z1p00__lam0p020__nu0p50__psi0p75,hardzero_plus_depr,0.06,32,1047,0.0,2,0.19941914,0.19941914,1.0453259,0.0,0.090089485,0.0,0.0,9.343111e-09,-28.460835,2.299763,0.7665877,0.224,0.0,0.17904669,20.900288,20.920288,3353600
hardzero_plus_depr__c0p50__z1p00__lam0p020__nu0p50__psi0p75,hardzero_plus_depr,0.06,32,1048,0.0,2,0.19941914,0.19941914,0.9967233,0.10075735,0.10075735,1.0,9.273715e-10,9.204008e-09,-27.190632,2.192835,0.73094505,0.15200001,0.0,0.15899704,20.920288,20.940289,3356800
hardzero_plus_depr__c0p50__z1p00__lam0p020__nu0p50__psi0p75,hardzero_plus_depr,0.06,32,1049,0.0,2,0.19941914,0.19941914,1.0197868,0.0,0.09554614,0.0,0.0,9.066975e-09,-27.301123,2.2435758,0.74785864,0.17600001,0.0,0.14638986,20.940289,20.960289,3360000
hardzero_plus_depr__c0p50__z1p00__lam0p020__nu0p50__psi0p75,hardzero_plus_depr,0.06,32,1050,0.0,2,0.19941914,0.19941914,1.0118409,0.0,0.09731035,0.0,0.0,8.931982e-09,-27.109188,2.2260945,0.7420315,0.16000001,0.0,0.1299473,20.960289,20.98029,3363200
hardzero_plus_depr__c0p50__z1p00__lam0p020__nu0p50__psi0p75,hardzero_plus_depr,0.06,32,1051,0.0,2,0.19941914,0.19941914,0.9972331,0.100639135,0.100639135,1.0,8.855237e-10,8.799e-09,-26.872286,2.1939566,0.7313189,0.15200001,0.0,0.1436998,20.98029,21.00029,3366400
hardzero_plus_depr__c0p50__z1p00__lam0p020__nu0p50__psi0p75,hardzero_plus_depr,0.06,32,1052,0.0,2,0.19941914,0.19941914,1.016649,0.0,0.09623897,0.0,0.0,8.667996e-09,-26.941822,2.2366724,0.7455575,0.18400002,0.0,0.14355609,21.00029,21.02029,3369600
hardzero_plus_depr__c0p50__z1p00__lam0p020__nu0p50__psi0p75,hardzero_plus_depr,0.06,32,1053,0.0,2,0.19941914,0.19941914,1.0013564,0.0,0.09968818,0.0,0.0,8.538944e-09,-26.980244,2.203028,0.7343427,0.19,0.0,0.14694609,21.02029,21.04029,3372800
hardzero_plus_depr__c0p50__z1p00__lam0p020__nu0p50__psi0p75,hardzero_plus_depr,0.06,32,1054,0.0,2,0.19941914,0.19941914,1.0128586,0.0,0.09708259,0.0,0.0,8.411813e-09,-26.842081,2.2283335,0.7427778,0.2,0.0,0.15561076,21.04029,21.060291,3376000
hardzero_plus_depr__c0p50__z1p00__lam0p020__nu0p50__psi0p75,hardzero_plus_depr,0.06,32,1055,0.0,2,0.19941914,0.19941914,1.0341902,0.0,0.09242933,0.0,0.0,8.286575e-09,-27.009035,2.2752638,0.7584213,0.192,0.008,0.17310677,21.060291,21.080292,3379200
hardzero_plus_depr__c0p50__z1p00__lam0p020__nu0p50__psi0p75,hardzero_plus_depr,0.06,32,1056,0.0,2,0.19941914,0.19941914,0.9839441,0.1037662,0.1037662,1.0,8.4706436e-10,8.163201e-09,-26.021294,2.1647203,0.7215735,0.16800001,0.0,0.12794612,21.080292,21.100292,3382400
hardzero_plus_depr__c0p50__z1p00__lam0p020__nu0p50__psi0p75,hardzero_plus_depr,0.06,32,1057,0.0,2,0.19941914,0.19941914,0.9909653,0.1021021,0.1021021,1.0,8.210707e-10,8.041663e-09,-25.946123,2.1801672,0.7267224,0.136,0.0,0.16788709,21.100292,21.120293,3385600
hardzero_plus_depr__c0p50__z1p00__lam0p020__nu0p50__psi0p75,hardzero_plus_depr,0.06,32,1058,0.0,2,0.19941914,0.19941914,1.038579,0.0,0.09149998,0.0,0.0,7.921936e-09,-27.454634,2.2849195,0.76163983,0.120000005,0.0,0.200915,21.120293,21.140293,3388800
hardzero_plus_depr__c0p50__z1p00__lam0p020__nu0p50__psi0p75,hardzero_plus_depr,0.06,32,1059,0.0,2,0.19941914,0.19941914,1.036932,0.0,0.091847636,0.0,0.0,7.803991e-09,-27.156322,2.281296,0.760432,0.16800001,0.0,0.16148375,21.140293,21.160294,3392000
hardzero_plus_depr__c0p50__z1p00__lam0p020__nu0p50__psi0p75,hardzero_plus_depr,0.06,32,1060,0.0,2,0.19941914,0.19941914,0.9519408,0.11170156,0.11170156,1.0,8.587395e-10,7.687802e-09,-25.940212,2.0943115,0.69810385,0.16800001,0.0,0.13129108,21.160294,21.180294,3395200
hardzero_plus_depr__c0p50__z1p00__lam0p020__nu0p50__psi0p75,hardzero_plus_depr,0.06,32,1061,0.0,2,0.19941914,0.19941914,1.0170369,0.0,0.09615305,0.0,0.0,7.573343e-09,-27.05107,2.237526,0.745842,0.208,0.0,0.17678213,21.180294,21.200294,3398400
hardzero_plus_depr__c0p50__z1p00__lam0p020__nu0p50__psi0p75,hardzero_plus_depr,0.06,32,1062,0.0,2,0.19941914,0.19941914,0.987259,0.102977194,0.102977194,1.0,7.682704e-10,7.460588e-09,-26.58781,2.172013,0.7240044,0.16800001,0.0,0.15663524,21.200294,21.220295,3401600
hardzero_plus_depr__c0p50__z1p00__lam0p020__nu0p50__psi0p75,hardzero_plus_depr,0.06,32,1063,0.0,2,0.19941914,0.19941914,1.0015297,0.0,0.0996484,0.0,0.0,7.349512e-09,-27.34164,2.2034094,0.73446983,0.120000005,0.0,0.13712886,21.220295,21.240295,3404800
hardzero_plus_depr__c0p50__z1p00__lam0p020__nu0p50__psi0p75,hardzero_plus_depr,0.06,32,1064,0.0,2,0.19941914,0.19941914,0.994541,0.101264924,0.101264924,1.0,7.331671e-10,7.2400894e-09,-26.59798,2.1880338,0.7293446,0.208,0.0,0.15436843,21.240295,21.260296,3408000
hardzero_plus_depr__c0p50__z1p00__lam0p020__nu0p50__psi0p75,hardzero_plus_depr,0.06,32,1065,0.0,2,0.19941914,0.19941914,0.97557765,0.10578458,0.10578458,1.0,7.54487e-10,7.132296e-09,-26.525013,2.1463137,0.7154379,0.18400002,0.0,0.13740084,21.260296,21.280296,3411200
hardzero_plus_depr__c0p50__z1p00__lam0p020__nu0p50__psi0p75,hardzero_plus_depr,0.06,32,1066,0.0,2,0.19941914,0.19941914,1.0376626,0.0,0.091693245,0.0,0.0,7.0261077e-09,-27.045156,2.2829034,0.76096785,0.14,0.0,0.15406398,21.280296,21.300297,3414400
hardzero_plus_depr__c0p50__z1p00__lam0p020__nu0p50__psi0p75,hardzero_plus_depr,0.06,32,1067,0.0,2,0.19941914,0.19941914,1.0088756,0.0,0.097977065,0.0,0.0,6.9215003e-09,-26.572817,2.2195706,0.7398569,0.216,0.0,0.14771803,21.300297,21.320297,3417600
hardzero_plus_depr__c0p50__z1p00__lam0p020__nu0p50__psi0p75,hardzero_plus_depr,0.06,32,1068,0.0,2,0.19941914,0.19941914,1.0488603,0.0,0.08935929,0.0,0.0,6.81845e-09,-27.964937,2.3075387,0.7691796,0.224,0.0,0.20181254,21.320297,21.340298,3420800
hardzero_plus_depr__c0p50__z1p00__lam0p020__nu0p50__psi0p75,hardzero_plus_depr,0.06,32,1069,0.0,2,0.19941914,0.19941914,1.0211989,0.0,0.095235996,0.0,0.0,6.7169412e-09,-26.853802,2.2466824,0.74889416,0.104,0.0,0.16944715,21.340298,21.360298,3424000
hardzero_plus_depr__c0p50__z1p00__lam0p020__nu0p50__psi0p75,hardzero_plus_depr,0.06,32,1070,0.0,2,0.19941914,0.19941914,0.9714648,0.10679112,0.10679112,1.0,7.066293e-10,6.6169297e-09,-27.384684,2.1372652,0.7124218,0.128,0.0,0.15436363,21.360298,21.380299,3427200
hardzero_plus_depr__c0p50__z1p00__lam0p020__nu0p50__psi0p75,hardzero_plus_depr,0.06,32,1071,0.0,2,0.19941914,0.19941914,1.0549877,0.0,0.08810738,0.0,0.0,6.518408e-09,-27.924347,2.3210192,0.77367306,0.08800001,0.0,0.17975849,21.380299,21.4003,3430400
hardzero_plus_depr__c0p50__z1p00__lam0p020__nu0p50__psi0p75,hardzero_plus_depr,0.06,32,1072,0.0,2,0.19941914,0.19941914,0.94770664,0.11279591,0.11279591,1.0,7.243038e-10,6.4213657e-09,-25.602219,2.0849962,0.69499874,0.224,0.0,0.13661596,21.4003,21.4203,3433600
hardzero_plus_depr__c0p50__z1p00__lam0p020__nu0p50__psi0p75,hardzero_plus_depr,0.06,32,1073,0.0,2,0.19941914,0.19941914,0.9938614,0.1014235,0.1014235,1.0,6.415815e-10,6.325768e-09,-26.875105,2.1865387,0.72884625,0.128,0.0,0.15197526,21.4203,21.4403,3436800
hardzero_plus_depr__c0p50__z1p00__lam0p020__nu0p50__psi0p75,hardzero_plus_depr,0.06,32,1074,0.0,2,0.19941914,0.19941914,1.0038862,0.0,0.09910916,0.0,0.0,6.2315815e-09,-26.54577,2.2085938,0.73619795,0.24800001,0.0,0.14894317,21.4403,21.4603,3440000
hardzero_plus_depr__c0p50__z1p00__lam0p020__nu0p50__psi0p75,hardzero_plus_depr,0.06,32,1075,0.0,2,0.19941914,0.19941914,1.009345,0.0,0.0978712,0.0,0.0,6.138797e-09,-26.142479,2.2206035,0.7402012,0.15200001,0.0,0.13689335,21.4603,21.4803,3443200
hardzero_plus_depr__c0p50__z1p00__lam0p020__nu0p50__psi0p75,hardzero_plus_depr,0.06,32,1076,0.0,2,0.19941914,0.19941914,1.0112884,0.0,0.097434245,0.0,0.0,6.047406e-09,-26.873652,2.224879,0.7416264,0.192,0.0,0.18131177,21.4803,21.500301,3446400
hardzero_plus_depr__c0p50__z1p00__lam0p020__nu0p50__psi0p75,hardzero_plus_depr,0.06,32,1077,0.0,2,0.19941914,0.19941914,1.0172629,0.0,0.09610303,0.0,0.0,5.9573755e-09,-26.66429,2.238023,0.7460077,0.096,0.0,0.16319156,21.500301,21.520302,3449600
hardzero_plus_depr__c0p50__z1p00__lam0p020__nu0p50__psi0p75,hardzero_plus_depr,0.06,32,1078,0.0,2,0.19941914,0.19941914,0.99982685,0.10003987,0.10003987,1.0,5.8710137e-10,5.868674e-09,-27.348282,2.199663,0.733221,0.15200001,0.0,0.13545334,21.520302,21.540302,3452800
hardzero_plus_depr__c0p50__z1p00__lam0p020__nu0p50__psi0p75,hardzero_plus_depr,0.06,32,1079,0.0,2,0.19941914,0.19941914,1.0318757,0.0,0.09292321,0.0,0.0,5.7812937e-09,-26.65173,2.2701719,0.756724,0.14,0.0,0.15201898,21.540302,21.560303,3456000
hardzero_plus_depr__c0p50__z1p00__lam0p020__nu0p50__psi0p75,hardzero_plus_depr,0.06,32,1080,0.0,2,0.19941914,0.19941914,1.0061973,0.0,0.09858315,0.0,0.0,5.6952247e-09,-25.886806,2.2136784,0.7378928,0.216,0.0,0.15471774,21.560303,21.580303,3459200
hardzero_plus_depr__c0p50__z1p00__lam0p020__nu0p50__psi0p75,hardzero_plus_depr,0.06,32,1081,0.0,2,0.19941914,0.19941914,0.98679596,0.10308702,0.10308702,1.0,5.7836325e-10,5.610437e-09,-26.404667,2.1709945,0.7236649,0.23200001,0.0,0.14701755,21.580303,21.600304,3462400
hardzero_plus_depr__c0p50__z1p00__lam0p020__nu0p50__psi0p75,hardzero_plus_depr,0.06,32,1082,0.0,2,0.19941914,0.19941914,1.0095421,0.0,0.09782681,0.0,0.0,5.5269016e-09,-26.727947,2.221037,0.74034566,0.14400001,0.0,0.15907623,21.600304,21.620304,3465600
hardzero_plus_depr__c0p50__z1p00__lam0p020__nu0p50__psi0p75,hardzero_plus_depr,0.06,32,1083,0.0,2,0.19941914,0.19941914,0.9744469,0.106060356,0.106060356,1.0,5.7745725e-10,5.4446097e-09,-26.227968,2.143826,0.71460867,0.216,0.0,0.124246374,21.620304,21.640305,3468800
hardzero_plus_depr__c0p50__z1p00__lam0p020__nu0p50__psi0p75,hardzero_plus_depr,0.06,32,1084,0.0,2,0.19941914,0.19941914,0.9981452,0.10042799,0.10042799,1.0,5.386509e-10,5.363553e-09,-27.209715,2.1959634,0.73198783,0.18400002,0.0,0.16208985,21.640305,21.660305,3472000
hardzero_plus_depr__c0p50__z1p00__lam0p020__nu0p50__psi0p75,hardzero_plus_depr,0.06,32,1085,0.0,2,0.19941914,0.19941914,1.0182632,0.0,0.09588195,0.0,0.0,5.2837033e-09,-27.343014,2.240224,0.7467413,0.18400002,0.0,0.16940558,21.660305,21.680305,3475200
hardzero_plus_depr__c0p50__z1p00__lam0p020__nu0p50__psi0p75,hardzero_plus_depr,0.06,32,1086,0.0,2,0.19941914,0.19941914,1.0015142,0.0,0.09965194,0.0,0.0,5.2050333e-09,-26.928993,2.2033753,0.73445845,0.16800001,0.0,0.14902133,21.680305,21.700306,3478400
hardzero_plus_depr__c0p50__z1p00__lam0p020__nu0p50__psi0p75,hardzero_plus_depr,0.06,32,1087,0.0,2,0.19941914,0.19941914,1.0414227,0.0,0.0909028,0.0,0.0,5.1275335e-09,-28.055635,2.2911758,0.7637253,0.17600001,0.0,0.17650875,21.700306,21.720306,3481600
hardzero_plus_depr__c0p50__z1p00__lam0p020__nu0p50__psi0p75,hardzero_plus_depr,0.06,32,1088,0.0,2,0.19941914,0.19941914,0.9781431,0.105161525,0.105161525,1.0,5.311916e-10,5.0511972e-09,-27.172804,2.1519578,0.71731925,0.272,0.0,0.17919947,21.720306,21.740307,3484800
hardzero_plus_depr__c0p50__z1p00__lam0p020__nu0p50__psi0p75,hardzero_plus_depr,0.06,32,1089,0.0,2,0.19941914,0.19941914,0.9815577,0.104337946,0.104337946,1.0,5.1918536e-10,4.9759974e-09,-25.951597,2.15947,0.71982336,0.18400002,0.0,0.14996187,21.740307,21.760307,3488000
hardzero_plus_depr__c0p50__z1p00__lam0p020__nu0p50__psi0p75,hardzero_plus_depr,0.06,32,1090,0.0,2,0.19941914,0.19941914,1.0246702,0.0,0.09447779,0.0,0.0,4.9019087e-09,-27.685904,2.2543197,0.7514399,0.16800001,0.0,0.17545135,21.760307,21.780308,3491200
hardzero_plus_depr__c0p50__z1p00__lam0p020__nu0p50__psi0p75,hardzero_plus_depr,0.06,32,1091,0.0,2,0.19941914,0.19941914,0.9901561,0.10229253,0.10229253,1.0,4.939627e-10,4.8289226e-09,-26.445925,2.178387,0.726129,0.16800001,0.0,0.14935607,21.780308,21.800308,3494400
hardzero_plus_depr__c0p50__z1p00__lam0p020__nu0p50__psi0p75,hardzero_plus_depr,0.06,32,1092,0.0,2,0.19941914,0.19941914,1.0365717,0.0,0.09192387,0.0,0.0,4.7570317e-09,-28.969627,2.2805033,0.7601678,0.14999999,0.0,0.16834648,21.800308,21.820309,3497600
hardzero_plus_depr__c0p50__z1p00__lam0p020__nu0p50__psi0p75,hardzero_plus_depr,0.06,32,1093,0.0,2,0.19941914,0.19941914,0.98778886,0.102851614,0.102851614,1.0,4.819844e-10,4.6862114e-09,-27.113102,2.173179,0.724393,0.136,0.0,0.15368886,21.820309,21.84031,3500800
hardzero_plus_depr__c0p50__z1p00__lam0p020__nu0p50__psi0p75,hardzero_plus_depr,0.06,32,1094,0.0,2,0.19941914,0.19941914,0.9988648,0.10026172,0.10026172,1.0,4.6285195e-10,4.6164375e-09,-27.055471,2.1975465,0.7325155,0.16000001,0.0,0.14872356,21.84031,21.86031,3504000
hardzero_plus_depr__c0p50__z1p00__lam0p020__nu0p50__psi0p75,hardzero_plus_depr,0.06,32,1095,0.0,2,0.19941914,0.19941914,1.0343863,0.0,0.0923876,0.0,0.0,4.5477013e-09,-26.983791,2.2756953,0.7585651,0.128,0.0,0.14692414,21.86031,21.88031,3507200
hardzero_plus_depr__c0p50__z1p00__lam0p020__nu0p50__psi0p75,hardzero_plus_depr,0.06,32,1096,0.0,2,0.19941914,0.19941914,1.0304525,0.0,0.09322825,0.0,0.0,4.4799977e-09,-27.291708,2.2670407,0.75568026,0.120000005,0.0,0.14768633,21.88031,21.90031,3510400
hardzero_plus_depr__c0p50__z1p00__lam0p020__nu0p50__psi0p75,hardzero_plus_depr,0.06,32,1097,0.0,2,0.19941914,0.19941914,1.0100664,0.0,0.09770877,0.0,0.0,4.413302e-09,-26.900108,2.2221904,0.74073017,0.208,0.0,0.15591721,21.90031,21.920311,3513600
hardzero_plus_depr__c0p50__z1p00__lam0p020__nu0p50__psi0p75,hardzero_plus_depr,0.06,32,1098,0.0,2,0.19941914,0.19941914,1.0063685,0.0,0.098544285,0.0,0.0,4.3475907e-09,-26.698168,2.214055,0.7380184,0.128,0.0,0.14910705,21.920311,21.940311,3516800
hardzero_plus_depr__c0p50__z1p00__lam0p020__nu0p50__psi0p75,hardzero_plus_depr,0.06,32,1099,0.0,2,0.19941914,0.19941914,1.0204973,0.0,0.095389955,0.0,0.0,4.282858e-09,-26.712753,2.245139,0.74837965,0.16000001,0.0,0.15394509,21.940311,21.960312,3520000
hardzero_plus_depr__c0p50__z1p00__lam0p020__nu0p50__psi0p75,hardzero_plus_depr,0.06,32,1100,0.0,2,0.19941914,0.19941914,1.0357583,0.0,0.09209621,0.0,0.0,4.2190975e-09,-26.879978,2.2787137,0.75957125,0.14400001,0.0,0.17646194,21.960312,21.980312,3523200
hardzero_plus_depr__c0p50__z1p00__lam0p020__nu0p50__psi0p75,hardzero_plus_depr,0.06,32,1101,0.0,2,0.19941914,0.19941914,0.99980253,0.10004547,0.10004547,1.0,4.1581755e-10,4.1562855e-09,-26.426945,2.1996095,0.7332032,0.15200001,0.0,0.12391081,21.980312,22.000313,3526400
hardzero_plus_depr__c0p50__z1p00__lam0p020__nu0p50__psi0p75,hardzero_plus_depr,0.06,32,1102,0.0,2,0.19941914,0.19941914,1.0169924,0.0,0.09616289,0.0,0.0,4.0944013e-09,-27.3075,2.2374282,0.74580944,0.136,0.0,0.1605312,22.000313,22.020313,3529600
hardzero_plus_depr__c0p50__z1p00__lam0p020__nu0p50__psi0p75,hardzero_plus_depr,0.06,32,1103,0.0,2,0.19941914,0.19941914,0.9754084,0.10582583,0.10582583,1.0,4.2684192e-10,4.033438e-09,-26.84655,2.1459413,0.7153138,0.208,0.0,0.13148567,22.020313,22.040314,3532800
hardzero_plus_depr__c0p50__z1p00__lam0p020__nu0p50__psi0p75,hardzero_plus_depr,0.06,32,1104,0.0,2,0.19941914,0.19941914,1.0060921,0.0,0.09860703,0.0,0.0,3.9733905e-09,-27.418365,2.2134469,0.7378156,0.16000001,0.0,0.13998152,22.040314,22.060314,3536000
hardzero_plus_depr__c0p50__z1p00__lam0p020__nu0p50__psi0p75,hardzero_plus_depr,0.06,32,1105,0.0,2,0.19941914,0.19941914,1.0456388,0.0,0.0900246,0.0,0.0,3.914237e-09,-27.626984,2.3004513,0.7668171,0.17,0.0,0.17141525,22.060314,22.080315,3539200
hardzero_plus_depr__c0p50__z1p00__lam0p020__nu0p50__psi0p75,hardzero_plus_depr,0.06,32,1106,0.0,2,0.19941914,0.19941914,0.9795329,0.104825534,0.104825534,1.0,4.042027e-10,3.8559564e-09,-26.508284,2.1550155,0.7183385,0.128,0.0,0.14477597,22.080315,22.100315,3542400
hardzero_plus_depr__c0p50__z1p00__lam0p020__nu0p50__psi0p75,hardzero_plus_depr,0.06,32,1107,0.0,2,0.19941914,0.19941914,1.032673,0.0,0.0927528,0.0,0.0,3.798544e-09,-27.771984,2.271926,0.75730866,0.18400002,0.0,0.15686335,22.100315,22.120316,3545600
hardzero_plus_depr__c0p50__z1p00__lam0p020__nu0p50__psi0p75,hardzero_plus_depr,0.06,32,1108,0.0,2,0.19941914,0.19941914,1.0396622,0.0,0.091272034,0.0,0.0,3.7419934e-09,-27.788734,2.2873025,0.7624342,0.17600001,0.0,0.14577271,22.120316,22.140316,3548800
hardzero_plus_depr__c0p50__z1p00__lam0p020__nu0p50__psi0p75,hardzero_plus_depr,0.06,32,1109,0.0,2,0.19941914,0.19941914,0.99143106,0.10199267,0.10199267,1.0,3.7597395e-10,3.6862842e-09,-26.934061,2.181192,0.727064,0.18400002,0.0,0.14141063,22.140316,22.160316,3552000
hardzero_plus_depr__c0p50__z1p00__lam0p020__nu0p50__psi0p75,hardzero_plus_depr,0.06,32,1110,0.0,2,0.19941914,0.19941914,0.9597121,0.10972052,0.10972052,1.0,3.9843887e-10,3.6313978e-09,-25.876816,2.1114087,0.70380294,0.128,0.0,0.11940819,22.160316,22.180317,3555200
hardzero_plus_depr__c0p50__z1p00__lam0p020__nu0p50__psi0p75,hardzero_plus_depr,0.06,32,1111,0.0,2,0.19941914,0.19941914,0.9899026,0.10235225,0.10235225,1.0,3.6614767e-10,3.577329e-09,-26.889017,2.1778293,0.7259431,0.18400002,0.0,0.14670287,22.180317,22.200317,3558400
hardzero_plus_depr__c0p50__z1p00__lam0p020__nu0p50__psi0p75,hardzero_plus_depr,0.06,32,1112,0.0,2,0.19941914,0.19941914,1.0302527,0.0,0.09327114,0.0,0.0,3.524072e-09,-27.369263,2.266601,0.7555337,0.128,0.0,0.17666271,22.200317,22.220318,3561600
hardzero_plus_depr__c0p50__z1p00__lam0p020__nu0p50__psi0p75,hardzero_plus_depr,0.06,32,1113,0.0,2,0.19941914,0.19941914,0.99554014,0.101032205,0.101032205,1.0,3.5074416e-10,3.4716074e-09,-26.110716,2.190232,0.7300774,0.17600001,0.0,0.13819231,22.220318,22.240318,3564800
hardzero_plus_depr__c0p50__z1p00__lam0p020__nu0p50__psi0p75,hardzero_plus_depr,0.06,32,1114,0.0,2,0.19941914,0.19941914,0.93694776,0.11562512,0.11562512,1.0,3.9542836e-10,3.4199172e-09,-25.757164,2.0613263,0.68710876,0.112,0.0,0.14186963,22.240318,22.260319,3568000
hardzero_plus_depr__c0p50__z1p00__lam0p020__nu0p50__psi0p75,hardzero_plus_depr,0.06,32,1115,0.0,2,0.19941914,0.19941914,0.97672486,0.105505496,0.105505496,1.0,3.554477e-10,3.3689969e-09,-26.478188,2.1488376,0.7162792,0.16800001,0.0,0.1653488,22.260319,22.28032,3571200
hardzero_plus_depr__c0p50__z1p00__lam0p020__nu0p50__psi0p75,hardzero_plus_depr,0.06,32,1116,0.0,2,0.19941914,0.19941914,0.9762454,0.10562205,0.10562205,1.0,3.5054284e-10,3.3188414e-09,-26.35331,2.1477828,0.7159276,0.128,0.0,0.12442088,22.28032,22.30032,3574400
hardzero_plus_depr__c0p50__z1p00__lam0p020__nu0p50__psi0p75,hardzero_plus_depr,0.06,32,1117,0.0,2,0.19941914,0.19941914,0.9964679,0.10081661,0.10081661,1.0,3.2961306e-10,3.2694323e-09,-26.034935,2.1922731,0.7307577,0.104,0.0,0.11807299,22.30032,22.32032,3577600
hardzero_plus_depr__c0p50__z1p00__lam0p020__nu0p50__psi0p75,hardzero_plus_depr,0.06,32,1118,0.0,2,0.19941914,0.19941914,0.9901062,0.10230428,0.10230428,1.0,3.2949676e-10,3.2207526e-09,-26.8653,2.1782773,0.72609246,0.14,0.0,0.15483348,22.32032,22.34032,3580800
hardzero_plus_depr__c0p50__z1p00__lam0p020__nu0p50__psi0p75,hardzero_plus_depr,0.06,32,1119,0.0,2,0.19941914,0.19941914,0.9764527,0.10557165,0.10557165,1.0,3.3495748e-10,3.1727976e-09,-26.420597,2.148239,0.71607965,0.192,0.0,0.161614,22.34032,22.360321,3584000
hardzero_plus_depr__c0p50__z1p00__lam0p020__nu0p50__psi0p75,hardzero_plus_depr,0.06,32,1120,0.0,2,0.19941914,0.19941914,0.97324055,0.10635537,0.10635537,1.0,3.324204e-10,3.125563e-09,-26.383701,2.141172,0.713724,0.16000001,0.0,0.1342476,22.360321,22.380322,3587200
hardzero_plus_depr__c0p50__z1p00__lam0p020__nu0p50__psi0p75,hardzero_plus_depr,0.06,32,1121,0.0,2,0.19941914,0.19941914,1.0196306,0.0,0.095580526,0.0,0.0,3.079031e-09,-26.697432,2.243232,0.747744,0.16000001,0.0,0.16274448,22.380322,22.400322,3590400
hardzero_plus_depr__c0p50__z1p00__lam0p020__nu0p50__psi0p75,hardzero_plus_depr,0.06,32,1122,0.0,2,0.19941914,0.19941914,1.0567697,0.0,0.0877466,0.0,0.0,3.0331864e-09,-28.008537,2.3249397,0.77497995,0.136,0.0,0.16284403,22.400322,22.420322,3593600
hardzero_plus_depr__c0p50__z1p00__lam0p020__nu0p50__psi0p75,hardzero_plus_depr,0.06,32,1123,0.0,2,0.19941914,0.19941914,1.0189693,0.0,0.09572616,0.0,0.0,2.9880243e-09,-26.975046,2.2417772,0.7472591,0.16000001,0.0,0.15748762,22.420322,22.440323,3596800
hardzero_plus_depr__c0p50__z1p00__lam0p020__nu0p50__psi0p75,hardzero_plus_depr,0.06,32,1124,0.0,2,0.19941914,0.19941914,0.97078,0.10695965,0.10695965,1.0,3.1484e-10,2.9435399e-09,-26.18133,2.1357586,0.71191955,0.14400001,0.0,0.14827383,22.440323,22.460323,3600000
hardzero_plus_depr__c0p50__z1p00__lam0p020__nu0p50__psi0p75,hardzero_plus_depr,0.06,32,1125,0.0,2,0.19941914,0.19941914,0.9726873,0.10649095,0.10649095,1.0,3.0879374e-10,2.8997182e-09,-26.556332,2.1399548,0.7133183,0.18400002,0.0,0.15431671,22.460323,22.480324,3603200
hardzero_plus_depr__c0p50__z1p00__lam0p020__nu0p50__psi0p75,hardzero_plus_depr,0.06,32,1126,0.0,2,0.19941914,0.19941914,0.9826191,0.10408325,0.10408325,1.0,2.973183e-10,2.8565434e-09,-26.954277,2.1618052,0.72060174,0.16800001,0.0,0.15969262,22.480324,22.500324,3606400
hardzero_plus_depr__c0p50__z1p00__lam0p020__nu0p50__psi0p75,hardzero_plus_depr,0.06,32,1127,0.0,2,0.19941914,0.19941914,0.98495215,0.103525616,0.103525616,1.0,2.9132227e-10,2.8140115e-09,-26.357985,2.166938,0.7223127,0.192,0.0,0.13338305,22.500324,22.520325,3609600
hardzero_plus_depr__c0p50__z1p00__lam0p020__nu0p50__psi0p75,hardzero_plus_depr,0.06,32,1128,0.0,2,0.19941914,0.19941914,0.9943097,0.10131884,0.10131884,1.0,2.8086777e-10,2.7721179e-09,-27.675447,2.187525,0.72917503,0.16000001,0.0,0.1734817,22.520325,22.540325,3612800
hardzero_plus_depr__c0p50__z1p00__lam0p020__nu0p50__psi0p75,hardzero_plus_depr,0.06,32,1129,0.0,2,0.19941914,0.19941914,1.0085052,0.0,0.09806065,0.0,0.0,2.7308482e-09,-26.745668,2.2187557,0.7395853,0.14400001,0.0,0.16951975,22.540325,22.560326,3616000
hardzero_plus_depr__c0p50__z1p00__lam0p020__nu0p50__psi0p75,hardzero_plus_depr,0.06,32,1130,0.0,2,0.19941914,0.19941914,1.0009137,0.0,0.09978981,0.0,0.0,2.6901876e-09,-27.806814,2.2020543,0.7340181,0.18400002,0.0,0.16309828,22.560326,22.580326,3619200
hardzero_plus_depr__c0p50__z1p00__lam0p020__nu0p50__psi0p75,hardzero_plus_depr,0.06,32,1131,0.0,2,0.19941914,0.19941914,0.9629943,0.10889445,0.10889445,1.0,2.885847e-10,2.6501323e-09,-25.917671,2.1186297,0.7062099,0.14999999,0.0,0.16025081,22.580326,22.600327,3622400
hardzero_plus_depr__c0p50__z1p00__lam0p020__nu0p50__psi0p75,hardzero_plus_depr,0.06,32,1132,0.0,2,0.19941914,0.19941914,0.96085817,0.10943138,0.10943138,1.0,2.8569017e-10,2.6106788e-09,-26.731482,2.1139302,0.7046434,0.15200001,0.0,0.15443194,22.600327,22.620327,3625600
hardzero_plus_depr__c0p50__z1p00__lam0p020__nu0p50__psi0p75,hardzero_plus_depr,0.06,32,1133,0.0,2,0.19941914,0.19941914,1.0433999,0.0,0.090489894,0.0,0.0,2.5718123e-09,-27.24886,2.2955258,0.7651753,0.112,0.0,0.14874023,22.620327,22.640327,3628800
hardzero_plus_depr__c0p50__z1p00__lam0p020__nu0p50__psi0p75,hardzero_plus_depr,0.06,32,1134,0.0,2,0.19941914,0.19941914,1.011945,0.0,0.09728703,0.0,0.0,2.5335196e-09,-26.720766,2.2263236,0.74210787,0.16800001,0.0,0.18307984,22.640327,22.660328,3632000
hardzero_plus_depr__c0p50__z1p00__lam0p020__nu0p50__psi0p75,hardzero_plus_depr,0.06,32,1135,0.0,2,0.19941914,0.19941914,0.98628145,0.10320923,0.10320923,1.0,2.5758928e-10,2.4957971e-09,-26.043344,2.1698625,0.7232875,0.15200001,0.0,0.15066366,22.660328,22.680328,3635200
hardzero_plus_depr__c0p50__z1p00__lam0p020__nu0p50__psi0p75,hardzero_plus_depr,0.06,32,1136,0.0,2,0.19941914,0.19941914,1.063533,0.0,0.086390704,0.0,0.0,2.458641e-09,-28.125963,2.3398192,0.7799398,0.120000005,0.0,0.14672679,22.680328,22.700329,3638400
hardzero_plus_depr__c0p50__z1p00__lam0p020__nu0p50__psi0p75,hardzero_plus_depr,0.06,32,1137,0.0,2,0.19941914,0.19941914,1.0114366,0.0,0.09740099,0.0,0.0,2.4220381e-09,-27.417963,2.225205,0.741735,0.128,0.0,0.15371923,22.700329,22.72033,3641600
hardzero_plus_depr__c0p50__z1p00__lam0p020__nu0p50__psi0p75,hardzero_plus_depr,0.06,32,1138,0.0,2,0.19941914,0.19941914,1.0032401,0.0,0.09925672,0.0,0.0,2.3859756e-09,-27.274002,2.2071724,0.73572415,0.136,0.0,0.16126388,22.72033,22.74033,3644800
hardzero_plus_depr__c0p50__z1p00__lam0p020__nu0p50__psi0p75,hardzero_plus_depr,0.06,32,1139,0.0,2,0.19941914,0.19941914,0.99710286,0.100669324,0.100669324,1.0,2.3661823e-10,2.35045e-09,-27.032444,2.19367,0.73122334,0.14400001,0.0,0.14822498,22.74033,22.76033,3648000
hardzero_plus_depr__c0p50__z1p00__lam0p020__nu0p50__psi0p75,hardzero_plus_depr,0.06,32,1140,0.0,2,0.19941914,0.19941914,0.9750709,0.10590808,0.10590808,1.0,2.4522573e-10,2.315458e-09,-26.131718,2.1451988,0.7150663,0.24000001,0.0,0.17871842,22.76033,22.78033,3651200
hardzero_plus_depr__c0p50__z1p00__lam0p020__nu0p50__psi0p75,hardzero_plus_depr,0.06,32,1141,0.0,2,0.19941914,0.19941914,1.0334029,0.0,0.09259702,0.0,0.0,2.2809867e-09,-27.328705,2.273532,0.757844,0.14400001,0.0,0.19277178,22.78033,22.800331,3654400
hardzero_plus_depr__c0p50__z1p00__lam0p020__nu0p50__psi0p75,hardzero_plus_depr,0.06,32,1142,0.0,2,0.19941914,0.19941914,1.0077089,0.0,0.09824061,0.0,0.0,2.2470243e-09,-26.834375,2.2170038,0.7390013,0.208,0.0,0.16090116,22.800331,22.820332,3657600
hardzero_plus_depr__c0p50__z1p00__lam0p020__nu0p50__psi0p75,hardzero_plus_depr,0.06,32,1143,0.0,2,0.19941914,0.19941914,1.0661705,0.0,0.08586764,0.0,0.0,2.2135676e-09,-27.990778,2.3456218,0.78187394,0.120000005,0.0,0.16272561,22.820332,22.840332,3660800
hardzero_plus_depr__c0p50__z1p00__lam0p020__nu0p50__psi0p75,hardzero_plus_depr,0.06,32,1144,0.0,2,0.19941914,0.19941914,1.0029341,0.0,0.09932666,0.0,0.0,2.1806132e-09,-27.307875,2.206499,0.73549974,0.14999999,0.0,0.14174326,22.840332,22.860332,3664000
hardzero_plus_depr__c0p50__z1p00__lam0p020__nu0p50__psi0p75,hardzero_plus_depr,0.06,32,1145,0.0,2,0.19941914,0.19941914,1.0110166,0.0,0.09749522,0.0,0.0,2.1481494e-09,-27.220646,2.224281,0.74142706,0.18400002,0.0,0.13103335,22.860332,22.880333,3667200
hardzero_plus_depr__c0p50__z1p00__lam0p020__nu0p50__psi0p75,hardzero_plus_depr,0.06,32,1146,0.0,2,0.19941914,0.19941914,0.98185813,0.10426578,0.10426578,1.0,2.2064357e-10,2.1161648e-09,-26.246786,2.160131,0.72004366,0.136,0.0,0.15312757,22.880333,22.900333,3670400
hardzero_plus_depr__c0p50__z1p00__lam0p020__nu0p50__psi0p75,hardzero_plus_depr,0.06,32,1147,0.0,2,0.19941914,0.19941914,1.0301312,0.0,0.09329722,0.0,0.0,2.0846567e-09,-27.909462,2.266334,0.7554447,0.18400002,0.0,0.16685118,22.900333,22.920334,3673600
hardzero_plus_depr__c0p50__z1p00__lam0p020__nu0p50__psi0p75,hardzero_plus_depr,0.06,32,1148,0.0,2,0.19941914,0.19941914,0.9868244,0.10308029,0.10308029,1.0,2.1168789e-10,2.0536215e-09,-26.272278,2.171057,0.7236857,0.2,0.0,0.15255657,22.920334,22.940334,3676800
hardzero_plus_depr__c0p50__z1p00__lam0p020__nu0p50__psi0p75,hardzero_plus_depr,0.06,32,1149,0.0,2,0.19941914,0.19941914,0.98631275,0.1032018,0.1032018,1.0,2.0878219e-10,2.023048e-09,-27.109419,2.1699314,0.7233105,0.104,0.0,0.15554208,22.940334,22.960335,3680000
hardzero_plus_depr__c0p50__z1p00__lam0p020__nu0p50__psi0p75,hardzero_plus_depr,0.06,32,1150,0.0,2,0.19941914,0.19941914,1.0083386,0.0,0.09809827,0.0,0.0,1.992926e-09,-26.756178,2.218389,0.73946303,0.17600001,0.0,0.1796583,22.960335,22.980335,3683200
hardzero_plus_depr__c0p50__z1p00__lam0p020__nu0p50__psi0p75,hardzero_plus_depr,0.06,32,1151,0.0,2,0.19941914,0.19941914,1.0200312,0.0,0.0954924,0.0,0.0,1.9632527e-09,-28.073404,2.2441134,0.7480378,0.16800001,0.0,0.15095396,22.980335,23.000336,3686400
hardzero_plus_depr__c0p50__z1p00__lam0p020__nu0p50__psi0p75,hardzero_plus_depr,0.06,32,1152,0.0,2,0.19941914,0.19941914,1.0264956,0.0,0.09408155,0.0,0.0,1.934025e-09,-28.054949,2.2583354,0.7527785,0.120000005,0.0,0.1313905,23.000336,23.020336,3689600
hardzero_plus_depr__c0p50__z1p00__lam0p020__nu0p50__psi0p75,hardzero_plus_depr,0.06,32,1153,0.0,2,0.19941914,0.19941914,0.98770446,0.102871604,0.102871604,1.0,1.9599429e-10,1.9052322e-09,-26.301361,2.1729932,0.7243311,0.16800001,0.0,0.16269903,23.020336,23.040337,3692800
hardzero_plus_depr__c0p50__z1p00__lam0p020__nu0p50__psi0p75,hardzero_plus_depr,0.06,32,1154,0.0,2,0.19941914,0.19941914,0.99690443,0.10071532,0.10071532,1.0,1.8902901e-10,1.8768647e-09,-26.753428,2.1932335,0.73107785,0.192,0.0,0.16522752,23.040337,23.060337,3696000
hardzero_plus_depr__c0p50__z1p00__lam0p020__nu0p50__psi0p75,hardzero_plus_depr,0.06,32,1155,0.0,2,0.19941914,0.19941914,0.9753015,0.10585187,0.10585187,1.0,1.9571156e-10,1.8489192e-09,-26.745474,2.1457062,0.7152354,0.23200001,0.0,0.14829999,23.060337,23.080338,3699200
hardzero_plus_depr__c0p50__z1p00__lam0p020__nu0p50__psi0p75,hardzero_plus_depr,0.06,32,1156,0.0,2,0.19941914,0.19941914,1.0208617,0.0,0.09530996,0.0,0.0,1.8213936e-09,-27.285622,2.2459407,0.7486469,0.224,0.0,0.16079819,23.080338,23.100338,3702400
hardzero_plus_depr__c0p50__z1p00__lam0p020__nu0p50__psi0p75,hardzero_plus_depr,0.06,32,1157,0.0,2,0.19941914,0.19941914,1.040113,0.0,0.09117736,0.0,0.0,1.7942777e-09,-27.71332,2.2882943,0.7627648,0.14999999,0.0,0.16265401,23.100338,23.120338,3705600
hardzero_plus_depr__c0p50__z1p00__lam0p020__nu0p50__psi0p75,hardzero_plus_depr,0.06,32,1158,0.0,2,0.19941914,0.19941914,0.98467445,0.10359183,0.10359183,1.0,1.83105e-10,1.7675622e-09,-26.67333,2.166327,0.722109,0.17600001,0.0,0.1467251,23.120338,23.140339,3708800
hardzero_plus_depr__c0p50__z1p00__lam0p020__nu0p50__psi0p75,hardzero_plus_depr,0.06,32,1159,0.0,2,0.19941914,0.19941914,0.98136675,0.104383826,0.104383826,1.0,1.8175773e-10,1.7412443e-09,-26.870426,2.15905,0.71968335,0.18400002,0.0,0.13723974,23.140339,23.16034,3712000
hardzero_plus_depr__c0p50__z1p00__lam0p020__nu0p50__psi0p75,hardzero_plus_depr,0.06,32,1160,0.0,2,0.19941914,0.19941914,0.9648238,0.10843668,0.10843668,1.0,1.8600378e-10,1.7153216e-09,-26.45337,2.1226547,0.7075516,0.2,0.0,0.15719849,23.16034,23.18034,3715200
hardzero_plus_depr__c0p50__z1p00__lam0p020__nu0p50__psi0p75,hardzero_plus_depr,0.06,32,1161,0.0,2,0.19941914,0.19941914,1.016592,0.0,0.09625159,0.0,0.0,1.6897848e-09,-27.207565,2.236547,0.7455157,0.16000001,0.0,0.15911035,23.18034,23.20034,3718400
hardzero_plus_depr__c0p50__z1p00__lam0p020__nu0p50__psi0p75,hardzero_plus_depr,0.06,32,1162,0.0,2,0.19941914,0.19941914,1.024668,0.0,0.09447829,0.0,0.0,1.664625e-09,-26.664263,2.2543147,0.75143826,0.15200001,0.0,0.15419427,23.20034,23.22034,3721600
hardzero_plus_depr__c0p50__z1p00__lam0p020__nu0p50__psi0p75,hardzero_plus_depr,0.06,32,1163,0.0,2,0.19941914,0.19941914,1.0028107,0.0,0.0993549,0.0,0.0,1.6398398e-09,-27.407446,2.2062275,0.7354092,0.18400002,0.0,0.16451536,23.22034,23.240341,3724800
hardzero_plus_depr__c0p50__z1p00__lam0p020__nu0p50__psi0p75,hardzero_plus_depr,0.06,32,1164,0.0,2,0.19941914,0.19941914,1.0030075,0.0,0.099309884,0.0,0.0,1.6154269e-09,-27.640694,2.2066605,0.7355535,0.16000001,0.0,0.1638708,23.240341,23.260342,3728000
hardzero_plus_depr__c0p50__z1p00__lam0p020__nu0p50__psi0p75,hardzero_plus_depr,0.06,32,1165,0.0,2,0.19941914,0.19941914,1.0103813,0.0,0.09763795,0.0,0.0,1.5913773e-09,-27.235912,2.2228832,0.7409611,0.24000001,0.0,0.18292135,23.260342,23.280342,3731200
hardzero_plus_depr__c0p50__z1p00__lam0p020__nu0p50__psi0p75,hardzero_plus_depr,0.06,32,1166,0.0,2,0.19941914,0.19941914,1.0222194,0.0,0.09501247,0.0,0.0,1.5676825e-09,-27.042051,2.2489276,0.74964255,0.2,0.0,0.16342548,23.280342,23.300343,3734400
hardzero_plus_depr__c0p50__z1p00__lam0p020__nu0p50__psi0p75,hardzero_plus_depr,0.06,32,1167,0.0,2,0.19941914,0.19941914,1.0089412,0.0,0.097962245,0.0,0.0,1.5443409e-09,-27.181122,2.2197149,0.739905,0.112,0.0,0.15015346,23.300343,23.320343,3737600
hardzero_plus_depr__c0p50__z1p00__lam0p020__nu0p50__psi0p75,hardzero_plus_depr,0.06,32,1168,0.0,2,0.19941914,0.19941914,1.0017906,0.0,0.09958853,0.0,0.0,1.5213496e-09,-26.246237,2.2039835,0.7346612,0.17600001,0.0,0.14059286,23.320343,23.340343,3740800
hardzero_plus_depr__c0p50__z1p00__lam0p020__nu0p50__psi0p75,hardzero_plus_depr,0.06,32,1169,0.0,2,0.19941914,0.19941914,1.0155247,0.0,0.09648843,0.0,0.0,1.4987005e-09,-26.334526,2.234199,0.74473304,0.18400002,0.0,0.14435512,23.340343,23.360344,3744000
hardzero_plus_depr__c0p50__z1p00__lam0p020__nu0p50__psi0p75,hardzero_plus_depr,0.06,32,1170,0.0,2,0.19941914,0.19941914,1.00885,0.0,0.097982824,0.0,0.0,1.4763858e-09,-27.25655,2.2195144,0.7398381,0.12,0.0,0.17197469,23.360344,23.380344,3747200
hardzero_plus_depr__c0p50__z1p00__lam0p020__nu0p50__psi0p75,hardzero_plus_depr,0.06,32,1171,0.0,2,0.19941914,0.19941914,1.0325912,0.0,0.09277025,0.0,0.0,1.4544036e-09,-27.958363,2.2717462,0.75724876,0.14400001,0.008,0.1607944,23.380344,23.400345,3750400
hardzero_plus_depr__c0p50__z1p00__lam0p020__nu0p50__psi0p75,hardzero_plus_depr,0.06,32,1172,0.0,2,0.19941914,0.19941914,1.0152967,0.0,0.096539095,0.0,0.0,1.4327511e-09,-27.320631,2.2336974,0.74456584,0.16800001,0.0,0.13559952,23.400345,23.420345,3753600
hardzero_plus_depr__c0p50__z1p00__lam0p020__nu0p50__psi0p75,hardzero_plus_depr,0.06,32,1173,0.0,2,0.19941914,0.19941914,0.9928528,0.10165933,0.10165933,1.0,1.4348411e-10,1.411421e-09,-26.35498,2.1843197,0.7281066,0.16000001,0.0,0.14105032,23.420345,23.440346,3756800
hardzero_plus_depr__c0p50__z1p00__lam0p020__nu0p50__psi0p75,hardzero_plus_depr,0.06,32,1174,0.0,2,0.19941914,0.19941914,0.970353,0.107064866,0.107064866,1.0,1.4886363e-10,1.390406e-09,-26.33417,2.1348193,0.71160644,0.17600001,0.0,0.14547895,23.440346,23.460346,3760000
hardzero_plus_depr__c0p50__z1p00__lam0p020__nu0p50__psi0p75,hardzero_plus_depr,0.06,32,1175,0.0,2,0.19941914,0.19941914,1.0168037,0.0,0.09620469,0.0,0.0,1.3697038e-09,-27.92002,2.2370129,0.745671,0.16000001,0.0,0.16373216,23.460346,23.480347,3763200
hardzero_plus_depr__c0p50__z1p00__lam0p020__nu0p50__psi0p75,hardzero_plus_depr,0.06,32,1176,0.0,2,0.19941914,0.19941914,1.0073614,0.0,0.09831925,0.0,0.0,1.3493123e-09,-27.72232,2.2162395,0.7387465,0.16000001,0.0,0.17159237,23.480347,23.500347,3766400
hardzero_plus_depr__c0p50__z1p00__lam0p020__nu0p50__psi0p75,hardzero_plus_depr,0.06,32,1177,0.0,2,0.19941914,0.19941914,1.0440001,0.0,0.09036492,0.0,0.0,1.3292246e-09,-27.950771,2.2968462,0.7656154,0.104,0.0,0.15229388,23.500347,23.520348,3769600
hardzero_plus_depr__c0p50__z1p00__lam0p020__nu0p50__psi0p75,hardzero_plus_depr,0.06,32,1178,0.0,2,0.19941914,0.19941914,1.0103194,0.0,0.09765188,0.0,0.0,1.3094332e-09,-26.784042,2.2227468,0.74091566,0.192,0.0,0.15431705,23.520348,23.540348,3772800
hardzero_plus_depr__c0p50__z1p00__lam0p020__nu0p50__psi0p75,hardzero_plus_depr,0.06,32,1179,0.0,2,0.19941914,0.19941914,1.0238726,0.0,0.09465146,0.0,0.0,1.2899367e-09,-27.295294,2.2525647,0.7508549,0.128,0.0,0.15921926,23.540348,23.560349,3776000
hardzero_plus_depr__c0p50__z1p00__lam0p020__nu0p50__psi0p75,hardzero_plus_depr,0.06,32,1180,0.0,2,0.19941914,0.19941914,0.97899467,0.104955524,0.104955524,1.0,1.3337043e-10,1.2707327e-09,-26.566574,2.1538312,0.7179438,0.120000005,0.0,0.15682663,23.560349,23.580349,3779200
hardzero_plus_depr__c0p50__z1p00__lam0p020__nu0p50__psi0p75,hardzero_plus_depr,0.06,32,1181,0.0,2,0.19941914,0.19941914,0.95301104,0.111426614,0.111426614,1.0,1.3948549e-10,1.2518149e-09,-26.750826,2.096666,0.6988887,0.18400002,0.008,0.13371108,23.580349,23.60035,3782400
hardzero_plus_depr__c0p50__z1p00__lam0p020__nu0p50__psi0p75,hardzero_plus_depr,0.06,32,1182,0.0,2,0.19941914,0.19941914,1.0133694,0.0,0.096968465,0.0,0.0,1.2331761e-09,-27.402222,2.2294574,0.7431525,0.112,0.0,0.15846944,23.60035,23.62035,3785600
hardzero_plus_depr__c0p50__z1p00__lam0p020__nu0p50__psi0p75,hardzero_plus_depr,0.06,32,1183,0.0,2,0.19941914,0.19941914,1.056469,0.0,0.08780738,0.0,0.0,1.2148149e-09,-27.76166,2.324278,0.7747594,0.14,0.0,0.15601029,23.62035,23.64035,3788800
hardzero_plus_depr__c0p50__z1p00__lam0p020__nu0p50__psi0p75,hardzero_plus_depr,0.06,32,1184,0.0,2,0.19941914,0.19941914,1.0069991,0.0,0.0984013,0.0,0.0,1.1967294e-09,-26.686964,2.2154424,0.7384808,0.192,0.0,0.15988752,23.64035,23.66035,3792000
hardzero_plus_depr__c0p50__z1p00__lam0p020__nu0p50__psi0p75,hardzero_plus_depr,0.06,32,1185,0.0,2,0.19941914,0.19941914,1.0361369,0.0,0.092015944,0.0,0.0,1.1789132e-09,-27.599997,2.2795465,0.75984883,0.18400002,0.0,0.16860427,23.66035,23.680351,3795200
hardzero_plus_depr__c0p50__z1p00__lam0p020__nu0p50__psi0p75,hardzero_plus_depr,0.06,32,1186,0.0,2,0.19941914,0.19941914,0.93685347,0.11565023,0.11565023,1.0,1.3431152e-10,1.1613598e-09,-25.855928,2.0611188,0.6870396,0.2,0.0,0.14649361,23.680351,23.700352,3798400
hardzero_plus_depr__c0p50__z1p00__lam0p020__nu0p50__psi0p75,hardzero_plus_depr,0.06,32,1187,0.0,2,0.19941914,0.19941914,1.042891,0.0,0.090596,0.0,0.0,1.1440681e-09,-27.348705,2.2944062,0.7648021,0.104,0.0,0.15627459,23.700352,23.720352,3801600
hardzero_plus_depr__c0p50__z1p00__lam0p020__nu0p50__psi0p75,hardzero_plus_depr,0.06,32,1188,0.0,2,0.19941914,0.19941914,0.9614227,0.10928922,0.10928922,1.0,1.2317286e-10,1.1270358e-09,-26.30734,2.1151721,0.7050574,0.17600001,0.0,0.14458764,23.720352,23.740353,3804800
hardzero_plus_depr__c0p50__z1p00__lam0p020__nu0p50__psi0p75,hardzero_plus_depr,0.06,32,1189,0.0,2,0.19941914,0.19941914,1.0340495,0.0,0.09245928,0.0,0.0,1.1102571e-09,-26.672888,2.2749543,0.7583181,0.128,0.0,0.15315323,23.740353,23.760353,3808000
hardzero_plus_depr__c0p50__z1p00__lam0p020__nu0p50__psi0p75,hardzero_plus_depr,0.06,32,1190,0.0,2,0.19941914,0.19941914,1.0660412,0.0,0.0858932,0.0,0.0,1.093726e-09,-27.715876,2.3453376,0.7817792,0.096,0.0,0.18237405,23.760353,23.780354,3811200
hardzero_plus_depr__c0p50__z1p00__lam0p020__nu0p50__psi0p75,hardzero_plus_depr,0.06,32,1191,0.0,2,0.19941914,0.19941914,0.9829246,0.10401007,0.10401007,1.0,1.1206474e-10,1.0774412e-09,-26.699236,2.1624773,0.7208258,0.192,0.0,0.14850184,23.780354,23.800354,3814400
hardzero_plus_depr__c0p50__z1p00__lam0p020__nu0p50__psi0p75,hardzero_plus_depr,0.06,32,1192,0.0,2,0.19941914,0.19941914,0.96236044,0.10905348,0.10905348,1.0,1.1574945e-10,1.0614009e-09,-26.581223,2.1172352,0.7057451,0.14400001,0.0,0.14395452,23.800354,23.820354,3817600
hardzero_plus_depr__c0p50__z1p00__lam0p020__nu0p50__psi0p75,hardzero_plus_depr,0.06,32,1193,0.0,2,0.19941914,0.19941914,1.0292224,0.0,0.09349268,0.0,0.0,1.0455992e-09,-26.976646,2.2643344,0.75477815,0.128,0.0,0.18354414,23.820354,23.840355,3820800
hardzero_plus_depr__c0p50__z1p00__lam0p020__nu0p50__psi0p75,hardzero_plus_depr,0.06,32,1194,0.0,2,0.19941914,0.19941914,1.0082375,0.0,0.09812113,0.0,0.0,1.0300311e-09,-26.79249,2.2181668,0.73938894,0.16800001,0.0,0.152616,23.840355,23.860355,3824000
hardzero_plus_depr__c0p50__z1p00__lam0p020__nu0p50__psi0p75,hardzero_plus_depr,0.06,32,1195,0.0,2,0.19941914,0.19941914,1.0073599,0.0,0.0983196,0.0,0.0,1.0146946e-09,-27.529263,2.2162359,0.73874533,0.24000001,0.0,0.15067844,23.860355,23.880356,3827200
hardzero_plus_depr__c0p50__z1p00__lam0p020__nu0p50__psi0p75,hardzero_plus_depr,0.06,32,1196,0.0,2,0.19941914,0.19941914,0.9738666,0.10620218,0.10620218,1.0,1.0615844e-10,9.995882e-10,-26.689892,2.1425493,0.7141831,0.19,0.0,0.13679057,23.880356,23.900356,3830400
hardzero_plus_depr__c0p50__z1p00__lam0p020__nu0p50__psi0p75,hardzero_plus_depr,0.06,32,1197,0.0,2,0.19941914,0.19941914,1.014488,0.0,0.09671905,0.0,0.0,9.84707e-10,-27.583687,2.231918,0.7439727,0.136,0.0,0.17506589,23.900356,23.920357,3833600
hardzero_plus_depr__c0p50__z1p00__lam0p020__nu0p50__psi0p75,hardzero_plus_depr,0.06,32,1198,0.0,2,0.19941914,0.19941914,1.0333718,0.0,0.09260367,0.0,0.0,9.700454e-10,-27.711506,2.2734635,0.7578212,0.16000001,0.0,0.14820509,23.920357,23.940357,3836800
hardzero_plus_depr__c0p50__z1p00__lam0p020__nu0p50__psi0p75,hardzero_plus_depr,0.06,32,1199,0.0,2,0.19941914,0.19941914,0.9666585,0.10797956,0.10797956,1.0,1.03185474e-10,9.556019e-10,-26.748583,2.126691,0.70889705,0.216,0.0,0.1483344,23.940357,23.960358,3840000
hardzero_plus_depr__c0p50__z1p00__lam0p020__nu0p50__psi0p75,hardzero_plus_depr,0.06,32,1200,0.0,2,0.19941914,0.19941914,1.0454223,0.0,0.09006948,0.0,0.0,9.413755e-10,-27.403458,2.299975,0.7666583,0.15200001,0.0,0.18675938,23.960358,23.980358,3843200
hardzero_plus_depr__c0p50__z1p00__lam0p020__nu0p50__psi0p75,hardzero_plus_depr,0.06,32,1201,0.0,2,0.19941914,0.19941914,0.9962288,0.100872114,0.100872114,1.0,9.354485e-11,9.273609e-10,-26.64877,2.1917472,0.7305824,0.096,0.0,0.1451598,23.980358,24.000359,3846400
hardzero_plus_depr__c0p50__z1p00__lam0p020__nu0p50__psi0p75,hardzero_plus_depr,0.06,32,1202,0.0,2,0.19941914,0.19941914,1.0102284,0.0,0.09767234,0.0,0.0,9.1355307e-10,-27.137667,2.2225468,0.74084896,0.15200001,0.0,0.16183604,24.000359,24.020359,3849600
hardzero_plus_depr__c0p50__z1p00__lam0p020__nu0p50__psi0p75,hardzero_plus_depr,0.06,32,1203,0.0,2,0.19941914,0.19941914,1.019255,0.0,0.09566322,0.0,0.0,8.9995084e-10,-26.794046,2.242406,0.74746865,0.128,0.0,0.15134986,24.020359,24.04036,3852800
hardzero_plus_depr__c0p50__z1p00__lam0p020__nu0p50__psi0p75,hardzero_plus_depr,0.06,32,1204,0.0,2,0.19941914,0.19941914,1.0119936,0.0,0.09727614,0.0,0.0,8.865529e-10,-27.309343,2.2264304,0.7421435,0.136,0.0,0.16022588,24.04036,24.06036,3856000
hardzero_plus_depr__c0p50__z1p00__lam0p020__nu0p50__psi0p75,hardzero_plus_depr,0.06,32,1205,0.0,2,0.19941914,0.19941914,1.0226047,0.0,0.09492821,0.0,0.0,8.7335433e-10,-27.23304,2.2497752,0.7499251,0.120000005,0.0,0.15865596,24.06036,24.08036,3859200
hardzero_plus_depr__c0p50__z1p00__lam0p020__nu0p50__psi0p75,hardzero_plus_depr,0.06,32,1206,0.0,2,0.19941914,0.19941914,1.0141176,0.0,0.09680157,0.0,0.0,8.603506e-10,-26.840618,2.2311032,0.7437011,0.17600001,0.0,0.13984907,24.08036,24.10036,3862400
hardzero_plus_depr__c0p50__z1p00__lam0p020__nu0p50__psi0p75,hardzero_plus_depr,0.06,32,1207,0.0,2,0.19941914,0.19941914,0.94972295,0.11227345,0.11227345,1.0,9.5156306e-11,8.475406e-10,-26.214033,2.0894322,0.6964774,0.24000001,0.0,0.1305144,24.10036,24.120361,3865600
hardzero_plus_depr__c0p50__z1p00__lam0p020__nu0p50__psi0p75,hardzero_plus_depr,0.06,32,1208,0.0,2,0.19941914,0.19941914,1.0412952,0.0,0.0909295,0.0,0.0,8.349229e-10,-27.267975,2.2908952,0.76363176,0.15200001,0.0,0.15950918,24.120361,24.140362,3868800
hardzero_plus_depr__c0p50__z1p00__lam0p020__nu0p50__psi0p75,hardzero_plus_depr,0.06,32,1209,0.0,2,0.19941914,0.19941914,0.986579,0.10313855,0.10313855,1.0,8.483073e-11,8.2249296e-10,-26.105875,2.1705172,0.72350574,0.12,0.0,0.1313355,24.140362,24.160362,3872000
hardzero_plus_depr__c0p50__z1p00__lam0p020__nu0p50__psi0p75,hardzero_plus_depr,0.06,32,1210,0.0,2,0.19941914,0.19941914,1.068368,0.0,0.08543426,0.0,0.0,8.1024665e-10,-28.108776,2.3504565,0.78348553,0.216,0.0,0.17876242,24.160362,24.180363,3875200
hardzero_plus_depr__c0p50__z1p00__lam0p020__nu0p50__psi0p75,hardzero_plus_depr,0.06,32,1211,0.0,2,0.19941914,0.19941914,0.99100596,0.102092534,0.102092534,1.0,8.148849e-11,7.9818263e-10,-27.110249,2.1802566,0.7267522,0.16800001,0.0,0.18315941,24.180363,24.200363,3878400
hardzero_plus_depr__c0p50__z1p00__lam0p020__nu0p50__psi0p75,hardzero_plus_depr,0.06,32,1212,0.0,2,0.19941914,0.19941914,1.0014148,0.0,0.099674754,0.0,0.0,7.862997e-10,-27.042845,2.2031565,0.7343855,0.128,0.0,0.13610952,24.200363,24.220364,3881600
hardzero_plus_depr__c0p50__z1p00__lam0p020__nu0p50__psi0p75,hardzero_plus_depr,0.06,32,1213,0.0,2,0.19941914,0.19941914,0.967327,0.107813455,0.107813455,1.0,8.351163e-11,7.745937e-10,-25.934437,2.128162,0.7093873,0.17600001,0.0,0.16058643,24.220364,24.240364,3884800
hardzero_plus_depr__c0p50__z1p00__lam0p020__nu0p50__psi0p75,hardzero_plus_depr,0.06,32,1214,0.0,2,0.19941914,0.19941914,0.9529566,0.11144059,0.11144059,1.0,8.5035916e-11,7.630605e-10,-26.761524,2.0965464,0.69884884,0.216,0.0,0.15675317,24.240364,24.260365,3888000
hardzero_plus_depr__c0p50__z1p00__lam0p020__nu0p50__psi0p75,hardzero_plus_depr,0.06,32,1215,0.0,2,0.19941914,0.19941914,1.0374964,0.0,0.09172834,0.0,0.0,7.51699e-10,-28.036146,2.2825377,0.7608459,0.16800001,0.0,0.1770579,24.260365,24.280365,3891200
hardzero_plus_depr__c0p50__z1p00__lam0p020__nu0p50__psi0p75,hardzero_plus_depr,0.06,32,1216,0.0,2,0.19941914,0.19941914,1.0264192,0.0,0.0940981,0.0,0.0,7.405081e-10,-27.685335,2.2581673,0.75272244,0.104,0.0,0.17516084,24.280365,24.300365,3894400
hardzero_plus_depr__c0p50__z1p00__lam0p020__nu0p50__psi0p75,hardzero_plus_depr,0.06,32,1217,0.0,2,0.19941914,0.19941914,1.0129367,0.0,0.09706515,0.0,0.0,7.2948386e-10,-26.92674,2.2285054,0.74283516,0.128,0.0,0.15902467,24.300365,24.320366,3897600
hardzero_plus_depr__c0p50__z1p00__lam0p020__nu0p50__psi0p75,hardzero_plus_depr,0.06,32,1218,0.0,2,0.19941914,0.19941914,0.931014,0.11721575,0.11721575,1.0,8.423386e-11,7.186224e-10,-25.444916,2.0482717,0.68275726,0.2,0.0,0.14103048,24.320366,24.340366,3900800
hardzero_plus_depr__c0p50__z1p00__lam0p020__nu0p50__psi0p75,hardzero_plus_depr,0.06,32,1219,0.0,2,0.19941914,0.19941914,0.9730536,0.106401175,0.106401175,1.0,7.532379e-11,7.079225e-10,-26.957544,2.1407607,0.7135869,0.23200001,0.0,0.14861974,24.340366,24.360367,3904000
hardzero_plus_depr__c0p50__z1p00__lam0p020__nu0p50__psi0p75,hardzero_plus_depr,0.06,32,1220,0.0,2,0.19941914,0.19941914,0.9788083,0.10500058,0.10500058,1.0,7.3225655e-11,6.973833e-10,-26.913624,2.1534212,0.71780705,0.16800001,0.0,0.1721459,24.360367,24.380367,3907200
hardzero_plus_depr__c0p50__z1p00__lam0p020__nu0p50__psi0p75,hardzero_plus_depr,0.06,32,1221,0.0,2,0.19941914,0.19941914,1.0262575,0.0,0.09413313,0.0,0.0,6.870011e-10,-27.614916,2.2578115,0.7526039,0.136,0.0,0.17829917,24.380367,24.400368,3910400
hardzero_plus_depr__c0p50__z1p00__lam0p020__nu0p50__psi0p75,hardzero_plus_depr,0.06,32,1222,0.0,2,0.19941914,0.19941914,1.0581118,0.0,0.087475844,0.0,0.0,6.767721e-10,-28.195871,2.3278925,0.7759642,0.14,0.0,0.16239475,24.400368,24.420368,3913600
hardzero_plus_depr__c0p50__z1p00__lam0p020__nu0p50__psi0p75,hardzero_plus_depr,0.06,32,1223,0.0,2,0.19941914,0.19941914,1.055146,0.0,0.088075265,0.0,0.0,6.6669537e-10,-28.36516,2.3213675,0.77378917,0.16800001,0.0,0.16651534,24.420368,24.440369,3916800
hardzero_plus_depr__c0p50__z1p00__lam0p020__nu0p50__psi0p75,hardzero_plus_depr,0.06,32,1224,0.0,2,0.19941914,0.19941914,1.0045097,0.0,0.098966986,0.0,0.0,6.5677e-10,-27.334223,2.2099655,0.7366552,0.208,0.0,0.16343468,24.440369,24.46037,3920000
hardzero_plus_depr__c0p50__z1p00__lam0p020__nu0p50__psi0p75,hardzero_plus_depr,0.06,32,1225,0.0,2,0.19941914,0.19941914,1.0410236,0.0,0.09098639,0.0,0.0,6.4699235e-10,-27.371393,2.2902977,0.7634326,0.128,0.0,0.14425212,24.46037,24.48037,3923200
hardzero_plus_depr__c0p50__z1p00__lam0p020__nu0p50__psi0p75,hardzero_plus_depr,0.06,32,1226,0.0,2,0.19941914,0.19941914,0.9877613,0.10285814,0.10285814,1.0,6.555757e-11,6.373591e-10,-26.457962,2.1731184,0.7243728,0.17600001,0.0,0.13211744,24.48037,24.50037,3926400
hardzero_plus_depr__c0p50__z1p00__lam0p020__nu0p50__psi0p75,hardzero_plus_depr,0.06,32,1227,0.0,2,0.19941914,0.19941914,0.9662148,0.10808993,0.10808993,1.0,6.786634e-11,6.278692e-10,-26.938694,2.125715,0.7085717,0.18400002,0.0,0.14921385,24.50037,24.52037,3929600
hardzero_plus_depr__c0p50__z1p00__lam0p020__nu0p50__psi0p75,hardzero_plus_depr,0.06,32,1228,0.0,2,0.19941914,0.19941914,0.9958412,0.1009622,0.1009622,1.0,6.2447325e-11,6.1852184e-10,-27.596958,2.1908944,0.73029816,0.136,0.0,0.13219912,24.52037,24.54037,3932800
hardzero_plus_depr__c0p50__z1p00__lam0p020__nu0p50__psi0p75,hardzero_plus_depr,0.06,32,1229,0.0,2,0.19941914,0.19941914,1.0188506,0.0,0.09575234,0.0,0.0,6.0931366e-10,-27.276928,2.241516,0.74717206,0.16000001,0.0,0.15942824,24.54037,24.560371,3936000
hardzero_plus_depr__c0p50__z1p00__lam0p020__nu0p50__psi0p75,hardzero_plus_depr,0.06,32,1230,0.0,2,0.19941914,0.19941914,0.9972894,0.100626074,0.100626074,1.0,6.039993e-11,6.0024136e-10,-27.704483,2.1940806,0.7313602,0.17600001,0.0,0.17456664,24.560371,24.580372,3939200
hardzero_plus_depr__c0p50__z1p00__lam0p020__nu0p50__psi0p75,hardzero_plus_depr,0.06,32,1231,0.0,2,0.19941914,0.19941914,1.0854654,0.0,0.08213619,0.0,0.0,5.913042e-10,-28.25981,2.3880715,0.79602385,0.15200001,0.0,0.1637351,24.580372,24.600372,3942400
hardzero_plus_depr__c0p50__z1p00__lam0p020__nu0p50__psi0p75,hardzero_plus_depr,0.06,32,1232,0.0,2,0.19941914,0.19941914,1.0414397,0.0,0.09089927,0.0,0.0,5.825011e-10,-27.096132,2.291213,0.7637377,0.192,0.0,0.14013198,24.600372,24.620373,3945600
hardzero_plus_depr__c0p50__z1p00__lam0p020__nu0p50__psi0p75,hardzero_plus_depr,0.06,32,1233,0.0,2,0.19941914,0.19941914,1.0864605,0.0,0.08194821,0.0,0.0,5.738292e-10,-28.205982,2.3902607,0.7967536,0.17600001,0.0,0.17732404,24.620373,24.640373,3948800
hardzero_plus_depr__c0p50__z1p00__lam0p020__nu0p50__psi0p75,hardzero_plus_depr,0.06,32,1234,0.0,2,0.19941914,0.19941914,1.0262494,0.0,0.094134875,0.0,0.0,5.6528526e-10,-28.112423,2.257794,0.752598,0.104,0.0,0.15218978,24.640373,24.660374,3952000
hardzero_plus_depr__c0p50__z1p00__lam0p020__nu0p50__psi0p75,hardzero_plus_depr,0.06,32,1235,0.0,2,0.19941914,0.19941914,1.0267223,0.0,0.09403244,0.0,0.0,5.568685e-10,-27.494263,2.2588341,0.7529447,0.14999999,0.0,0.15724762,24.660374,24.680374,3955200
hardzero_plus_depr__c0p50__z1p00__lam0p020__nu0p50__psi0p75,hardzero_plus_depr,0.06,32,1236,0.0,2,0.19941914,0.19941914,0.98242074,0.10413081,0.10413081,1.0,5.7123892e-11,5.485782e-10,-26.598143,2.1613688,0.7204563,0.16000001,0.0,0.14468151,24.680374,24.700375,3958400
hardzero_plus_depr__c0p50__z1p00__lam0p020__nu0p50__psi0p75,hardzero_plus_depr,0.06,32,1237,0.0,2,0.19941914,0.19941914,1.02594,0.0,0.09420199,0.0,0.0,5.4041116e-10,-27.127985,2.257113,0.752371,0.136,0.0,0.1502489,24.700375,24.720375,3961600
hardzero_plus_depr__c0p50__z1p00__lam0p020__nu0p50__psi0p75,hardzero_plus_depr,0.06,32,1238,0.0,2,0.19941914,0.19941914,1.0379052,0.0,0.091642044,0.0,0.0,5.323649e-10,-27.73286,2.283437,0.7611457,0.112,0.0,0.14528914,24.720375,24.740376,3964800
hardzero_plus_depr__c0p50__z1p00__lam0p020__nu0p50__psi0p75,hardzero_plus_depr,0.06,32,1239,0.0,2,0.19941914,0.19941914,0.9378196,0.11539324,0.11539324,1.0,6.0516626e-11,5.2443827e-10,-25.727436,2.0632443,0.68774813,0.24800001,0.0,0.17097947,24.740376,24.760376,3968000
hardzero_plus_depr__c0p50__z1p00__lam0p020__nu0p50__psi0p75,hardzero_plus_depr,0.06,32,1240,0.0,2,0.19941914,0.19941914,0.9841068,0.10372734,0.10372734,1.0,5.3588734e-11,5.1663074e-10,-26.047472,2.1650782,0.72169274,0.16800001,0.0,0.13889077,24.760376,24.780376,3971200
hardzero_plus_depr__c0p50__z1p00__lam0p020__nu0p50__psi0p75,hardzero_plus_depr,0.06,32,1241,0.0,2,0.19941914,0.19941914,1.0400492,0.0,0.09119075,0.0,0.0,5.0893945e-10,-27.139923,2.288154,0.76271796,0.120000005,0.0,0.16888995,24.780376,24.800377,3974400
hardzero_plus_depr__c0p50__z1p00__lam0p020__nu0p50__psi0p75,hardzero_plus_depr,0.06,32,1242,0.0,2,0.19941914,0.19941914,0.95847005,0.11003478,0.11003478,1.0,5.516722e-11,5.013617e-10,-25.77643,2.1086762,0.70289207,0.208,0.008,0.18641846,24.800377,24.820377,3977600
hardzero_plus_depr__c0p50__z1p00__lam0p020__nu0p50__psi0p75,hardzero_plus_depr,0.06,32,1243,0.0,2,0.19941914,0.19941914,1.0791391,0.0,0.08334141,0.0,0.0,4.938967e-10,-28.571213,2.3741534,0.79138446,0.14400001,0.0,0.16214956,24.820377,24.840378,3980800
hardzero_plus_depr__c0p50__z1p00__lam0p020__nu0p50__psi0p75,hardzero_plus_depr,0.06,32,1244,0.0,2,0.19941914,0.19941914,1.0226456,0.0,0.09491927,0.0,0.0,4.865438e-10,-27.266275,2.2498653,0.7499551,0.136,0.0,0.13883485,24.840378,24.860378,3984000
hardzero_plus_depr__c0p50__z1p00__lam0p020__nu0p50__psi0p75,hardzero_plus_depr,0.06,32,1245,0.0,2,0.19941914,0.19941914,0.9452112,0.113445885,0.113445885,1.0,5.437466e-11,4.7930043e-10,-25.845848,2.0795062,0.69316876,0.23200001,0.0,0.13847606,24.860378,24.880379,3987200
hardzero_plus_depr__c0p50__z1p00__lam0p020__nu0p50__psi0p75,hardzero_plus_depr,0.06,32,1246,0.0,2,0.19941914,0.19941914,0.9987329,0.100292176,0.100292176,1.0,4.7354353e-11,4.72164e-10,-27.14882,2.1972563,0.7324188,0.17600001,0.0,0.13708939,24.880379,24.90038,3990400
hardzero_plus_depr__c0p50__z1p00__lam0p020__nu0p50__psi0p75,hardzero_plus_depr,0.06,32,1247,0.0,2,0.19941914,0.19941914,1.0350393,0.0,0.09224878,0.0,0.0,4.651338e-10,-28.060629,2.277132,0.75904405,0.18400002,0.0,0.17180942,24.90038,24.92038,3993600
hardzero_plus_depr__c0p50__z1p00__lam0p020__nu0p50__psi0p75,hardzero_plus_depr,0.06,32,1248,0.0,2,0.19941914,0.19941914,1.0237627,0.0,0.09467543,0.0,0.0,4.5820914e-10,-27.68038,2.252323,0.7507743,0.17999999,0.0,0.15733442,24.92038,24.94038,3996800
hardzero_plus_depr__c0p50__z1p00__lam0p020__nu0p50__psi0p75,hardzero_plus_depr,0.06,32,1249,0.0,2,0.19941914,0.19941914,1.0033662,0.0,0.0992279,0.0,0.0,4.5138757e-10,-26.217617,2.20745,0.73581666,0.18400002,0.0,0.13059731,24.94038,24.96038,4000000
hardzero_plus_depr__c0p50__z1p00__lam0p020__nu0p50__psi0p75,hardzero_plus_depr,0.06,33,0,1.0,1,1.0,0.5,1.0589974,0.0,0.08729765,0.0,0.0,0.06,-27.979776,2.329841,0.77661365,0.13,0.0,0.16999096,0.0,0.0,3200
hardzero_plus_depr__c0p50__z1p00__lam0p020__nu0p50__psi0p75,hardzero_plus_depr,0.06,33,1,1.0,2,0.5,0.0,1.0330085,0.0,0.09268118,0.0,0.0,0.06,-27.69807,2.272664,0.7575547,0.136,0.0,0.17679247,0.0,0.0,6400
hardzero_plus_depr__c0p50__z1p00__lam0p020__nu0p50__psi0p75,hardzero_plus_depr,0.06,33,2,0.0,2,0.0,0.0,1.0505148,0.0,0.08901951,0.0,0.0,0.06,-27.952003,2.3111787,0.7703929,0.16800001,0.0,0.16731907,0.0,0.02,9600
hardzero_plus_depr__c0p50__z1p00__lam0p020__nu0p50__psi0p75,hardzero_plus_depr,0.06,33,3,0.0,2,0.0,0.0,1.0506083,0.0,0.089000344,0.0,0.0,0.059106715,-27.443235,2.3113844,0.7704615,0.14400001,0.0,0.15314642,0.02,0.04,12800
hardzero_plus_depr__c0p50__z1p00__lam0p020__nu0p50__psi0p75,hardzero_plus_depr,0.06,33,4,0.0,2,0.0,0.0062294444,0.970673,0.106985986,0.106985986,1.0,0.0062294444,0.058226734,-25.987635,2.1355233,0.7118411,0.14400001,0.0,0.15768073,0.04,0.06,16000
hardzero_plus_depr__c0p50__z1p00__lam0p020__nu0p50__psi0p75,hardzero_plus_depr,0.06,33,5,0.0,2,0.0062294444,0.012266972,0.9777488,0.105257034,0.105257034,1.0,0.0060375277,0.057359852,-26.947248,2.1510904,0.71703017,0.16800001,0.0,0.15154453,0.06,0.08,19200
hardzero_plus_depr__c0p50__z1p00__lam0p020__nu0p50__psi0p75,hardzero_plus_depr,0.06,33,6,0.0,2,0.012266972,0.018010136,0.9929424,0.10163836,0.10163836,1.0,0.0057431646,0.056505874,-27.154848,2.184517,0.7281723,0.16800001,0.0,0.12973101,0.08,0.099999994,22400
hardzero_plus_depr__c0p50__z1p00__lam0p020__nu0p50__psi0p75,hardzero_plus_depr,0.06,33,7,0.0,2,0.018010136,0.018010136,1.0088168,0.0,0.097990304,0.0,0.0,0.055664614,-26.980923,2.2194414,0.7398138,0.2,0.0,0.1656778,0.099999994,0.11999999,25600
hardzero_plus_depr__c0p50__z1p00__lam0p020__nu0p50__psi0p75,hardzero_plus_depr,0.06,33,8,0.0,2,0.018010136,0.018010136,1.0043792,0.0,0.09899672,0.0,0.0,0.054835875,-27.87745,2.2096782,0.7365594,0.224,0.0,0.18064265,0.11999999,0.13999999,28800
hardzero_plus_depr__c0p50__z1p00__lam0p020__nu0p50__psi0p75,hardzero_plus_depr,0.06,33,9,0.0,2,0.018010136,0.02397814,0.9567212,0.110478766,0.110478766,1.0,0.005968005,0.054019473,-26.785126,2.1048286,0.70160955,0.192,0.0,0.15820368,0.13999999,0.15999998,32000
hardzero_plus_depr__c0p50__z1p00__lam0p020__nu0p50__psi0p75,hardzero_plus_depr,0.06,33,10,0.0,2,0.02397814,0.029436663,0.9889608,0.10257446,0.10257446,1.0,0.005458523,0.053215224,-28.05503,2.1757572,0.7252524,0.17600001,0.0,0.1510921,0.15999998,0.17999998,35200
hardzero_plus_depr__c0p50__z1p00__lam0p020__nu0p50__psi0p75,hardzero_plus_depr,0.06,33,11,0.0,2,0.029436663,0.035107777,0.9658533,0.108179934,0.108179934,1.0,0.005671112,0.052422956,-25.620966,2.1249197,0.70830655,0.17600001,0.0,0.14389065,0.17999998,0.19999997,38400
hardzero_plus_depr__c0p50__z1p00__lam0p020__nu0p50__psi0p75,hardzero_plus_depr,0.06,33,12,0.0,2,0.035107777,0.035107777,1.006638,0.0,0.09848314,0.0,0.0,0.051642478,-26.899906,2.214648,0.73821604,0.17600001,0.0,0.1731246,0.19999997,0.21999997,41600
hardzero_plus_depr__c0p50__z1p00__lam0p020__nu0p50__psi0p75,hardzero_plus_depr,0.06,33,13,0.0,2,0.035107777,0.035107777,1.0166444,0.0,0.09624,0.0,0.0,0.050873626,-27.059156,2.2366621,0.7455541,0.17,0.0,0.16333143,0.21999997,0.23999996,44800
hardzero_plus_depr__c0p50__z1p00__lam0p020__nu0p50__psi0p75,hardzero_plus_depr,0.06,33,14,0.0,2,0.035107777,0.040572785,0.9623874,0.10904672,0.10904672,1.0,0.0054650083,0.05011621,-26.250668,2.1172945,0.7057649,0.224,0.0,0.13203003,0.23999996,0.25999996,48000
hardzero_plus_depr__c0p50__z1p00__lam0p020__nu0p50__psi0p75,hardzero_plus_depr,0.06,33,15,0.0,2,0.040572785,0.040572785,1.0572994,0.0,0.08763964,0.0,0.0,0.049370084,-27.63096,2.326105,0.7753684,0.096,0.0,0.13908991,0.25999996,0.27999997,51200
hardzero_plus_depr__c0p50__z1p00__lam0p020__nu0p50__psi0p75,hardzero_plus_depr,0.06,33,16,0.0,2,0.040572785,0.045784667,0.96995485,0.107163064,0.107163064,1.0,0.0052118814,0.048635054,-26.357967,2.1339433,0.71131444,0.17600001,0.0,0.17075779,0.27999997,0.29999998,54400
hardzero_plus_depr__c0p50__z1p00__lam0p020__nu0p50__psi0p75,hardzero_plus_depr,0.06,33,17,0.0,2,0.045784667,0.045784667,1.0442561,0.0,0.090311676,0.0,0.0,0.047910973,-28.161463,2.2974093,0.7658031,0.120000005,0.0,0.17427196,0.29999998,0.32,57600
hardzero_plus_depr__c0p50__z1p00__lam0p020__nu0p50__psi0p75,hardzero_plus_depr,0.06,33,18,0.0,2,0.045784667,0.045784667,1.0481142,0.0,0.089512944,0.0,0.0,0.047197673,-27.502838,2.3058972,0.7686324,0.18400002,0.0,0.13677971,0.32,0.34,60800
hardzero_plus_depr__c0p50__z1p00__lam0p020__nu0p50__psi0p75,hardzero_plus_depr,0.06,33,19,0.0,2,0.045784667,0.050773926,0.96937,0.107307486,0.107307486,1.0,0.0049892603,0.04649499,-26.137745,2.1326566,0.7108855,0.136,0.0,0.15169962,0.34,0.36,64000
hardzero_plus_depr__c0p50__z1p00__lam0p020__nu0p50__psi0p75,hardzero_plus_depr,0.06,33,20,0.0,2,0.050773926,0.055790905,0.9604495,0.109534375,0.109534375,1.0,0.0050169774,0.04580277,-25.192532,2.1130311,0.70434374,0.192,0.0,0.13617821,0.36,0.38000003,67200
hardzero_plus_depr__c0p50__z1p00__lam0p020__nu0p50__psi0p75,hardzero_plus_depr,0.06,33,21,0.0,2,0.055790905,0.055790905,1.0413675,0.0,0.090914354,0.0,0.0,0.045120854,-27.731096,2.2910542,0.76368475,0.072000004,0.0,0.13718028,0.38000003,0.40000004,70400
hardzero_plus_depr__c0p50__z1p00__lam0p020__nu0p50__psi0p75,hardzero_plus_depr,0.06,33,22,0.0,2,0.055790905,0.055790905,1.0044003,0.0,0.0989919,0.0,0.0,0.04444909,-26.584553,2.2097247,0.7365749,0.16800001,0.0,0.13905774,0.40000004,0.42000005,73600
hardzero_plus_depr__c0p50__z1p00__lam0p020__nu0p50__psi0p75,hardzero_plus_depr,0.06,33,23,0.0,2,0.055790905,0.060345177,0.98292965,0.10400886,0.10400886,1.0,0.0045542703,0.04378733,-25.895376,2.1624885,0.7208295,0.15200001,0.0,0.14075631,0.42000005,0.44000006,76800
hardzero_plus_depr__c0p50__z1p00__lam0p020__nu0p50__psi0p75,hardzero_plus_depr,0.06,33,24,0.0,2,0.060345177,0.060345177,1.0140855,0.0,0.09680872,0.0,0.0,0.043135423,-26.727448,2.2310326,0.74367756,0.2,0.0,0.1379082,0.44000006,0.46000007,80000
hardzero_plus_depr__c0p50__z1p00__lam0p020__nu0p50__psi0p75,hardzero_plus_depr,0.06,33,25,0.0,2,0.060345177,0.06497048,0.9631798,0.10884793,0.10884793,1.0,0.0046252985,0.042493217,-26.608364,2.1190379,0.706346,0.296,0.0,0.1509236,0.46000007,0.48000008,83200
hardzero_plus_depr__c0p50__z1p00__lam0p020__nu0p50__psi0p75,hardzero_plus_depr,0.06,33,26,0.0,2,0.06497048,0.06968213,0.9486323,0.11255575,0.11255575,1.0,0.0047116484,0.041860577,-26.000113,2.0870328,0.69567764,0.19,0.0,0.13929802,0.48000008,0.50000006,86400
hardzero_plus_depr__c0p50__z1p00__lam0p020__nu0p50__psi0p75,hardzero_plus_depr,0.06,33,27,0.0,2,0.06968213,0.07420715,0.95967025,0.10973109,0.10973109,1.0,0.00452502,0.041237354,-26.502396,2.1113167,0.70377225,0.14400001,0.0,0.14926586,0.50000006,0.52000004,89600
hardzero_plus_depr__c0p50__z1p00__lam0p020__nu0p50__psi0p75,hardzero_plus_depr,0.06,33,28,0.0,2,0.07420715,0.07876398,0.95011353,0.11217253,0.11217253,1.0,0.004556831,0.04062341,-26.462494,2.0902915,0.6967639,0.15200001,0.0,0.11983779,0.52000004,0.54,92800
hardzero_plus_depr__c0p50__z1p00__lam0p020__nu0p50__psi0p75,hardzero_plus_depr,0.06,33,29,0.0,2,0.07876398,0.08325591,0.94982886,0.112246074,0.112246074,1.0,0.0044919313,0.040018607,-26.539717,2.0896652,0.6965551,0.15200001,0.0,0.1420845,0.54,0.56,96000
hardzero_plus_depr__c0p50__z1p00__lam0p020__nu0p50__psi0p75,hardzero_plus_depr,0.06,33,30,0.0,2,0.08325591,0.08776556,0.9416043,0.11439199,0.11439199,1.0,0.0045096534,0.039422806,-25.909138,2.0715709,0.6905236,0.23200001,0.0,0.11361921,0.56,0.58,99200
hardzero_plus_depr__c0p50__z1p00__lam0p020__nu0p50__psi0p75,hardzero_plus_depr,0.06,33,31,0.0,2,0.08776556,0.0922306,0.9394075,0.114972085,0.114972085,1.0,0.004465042,0.03883588,-26.26107,2.066738,0.68891263,0.17600001,0.008,0.114394486,0.58,0.59999996,102400
hardzero_plus_depr__c0p50__z1p00__lam0p020__nu0p50__psi0p75,hardzero_plus_depr,0.06,33,32,0.0,2,0.0922306,0.09682635,0.92036253,0.12012612,0.12012612,1.0,0.0045957477,0.03825769,-25.675499,2.024838,0.674946,0.208,0.0,0.1659257,0.59999996,0.61999995,105600
hardzero_plus_depr__c0p50__z1p00__lam0p020__nu0p50__psi0p75,hardzero_plus_depr,0.06,33,33,0.0,2,0.09682635,0.101399414,0.915997,0.12133971,0.12133971,1.0,0.004573064,0.037688106,-25.217302,2.0152338,0.6717446,0.224,0.0,0.13206193,0.61999995,0.6399999,108800
hardzero_plus_depr__c0p50__z1p00__lam0p020__nu0p50__psi0p75,hardzero_plus_depr,0.06,33,34,0.0,2,0.101399414,0.101399414,1.0312667,0.0,0.09305362,0.0,0.0,0.037127007,-27.23934,2.268832,0.7562773,0.14400001,0.0,0.13961968,0.6399999,0.6599999,112000
hardzero_plus_depr__c0p50__z1p00__lam0p020__nu0p50__psi0p75,hardzero_plus_depr,0.06,33,35,0.0,2,0.101399414,0.101399414,1.011132,0.0,0.09746933,0.0,0.0,0.03657426,-27.223047,2.2245347,0.7415116,0.15200001,0.0,0.14423609,0.6599999,0.6799999,115200
hardzero_plus_depr__c0p50__z1p00__lam0p020__nu0p50__psi0p75,hardzero_plus_depr,0.06,33,36,0.0,2,0.101399414,0.101399414,1.0771605,0.0,0.08372198,0.0,0.0,0.036029737,-28.980997,2.3698003,0.78993344,0.17600001,0.0,0.18518154,0.6799999,0.69999987,118400
hardzero_plus_depr__c0p50__z1p00__lam0p020__nu0p50__psi0p75,hardzero_plus_depr,0.06,33,37,0.0,2,0.101399414,0.101399414,1.0306926,0.0,0.093176715,0.0,0.0,0.035493325,-28.103977,2.2675688,0.7558563,0.16800001,0.0,0.18224636,0.69999987,0.71999985,121600
hardzero_plus_depr__c0p50__z1p00__lam0p020__nu0p50__psi0p75,hardzero_plus_depr,0.06,33,38,0.0,2,0.101399414,0.101399414,1.0299683,0.0,0.093332246,0.0,0.0,0.034964897,-27.372025,2.2659755,0.7553252,0.14400001,0.0,0.20966123,0.71999985,0.73999983,124800
hardzero_plus_depr__c0p50__z1p00__lam0p020__nu0p50__psi0p75,hardzero_plus_depr,0.06,33,39,0.0,2,0.101399414,0.10484599,0.99972963,0.100062266,0.100062266,1.0,0.0034465787,0.03444434,-26.70358,2.199449,0.7331497,0.24,0.0,0.16931273,0.73999983,0.7599998,128000
hardzero_plus_depr__c0p50__z1p00__lam0p020__nu0p50__psi0p75,hardzero_plus_depr,0.06,33,40,0.0,2,0.10484599,0.108304694,0.9916903,0.101931795,0.101931795,1.0,0.0034587015,0.033931527,-26.900244,2.1817622,0.7272541,0.136,0.0,0.1389998,0.7599998,0.7799998,131200
hardzero_plus_depr__c0p50__z1p00__lam0p020__nu0p50__psi0p75,hardzero_plus_depr,0.06,33,41,0.0,2,0.108304694,0.108304694,1.0690006,0.0,0.085309885,0.0,0.0,0.03342635,-27.814838,2.3518484,0.7839495,0.096,0.0,0.16619934,0.7799998,0.7999998,134400
hardzero_plus_depr__c0p50__z1p00__lam0p020__nu0p50__psi0p75,hardzero_plus_depr,0.06,33,42,0.0,2,0.108304694,0.108304694,1.0766836,0.0,0.08381396,0.0,0.0,0.0329287,-28.583174,2.3687513,0.7895838,0.15200001,0.0,0.18295176,0.7999998,0.81999975,137600
hardzero_plus_depr__c0p50__z1p00__lam0p020__nu0p50__psi0p75,hardzero_plus_depr,0.06,33,43,0.0,2,0.108304694,0.111590825,0.9943753,0.10130356,0.10130356,1.0,0.0032861317,0.03243846,-26.184357,2.1876693,0.72922313,0.16000001,0.008,0.14363763,0.81999975,0.83999974,140800
hardzero_plus_depr__c0p50__z1p00__lam0p020__nu0p50__psi0p75,hardzero_plus_depr,0.06,33,44,0.0,2,0.111590825,0.111590825,1.019997,0.0,0.09549991,0.0,0.0,0.031955514,-27.048157,2.244038,0.7480127,0.15200001,0.0,0.14658754,0.83999974,0.8599997,144000
hardzero_plus_depr__c0p50__z1p00__lam0p020__nu0p50__psi0p75,hardzero_plus_depr,0.06,33,45,0.0,2,0.111590825,0.11494451,0.97250926,0.1065346,0.1065346,1.0,0.0033536837,0.03147976,-26.370647,2.139563,0.7131877,0.18400002,0.0,0.11673711,0.8599997,0.8799997,147200
hardzero_plus_depr__c0p50__z1p00__lam0p020__nu0p50__psi0p75,hardzero_plus_depr,0.06,33,46,0.0,2,0.11494451,0.11494451,1.0081322,0.0,0.098144904,0.0,0.0,0.031011084,-26.69612,2.217935,0.7393117,0.208,0.0,0.16405126,0.8799997,0.8999997,150400
hardzero_plus_depr__c0p50__z1p00__lam0p020__nu0p50__psi0p75,hardzero_plus_depr,0.06,33,47,0.0,2,0.11494451,0.11494451,1.0139933,0.0,0.09682929,0.0,0.0,0.03054939,-26.099344,2.2308297,0.7436099,0.136,0.0,0.17374086,0.8999997,0.91999966,153600
hardzero_plus_depr__c0p50__z1p00__lam0p020__nu0p50__psi0p75,hardzero_plus_depr,0.06,33,48,0.0,2,0.11494451,0.118047774,0.9866689,0.10311718,0.10311718,1.0,0.0031032672,0.03009457,-27.845442,2.1707149,0.72357166,0.14400001,0.0,0.14067206,0.91999966,0.93999964,156800
hardzero_plus_depr__c0p50__z1p00__lam0p020__nu0p50__psi0p75,hardzero_plus_depr,0.06,33,49,0.0,2,0.118047774,0.121260144,0.96514845,0.108355634,0.108355634,1.0,0.0032123677,0.029646521,-26.60261,2.123369,0.70778966,0.23200001,0.0,0.15611838,0.93999964,0.9599996,160000
hardzero_plus_depr__c0p50__z1p00__lam0p020__nu0p50__psi0p75,hardzero_plus_depr,0.06,33,50,0.0,2,0.121260144,0.121260144,1.0587829,0.0,0.08734079,0.0,0.0,0.029205143,-28.230072,2.329369,0.77645636,0.136,0.0,0.16995576,0.9599996,0.9799996,163200
hardzero_plus_depr__c0p50__z1p00__lam0p020__nu0p50__psi0p75,hardzero_plus_depr,0.06,33,51,0.0,2,0.121260144,0.121260144,1.0162004,0.0,0.09633842,0.0,0.0,0.028770335,-27.826982,2.2356856,0.7452285,0.192,0.0,0.18503034,0.9799996,0.9999996,166400
hardzero_plus_depr__c0p50__z1p00__lam0p020__nu0p50__psi0p75,hardzero_plus_depr,0.06,33,52,0.0,2,0.121260144,0.121260144,1.0152258,0.0,0.09655487,0.0,0.0,0.028342001,-27.12514,2.2335413,0.74451375,0.16,0.0,0.13143574,0.9999996,1.0199996,169600
hardzero_plus_depr__c0p50__z1p00__lam0p020__nu0p50__psi0p75,hardzero_plus_depr,0.06,33,53,0.0,2,0.121260144,0.12417942,0.9806401,0.10455863,0.10455863,1.0,0.0029192816,0.027920043,-27.040178,2.1574514,0.7191505,0.224,0.0,0.14422105,1.0199996,1.0399996,172800
hardzero_plus_depr__c0p50__z1p00__lam0p020__nu0p50__psi0p75,hardzero_plus_depr,0.06,33,54,0.0,2,0.12417942,0.12727343,0.94888115,0.11249129,0.11249129,1.0,0.0030940017,0.027504368,-25.931028,2.0875802,0.6958601,0.208,0.0,0.12785007,1.0399996,1.0599996,176000
hardzero_plus_depr__c0p50__z1p00__lam0p020__nu0p50__psi0p75,hardzero_plus_depr,0.06,33,55,0.0,2,0.12727343,0.12727343,1.0098712,0.0,0.09775269,0.0,0.0,0.027094882,-26.510283,2.2217612,0.7405871,0.15200001,0.0,0.15595812,1.0599996,1.0799996,179200
hardzero_plus_depr__c0p50__z1p00__lam0p020__nu0p50__psi0p75,hardzero_plus_depr,0.06,33,56,0.0,2,0.12727343,0.1300073,0.9895941,0.10242497,0.10242497,1.0,0.0027338753,0.026691493,-26.582287,2.1771505,0.7257168,0.15200001,0.0,0.12971206,1.0799996,1.0999995,182400
hardzero_plus_depr__c0p50__z1p00__lam0p020__nu0p50__psi0p75,hardzero_plus_depr,0.06,33,57,0.0,2,0.1300073,0.1300073,1.0217961,0.0,0.09510512,0.0,0.0,0.026294107,-27.332468,2.2479963,0.74933213,0.104,0.0,0.13811383,1.0999995,1.1199995,185600
hardzero_plus_depr__c0p50__z1p00__lam0p020__nu0p50__psi0p75,hardzero_plus_depr,0.06,33,58,0.0,2,0.1300073,0.1300073,1.015447,0.0,0.09650571,0.0,0.0,0.025902638,-27.101355,2.234028,0.74467605,0.136,0.0,0.14285077,1.1199995,1.1399995,188800
hardzero_plus_depr__c0p50__z1p00__lam0p020__nu0p50__psi0p75,hardzero_plus_depr,0.06,33,59,0.0,2,0.1300073,0.13273406,0.9711828,0.106860496,0.106860496,1.0,0.0027267593,0.025517,-26.428574,2.1366448,0.71221495,0.136,0.0,0.11685874,1.1399995,1.1599995,192000
hardzero_plus_depr__c0p50__z1p00__lam0p020__nu0p50__psi0p75,hardzero_plus_depr,0.06,33,60,0.0,2,0.13273406,0.1352974,0.99150836,0.1019745,0.1019745,1.0,0.0025633434,0.0251371,-26.177006,2.181362,0.72712064,0.224,0.0,0.1503789,1.1599995,1.1799995,195200
hardzero_plus_depr__c0p50__z1p00__lam0p020__nu0p50__psi0p75,hardzero_plus_depr,0.06,33,61,0.0,2,0.1352974,0.13821891,0.92819476,0.117979124,0.117979124,1.0,0.0029215007,0.024762861,-25.350086,2.0420692,0.68068975,0.224,0.0,0.110934325,1.1799995,1.1999995,198400
hardzero_plus_depr__c0p50__z1p00__lam0p020__nu0p50__psi0p75,hardzero_plus_depr,0.06,33,62,0.0,2,0.13821891,0.13821891,1.0159138,0.0,0.09640201,0.0,0.0,0.02439419,-27.104586,2.235055,0.74501836,0.18400002,0.0,0.16024423,1.1999995,1.2199994,201600
hardzero_plus_depr__c0p50__z1p00__lam0p020__nu0p50__psi0p75,hardzero_plus_depr,0.06,33,63,0.0,2,0.13821891,0.1407767,0.9729072,0.10643703,0.10643703,1.0,0.002557789,0.024031008,-26.718676,2.1404386,0.7134795,0.18400002,0.0,0.14644843,1.2199994,1.2399994,204800
hardzero_plus_depr__c0p50__z1p00__lam0p020__nu0p50__psi0p75,hardzero_plus_depr,0.06,33,64,0.0,2,0.1407767,0.1407767,1.0685647,0.0,0.08539556,0.0,0.0,0.023673233,-28.328846,2.3508892,0.7836298,0.120000005,0.0,0.18185216,1.2399994,1.2599994,208000
hardzero_plus_depr__c0p50__z1p00__lam0p020__nu0p50__psi0p75,hardzero_plus_depr,0.06,33,65,0.0,2,0.1407767,0.14325479,0.97362566,0.10626112,0.10626112,1.0,0.0024780927,0.023320785,-26.9341,2.1420193,0.7140064,0.14,0.0,0.14730485,1.2599994,1.2799994,211200
hardzero_plus_depr__c0p50__z1p00__lam0p020__nu0p50__psi0p75,hardzero_plus_depr,0.06,33,66,0.0,2,0.14325479,0.14325479,1.0000638,0.0,0.09998531,0.0,0.0,0.022973582,-27.26995,2.2001843,0.7333948,0.120000005,0.0,0.13156317,1.2799994,1.2999994,214400
hardzero_plus_depr__c0p50__z1p00__lam0p020__nu0p50__psi0p75,hardzero_plus_depr,0.06,33,67,0.0,2,0.14325479,0.14574319,0.9587943,0.10995264,0.10995264,1.0,0.0024883987,0.02263155,-25.98062,2.1093895,0.7031299,0.14400001,0.0,0.122648016,1.2999994,1.3199993,217600
hardzero_plus_depr__c0p50__z1p00__lam0p020__nu0p50__psi0p75,hardzero_plus_depr,0.06,33,68,0.0,2,0.14574319,0.14574319,1.0453178,0.0,0.09009118,0.0,0.0,0.022294613,-26.688282,2.299745,0.7665817,0.120000005,0.0,0.15414377,1.3199993,1.3399993,220800
hardzero_plus_depr__c0p50__z1p00__lam0p020__nu0p50__psi0p75,hardzero_plus_depr,0.06,33,69,0.0,2,0.14574319,0.14574319,1.0278648,0.0,0.09378538,0.0,0.0,0.02196269,-27.686138,2.2613478,0.75378263,0.15200001,0.0,0.16673157,1.3399993,1.3599993,224000
hardzero_plus_depr__c0p50__z1p00__lam0p020__nu0p50__psi0p75,hardzero_plus_depr,0.06,33,70,0.0,2,0.14574319,0.14801475,0.97884554,0.10499156,0.10499156,1.0,0.0022715668,0.021635707,-26.91749,2.1535032,0.7178344,0.14400001,0.0,0.1498776,1.3599993,1.3799993,227200
hardzero_plus_depr__c0p50__z1p00__lam0p020__nu0p50__psi0p75,hardzero_plus_depr,0.06,33,71,0.0,2,0.14801475,0.15022726,0.9837728,0.10380713,0.10380713,1.0,0.002212503,0.021313595,-27.022306,2.1643434,0.7214478,0.2,0.0,0.14055926,1.3799993,1.3999993,230400
hardzero_plus_depr__c0p50__z1p00__lam0p020__nu0p50__psi0p75,hardzero_plus_depr,0.06,33,72,0.0,2,0.15022726,0.15022726,1.0365039,0.0,0.09193823,0.0,0.0,0.020996276,-28.265083,2.2803543,0.7601181,0.14400001,0.0,0.12246171,1.3999993,1.4199992,233600
hardzero_plus_depr__c0p50__z1p00__lam0p020__nu0p50__psi0p75,hardzero_plus_depr,0.06,33,73,0.0,2,0.15022726,0.15284066,0.89842385,0.12635025,0.12635025,1.0,0.0026133887,0.020683683,-24.957535,1.9765719,0.65885735,0.24000001,0.0,0.13037226,1.4199992,1.4399992,236800
hardzero_plus_depr__c0p50__z1p00__lam0p020__nu0p50__psi0p75,hardzero_plus_depr,0.06,33,74,0.0,2,0.15284066,0.15509969,0.9551926,0.11086829,0.11086829,1.0,0.0022590237,0.020375742,-26.145937,2.1014657,0.70048857,0.14400001,0.0,0.13511778,1.4399992,1.4599992,240000
hardzero_plus_depr__c0p50__z1p00__lam0p020__nu0p50__psi0p75,hardzero_plus_depr,0.06,33,75,0.0,2,0.15509969,0.15509969,1.0299122,0.0,0.093344286,0.0,0.0,0.020072388,-27.278486,2.2658522,0.7552841,0.136,0.0,0.1666467,1.4599992,1.4799992,243200
hardzero_plus_depr__c0p50__z1p00__lam0p020__nu0p50__psi0p75,hardzero_plus_depr,0.06,33,76,0.0,2,0.15509969,0.15509969,1.0098968,0.0,0.09774695,0.0,0.0,0.019773548,-27.560781,2.2218173,0.7406058,0.16000001,0.0,0.1290687,1.4799992,1.4999992,246400
hardzero_plus_depr__c0p50__z1p00__lam0p020__nu0p50__psi0p75,hardzero_plus_depr,0.06,33,77,0.0,2,0.15509969,0.15735257,0.9368325,0.11565583,0.11565583,1.0,0.0022528782,0.019479157,-25.478535,2.0610726,0.68702424,0.136,0.0,0.14832899,1.4999992,1.5199991,249600
hardzero_plus_depr__c0p50__z1p00__lam0p020__nu0p50__psi0p75,hardzero_plus_depr,0.06,33,78,0.0,2,0.15735257,0.15735257,1.0135732,0.0,0.09692299,0.0,0.0,0.019189153,-27.662685,2.2299056,0.74330187,0.16,0.0,0.16779013,1.5199991,1.5399991,252800
hardzero_plus_depr__c0p50__z1p00__lam0p020__nu0p50__psi0p75,hardzero_plus_depr,0.06,33,79,0.0,2,0.15735257,0.15735257,1.0197663,0.0,0.09555065,0.0,0.0,0.018903462,-27.772291,2.2435308,0.7478436,0.2,0.0,0.16251996,1.5399991,1.5599991,256000
hardzero_plus_depr__c0p50__z1p00__lam0p020__nu0p50__psi0p75,hardzero_plus_depr,0.06,33,80,0.0,2,0.15735257,0.15930225,0.980062,0.104697905,0.104697905,1.0,0.0019496875,0.01862203,-26.52172,2.1561794,0.7187265,0.256,0.0,0.13723195,1.5599991,1.5799991,259200
hardzero_plus_depr__c0p50__z1p00__lam0p020__nu0p50__psi0p75,hardzero_plus_depr,0.06,33,81,0.0,2,0.15930225,0.15930225,1.0050241,0.0,0.09884983,0.0,0.0,0.018344784,-27.309565,2.2110972,0.7370324,0.17600001,0.0,0.1445499,1.5799991,1.5999991,262400
hardzero_plus_depr__c0p50__z1p00__lam0p020__nu0p50__psi0p75,hardzero_plus_depr,0.06,33,82,0.0,2,0.15930225,0.16119492,0.97992253,0.10473153,0.10473153,1.0,0.0018926731,0.018071664,-26.810673,2.1558726,0.71862423,0.16000001,0.0,0.14005573,1.5999991,1.619999,265600
hardzero_plus_depr__c0p50__z1p00__lam0p020__nu0p50__psi0p75,hardzero_plus_depr,0.06,33,83,0.0,2,0.16119492,0.16310284,0.9699256,0.10717029,0.10717029,1.0,0.0019079112,0.017802613,-26.25809,2.133879,0.711293,0.15200001,0.0,0.1467489,1.619999,1.639999,268800
hardzero_plus_depr__c0p50__z1p00__lam0p020__nu0p50__psi0p75,hardzero_plus_depr,0.06,33,84,0.0,2,0.16310284,0.16310284,1.0620567,0.0,0.086684875,0.0,0.0,0.017537566,-27.199814,2.3365712,0.7788571,0.18400002,0.0,0.13747549,1.639999,1.659999,272000
hardzero_plus_depr__c0p50__z1p00__lam0p020__nu0p50__psi0p75,hardzero_plus_depr,0.06,33,85,0.0,2,0.16310284,0.16310284,1.0157312,0.0,0.096442565,0.0,0.0,0.017276466,-28.021431,2.2346532,0.74488443,0.16000001,0.0,0.15333891,1.659999,1.679999,275200
hardzero_plus_depr__c0p50__z1p00__lam0p020__nu0p50__psi0p75,hardzero_plus_depr,0.06,33,86,0.0,2,0.16310284,0.16486266,0.98546976,0.1034023,0.1034023,1.0,0.0017598299,0.017019253,-26.843534,2.1680768,0.72269225,0.136,0.0,0.14654155,1.679999,1.699999,278400
hardzero_plus_depr__c0p50__z1p00__lam0p020__nu0p50__psi0p75,hardzero_plus_depr,0.06,33,87,0.0,2,0.16486266,0.16486266,1.045245,0.0,0.09010626,0.0,0.0,0.01676587,-27.45854,2.299585,0.76652837,0.14400001,0.0,0.15951839,1.699999,1.719999,281600
hardzero_plus_depr__c0p50__z1p00__lam0p020__nu0p50__psi0p75,hardzero_plus_depr,0.06,33,88,0.0,2,0.16486266,0.16486266,1.0507116,0.0,0.08897917,0.0,0.0,0.016516259,-27.947174,2.3116117,0.77053726,0.128,0.0,0.17217027,1.719999,1.7399989,284800
hardzero_plus_depr__c0p50__z1p00__lam0p020__nu0p50__psi0p75,hardzero_plus_depr,0.06,33,89,0.0,2,0.16486266,0.16486266,1.038592,0.0,0.09149725,0.0,0.0,0.016270366,-27.233553,2.284948,0.76164937,0.192,0.0,0.16056119,1.7399989,1.7599989,288000
hardzero_plus_depr__c0p50__z1p00__lam0p020__nu0p50__psi0p75,hardzero_plus_depr,0.06,33,90,0.0,2,0.16486266,0.16486266,1.0178986,0.0,0.095962465,0.0,0.0,0.01602813,-27.47275,2.2394216,0.7464739,0.16800001,0.0,0.17217751,1.7599989,1.7799989,291200
hardzero_plus_depr__c0p50__z1p00__lam0p020__nu0p50__psi0p75,hardzero_plus_depr,0.06,33,91,0.0,2,0.16486266,0.16486266,1.019659,0.0,0.09557426,0.0,0.0,0.015789503,-27.0756,2.2432947,0.74776495,0.17999999,0.0,0.15867905,1.7799989,1.7999989,294400
hardzero_plus_depr__c0p50__z1p00__lam0p020__nu0p50__psi0p75,hardzero_plus_depr,0.06,33,92,0.0,2,0.16486266,0.16645654,0.9894012,0.10247047,0.10247047,1.0,0.0015938696,0.015554428,-26.90474,2.176726,0.7255754,0.15200001,0.0,0.14447193,1.7999989,1.8199989,297600
hardzero_plus_depr__c0p50__z1p00__lam0p020__nu0p50__psi0p75,hardzero_plus_depr,0.06,33,93,0.0,2,0.16645654,0.16800897,0.99432683,0.101314865,0.101314865,1.0,0.0015524329,0.015322854,-27.49701,2.1875627,0.7291876,0.136,0.0,0.13683726,1.8199989,1.8399988,300800
hardzero_plus_depr__c0p50__z1p00__lam0p020__nu0p50__psi0p75,hardzero_plus_depr,0.06,33,94,0.0,2,0.16800897,0.16800897,1.005617,0.0,0.098714955,0.0,0.0,0.015094726,-27.66744,2.2124016,0.7374672,0.208,0.008,0.17595075,1.8399988,1.8599988,304000
hardzero_plus_depr__c0p50__z1p00__lam0p020__nu0p50__psi0p75,hardzero_plus_depr,0.06,33,95,0.0,2,0.16800897,0.16960955,0.9680352,0.1076378,0.1076378,1.0,0.0016005735,0.0148699945,-26.469028,2.12972,0.7099067,0.208,0.0,0.14966607,1.8599988,1.8799988,307200
hardzero_plus_depr__c0p50__z1p00__lam0p020__nu0p50__psi0p75,hardzero_plus_depr,0.06,33,96,0.0,2,0.16960955,0.17111377,0.9884808,0.102687865,0.102687865,1.0,0.0015042345,0.01464861,-26.697298,2.1747012,0.7249004,0.2,0.0,0.13002571,1.8799988,1.8999988,310400
hardzero_plus_depr__c0p50__z1p00__lam0p020__nu0p50__psi0p75,hardzero_plus_depr,0.06,33,97,0.0,2,0.17111377,0.17111377,1.0063772,0.0,0.0985423,0.0,0.0,0.01443052,-27.615477,2.2140741,0.7380247,0.120000005,0.0,0.15038446,1.8999988,1.9199988,313600
hardzero_plus_depr__c0p50__z1p00__lam0p020__nu0p50__psi0p75,hardzero_plus_depr,0.06,33,98,0.0,2,0.17111377,0.17254911,0.9958133,0.10096868,0.10096868,1.0,0.0014353383,0.014215678,-26.723392,2.190833,0.7302777,0.24000001,0.0,0.17964326,1.9199988,1.9399987,316800
hardzero_plus_depr__c0p50__z1p00__lam0p020__nu0p50__psi0p75,hardzero_plus_depr,0.06,33,99,0.0,2,0.17254911,0.17254911,1.0318735,0.0,0.0929237,0.0,0.0,0.014004034,-27.92259,2.2701669,0.75672233,0.18400002,0.0,0.1442138,1.9399987,1.9599987,320000
hardzero_plus_depr__c0p50__z1p00__lam0p020__nu0p50__psi0p75,hardzero_plus_depr,0.06,33,100,0.0,2,0.17254911,0.17402059,0.9719841,0.1066635,0.1066635,1.0,0.0014714809,0.0137955425,-25.943142,2.1384077,0.7128026,0.112,0.0,0.13719991,1.9599987,1.9799987,323200
hardzero_plus_depr__c0p50__z1p00__lam0p020__nu0p50__psi0p75,hardzero_plus_depr,0.06,33,101,0.0,2,0.17402059,0.17539424,0.995349,0.101076685,0.101076685,1.0,0.0013736476,0.013590153,-27.666906,2.1898115,0.7299372,0.18400002,0.0,0.1892452,1.9799987,1.9999987,326400
hardzero_plus_depr__c0p50__z1p00__lam0p020__nu0p50__psi0p75,hardzero_plus_depr,0.06,33,102,0.0,2,0.17539424,0.17682286,0.97179437,0.10671013,0.10671013,1.0,0.0014286163,0.0133878235,-26.502985,2.1379902,0.7126634,0.16800001,0.0,0.1539757,1.9999987,2.0199988,329600
hardzero_plus_depr__c0p50__z1p00__lam0p020__nu0p50__psi0p75,hardzero_plus_depr,0.06,33,103,0.0,2,0.17682286,0.17682286,1.0069618,0.0,0.098409764,0.0,0.0,0.013188502,-26.957901,2.2153602,0.7384534,0.16000001,0.0,0.15488246,2.0199988,2.0399988,332800
hardzero_plus_depr__c0p50__z1p00__lam0p020__nu0p50__psi0p75,hardzero_plus_depr,0.06,33,104,0.0,2,0.17682286,0.1781253,0.99892217,0.10024848,0.10024848,1.0,0.0013024437,0.012992154,-26.741747,2.1976726,0.73255754,0.14999999,0.0,0.14793412,2.0399988,2.0599988,336000
hardzero_plus_depr__c0p50__z1p00__lam0p020__nu0p50__psi0p75,hardzero_plus_depr,0.06,33,105,0.0,2,0.1781253,0.1781253,1.0262319,0.0,0.094138674,0.0,0.0,0.012798723,-28.320957,2.2577553,0.7525851,0.17600001,0.0,0.17909163,2.0599988,2.0799987,339200
hardzero_plus_depr__c0p50__z1p00__lam0p020__nu0p50__psi0p75,hardzero_plus_depr,0.06,33,106,0.0,2,0.1781253,0.17953023,0.9530006,0.1114293,0.1114293,1.0,0.0014049202,0.012608176,-26.574478,2.0966432,0.6988811,0.2,0.0,0.14234725,2.0799987,2.0999987,342400
hardzero_plus_depr__c0p50__z1p00__lam0p020__nu0p50__psi0p75,hardzero_plus_depr,0.06,33,107,0.0,2,0.17953023,0.17953023,1.0508507,0.0,0.088950686,0.0,0.0,0.012420464,-27.759336,2.3119178,0.7706393,0.128,0.0,0.1545897,2.0999987,2.1199987,345600
hardzero_plus_depr__c0p50__z1p00__lam0p020__nu0p50__psi0p75,hardzero_plus_depr,0.06,33,108,0.0,2,0.17953023,0.1808374,0.97129726,0.10683234,0.10683234,1.0,0.0013071523,0.012235549,-26.862612,2.1368966,0.71229887,0.120000005,0.0,0.147709,2.1199987,2.1399987,348800
hardzero_plus_depr__c0p50__z1p00__lam0p020__nu0p50__psi0p75,hardzero_plus_depr,0.06,33,109,0.0,2,0.1808374,0.18206653,0.99150705,0.10197482,0.10197482,1.0,0.0012291417,0.012053384,-26.624529,2.181359,0.7271197,0.16000001,0.0,0.13212104,2.1399987,2.1599987,352000
hardzero_plus_depr__c0p50__z1p00__lam0p020__nu0p50__psi0p75,hardzero_plus_depr,0.06,33,110,0.0,2,0.18206653,0.18329088,0.9866852,0.10311332,0.10311332,1.0,0.0012243609,0.011873934,-26.32131,2.1707509,0.72358364,0.224,0.0,0.135135,2.1599987,2.1799986,355200
hardzero_plus_depr__c0p50__z1p00__lam0p020__nu0p50__psi0p75,hardzero_plus_depr,0.06,33,111,0.0,2,0.18329088,0.18329088,1.0018854,0.0,0.0995668,0.0,0.0,0.011697154,-26.554806,2.204192,0.73473066,0.104,0.0,0.12766884,2.1799986,2.1999986,358400
hardzero_plus_depr__c0p50__z1p00__lam0p020__nu0p50__psi0p75,hardzero_plus_depr,0.06,33,112,0.0,2,0.18329088,0.18329088,1.0145824,0.0,0.09669802,0.0,0.0,0.011523007,-26.684725,2.2321258,0.7440419,0.17600001,0.0,0.1527082,2.1999986,2.2199986,361600
hardzero_plus_depr__c0p50__z1p00__lam0p020__nu0p50__psi0p75,hardzero_plus_depr,0.06,33,113,0.0,2,0.18329088,0.18445796,0.9879514,0.102813125,0.102813125,1.0,0.001167078,0.011351449,-27.068699,2.1735365,0.7245122,0.18400002,0.0,0.13358025,2.2199986,2.2399986,364800
hardzero_plus_depr__c0p50__z1p00__lam0p020__nu0p50__psi0p75,hardzero_plus_depr,0.06,33,114,0.0,2,0.18445796,0.18581426,0.916179,0.12128889,0.12128889,1.0,0.0013563071,0.011182451,-25.58693,2.015634,0.67187804,0.24800001,0.0,0.13523768,2.2399986,2.2599986,368000
hardzero_plus_depr__c0p50__z1p00__lam0p020__nu0p50__psi0p75,hardzero_plus_depr,0.06,33,115,0.0,2,0.18581426,0.18692794,0.99525857,0.10109774,0.10109774,1.0,0.0011136893,0.011015966,-27.705786,2.1896126,0.7298709,0.216,0.008,0.15635793,2.2599986,2.2799985,371200
hardzero_plus_depr__c0p50__z1p00__lam0p020__nu0p50__psi0p75,hardzero_plus_depr,0.06,33,116,0.0,2,0.18692794,0.18803242,0.9923532,0.10177634,0.10177634,1.0,0.0011044728,0.01085196,-26.236359,2.1832206,0.7277402,0.208,0.0,0.1522458,2.2799985,2.2999985,374400
hardzero_plus_depr__c0p50__z1p00__lam0p020__nu0p50__psi0p75,hardzero_plus_depr,0.06,33,117,0.0,2,0.18803242,0.18803242,1.0318607,0.0,0.09292642,0.0,0.0,0.010690395,-27.595383,2.270139,0.75671303,0.14999999,0.0,0.14101271,2.2999985,2.3199985,377600
hardzero_plus_depr__c0p50__z1p00__lam0p020__nu0p50__psi0p75,hardzero_plus_depr,0.06,33,118,0.0,2,0.18803242,0.18916138,0.9697997,0.10720137,0.10720137,1.0,0.0011289628,0.0105312355,-26.290009,2.133602,0.71120065,0.128,0.0,0.15794142,2.3199985,2.3399985,380800
hardzero_plus_depr__c0p50__z1p00__lam0p020__nu0p50__psi0p75,hardzero_plus_depr,0.06,33,119,0.0,2,0.18916138,0.19022588,0.9888173,0.10260836,0.10260836,1.0,0.0010645048,0.0103744455,-26.95608,2.1754415,0.7251472,0.136,0.0,0.11946701,2.3399985,2.3599985,384000
hardzero_plus_depr__c0p50__z1p00__lam0p020__nu0p50__psi0p75,hardzero_plus_depr,0.06,33,120,0.0,2,0.19022588,0.19022588,1.0172039,0.0,0.09611608,0.0,0.0,0.010219992,-26.665287,2.2378933,0.74596447,0.14400001,0.0,0.118833624,2.3599985,2.3799984,387200
hardzero_plus_depr__c0p50__z1p00__lam0p020__nu0p50__psi0p75,hardzero_plus_depr,0.06,33,121,0.0,2,0.19022588,0.19022588,1.0223061,0.0,0.09499352,0.0,0.0,0.010067834,-27.453262,2.2491183,0.74970615,0.136,0.0,0.15987056,2.3799984,2.3999984,390400
hardzero_plus_depr__c0p50__z1p00__lam0p020__nu0p50__psi0p75,hardzero_plus_depr,0.06,33,122,0.0,2,0.19022588,0.1913172,0.95847034,0.110034704,0.110034704,1.0,0.0010913182,0.009917946,-25.432833,2.108677,0.7028923,0.15200001,0.0,0.13448392,2.3999984,2.4199984,393600
hardzero_plus_depr__c0p50__z1p00__lam0p020__nu0p50__psi0p75,hardzero_plus_depr,0.06,33,123,0.0,2,0.1913172,0.19232889,0.98486286,0.10354692,0.10354692,1.0,0.001011683,0.009770286,-27.3076,2.1667416,0.72224724,0.15200001,0.0,0.12104709,2.4199984,2.4399984,396800
hardzero_plus_depr__c0p50__z1p00__lam0p020__nu0p50__psi0p75,hardzero_plus_depr,0.06,33,124,0.0,2,0.19232889,0.19333348,0.9814025,0.10437524,0.10437524,1.0,0.0010045936,0.009624826,-26.867105,2.1591287,0.7197096,0.24000001,0.0,0.13998565,2.4399984,2.4599984,400000
hardzero_plus_depr__c0p50__z1p00__lam0p020__nu0p50__psi0p75,hardzero_plus_depr,0.06,33,125,0.0,2,0.19333348,0.1942942,0.9942801,0.10132575,0.10132575,1.0,0.0009607231,0.00948153,-27.432512,2.18746,0.72915334,0.15200001,0.0,0.1859319,2.4599984,2.4799984,403200
hardzero_plus_depr__c0p50__z1p00__lam0p020__nu0p50__psi0p75,hardzero_plus_depr,0.06,33,126,0.0,2,0.1942942,0.1942942,1.0071962,0.0,0.098356664,0.0,0.0,0.009340369,-26.855091,2.2158759,0.7386253,0.15200001,0.0,0.1438395,2.4799984,2.4999983,406400
hardzero_plus_depr__c0p50__z1p00__lam0p020__nu0p50__psi0p75,hardzero_plus_depr,0.06,33,127,0.0,2,0.1942942,0.1942942,1.010891,0.0,0.09752344,0.0,0.0,0.009201309,-27.105219,2.2240045,0.74133486,0.128,0.0,0.13688695,2.4999983,2.5199983,409600
hardzero_plus_depr__c0p50__z1p00__lam0p020__nu0p50__psi0p75,hardzero_plus_depr,0.06,33,128,0.0,2,0.1942942,0.19522223,0.9897761,0.10238207,0.10238207,1.0,0.0009280239,0.0090643205,-26.455307,2.1775508,0.7258503,0.17600001,0.0,0.1550573,2.5199983,2.5399983,412800
hardzero_plus_depr__c0p50__z1p00__lam0p020__nu0p50__psi0p75,hardzero_plus_depr,0.06,33,129,0.0,2,0.19522223,0.19522223,1.0547551,0.0,0.08815458,0.0,0.0,0.008929369,-28.377398,2.3205075,0.7735025,0.128,0.0,0.1386185,2.5399983,2.5599983,416000
hardzero_plus_depr__c0p50__z1p00__lam0p020__nu0p50__psi0p75,hardzero_plus_depr,0.06,33,130,0.0,2,0.19522223,0.19522223,1.0265908,0.0,0.09406091,0.0,0.0,0.008796429,-27.43084,2.258545,0.7528483,0.16,0.0,0.15273057,2.5599983,2.5799983,419200
hardzero_plus_depr__c0p50__z1p00__lam0p020__nu0p50__psi0p75,hardzero_plus_depr,0.06,33,131,0.0,2,0.19522223,0.19612952,0.9800472,0.10470147,0.10470147,1.0,0.00090728706,0.008665467,-25.971172,2.156147,0.71871567,0.14400001,0.0,0.13791291,2.5799983,2.5999982,422400
hardzero_plus_depr__c0p50__z1p00__lam0p020__nu0p50__psi0p75,hardzero_plus_depr,0.06,33,132,0.0,2,0.19612952,0.19699486,0.99408776,0.101370655,0.101370655,1.0,0.00086534605,0.008536455,-26.25518,2.1870368,0.72901225,0.15200001,0.0,0.12947844,2.5999982,2.6199982,425600
hardzero_plus_depr__c0p50__z1p00__lam0p020__nu0p50__psi0p75,hardzero_plus_depr,0.06,33,133,0.0,2,0.19699486,0.19699486,1.0024914,0.0,0.099427976,0.0,0.0,0.008409364,-26.94867,2.205525,0.735175,0.16000001,0.0,0.13899268,2.6199982,2.6399982,428800
hardzero_plus_depr__c0p50__z1p00__lam0p020__nu0p50__psi0p75,hardzero_plus_depr,0.06,33,134,0.0,2,0.19699486,0.19699486,1.0138086,0.0,0.09687046,0.0,0.0,0.0082841655,-27.323566,2.2304235,0.7434745,0.2,0.0,0.13929333,2.6399982,2.6599982,432000
hardzero_plus_depr__c0p50__z1p00__lam0p020__nu0p50__psi0p75,hardzero_plus_depr,0.06,33,135,0.0,2,0.19699486,0.19782841,0.99079657,0.10214177,0.10214177,1.0,0.0008335615,0.00816083,-26.200365,2.179796,0.7265987,0.16800001,0.0,0.15567538,2.6599982,2.6799982,435200
hardzero_plus_depr__c0p50__z1p00__lam0p020__nu0p50__psi0p75,hardzero_plus_depr,0.06,33,136,0.0,2,0.19782841,0.19865401,0.98845255,0.10269455,0.10269455,1.0,0.0008255956,0.008039332,-26.245174,2.174639,0.7248797,0.216,0.0,0.14521231,2.6799982,2.6999981,438400
hardzero_plus_depr__c0p50__z1p00__lam0p020__nu0p50__psi0p75,hardzero_plus_depr,0.06,33,137,0.0,2,0.19865401,0.19947368,0.98506415,0.10349894,0.10349894,1.0,0.0008196744,0.00791964,-25.930128,2.1671844,0.7223948,0.120000005,0.0,0.1389975,2.6999981,2.7199981,441600
hardzero_plus_depr__c0p50__z1p00__lam0p020__nu0p50__psi0p75,hardzero_plus_depr,0.06,33,138,0.0,2,0.19947368,0.19947368,1.003285,0.0,0.09924645,0.0,0.0,0.007801734,-26.991772,2.207271,0.73575705,0.17600001,0.0,0.14659971,2.7199981,2.739998,444800
hardzero_plus_depr__c0p50__z1p00__lam0p020__nu0p50__psi0p75,hardzero_plus_depr,0.06,33,139,0.0,2,0.19947368,0.20030445,0.9661928,0.108095385,0.108095385,1.0,0.0008307758,0.0076855808,-26.737928,2.1256666,0.7085556,0.18400002,0.0,0.14038809,2.739998,2.759998,448000
hardzero_plus_depr__c0p50__z1p00__lam0p020__nu0p50__psi0p75,hardzero_plus_depr,0.06,33,140,0.0,2,0.20030445,0.2010647,0.9982042,0.100414366,0.100414366,1.0,0.00076025305,0.007571158,-27.564627,2.196093,0.73203105,0.224,0.0,0.16267645,2.759998,2.779998,451200
hardzero_plus_depr__c0p50__z1p00__lam0p020__nu0p50__psi0p75,hardzero_plus_depr,0.06,33,141,0.0,2,0.2010647,0.20193954,0.93072623,0.11729344,0.11729344,1.0,0.00087482575,0.0074584372,-25.982595,2.0476387,0.68254626,0.208,0.0,0.1303428,2.779998,2.799998,454400
hardzero_plus_depr__c0p50__z1p00__lam0p020__nu0p50__psi0p75,hardzero_plus_depr,0.06,33,142,0.0,2,0.20193954,0.20277332,0.94508517,0.11347882,0.11347882,1.0,0.00083377387,0.0073473966,-26.458014,2.0792289,0.6930763,0.28,0.0,0.14427873,2.799998,2.819998,457600
hardzero_plus_depr__c0p50__z1p00__lam0p020__nu0p50__psi0p75,hardzero_plus_depr,0.06,33,143,0.0,2,0.20277332,0.20277332,1.0264027,0.0,0.094101645,0.0,0.0,0.0072380076,-27.549404,2.258131,0.75271034,0.13,0.0,0.13692108,2.819998,2.839998,460800
hardzero_plus_depr__c0p50__z1p00__lam0p020__nu0p50__psi0p75,hardzero_plus_depr,0.06,33,144,0.0,2,0.20277332,0.20354564,0.96530354,0.10831694,0.10831694,1.0,0.0007723267,0.0071302485,-25.799698,2.1237102,0.7079034,0.192,0.0,0.12977298,2.839998,2.859998,464000
hardzero_plus_depr__c0p50__z1p00__lam0p020__nu0p50__psi0p75,hardzero_plus_depr,0.06,33,145,0.0,2,0.20354564,0.20354564,1.0243691,0.0,0.094543315,0.0,0.0,0.007024092,-27.230524,2.253657,0.75121903,0.136,0.0,0.14845689,2.859998,2.879998,467200
hardzero_plus_depr__c0p50__z1p00__lam0p020__nu0p50__psi0p75,hardzero_plus_depr,0.06,33,146,0.0,2,0.20354564,0.2042917,0.967307,0.10781844,0.10781844,1.0,0.00074605166,0.006919518,-26.099508,2.1281178,0.70937264,0.208,0.0,0.14938825,2.879998,2.899998,470400
hardzero_plus_depr__c0p50__z1p00__lam0p020__nu0p50__psi0p75,hardzero_plus_depr,0.06,33,147,0.0,2,0.2042917,0.2042917,1.0364401,0.0,0.09195173,0.0,0.0,0.0068164994,-28.109983,2.2802138,0.7600713,0.15200001,0.0,0.17462592,2.899998,2.919998,473600
hardzero_plus_depr__c0p50__z1p00__lam0p020__nu0p50__psi0p75,hardzero_plus_depr,0.06,33,148,0.0,2,0.2042917,0.20499974,0.976991,0.10544088,0.10544088,1.0,0.0007080371,0.0067150155,-27.21636,2.1494231,0.7164744,0.216,0.0,0.1489544,2.919998,2.939998,476800
hardzero_plus_depr__c0p50__z1p00__lam0p020__nu0p50__psi0p75,hardzero_plus_depr,0.06,33,149,0.0,2,0.20499974,0.20499974,1.0025557,0.0,0.09941324,0.0,0.0,0.0066150413,-26.720839,2.2056665,0.7352222,0.16000001,0.0,0.1338823,2.939998,2.959998,480000
hardzero_plus_depr__c0p50__z1p00__lam0p020__nu0p50__psi0p75,hardzero_plus_depr,0.06,33,150,0.0,2,0.20499974,0.20572028,0.95636594,0.11056915,0.11056915,1.0,0.0007205301,0.0065165567,-26.412634,2.104047,0.701349,0.208,0.0,0.14298688,2.959998,2.9799979,483200
hardzero_plus_depr__c0p50__z1p00__lam0p020__nu0p50__psi0p75,hardzero_plus_depr,0.06,33,151,0.0,2,0.20572028,0.20572028,1.00194,0.0,0.09955429,0.0,0.0,0.006419537,-26.918903,2.204312,0.7347707,0.18400002,0.0,0.15153435,2.9799979,2.9999979,486400
hardzero_plus_depr__c0p50__z1p00__lam0p020__nu0p50__psi0p75,hardzero_plus_depr,0.06,33,152,0.0,2,0.20572028,0.20637688,0.98368067,0.10382915,0.10382915,1.0,0.0006566118,0.006323964,-27.016478,2.1641407,0.72138023,0.112,0.0,0.13827163,2.9999979,3.0199978,489600
hardzero_plus_depr__c0p50__z1p00__lam0p020__nu0p50__psi0p75,hardzero_plus_depr,0.06,33,153,0.0,2,0.20637688,0.20637688,1.0061048,0.0,0.09860414,0.0,0.0,0.006229812,-26.843597,2.2134748,0.7378249,0.120000005,0.0,0.17575417,3.0199978,3.0399978,492800
hardzero_plus_depr__c0p50__z1p00__lam0p020__nu0p50__psi0p75,hardzero_plus_depr,0.06,33,154,0.0,2,0.20637688,0.20701753,0.9813441,0.10438928,0.10438928,1.0,0.0006406436,0.006137063,-26.429537,2.1590002,0.7196667,0.192,0.0,0.15406786,3.0399978,3.0599978,496000
hardzero_plus_depr__c0p50__z1p00__lam0p020__nu0p50__psi0p75,hardzero_plus_depr,0.06,33,155,0.0,2,0.20701753,0.20701753,1.0057167,0.0,0.09869231,0.0,0.0,0.006045693,-26.982954,2.212621,0.73754036,0.128,0.0,0.14686468,3.0599978,3.0799978,499200
hardzero_plus_depr__c0p50__z1p00__lam0p020__nu0p50__psi0p75,hardzero_plus_depr,0.06,33,156,0.0,2,0.20701753,0.20701753,1.0160196,0.0,0.09637855,0.0,0.0,0.0059556854,-27.424551,2.2352877,0.7450959,0.17,0.0,0.1377708,3.0799978,3.0999978,502400
hardzero_plus_depr__c0p50__z1p00__lam0p020__nu0p50__psi0p75,hardzero_plus_depr,0.06,33,157,0.0,2,0.20701753,0.20761423,0.99265736,0.10170507,0.10170507,1.0,0.00059670524,0.005867016,-26.795166,2.1838899,0.7279633,0.16800001,0.0,0.17183767,3.0999978,3.1199977,505600
hardzero_plus_depr__c0p50__z1p00__lam0p020__nu0p50__psi0p75,hardzero_plus_depr,0.06,33,158,0.0,2,0.20761423,0.20761423,1.0449309,0.0,0.09017146,0.0,0.0,0.005779668,-27.13544,2.298894,0.766298,0.14400001,0.0,0.15451775,3.1199977,3.1399977,508800
hardzero_plus_depr__c0p50__z1p00__lam0p020__nu0p50__psi0p75,hardzero_plus_depr,0.06,33,159,0.0,2,0.20761423,0.20761423,1.0086159,0.0,0.09803566,0.0,0.0,0.0056936196,-27.326525,2.2189991,0.7396664,0.17600001,0.0,0.14557333,3.1399977,3.1599977,512000
hardzero_plus_depr__c0p50__z1p00__lam0p020__nu0p50__psi0p75,hardzero_plus_depr,0.06,33,160,0.0,2,0.20761423,0.20822231,0.96490777,0.108415715,0.108415715,1.0,0.00060808787,0.0056088534,-26.447477,2.1228395,0.70761317,0.18400002,0.0,0.14177048,3.1599977,3.1799977,515200
hardzero_plus_depr__c0p50__z1p00__lam0p020__nu0p50__psi0p75,hardzero_plus_depr,0.06,33,161,0.0,2,0.20822231,0.20822231,1.0502582,0.0,0.08907214,0.0,0.0,0.005525348,-27.502726,2.310614,0.7702047,0.104,0.0,0.13978714,3.1799977,3.1999977,518400
hardzero_plus_depr__c0p50__z1p00__lam0p020__nu0p50__psi0p75,hardzero_plus_depr,0.06,33,162,0.0,2,0.20822231,0.20878527,0.98537785,0.1034242,0.1034242,1.0,0.00056294695,0.0054430873,-26.387926,2.1678746,0.7226249,0.17600001,0.0,0.123020865,3.1999977,3.2199976,521600
hardzero_plus_depr__c0p50__z1p00__lam0p020__nu0p50__psi0p75,hardzero_plus_depr,0.06,33,163,0.0,2,0.20878527,0.20934409,0.98206174,0.10421692,0.10421692,1.0,0.0005588163,0.0053620497,-26.747385,2.160579,0.720193,0.16000001,0.008,0.1455604,3.2199976,3.2399976,524800
hardzero_plus_depr__c0p50__z1p00__lam0p020__nu0p50__psi0p75,hardzero_plus_depr,0.06,33,164,0.0,2,0.20934409,0.20989424,0.9823344,0.10415152,0.10415152,1.0,0.00055015116,0.0052822195,-28.106562,2.1611788,0.72039294,0.192,0.0,0.14458285,3.2399976,3.2599976,528000
hardzero_plus_depr__c0p50__z1p00__lam0p020__nu0p50__psi0p75,hardzero_plus_depr,0.06,33,165,0.0,2,0.20989424,0.21047716,0.9506917,0.11202329,0.11202329,1.0,0.00058292184,0.005203577,-25.612415,2.0915635,0.69718784,0.16000001,0.0,0.14802757,3.2599976,3.2799976,531200
hardzero_plus_depr__c0p50__z1p00__lam0p020__nu0p50__psi0p75,hardzero_plus_depr,0.06,33,166,0.0,2,0.21047716,0.21103673,0.9619354,0.10916027,0.10916027,1.0,0.0005595672,0.0051261066,-26.898375,2.1163,0.70543337,0.18400002,0.0,0.18452378,3.2799976,3.2999976,534400
hardzero_plus_depr__c0p50__z1p00__lam0p020__nu0p50__psi0p75,hardzero_plus_depr,0.06,33,167,0.0,2,0.21103673,0.21103673,1.0505915,0.0,0.0890038,0.0,0.0,0.005049788,-28.010853,2.3113475,0.77044916,0.14400001,0.0,0.15787746,3.2999976,3.3199975,537600
hardzero_plus_depr__c0p50__z1p00__lam0p020__nu0p50__psi0p75,hardzero_plus_depr,0.06,33,168,0.0,2,0.21103673,0.211619,0.9316254,0.11705085,0.11705085,1.0,0.000582282,0.0049746074,-25.443272,2.0496168,0.6832056,0.192,0.0,0.12382381,3.3199975,3.3399975,540800
hardzero_plus_depr__c0p50__z1p00__lam0p020__nu0p50__psi0p75,hardzero_plus_depr,0.06,33,169,0.0,2,0.211619,0.21212265,0.98811775,0.10277376,0.10277376,1.0,0.0005036474,0.0049005444,-27.210077,2.1739025,0.7246342,0.12,0.0,0.12832922,3.3399975,3.3599975,544000
hardzero_plus_depr__c0p50__z1p00__lam0p020__nu0p50__psi0p75,hardzero_plus_depr,0.06,33,170,0.0,2,0.21212265,0.21212265,1.0140936,0.0,0.096806906,0.0,0.0,0.004827586,-27.2801,2.2310505,0.7436835,0.208,0.0,0.15668127,3.3599975,3.3799975,547200
hardzero_plus_depr__c0p50__z1p00__lam0p020__nu0p50__psi0p75,hardzero_plus_depr,0.06,33,171,0.0,2,0.21212265,0.21261123,0.9882845,0.1027343,0.1027343,1.0,0.00048857473,0.004755712,-25.674147,2.1742694,0.7247565,0.104,0.0,0.13979787,3.3799975,3.3999975,550400
hardzero_plus_depr__c0p50__z1p00__lam0p020__nu0p50__psi0p75,hardzero_plus_depr,0.06,33,172,0.0,2,0.21261123,0.21313609,0.95065874,0.11203178,0.11203178,1.0,0.00052485865,0.004684909,-26.391535,2.091491,0.6971637,0.17600001,0.0,0.15863004,3.3999975,3.4199975,553600
hardzero_plus_depr__c0p50__z1p00__lam0p020__nu0p50__psi0p75,hardzero_plus_depr,0.06,33,173,0.0,2,0.21313609,0.21313609,1.037773,0.0,0.09166995,0.0,0.0,0.0046151592,-27.86498,2.2831461,0.76104873,0.24000001,0.0,0.14583144,3.4199975,3.4399974,556800
hardzero_plus_depr__c0p50__z1p00__lam0p020__nu0p50__psi0p75,hardzero_plus_depr,0.06,33,174,0.0,2,0.21313609,0.21313609,1.025912,0.0,0.09420803,0.0,0.0,0.0045464486,-27.35984,2.2570515,0.7523505,0.064,0.0,0.1614326,3.4399974,3.4599974,560000
hardzero_plus_depr__c0p50__z1p00__lam0p020__nu0p50__psi0p75,hardzero_plus_depr,0.06,33,175,0.0,2,0.21313609,0.21313609,1.0297619,0.0,0.0933766,0.0,0.0,0.0044787605,-27.868174,2.2655215,0.75517386,0.208,0.0,0.16564846,3.4599974,3.4799974,563200
hardzero_plus_depr__c0p50__z1p00__lam0p020__nu0p50__psi0p75,hardzero_plus_depr,0.06,33,176,0.0,2,0.21313609,0.21358405,0.99341184,0.10152855,0.10152855,1.0,0.00044795225,0.0044120816,-27.122047,2.1855497,0.7285166,0.192,0.0,0.17375384,3.4799974,3.4999974,566400
hardzero_plus_depr__c0p50__z1p00__lam0p020__nu0p50__psi0p75,hardzero_plus_depr,0.06,33,177,0.0,2,0.21358405,0.21358405,1.0216979,0.0,0.09512662,0.0,0.0,0.0043463935,-27.488867,2.2477803,0.7492601,0.112,0.0,0.15617917,3.4999974,3.5199974,569600
hardzero_plus_depr__c0p50__z1p00__lam0p020__nu0p50__psi0p75,hardzero_plus_depr,0.06,33,178,0.0,2,0.21358405,0.21403767,0.97491515,0.105946064,0.105946064,1.0,0.00045362764,0.0042816848,-27.421074,2.1448562,0.7149521,0.18400002,0.0,0.12701547,3.5199974,3.5399973,572800
hardzero_plus_depr__c0p50__z1p00__lam0p020__nu0p50__psi0p75,hardzero_plus_depr,0.06,33,179,0.0,2,0.21403767,0.21447617,0.98313653,0.10395932,0.10395932,1.0,0.00043849403,0.0042179385,-26.508184,2.1629436,0.72098124,0.128,0.0,0.12991674,3.5399973,3.5599973,576000
hardzero_plus_depr__c0p50__z1p00__lam0p020__nu0p50__psi0p75,hardzero_plus_depr,0.06,33,180,0.0,2,0.21447617,0.21491356,0.9777121,0.10526595,0.10526595,1.0,0.00043739495,0.0041551418,-27.150833,2.1510096,0.7170032,0.16800001,0.0,0.14538999,3.5599973,3.5799973,579200
hardzero_plus_depr__c0p50__z1p00__lam0p020__nu0p50__psi0p75,hardzero_plus_depr,0.06,33,181,0.0,2,0.21491356,0.21533224,0.9901866,0.10228535,0.10228535,1.0,0.00041868252,0.0040932796,-26.364967,2.178454,0.72615135,0.16000001,0.0,0.13223077,3.5799973,3.5999973,582400
hardzero_plus_depr__c0p50__z1p00__lam0p020__nu0p50__psi0p75,hardzero_plus_depr,0.06,33,182,0.0,2,0.21533224,0.2158072,0.9289065,0.11778596,0.11778596,1.0,0.00047495292,0.004032339,-25.60269,2.0436351,0.6812117,0.17,0.0,0.12678382,3.5999973,3.6199973,585600
hardzero_plus_depr__c0p50__z1p00__lam0p020__nu0p50__psi0p75,hardzero_plus_depr,0.06,33,183,0.0,2,0.2158072,0.21623535,0.9674473,0.107783616,0.107783616,1.0,0.0004281494,0.003972305,-26.326513,2.1284266,0.7094755,0.192,0.0,0.14308234,3.6199973,3.6399972,588800
hardzero_plus_depr__c0p50__z1p00__lam0p020__nu0p50__psi0p75,hardzero_plus_depr,0.06,33,184,0.0,2,0.21623535,0.21623535,1.0155028,0.0,0.096493304,0.0,0.0,0.003913166,-27.831177,2.234151,0.744717,0.16800001,0.0,0.17505062,3.6399972,3.6599972,592000
hardzero_plus_depr__c0p50__z1p00__lam0p020__nu0p50__psi0p75,hardzero_plus_depr,0.06,33,185,0.0,2,0.21623535,0.21623535,1.0347672,0.0,0.092306614,0.0,0.0,0.0038549055,-27.232676,2.2765331,0.7588444,0.17600001,0.0,0.17128772,3.6599972,3.6799972,595200
hardzero_plus_depr__c0p50__z1p00__lam0p020__nu0p50__psi0p75,hardzero_plus_depr,0.06,33,186,0.0,2,0.21623535,0.21623535,1.0048894,0.0,0.0988805,0.0,0.0,0.003797514,-26.80004,2.210801,0.73693365,0.2,0.008,0.15404984,3.6799972,3.6999972,598400
hardzero_plus_depr__c0p50__z1p00__lam0p020__nu0p50__psi0p75,hardzero_plus_depr,0.06,33,187,0.0,2,0.21623535,0.21623535,1.0526235,0.0,0.08858833,0.0,0.0,0.0037409763,-27.307816,2.3158178,0.7719393,0.15200001,0.0,0.16384514,3.6999972,3.7199972,601600
hardzero_plus_depr__c0p50__z1p00__lam0p020__nu0p50__psi0p75,hardzero_plus_depr,0.06,33,188,0.0,2,0.21623535,0.21623535,1.0577453,0.0,0.08754969,0.0,0.0,0.0036852807,-27.680544,2.3270862,0.77569544,0.18400002,0.0,0.15983549,3.7199972,3.7399971,604800
hardzero_plus_depr__c0p50__z1p00__lam0p020__nu0p50__psi0p75,hardzero_plus_depr,0.06,33,189,0.0,2,0.21623535,0.21663168,0.9618954,0.10917032,0.10917032,1.0,0.00039633343,0.003630414,-26.95213,2.1162121,0.70540404,0.16000001,0.0,0.14686821,3.7399971,3.7599971,608000
hardzero_plus_depr__c0p50__z1p00__lam0p020__nu0p50__psi0p75,hardzero_plus_depr,0.06,33,190,0.0,2,0.21663168,0.21663168,1.0536723,0.0,0.08837465,0.0,0.0,0.0035763644,-27.779581,2.3181255,0.77270854,0.080000006,0.0,0.14988518,3.7599971,3.779997,611200
hardzero_plus_depr__c0p50__z1p00__lam0p020__nu0p50__psi0p75,hardzero_plus_depr,0.06,33,191,0.0,2,0.21663168,0.21663168,1.0150349,0.0,0.09659732,0.0,0.0,0.0035231188,-27.140896,2.2331214,0.7443738,0.17600001,0.0,0.16870962,3.779997,3.799997,614400
hardzero_plus_depr__c0p50__z1p00__lam0p020__nu0p50__psi0p75,hardzero_plus_depr,0.06,33,192,0.0,2,0.21663168,0.21663168,1.0398295,0.0,0.0912369,0.0,0.0,0.0034706672,-28.322609,2.2876706,0.7625569,0.18400002,0.0,0.15052427,3.799997,3.819997,617600
hardzero_plus_depr__c0p50__z1p00__lam0p020__nu0p50__psi0p75,hardzero_plus_depr,0.06,33,193,0.0,2,0.21663168,0.21663168,1.0716583,0.0,0.084789425,0.0,0.0,0.0034189953,-28.124643,2.3576953,0.78589845,0.16000001,0.0,0.15454158,3.819997,3.839997,620800
hardzero_plus_depr__c0p50__z1p00__lam0p020__nu0p50__psi0p75,hardzero_plus_depr,0.06,33,194,0.0,2,0.21663168,0.2170485,0.9074383,0.123754695,0.123754695,1.0,0.00041681738,0.0033680934,-24.764921,1.996404,0.66546804,0.192,0.0,0.1249349,3.839997,3.859997,624000
hardzero_plus_depr__c0p50__z1p00__lam0p020__nu0p50__psi0p75,hardzero_plus_depr,0.06,33,195,0.0,2,0.2170485,0.21739638,0.979442,0.10484748,0.10484748,1.0,0.00034787858,0.0033179487,-26.503042,2.1548154,0.71827185,0.17999999,0.0,0.15568571,3.859997,3.879997,627200
hardzero_plus_depr__c0p50__z1p00__lam0p020__nu0p50__psi0p75,hardzero_plus_depr,0.06,33,196,0.0,2,0.21739638,0.21739638,1.0240117,0.0,0.09462116,0.0,0.0,0.0032685513,-27.960815,2.2528708,0.75095695,0.16000001,0.0,0.16815813,3.879997,3.899997,630400
hardzero_plus_depr__c0p50__z1p00__lam0p020__nu0p50__psi0p75,hardzero_plus_depr,0.06,33,197,0.0,2,0.21739638,0.21774454,0.9660553,0.10812962,0.10812962,1.0,0.00034816534,0.0032198885,-26.461506,2.125364,0.7084547,0.17600001,0.0,0.12123039,3.899997,3.919997,633600
hardzero_plus_depr__c0p50__z1p00__lam0p020__nu0p50__psi0p75,hardzero_plus_depr,0.06,33,198,0.0,2,0.21774454,0.21774454,1.0081549,0.0,0.09813978,0.0,0.0,0.0031719513,-27.481876,2.217985,0.7393283,0.23200001,0.0,0.14573662,3.919997,3.939997,636800
hardzero_plus_depr__c0p50__z1p00__lam0p020__nu0p50__psi0p75,hardzero_plus_depr,0.06,33,199,0.0,2,0.21774454,0.21811867,0.92180157,0.11972874,0.11972874,1.0,0.00037411955,0.0031247265,-25.605827,2.028004,0.6760013,0.24000001,0.0,0.1171236,3.939997,3.959997,640000
hardzero_plus_depr__c0p50__z1p00__lam0p020__nu0p50__psi0p75,hardzero_plus_depr,0.06,33,200,0.0,2,0.21811867,0.21811867,1.0052022,0.0,0.09880931,0.0,0.0,0.0030782057,-26.782726,2.211489,0.737163,0.128,0.0,0.1288483,3.959997,3.979997,643200
hardzero_plus_depr__c0p50__z1p00__lam0p020__nu0p50__psi0p75,hardzero_plus_depr,0.06,33,201,0.0,2,0.21811867,0.21811867,1.0203977,0.0,0.09541186,0.0,0.0,0.0030323772,-27.376766,2.2449198,0.74830663,0.192,0.0,0.172801,3.979997,3.999997,646400
hardzero_plus_depr__c0p50__z1p00__lam0p020__nu0p50__psi0p75,hardzero_plus_depr,0.06,33,202,0.0,2,0.21811867,0.21842961,0.9825786,0.10409298,0.10409298,1.0,0.00031094978,0.0029872311,-26.44109,2.161716,0.720572,0.17600001,0.0,0.15112104,3.999997,4.019997,649600
hardzero_plus_depr__c0p50__z1p00__lam0p020__nu0p50__psi0p75,hardzero_plus_depr,0.06,33,203,0.0,2,0.21842961,0.21875644,0.95442706,0.11106391,0.11106391,1.0,0.000326834,0.002942756,-26.64422,2.0997815,0.6999272,0.208,0.0,0.13686515,4.019997,4.039997,652800
hardzero_plus_depr__c0p50__z1p00__lam0p020__nu0p50__psi0p75,hardzero_plus_depr,0.06,33,204,0.0,2,0.21875644,0.21875644,1.0086854,0.0,0.09801998,0.0,0.0,0.0028989443,-27.848606,2.219152,0.73971736,0.14400001,0.0,0.14427114,4.039997,4.059997,656000
hardzero_plus_depr__c0p50__z1p00__lam0p020__nu0p50__psi0p75,hardzero_plus_depr,0.06,33,205,0.0,2,0.21875644,0.21904282,0.9987703,0.10028355,0.10028355,1.0,0.00028638827,0.0028557852,-26.642376,2.1973386,0.7324462,0.224,0.0,0.14716394,4.059997,4.079997,659200
hardzero_plus_depr__c0p50__z1p00__lam0p020__nu0p50__psi0p75,hardzero_plus_depr,0.06,33,206,0.0,2,0.21904282,0.21904282,1.0122293,0.0,0.097223364,0.0,0.0,0.002813268,-27.746223,2.226949,0.74231637,0.18400002,0.0,0.16187392,4.079997,4.099997,662400
hardzero_plus_depr__c0p50__z1p00__lam0p020__nu0p50__psi0p75,hardzero_plus_depr,0.06,33,207,0.0,2,0.21904282,0.21904282,1.0041165,0.0,0.09905662,0.0,0.0,0.0027713832,-26.179436,2.2091005,0.73636687,0.128,0.0,0.15576327,4.099997,4.119997,665600
hardzero_plus_depr__c0p50__z1p00__lam0p020__nu0p50__psi0p75,hardzero_plus_depr,0.06,33,208,0.0,2,0.21904282,0.21904282,1.0349905,0.0,0.09225914,0.0,0.0,0.0027301232,-27.130512,2.2770247,0.7590083,0.07,0.0,0.15897746,4.119997,4.139997,668800
hardzero_plus_depr__c0p50__z1p00__lam0p020__nu0p50__psi0p75,hardzero_plus_depr,0.06,33,209,0.0,2,0.21904282,0.21904282,1.0217841,0.0,0.09510775,0.0,0.0,0.0026894775,-26.806543,2.2479699,0.7493233,0.17600001,0.0,0.13920975,4.139997,4.159997,672000
hardzero_plus_depr__c0p50__z1p00__lam0p020__nu0p50__psi0p75,hardzero_plus_depr,0.06,33,210,0.0,2,0.21904282,0.21930942,0.997298,0.10062409,0.10062409,1.0,0.00026659708,0.002649436,-27.111843,2.1940994,0.7313665,0.136,0.0,0.15188852,4.159997,4.179997,675200
hardzero_plus_depr__c0p50__z1p00__lam0p020__nu0p50__psi0p75,hardzero_plus_depr,0.06,33,211,0.0,2,0.21930942,0.21959041,0.9679461,0.10765987,0.10765987,1.0,0.00028099125,0.0026099908,-26.29927,2.129524,0.7098414,0.128,0.0,0.13387798,4.179997,4.199997,678400
hardzero_plus_depr__c0p50__z1p00__lam0p020__nu0p50__psi0p75,hardzero_plus_depr,0.06,33,212,0.0,2,0.21959041,0.21987057,0.96272993,0.10896075,0.10896075,1.0,0.00028015263,0.0025711334,-26.400835,2.1180482,0.70601606,0.18400002,0.0,0.12593801,4.199997,4.219997,681600
hardzero_plus_depr__c0p50__z1p00__lam0p020__nu0p50__psi0p75,hardzero_plus_depr,0.06,33,213,0.0,2,0.21987057,0.22013375,0.98335624,0.10390674,0.10390674,1.0,0.00026318067,0.0025328547,-27.095024,2.1634269,0.7211423,0.136,0.0,0.14351852,4.219997,4.239997,684800
hardzero_plus_depr__c0p50__z1p00__lam0p020__nu0p50__psi0p75,hardzero_plus_depr,0.06,33,214,0.0,2,0.22013375,0.22039269,0.98391247,0.10377375,0.10377375,1.0,0.00025893055,0.002495145,-27.077763,2.1646507,0.7215502,0.18400002,0.0,0.1554688,4.239997,4.259997,688000
hardzero_plus_depr__c0p50__z1p00__lam0p020__nu0p50__psi0p75,hardzero_plus_depr,0.06,33,215,0.0,2,0.22039269,0.22064714,0.98496896,0.103521615,0.103521615,1.0,0.0002544558,0.0024579968,-26.616955,2.166975,0.722325,0.192,0.0,0.1559781,4.259997,4.279997,691200
hardzero_plus_depr__c0p50__z1p00__lam0p020__nu0p50__psi0p75,hardzero_plus_depr,0.06,33,216,0.0,2,0.22064714,0.22091441,0.957115,0.110378616,0.110378616,1.0,0.00026727107,0.0024214026,-25.738016,2.105695,0.70189834,0.192,0.0,0.1342623,4.279997,4.299997,694400
hardzero_plus_depr__c0p50__z1p00__lam0p020__nu0p50__psi0p75,hardzero_plus_depr,0.06,33,217,0.0,2,0.22091441,0.22091441,1.0125383,0.0,0.097154215,0.0,0.0,0.0023853525,-27.113943,2.2276287,0.7425429,0.216,0.0,0.15785572,4.299997,4.319997,697600
hardzero_plus_depr__c0p50__z1p00__lam0p020__nu0p50__psi0p75,hardzero_plus_depr,0.06,33,218,0.0,2,0.22091441,0.2211681,0.96671915,0.10796447,0.10796447,1.0,0.00025369917,0.0023498393,-26.438263,2.1268246,0.7089416,0.18400002,0.0,0.12820867,4.319997,4.339997,700800
hardzero_plus_depr__c0p50__z1p00__lam0p020__nu0p50__psi0p75,hardzero_plus_depr,0.06,33,219,0.0,2,0.2211681,0.2211681,1.0080737,0.0,0.09815812,0.0,0.0,0.0023148544,-26.877153,2.2178063,0.7392688,0.17600001,0.0,0.17953897,4.339997,4.359997,704000
hardzero_plus_depr__c0p50__z1p00__lam0p020__nu0p50__psi0p75,hardzero_plus_depr,0.06,33,220,0.0,2,0.2211681,0.22139654,0.99923337,0.10017668,0.10017668,1.0,0.000228442,0.002280391,-26.727686,2.1983573,0.7327858,0.16800001,0.0,0.13835946,4.359997,4.379997,707200
hardzero_plus_depr__c0p50__z1p00__lam0p020__nu0p50__psi0p75,hardzero_plus_depr,0.06,33,221,0.0,2,0.22139654,0.22163221,0.97917867,0.10491107,0.10491107,1.0,0.0002356765,0.0022464409,-25.997324,2.154236,0.71807873,0.16,0.0,0.12205948,4.379997,4.3999968,710400
hardzero_plus_depr__c0p50__z1p00__lam0p020__nu0p50__psi0p75,hardzero_plus_depr,0.06,33,222,0.0,2,0.22163221,0.22186658,0.97509885,0.10590126,0.10590126,1.0,0.00023435902,0.0022129954,-27.042053,2.1452603,0.7150868,0.17600001,0.0,0.12816474,4.3999968,4.4199967,713600
hardzero_plus_depr__c0p50__z1p00__lam0p020__nu0p50__psi0p75,hardzero_plus_depr,0.06,33,223,0.0,2,0.22186658,0.22209466,0.9803871,0.104619555,0.104619555,1.0,0.00022807563,0.0021800478,-26.968958,2.1568947,0.71896493,0.216,0.008,0.13968273,4.4199967,4.4399967,716800
hardzero_plus_depr__c0p50__z1p00__lam0p020__nu0p50__psi0p75,hardzero_plus_depr,0.06,33,224,0.0,2,0.22209466,0.22209466,1.0783638,0.0,0.083490334,0.0,0.0,0.0021475914,-28.477093,2.3724477,0.79081595,0.15200001,0.0,0.1823568,4.4399967,4.4599967,720000
hardzero_plus_depr__c0p50__z1p00__lam0p020__nu0p50__psi0p75,hardzero_plus_depr,0.06,33,225,0.0,2,0.22209466,0.22234304,0.93030673,0.117406815,0.117406815,1.0,0.000248388,0.0021156182,-25.717083,2.0467157,0.6822386,0.24800001,0.008,0.14109808,4.4599967,4.4799967,723200
hardzero_plus_depr__c0p50__z1p00__lam0p020__nu0p50__psi0p75,hardzero_plus_depr,0.06,33,226,0.0,2,0.22234304,0.22234304,1.0033265,0.0,0.09923696,0.0,0.0,0.0020841206,-27.817106,2.2073624,0.7357875,0.18400002,0.0,0.16205713,4.4799967,4.4999967,726400
hardzero_plus_depr__c0p50__z1p00__lam0p020__nu0p50__psi0p75,hardzero_plus_depr,0.06,33,227,0.0,2,0.22234304,0.22234304,1.0049264,0.0,0.098872066,0.0,0.0,0.002053092,-26.64651,2.2108824,0.7369608,0.18400002,0.0,0.14125137,4.4999967,4.5199966,729600
hardzero_plus_depr__c0p50__z1p00__lam0p020__nu0p50__psi0p75,hardzero_plus_depr,0.06,33,228,0.0,2,0.22234304,0.22254813,0.9939717,0.10139775,0.10139775,1.0,0.00020507954,0.0020225255,-26.704044,2.1867814,0.72892714,0.128,0.0,0.13460352,4.5199966,4.5399966,732800
hardzero_plus_depr__c0p50__z1p00__lam0p020__nu0p50__psi0p75,hardzero_plus_depr,0.06,33,229,0.0,2,0.22254813,0.22254813,1.0387386,0.0,0.09146637,0.0,0.0,0.0019924145,-28.435293,2.2852707,0.7617569,0.104,0.0,0.15336694,4.5399966,4.5599966,736000
hardzero_plus_depr__c0p50__z1p00__lam0p020__nu0p50__psi0p75,hardzero_plus_depr,0.06,33,230,0.0,2,0.22254813,0.22254813,1.0293982,0.0,0.093454845,0.0,0.0,0.0019627512,-26.890085,2.2647214,0.75490713,0.17600001,0.0,0.1467989,4.5599966,4.5799966,739200
hardzero_plus_depr__c0p50__z1p00__lam0p020__nu0p50__psi0p75,hardzero_plus_depr,0.06,33,231,0.0,2,0.22254813,0.22254813,1.0253798,0.0,0.094323575,0.0,0.0,0.0019335294,-28.00452,2.2558806,0.7519602,0.15200001,0.0,0.1321934,4.5799966,4.5999966,742400
hardzero_plus_depr__c0p50__z1p00__lam0p020__nu0p50__psi0p75,hardzero_plus_depr,0.06,33,232,0.0,2,0.22254813,0.22254813,1.0076529,0.0,0.09825327,0.0,0.0,0.001904743,-26.49162,2.2168806,0.7389602,0.136,0.0,0.12443243,4.5999966,4.6199965,745600
hardzero_plus_depr__c0p50__z1p00__lam0p020__nu0p50__psi0p75,hardzero_plus_depr,0.06,33,233,0.0,2,0.22254813,0.22254813,1.0124942,0.0,0.09716409,0.0,0.0,0.0018763853,-26.829407,2.2275317,0.74251056,0.104,0.0,0.13287234,4.6199965,4.6399965,748800
hardzero_plus_depr__c0p50__z1p00__lam0p020__nu0p50__psi0p75,hardzero_plus_depr,0.06,33,234,0.0,2,0.22254813,0.22254813,1.027253,0.0,0.093917586,0.0,0.0,0.0018484495,-27.43002,2.260002,0.753334,0.26,0.0,0.1627677,4.6399965,4.6599965,752000
hardzero_plus_depr__c0p50__z1p00__lam0p020__nu0p50__psi0p75,hardzero_plus_depr,0.06,33,235,0.0,2,0.22254813,0.22254813,1.0308529,0.0,0.09314234,0.0,0.0,0.0018209295,-27.66029,2.2679217,0.75597394,0.120000005,0.0,0.1604792,4.6599965,4.6799965,755200
hardzero_plus_depr__c0p50__z1p00__lam0p020__nu0p50__psi0p75,hardzero_plus_depr,0.06,33,236,0.0,2,0.22254813,0.22254813,1.0045513,0.0,0.0989575,0.0,0.0,0.0017938197,-26.90683,2.210057,0.7366857,0.18400002,0.0,0.1501886,4.6799965,4.6999965,758400
hardzero_plus_depr__c0p50__z1p00__lam0p020__nu0p50__psi0p75,hardzero_plus_depr,0.06,33,237,0.0,2,0.22254813,0.22274578,0.9513679,0.11184899,0.11184899,1.0,0.00019764983,0.0017671133,-26.695341,2.0930512,0.69768375,0.15200001,0.0,0.14475295,4.6999965,4.7199965,761600
hardzero_plus_depr__c0p50__z1p00__lam0p020__nu0p50__psi0p75,hardzero_plus_depr,0.06,33,238,0.0,2,0.22274578,0.22274578,1.0347251,0.0,0.092315555,0.0,0.0,0.0017408043,-27.071623,2.2764406,0.75881356,0.136,0.0,0.14735632,4.7199965,4.7399964,764800
hardzero_plus_depr__c0p50__z1p00__lam0p020__nu0p50__psi0p75,hardzero_plus_depr,0.06,33,239,0.0,2,0.22274578,0.22274578,1.0355052,0.0,0.09214988,0.0,0.0,0.001714887,-27.288883,2.2781568,0.7593856,0.120000005,0.0,0.15959576,4.7399964,4.7599964,768000
hardzero_plus_depr__c0p50__z1p00__lam0p020__nu0p50__psi0p75,hardzero_plus_depr,0.06,33,240,0.0,2,0.22274578,0.22294094,0.93733627,0.11552174,0.11552174,1.0,0.00019515732,0.0016893558,-25.977942,2.062181,0.68739367,0.15200001,0.0,0.1338732,4.7599964,4.7799964,771200
hardzero_plus_depr__c0p50__z1p00__lam0p020__nu0p50__psi0p75,hardzero_plus_depr,0.06,33,241,0.0,2,0.22294094,0.22311889,0.97090244,0.1069295,0.1069295,1.0,0.0001779526,0.0016642049,-25.658709,2.136028,0.7120094,0.16000001,0.0,0.12129746,4.7799964,4.7999964,774400
hardzero_plus_depr__c0p50__z1p00__lam0p020__nu0p50__psi0p75,hardzero_plus_depr,0.06,33,242,0.0,2,0.22311889,0.2232874,0.9880298,0.10279457,0.10279457,1.0,0.00016852429,0.0016394279,-26.80815,2.173709,0.7245697,0.216,0.0,0.13807462,4.7999964,4.8199964,777600
hardzero_plus_depr__c0p50__z1p00__lam0p020__nu0p50__psi0p75,hardzero_plus_depr,0.06,33,243,0.0,2,0.2232874,0.2232874,1.0094689,0.0,0.0978433,0.0,0.0,0.0016150197,-27.525978,2.220876,0.740292,0.16800001,0.0,0.1535302,4.8199964,4.8399963,780800
hardzero_plus_depr__c0p50__z1p00__lam0p020__nu0p50__psi0p75,hardzero_plus_depr,0.06,33,244,0.0,2,0.2232874,0.2232874,1.0024536,0.0,0.099436626,0.0,0.0,0.0015909754,-27.081442,2.205442,0.73514736,0.192,0.0,0.14502409,4.8399963,4.8599963,784000
hardzero_plus_depr__c0p50__z1p00__lam0p020__nu0p50__psi0p75,hardzero_plus_depr,0.06,33,245,0.0,2,0.2232874,0.2232874,1.0474292,0.0,0.08965424,0.0,0.0,0.0015672891,-27.34307,2.3043902,0.76813006,0.16800001,0.0,0.15702064,4.8599963,4.8799963,787200
hardzero_plus_depr__c0p50__z1p00__lam0p020__nu0p50__psi0p75,hardzero_plus_depr,0.06,33,246,0.0,2,0.2232874,0.2232874,1.0409381,0.0,0.09100429,0.0,0.0,0.0015439551,-28.04672,2.2901096,0.7633699,0.16000001,0.0,0.16670659,4.8799963,4.8999963,790400
hardzero_plus_depr__c0p50__z1p00__lam0p020__nu0p50__psi0p75,hardzero_plus_depr,0.06,33,247,0.0,2,0.2232874,0.2232874,1.0219946,0.0,0.09506166,0.0,0.0,0.0015209685,-27.764383,2.248433,0.74947774,0.22999999,0.0,0.13975564,4.8999963,4.9199963,793600
hardzero_plus_depr__c0p50__z1p00__lam0p020__nu0p50__psi0p75,hardzero_plus_depr,0.06,33,248,0.0,2,0.2232874,0.2232874,1.0171832,0.0,0.09612066,0.0,0.0,0.0014983243,-27.230543,2.2378476,0.7459492,0.16800001,0.0,0.14872687,4.9199963,4.9399962,796800
hardzero_plus_depr__c0p50__z1p00__lam0p020__nu0p50__psi0p75,hardzero_plus_depr,0.06,33,249,0.0,2,0.2232874,0.22344449,0.97295237,0.10642596,0.10642596,1.0,0.00015708657,0.0014760174,-25.79544,2.140538,0.71351266,0.17600001,0.0,0.119732596,4.9399962,4.959996,800000
hardzero_plus_depr__c0p50__z1p00__lam0p020__nu0p50__psi0p75,hardzero_plus_depr,0.06,33,250,0.0,2,0.22344449,0.22344449,1.0259049,0.0,0.09420958,0.0,0.0,0.0014540422,-27.677397,2.2570357,0.75234526,0.128,0.0,0.15669231,4.959996,4.979996,803200
hardzero_plus_depr__c0p50__z1p00__lam0p020__nu0p50__psi0p75,hardzero_plus_depr,0.06,33,251,0.0,2,0.22344449,0.22359784,0.97037315,0.107059896,0.107059896,1.0,0.00015335197,0.0014323941,-25.694088,2.1348636,0.7116212,0.192,0.0,0.14623421,4.979996,4.999996,806400
hardzero_plus_depr__c0p50__z1p00__lam0p020__nu0p50__psi0p75,hardzero_plus_depr,0.06,33,252,0.0,2,0.22359784,0.22359784,1.0505096,0.0,0.08902059,0.0,0.0,0.0014110688,-27.295998,2.3111672,0.7703891,0.128,0.0,0.13292848,4.999996,5.019996,809600
hardzero_plus_depr__c0p50__z1p00__lam0p020__nu0p50__psi0p75,hardzero_plus_depr,0.06,33,253,0.0,2,0.22359784,0.22359784,1.0409793,0.0,0.09099567,0.0,0.0,0.0013900609,-27.903301,2.2902,0.7634,0.15200001,0.0,0.17808478,5.019996,5.039996,812800
hardzero_plus_depr__c0p50__z1p00__lam0p020__nu0p50__psi0p75,hardzero_plus_depr,0.06,33,254,0.0,2,0.22359784,0.22359784,1.017955,0.0,0.095950015,0.0,0.0,0.0013693655,-27.803854,2.2395456,0.7465152,0.16800001,0.0,0.13942517,5.039996,5.059996,816000
hardzero_plus_depr__c0p50__z1p00__lam0p020__nu0p50__psi0p75,hardzero_plus_depr,0.06,33,255,0.0,2,0.22359784,0.22375368,0.93734634,0.11551906,0.11551906,1.0,0.0001558327,0.0013489783,-26.27336,2.0622032,0.68740106,0.15200001,0.0,0.12798601,5.059996,5.079996,819200
hardzero_plus_depr__c0p50__z1p00__lam0p020__nu0p50__psi0p75,hardzero_plus_depr,0.06,33,256,0.0,2,0.22375368,0.22389756,0.96549326,0.10826965,0.10826965,1.0,0.00014387895,0.0013288946,-26.144926,2.1241276,0.70804256,0.16000001,0.0,0.120433874,5.079996,5.099996,822400
hardzero_plus_depr__c0p50__z1p00__lam0p020__nu0p50__psi0p75,hardzero_plus_depr,0.06,33,257,0.0,2,0.22389756,0.22389756,1.0379559,0.0,0.09163136,0.0,0.0,0.0013091101,-27.910164,2.2835486,0.7611829,0.15200001,0.0,0.1687778,5.099996,5.119996,825600
hardzero_plus_depr__c0p50__z1p00__lam0p020__nu0p50__psi0p75,hardzero_plus_depr,0.06,33,258,0.0,2,0.22389756,0.22404496,0.9419777,0.11429371,0.11429371,1.0,0.00014739543,0.0012896198,-27.39469,2.0723922,0.69079745,0.224,0.0,0.14604129,5.119996,5.139996,828800
hardzero_plus_depr__c0p50__z1p00__lam0p020__nu0p50__psi0p75,hardzero_plus_depr,0.06,33,259,0.0,2,0.22404496,0.22404496,1.0339803,0.0,0.09247403,0.0,0.0,0.0012704198,-27.399803,2.274802,0.75826734,0.16800001,0.0,0.16759625,5.139996,5.159996,832000
hardzero_plus_depr__c0p50__z1p00__lam0p020__nu0p50__psi0p75,hardzero_plus_depr,0.06,33,260,0.0,2,0.22404496,0.22404496,1.0644927,0.0,0.0862,0.0,0.0,0.0012515058,-27.360214,2.3419306,0.7806436,0.089999996,0.0,0.13695072,5.159996,5.179996,835200
hardzero_plus_depr__c0p50__z1p00__lam0p020__nu0p50__psi0p75,hardzero_plus_depr,0.06,33,261,0.0,2,0.22404496,0.22418281,0.95148724,0.11181827,0.11181827,1.0,0.00013785779,0.0012328735,-25.903074,2.0933137,0.69777125,0.128,0.0,0.13078603,5.179996,5.199996,838400
hardzero_plus_depr__c0p50__z1p00__lam0p020__nu0p50__psi0p75,hardzero_plus_depr,0.06,33,262,0.0,2,0.22418281,0.22418281,1.03496,0.0,0.09226563,0.0,0.0,0.0012145184,-27.609165,2.2769575,0.7589859,0.16800001,0.0,0.15215139,5.199996,5.219996,841600
hardzero_plus_depr__c0p50__z1p00__lam0p020__nu0p50__psi0p75,hardzero_plus_depr,0.06,33,263,0.0,2,0.22418281,0.22418281,1.0199924,0.0,0.09550094,0.0,0.0,0.0011964364,-27.319181,2.2440279,0.7480093,0.136,0.0,0.14485143,5.219996,5.239996,844800
hardzero_plus_depr__c0p50__z1p00__lam0p020__nu0p50__psi0p75,hardzero_plus_depr,0.06,33,264,0.0,2,0.22418281,0.22418281,1.0392183,0.0,0.09136539,0.0,0.0,0.001178624,-28.10085,2.286326,0.7621087,0.14400001,0.0,0.15728237,5.239996,5.259996,848000
hardzero_plus_depr__c0p50__z1p00__lam0p020__nu0p50__psi0p75,hardzero_plus_depr,0.06,33,265,0.0,2,0.22418281,0.22432016,0.9270632,0.118286945,0.118286945,1.0,0.0001373402,0.0011610766,-25.415031,2.0395799,0.67986,0.216,0.0,0.13569045,5.259996,5.279996,851200
hardzero_plus_depr__c0p50__z1p00__lam0p020__nu0p50__psi0p75,hardzero_plus_depr,0.06,33,266,0.0,2,0.22432016,0.22444831,0.9506185,0.112042174,0.112042174,1.0,0.00012815275,0.0011437903,-26.439596,2.0914025,0.6971342,0.14400001,0.0,0.12986766,5.279996,5.299996,854400
hardzero_plus_depr__c0p50__z1p00__lam0p020__nu0p50__psi0p75,hardzero_plus_depr,0.06,33,267,0.0,2,0.22444831,0.22444831,1.0348403,0.0,0.09229106,0.0,0.0,0.0011267614,-27.444412,2.2766943,0.75889814,0.136,0.0,0.16152874,5.299996,5.319996,857600
hardzero_plus_depr__c0p50__z1p00__lam0p020__nu0p50__psi0p75,hardzero_plus_depr,0.06,33,268,0.0,2,0.22444831,0.22444831,1.0175219,0.0,0.09604573,0.0,0.0,0.0011099862,-27.261278,2.2385929,0.74619764,0.128,0.0,0.12995684,5.319996,5.339996,860800
hardzero_plus_depr__c0p50__z1p00__lam0p020__nu0p50__psi0p75,hardzero_plus_depr,0.06,33,269,0.0,2,0.22444831,0.22444831,1.0111663,0.0,0.09746161,0.0,0.0,0.0010934608,-27.303474,2.2246103,0.7415368,0.15200001,0.0,0.16495854,5.339996,5.359996,864000
hardzero_plus_depr__c0p50__z1p00__lam0p020__nu0p50__psi0p75,hardzero_plus_depr,0.06,33,270,0.0,2,0.22444831,0.22444831,1.00457,0.0,0.09895323,0.0,0.0,0.0010771815,-27.056723,2.2100983,0.73669946,0.17600001,0.0,0.1485994,5.359996,5.379996,867200
hardzero_plus_depr__c0p50__z1p00__lam0p020__nu0p50__psi0p75,hardzero_plus_depr,0.06,33,271,0.0,2,0.22444831,0.22455548,0.9956911,0.10099709,0.10099709,1.0,0.00010717245,0.0010611439,-27.358458,2.1905642,0.7301881,0.16000001,0.0,0.16491812,5.379996,5.399996,870400
hardzero_plus_depr__c0p50__z1p00__lam0p020__nu0p50__psi0p75,hardzero_plus_depr,0.06,33,272,0.0,2,0.22455548,0.22455548,1.0283593,0.0,0.09367866,0.0,0.0,0.0010453457,-28.042994,2.2624357,0.75414526,0.14400001,0.0,0.16364674,5.399996,5.419996,873600
hardzero_plus_depr__c0p50__z1p00__lam0p020__nu0p50__psi0p75,hardzero_plus_depr,0.06,33,273,0.0,2,0.22455548,0.2246682,0.96072346,0.109465316,0.109465316,1.0,0.00011272547,0.0010297826,-26.183737,2.1136339,0.70454466,0.22999999,0.0,0.15370636,5.419996,5.439996,876800
hardzero_plus_depr__c0p50__z1p00__lam0p020__nu0p50__psi0p75,hardzero_plus_depr,0.06,33,274,0.0,2,0.2246682,0.2247701,0.99806875,0.10044569,0.10044569,1.0,0.00010189722,0.0010144509,-27.357983,2.195795,0.7319317,0.136,0.0,0.15019856,5.439996,5.4599957,880000
hardzero_plus_depr__c0p50__z1p00__lam0p020__nu0p50__psi0p75,hardzero_plus_depr,0.06,33,275,0.0,2,0.2247701,0.2247701,1.0221461,0.0,0.09502851,0.0,0.0,0.0009993479,-27.260836,2.2487664,0.74958885,0.15200001,0.0,0.15817413,5.4599957,5.4799957,883200
hardzero_plus_depr__c0p50__z1p00__lam0p020__nu0p50__psi0p75,hardzero_plus_depr,0.06,33,276,0.0,2,0.2247701,0.2247701,1.0522642,0.0,0.08866164,0.0,0.0,0.0009844695,-27.716537,2.3150275,0.7716758,0.14400001,0.0,0.17155269,5.4799957,5.4999957,886400
hardzero_plus_depr__c0p50__z1p00__lam0p020__nu0p50__psi0p75,hardzero_plus_depr,0.06,33,277,0.0,2,0.2247701,0.2247701,1.0121887,0.0,0.097232476,0.0,0.0,0.0009698129,-27.470196,2.2268596,0.74228656,0.16000001,0.0,0.17334357,5.4999957,5.5199957,889600
hardzero_plus_depr__c0p50__z1p00__lam0p020__nu0p50__psi0p75,hardzero_plus_depr,0.06,33,278,0.0,2,0.2247701,0.2247701,1.0224981,0.0,0.0949515,0.0,0.0,0.00095537433,-26.920399,2.2495408,0.74984694,0.14400001,0.0,0.15804186,5.5199957,5.5399957,892800
hardzero_plus_depr__c0p50__z1p00__lam0p020__nu0p50__psi0p75,hardzero_plus_depr,0.06,33,279,0.0,2,0.2247701,0.22487219,0.96471,0.1084651,0.1084651,1.0,0.00010208197,0.00094115036,-26.206707,2.1224043,0.70746815,0.192,0.0,0.129052,5.5399957,5.5599957,896000
hardzero_plus_depr__c0p50__z1p00__lam0p020__nu0p50__psi0p75,hardzero_plus_depr,0.06,33,280,0.0,2,0.22487219,0.22497348,0.96155566,0.109255776,0.109255776,1.0,0.00010129525,0.0009271386,-26.397537,2.1154647,0.7051549,0.18400002,0.0,0.16283807,5.5599957,5.5799956,899200
hardzero_plus_depr__c0p50__z1p00__lam0p020__nu0p50__psi0p75,hardzero_plus_depr,0.06,33,281,0.0,2,0.22497348,0.22497348,1.0019128,0.0,0.09956051,0.0,0.0,0.0009133355,-26.96642,2.2042522,0.73475075,0.16000001,0.0,0.13452516,5.5799956,5.5999956,902400
hardzero_plus_depr__c0p50__z1p00__lam0p020__nu0p50__psi0p75,hardzero_plus_depr,0.06,33,282,0.0,2,0.22497348,0.22506401,0.99735653,0.10061054,0.10061054,1.0,9.052306e-05,0.0008997374,-27.436499,2.1942282,0.73140943,0.208,0.0,0.1391356,5.5999956,5.6199956,905600
hardzero_plus_depr__c0p50__z1p00__lam0p020__nu0p50__psi0p75,hardzero_plus_depr,0.06,33,283,0.0,2,0.22506401,0.22506401,1.0213779,0.0,0.09519675,0.0,0.0,0.0008863421,-27.782583,2.2470763,0.74902546,0.16800001,0.0,0.1692051,5.6199956,5.6399956,908800
hardzero_plus_depr__c0p50__z1p00__lam0p020__nu0p50__psi0p75,hardzero_plus_depr,0.06,33,284,0.0,2,0.22506401,0.22506401,1.0237638,0.0,0.094675206,0.0,0.0,0.00087314635,-27.900042,2.2523253,0.7507751,0.16800001,0.0,0.13834743,5.6399956,5.6599956,912000
hardzero_plus_depr__c0p50__z1p00__lam0p020__nu0p50__psi0p75,hardzero_plus_depr,0.06,33,285,0.0,2,0.22506401,0.22506401,1.0386376,0.0,0.09148763,0.0,0.0,0.00086014695,-27.83329,2.2850485,0.76168287,0.120000005,0.0,0.16824892,5.6599956,5.6799955,915200
hardzero_plus_depr__c0p50__z1p00__lam0p020__nu0p50__psi0p75,hardzero_plus_depr,0.06,33,286,0.0,2,0.22506401,0.22515771,0.95635325,0.1105724,0.1105724,1.0,9.369255e-05,0.0008473412,-26.008871,2.1040192,0.7013397,0.14,0.0,0.14011382,5.6799955,5.6999955,918400
hardzero_plus_depr__c0p50__z1p00__lam0p020__nu0p50__psi0p75,hardzero_plus_depr,0.06,33,287,0.0,2,0.22515771,0.22515771,1.0174114,0.0,0.0960702,0.0,0.0,0.0008347257,-27.195251,2.2383497,0.7461166,0.216,0.0,0.17011084,5.6999955,5.7199955,921600
hardzero_plus_depr__c0p50__z1p00__lam0p020__nu0p50__psi0p75,hardzero_plus_depr,0.06,33,288,0.0,2,0.22515771,0.22524711,0.9636477,0.10873072,0.10873072,1.0,8.9409084e-05,0.0008222983,-26.877962,2.1200674,0.7066891,0.216,0.0,0.13721386,5.7199955,5.7399955,924800
hardzero_plus_depr__c0p50__z1p00__lam0p020__nu0p50__psi0p75,hardzero_plus_depr,0.06,33,289,0.0,2,0.22524711,0.2253326,0.97657835,0.105541095,0.105541095,1.0,8.54942e-05,0.000810056,-26.981827,2.1485152,0.71617174,0.15200001,0.0,0.15670402,5.7399955,5.7599955,928000
hardzero_plus_depr__c0p50__z1p00__lam0p020__nu0p50__psi0p75,hardzero_plus_depr,0.06,33,290,0.0,2,0.2253326,0.22541913,0.9648411,0.10843234,0.10843234,1.0,8.652852e-05,0.00079799554,-25.917618,2.1226928,0.7075643,0.18400002,0.0,0.1395523,5.7599955,5.7799954,931200
hardzero_plus_depr__c0p50__z1p00__lam0p020__nu0p50__psi0p75,hardzero_plus_depr,0.06,33,291,0.0,2,0.22541913,0.22550452,0.9641365,0.10860843,0.10860843,1.0,8.537873e-05,0.00078611507,-26.585339,2.1211426,0.7070476,0.15200001,0.0,0.13331252,5.7799954,5.7999954,934400
hardzero_plus_depr__c0p50__z1p00__lam0p020__nu0p50__psi0p75,hardzero_plus_depr,0.06,33,292,0.0,2,0.22550452,0.22559014,0.9564163,0.11055634,0.11055634,1.0,8.561609e-05,0.0007744114,-26.10665,2.104158,0.701386,0.14400001,0.0,0.13518171,5.7999954,5.8199954,937600
hardzero_plus_depr__c0p50__z1p00__lam0p020__nu0p50__psi0p75,hardzero_plus_depr,0.06,33,293,0.0,2,0.22559014,0.22559014,1.0095679,0.0,0.097821,0.0,0.0,0.000762882,-27.09288,2.2210937,0.74036455,0.112,0.0,0.15798983,5.8199954,5.8399954,940800
hardzero_plus_depr__c0p50__z1p00__lam0p020__nu0p50__psi0p75,hardzero_plus_depr,0.06,33,294,0.0,2,0.22559014,0.22559014,1.0408642,0.0,0.09101978,0.0,0.0,0.00075152435,-27.210829,2.289947,0.7633157,0.15200001,0.0,0.13475052,5.8399954,5.8599954,944000
hardzero_plus_depr__c0p50__z1p00__lam0p020__nu0p50__psi0p75,hardzero_plus_depr,0.06,33,295,0.0,2,0.22559014,0.22566746,0.9811289,0.10444101,0.10444101,1.0,7.732137e-05,0.0007403353,-26.069494,2.1585267,0.7195089,0.136,0.0,0.13437141,5.8599954,5.8799953,947200
hardzero_plus_depr__c0p50__z1p00__lam0p020__nu0p50__psi0p75,hardzero_plus_depr,0.06,33,296,0.0,2,0.22566746,0.22574592,0.9683174,0.10756786,0.10756786,1.0,7.845066e-05,0.00072931324,-26.284563,2.1303408,0.71011364,0.208,0.0,0.14409164,5.8799953,5.8999953,950400
hardzero_plus_depr__c0p50__z1p00__lam0p020__nu0p50__psi0p75,hardzero_plus_depr,0.06,33,297,0.0,2,0.22574592,0.22574592,1.0459418,0.0,0.08996181,0.0,0.0,0.0007184553,-28.113466,2.301118,0.7670393,0.128,0.0,0.19315764,5.8999953,5.9199953,953600
hardzero_plus_depr__c0p50__z1p00__lam0p020__nu0p50__psi0p75,hardzero_plus_depr,0.06,33,298,0.0,2,0.22574592,0.22574592,1.0087436,0.0,0.09800683,0.0,0.0,0.00070775865,-26.981264,2.2192802,0.7397601,0.136,0.0,0.14143227,5.9199953,5.9399953,956800
hardzero_plus_depr__c0p50__z1p00__lam0p020__nu0p50__psi0p75,hardzero_plus_depr,0.06,33,299,0.0,2,0.22574592,0.22582181,0.963136,0.10885891,0.10885891,1.0,7.589878e-05,0.00069722155,-26.341282,2.1189415,0.70631385,0.14999999,0.0,0.1403212,5.9399953,5.9599953,960000
hardzero_plus_depr__c0p50__z1p00__lam0p020__nu0p50__psi0p75,hardzero_plus_depr,0.06,33,300,0.0,2,0.22582181,0.22582181,1.0076921,0.0,0.09824443,0.0,0.0,0.0006868414,-26.350443,2.2169669,0.738989,0.112,0.0,0.12474554,5.9599953,5.9799953,963200
hardzero_plus_depr__c0p50__z1p00__lam0p020__nu0p50__psi0p75,hardzero_plus_depr,0.06,33,301,0.0,2,0.22582181,0.22589289,0.9785703,0.10505815,0.10505815,1.0,7.108399e-05,0.0006766157,-27.113674,2.1528976,0.71763253,0.136,0.0,0.15360896,5.9799953,5.999995,966400
hardzero_plus_depr__c0p50__z1p00__lam0p020__nu0p50__psi0p75,hardzero_plus_depr,0.06,33,302,0.0,2,0.22589289,0.2259599,0.99763656,0.1005457,0.1005457,1.0,6.7017965e-05,0.0006665423,-26.790941,2.1948442,0.73161477,0.120000005,0.0,0.15916371,5.999995,6.019995,969600
hardzero_plus_depr__c0p50__z1p00__lam0p020__nu0p50__psi0p75,hardzero_plus_depr,0.06,33,303,0.0,2,0.2259599,0.2259599,1.0038954,0.0,0.09910705,0.0,0.0,0.00065661856,-27.244944,2.2086139,0.7362046,0.18400002,0.0,0.17039312,6.019995,6.039995,972800
hardzero_plus_depr__c0p50__z1p00__lam0p020__nu0p50__psi0p75,hardzero_plus_depr,0.06,33,304,0.0,2,0.2259599,0.2259599,1.0279117,0.0,0.09377526,0.0,0.0,0.00064684293,-27.642603,2.2614508,0.75381696,0.16000001,0.0,0.14196488,6.039995,6.059995,976000
hardzero_plus_depr__c0p50__z1p00__lam0p020__nu0p50__psi0p75,hardzero_plus_depr,0.06,33,305,0.0,2,0.2259599,0.22602578,0.98553324,0.10338719,0.10338719,1.0,6.5879634e-05,0.0006372127,-26.658768,2.1682165,0.72273886,0.16000001,0.0,0.14632799,6.059995,6.079995,979200
hardzero_plus_depr__c0p50__z1p00__lam0p020__nu0p50__psi0p75,hardzero_plus_depr,0.06,33,306,0.0,2,0.22602578,0.22602578,1.0648998,0.0,0.08611923,0.0,0.0,0.0006277256,-28.89325,2.3428264,0.78094214,0.128,0.0,0.16967979,6.079995,6.099995,982400
hardzero_plus_depr__c0p50__z1p00__lam0p020__nu0p50__psi0p75,hardzero_plus_depr,0.06,33,307,0.0,2,0.22602578,0.22602578,1.0062116,0.0,0.098579906,0.0,0.0,0.00061838015,-26.849415,2.2137098,0.7379033,0.128,0.0,0.1505084,6.099995,6.119995,985600
hardzero_plus_depr__c0p50__z1p00__lam0p020__nu0p50__psi0p75,hardzero_plus_depr,0.06,33,308,0.0,2,0.22602578,0.22602578,1.0185097,0.0,0.09582753,0.0,0.0,0.0006091737,-27.256277,2.2407663,0.74692214,0.216,0.0,0.16082223,6.119995,6.139995,988800
hardzero_plus_depr__c0p50__z1p00__lam0p020__nu0p50__psi0p75,hardzero_plus_depr,0.06,33,309,0.0,2,0.22602578,0.22609204,0.9568967,0.11043411,0.11043411,1.0,6.627199e-05,0.0006001044,-25.954395,2.1052148,0.7017383,0.136,0.0,0.122687556,6.139995,6.159995,992000
hardzero_plus_depr__c0p50__z1p00__lam0p020__nu0p50__psi0p75,hardzero_plus_depr,0.06,33,310,0.0,2,0.22609204,0.22609204,1.0117711,0.0,0.09732601,0.0,0.0,0.0005911701,-27.420034,2.2259407,0.74198025,0.17600001,0.0,0.15589428,6.159995,6.179995,995200
hardzero_plus_depr__c0p50__z1p00__lam0p020__nu0p50__psi0p75,hardzero_plus_depr,0.06,33,311,0.0,2,0.22609204,0.22609204,1.0085248,0.0,0.09805623,0.0,0.0,0.00058236846,-27.46285,2.2187989,0.73959965,0.192,0.0,0.15142451,6.179995,6.199995,998400
hardzero_plus_depr__c0p50__z1p00__lam0p020__nu0p50__psi0p75,hardzero_plus_depr,0.06,33,312,0.0,2,0.22609204,0.22615144,0.98490256,0.10353744,0.10353744,1.0,5.9399248e-05,0.00057369826,-26.791838,2.1668289,0.72227633,0.14,0.0,0.12613805,6.199995,6.219995,1001600
hardzero_plus_depr__c0p50__z1p00__lam0p020__nu0p50__psi0p75,hardzero_plus_depr,0.06,33,313,0.0,2,0.22615144,0.22621252,0.9662732,0.10807539,0.10807539,1.0,6.1079576e-05,0.0005651571,-26.687551,2.1258435,0.7086145,0.216,0.0,0.13100976,6.219995,6.239995,1004800
hardzero_plus_depr__c0p50__z1p00__lam0p020__nu0p50__psi0p75,hardzero_plus_depr,0.06,33,314,0.0,2,0.22621252,0.22627436,0.9543513,0.11108327,0.11108327,1.0,6.184481e-05,0.0005567428,-25.820007,2.0996149,0.69987166,0.224,0.0,0.12846215,6.239995,6.259995,1008000
hardzero_plus_depr__c0p50__z1p00__lam0p020__nu0p50__psi0p75,hardzero_plus_depr,0.06,33,315,0.0,2,0.22627436,0.22627436,1.0453959,0.0,0.090074986,0.0,0.0,0.000548454,-27.579935,2.2999167,0.76663893,0.14400001,0.0,0.15106712,6.259995,6.279995,1011200
hardzero_plus_depr__c0p50__z1p00__lam0p020__nu0p50__psi0p75,hardzero_plus_depr,0.06,33,316,0.0,2,0.22627436,0.22627436,1.0462294,0.0,0.089902274,0.0,0.0,0.0005402887,-28.751003,2.3017507,0.76725024,0.23200001,0.0,0.1687832,6.279995,6.299995,1014400
hardzero_plus_depr__c0p50__z1p00__lam0p020__nu0p50__psi0p75,hardzero_plus_depr,0.06,33,317,0.0,2,0.22627436,0.22627436,1.0091556,0.0,0.09791389,0.0,0.0,0.0005322449,-26.717617,2.2201867,0.74006224,0.224,0.0,0.1491681,6.299995,6.319995,1017600
hardzero_plus_depr__c0p50__z1p00__lam0p020__nu0p50__psi0p75,hardzero_plus_depr,0.06,33,318,0.0,2,0.22627436,0.22627436,1.020045,0.0,0.095489345,0.0,0.0,0.0005243209,-27.732819,2.244144,0.748048,0.120000005,0.0,0.17233977,6.319995,6.339995,1020800
hardzero_plus_depr__c0p50__z1p00__lam0p020__nu0p50__psi0p75,hardzero_plus_depr,0.06,33,319,0.0,2,0.22627436,0.22627436,1.0318608,0.0,0.092926405,0.0,0.0,0.0005165145,-27.856611,2.2701392,0.7567131,0.192,0.0,0.1663481,6.339995,6.359995,1024000
hardzero_plus_depr__c0p50__z1p00__lam0p020__nu0p50__psi0p75,hardzero_plus_depr,0.06,33,320,0.0,2,0.22627436,0.22627436,1.0026143,0.0,0.09939984,0.0,0.0,0.00050882477,-26.361385,2.2057955,0.7352652,0.192,0.0,0.15626432,6.359995,6.379995,1027200
hardzero_plus_depr__c0p50__z1p00__lam0p020__nu0p50__psi0p75,hardzero_plus_depr,0.06,33,321,0.0,2,0.22627436,0.22627436,1.0012004,0.0,0.09972395,0.0,0.0,0.0005012494,-26.767046,2.2026849,0.7342283,0.120000005,0.0,0.14402916,6.379995,6.399995,1030400
hardzero_plus_depr__c0p50__z1p00__lam0p020__nu0p50__psi0p75,hardzero_plus_depr,0.06,33,322,0.0,2,0.22627436,0.22627436,1.01245,0.0,0.097173974,0.0,0.0,0.00049378665,-27.660236,2.2274344,0.74247813,0.128,0.0,0.1505995,6.399995,6.419995,1033600
hardzero_plus_depr__c0p50__z1p00__lam0p020__nu0p50__psi0p75,hardzero_plus_depr,0.06,33,323,0.0,2,0.22627436,0.22632813,0.9564212,0.1105551,0.1105551,1.0,5.3777883e-05,0.00048643514,-26.419,2.1041687,0.70138955,0.136,0.0,0.13113499,6.419995,6.439995,1036800
hardzero_plus_depr__c0p50__z1p00__lam0p020__nu0p50__psi0p75,hardzero_plus_depr,0.06,33,324,0.0,2,0.22632813,0.22632813,1.005413,0.0,0.09876133,0.0,0.0,0.0004791931,-27.289053,2.211953,0.7373177,0.120000005,0.0,0.14509334,6.439995,6.459995,1040000
hardzero_plus_depr__c0p50__z1p00__lam0p020__nu0p50__psi0p75,hardzero_plus_depr,0.06,33,325,0.0,2,0.22632813,0.22632813,1.002154,0.0,0.099505246,0.0,0.0,0.00047205895,-27.083544,2.2047827,0.7349276,0.12,0.0,0.13361971,6.459995,6.479995,1043200
hardzero_plus_depr__c0p50__z1p00__lam0p020__nu0p50__psi0p75,hardzero_plus_depr,0.06,33,326,0.0,2,0.22632813,0.22637662,0.9818486,0.10426809,0.10426809,1.0,4.8487884e-05,0.0004650309,-26.282452,2.16011,0.7200367,0.16000001,0.0,0.1363432,6.479995,6.4999948,1046400
hardzero_plus_depr__c0p50__z1p00__lam0p020__nu0p50__psi0p75,hardzero_plus_depr,0.06,33,327,0.0,2,0.22637662,0.22642972,0.9359121,0.1159012,0.1159012,1.0,5.30952e-05,0.0004581074,-25.907412,2.0590477,0.6863493,0.216,0.0,0.14049606,6.4999948,6.5199947,1049600
hardzero_plus_depr__c0p50__z1p00__lam0p020__nu0p50__psi0p75,hardzero_plus_depr,0.06,33,328,0.0,2,0.22642972,0.22647563,0.9925662,0.101726405,0.101726405,1.0,4.590782e-05,0.00045128714,-26.649836,2.1836894,0.72789645,0.16000001,0.008,0.14105311,6.5199947,6.5399947,1052800
hardzero_plus_depr__c0p50__z1p00__lam0p020__nu0p50__psi0p75,hardzero_plus_depr,0.06,33,329,0.0,2,0.22647563,0.22652458,0.9582372,0.110093795,0.110093795,1.0,4.894422e-05,0.00044456837,-26.334183,2.1081638,0.7027213,0.17600001,0.0,0.13311565,6.5399947,6.5599947,1056000
hardzero_plus_depr__c0p50__z1p00__lam0p020__nu0p50__psi0p75,hardzero_plus_depr,0.06,33,330,0.0,2,0.22652458,0.22652458,1.0068406,0.0,0.09843722,0.0,0.0,0.00043794946,-27.143621,2.2150936,0.7383646,0.16000001,0.0,0.17595132,6.5599947,6.5799947,1059200
hardzero_plus_depr__c0p50__z1p00__lam0p020__nu0p50__psi0p75,hardzero_plus_depr,0.06,33,331,0.0,2,0.22652458,0.22652458,1.0024219,0.0,0.09944388,0.0,0.0,0.0004314293,-26.55505,2.205372,0.73512405,0.18400002,0.0,0.14096871,6.5799947,6.5999947,1062400
hardzero_plus_depr__c0p50__z1p00__lam0p020__nu0p50__psi0p75,hardzero_plus_depr,0.06,33,332,0.0,2,0.22652458,0.22656801,0.9905168,0.10220759,0.10220759,1.0,4.343886e-05,0.0004250062,-25.89774,2.1791804,0.72639346,0.14400001,0.008,0.13502535,6.5999947,6.6199946,1065600
hardzero_plus_depr__c0p50__z1p00__lam0p020__nu0p50__psi0p75,hardzero_plus_depr,0.06,33,333,0.0,2,0.22656801,0.22656801,1.0004326,0.0,0.09990043,0.0,0.0,0.00041867877,-26.930521,2.2009957,0.7336652,0.120000005,0.0,0.13546982,6.6199946,6.6399946,1068800
hardzero_plus_depr__c0p50__z1p00__lam0p020__nu0p50__psi0p75,hardzero_plus_depr,0.06,33,334,0.0,2,0.22656801,0.22656801,1.043334,0.0,0.09050362,0.0,0.0,0.00041244552,-28.232517,2.2953806,0.7651269,0.16000001,0.0,0.15712938,6.6399946,6.6599946,1072000
hardzero_plus_depr__c0p50__z1p00__lam0p020__nu0p50__psi0p75,hardzero_plus_depr,0.06,33,335,0.0,2,0.22656801,0.22661082,0.9772738,0.10537224,0.10537224,1.0,4.281325e-05,0.00040630484,-26.376741,2.1500454,0.71668184,0.16800001,0.0,0.14117908,6.6599946,6.6799946,1075200
hardzero_plus_depr__c0p50__z1p00__lam0p020__nu0p50__psi0p75,hardzero_plus_depr,0.06,33,336,0.0,2,0.22661082,0.22661082,1.0032419,0.0,0.099256314,0.0,0.0,0.0004002558,-27.030691,2.2071762,0.7357254,0.136,0.0,0.14487496,6.6799946,6.6999946,1078400
hardzero_plus_depr__c0p50__z1p00__lam0p020__nu0p50__psi0p75,hardzero_plus_depr,0.06,33,337,0.0,2,0.22661082,0.22665164,0.9850431,0.10350394,0.10350394,1.0,4.0811272e-05,0.0003942968,-26.688278,2.167138,0.7223794,0.16000001,0.0,0.14363149,6.6999946,6.7199945,1081600
hardzero_plus_depr__c0p50__z1p00__lam0p020__nu0p50__psi0p75,hardzero_plus_depr,0.06,33,338,0.0,2,0.22665164,0.22665164,1.0062637,0.0,0.09856806,0.0,0.0,0.0003884264,-26.728579,2.2138245,0.7379415,0.21,0.0,0.16848002,6.7199945,6.7399945,1084800
hardzero_plus_depr__c0p50__z1p00__lam0p020__nu0p50__psi0p75,hardzero_plus_depr,0.06,33,339,0.0,2,0.22665164,0.22665164,1.0055665,0.0,0.09872644,0.0,0.0,0.0003826435,-27.071346,2.2122905,0.7374302,0.128,0.0,0.14243668,6.7399945,6.7599945,1088000
hardzero_plus_depr__c0p50__z1p00__lam0p020__nu0p50__psi0p75,hardzero_plus_depr,0.06,33,340,0.0,2,0.22665164,0.22665164,1.0224503,0.0,0.09496196,0.0,0.0,0.00037694676,-26.519161,2.2494357,0.7498119,0.18400002,0.0,0.13554749,6.7599945,6.7799945,1091200
hardzero_plus_depr__c0p50__z1p00__lam0p020__nu0p50__psi0p75,hardzero_plus_depr,0.06,33,341,0.0,2,0.22665164,0.22669394,0.94344044,0.1139094,0.1139094,1.0,4.229852e-05,0.00037133478,-26.534403,2.0756104,0.69187015,0.18400002,0.0,0.13734336,6.7799945,6.7999945,1094400
hardzero_plus_depr__c0p50__z1p00__lam0p020__nu0p50__psi0p75,hardzero_plus_depr,0.06,33,342,0.0,2,0.22669394,0.2267332,0.9694507,0.107287526,0.107287526,1.0,3.9246464e-05,0.0003658064,-26.713617,2.1328342,0.7109448,0.23200001,0.0,0.14965074,6.7999945,6.8199944,1097600
hardzero_plus_depr__c0p50__z1p00__lam0p020__nu0p50__psi0p75,hardzero_plus_depr,0.06,33,343,0.0,2,0.2267332,0.22677034,0.986839,0.10307682,0.10307682,1.0,3.7144775e-05,0.0003603601,-26.197489,2.1710892,0.7236964,0.216,0.0,0.14182653,6.8199944,6.8399944,1100800
hardzero_plus_depr__c0p50__z1p00__lam0p020__nu0p50__psi0p75,hardzero_plus_depr,0.06,33,344,0.0,2,0.22677034,0.22681004,0.9514528,0.11182712,0.11182712,1.0,3.969808e-05,0.0003549951,-26.07926,2.0932379,0.697746,0.216,0.0,0.15262954,6.8399944,6.8599944,1104000
hardzero_plus_depr__c0p50__z1p00__lam0p020__nu0p50__psi0p75,hardzero_plus_depr,0.06,33,345,0.0,2,0.22681004,0.2268522,0.91888124,0.12053654,0.12053654,1.0,4.2152828e-05,0.00034970994,-26.158869,2.021579,0.6738597,0.23200001,0.0,0.1289287,6.8599944,6.8799944,1107200
hardzero_plus_depr__c0p50__z1p00__lam0p020__nu0p50__psi0p75,hardzero_plus_depr,0.06,33,346,0.0,2,0.2268522,0.2268522,1.0211793,0.0,0.09524029,0.0,0.0,0.00034450335,-27.267162,2.2466395,0.74887985,0.17600001,0.0,0.13365653,6.8799944,6.8999944,1110400
hardzero_plus_depr__c0p50__z1p00__lam0p020__nu0p50__psi0p75,hardzero_plus_depr,0.06,33,347,0.0,2,0.2268522,0.2268522,1.0120734,0.0,0.09725828,0.0,0.0,0.00033937438,-27.138937,2.226606,0.742202,0.128,0.0,0.15347588,6.8999944,6.9199944,1113600
hardzero_plus_depr__c0p50__z1p00__lam0p020__nu0p50__psi0p75,hardzero_plus_depr,0.06,33,348,0.0,2,0.2268522,0.2268522,1.0421399,0.0,0.09075282,0.0,0.0,0.0003343218,-27.954079,2.2927535,0.7642512,0.15200001,0.0,0.13583845,6.9199944,6.9399943,1116800
hardzero_plus_depr__c0p50__z1p00__lam0p020__nu0p50__psi0p75,hardzero_plus_depr,0.06,33,349,0.0,2,0.2268522,0.22688663,0.9806683,0.10455185,0.10455185,1.0,3.4433575e-05,0.00032934448,-26.100891,2.1575134,0.71917117,0.128,0.0,0.13114156,6.9399943,6.9599943,1120000
hardzero_plus_depr__c0p50__z1p00__lam0p020__nu0p50__psi0p75,hardzero_plus_depr,0.06,33,350,0.0,2,0.22688663,0.22688663,1.0198696,0.0,0.09552795,0.0,0.0,0.00032444124,-26.642881,2.2437577,0.74791926,0.14400001,0.0,0.13451518,6.9599943,6.9799943,1123200
hardzero_plus_depr__c0p50__z1p00__lam0p020__nu0p50__psi0p75,hardzero_plus_depr,0.06,33,351,0.0,2,0.22688663,0.22688663,1.0281128,0.0,0.09373185,0.0,0.0,0.0003196108,-27.942995,2.2618933,0.7539644,0.17999999,0.0,0.14251299,6.9799943,6.9999943,1126400
hardzero_plus_depr__c0p50__z1p00__lam0p020__nu0p50__psi0p75,hardzero_plus_depr,0.06,33,352,0.0,2,0.22688663,0.2269194,0.9826944,0.10406522,0.10406522,1.0,3.276519e-05,0.00031485246,-26.40265,2.1619709,0.720657,0.15200001,0.0,0.1439812,6.9999943,7.0199943,1129600
hardzero_plus_depr__c0p50__z1p00__lam0p020__nu0p50__psi0p75,hardzero_plus_depr,0.06,33,353,0.0,2,0.2269194,0.22695138,0.986769,0.103093415,0.103093415,1.0,3.1975964e-05,0.00031016496,-26.958508,2.1709352,0.7236451,0.136,0.0,0.13076396,7.0199943,7.0399942,1132800
hardzero_plus_depr__c0p50__z1p00__lam0p020__nu0p50__psi0p75,hardzero_plus_depr,0.06,33,354,0.0,2,0.22695138,0.22698283,0.9873713,0.10295053,0.10295053,1.0,3.1456235e-05,0.0003055471,-27.331528,2.1722603,0.72408676,0.24000001,0.0,0.17677681,7.0399942,7.059994,1136000
hardzero_plus_depr__c0p50__z1p00__lam0p020__nu0p50__psi0p75,hardzero_plus_depr,0.06,33,355,0.0,2,0.22698283,0.22701468,0.9755561,0.10578982,0.10578982,1.0,3.1842537e-05,0.00030099813,-26.592884,2.1462662,0.7154221,0.16000001,0.0,0.15841086,7.059994,7.079994,1139200
hardzero_plus_depr__c0p50__z1p00__lam0p020__nu0p50__psi0p75,hardzero_plus_depr,0.06,33,356,0.0,2,0.22701468,0.22701468,1.0134289,0.0,0.096955195,0.0,0.0,0.00029651693,-26.663992,2.229588,0.743196,0.15200001,0.0,0.15056443,7.079994,7.099994,1142400
hardzero_plus_depr__c0p50__z1p00__lam0p020__nu0p50__psi0p75,hardzero_plus_depr,0.06,33,357,0.0,2,0.22701468,0.22701468,1.0350094,0.0,0.09225514,0.0,0.0,0.00029210237,-28.6066,2.2770662,0.7590221,0.15200001,0.0,0.17306371,7.099994,7.119994,1145600
hardzero_plus_depr__c0p50__z1p00__lam0p020__nu0p50__psi0p75,hardzero_plus_depr,0.06,33,358,0.0,2,0.22701468,0.22701468,1.0122255,0.0,0.09722422,0.0,0.0,0.0002877536,-26.4251,2.2269406,0.74231356,0.128,0.0,0.14390197,7.119994,7.139994,1148800
hardzero_plus_depr__c0p50__z1p00__lam0p020__nu0p50__psi0p75,hardzero_plus_depr,0.06,33,359,0.0,2,0.22701468,0.227045,0.9706365,0.106994994,0.106994994,1.0,3.0329806e-05,0.0002834694,-26.186945,2.135443,0.71181434,0.14400001,0.0,0.13473403,7.139994,7.159994,1152000
hardzero_plus_depr__c0p50__z1p00__lam0p020__nu0p50__psi0p75,hardzero_plus_depr,0.06,33,360,0.0,2,0.227045,0.227045,1.0126376,0.0,0.097132005,0.0,0.0,0.0002792491,-27.330679,2.2278473,0.7426158,0.16000001,0.0,0.1430541,7.159994,7.179994,1155200
hardzero_plus_depr__c0p50__z1p00__lam0p020__nu0p50__psi0p75,hardzero_plus_depr,0.06,33,361,0.0,2,0.227045,0.2270759,0.9494517,0.1123436,0.1123436,1.0,3.0904786e-05,0.00027509165,-26.710787,2.0888355,0.6962785,0.216,0.0,0.11713758,7.179994,7.199994,1158400
hardzero_plus_depr__c0p50__z1p00__lam0p020__nu0p50__psi0p75,hardzero_plus_depr,0.06,33,362,0.0,2,0.2270759,0.22710733,0.9356636,0.11596754,0.11596754,1.0,3.1426738e-05,0.00027099598,-25.829823,2.058501,0.686167,0.24000001,0.0,0.13352424,7.199994,7.219994,1161600
hardzero_plus_depr__c0p50__z1p00__lam0p020__nu0p50__psi0p75,hardzero_plus_depr,0.06,33,363,0.0,2,0.22710733,0.22713464,0.9900605,0.10231504,0.10231504,1.0,2.7314169e-05,0.00026696143,-26.340248,2.1781766,0.7260589,0.16000001,0.0,0.13239591,7.219994,7.239994,1164800
hardzero_plus_depr__c0p50__z1p00__lam0p020__nu0p50__psi0p75,hardzero_plus_depr,0.06,33,364,0.0,2,0.22713464,0.22716692,0.91098356,0.12274857,0.12274857,1.0,3.2281267e-05,0.0002629869,-25.234379,2.0042038,0.66806793,0.21,0.0,0.14718254,7.239994,7.259994,1168000
hardzero_plus_depr__c0p50__z1p00__lam0p020__nu0p50__psi0p75,hardzero_plus_depr,0.06,33,365,0.0,2,0.22716692,0.22716692,1.0125786,0.0,0.09714521,0.0,0.0,0.00025907156,-27.359377,2.2277174,0.7425725,0.104,0.0,0.15107352,7.259994,7.279994,1171200
hardzero_plus_depr__c0p50__z1p00__lam0p020__nu0p50__psi0p75,hardzero_plus_depr,0.06,33,366,0.0,2,0.22716692,0.22719502,0.95822436,0.11009702,0.11009702,1.0,2.809836e-05,0.00025521455,-26.964499,2.1081357,0.70271194,0.216,0.0,0.15297015,7.279994,7.299994,1174400
hardzero_plus_depr__c0p50__z1p00__lam0p020__nu0p50__psi0p75,hardzero_plus_depr,0.06,33,367,0.0,2,0.22719502,0.22722067,0.99128795,0.10202628,0.10202628,1.0,2.5650917e-05,0.0002514148,-26.586834,2.180877,0.726959,0.128,0.0,0.1509494,7.299994,7.319994,1177600
hardzero_plus_depr__c0p50__z1p00__lam0p020__nu0p50__psi0p75,hardzero_plus_depr,0.06,33,368,0.0,2,0.22722067,0.22724883,0.94425005,0.113697246,0.113697246,1.0,2.8159597e-05,0.00024767176,-25.847063,2.0773916,0.6924639,0.17600001,0.0,0.1213186,7.319994,7.339994,1180800
hardzero_plus_depr__c0p50__z1p00__lam0p020__nu0p50__psi0p75,hardzero_plus_depr,0.06,33,369,0.0,2,0.22724883,0.22727427,0.9819827,0.10423588,0.10423588,1.0,2.5431931e-05,0.00024398442,-26.889748,2.1604052,0.7201351,0.17600001,0.0,0.1418232,7.339994,7.359994,1184000
hardzero_plus_depr__c0p50__z1p00__lam0p020__nu0p50__psi0p75,hardzero_plus_depr,0.06,33,370,0.0,2,0.22727427,0.22727427,1.0025249,0.0,0.099420324,0.0,0.0,0.0002403519,-26.84713,2.2055986,0.7351996,0.192,0.0,0.13878429,7.359994,7.379994,1187200
hardzero_plus_depr__c0p50__z1p00__lam0p020__nu0p50__psi0p75,hardzero_plus_depr,0.06,33,371,0.0,2,0.22727427,0.22730012,0.9618461,0.1091827,0.1091827,1.0,2.5851576e-05,0.00023677356,-26.313068,2.1161036,0.7053679,0.216,0.0,0.13861701,7.379994,7.399994,1190400
hardzero_plus_depr__c0p50__z1p00__lam0p020__nu0p50__psi0p75,hardzero_plus_depr,0.06,33,372,0.0,2,0.22730012,0.22730012,1.0177118,0.0,0.09600375,0.0,0.0,0.00023324849,-27.403456,2.2390106,0.7463369,0.2,0.0,0.17274944,7.399994,7.419994,1193600
hardzero_plus_depr__c0p50__z1p00__lam0p020__nu0p50__psi0p75,hardzero_plus_depr,0.06,33,373,0.0,2,0.22730012,0.22732407,0.98202205,0.10422643,0.10422643,1.0,2.3948724e-05,0.0002297759,-26.429747,2.1604917,0.72016394,0.136,0.0,0.13588135,7.419994,7.439994,1196800
hardzero_plus_depr__c0p50__z1p00__lam0p020__nu0p50__psi0p75,hardzero_plus_depr,0.06,33,374,0.0,2,0.22732407,0.22734776,0.98015565,0.10467534,0.10467534,1.0,2.369379e-05,0.00022635504,-25.906212,2.1563854,0.7187952,0.120000005,0.0,0.11905535,7.439994,7.459994,1200000
hardzero_plus_depr__c0p50__z1p00__lam0p020__nu0p50__psi0p75,hardzero_plus_depr,0.06,33,375,0.0,2,0.22734776,0.22734776,1.0056307,0.0,0.09871185,0.0,0.0,0.00022298495,-26.455091,2.212432,0.7374773,0.15200001,0.0,0.13484363,7.459994,7.479994,1203200
hardzero_plus_depr__c0p50__z1p00__lam0p020__nu0p50__psi0p75,hardzero_plus_depr,0.06,33,376,0.0,2,0.22734776,0.22736982,0.998368,0.10037647,0.10037647,1.0,2.2049215e-05,0.00021966518,-27.05929,2.1964536,0.7321512,0.192,0.0,0.13846959,7.479994,7.499994,1206400
hardzero_plus_depr__c0p50__z1p00__lam0p020__nu0p50__psi0p75,hardzero_plus_depr,0.06,33,377,0.0,2,0.22736982,0.22739181,0.9930588,0.10161111,0.10161111,1.0,2.1988119e-05,0.00021639482,-26.52418,2.184773,0.72825766,0.17,0.0,0.15944384,7.499994,7.519994,1209600
hardzero_plus_depr__c0p50__z1p00__lam0p020__nu0p50__psi0p75,hardzero_plus_depr,0.06,33,378,0.0,2,0.22739181,0.22739181,1.0238965,0.0,0.09464627,0.0,0.0,0.00021317304,-27.513905,2.2526171,0.7508724,0.14400001,0.0,0.17478994,7.519994,7.539994,1212800
hardzero_plus_depr__c0p50__z1p00__lam0p020__nu0p50__psi0p75,hardzero_plus_depr,0.06,33,379,0.0,2,0.22739181,0.22741635,0.93221307,0.116892576,0.116892576,1.0,2.4547364e-05,0.00020999934,-25.482038,2.0509098,0.6836366,0.15200001,0.0,0.1169101,7.539994,7.5599937,1216000
hardzero_plus_depr__c0p50__z1p00__lam0p020__nu0p50__psi0p75,hardzero_plus_depr,0.06,33,380,0.0,2,0.22741635,0.22741635,1.0429233,0.0,0.090589255,0.0,0.0,0.00020687288,-27.979006,2.2944772,0.76482576,0.15200001,0.0,0.14626096,7.5599937,7.5799937,1219200
hardzero_plus_depr__c0p50__z1p00__lam0p020__nu0p50__psi0p75,hardzero_plus_depr,0.06,33,381,0.0,2,0.22741635,0.22743717,0.99063194,0.10218049,0.10218049,1.0,2.0823667e-05,0.00020379298,-27.123247,2.1794338,0.726478,0.16800001,0.0,0.1414461,7.5799937,7.5999937,1222400
hardzero_plus_depr__c0p50__z1p00__lam0p020__nu0p50__psi0p75,hardzero_plus_depr,0.06,33,382,0.0,2,0.22743717,0.22743717,1.0332727,0.0,0.092624776,0.0,0.0,0.00020075892,-27.284113,2.2732453,0.7577485,0.120000005,0.0,0.14684395,7.5999937,7.6199937,1225600
hardzero_plus_depr__c0p50__z1p00__lam0p020__nu0p50__psi0p75,hardzero_plus_depr,0.06,33,383,0.0,2,0.22743717,0.22743717,1.0074528,0.0,0.09829855,0.0,0.0,0.00019776993,-26.981314,2.2164404,0.7388135,0.18400002,0.0,0.15461825,7.6199937,7.6399937,1228800
hardzero_plus_depr__c0p50__z1p00__lam0p020__nu0p50__psi0p75,hardzero_plus_depr,0.06,33,384,0.0,2,0.22743717,0.2274567,0.99874574,0.10028921,0.10028921,1.0,1.95389e-05,0.00019482555,-26.837225,2.1972845,0.7324282,0.216,0.0,0.16112074,7.6399937,7.6599936,1232000
hardzero_plus_depr__c0p50__z1p00__lam0p020__nu0p50__psi0p75,hardzero_plus_depr,0.06,33,385,0.0,2,0.2274567,0.2274567,1.0257906,0.0,0.094234385,0.0,0.0,0.00019192502,-26.581501,2.2567844,0.7522615,0.104,0.0,0.14352965,7.6599936,7.6799936,1235200
hardzero_plus_depr__c0p50__z1p00__lam0p020__nu0p50__psi0p75,hardzero_plus_depr,0.06,33,386,0.0,2,0.2274567,0.22747654,0.97923577,0.10489728,0.10489728,1.0,1.983267e-05,0.00018906753,-27.05248,2.1543617,0.7181206,0.15200001,0.0,0.14117204,7.6799936,7.6999936,1238400
hardzero_plus_depr__c0p50__z1p00__lam0p020__nu0p50__psi0p75,hardzero_plus_depr,0.06,33,387,0.0,2,0.22747654,0.22747654,1.0476786,0.0,0.08960275,0.0,0.0,0.00018625273,-27.214579,2.304939,0.76831305,0.128,0.0,0.16131614,7.6999936,7.7199936,1241600
hardzero_plus_depr__c0p50__z1p00__lam0p020__nu0p50__psi0p75,hardzero_plus_depr,0.06,33,388,0.0,2,0.22747654,0.22749503,0.9965415,0.10079952,0.10079952,1.0,1.8494678e-05,0.00018347982,-27.718006,2.192435,0.7308117,0.15200001,0.0,0.17297821,7.7199936,7.7399936,1244800
hardzero_plus_depr__c0p50__z1p00__lam0p020__nu0p50__psi0p75,hardzero_plus_depr,0.06,33,389,0.0,2,0.22749503,0.22751567,0.9424481,0.114169985,0.114169985,1.0,2.0636015e-05,0.00018074816,-25.205292,2.0734272,0.69114244,0.24800001,0.0,0.12826411,7.7399936,7.7599936,1248000
hardzero_plus_depr__c0p50__z1p00__lam0p020__nu0p50__psi0p75,hardzero_plus_depr,0.06,33,390,0.0,2,0.22751567,0.22753432,0.9796229,0.10480382,0.10480382,1.0,1.8661076e-05,0.0001780572,-27.102343,2.1552134,0.7184045,0.21,0.0,0.124416046,7.7599936,7.7799935,1251200
hardzero_plus_depr__c0p50__z1p00__lam0p020__nu0p50__psi0p75,hardzero_plus_depr,0.06,33,391,0.0,2,0.22753432,0.2275519,0.9988822,0.100257725,0.100257725,1.0,1.7585828e-05,0.00017540621,-26.08422,2.1975846,0.7325282,0.120000005,0.0,0.118934534,7.7799935,7.7999935,1254400
hardzero_plus_depr__c0p50__z1p00__lam0p020__nu0p50__psi0p75,hardzero_plus_depr,0.06,33,392,0.0,2,0.2275519,0.22757074,0.9624235,0.109037645,0.109037645,1.0,1.8841136e-05,0.00017279478,-26.493706,2.117374,0.70579135,0.14400001,0.0,0.1306788,7.7999935,7.8199935,1257600
hardzero_plus_depr__c0p50__z1p00__lam0p020__nu0p50__psi0p75,hardzero_plus_depr,0.06,33,393,0.0,2,0.22757074,0.22758813,0.99078727,0.10214396,0.10214396,1.0,1.7387172e-05,0.00017022222,-27.592106,2.1797755,0.7265918,0.216,0.0,0.18211177,7.8199935,7.8399935,1260800
hardzero_plus_depr__c0p50__z1p00__lam0p020__nu0p50__psi0p75,hardzero_plus_depr,0.06,33,394,0.0,2,0.22758813,0.22760573,0.9788478,0.10499102,0.10499102,1.0,1.7605722e-05,0.00016768789,-27.36362,2.1535082,0.7178361,0.16000001,0.0,0.16227543,7.8399935,7.8599935,1264000
hardzero_plus_depr__c0p50__z1p00__lam0p020__nu0p50__psi0p75,hardzero_plus_depr,0.06,33,395,0.0,2,0.22760573,0.22762421,0.9513842,0.1118448,0.1118448,1.0,1.8475796e-05,0.00016519136,-25.24166,2.093087,0.6976957,0.17600001,0.0,0.11938268,7.8599935,7.8799934,1267200
hardzero_plus_depr__c0p50__z1p00__lam0p020__nu0p50__psi0p75,hardzero_plus_depr,0.06,33,396,0.0,2,0.22762421,0.22764072,0.9936622,0.10147003,0.10147003,1.0,1.6512422e-05,0.000162732,-26.352024,2.1861005,0.72870016,0.16800001,0.0,0.1445163,7.8799934,7.8999934,1270400
hardzero_plus_depr__c0p50__z1p00__lam0p020__nu0p50__psi0p75,hardzero_plus_depr,0.06,33,397,0.0,2,0.22764072,0.22765721,0.9874626,0.10292891,0.10292891,1.0,1.6500459e-05,0.00016030927,-26.34726,2.172461,0.7241537,0.128,0.0,0.14486995,7.8999934,7.9199934,1273600
hardzero_plus_depr__c0p50__z1p00__lam0p020__nu0p50__psi0p75,hardzero_plus_depr,0.06,33,398,0.0,2,0.22765721,0.22767398,0.97422886,0.10611362,0.10611362,1.0,1.675774e-05,0.00015792261,-26.664568,2.1433463,0.7144488,0.17600001,0.0,0.1508497,7.9199934,7.9399934,1276800
hardzero_plus_depr__c0p50__z1p00__lam0p020__nu0p50__psi0p75,hardzero_plus_depr,0.06,33,399,0.0,2,0.22767398,0.2276897,0.9954087,0.10106278,0.10106278,1.0,1.5722475e-05,0.00015557137,-26.976099,2.1899428,0.72998095,0.128,0.0,0.16388923,7.9399934,7.9599934,1280000
hardzero_plus_depr__c0p50__z1p00__lam0p020__nu0p50__psi0p75,hardzero_plus_depr,0.06,33,400,0.0,2,0.2276897,0.22770523,0.99427104,0.10132788,0.10132788,1.0,1.5529029e-05,0.00015325524,-26.961445,2.18744,0.72914666,0.17600001,0.0,0.14279851,7.9599934,7.9799933,1283200
hardzero_plus_depr__c0p50__z1p00__lam0p020__nu0p50__psi0p75,hardzero_plus_depr,0.06,33,401,0.0,2,0.22770523,0.22770523,1.037994,0.0,0.09162329,0.0,0.0,0.00015097359,-27.27584,2.2836325,0.76121086,0.18400002,0.0,0.17707601,7.9799933,7.9999933,1286400
hardzero_plus_depr__c0p50__z1p00__lam0p020__nu0p50__psi0p75,hardzero_plus_depr,0.06,33,402,0.0,2,0.22770523,0.22772059,0.98606175,0.103261456,0.103261456,1.0,1.5357646e-05,0.00014872583,-26.763552,2.1693792,0.7231264,0.224,0.008,0.16595279,7.9999933,8.019994,1289600
hardzero_plus_depr__c0p50__z1p00__lam0p020__nu0p50__psi0p75,hardzero_plus_depr,0.06,33,403,0.0,2,0.22772059,0.2277369,0.9531986,0.111378506,0.111378506,1.0,1.6318238e-05,0.00014651155,-26.56501,2.0970788,0.6990263,0.19,0.0,0.15717044,8.019994,8.039994,1292800
hardzero_plus_depr__c0p50__z1p00__lam0p020__nu0p50__psi0p75,hardzero_plus_depr,0.06,33,404,0.0,2,0.2277369,0.2277369,1.0751008,0.0,0.08411999,0.0,0.0,0.00014433022,-28.88494,2.365269,0.788423,0.15200001,0.0,0.13129519,8.039994,8.059995,1296000
hardzero_plus_depr__c0p50__z1p00__lam0p020__nu0p50__psi0p75,hardzero_plus_depr,0.06,33,405,0.0,2,0.2277369,0.22775184,0.9786944,0.105028115,0.105028115,1.0,1.4933043e-05,0.00014218138,-26.66424,2.1531706,0.71772355,0.192,0.0,0.14243087,8.059995,8.079995,1299200
hardzero_plus_depr__c0p50__z1p00__lam0p020__nu0p50__psi0p75,hardzero_plus_depr,0.06,33,406,0.0,2,0.22775184,0.22775184,1.0090923,0.0,0.09792818,0.0,0.0,0.00014006453,-27.379847,2.2200475,0.74001586,0.18400002,0.008,0.1679631,8.079995,8.099996,1302400
hardzero_plus_depr__c0p50__z1p00__lam0p020__nu0p50__psi0p75,hardzero_plus_depr,0.06,33,407,0.0,2,0.22775184,0.22776583,0.99373144,0.10145385,0.10145385,1.0,1.3998519e-05,0.00013797918,-27.258717,2.1862528,0.72875094,0.23200001,0.0,0.16461553,8.099996,8.119996,1305600
hardzero_plus_depr__c0p50__z1p00__lam0p020__nu0p50__psi0p75,hardzero_plus_depr,0.06,33,408,0.0,2,0.22776583,0.22776583,1.0042988,0.0,0.099015035,0.0,0.0,0.0001359249,-27.140049,2.2095015,0.7365005,0.18400002,0.0,0.1482472,8.119996,8.139997,1308800
hardzero_plus_depr__c0p50__z1p00__lam0p020__nu0p50__psi0p75,hardzero_plus_depr,0.06,33,409,0.0,2,0.22776583,0.22776583,1.004433,0.0,0.09898444,0.0,0.0,0.0001339012,-27.325674,2.209797,0.73659897,0.2,0.0,0.14923649,8.139997,8.159997,1312000
hardzero_plus_depr__c0p50__z1p00__lam0p020__nu0p50__psi0p75,hardzero_plus_depr,0.06,33,410,0.0,2,0.22776583,0.22776583,1.0044079,0.0,0.09899019,0.0,0.0,0.00013190763,-26.513992,2.2097414,0.7365805,0.16000001,0.0,0.14217962,8.159997,8.179997,1315200
hardzero_plus_depr__c0p50__z1p00__lam0p020__nu0p50__psi0p75,hardzero_plus_depr,0.06,33,411,0.0,2,0.22776583,0.22776583,1.0000724,0.0,0.099983335,0.0,0.0,0.00012994371,-27.14819,2.2002032,0.73340106,0.16000001,0.0,0.15836705,8.179997,8.199998,1318400
hardzero_plus_depr__c0p50__z1p00__lam0p020__nu0p50__psi0p75,hardzero_plus_depr,0.06,33,412,0.0,2,0.22776583,0.22777966,0.96625036,0.10808106,0.10808106,1.0,1.3835357e-05,0.00012800908,-25.502035,2.1257932,0.7085978,0.104,0.0,0.13188912,8.199998,8.219998,1321600
hardzero_plus_depr__c0p50__z1p00__lam0p020__nu0p50__psi0p75,hardzero_plus_depr,0.06,33,413,0.0,2,0.22777966,0.22779256,0.99005824,0.102315575,0.102315575,1.0,1.2902325e-05,0.00012610323,-26.76717,2.1781716,0.72605723,0.16000001,0.0,0.14533189,8.219998,8.239999,1324800
hardzero_plus_depr__c0p50__z1p00__lam0p020__nu0p50__psi0p75,hardzero_plus_depr,0.06,33,414,0.0,2,0.22779256,0.2278056,0.9790883,0.104932904,0.104932904,1.0,1.3035369e-05,0.00012422576,-26.366114,2.1540372,0.71801245,0.192,0.0,0.14032193,8.239999,8.259999,1328000
hardzero_plus_depr__c0p50__z1p00__lam0p020__nu0p50__psi0p75,hardzero_plus_depr,0.06,33,415,0.0,2,0.2278056,0.22781794,0.99664885,0.100774616,0.100774616,1.0,1.2332418e-05,0.00012237624,-27.521729,2.1926713,0.73089045,0.17600001,0.0,0.1580418,8.259999,8.28,1331200
hardzero_plus_depr__c0p50__z1p00__lam0p020__nu0p50__psi0p75,hardzero_plus_depr,0.06,33,416,0.0,2,0.22781794,0.22781794,1.0541974,0.0,0.08826785,0.0,0.0,0.00012055424,-27.29108,2.3192806,0.7730936,0.19999999,0.0,0.17106405,8.28,8.3,1334400
hardzero_plus_depr__c0p50__z1p00__lam0p020__nu0p50__psi0p75,hardzero_plus_depr,0.06,33,417,0.0,2,0.22781794,0.22783102,0.95787203,0.11018638,0.11018638,1.0,1.3085665e-05,0.000118759366,-25.820293,2.1073606,0.70245355,0.112,0.0,0.13367037,8.3,8.320001,1337600
hardzero_plus_depr__c0p50__z1p00__lam0p020__nu0p50__psi0p75,hardzero_plus_depr,0.06,33,418,0.0,2,0.22783102,0.22783102,1.0100461,0.0,0.09771333,0.0,0.0,0.00011699124,-26.520731,2.2221458,0.74071527,0.136,0.0,0.14966212,8.320001,8.340001,1340800
hardzero_plus_depr__c0p50__z1p00__lam0p020__nu0p50__psi0p75,hardzero_plus_depr,0.06,33,419,0.0,2,0.22783102,0.22783102,1.0182595,0.0,0.09588274,0.0,0.0,0.00011524943,-27.785742,2.2402158,0.7467386,0.128,0.0,0.13328871,8.340001,8.360002,1344000
hardzero_plus_depr__c0p50__z1p00__lam0p020__nu0p50__psi0p75,hardzero_plus_depr,0.06,33,420,0.0,2,0.22783102,0.2278425,0.99527484,0.10109394,0.10109394,1.0,1.1477555e-05,0.000113533555,-26.950695,2.1896484,0.72988284,0.16800001,0.0,0.14900693,8.360002,8.380002,1347200
hardzero_plus_depr__c0p50__z1p00__lam0p020__nu0p50__psi0p75,hardzero_plus_depr,0.06,33,421,0.0,2,0.2278425,0.2278425,1.0162449,0.0,0.096328564,0.0,0.0,0.00011184323,-27.785625,2.2357833,0.74526113,0.16800001,0.0,0.14782304,8.380002,8.4000025,1350400
hardzero_plus_depr__c0p50__z1p00__lam0p020__nu0p50__psi0p75,hardzero_plus_depr,0.06,33,422,0.0,2,0.2278425,0.2278425,1.014523,0.0,0.09671123,0.0,0.0,0.00011017805,-27.495747,2.231995,0.7439984,0.120000005,0.0,0.1394308,8.4000025,8.420003,1353600
hardzero_plus_depr__c0p50__z1p00__lam0p020__nu0p50__psi0p75,hardzero_plus_depr,0.06,33,423,0.0,2,0.2278425,0.22785409,0.97156924,0.10676545,0.10676545,1.0,1.1588073e-05,0.00010853767,-26.684612,2.137495,0.71249837,0.16800001,0.0,0.14313927,8.420003,8.440003,1356800
hardzero_plus_depr__c0p50__z1p00__lam0p020__nu0p50__psi0p75,hardzero_plus_depr,0.06,33,424,0.0,2,0.22785409,0.22785409,1.0226959,0.0,0.094908275,0.0,0.0,0.000106921725,-27.569225,2.249976,0.749992,0.14400001,0.0,0.1398965,8.440003,8.460004,1360000
hardzero_plus_depr__c0p50__z1p00__lam0p020__nu0p50__psi0p75,hardzero_plus_depr,0.06,33,425,0.0,2,0.22785409,0.22786483,0.99127674,0.10202891,0.10202891,1.0,1.0746688e-05,0.00010532983,-26.308525,2.1808524,0.7269508,0.120000005,0.0,0.12113836,8.460004,8.480004,1363200
hardzero_plus_depr__c0p50__z1p00__lam0p020__nu0p50__psi0p75,hardzero_plus_depr,0.06,33,426,0.0,2,0.22786483,0.22786483,1.043244,0.0,0.09052239,0.0,0.0,0.000103761646,-28.132366,2.2951827,0.7650609,0.136,0.0,0.15580514,8.480004,8.500005,1366400
hardzero_plus_depr__c0p50__z1p00__lam0p020__nu0p50__psi0p75,hardzero_plus_depr,0.06,33,427,0.0,2,0.22786483,0.2278762,0.9538757,0.11120498,0.11120498,1.0,1.1367018e-05,0.0001022168,-25.284647,2.0985684,0.69952285,0.256,0.0,0.12866841,8.500005,8.520005,1369600
hardzero_plus_depr__c0p50__z1p00__lam0p020__nu0p50__psi0p75,hardzero_plus_depr,0.06,33,428,0.0,2,0.2278762,0.2278873,0.9573407,0.11032126,0.11032126,1.0,1.1108794e-05,0.00010069495,-26.654627,2.1061916,0.7020639,0.14400001,0.0,0.13578935,8.520005,8.540006,1372800
hardzero_plus_depr__c0p50__z1p00__lam0p020__nu0p50__psi0p75,hardzero_plus_depr,0.06,33,429,0.0,2,0.2278873,0.2278873,1.0119747,0.0,0.0972804,0.0,0.0,9.9195764e-05,-27.767822,2.2263887,0.74212956,0.22,0.0,0.16426021,8.540006,8.560006,1376000
hardzero_plus_depr__c0p50__z1p00__lam0p020__nu0p50__psi0p75,hardzero_plus_depr,0.06,33,430,0.0,2,0.2278873,0.22789733,0.9888561,0.10259918,0.10259918,1.0,1.00258785e-05,9.77189e-05,-27.080744,2.1755269,0.7251756,0.16000001,0.0,0.15989165,8.560006,8.580007,1379200
hardzero_plus_depr__c0p50__z1p00__lam0p020__nu0p50__psi0p75,hardzero_plus_depr,0.06,33,431,0.0,2,0.22789733,0.22789733,1.0010326,0.0,0.09976253,0.0,0.0,9.6264026e-05,-26.656576,2.2023156,0.7341052,0.18400002,0.0,0.14176983,8.580007,8.600007,1382400
hardzero_plus_depr__c0p50__z1p00__lam0p020__nu0p50__psi0p75,hardzero_plus_depr,0.06,33,432,0.0,2,0.22789733,0.2279078,0.9569017,0.11043284,0.11043284,1.0,1.0472435e-05,9.48308e-05,-25.754723,2.1052258,0.70174193,0.208,0.0,0.12622692,8.600007,8.6200075,1385600
hardzero_plus_depr__c0p50__z1p00__lam0p020__nu0p50__psi0p75,hardzero_plus_depr,0.06,33,433,0.0,2,0.2279078,0.2279078,1.0564088,0.0,0.08781956,0.0,0.0,9.341892e-05,-28.093369,2.3241458,0.7747153,0.14400001,0.0,0.17863196,8.6200075,8.640008,1388800
hardzero_plus_depr__c0p50__z1p00__lam0p020__nu0p50__psi0p75,hardzero_plus_depr,0.06,33,434,0.0,2,0.2279078,0.2279183,0.9432006,0.11397232,0.11397232,1.0,1.0488652e-05,9.2028065e-05,-26.252247,2.0750828,0.69169426,0.256,0.0,0.12471389,8.640008,8.660008,1392000
hardzero_plus_depr__c0p50__z1p00__lam0p020__nu0p50__psi0p75,hardzero_plus_depr,0.06,33,435,0.0,2,0.2279183,0.2279274,0.99820054,0.10041521,0.10041521,1.0,9.1034335e-06,9.0657915e-05,-27.110722,2.196085,0.73202837,0.15200001,0.0,0.1643716,8.660008,8.680009,1395200
hardzero_plus_depr__c0p50__z1p00__lam0p020__nu0p50__psi0p75,hardzero_plus_depr,0.06,33,436,0.0,2,0.2279274,0.2279274,1.0480019,0.0,0.089536086,0.0,0.0,8.930817e-05,-26.862665,2.3056502,0.7685501,0.128,0.0,0.134501,8.680009,8.700009,1398400
hardzero_plus_depr__c0p50__z1p00__lam0p020__nu0p50__psi0p75,hardzero_plus_depr,0.06,33,437,0.0,2,0.2279274,0.2279274,1.004264,0.0,0.09902297,0.0,0.0,8.797851e-05,-27.053041,2.209425,0.736475,0.18400002,0.0,0.13732639,8.700009,8.72001,1401600
hardzero_plus_depr__c0p50__z1p00__lam0p020__nu0p50__psi0p75,hardzero_plus_depr,0.06,33,438,0.0,2,0.2279274,0.2279274,1.0026524,0.0,0.09939112,0.0,0.0,8.6668646e-05,-26.883781,2.2058792,0.7352931,0.136,0.0,0.15182358,8.72001,8.74001,1404800
hardzero_plus_depr__c0p50__z1p00__lam0p020__nu0p50__psi0p75,hardzero_plus_depr,0.06,33,439,0.0,2,0.2279274,0.22793707,0.94608957,0.11321668,0.11321668,1.0,9.666247e-06,8.537829e-05,-27.168854,2.0814385,0.69381285,0.208,0.0,0.1269662,8.74001,8.760011,1408000
hardzero_plus_depr__c0p50__z1p00__lam0p020__nu0p50__psi0p75,hardzero_plus_depr,0.06,33,440,0.0,2,0.22793707,0.22794558,0.994781,0.10120898,0.10120898,1.0,8.512399e-06,8.410715e-05,-27.147396,2.188562,0.7295207,0.128,0.0,0.1486453,8.760011,8.780011,1411200
hardzero_plus_depr__c0p50__z1p00__lam0p020__nu0p50__psi0p75,hardzero_plus_depr,0.06,33,441,0.0,2,0.22794558,0.22795407,0.98941916,0.10246625,0.10246625,1.0,8.489834e-06,8.285493e-05,-26.397015,2.1767657,0.72558856,0.224,0.0,0.12984017,8.780011,8.800012,1414400
hardzero_plus_depr__c0p50__z1p00__lam0p020__nu0p50__psi0p75,hardzero_plus_depr,0.06,33,442,0.0,2,0.22795407,0.22795407,1.0137146,0.0,0.09689143,0.0,0.0,8.162134e-05,-27.047592,2.2302165,0.7434055,0.14999999,0.0,0.15218396,8.800012,8.820012,1417600
hardzero_plus_depr__c0p50__z1p00__lam0p020__nu0p50__psi0p75,hardzero_plus_depr,0.06,33,443,0.0,2,0.22795407,0.22796276,0.96630704,0.10806697,0.10806697,1.0,8.689247e-06,8.0406135e-05,-26.123892,2.125918,0.7086393,0.216,0.0,0.12431097,8.820012,8.840013,1420800
hardzero_plus_depr__c0p50__z1p00__lam0p020__nu0p50__psi0p75,hardzero_plus_depr,0.06,33,444,0.0,2,0.22796276,0.22796276,1.0186232,0.0,0.095802486,0.0,0.0,7.920902e-05,-26.69703,2.241016,0.74700534,0.2,0.0,0.1705443,8.840013,8.860013,1424000
hardzero_plus_depr__c0p50__z1p00__lam0p020__nu0p50__psi0p75,hardzero_plus_depr,0.06,33,445,0.0,2,0.22796276,0.22796276,1.0476025,0.0,0.08961846,0.0,0.0,7.802973e-05,-27.857422,2.3047717,0.76825726,0.120000005,0.0,0.15430334,8.860013,8.880013,1427200
hardzero_plus_depr__c0p50__z1p00__lam0p020__nu0p50__psi0p75,hardzero_plus_depr,0.06,33,446,0.0,2,0.22796276,0.22797066,0.987912,0.10282247,0.10282247,1.0,7.903756e-06,7.686799e-05,-26.419018,2.1734498,0.72448325,0.192,0.0,0.14454298,8.880013,8.900014,1430400
hardzero_plus_depr__c0p50__z1p00__lam0p020__nu0p50__psi0p75,hardzero_plus_depr,0.06,33,447,0.0,2,0.22797066,0.22797872,0.9731429,0.106379285,0.106379285,1.0,8.055416e-06,7.572355e-05,-25.908157,2.140957,0.7136524,0.224,0.0,0.13465852,8.900014,8.920014,1433600
hardzero_plus_depr__c0p50__z1p00__lam0p020__nu0p50__psi0p75,hardzero_plus_depr,0.06,33,448,0.0,2,0.22797872,0.22797872,1.0012608,0.0,0.09971012,0.0,0.0,7.4596144e-05,-27.263943,2.2028177,0.7342726,0.192,0.0,0.17850053,8.920014,8.940015,1436800
hardzero_plus_depr__c0p50__z1p00__lam0p020__nu0p50__psi0p75,hardzero_plus_depr,0.06,33,449,0.0,2,0.22797872,0.22797872,1.0993706,0.0,0.07954801,0.0,0.0,7.348553e-05,-29.47275,2.4186637,0.80622125,0.16800001,0.0,0.20634653,8.940015,8.960015,1440000
hardzero_plus_depr__c0p50__z1p00__lam0p020__nu0p50__psi0p75,hardzero_plus_depr,0.06,33,450,0.0,2,0.22797872,0.22798643,0.9731637,0.10637419,0.10637419,1.0,7.700581e-06,7.239144e-05,-25.93254,2.141003,0.71366763,0.136,0.0,0.13045678,8.960015,8.980016,1443200
hardzero_plus_depr__c0p50__z1p00__lam0p020__nu0p50__psi0p75,hardzero_plus_depr,0.06,33,451,0.0,2,0.22798643,0.22798643,1.0219322,0.0,0.09507531,0.0,0.0,7.1313654e-05,-27.282991,2.2482958,0.74943197,0.120000005,0.0,0.14990735,8.980016,9.000016,1446400
hardzero_plus_depr__c0p50__z1p00__lam0p020__nu0p50__psi0p75,hardzero_plus_depr,0.06,33,452,0.0,2,0.22798643,0.22798643,1.0007819,0.0,0.09982013,0.0,0.0,7.025191e-05,-26.918766,2.201764,0.7339214,0.224,0.0,0.16567774,9.000016,9.020017,1449600
hardzero_plus_depr__c0p50__z1p00__lam0p020__nu0p50__psi0p75,hardzero_plus_depr,0.06,33,453,0.0,2,0.22798643,0.22798643,1.0471458,0.0,0.089712754,0.0,0.0,6.920596e-05,-27.202524,2.3037667,0.7679223,0.14400001,0.0,0.16512941,9.020017,9.040017,1452800
hardzero_plus_depr__c0p50__z1p00__lam0p020__nu0p50__psi0p75,hardzero_plus_depr,0.06,33,454,0.0,2,0.22798643,0.22799389,0.96065205,0.1094833,0.1094833,1.0,7.46409e-06,6.81756e-05,-26.30822,2.1134768,0.7044923,0.16800001,0.0,0.119252205,9.040017,9.060018,1456000
hardzero_plus_depr__c0p50__z1p00__lam0p020__nu0p50__psi0p75,hardzero_plus_depr,0.06,33,455,0.0,2,0.22799389,0.22799389,1.0129993,0.0,0.09705114,0.0,0.0,6.7160574e-05,-27.462843,2.228643,0.742881,0.22,0.0,0.17612132,9.060018,9.080018,1459200
hardzero_plus_depr__c0p50__z1p00__lam0p020__nu0p50__psi0p75,hardzero_plus_depr,0.06,33,456,0.0,2,0.22799389,0.22800064,0.9911206,0.10206559,0.10206559,1.0,6.752727e-06,6.616066e-05,-26.037447,2.1805089,0.7268363,0.17600001,0.0,0.12139772,9.080018,9.1000185,1462400
hardzero_plus_depr__c0p50__z1p00__lam0p020__nu0p50__psi0p75,hardzero_plus_depr,0.06,33,457,0.0,2,0.22800064,0.22800745,0.9812016,0.10442353,0.10442353,1.0,6.80587e-06,6.5175635e-05,-26.388458,2.1586866,0.71956223,0.15200001,0.0,0.13829702,9.1000185,9.120019,1465600
hardzero_plus_depr__c0p50__z1p00__lam0p020__nu0p50__psi0p75,hardzero_plus_depr,0.06,33,458,0.0,2,0.22800745,0.22800745,1.0583851,0.0,0.08742081,0.0,0.0,6.420527e-05,-28.120525,2.3284938,0.77616465,0.14400001,0.0,0.14688525,9.120019,9.140019,1468800
hardzero_plus_depr__c0p50__z1p00__lam0p020__nu0p50__psi0p75,hardzero_plus_depr,0.06,33,459,0.0,2,0.22800745,0.22800745,1.0207332,0.0,0.095338166,0.0,0.0,6.324937e-05,-27.215088,2.245658,0.7485527,0.17600001,0.0,0.15920317,9.140019,9.16002,1472000
hardzero_plus_depr__c0p50__z1p00__lam0p020__nu0p50__psi0p75,hardzero_plus_depr,0.06,33,460,0.0,2,0.22800745,0.22801429,0.9599459,0.109661475,0.109661475,1.0,6.8327527e-06,6.2307685e-05,-26.24835,2.1119232,0.7039744,0.18400002,0.0,0.13659726,9.16002,9.18002,1475200
hardzero_plus_depr__c0p50__z1p00__lam0p020__nu0p50__psi0p75,hardzero_plus_depr,0.06,33,461,0.0,2,0.22801429,0.22801429,1.0309296,0.0,0.09312588,0.0,0.0,6.138002e-05,-27.042522,2.2680902,0.7560301,0.08800001,0.0,0.16968192,9.18002,9.200021,1478400
hardzero_plus_depr__c0p50__z1p00__lam0p020__nu0p50__psi0p75,hardzero_plus_depr,0.06,33,462,0.0,2,0.22801429,0.22802109,0.9490298,0.112452775,0.112452775,1.0,6.7995884e-06,6.046617e-05,-25.993279,2.0879073,0.6959691,0.16000001,0.0,0.16064997,9.200021,9.220021,1481600
hardzero_plus_depr__c0p50__z1p00__lam0p020__nu0p50__psi0p75,hardzero_plus_depr,0.06,33,463,0.0,2,0.22802109,0.22802109,1.0227525,0.0,0.09489591,0.0,0.0,5.9565922e-05,-27.227749,2.2501004,0.7500335,0.15200001,0.0,0.15994799,9.220021,9.240022,1484800
hardzero_plus_depr__c0p50__z1p00__lam0p020__nu0p50__psi0p75,hardzero_plus_depr,0.06,33,464,0.0,2,0.22802109,0.22802109,1.0143905,0.0,0.096740775,0.0,0.0,5.8679085e-05,-26.86611,2.2317035,0.7439012,0.216,0.008,0.14277484,9.240022,9.260022,1488000
hardzero_plus_depr__c0p50__z1p00__lam0p020__nu0p50__psi0p75,hardzero_plus_depr,0.06,33,465,0.0,2,0.22802109,0.228027,0.99012315,0.10230028,0.10230028,1.0,5.913513e-06,5.7805446e-05,-26.13522,2.1783144,0.72610486,0.224,0.0,0.12621851,9.260022,9.280023,1491200
hardzero_plus_depr__c0p50__z1p00__lam0p020__nu0p50__psi0p75,hardzero_plus_depr,0.06,33,466,0.0,2,0.228027,0.228027,1.0074298,0.0,0.09830377,0.0,0.0,5.6944817e-05,-27.060995,2.21639,0.73879665,0.208,0.0,0.13959725,9.280023,9.300023,1494400
hardzero_plus_depr__c0p50__z1p00__lam0p020__nu0p50__psi0p75,hardzero_plus_depr,0.06,33,467,0.0,2,0.228027,0.22803287,0.9800762,0.104694486,0.104694486,1.0,5.873046e-06,5.6096997e-05,-27.659576,2.1562107,0.7187369,0.18400002,0.0,0.17168039,9.300023,9.320024,1497600
hardzero_plus_depr__c0p50__z1p00__lam0p020__nu0p50__psi0p75,hardzero_plus_depr,0.06,33,468,0.0,2,0.22803287,0.22803287,1.0540715,0.0,0.08829344,0.0,0.0,5.5261804e-05,-27.687092,2.3190038,0.7730013,0.089999996,0.0,0.13984124,9.320024,9.340024,1500800
hardzero_plus_depr__c0p50__z1p00__lam0p020__nu0p50__psi0p75,hardzero_plus_depr,0.06,33,469,0.0,2,0.22803287,0.22803833,0.99873215,0.10029237,0.10029237,1.0,5.4598204e-06,5.4439042e-05,-26.218254,2.1972547,0.73241824,0.136,0.0,0.15221316,9.340024,9.360024,1504000
hardzero_plus_depr__c0p50__z1p00__lam0p020__nu0p50__psi0p75,hardzero_plus_depr,0.06,33,470,0.0,2,0.22803833,0.22804381,0.9902686,0.10226601,0.10226601,1.0,5.4843763e-06,5.3628533e-05,-26.96379,2.1786344,0.7262115,0.208,0.0,0.15171565,9.360024,9.380025,1507200
hardzero_plus_depr__c0p50__z1p00__lam0p020__nu0p50__psi0p75,hardzero_plus_depr,0.06,33,471,0.0,2,0.22804381,0.22804943,0.9730784,0.106395096,0.106395096,1.0,5.620863e-06,5.283009e-05,-26.29259,2.1408153,0.7136051,0.16800001,0.0,0.13333525,9.380025,9.400025,1510400
hardzero_plus_depr__c0p50__z1p00__lam0p020__nu0p50__psi0p75,hardzero_plus_depr,0.06,33,472,0.0,2,0.22804943,0.22804943,1.0292175,0.0,0.09349373,0.0,0.0,5.204353e-05,-26.768803,2.2643237,0.7547746,0.096,0.0,0.14733905,9.400025,9.420026,1513600
hardzero_plus_depr__c0p50__z1p00__lam0p020__nu0p50__psi0p75,hardzero_plus_depr,0.06,33,473,0.0,2,0.22804943,0.22804943,1.008925,0.0,0.09796591,0.0,0.0,5.126869e-05,-26.89807,2.219679,0.7398931,0.15200001,0.0,0.15671916,9.420026,9.440026,1516800
hardzero_plus_depr__c0p50__z1p00__lam0p020__nu0p50__psi0p75,hardzero_plus_depr,0.06,33,474,0.0,2,0.22804943,0.22805463,0.9870664,0.10302285,0.10302285,1.0,5.2032083e-06,5.050538e-05,-26.753279,2.1715894,0.7238631,0.104,0.0,0.13763581,9.440026,9.460027,1520000
hardzero_plus_depr__c0p50__z1p00__lam0p020__nu0p50__psi0p75,hardzero_plus_depr,0.06,33,475,0.0,2,0.22805463,0.22805463,1.0194628,0.0,0.09561745,0.0,0.0,4.975344e-05,-27.107075,2.242863,0.747621,0.15200001,0.0,0.15214285,9.460027,9.480027,1523200
hardzero_plus_depr__c0p50__z1p00__lam0p020__nu0p50__psi0p75,hardzero_plus_depr,0.06,33,476,0.0,2,0.22805463,0.22806007,0.95523596,0.11085723,0.11085723,1.0,5.433411e-06,4.9012688e-05,-25.923908,2.101561,0.7005204,0.18400002,0.0,0.12725879,9.480027,9.500028,1526400
hardzero_plus_depr__c0p50__z1p00__lam0p020__nu0p50__psi0p75,hardzero_plus_depr,0.06,33,477,0.0,2,0.22806007,0.22806007,1.0124838,0.0,0.097166404,0.0,0.0,4.8282964e-05,-27.471697,2.227509,0.74250305,0.18400002,0.0,0.16428143,9.500028,9.520028,1529600
hardzero_plus_depr__c0p50__z1p00__lam0p020__nu0p50__psi0p75,hardzero_plus_depr,0.06,33,478,0.0,2,0.22806007,0.22806492,0.9908172,0.10213692,0.10213692,1.0,4.8580514e-06,4.756411e-05,-25.941206,2.1798413,0.72661376,0.192,0.0,0.15550505,9.520028,9.540029,1532800
hardzero_plus_depr__c0p50__z1p00__lam0p020__nu0p50__psi0p75,hardzero_plus_depr,0.06,33,479,0.0,2,0.22806492,0.22806972,0.9900033,0.10232853,0.10232853,1.0,4.7947015e-06,4.685596e-05,-27.005821,2.1780508,0.72601694,0.16000001,0.0,0.14672768,9.540029,9.560029,1536000
hardzero_plus_depr__c0p50__z1p00__lam0p020__nu0p50__psi0p75,hardzero_plus_depr,0.06,33,480,0.0,2,0.22806972,0.22807443,0.9911103,0.10206801,0.10206801,1.0,4.711291e-06,4.615835e-05,-27.13785,2.1804862,0.72682875,0.17600001,0.0,0.14489128,9.560029,9.5800295,1539200
hardzero_plus_depr__c0p50__z1p00__lam0p020__nu0p50__psi0p75,hardzero_plus_depr,0.06,33,481,0.0,2,0.22807443,0.2280793,0.9701959,0.10710359,0.10710359,1.0,4.870121e-06,4.5471126e-05,-26.86141,2.1344736,0.7114912,0.13,0.0,0.15592837,9.5800295,9.60003,1542400
hardzero_plus_depr__c0p50__z1p00__lam0p020__nu0p50__psi0p75,hardzero_plus_depr,0.06,33,482,0.0,2,0.2280793,0.2280793,1.0473917,0.0,0.08966199,0.0,0.0,4.479413e-05,-28.250647,2.3043077,0.7681026,0.192,0.008,0.17252038,9.60003,9.62003,1545600
hardzero_plus_depr__c0p50__z1p00__lam0p020__nu0p50__psi0p75,hardzero_plus_depr,0.06,33,483,0.0,2,0.2280793,0.2280793,1.0022426,0.0,0.09948496,0.0,0.0,4.4127217e-05,-27.086428,2.2049778,0.7349926,0.2,0.0,0.13324432,9.62003,9.640031,1548800
hardzero_plus_depr__c0p50__z1p00__lam0p020__nu0p50__psi0p75,hardzero_plus_depr,0.06,33,484,0.0,2,0.2280793,0.22808397,0.96977127,0.10720836,0.10720836,1.0,4.6603727e-06,4.3470234e-05,-27.268934,2.1335394,0.71117985,0.216,0.0,0.15207316,9.640031,9.660031,1552000
hardzero_plus_depr__c0p50__z1p00__lam0p020__nu0p50__psi0p75,hardzero_plus_depr,0.06,33,485,0.0,2,0.22808397,0.22808862,0.9637575,0.10870325,0.10870325,1.0,4.655003e-06,4.2823034e-05,-26.312878,2.1203089,0.70676965,0.264,0.0,0.15725714,9.660031,9.680032,1555200
hardzero_plus_depr__c0p50__z1p00__lam0p020__nu0p50__psi0p75,hardzero_plus_depr,0.06,33,486,0.0,2,0.22808862,0.22808862,1.0019819,0.0,0.0995447,0.0,0.0,4.2185467e-05,-27.368633,2.204404,0.7348014,0.120000005,0.0,0.13870756,9.680032,9.700032,1558400
hardzero_plus_depr__c0p50__z1p00__lam0p020__nu0p50__psi0p75,hardzero_plus_depr,0.06,33,487,0.0,2,0.22808862,0.22808862,1.0422156,0.0,0.090737,0.0,0.0,4.1557392e-05,-27.305841,2.29292,0.7643067,0.104,0.0,0.15804598,9.700032,9.720033,1561600
hardzero_plus_depr__c0p50__z1p00__lam0p020__nu0p50__psi0p75,hardzero_plus_depr,0.06,33,488,0.0,2,0.22808862,0.22809288,0.9831825,0.103948325,0.103948325,1.0,4.2555057e-06,4.0938667e-05,-27.089157,2.1630447,0.7210149,0.192,0.008,0.14385302,9.720033,9.740033,1564800
hardzero_plus_depr__c0p50__z1p00__lam0p020__nu0p50__psi0p75,hardzero_plus_depr,0.06,33,489,0.0,2,0.22809288,0.22809738,0.95262325,0.111526154,0.111526154,1.0,4.497756e-06,4.032916e-05,-25.977669,2.095813,0.69860435,0.224,0.0,0.13170539,9.740033,9.760034,1568000
hardzero_plus_depr__c0p50__z1p00__lam0p020__nu0p50__psi0p75,hardzero_plus_depr,0.06,33,490,0.0,2,0.22809738,0.22809738,1.0041871,0.0,0.09904051,0.0,0.0,3.972872e-05,-26.9609,2.2092557,0.7364186,0.136,0.0,0.15814619,9.760034,9.780034,1571200
hardzero_plus_depr__c0p50__z1p00__lam0p020__nu0p50__psi0p75,hardzero_plus_depr,0.06,33,491,0.0,2,0.22809738,0.22810157,0.97116774,0.106864184,0.106864184,1.0,4.1823673e-06,3.9137223e-05,-26.143595,2.1366117,0.7122039,0.18400002,0.0,0.1408742,9.780034,9.8000345,1574400
hardzero_plus_depr__c0p50__z1p00__lam0p020__nu0p50__psi0p75,hardzero_plus_depr,0.06,33,492,0.0,2,0.22810157,0.22810157,1.0502902,0.0,0.08906556,0.0,0.0,3.855453e-05,-27.58824,2.3106847,0.77022827,0.128,0.0,0.14202528,9.8000345,9.820035,1577600
hardzero_plus_depr__c0p50__z1p00__lam0p020__nu0p50__psi0p75,hardzero_plus_depr,0.06,33,493,0.0,2,0.22810157,0.22810543,0.9922581,0.10179863,0.10179863,1.0,3.866365e-06,3.798052e-05,-27.085539,2.1830113,0.72767043,0.208,0.0,0.14253621,9.820035,9.840035,1580800
hardzero_plus_depr__c0p50__z1p00__lam0p020__nu0p50__psi0p75,hardzero_plus_depr,0.06,33,494,0.0,2,0.22810543,0.22810937,0.9761896,0.10563563,0.10563563,1.0,3.9523625e-06,3.741505e-05,-25.797504,2.14766,0.7158867,0.17999999,0.0,0.12664519,9.840035,9.860036,1584000
hardzero_plus_depr__c0p50__z1p00__lam0p020__nu0p50__psi0p75,hardzero_plus_depr,0.06,33,495,0.0,2,0.22810937,0.22811307,0.99949324,0.10011675,0.10011675,1.0,3.6901029e-06,3.6857997e-05,-26.288837,2.198929,0.7329764,0.15200001,0.0,0.12100666,9.860036,9.880036,1587200
hardzero_plus_depr__c0p50__z1p00__lam0p020__nu0p50__psi0p75,hardzero_plus_depr,0.06,33,496,0.0,2,0.22811307,0.22811687,0.97944236,0.10484738,0.10484738,1.0,3.8069286e-06,3.630924e-05,-26.439608,2.1548162,0.7182721,0.16800001,0.0,0.16197944,9.880036,9.900037,1590400
hardzero_plus_depr__c0p50__z1p00__lam0p020__nu0p50__psi0p75,hardzero_plus_depr,0.06,33,497,0.0,2,0.22811687,0.22812073,0.9666708,0.10797649,0.10797649,1.0,3.8621743e-06,3.576866e-05,-26.43102,2.1267183,0.7089061,0.224,0.0,0.14990972,9.900037,9.920037,1593600
hardzero_plus_depr__c0p50__z1p00__lam0p020__nu0p50__psi0p75,hardzero_plus_depr,0.06,33,498,0.0,2,0.22812073,0.22812428,0.9979156,0.10048109,0.10048109,1.0,3.540564e-06,3.523612e-05,-26.622295,2.1954582,0.7318194,0.216,0.0,0.13330303,9.920037,9.940038,1596800
hardzero_plus_depr__c0p50__z1p00__lam0p020__nu0p50__psi0p75,hardzero_plus_depr,0.06,33,499,0.0,2,0.22812428,0.22812428,1.0307634,0.0,0.09316152,0.0,0.0,3.471151e-05,-27.043139,2.2677248,0.75590825,0.224,0.0,0.16444479,9.940038,9.960038,1600000
hardzero_plus_depr__c0p50__z1p00__lam0p020__nu0p50__psi0p75,hardzero_plus_depr,0.06,33,500,0.0,2,0.22812428,0.22812796,0.9688557,0.10743464,0.10743464,1.0,3.6736958e-06,3.4194705e-05,-26.152983,2.131525,0.71050835,0.072000004,0.0,0.14173044,9.960038,9.980039,1603200
hardzero_plus_depr__c0p50__z1p00__lam0p020__nu0p50__psi0p75,hardzero_plus_depr,0.06,33,501,0.0,2,0.22812796,0.22812796,1.0152826,0.0,0.09654223,0.0,0.0,3.3685603e-05,-27.59333,2.2336664,0.7445555,0.17600001,0.0,0.17221716,9.980039,10.000039,1606400
hardzero_plus_depr__c0p50__z1p00__lam0p020__nu0p50__psi0p75,hardzero_plus_depr,0.06,33,502,0.0,2,0.22812796,0.22813141,0.9817509,0.104291536,0.104291536,1.0,3.4608186e-06,3.318408e-05,-27.280165,2.1598952,0.7199651,0.24000001,0.0,0.17131096,10.000039,10.02004,1609600
hardzero_plus_depr__c0p50__z1p00__lam0p020__nu0p50__psi0p75,hardzero_plus_depr,0.06,33,503,0.0,2,0.22813141,0.22813475,0.99163556,0.101944655,0.101944655,1.0,3.332573e-06,3.2690023e-05,-26.64781,2.1816418,0.727214,0.14400001,0.0,0.15639219,10.02004,10.04004,1612800
hardzero_plus_depr__c0p50__z1p00__lam0p020__nu0p50__psi0p75,hardzero_plus_depr,0.06,33,504,0.0,2,0.22813475,0.22813475,1.0233102,0.0,0.09477412,0.0,0.0,3.220332e-05,-27.92022,2.2513273,0.75044245,0.128,0.0,0.14849426,10.04004,10.06004,1616000
hardzero_plus_depr__c0p50__z1p00__lam0p020__nu0p50__psi0p75,hardzero_plus_depr,0.06,33,505,0.0,2,0.22813475,0.22813798,0.9919961,0.101860054,0.101860054,1.0,3.2313947e-06,3.1723866e-05,-28.187883,2.182435,0.7274784,0.136,0.0,0.13968149,10.06004,10.080041,1619200
hardzero_plus_depr__c0p50__z1p00__lam0p020__nu0p50__psi0p75,hardzero_plus_depr,0.06,33,506,0.0,2,0.22813798,0.22814119,0.9888614,0.10259794,0.10259794,1.0,3.2063442e-06,3.1251548e-05,-26.797632,2.1755385,0.72517955,0.23200001,0.0,0.15829216,10.080041,10.100041,1622400
hardzero_plus_depr__c0p50__z1p00__lam0p020__nu0p50__psi0p75,hardzero_plus_depr,0.06,33,507,0.0,2,0.22814119,0.22814436,0.98668784,0.10311269,0.10311269,1.0,3.1744542e-06,3.078626e-05,-26.618431,2.1707566,0.72358555,0.16,0.0,0.14822984,10.100041,10.120042,1625600
hardzero_plus_depr__c0p50__z1p00__lam0p020__nu0p50__psi0p75,hardzero_plus_depr,0.06,33,508,0.0,2,0.22814436,0.22814777,0.9486966,0.11253908,0.11253908,1.0,3.4130746e-06,3.0327905e-05,-26.523108,2.0871742,0.6957247,0.15200001,0.0,0.15190774,10.120042,10.140042,1628800
hardzero_plus_depr__c0p50__z1p00__lam0p020__nu0p50__psi0p75,hardzero_plus_depr,0.06,33,509,0.0,2,0.22814777,0.22815141,0.9154041,0.12150551,0.12150551,1.0,3.6301437e-06,2.9876372e-05,-25.29528,2.0139291,0.6713097,0.216,0.0,0.1318416,10.140042,10.160043,1632000
hardzero_plus_depr__c0p50__z1p00__lam0p020__nu0p50__psi0p75,hardzero_plus_depr,0.06,33,510,0.0,2,0.22815141,0.22815461,0.963286,0.10882134,0.10882134,1.0,3.2027815e-06,2.9431558e-05,-26.137188,2.1192715,0.7064239,0.120000005,0.0,0.13209854,10.160043,10.180043,1635200
hardzero_plus_depr__c0p50__z1p00__lam0p020__nu0p50__psi0p75,hardzero_plus_depr,0.06,33,511,0.0,2,0.22815461,0.2281576,0.9881012,0.10277768,0.10277768,1.0,2.9798714e-06,2.899337e-05,-26.267342,2.173866,0.724622,0.136,0.0,0.12365337,10.180043,10.200044,1638400
hardzero_plus_depr__c0p50__z1p00__lam0p020__nu0p50__psi0p75,hardzero_plus_depr,0.06,33,512,0.0,2,0.2281576,0.22816055,0.9856827,0.10335162,0.10335162,1.0,2.9518985e-06,2.8561704e-05,-26.013748,2.1685452,0.7228484,0.16000001,0.0,0.15507907,10.200044,10.220044,1641600
hardzero_plus_depr__c0p50__z1p00__lam0p020__nu0p50__psi0p75,hardzero_plus_depr,0.06,33,513,0.0,2,0.22816055,0.22816055,1.0166073,0.0,0.09624822,0.0,0.0,2.8136466e-05,-27.789156,2.2365806,0.7455269,0.120000005,0.0,0.17133553,10.220044,10.240045,1644800
hardzero_plus_depr__c0p50__z1p00__lam0p020__nu0p50__psi0p75,hardzero_plus_depr,0.06,33,514,0.0,2,0.22816055,0.22816332,0.9995915,0.1000941,0.1000941,1.0,2.7743642e-06,2.771756e-05,-27.863138,2.1991453,0.73304844,0.16800001,0.008,0.13998882,10.240045,10.260045,1648000
hardzero_plus_depr__c0p50__z1p00__lam0p020__nu0p50__psi0p75,hardzero_plus_depr,0.06,33,515,0.0,2,0.22816332,0.22816612,0.98910296,0.10254088,0.10254088,1.0,2.7998674e-06,2.730489e-05,-27.49285,2.17607,0.7253567,0.192,0.0,0.15876995,10.260045,10.2800455,1651200
hardzero_plus_depr__c0p50__z1p00__lam0p020__nu0p50__psi0p75,hardzero_plus_depr,0.06,33,516,0.0,2,0.22816612,0.22816612,1.004699,0.0,0.09892384,0.0,0.0,2.6898364e-05,-27.256353,2.210382,0.736794,0.128,0.0,0.1284068,10.2800455,10.300046,1654400
hardzero_plus_depr__c0p50__z1p00__lam0p020__nu0p50__psi0p75,hardzero_plus_depr,0.06,33,517,0.0,2,0.22816612,0.22816612,1.013105,0.0,0.097027525,0.0,0.0,2.649789e-05,-27.17828,2.2288756,0.74295855,0.15200001,0.0,0.13102926,10.300046,10.320046,1657600
hardzero_plus_depr__c0p50__z1p00__lam0p020__nu0p50__psi0p75,hardzero_plus_depr,0.06,33,518,0.0,2,0.22816612,0.22816612,1.0091403,0.0,0.09791737,0.0,0.0,2.610338e-05,-26.251364,2.2201529,0.740051,0.136,0.0,0.13204584,10.320046,10.340047,1660800
hardzero_plus_depr__c0p50__z1p00__lam0p020__nu0p50__psi0p75,hardzero_plus_depr,0.06,33,519,0.0,2,0.22816612,0.22816612,1.0078518,0.0,0.09820829,0.0,0.0,2.5714742e-05,-27.968466,2.2173183,0.7391061,0.096,0.0,0.14974192,10.340047,10.360047,1664000
hardzero_plus_depr__c0p50__z1p00__lam0p020__nu0p50__psi0p75,hardzero_plus_depr,0.06,33,520,0.0,2,0.22816612,0.22816876,0.98369575,0.10382555,0.10382555,1.0,2.6300975e-06,2.533189e-05,-26.929018,2.1641738,0.7213913,0.17999999,0.0,0.15125428,10.360047,10.380048,1667200
hardzero_plus_depr__c0p50__z1p00__lam0p020__nu0p50__psi0p75,hardzero_plus_depr,0.06,33,521,0.0,2,0.22816876,0.22817157,0.9468935,0.11300729,0.11300729,1.0,2.8200673e-06,2.4954737e-05,-26.205257,2.0832074,0.69440246,0.224,0.0,0.1408008,10.380048,10.400048,1670400
hardzero_plus_depr__c0p50__z1p00__lam0p020__nu0p50__psi0p75,hardzero_plus_depr,0.06,33,522,0.0,2,0.22817157,0.22817157,1.0044153,0.0,0.09898849,0.0,0.0,2.4583203e-05,-26.639465,2.2097578,0.736586,0.14400001,0.0,0.1647927,10.400048,10.420049,1673600
hardzero_plus_depr__c0p50__z1p00__lam0p020__nu0p50__psi0p75,hardzero_plus_depr,0.06,33,523,0.0,2,0.22817157,0.22817157,1.006117,0.0,0.098601386,0.0,0.0,2.42172e-05,-27.660164,2.2135015,0.73783386,0.2,0.0,0.16246974,10.420049,10.440049,1676800
hardzero_plus_depr__c0p50__z1p00__lam0p020__nu0p50__psi0p75,hardzero_plus_depr,0.06,33,524,0.0,2,0.22817157,0.22817409,0.97537714,0.10583342,0.10583342,1.0,2.5248303e-06,2.3856644e-05,-26.860153,2.1458726,0.7152909,0.16800001,0.0,0.14295666,10.440049,10.46005,1680000
hardzero_plus_depr__c0p50__z1p00__lam0p020__nu0p50__psi0p75,hardzero_plus_depr,0.06,33,525,0.0,2,0.22817409,0.22817664,0.9658996,0.1081684,0.1081684,1.0,2.542115e-06,2.3501456e-05,-26.363205,2.1250215,0.7083405,0.16000001,0.0,0.12955877,10.46005,10.48005,1683200
hardzero_plus_depr__c0p50__z1p00__lam0p020__nu0p50__psi0p75,hardzero_plus_depr,0.06,33,526,0.0,2,0.22817664,0.22817664,1.015124,0.0,0.09657752,0.0,0.0,2.3151557e-05,-27.421097,2.2333174,0.7444391,0.208,0.0,0.17691028,10.48005,10.500051,1686400
hardzero_plus_depr__c0p50__z1p00__lam0p020__nu0p50__psi0p75,hardzero_plus_depr,0.06,33,527,0.0,2,0.22817664,0.22817664,1.0043503,0.0,0.09900331,0.0,0.0,2.2806867e-05,-27.21706,2.2096148,0.7365383,0.104,0.0,0.1379212,10.500051,10.520051,1689600
hardzero_plus_depr__c0p50__z1p00__lam0p020__nu0p50__psi0p75,hardzero_plus_depr,0.06,33,528,0.0,2,0.22817664,0.22817895,0.9886053,0.10265844,0.10265844,1.0,2.306459e-06,2.246731e-05,-26.016232,2.1749752,0.72499174,0.128,0.0,0.12887067,10.520051,10.540051,1692800
hardzero_plus_depr__c0p50__z1p00__lam0p020__nu0p50__psi0p75,hardzero_plus_depr,0.06,33,529,0.0,2,0.22817895,0.22818144,0.95014125,0.112165354,0.112165354,1.0,2.4825342e-06,2.2132808e-05,-26.463638,2.0903525,0.6967842,0.16800001,0.0,0.13704023,10.540051,10.560052,1696000
hardzero_plus_depr__c0p50__z1p00__lam0p020__nu0p50__psi0p75,hardzero_plus_depr,0.06,33,530,0.0,2,0.22818144,0.22818388,0.94948673,0.11233452,0.11233452,1.0,2.4492615e-06,2.1803284e-05,-26.302483,2.0889125,0.6963042,0.208,0.0,0.15487981,10.560052,10.580052,1699200
hardzero_plus_depr__c0p50__z1p00__lam0p020__nu0p50__psi0p75,hardzero_plus_depr,0.06,33,531,0.0,2,0.22818388,0.22818613,0.9798149,0.1047575,0.1047575,1.0,2.2500517e-06,2.1478669e-05,-26.762352,2.1556358,0.7185453,0.14400001,0.0,0.15234101,10.580052,10.600053,1702400
hardzero_plus_depr__c0p50__z1p00__lam0p020__nu0p50__psi0p75,hardzero_plus_depr,0.06,33,532,0.0,2,0.22818613,0.22818829,0.9900639,0.102314234,0.102314234,1.0,2.164855e-06,2.1158885e-05,-26.300556,2.178184,0.72606134,0.216,0.0,0.15217766,10.600053,10.620053,1705600
hardzero_plus_depr__c0p50__z1p00__lam0p020__nu0p50__psi0p75,hardzero_plus_depr,0.06,33,533,0.0,2,0.22818829,0.22819076,0.9265679,0.11842191,0.11842191,1.0,2.4683704e-06,2.0843865e-05,-25.369886,2.03849,0.6794967,0.24,0.0,0.12457905,10.620053,10.640054,1708800
hardzero_plus_depr__c0p50__z1p00__lam0p020__nu0p50__psi0p75,hardzero_plus_depr,0.06,33,534,0.0,2,0.22819076,0.22819076,1.0741203,0.0,0.08431011,0.0,0.0,2.0533533e-05,-28.449392,2.3631117,0.78770393,0.08800001,0.0,0.16667674,10.640054,10.660054,1712000
hardzero_plus_depr__c0p50__z1p00__lam0p020__nu0p50__psi0p75,hardzero_plus_depr,0.06,33,535,0.0,2,0.22819076,0.22819076,1.0685648,0.0,0.085395545,0.0,0.0,2.0227819e-05,-28.461298,2.3508894,0.78362983,0.16000001,0.0,0.14708878,10.660054,10.680055,1715200
hardzero_plus_depr__c0p50__z1p00__lam0p020__nu0p50__psi0p75,hardzero_plus_depr,0.06,33,536,0.0,2,0.22819076,0.22819279,0.99335456,0.10154194,0.10154194,1.0,2.0233917e-06,1.9926661e-05,-25.874271,2.1854236,0.72847456,0.128,0.0,0.17939869,10.680055,10.700055,1718400
hardzero_plus_depr__c0p50__z1p00__lam0p020__nu0p50__psi0p75,hardzero_plus_depr,0.06,33,537,0.0,2,0.22819279,0.22819279,1.0587593,0.0,0.08734553,0.0,0.0,1.9629986e-05,-28.712465,2.329317,0.7764391,0.136,0.0,0.16828305,10.700055,10.720056,1721600
hardzero_plus_depr__c0p50__z1p00__lam0p020__nu0p50__psi0p75,hardzero_plus_depr,0.06,33,538,0.0,2,0.22819279,0.22819279,1.0470736,0.0,0.08972766,0.0,0.0,1.9337725e-05,-27.757837,2.303608,0.76786935,0.16000001,0.0,0.14497904,10.720056,10.740056,1724800
hardzero_plus_depr__c0p50__z1p00__lam0p020__nu0p50__psi0p75,hardzero_plus_depr,0.06,33,539,0.0,2,0.22819279,0.22819279,1.0028305,0.0,0.09935038,0.0,0.0,1.9049818e-05,-27.38167,2.2062712,0.73542374,0.216,0.0,0.15903394,10.740056,10.7600565,1728000
hardzero_plus_depr__c0p50__z1p00__lam0p020__nu0p50__psi0p75,hardzero_plus_depr,0.06,33,540,0.0,2,0.22819279,0.22819483,0.96271163,0.10896532,0.10896532,1.0,2.0448647e-06,1.8766197e-05,-26.023607,2.118008,0.70600265,0.224,0.0,0.14803134,10.7600565,10.780057,1731200
hardzero_plus_depr__c0p50__z1p00__lam0p020__nu0p50__psi0p75,hardzero_plus_depr,0.06,33,541,0.0,2,0.22819483,0.22819483,1.01139,0.0,0.09741146,0.0,0.0,1.8486799e-05,-27.72801,2.2251024,0.7417008,0.17600001,0.0,0.14595571,10.780057,10.800057,1734400
hardzero_plus_depr__c0p50__z1p00__lam0p020__nu0p50__psi0p75,hardzero_plus_depr,0.06,33,542,0.0,2,0.22819483,0.22819483,1.0607979,0.0,0.086936474,0.0,0.0,1.821156e-05,-27.992287,2.333802,0.777934,0.14400001,0.0,0.16798523,10.800057,10.820058,1737600
hardzero_plus_depr__c0p50__z1p00__lam0p020__nu0p50__psi0p75,hardzero_plus_depr,0.06,33,543,0.0,2,0.22819483,0.22819676,0.9691397,0.1073644,0.1073644,1.0,1.9261624e-06,1.794042e-05,-26.325727,2.13215,0.71071666,0.192,0.0,0.15960473,10.820058,10.840058,1740800
hardzero_plus_depr__c0p50__z1p00__lam0p020__nu0p50__psi0p75,hardzero_plus_depr,0.06,33,544,0.0,2,0.22819676,0.22819676,1.0613941,0.0,0.08681723,0.0,0.0,1.7673314e-05,-26.941967,2.3351138,0.7783713,0.128,0.0,0.17582408,10.840058,10.860059,1744000
hardzero_plus_depr__c0p50__z1p00__lam0p020__nu0p50__psi0p75,hardzero_plus_depr,0.06,33,545,0.0,2,0.22819676,0.22819676,1.01448,0.0,0.09672082,0.0,0.0,1.7410186e-05,-27.190285,2.2319005,0.7439668,0.16000001,0.0,0.15943165,10.860059,10.880059,1747200
hardzero_plus_depr__c0p50__z1p00__lam0p020__nu0p50__psi0p75,hardzero_plus_depr,0.06,33,546,0.0,2,0.22819676,0.22819857,0.9736607,0.10625253,0.10625253,1.0,1.8223346e-06,1.7150976e-05,-26.541086,2.1420963,0.7140321,0.16,0.0,0.13656764,10.880059,10.90006,1750400
hardzero_plus_depr__c0p50__z1p00__lam0p020__nu0p50__psi0p75,hardzero_plus_depr,0.06,33,547,0.0,2,0.22819857,0.22820027,0.9990936,0.10020892,0.10020892,1.0,1.6930926e-06,1.6895627e-05,-26.75395,2.1980498,0.7326833,0.128,0.0,0.14131218,10.90006,10.92006,1753600
hardzero_plus_depr__c0p50__z1p00__lam0p020__nu0p50__psi0p75,hardzero_plus_depr,0.06,33,548,0.0,2,0.22820027,0.22820202,0.98144144,0.104365885,0.104365885,1.0,1.7370738e-06,1.6644077e-05,-26.125793,2.1592143,0.7197381,0.16000001,0.0,0.13177991,10.92006,10.940061,1756800
hardzero_plus_depr__c0p50__z1p00__lam0p020__nu0p50__psi0p75,hardzero_plus_depr,0.06,33,549,0.0,2,0.22820202,0.22820202,1.0091985,0.0,0.09790423,0.0,0.0,1.6396276e-05,-27.018522,2.2202811,0.7400937,0.208,0.0,0.1551872,10.940061,10.960061,1760000
hardzero_plus_depr__c0p50__z1p00__lam0p020__nu0p50__psi0p75,hardzero_plus_depr,0.06,33,550,0.0,2,0.22820202,0.2282038,0.9549775,0.11092322,0.11092322,1.0,1.7916494e-06,1.6152158e-05,-26.31945,2.1009924,0.70033085,0.272,0.0,0.12619787,10.960061,10.980062,1763200
hardzero_plus_depr__c0p50__z1p00__lam0p020__nu0p50__psi0p75,hardzero_plus_depr,0.06,33,551,0.0,2,0.2282038,0.22820544,0.98613125,0.10324494,0.10324494,1.0,1.6428005e-06,1.591168e-05,-26.934551,2.169532,0.7231774,0.14400001,0.0,0.1222242,10.980062,11.000062,1766400
hardzero_plus_depr__c0p50__z1p00__lam0p020__nu0p50__psi0p75,hardzero_plus_depr,0.06,33,552,0.0,2,0.22820544,0.22820725,0.9399491,0.11482881,0.11482881,1.0,1.7999165e-06,1.5674781e-05,-25.941349,2.0679293,0.6893098,0.18400002,0.0,0.12913768,11.000062,11.020062,1769600
hardzero_plus_depr__c0p50__z1p00__lam0p020__nu0p50__psi0p75,hardzero_plus_depr,0.06,33,553,0.0,2,0.22820725,0.22820896,0.9547379,0.110984445,0.110984445,1.0,1.7137561e-06,1.5441408e-05,-25.504253,2.1004653,0.70015514,0.120000005,0.0,0.138321,11.020062,11.040063,1772800
hardzero_plus_depr__c0p50__z1p00__lam0p020__nu0p50__psi0p75,hardzero_plus_depr,0.06,33,554,0.0,2,0.22820896,0.22820896,1.0155814,0.0,0.09647585,0.0,0.0,1.5211509e-05,-26.828295,2.2343237,0.7447746,0.17600001,0.0,0.164639,11.040063,11.060063,1776000
hardzero_plus_depr__c0p50__z1p00__lam0p020__nu0p50__psi0p75,hardzero_plus_depr,0.06,33,555,0.0,2,0.22820896,0.22820896,1.0365174,0.0,0.09193538,0.0,0.0,1.4985035e-05,-27.4663,2.2803838,0.76012796,0.192,0.0,0.16522142,11.060063,11.080064,1779200
hardzero_plus_depr__c0p50__z1p00__lam0p020__nu0p50__psi0p75,hardzero_plus_depr,0.06,33,556,0.0,2,0.22820896,0.22820896,1.0201567,0.0,0.09546479,0.0,0.0,1.4761933e-05,-27.09978,2.2443895,0.74812984,0.192,0.0,0.15646675,11.080064,11.100064,1782400
hardzero_plus_depr__c0p50__z1p00__lam0p020__nu0p50__psi0p75,hardzero_plus_depr,0.06,33,557,0.0,2,0.22820896,0.22821051,0.97383755,0.10620927,0.10620927,1.0,1.5445112e-06,1.454215e-05,-26.67883,2.1424854,0.7141618,0.136,0.0,0.12961654,11.100064,11.120065,1785600
hardzero_plus_depr__c0p50__z1p00__lam0p020__nu0p50__psi0p75,hardzero_plus_depr,0.06,33,558,0.0,2,0.22821051,0.22821051,1.0120445,0.0,0.097264744,0.0,0.0,1.4325641e-05,-26.683935,2.2265425,0.7421808,0.16000001,0.0,0.13618974,11.120065,11.140065,1788800
hardzero_plus_depr__c0p50__z1p00__lam0p020__nu0p50__psi0p75,hardzero_plus_depr,0.06,33,559,0.0,2,0.22821051,0.228212,0.9777534,0.10525593,0.10525593,1.0,1.4854091e-06,1.41123555e-05,-27.145084,2.1511004,0.7170335,0.17,0.0,0.15955794,11.140065,11.160066,1792000
hardzero_plus_depr__c0p50__z1p00__lam0p020__nu0p50__psi0p75,hardzero_plus_depr,0.06,33,560,0.0,2,0.228212,0.228212,1.0242131,0.0,0.09457728,0.0,0.0,1.3902244e-05,-27.97684,2.2533138,0.7511046,0.17600001,0.0,0.14866725,11.160066,11.180066,1795200
hardzero_plus_depr__c0p50__z1p00__lam0p020__nu0p50__psi0p75,hardzero_plus_depr,0.06,33,561,0.0,2,0.228212,0.2282135,0.9610589,0.1093808,0.1093808,1.0,1.4979988e-06,1.3695263e-05,-26.254333,2.1143718,0.7047906,0.192,0.0,0.1366796,11.180066,11.200067,1798400
hardzero_plus_depr__c0p50__z1p00__lam0p020__nu0p50__psi0p75,hardzero_plus_depr,0.06,33,562,0.0,2,0.2282135,0.228215,0.9580658,0.11013725,0.11013725,1.0,1.4859014e-06,1.3491362e-05,-25.545412,2.107787,0.70259565,0.120000005,0.0,0.13562126,11.200067,11.220067,1801600
hardzero_plus_depr__c0p50__z1p00__lam0p020__nu0p50__psi0p75,hardzero_plus_depr,0.06,33,563,0.0,2,0.228215,0.228215,1.0165634,0.0,0.09625795,0.0,0.0,1.3290498e-05,-26.969927,2.236484,0.7454947,0.208,0.0,0.14694522,11.220067,11.2400675,1804800
hardzero_plus_depr__c0p50__z1p00__lam0p020__nu0p50__psi0p75,hardzero_plus_depr,0.06,33,564,0.0,2,0.228215,0.22821648,0.9439905,0.1137652,0.1137652,1.0,1.4894849e-06,1.3092624e-05,-26.6064,2.0768206,0.69227356,0.2,0.0,0.14183751,11.2400675,11.260068,1808000
hardzero_plus_depr__c0p50__z1p00__lam0p020__nu0p50__psi0p75,hardzero_plus_depr,0.06,33,565,0.0,2,0.22821648,0.22821784,0.97813904,0.105162494,0.105162494,1.0,1.3563537e-06,1.2897694e-05,-26.36934,2.151949,0.7173163,0.208,0.0,0.1491716,11.260068,11.280068,1811200
hardzero_plus_depr__c0p50__z1p00__lam0p020__nu0p50__psi0p75,hardzero_plus_depr,0.06,33,566,0.0,2,0.22821784,0.2282192,0.96950155,0.10727498,0.10727498,1.0,1.3630004e-06,1.2705669e-05,-26.394608,2.132946,0.710982,0.16000001,0.0,0.16047427,11.280068,11.300069,1814400
hardzero_plus_depr__c0p50__z1p00__lam0p020__nu0p50__psi0p75,hardzero_plus_depr,0.06,33,567,0.0,2,0.2282192,0.2282192,1.0097287,0.0,0.09778479,0.0,0.0,1.2516502e-05,-26.911337,2.2214475,0.7404825,0.18400002,0.0,0.14992154,11.300069,11.320069,1817600
hardzero_plus_depr__c0p50__z1p00__lam0p020__nu0p50__psi0p75,hardzero_plus_depr,0.06,33,568,0.0,2,0.2282192,0.2282192,1.0292287,0.0,0.09349132,0.0,0.0,1.2330152e-05,-27.627953,2.2643483,0.7547828,0.192,0.0,0.1596728,11.320069,11.34007,1820800
hardzero_plus_depr__c0p50__z1p00__lam0p020__nu0p50__psi0p75,hardzero_plus_depr,0.06,33,569,0.0,2,0.2282192,0.2282192,1.0002408,0.0,0.099944554,0.0,0.0,1.21465755e-05,-27.27525,2.2005737,0.73352456,0.16800001,0.0,0.15830189,11.34007,11.36007,1824000
hardzero_plus_depr__c0p50__z1p00__lam0p020__nu0p50__psi0p75,hardzero_plus_depr,0.06,33,570,0.0,2,0.2282192,0.2282192,1.0074652,0.0,0.09829576,0.0,0.0,1.1965732e-05,-26.5989,2.2164679,0.73882264,0.136,0.0,0.13518713,11.36007,11.380071,1827200
hardzero_plus_depr__c0p50__z1p00__lam0p020__nu0p50__psi0p75,hardzero_plus_depr,0.06,33,571,0.0,2,0.2282192,0.22822046,0.96954536,0.10726415,0.10726415,1.0,1.2643849e-06,1.1787581e-05,-26.711092,2.1330423,0.71101415,0.17600001,0.0,0.13585116,11.380071,11.400071,1830400
hardzero_plus_depr__c0p50__z1p00__lam0p020__nu0p50__psi0p75,hardzero_plus_depr,0.06,33,572,0.0,2,0.22822046,0.22822046,1.0228586,0.0,0.09487271,0.0,0.0,1.1612084e-05,-27.633701,2.2503338,0.7501113,0.16,0.0,0.15174831,11.400071,11.420072,1833600
hardzero_plus_depr__c0p50__z1p00__lam0p020__nu0p50__psi0p75,hardzero_plus_depr,0.06,33,573,0.0,2,0.22822046,0.22822161,0.9977934,0.10050938,0.10050938,1.0,1.1497467e-06,1.1439198e-05,-27.368858,2.1951892,0.73172975,0.216,0.0,0.16242377,11.420072,11.440072,1836800
hardzero_plus_depr__c0p50__z1p00__lam0p020__nu0p50__psi0p75,hardzero_plus_depr,0.06,33,574,0.0,2,0.22822161,0.22822161,1.006131,0.0,0.09859819,0.0,0.0,1.1268887e-05,-27.133728,2.2135324,0.73784417,0.16800001,0.0,0.17338748,11.440072,11.4600725,1840000
hardzero_plus_depr__c0p50__z1p00__lam0p020__nu0p50__psi0p75,hardzero_plus_depr,0.06,33,575,0.0,2,0.22822161,0.22822274,0.9923634,0.10177393,0.10177393,1.0,1.1298036e-06,1.110111e-05,-26.929068,2.183243,0.7277477,0.192,0.0,0.14395264,11.4600725,11.480073,1843200
hardzero_plus_depr__c0p50__z1p00__lam0p020__nu0p50__psi0p75,hardzero_plus_depr,0.06,33,576,0.0,2,0.22822274,0.22822392,0.96991456,0.107173,0.107173,1.0,1.1720261e-06,1.0935833e-05,-26.267029,2.1338546,0.7112849,0.216,0.0,0.14039479,11.480073,11.500073,1846400
hardzero_plus_depr__c0p50__z1p00__lam0p020__nu0p50__psi0p75,hardzero_plus_depr,0.06,33,577,0.0,2,0.22822392,0.2282251,0.9594471,0.10978752,0.10978752,1.0,1.1827427e-06,1.0773017e-05,-25.885208,2.1108258,0.70360863,0.208,0.0,0.13984531,11.500073,11.520074,1849600
hardzero_plus_depr__c0p50__z1p00__lam0p020__nu0p50__psi0p75,hardzero_plus_depr,0.06,33,578,0.0,2,0.2282251,0.22822627,0.9560055,0.110660955,0.110660955,1.0,1.1744031e-06,1.0612624e-05,-26.4591,2.103254,0.70108473,0.2,0.0,0.13570188,11.520074,11.540074,1852800
hardzero_plus_depr__c0p50__z1p00__lam0p020__nu0p50__psi0p75,hardzero_plus_depr,0.06,33,579,0.0,2,0.22822627,0.22822738,0.9760561,0.1056681,0.1056681,1.0,1.1047197e-06,1.0454619e-05,-26.601517,2.1473663,0.7157888,0.16800001,0.0,0.13337922,11.540074,11.560075,1856000
hardzero_plus_depr__c0p50__z1p00__lam0p020__nu0p50__psi0p75,hardzero_plus_depr,0.06,33,580,0.0,2,0.22822738,0.22822843,0.98955333,0.10243459,0.10243459,1.0,1.0549703e-06,1.0298965e-05,-26.208694,2.1770608,0.72568697,0.216,0.0,0.1474388,11.560075,11.580075,1859200
hardzero_plus_depr__c0p50__z1p00__lam0p020__nu0p50__psi0p75,hardzero_plus_depr,0.06,33,581,0.0,2,0.22822843,0.22822955,0.95545137,0.110802256,0.110802256,1.0,1.1241588e-06,1.0145631e-05,-26.304226,2.102035,0.70067835,0.17600001,0.008,0.13045289,11.580075,11.600076,1862400
hardzero_plus_depr__c0p50__z1p00__lam0p020__nu0p50__psi0p75,hardzero_plus_depr,0.06,33,582,0.0,2,0.22822955,0.22823058,0.9891267,0.102535285,0.102535285,1.0,1.0247969e-06,9.994578e-06,-26.92077,2.1761222,0.7253741,0.128,0.0,0.15234569,11.600076,11.620076,1865600
hardzero_plus_depr__c0p50__z1p00__lam0p020__nu0p50__psi0p75,hardzero_plus_depr,0.06,33,583,0.0,2,0.22823058,0.22823164,0.9711585,0.10686648,0.10686648,1.0,1.0521833e-06,9.845775e-06,-26.821938,2.1365914,0.7121972,0.208,0.0,0.14074382,11.620076,11.640077,1868800
hardzero_plus_depr__c0p50__z1p00__lam0p020__nu0p50__psi0p75,hardzero_plus_depr,0.06,33,584,0.0,2,0.22823164,0.22823164,1.0846666,0.0,0.082287416,0.0,0.0,9.699187e-06,-27.799835,2.3863142,0.79543805,0.104,0.0,0.1648286,11.640077,11.660077,1872000
hardzero_plus_depr__c0p50__z1p00__lam0p020__nu0p50__psi0p75,hardzero_plus_depr,0.06,33,585,0.0,2,0.22823164,0.22823273,0.94409794,0.113737084,0.113737084,1.0,1.086733e-06,9.554782e-06,-26.703726,2.077057,0.6923523,0.24,0.0,0.13085246,11.660077,11.680078,1875200
hardzero_plus_depr__c0p50__z1p00__lam0p020__nu0p50__psi0p75,hardzero_plus_depr,0.06,33,586,0.0,2,0.22823273,0.22823273,1.0252389,0.0,0.09435416,0.0,0.0,9.412526e-06,-26.499329,2.2555707,0.7518569,0.16800001,0.0,0.15784396,11.680078,11.700078,1878400
hardzero_plus_depr__c0p50__z1p00__lam0p020__nu0p50__psi0p75,hardzero_plus_depr,0.06,33,587,0.0,2,0.22823273,0.22823273,1.0212826,0.0,0.09521766,0.0,0.0,9.272389e-06,-27.548714,2.2468665,0.7489555,0.16800001,0.0,0.1464776,11.700078,11.720078,1881600
hardzero_plus_depr__c0p50__z1p00__lam0p020__nu0p50__psi0p75,hardzero_plus_depr,0.06,33,588,0.0,2,0.22823273,0.22823273,1.0096198,0.0,0.0978093,0.0,0.0,9.134338e-06,-27.141222,2.2212079,0.74040264,0.23200001,0.0,0.15652736,11.720078,11.740079,1884800
hardzero_plus_depr__c0p50__z1p00__lam0p020__nu0p50__psi0p75,hardzero_plus_depr,0.06,33,589,0.0,2,0.22823273,0.22823364,0.9958338,0.10096391,0.10096391,1.0,9.0850784e-07,8.998342e-06,-26.623444,2.1908782,0.73029274,0.16000001,0.0,0.13199593,11.740079,11.760079,1888000
hardzero_plus_depr__c0p50__z1p00__lam0p020__nu0p50__psi0p75,hardzero_plus_depr,0.06,33,590,0.0,2,0.22823364,0.22823364,1.0169647,0.0,0.096169055,0.0,0.0,8.864371e-06,-27.342846,2.237367,0.745789,0.2,0.0,0.13894984,11.760079,11.78008,1891200
hardzero_plus_depr__c0p50__z1p00__lam0p020__nu0p50__psi0p75,hardzero_plus_depr,0.06,33,591,0.0,2,0.22823364,0.22823364,1.0240442,0.0,0.094614096,0.0,0.0,8.732395e-06,-27.572021,2.252942,0.75098073,0.17600001,0.0,0.15251713,11.78008,11.80008,1894400
hardzero_plus_depr__c0p50__z1p00__lam0p020__nu0p50__psi0p75,hardzero_plus_depr,0.06,33,592,0.0,2,0.22823364,0.22823364,1.0292243,0.0,0.093492255,0.0,0.0,8.602384e-06,-27.211418,2.2643385,0.7547795,0.15200001,0.0,0.14966497,11.80008,11.820081,1897600
hardzero_plus_depr__c0p50__z1p00__lam0p020__nu0p50__psi0p75,hardzero_plus_depr,0.06,33,593,0.0,2,0.22823364,0.2282345,0.98852146,0.10267827,0.10267827,1.0,8.701273e-07,8.474308e-06,-25.771137,2.1747906,0.7249302,0.16000001,0.0,0.1471112,11.820081,11.840081,1900800
hardzero_plus_depr__c0p50__z1p00__lam0p020__nu0p50__psi0p75,hardzero_plus_depr,0.06,33,594,0.0,2,0.2282345,0.2282345,1.029995,0.0,0.0933265,0.0,0.0,8.34814e-06,-27.121292,2.2660341,0.75534475,0.080000006,0.0,0.13377446,11.840081,11.860082,1904000
hardzero_plus_depr__c0p50__z1p00__lam0p020__nu0p50__psi0p75,hardzero_plus_depr,0.06,33,595,0.0,2,0.2282345,0.2282345,1.0109801,0.0,0.09750342,0.0,0.0,8.223849e-06,-27.103624,2.2242007,0.74140024,0.128,0.0,0.15035306,11.860082,11.880082,1907200
hardzero_plus_depr__c0p50__z1p00__lam0p020__nu0p50__psi0p75,hardzero_plus_depr,0.06,33,596,0.0,2,0.2282345,0.22823532,0.99336994,0.10153833,0.10153833,1.0,8.226035e-07,8.101409e-06,-26.049711,2.1854575,0.7284858,0.17600001,0.0,0.15018341,11.880082,11.900083,1910400
hardzero_plus_depr__c0p50__z1p00__lam0p020__nu0p50__psi0p75,hardzero_plus_depr,0.06,33,597,0.0,2,0.22823532,0.22823532,1.0545346,0.0,0.08819935,0.0,0.0,7.980792e-06,-27.7122,2.3200223,0.7733408,0.112,0.0,0.16502196,11.900083,11.920083,1913600
hardzero_plus_depr__c0p50__z1p00__lam0p020__nu0p50__psi0p75,hardzero_plus_depr,0.06,33,598,0.0,2,0.22823532,0.22823617,0.9655648,0.10825181,0.10825181,1.0,8.510725e-07,7.8619705e-06,-26.18028,2.124285,0.708095,0.24,0.0,0.10851043,11.920083,11.9400835,1916800
hardzero_plus_depr__c0p50__z1p00__lam0p020__nu0p50__psi0p75,hardzero_plus_depr,0.06,33,599,0.0,2,0.22823617,0.22823617,1.0797769,0.0,0.0832191,0.0,0.0,7.744919e-06,-28.5845,2.3755567,0.79185224,0.14400001,0.0,0.14605665,11.9400835,11.960084,1920000
hardzero_plus_depr__c0p50__z1p00__lam0p020__nu0p50__psi0p75,hardzero_plus_depr,0.06,33,600,0.0,2,0.22823617,0.22823617,1.0101252,0.0,0.09769556,0.0,0.0,7.629609e-06,-26.04729,2.2223196,0.7407732,0.2,0.0,0.12306895,11.960084,11.980084,1923200
hardzero_plus_depr__c0p50__z1p00__lam0p020__nu0p50__psi0p75,hardzero_plus_depr,0.06,33,601,0.0,2,0.22823617,0.22823617,1.0331144,0.0,0.09265855,0.0,0.0,7.5160165e-06,-26.99824,2.2728972,0.75763243,0.104,0.0,0.16376793,11.980084,12.000085,1926400
hardzero_plus_depr__c0p50__z1p00__lam0p020__nu0p50__psi0p75,hardzero_plus_depr,0.06,33,602,0.0,2,0.22823617,0.22823697,0.9650224,0.10838711,0.10838711,1.0,8.025106e-07,7.4041145e-06,-25.911995,2.1230917,0.7076973,0.16000001,0.0,0.14625838,12.000085,12.020085,1929600
hardzero_plus_depr__c0p50__z1p00__lam0p020__nu0p50__psi0p75,hardzero_plus_depr,0.06,33,603,0.0,2,0.22823697,0.2282377,0.9959033,0.10094776,0.10094776,1.0,7.363008e-07,7.2938797e-06,-26.60197,2.191031,0.7303437,0.224,0.0,0.1600474,12.020085,12.040086,1932800
hardzero_plus_depr__c0p50__z1p00__lam0p020__nu0p50__psi0p75,hardzero_plus_depr,0.06,33,604,0.0,2,0.2282377,0.22823846,0.9731187,0.1063852,0.1063852,1.0,7.6440807e-07,7.1852855e-06,-26.868204,2.140904,0.71363467,0.18400002,0.0,0.13364235,12.040086,12.060086,1936000
hardzero_plus_depr__c0p50__z1p00__lam0p020__nu0p50__psi0p75,hardzero_plus_depr,0.06,33,605,0.0,2,0.22823846,0.22823921,0.9766323,0.10552799,0.10552799,1.0,7.4695964e-07,7.078308e-06,-25.627851,2.148634,0.7162113,0.23200001,0.0,0.15492097,12.060086,12.080087,1939200
hardzero_plus_depr__c0p50__z1p00__lam0p020__nu0p50__psi0p75,hardzero_plus_depr,0.06,33,606,0.0,2,0.22823921,0.22823921,1.0383358,0.0,0.09155123,0.0,0.0,6.972923e-06,-28.157856,2.2843843,0.76146144,0.16000001,0.0,0.15797643,12.080087,12.100087,1942400
hardzero_plus_depr__c0p50__z1p00__lam0p020__nu0p50__psi0p75,hardzero_plus_depr,0.06,33,607,0.0,2,0.22823921,0.22823921,1.0431385,0.0,0.09054437,0.0,0.0,6.869108e-06,-27.3727,2.2949505,0.76498353,0.096,0.0,0.15518802,12.100087,12.120088,1945600
hardzero_plus_depr__c0p50__z1p00__lam0p020__nu0p50__psi0p75,hardzero_plus_depr,0.06,33,608,0.0,2,0.22823921,0.22823991,0.9882466,0.10274326,0.10274326,1.0,6.9524697e-07,6.766838e-06,-27.111523,2.174186,0.7247287,0.23200001,0.0,0.1571785,12.120088,12.140088,1948800
hardzero_plus_depr__c0p50__z1p00__lam0p020__nu0p50__psi0p75,hardzero_plus_depr,0.06,33,609,0.0,2,0.22823991,0.22823991,1.0268586,0.0,0.09400294,0.0,0.0,6.666091e-06,-27.95881,2.259134,0.7530447,0.16800001,0.0,0.16976064,12.140088,12.160089,1952000
hardzero_plus_depr__c0p50__z1p00__lam0p020__nu0p50__psi0p75,hardzero_plus_depr,0.06,33,610,0.0,2,0.22823991,0.22824056,0.99773854,0.10052208,0.10052208,1.0,6.601126e-07,6.5668423e-06,-27.040579,2.1950686,0.7316896,0.216,0.0,0.14634585,12.160089,12.180089,1955200
hardzero_plus_depr__c0p50__z1p00__lam0p020__nu0p50__psi0p75,hardzero_plus_depr,0.06,33,611,0.0,2,0.22824056,0.22824056,1.0659983,0.0,0.08590167,0.0,0.0,6.469073e-06,-28.28917,2.3452432,0.78174776,0.17999999,0.0,0.17879285,12.180089,12.200089,1958400
hardzero_plus_depr__c0p50__z1p00__lam0p020__nu0p50__psi0p75,hardzero_plus_depr,0.06,33,612,0.0,2,0.22824056,0.22824122,0.98525983,0.10345231,0.10345231,1.0,6.592766e-07,6.372759e-06,-26.385283,2.167615,0.72253835,0.16800001,0.0,0.1283488,12.200089,12.22009,1961600
hardzero_plus_depr__c0p50__z1p00__lam0p020__nu0p50__psi0p75,hardzero_plus_depr,0.06,33,613,0.0,2,0.22824122,0.22824122,1.0423367,0.0,0.09071169,0.0,0.0,6.277879e-06,-27.730257,2.2931864,0.7643955,0.136,0.0,0.14898878,12.22009,12.24009,1964800
hardzero_plus_depr__c0p50__z1p00__lam0p020__nu0p50__psi0p75,hardzero_plus_depr,0.06,33,614,0.0,2,0.22824122,0.22824186,0.9847285,0.10357894,0.10357894,1.0,6.4057474e-07,6.184411e-06,-26.982841,2.166446,0.72214866,0.136,0.0,0.17718624,12.24009,12.260091,1968000
hardzero_plus_depr__c0p50__z1p00__lam0p020__nu0p50__psi0p75,hardzero_plus_depr,0.06,33,615,0.0,2,0.22824186,0.22824252,0.97140485,0.106805876,0.106805876,1.0,6.506972e-07,6.0923353e-06,-26.357174,2.1371334,0.7123778,0.16800001,0.0,0.16352664,12.260091,12.280091,1971200
hardzero_plus_depr__c0p50__z1p00__lam0p020__nu0p50__psi0p75,hardzero_plus_depr,0.06,33,616,0.0,2,0.22824252,0.22824319,0.95413023,0.111139834,0.111139834,1.0,6.6702023e-07,6.0016305e-06,-26.226408,2.0991285,0.69970953,0.17600001,0.0,0.14991282,12.280091,12.300092,1974400
hardzero_plus_depr__c0p50__z1p00__lam0p020__nu0p50__psi0p75,hardzero_plus_depr,0.06,33,617,0.0,2,0.22824319,0.2282438,0.9816235,0.10432215,0.10432215,1.0,6.167813e-07,5.9122754e-06,-26.339903,2.1596148,0.71987164,0.15200001,0.0,0.15855584,12.300092,12.320092,1977600
hardzero_plus_depr__c0p50__z1p00__lam0p020__nu0p50__psi0p75,hardzero_plus_depr,0.06,33,618,0.0,2,0.2282438,0.22824438,0.9968629,0.10072494,0.10072494,1.0,5.866474e-07,5.8242513e-06,-27.430157,2.1931422,0.7310474,0.14400001,0.0,0.16477205,12.320092,12.340093,1980800
hardzero_plus_depr__c0p50__z1p00__lam0p020__nu0p50__psi0p75,hardzero_plus_depr,0.06,33,619,0.0,2,0.22824438,0.22824438,1.0058081,0.0,0.09867153,0.0,0.0,5.7375373e-06,-27.364346,2.212822,0.73760736,0.16000001,0.0,0.16637841,12.340093,12.360093,1984000
hardzero_plus_depr__c0p50__z1p00__lam0p020__nu0p50__psi0p75,hardzero_plus_depr,0.06,33,620,0.0,2,0.22824438,0.22824495,0.9940101,0.10138878,0.10138878,1.0,5.73061e-07,5.6521144e-06,-28.04103,2.1868658,0.72895527,0.15200001,0.0,0.14007021,12.360093,12.380094,1987200
hardzero_plus_depr__c0p50__z1p00__lam0p020__nu0p50__psi0p75,hardzero_plus_depr,0.06,33,621,0.0,2,0.22824495,0.22824556,0.95869195,0.10997855,0.10997855,1.0,6.123566e-07,5.567964e-06,-25.650328,2.1091645,0.70305485,0.14400001,0.0,0.1437004,12.380094,12.400094,1990400
hardzero_plus_depr__c0p50__z1p00__lam0p020__nu0p50__psi0p75,hardzero_plus_depr,0.06,33,622,0.0,2,0.22824556,0.22824556,1.0401819,0.0,0.0911629,0.0,0.0,5.4850657e-06,-27.447674,2.288446,0.76281536,0.08800001,0.0,0.157959,12.400094,12.4200945,1993600
hardzero_plus_depr__c0p50__z1p00__lam0p020__nu0p50__psi0p75,hardzero_plus_depr,0.06,33,623,0.0,2,0.22824556,0.22824556,1.0348926,0.0,0.09227997,0.0,0.0,5.403402e-06,-27.750622,2.276809,0.75893635,0.112,0.0,0.15289441,12.4200945,12.440095,1996800
hardzero_plus_depr__c0p50__z1p00__lam0p020__nu0p50__psi0p75,hardzero_plus_depr,0.06,33,624,0.0,2,0.22824556,0.2282461,0.99294937,0.101636715,0.101636715,1.0,5.410076e-07,5.322954e-06,-27.026405,2.1845322,0.7281774,0.11,0.0,0.14756782,12.440095,12.460095,2000000
hardzero_plus_depr__c0p50__z1p00__lam0p020__nu0p50__psi0p75,hardzero_plus_depr,0.06,33,625,0.0,2,0.2282461,0.22824663,0.98744607,0.10293284,0.10293284,1.0,5.397493e-07,5.2437035e-06,-26.627607,2.1724248,0.7241416,0.2,0.0,0.15526047,12.460095,12.480096,2003200
hardzero_plus_depr__c0p50__z1p00__lam0p020__nu0p50__psi0p75,hardzero_plus_depr,0.06,33,626,0.0,2,0.22824663,0.22824663,1.0140277,0.0,0.096821606,0.0,0.0,5.1656334e-06,-26.802904,2.2309055,0.7436352,0.17600001,0.0,0.14270401,12.480096,12.500096,2006400
hardzero_plus_depr__c0p50__z1p00__lam0p020__nu0p50__psi0p75,hardzero_plus_depr,0.06,33,627,0.0,2,0.22824663,0.22824663,1.0066614,0.0,0.09847786,0.0,0.0,5.0887247e-06,-27.447107,2.2146993,0.7382331,0.18400002,0.0,0.14781073,12.500096,12.520097,2009600
hardzero_plus_depr__c0p50__z1p00__lam0p020__nu0p50__psi0p75,hardzero_plus_depr,0.06,33,628,0.0,2,0.22824663,0.22824723,0.9283006,0.11795039,0.11795039,1.0,5.9128087e-07,5.0129624e-06,-26.09377,2.0423021,0.6807674,0.18400002,0.0,0.12931703,12.520097,12.540097,2012800
hardzero_plus_depr__c0p50__z1p00__lam0p020__nu0p50__psi0p75,hardzero_plus_depr,0.06,33,629,0.0,2,0.22824723,0.22824773,0.99494886,0.10116987,0.10116987,1.0,4.9960994e-07,4.9383275e-06,-28.04597,2.1889312,0.72964376,0.192,0.0,0.16940556,12.540097,12.560098,2016000
hardzero_plus_depr__c0p50__z1p00__lam0p020__nu0p50__psi0p75,hardzero_plus_depr,0.06,33,630,0.0,2,0.22824773,0.22824824,0.98284775,0.10402847,0.10402847,1.0,5.0607804e-07,4.864803e-06,-26.492666,2.1623082,0.7207694,0.15200001,0.0,0.1295876,12.560098,12.580098,2019200
hardzero_plus_depr__c0p50__z1p00__lam0p020__nu0p50__psi0p75,hardzero_plus_depr,0.06,33,631,0.0,2,0.22824824,0.22824824,1.0073586,0.0,0.0983199,0.0,0.0,4.7923745e-06,-27.31159,2.216233,0.7387444,0.192,0.0,0.14839247,12.580098,12.600099,2022400
hardzero_plus_depr__c0p50__z1p00__lam0p020__nu0p50__psi0p75,hardzero_plus_depr,0.06,33,632,0.0,2,0.22824824,0.22824875,0.9732285,0.10635832,0.10635832,1.0,5.0212014e-07,4.7210237e-06,-26.694614,2.1411455,0.7137152,0.15200001,0.0,0.13077065,12.600099,12.620099,2025600
hardzero_plus_depr__c0p50__z1p00__lam0p020__nu0p50__psi0p75,hardzero_plus_depr,0.06,33,633,0.0,2,0.22824875,0.22824924,0.9821026,0.10420713,0.10420713,1.0,4.8463977e-07,4.6507353e-06,-26.388556,2.1606688,0.72022295,0.192,0.0,0.1319957,12.620099,12.6401,2028800
hardzero_plus_depr__c0p50__z1p00__lam0p020__nu0p50__psi0p75,hardzero_plus_depr,0.06,33,634,0.0,2,0.22824924,0.22824924,1.026699,0.0,0.09403748,0.0,0.0,4.5814927e-06,-26.905453,2.2587829,0.75292766,0.15200001,0.0,0.11955351,12.6401,12.6601,2032000
hardzero_plus_depr__c0p50__z1p00__lam0p020__nu0p50__psi0p75,hardzero_plus_depr,0.06,33,635,0.0,2,0.22824924,0.22824971,0.9738312,0.106210835,0.106210835,1.0,4.7935947e-07,4.513282e-06,-27.31908,2.1424713,0.7141571,0.2,0.0,0.15999964,12.6601,12.6801,2035200
hardzero_plus_depr__c0p50__z1p00__lam0p020__nu0p50__psi0p75,hardzero_plus_depr,0.06,33,636,0.0,2,0.22824971,0.22825016,0.9922527,0.10179987,0.10179987,1.0,4.5261103e-07,4.4460867e-06,-27.638985,2.1829996,0.72766656,0.136,0.0,0.12357781,12.6801,12.700101,2038400
hardzero_plus_depr__c0p50__z1p00__lam0p020__nu0p50__psi0p75,hardzero_plus_depr,0.06,33,637,0.0,2,0.22825016,0.22825016,1.0122483,0.0,0.09721912,0.0,0.0,4.3798914e-06,-27.521738,2.2269907,0.74233025,0.16,0.0,0.14626129,12.700101,12.720101,2041600
hardzero_plus_depr__c0p50__z1p00__lam0p020__nu0p50__psi0p75,hardzero_plus_depr,0.06,33,638,0.0,2,0.22825016,0.22825061,0.9779068,0.105218746,0.105218746,1.0,4.5398542e-07,4.314682e-06,-26.735592,2.151438,0.71714604,0.216,0.0,0.16201824,12.720101,12.740102,2044800
hardzero_plus_depr__c0p50__z1p00__lam0p020__nu0p50__psi0p75,hardzero_plus_depr,0.06,33,639,0.0,2,0.22825061,0.22825061,1.0396479,0.0,0.09127504,0.0,0.0,4.250443e-06,-27.250736,2.2872713,0.76242375,0.16800001,0.0,0.1462925,12.740102,12.760102,2048000
hardzero_plus_depr__c0p50__z1p00__lam0p020__nu0p50__psi0p75,hardzero_plus_depr,0.06,33,640,0.0,2,0.22825061,0.22825107,0.95560193,0.110763855,0.110763855,1.0,4.6378608e-07,4.187161e-06,-26.1042,2.1023662,0.70078874,0.136,0.0,0.120853044,12.760102,12.780103,2051200
hardzero_plus_depr__c0p50__z1p00__lam0p020__nu0p50__psi0p75,hardzero_plus_depr,0.06,33,641,0.0,2,0.22825107,0.22825149,0.99152654,0.10197023,0.10197023,1.0,4.206089e-07,4.1248204e-06,-27.346895,2.181402,0.727134,0.18400002,0.0,0.15475301,12.780103,12.800103,2054400
hardzero_plus_depr__c0p50__z1p00__lam0p020__nu0p50__psi0p75,hardzero_plus_depr,0.06,33,642,0.0,2,0.22825149,0.22825149,1.0459435,0.0,0.08996147,0.0,0.0,4.0634086e-06,-27.674536,2.3011217,0.7670406,0.112,0.0,0.1337942,12.800103,12.820104,2057600
hardzero_plus_depr__c0p50__z1p00__lam0p020__nu0p50__psi0p75,hardzero_plus_depr,0.06,33,643,0.0,2,0.22825149,0.2282519,0.9881086,0.10277592,0.10277592,1.0,4.1140288e-07,4.0029113e-06,-26.96282,2.1738822,0.72462744,0.17600001,0.0,0.13555644,12.820104,12.840104,2060800
hardzero_plus_depr__c0p50__z1p00__lam0p020__nu0p50__psi0p75,hardzero_plus_depr,0.06,33,644,0.0,2,0.2282519,0.2282523,0.9917862,0.101909295,0.101909295,1.0,4.0186035e-07,3.943314e-06,-27.122955,2.1819732,0.7273244,0.208,0.0,0.13317895,12.840104,12.860105,2064000
hardzero_plus_depr__c0p50__z1p00__lam0p020__nu0p50__psi0p75,hardzero_plus_depr,0.06,33,645,0.0,2,0.2282523,0.2282523,1.0161874,0.0,0.09634131,0.0,0.0,3.8846047e-06,-27.436935,2.235657,0.745219,0.216,0.0,0.16626173,12.860105,12.880105,2067200
hardzero_plus_depr__c0p50__z1p00__lam0p020__nu0p50__psi0p75,hardzero_plus_depr,0.06,33,646,0.0,2,0.2282523,0.2282527,0.98964006,0.102414146,0.102414146,1.0,3.9191528e-07,3.826769e-06,-27.57716,2.1772516,0.72575057,0.208,0.0,0.1634752,12.880105,12.900105,2070400
hardzero_plus_depr__c0p50__z1p00__lam0p020__nu0p50__psi0p75,hardzero_plus_depr,0.06,33,647,0.0,2,0.2282527,0.2282531,0.9718687,0.10669186,0.10669186,1.0,4.0220638e-07,3.7697944e-06,-25.493105,2.1381538,0.71271795,0.136,0.0,0.119034335,12.900105,12.920106,2073600
hardzero_plus_depr__c0p50__z1p00__lam0p020__nu0p50__psi0p75,hardzero_plus_depr,0.06,33,648,0.0,2,0.2282531,0.22825347,0.99490356,0.10118041,0.10118041,1.0,3.7575046e-07,3.713668e-06,-27.256815,2.1888316,0.72961056,0.18400002,0.0,0.1444423,12.920106,12.940106,2076800
hardzero_plus_depr__c0p50__z1p00__lam0p020__nu0p50__psi0p75,hardzero_plus_depr,0.06,33,649,0.0,2,0.22825347,0.22825386,0.97095805,0.10691582,0.10691582,1.0,3.9113846e-07,3.6583779e-06,-26.653425,2.1361504,0.71205014,0.224,0.0,0.13962281,12.940106,12.960107,2080000
hardzero_plus_depr__c0p50__z1p00__lam0p020__nu0p50__psi0p75,hardzero_plus_depr,0.06,33,650,0.0,2,0.22825386,0.22825386,1.0202224,0.0,0.09545036,0.0,0.0,3.60391e-06,-27.1362,2.2445343,0.7481781,0.13,0.0,0.14001758,12.960107,12.980107,2083200
hardzero_plus_depr__c0p50__z1p00__lam0p020__nu0p50__psi0p75,hardzero_plus_depr,0.06,33,651,0.0,2,0.22825386,0.22825423,0.9796983,0.10478563,0.10478563,1.0,3.720156e-07,3.550254e-06,-26.57485,2.1553793,0.7184598,0.16800001,0.0,0.13478889,12.980107,13.000108,2086400
hardzero_plus_depr__c0p50__z1p00__lam0p020__nu0p50__psi0p75,hardzero_plus_depr,0.06,33,652,0.0,2,0.22825423,0.22825459,0.9951392,0.10112554,0.10112554,1.0,3.5367609e-07,3.4973964e-06,-26.014915,2.18935,0.7297833,0.16800001,0.0,0.13697137,13.000108,13.020108,2089600
hardzero_plus_depr__c0p50__z1p00__lam0p020__nu0p50__psi0p75,hardzero_plus_depr,0.06,33,653,0.0,2,0.22825459,0.22825493,0.9962448,0.10086842,0.10086842,1.0,3.4752458e-07,3.4453258e-06,-26.853878,2.1917822,0.7305941,0.15200001,0.0,0.1226671,13.020108,13.040109,2092800
hardzero_plus_depr__c0p50__z1p00__lam0p020__nu0p50__psi0p75,hardzero_plus_depr,0.06,33,654,0.0,2,0.22825493,0.22825529,0.9746191,0.106018305,0.106018305,1.0,3.5982936e-07,3.3940305e-06,-26.650345,2.1442049,0.714735,0.2,0.0,0.13158216,13.040109,13.060109,2096000
hardzero_plus_depr__c0p50__z1p00__lam0p020__nu0p50__psi0p75,hardzero_plus_depr,0.06,33,655,0.0,2,0.22825529,0.22825529,1.0108782,0.0,0.0975263,0.0,0.0,3.3434985e-06,-27.812891,2.2239764,0.7413255,0.16000001,0.0,0.13496406,13.060109,13.08011,2099200
hardzero_plus_depr__c0p50__z1p00__lam0p020__nu0p50__psi0p75,hardzero_plus_depr,0.06,33,656,0.0,2,0.22825529,0.22825529,1.0191064,0.0,0.09569595,0.0,0.0,3.2937191e-06,-27.908894,2.2420788,0.74735963,0.15200001,0.0,0.16599518,13.08011,13.10011,2102400
hardzero_plus_depr__c0p50__z1p00__lam0p020__nu0p50__psi0p75,hardzero_plus_depr,0.06,33,657,0.0,2,0.22825529,0.22825561,0.9878592,0.10283496,0.10283496,1.0,3.3366666e-07,3.244681e-06,-27.121845,2.1733336,0.72444457,0.216,0.0,0.13427544,13.10011,13.1201105,2105600
hardzero_plus_depr__c0p50__z1p00__lam0p020__nu0p50__psi0p75,hardzero_plus_depr,0.06,33,658,0.0,2,0.22825561,0.22825597,0.9598352,0.109689444,0.109689444,1.0,3.506084e-07,3.196373e-06,-25.990242,2.1116796,0.7038932,0.208,0.0,0.14236249,13.1201105,13.140111,2108800
hardzero_plus_depr__c0p50__z1p00__lam0p020__nu0p50__psi0p75,hardzero_plus_depr,0.06,33,659,0.0,2,0.22825597,0.22825597,1.0522981,0.0,0.088654734,0.0,0.0,3.1487841e-06,-28.604149,2.315102,0.77170074,0.14400001,0.008,0.16765663,13.140111,13.160111,2112000
hardzero_plus_depr__c0p50__z1p00__lam0p020__nu0p50__psi0p75,hardzero_plus_depr,0.06,33,660,0.0,2,0.22825597,0.2282563,0.9847067,0.103584155,0.103584155,1.0,3.2130808e-07,3.1019038e-06,-26.687502,2.166398,0.7221327,0.2,0.0,0.137321,13.160111,13.180112,2115200
hardzero_plus_depr__c0p50__z1p00__lam0p020__nu0p50__psi0p75,hardzero_plus_depr,0.06,33,661,0.0,2,0.2282563,0.2282563,1.0152361,0.0,0.096552566,0.0,0.0,3.0557212e-06,-27.065895,2.2335641,0.7445214,0.128,0.0,0.146073,13.180112,13.200112,2118400
hardzero_plus_depr__c0p50__z1p00__lam0p020__nu0p50__psi0p75,hardzero_plus_depr,0.06,33,662,0.0,2,0.2282563,0.22825661,0.9918586,0.101892315,0.101892315,1.0,3.0671896e-07,3.0102267e-06,-27.475143,2.1821325,0.72737753,0.2,0.0,0.14790729,13.200112,13.220113,2121600
hardzero_plus_depr__c0p50__z1p00__lam0p020__nu0p50__psi0p75,hardzero_plus_depr,0.06,33,663,0.0,2,0.22825661,0.22825693,0.98260206,0.104087345,0.104087345,1.0,3.0866158e-07,2.9654093e-06,-26.338041,2.1617677,0.7205893,0.19999999,0.0,0.15451796,13.220113,13.240113,2124800
hardzero_plus_depr__c0p50__z1p00__lam0p020__nu0p50__psi0p75,hardzero_plus_depr,0.06,33,664,0.0,2,0.22825693,0.22825725,0.95898557,0.10990424,0.10990424,1.0,3.2105874e-07,2.921259e-06,-26.258144,2.1098104,0.70327014,0.14400001,0.0,0.14409727,13.240113,13.260114,2128000
hardzero_plus_depr__c0p50__z1p00__lam0p020__nu0p50__psi0p75,hardzero_plus_depr,0.06,33,665,0.0,2,0.22825725,0.22825755,0.987832,0.10284139,0.10284139,1.0,2.9595347e-07,2.877766e-06,-26.468887,2.1732738,0.7244246,0.112,0.0,0.13695994,13.260114,13.280114,2131200
hardzero_plus_depr__c0p50__z1p00__lam0p020__nu0p50__psi0p75,hardzero_plus_depr,0.06,33,666,0.0,2,0.22825755,0.22825755,1.0377121,0.0,0.0916828,0.0,0.0,2.8349207e-06,-27.408892,2.2830122,0.7610041,0.120000005,0.0,0.14557995,13.280114,13.300115,2134400
hardzero_plus_depr__c0p50__z1p00__lam0p020__nu0p50__psi0p75,hardzero_plus_depr,0.06,33,667,0.0,2,0.22825755,0.22825786,0.945564,0.113353774,0.113353774,1.0,3.1656458e-07,2.7927133e-06,-25.807718,2.0802822,0.69342744,0.16000001,0.0,0.14215896,13.300115,13.320115,2137600
hardzero_plus_depr__c0p50__z1p00__lam0p020__nu0p50__psi0p75,hardzero_plus_depr,0.06,33,668,0.0,2,0.22825786,0.22825786,1.0013529,0.0,0.09968896,0.0,0.0,2.7511344e-06,-27.450941,2.2030203,0.73434013,0.208,0.0,0.17427157,13.320115,13.340116,2140800
hardzero_plus_depr__c0p50__z1p00__lam0p020__nu0p50__psi0p75,hardzero_plus_depr,0.06,33,669,0.0,2,0.22825786,0.22825818,0.9443788,0.11366354,0.11366354,1.0,3.0804802e-07,2.7101744e-06,-26.57649,2.0776749,0.6925583,0.16800001,0.0,0.12956658,13.340116,13.360116,2144000
hardzero_plus_depr__c0p50__z1p00__lam0p020__nu0p50__psi0p75,hardzero_plus_depr,0.06,33,670,0.0,2,0.22825818,0.22825848,0.94822246,0.11266201,0.11266201,1.0,3.0078775e-07,2.669824e-06,-26.660374,2.086131,0.69537705,0.24000001,0.0,0.150443,13.360116,13.380116,2147200
hardzero_plus_depr__c0p50__z1p00__lam0p020__nu0p50__psi0p75,hardzero_plus_depr,0.06,33,671,0.0,2,0.22825848,0.22825876,0.979382,0.10486198,0.10486198,1.0,2.7579486e-07,2.6300747e-06,-26.70071,2.1546834,0.7182278,0.18400002,0.0,0.13858117,13.380116,13.400117,2150400
hardzero_plus_depr__c0p50__z1p00__lam0p020__nu0p50__psi0p75,hardzero_plus_depr,0.06,33,672,0.0,2,0.22825876,0.22825906,0.93727744,0.11553738,0.11553738,1.0,2.993478e-07,2.5909171e-06,-26.030132,2.0620515,0.6873505,0.224,0.0,0.1424198,13.400117,13.420117,2153600
hardzero_plus_depr__c0p50__z1p00__lam0p020__nu0p50__psi0p75,hardzero_plus_depr,0.06,33,673,0.0,2,0.22825906,0.22825934,0.95786685,0.1101877,0.1101877,1.0,2.8123674e-07,2.5523423e-06,-26.342588,2.1073492,0.70244974,0.14400001,0.0,0.13397159,13.420117,13.440118,2156800
hardzero_plus_depr__c0p50__z1p00__lam0p020__nu0p50__psi0p75,hardzero_plus_depr,0.06,33,674,0.0,2,0.22825934,0.22825934,1.0309718,0.0,0.09311684,0.0,0.0,2.5143422e-06,-27.161737,2.2681832,0.7560611,0.15200001,0.0,0.15244259,13.440118,13.460118,2160000
hardzero_plus_depr__c0p50__z1p00__lam0p020__nu0p50__psi0p75,hardzero_plus_depr,0.06,33,675,0.0,2,0.22825934,0.22825934,1.0024189,0.0,0.099444576,0.0,0.0,2.4769076e-06,-26.244713,2.2053657,0.7351219,0.17600001,0.0,0.14811486,13.460118,13.480119,2163200
hardzero_plus_depr__c0p50__z1p00__lam0p020__nu0p50__psi0p75,hardzero_plus_depr,0.06,33,676,0.0,2,0.22825934,0.22825934,1.0297724,0.0,0.09337435,0.0,0.0,2.4400304e-06,-27.328056,2.2655444,0.7551815,0.11,0.0,0.14197725,13.480119,13.500119,2166400
hardzero_plus_depr__c0p50__z1p00__lam0p020__nu0p50__psi0p75,hardzero_plus_depr,0.06,33,677,0.0,2,0.22825934,0.22825961,0.96017134,0.10960457,0.10960457,1.0,2.6345677e-07,2.4037024e-06,-26.141708,2.1124191,0.7041397,0.2,0.0,0.15838806,13.500119,13.52012,2169600
hardzero_plus_depr__c0p50__z1p00__lam0p020__nu0p50__psi0p75,hardzero_plus_depr,0.06,33,678,0.0,2,0.22825961,0.22825988,0.93483955,0.11618777,0.11618777,1.0,2.7512277e-07,2.367915e-06,-26.27281,2.056688,0.68556273,0.224,0.0,0.15393251,13.52012,13.54012,2172800
hardzero_plus_depr__c0p50__z1p00__lam0p020__nu0p50__psi0p75,hardzero_plus_depr,0.06,33,679,0.0,2,0.22825988,0.22825988,1.0547767,0.0,0.0881502,0.0,0.0,2.3326604e-06,-27.514122,2.320555,0.7735183,0.104,0.0,0.16509692,13.54012,13.560121,2176000
hardzero_plus_depr__c0p50__z1p00__lam0p020__nu0p50__psi0p75,hardzero_plus_depr,0.06,33,680,0.0,2,0.22825988,0.22826011,0.9827235,0.10405824,0.10405824,1.0,2.3911866e-07,2.297931e-06,-26.6354,2.1620347,0.72067827,0.17600001,0.0,0.12880616,13.560121,13.580121,2179200
hardzero_plus_depr__c0p50__z1p00__lam0p020__nu0p50__psi0p75,hardzero_plus_depr,0.06,33,681,0.0,2,0.22826011,0.22826035,0.9738675,0.10620195,0.10620195,1.0,2.404113e-07,2.2637184e-06,-26.724197,2.1425512,0.71418375,0.2,0.0,0.12273844,13.580121,13.6001215,2182400
hardzero_plus_depr__c0p50__z1p00__lam0p020__nu0p50__psi0p75,hardzero_plus_depr,0.06,33,682,0.0,2,0.22826035,0.22826059,0.964503,0.108516805,0.108516805,1.0,2.4199414e-07,2.2300153e-06,-26.093178,2.121949,0.70731634,0.18400002,0.0,0.13250132,13.6001215,13.620122,2185600
hardzero_plus_depr__c0p50__z1p00__lam0p020__nu0p50__psi0p75,hardzero_plus_depr,0.06,33,683,0.0,2,0.22826059,0.22826082,0.9865571,0.10314374,0.10314374,1.0,2.2658757e-07,2.1968137e-06,-26.490408,2.170469,0.7234897,0.14400001,0.0,0.12724613,13.620122,13.640122,2188800
hardzero_plus_depr__c0p50__z1p00__lam0p020__nu0p50__psi0p75,hardzero_plus_depr,0.06,33,684,0.0,2,0.22826082,0.22826104,0.976209,0.10563089,0.10563089,1.0,2.2859655e-07,2.164107e-06,-26.721218,2.1477027,0.7159009,0.208,0.0,0.14152142,13.640122,13.660123,2192000
hardzero_plus_depr__c0p50__z1p00__lam0p020__nu0p50__psi0p75,hardzero_plus_depr,0.06,33,685,0.0,2,0.22826104,0.22826104,1.0058587,0.0,0.09866006,0.0,0.0,2.1318867e-06,-27.171194,2.2129333,0.73764443,0.17600001,0.0,0.15789236,13.660123,13.680123,2195200
hardzero_plus_depr__c0p50__z1p00__lam0p020__nu0p50__psi0p75,hardzero_plus_depr,0.06,33,686,0.0,2,0.22826104,0.22826126,0.9778754,0.105226375,0.105226375,1.0,2.209908e-07,2.1001465e-06,-26.850574,2.1513689,0.717123,0.136,0.0,0.14952368,13.680123,13.700124,2198400
hardzero_plus_depr__c0p50__z1p00__lam0p020__nu0p50__psi0p75,hardzero_plus_depr,0.06,33,687,0.0,2,0.22826126,0.22826147,0.99279904,0.101671904,0.101671904,1.0,2.1034684e-07,2.0688788e-06,-26.818193,2.1842015,0.72806716,0.17600001,0.0,0.14166942,13.700124,13.720124,2201600
hardzero_plus_depr__c0p50__z1p00__lam0p020__nu0p50__psi0p75,hardzero_plus_depr,0.06,33,688,0.0,2,0.22826147,0.2282617,0.9617313,0.10921157,0.10921157,1.0,2.225815e-07,2.0380762e-06,-27.180918,2.1158512,0.70528376,0.208,0.0,0.13057345,13.720124,13.740125,2204800
hardzero_plus_depr__c0p50__z1p00__lam0p020__nu0p50__psi0p75,hardzero_plus_depr,0.06,33,689,0.0,2,0.2282617,0.2282617,1.0395601,0.0,0.091293514,0.0,0.0,2.0077325e-06,-27.596552,2.287078,0.7623593,0.16,0.0,0.18256783,13.740125,13.760125,2208000
hardzero_plus_depr__c0p50__z1p00__lam0p020__nu0p50__psi0p75,hardzero_plus_depr,0.06,33,690,0.0,2,0.2282617,0.2282617,1.0068418,0.0,0.098436974,0.0,0.0,1.9778408e-06,-27.770237,2.2150962,0.7383654,0.15200001,0.0,0.15343463,13.760125,13.780126,2211200
hardzero_plus_depr__c0p50__z1p00__lam0p020__nu0p50__psi0p75,hardzero_plus_depr,0.06,33,691,0.0,2,0.2282617,0.2282619,0.9604492,0.10953446,0.10953446,1.0,2.1341627e-07,1.948394e-06,-26.2642,2.1130304,0.7043435,0.16800001,0.0,0.13421044,13.780126,13.800126,2214400
hardzero_plus_depr__c0p50__z1p00__lam0p020__nu0p50__psi0p75,hardzero_plus_depr,0.06,33,692,0.0,2,0.2282619,0.2282619,1.0101793,0.0,0.09768338,0.0,0.0,1.9193856e-06,-27.155416,2.2224388,0.74081296,0.192,0.0,0.14051603,13.800126,13.820127,2217600
hardzero_plus_depr__c0p50__z1p00__lam0p020__nu0p50__psi0p75,hardzero_plus_depr,0.06,33,693,0.0,2,0.2282619,0.2282619,1.0106057,0.0,0.097587526,0.0,0.0,1.8908087e-06,-27.830215,2.223377,0.7411257,0.16000001,0.0,0.13376226,13.820127,13.840127,2220800
hardzero_plus_depr__c0p50__z1p00__lam0p020__nu0p50__psi0p75,hardzero_plus_depr,0.06,33,694,0.0,2,0.2282619,0.2282619,1.0119953,0.0,0.097275764,0.0,0.0,1.8626577e-06,-26.95349,2.2264342,0.74214476,0.18400002,0.0,0.1384824,13.840127,13.860127,2224000
hardzero_plus_depr__c0p50__z1p00__lam0p020__nu0p50__psi0p75,hardzero_plus_depr,0.06,33,695,0.0,2,0.2282619,0.2282619,1.0114962,0.0,0.097387634,0.0,0.0,1.8349258e-06,-27.814272,2.225336,0.74177873,0.18400002,0.0,0.15303442,13.860127,13.880128,2227200
hardzero_plus_depr__c0p50__z1p00__lam0p020__nu0p50__psi0p75,hardzero_plus_depr,0.06,33,696,0.0,2,0.2282619,0.2282619,1.0067072,0.0,0.098467484,0.0,0.0,1.8076066e-06,-27.215256,2.2148001,0.7382667,0.216,0.008,0.14037001,13.880128,13.900128,2230400
hardzero_plus_depr__c0p50__z1p00__lam0p020__nu0p50__psi0p75,hardzero_plus_depr,0.06,33,697,0.0,2,0.2282619,0.2282619,1.0295856,0.0,0.09341452,0.0,0.0,1.7806942e-06,-27.23389,2.2651336,0.7550446,0.14400001,0.0,0.16510016,13.900128,13.920129,2233600
hardzero_plus_depr__c0p50__z1p00__lam0p020__nu0p50__psi0p75,hardzero_plus_depr,0.06,33,698,0.0,2,0.2282619,0.22826208,0.99682724,0.100733235,0.100733235,1.0,1.767045e-07,1.7541827e-06,-26.601181,2.1930637,0.7310213,0.15200001,0.0,0.12723368,13.920129,13.940129,2236800
hardzero_plus_depr__c0p50__z1p00__lam0p020__nu0p50__psi0p75,hardzero_plus_depr,0.06,33,699,0.0,2,0.22826208,0.22826208,1.0068759,0.0,0.09842924,0.0,0.0,1.7280657e-06,-27.295681,2.215171,0.7383904,0.136,0.0,0.15150808,13.940129,13.96013,2240000
hardzero_plus_depr__c0p50__z1p00__lam0p020__nu0p50__psi0p75,hardzero_plus_depr,0.06,33,700,0.0,2,0.22826208,0.22826208,1.0080513,0.0,0.0981632,0.0,0.0,1.7023374e-06,-26.721296,2.217757,0.7392523,0.136,0.0,0.16460101,13.96013,13.98013,2243200
hardzero_plus_depr__c0p50__z1p00__lam0p020__nu0p50__psi0p75,hardzero_plus_depr,0.06,33,701,0.0,2,0.22826208,0.22826226,0.9763253,0.105602615,0.105602615,1.0,1.7709476e-07,1.6769923e-06,-26.524853,2.1479585,0.7159862,0.192,0.0,0.1470147,13.98013,14.000131,2246400
hardzero_plus_depr__c0p50__z1p00__lam0p020__nu0p50__psi0p75,hardzero_plus_depr,0.06,33,702,0.0,2,0.22826226,0.22826244,0.95946044,0.109784134,0.109784134,1.0,1.8136609e-07,1.6520246e-06,-26.369116,2.110855,0.7036184,0.16,0.0,0.13430282,14.000131,14.020131,2249600
hardzero_plus_depr__c0p50__z1p00__lam0p020__nu0p50__psi0p75,hardzero_plus_depr,0.06,33,703,0.0,2,0.22826244,0.22826244,1.0452938,0.0,0.09009614,0.0,0.0,1.6274288e-06,-27.916618,2.2996924,0.76656413,0.16800001,0.0,0.14876938,14.020131,14.040132,2252800
hardzero_plus_depr__c0p50__z1p00__lam0p020__nu0p50__psi0p75,hardzero_plus_depr,0.06,33,704,0.0,2,0.22826244,0.22826244,1.046198,0.0,0.089908764,0.0,0.0,1.6031989e-06,-28.058424,2.3016815,0.7672272,0.128,0.0,0.13065918,14.040132,14.060132,2256000
hardzero_plus_depr__c0p50__z1p00__lam0p020__nu0p50__psi0p75,hardzero_plus_depr,0.06,33,705,0.0,2,0.22826244,0.22826244,1.0613984,0.0,0.086816356,0.0,0.0,1.5793297e-06,-28.524595,2.335123,0.7783744,0.15200001,0.0,0.16531518,14.060132,14.0801325,2259200
hardzero_plus_depr__c0p50__z1p00__lam0p020__nu0p50__psi0p75,hardzero_plus_depr,0.06,33,706,0.0,2,0.22826244,0.22826244,1.0198371,0.0,0.09553508,0.0,0.0,1.5558161e-06,-27.259747,2.2436864,0.7478955,0.16000001,0.0,0.184661,14.0801325,14.100133,2262400
hardzero_plus_depr__c0p50__z1p00__lam0p020__nu0p50__psi0p75,hardzero_plus_depr,0.06,33,707,0.0,2,0.22826244,0.2282626,0.99029666,0.102259405,0.102259405,1.0,1.5672815e-07,1.5326526e-06,-26.006727,2.1786962,0.72623205,0.2,0.0,0.13956651,14.100133,14.120133,2265600
hardzero_plus_depr__c0p50__z1p00__lam0p020__nu0p50__psi0p75,hardzero_plus_depr,0.06,33,708,0.0,2,0.2282626,0.2282626,1.0041502,0.0,0.09904894,0.0,0.0,1.5098339e-06,-27.00265,2.2091744,0.7363915,0.096,0.0,0.12214925,14.120133,14.140134,2268800
hardzero_plus_depr__c0p50__z1p00__lam0p020__nu0p50__psi0p75,hardzero_plus_depr,0.06,33,709,0.0,2,0.2282626,0.22826275,0.99245906,0.101751514,0.101751514,1.0,1.513406e-07,1.4873548e-06,-26.596865,2.1834536,0.7278179,0.15200001,0.0,0.11983891,14.140134,14.160134,2272000
hardzero_plus_depr__c0p50__z1p00__lam0p020__nu0p50__psi0p75,hardzero_plus_depr,0.06,33,710,0.0,2,0.22826275,0.22826292,0.95235205,0.11159583,0.11159583,1.0,1.6351137e-07,1.4652104e-06,-26.04078,2.0952163,0.69840544,0.256,0.0,0.13863426,14.160134,14.180135,2275200
hardzero_plus_depr__c0p50__z1p00__lam0p020__nu0p50__psi0p75,hardzero_plus_depr,0.06,33,711,0.0,2,0.22826292,0.22826292,1.0109754,0.0,0.0975045,0.0,0.0,1.4433958e-06,-26.394842,2.2241902,0.7413968,0.16800001,0.0,0.14162828,14.180135,14.200135,2278400
hardzero_plus_depr__c0p50__z1p00__lam0p020__nu0p50__psi0p75,hardzero_plus_depr,0.06,33,712,0.0,2,0.22826292,0.22826292,1.0397958,0.0,0.09124398,0.0,0.0,1.421906e-06,-27.67074,2.2875962,0.7625321,0.15200001,0.008,0.15527047,14.200135,14.220136,2281600
hardzero_plus_depr__c0p50__z1p00__lam0p020__nu0p50__psi0p75,hardzero_plus_depr,0.06,33,713,0.0,2,0.22826292,0.22826292,1.0345565,0.0,0.09235139,0.0,0.0,1.4007361e-06,-27.86767,2.2760699,0.75869,0.136,0.0,0.16397543,14.220136,14.240136,2284800
hardzero_plus_depr__c0p50__z1p00__lam0p020__nu0p50__psi0p75,hardzero_plus_depr,0.06,33,714,0.0,2,0.22826292,0.22826305,0.9943162,0.101317324,0.101317324,1.0,1.3980589e-07,1.3798814e-06,-27.860123,2.1875393,0.7291798,0.224,0.0,0.14193667,14.240136,14.260137,2288000
hardzero_plus_depr__c0p50__z1p00__lam0p020__nu0p50__psi0p75,hardzero_plus_depr,0.06,33,715,0.0,2,0.22826305,0.22826305,1.0052183,0.0,0.09880563,0.0,0.0,1.359337e-06,-27.230795,2.2115242,0.73717475,0.26999998,0.0,0.14480086,14.260137,14.280137,2291200
hardzero_plus_depr__c0p50__z1p00__lam0p020__nu0p50__psi0p75,hardzero_plus_depr,0.06,33,716,0.0,2,0.22826305,0.22826305,1.005908,0.0,0.09864884,0.0,0.0,1.3390987e-06,-27.349659,2.2130418,0.7376806,0.112,0.0,0.16894567,14.280137,14.3001375,2294400
hardzero_plus_depr__c0p50__z1p00__lam0p020__nu0p50__psi0p75,hardzero_plus_depr,0.06,33,717,0.0,2,0.22826305,0.22826305,1.0156262,0.0,0.096465886,0.0,0.0,1.3191618e-06,-26.352352,2.2344222,0.7448074,0.104,0.0,0.13194278,14.3001375,14.320138,2297600
hardzero_plus_depr__c0p50__z1p00__lam0p020__nu0p50__psi0p75,hardzero_plus_depr,0.06,33,718,0.0,2,0.22826305,0.22826305,1.0061663,0.0,0.09859017,0.0,0.0,1.2995215e-06,-26.49433,2.2136102,0.7378701,0.18400002,0.0,0.13435002,14.320138,14.340138,2300800
hardzero_plus_depr__c0p50__z1p00__lam0p020__nu0p50__psi0p75,hardzero_plus_depr,0.06,33,719,0.0,2,0.22826305,0.22826318,0.99139816,0.10200038,0.10200038,1.0,1.3057819e-07,1.2801736e-06,-26.851612,2.1811194,0.7270398,0.208,0.0,0.14021659,14.340138,14.360139,2304000
hardzero_plus_depr__c0p50__z1p00__lam0p020__nu0p50__psi0p75,hardzero_plus_depr,0.06,33,720,0.0,2,0.22826318,0.22826318,1.031279,0.0,0.093050994,0.0,0.0,1.261114e-06,-27.759706,2.268859,0.7562863,0.104,0.0,0.14904238,14.360139,14.380139,2307200
hardzero_plus_depr__c0p50__z1p00__lam0p020__nu0p50__psi0p75,hardzero_plus_depr,0.06,33,721,0.0,2,0.22826318,0.22826318,1.0134813,0.0,0.0969435,0.0,0.0,1.2423379e-06,-26.640121,2.2297032,0.7432344,0.14400001,0.0,0.14675403,14.380139,14.40014,2310400
hardzero_plus_depr__c0p50__z1p00__lam0p020__nu0p50__psi0p75,hardzero_plus_depr,0.06,33,722,0.0,2,0.22826318,0.2282633,0.9899855,0.102332704,0.102332704,1.0,1.2523901e-07,1.2238415e-06,-26.547403,2.1780117,0.7260039,0.208,0.0,0.1398995,14.40014,14.42014,2313600
hardzero_plus_depr__c0p50__z1p00__lam0p020__nu0p50__psi0p75,hardzero_plus_depr,0.06,33,723,0.0,2,0.2282633,0.2282633,1.0132396,0.0,0.096997455,0.0,0.0,1.2056205e-06,-27.28958,2.2291718,0.74305725,0.16800001,0.0,0.16563828,14.42014,14.440141,2316800
hardzero_plus_depr__c0p50__z1p00__lam0p020__nu0p50__psi0p75,hardzero_plus_depr,0.06,33,724,0.0,2,0.2282633,0.2282633,1.0148647,0.0,0.09663519,0.0,0.0,1.1876707e-06,-27.748886,2.2327468,0.744249,0.2,0.0,0.1514706,14.440141,14.460141,2320000
hardzero_plus_depr__c0p50__z1p00__lam0p020__nu0p50__psi0p75,hardzero_plus_depr,0.06,33,725,0.0,2,0.2282633,0.22826342,0.977277,0.10537146,0.10537146,1.0,1.2328337e-07,1.1699883e-06,-26.182316,2.1500523,0.7166841,0.16800001,0.0,0.13929628,14.460141,14.480142,2323200
hardzero_plus_depr__c0p50__z1p00__lam0p020__nu0p50__psi0p75,hardzero_plus_depr,0.06,33,726,0.0,2,0.22826342,0.22826356,0.9451992,0.11344903,0.11344903,1.0,1.3075783e-07,1.152569e-06,-26.418573,2.0794797,0.69315994,0.17600001,0.0,0.14721464,14.480142,14.500142,2326400
hardzero_plus_depr__c0p50__z1p00__lam0p020__nu0p50__psi0p75,hardzero_plus_depr,0.06,33,727,0.0,2,0.22826356,0.22826368,0.96419275,0.10859435,0.10859435,1.0,1.2329903e-07,1.1354092e-06,-26.668121,2.1212664,0.7070888,0.17600001,0.0,0.14079908,14.500142,14.520143,2329600
hardzero_plus_depr__c0p50__z1p00__lam0p020__nu0p50__psi0p75,hardzero_plus_depr,0.06,33,728,0.0,2,0.22826368,0.2282638,0.95867246,0.109983504,0.109983504,1.0,1.2301706e-07,1.1185047e-06,-26.215622,2.1091216,0.70304054,0.17999999,0.0,0.13664655,14.520143,14.540143,2332800
hardzero_plus_depr__c0p50__z1p00__lam0p020__nu0p50__psi0p75,hardzero_plus_depr,0.06,33,729,0.0,2,0.2282638,0.2282639,0.9949886,0.10116061,0.10116061,1.0,1.1146401e-07,1.1018519e-06,-26.917643,2.1890187,0.7296729,0.16000001,0.0,0.13481405,14.540143,14.560143,2336000
hardzero_plus_depr__c0p50__z1p00__lam0p020__nu0p50__psi0p75,hardzero_plus_depr,0.06,33,730,0.0,2,0.2282639,0.22826402,0.9755708,0.10578625,0.10578625,1.0,1.1482538e-07,1.0854471e-06,-26.681633,2.1462986,0.7154329,0.2,0.008,0.15474851,14.560143,14.580144,2339200
hardzero_plus_depr__c0p50__z1p00__lam0p020__nu0p50__psi0p75,hardzero_plus_depr,0.06,33,731,0.0,2,0.22826402,0.22826402,1.0427611,0.0,0.09062309,0.0,0.0,1.0692866e-06,-27.650965,2.29412,0.76470673,0.08800001,0.0,0.15050876,14.580144,14.600144,2342400
hardzero_plus_depr__c0p50__z1p00__lam0p020__nu0p50__psi0p75,hardzero_plus_depr,0.06,33,732,0.0,2,0.22826402,0.22826402,1.0003566,0.0,0.09991792,0.0,0.0,1.0533666e-06,-25.9509,2.2008283,0.73360944,0.17600001,0.0,0.1368596,14.600144,14.620145,2345600
hardzero_plus_depr__c0p50__z1p00__lam0p020__nu0p50__psi0p75,hardzero_plus_depr,0.06,33,733,0.0,2,0.22826402,0.22826402,1.0363239,0.0,0.09197634,0.0,0.0,1.0376837e-06,-27.772575,2.279958,0.75998604,0.16000001,0.0,0.14445855,14.620145,14.640145,2348800
hardzero_plus_depr__c0p50__z1p00__lam0p020__nu0p50__psi0p75,hardzero_plus_depr,0.06,33,734,0.0,2,0.22826402,0.22826402,1.0427176,0.0,0.090632185,0.0,0.0,1.0222342e-06,-27.541508,2.2940245,0.76467484,0.112,0.0,0.1606686,14.640145,14.660146,2352000
hardzero_plus_depr__c0p50__z1p00__lam0p020__nu0p50__psi0p75,hardzero_plus_depr,0.06,33,735,0.0,2,0.22826402,0.22826412,0.962732,0.10896023,0.10896023,1.0,1.0972456e-07,1.0070147e-06,-26.679462,2.1180527,0.7060176,0.136,0.0,0.14997435,14.660146,14.680146,2355200
hardzero_plus_depr__c0p50__z1p00__lam0p020__nu0p50__psi0p75,hardzero_plus_depr,0.06,33,736,0.0,2,0.22826412,0.22826423,0.9525117,0.11155479,0.11155479,1.0,1.1066481e-07,9.92022e-07,-26.565159,2.0955677,0.69852257,0.216,0.0,0.13058619,14.680146,14.700147,2358400
hardzero_plus_depr__c0p50__z1p00__lam0p020__nu0p50__psi0p75,hardzero_plus_depr,0.06,33,737,0.0,2,0.22826423,0.22826423,1.0062221,0.0,0.09857751,0.0,0.0,9.772523e-07,-26.928978,2.213733,0.737911,0.17600001,0.0,0.121971935,14.700147,14.720147,2361600
hardzero_plus_depr__c0p50__z1p00__lam0p020__nu0p50__psi0p75,hardzero_plus_depr,0.06,33,738,0.0,2,0.22826423,0.22826423,1.0358202,0.0,0.09208305,0.0,0.0,9.627026e-07,-28.384628,2.27885,0.75961673,0.15200001,0.0,0.15316382,14.720147,14.740148,2364800
hardzero_plus_depr__c0p50__z1p00__lam0p020__nu0p50__psi0p75,hardzero_plus_depr,0.06,33,739,0.0,2,0.22826423,0.22826423,1.0097544,0.0,0.09777898,0.0,0.0,9.483694e-07,-27.562075,2.221504,0.74050134,0.18400002,0.0,0.15647186,14.740148,14.760148,2368000
hardzero_plus_depr__c0p50__z1p00__lam0p020__nu0p50__psi0p75,hardzero_plus_depr,0.06,33,740,0.0,2,0.22826423,0.22826432,0.9918485,0.10189467,0.10189467,1.0,9.519508e-08,9.3424984e-07,-26.77581,2.1821103,0.72737014,0.192,0.0,0.1486537,14.760148,14.7801485,2371200
hardzero_plus_depr__c0p50__z1p00__lam0p020__nu0p50__psi0p75,hardzero_plus_depr,0.06,33,741,0.0,2,0.22826432,0.2282644,0.9821428,0.104197465,0.104197465,1.0,9.5897136e-08,9.2034037e-07,-26.344107,2.1607573,0.72025245,0.099999994,0.0,0.122377604,14.7801485,14.800149,2374400
hardzero_plus_depr__c0p50__z1p00__lam0p020__nu0p50__psi0p75,hardzero_plus_depr,0.06,33,742,0.0,2,0.2282644,0.2282645,0.9968266,0.10073338,0.10073338,1.0,9.1328694e-08,9.0663787e-07,-26.589676,2.1930623,0.7310208,0.136,0.0,0.16817147,14.800149,14.820149,2377600
hardzero_plus_depr__c0p50__z1p00__lam0p020__nu0p50__psi0p75,hardzero_plus_depr,0.06,33,743,0.0,2,0.2282645,0.2282645,1.0031943,0.0,0.09926717,0.0,0.0,8.9313943e-07,-26.252003,2.2070715,0.73569053,0.192,0.0,0.16222057,14.820149,14.84015,2380800
hardzero_plus_depr__c0p50__z1p00__lam0p020__nu0p50__psi0p75,hardzero_plus_depr,0.06,33,744,0.0,2,0.2282645,0.2282645,1.0251604,0.0,0.094371215,0.0,0.0,8.798421e-07,-27.830723,2.255398,0.75179935,0.17600001,0.0,0.16509329,14.84015,14.86015,2384000
hardzero_plus_depr__c0p50__z1p00__lam0p020__nu0p50__psi0p75,hardzero_plus_depr,0.06,33,745,0.0,2,0.2282645,0.22826459,0.97336656,0.10632452,0.10632452,1.0,9.2156e-08,8.6674265e-07,-26.585787,2.1414492,0.7138164,0.128,0.0,0.1267378,14.86015,14.880151,2387200
hardzero_plus_depr__c0p50__z1p00__lam0p020__nu0p50__psi0p75,hardzero_plus_depr,0.06,33,746,0.0,2,0.22826459,0.22826467,0.9844591,0.103643216,0.103643216,1.0,8.8494545e-08,8.538383e-07,-26.079712,2.1658533,0.7219511,0.16000001,0.0,0.12004317,14.880151,14.900151,2390400
hardzero_plus_depr__c0p50__z1p00__lam0p020__nu0p50__psi0p75,hardzero_plus_depr,0.06,33,747,0.0,2,0.22826467,0.22826467,1.0063496,0.0,0.098548606,0.0,0.0,8.4112594e-07,-26.68188,2.2140133,0.73800445,0.16800001,0.0,0.15140429,14.900151,14.920152,2393600
hardzero_plus_depr__c0p50__z1p00__lam0p020__nu0p50__psi0p75,hardzero_plus_depr,0.06,33,748,0.0,2,0.22826467,0.22826476,0.97231776,0.1065816,0.1065816,1.0,8.831382e-08,8.286029e-07,-26.75776,2.1391418,0.71304727,0.128,0.0,0.12656593,14.920152,14.940152,2396800
hardzero_plus_depr__c0p50__z1p00__lam0p020__nu0p50__psi0p75,hardzero_plus_depr,0.06,33,749,0.0,2,0.22826476,0.22826485,0.99572283,0.10098972,0.10098972,1.0,8.243452e-08,8.162664e-07,-26.872475,2.190634,0.7302114,0.112,0.0,0.15543911,14.940152,14.960153,2400000
hardzero_plus_depr__c0p50__z1p00__lam0p020__nu0p50__psi0p75,hardzero_plus_depr,0.06,33,750,0.0,2,0.22826485,0.22826494,0.969742,0.107215606,0.107215606,1.0,8.621351e-08,8.041135e-07,-25.978676,2.133475,0.7111584,0.18400002,0.0,0.12929535,14.960153,14.980153,2403200
hardzero_plus_depr__c0p50__z1p00__lam0p020__nu0p50__psi0p75,hardzero_plus_depr,0.06,33,751,0.0,2,0.22826494,0.22826494,1.0362862,0.0,0.09198432,0.0,0.0,7.921416e-07,-27.08027,2.2798753,0.75995845,0.2,0.0,0.14390807,14.980153,15.000154,2406400
hardzero_plus_depr__c0p50__z1p00__lam0p020__nu0p50__psi0p75,hardzero_plus_depr,0.06,33,752,0.0,2,0.22826494,0.22826494,1.0047177,0.0,0.0989196,0.0,0.0,7.8034776e-07,-26.85794,2.210423,0.7368077,0.120000005,0.0,0.14891213,15.000154,15.020154,2409600
hardzero_plus_depr__c0p50__z1p00__lam0p020__nu0p50__psi0p75,hardzero_plus_depr,0.06,33,753,0.0,2,0.22826494,0.22826494,1.0455909,0.0,0.09003453,0.0,0.0,7.6872965e-07,-27.408268,2.300346,0.766782,0.120000005,0.0,0.17123543,15.020154,15.040154,2412800
hardzero_plus_depr__c0p50__z1p00__lam0p020__nu0p50__psi0p75,hardzero_plus_depr,0.06,33,754,0.0,2,0.22826494,0.22826502,0.96911633,0.10737018,0.10737018,1.0,8.130978e-08,7.572845e-07,-25.557291,2.1320984,0.7106995,0.19,0.0,0.14560677,15.040154,15.060155,2416000
hardzero_plus_depr__c0p50__z1p00__lam0p020__nu0p50__psi0p75,hardzero_plus_depr,0.06,33,755,0.0,2,0.22826502,0.22826502,1.0438786,0.0,0.09039021,0.0,0.0,7.4600973e-07,-27.76342,2.2965786,0.76552624,0.136,0.0,0.13151799,15.060155,15.080155,2419200
hardzero_plus_depr__c0p50__z1p00__lam0p020__nu0p50__psi0p75,hardzero_plus_depr,0.06,33,756,0.0,2,0.22826502,0.22826509,0.9877952,0.10285012,0.10285012,1.0,7.558484e-08,7.3490287e-07,-26.673553,2.1731927,0.7243976,0.14400001,0.0,0.13767368,15.080155,15.100156,2422400
hardzero_plus_depr__c0p50__z1p00__lam0p020__nu0p50__psi0p75,hardzero_plus_depr,0.06,33,757,0.0,2,0.22826509,0.22826517,0.97776544,0.105253026,0.105253026,1.0,7.619912e-08,7.239613e-07,-26.709204,2.1511269,0.7170423,0.16000001,0.0,0.14429894,15.100156,15.120156,2425600
hardzero_plus_depr__c0p50__z1p00__lam0p020__nu0p50__psi0p75,hardzero_plus_depr,0.06,33,758,0.0,2,0.22826517,0.22826517,1.033558,0.0,0.09256396,0.0,0.0,7.131827e-07,-27.370993,2.273873,0.7579577,0.120000005,0.0,0.16806915,15.120156,15.140157,2428800
hardzero_plus_depr__c0p50__z1p00__lam0p020__nu0p50__psi0p75,hardzero_plus_depr,0.06,33,759,0.0,2,0.22826517,0.22826524,0.99655664,0.10079601,0.10079601,1.0,7.08157e-08,7.0256453e-07,-26.8574,2.1924684,0.7308228,0.2,0.0,0.138284,15.140157,15.160157,2432000
hardzero_plus_depr__c0p50__z1p00__lam0p020__nu0p50__psi0p75,hardzero_plus_depr,0.06,33,760,0.0,2,0.22826524,0.22826532,0.970306,0.10707645,0.10707645,1.0,7.4108094e-08,6.921045e-07,-26.46032,2.1347158,0.71157193,0.18400002,0.0,0.14518967,15.160157,15.180158,2435200
hardzero_plus_depr__c0p50__z1p00__lam0p020__nu0p50__psi0p75,hardzero_plus_depr,0.06,33,761,0.0,2,0.22826532,0.22826532,1.0147616,0.0,0.09665815,0.0,0.0,6.818002e-07,-27.620352,2.23252,0.7441734,0.15200001,0.0,0.13660164,15.180158,15.200158,2438400
hardzero_plus_depr__c0p50__z1p00__lam0p020__nu0p50__psi0p75,hardzero_plus_depr,0.06,33,762,0.0,2,0.22826532,0.22826539,0.9836931,0.10382619,0.10382619,1.0,6.973478e-08,6.716493e-07,-26.423584,2.1641681,0.7213894,0.112,0.0,0.14695954,15.200158,15.220159,2441600
hardzero_plus_depr__c0p50__z1p00__lam0p020__nu0p50__psi0p75,hardzero_plus_depr,0.06,33,763,0.0,2,0.22826539,0.22826539,1.0458068,0.0,0.08998979,0.0,0.0,6.616495e-07,-27.403404,2.3008208,0.7669403,0.14400001,0.0,0.1782412,15.220159,15.240159,2444800
hardzero_plus_depr__c0p50__z1p00__lam0p020__nu0p50__psi0p75,hardzero_plus_depr,0.06,33,764,0.0,2,0.22826539,0.22826546,0.9381972,0.115292974,0.115292974,1.0,7.5147796e-08,6.517986e-07,-26.26181,2.064075,0.688025,0.208,0.0,0.117703125,15.240159,15.2601595,2448000
hardzero_plus_depr__c0p50__z1p00__lam0p020__nu0p50__psi0p75,hardzero_plus_depr,0.06,33,765,0.0,2,0.22826546,0.22826546,1.031368,0.0,0.09303192,0.0,0.0,6.420944e-07,-26.674166,2.269055,0.75635165,0.136,0.0,0.16317098,15.2601595,15.28016,2451200
hardzero_plus_depr__c0p50__z1p00__lam0p020__nu0p50__psi0p75,hardzero_plus_depr,0.06,33,766,0.0,2,0.22826546,0.22826546,1.0561786,0.0,0.08786611,0.0,0.0,6.325346e-07,-27.488914,2.3236392,0.7745464,0.2,0.0,0.15706508,15.28016,15.30016,2454400
hardzero_plus_depr__c0p50__z1p00__lam0p020__nu0p50__psi0p75,hardzero_plus_depr,0.06,33,767,0.0,2,0.22826546,0.22826554,0.955481,0.1107947,0.1107947,1.0,6.903808e-08,6.2311716e-07,-26.036325,2.1021001,0.70070004,0.25,0.0,0.16954082,15.30016,15.320161,2457600
hardzero_plus_depr__c0p50__z1p00__lam0p020__nu0p50__psi0p75,hardzero_plus_depr,0.06,33,768,0.0,2,0.22826554,0.2282656,0.98348475,0.103876,0.103876,1.0,6.376324e-08,6.138399e-07,-25.944908,2.1637096,0.7212366,0.14400001,0.0,0.1442688,15.320161,15.340161,2460800
hardzero_plus_depr__c0p50__z1p00__lam0p020__nu0p50__psi0p75,hardzero_plus_depr,0.06,33,769,0.0,2,0.2282656,0.22826566,0.96760225,0.10774514,0.10774514,1.0,6.515358e-08,6.0470086e-07,-26.060106,2.1287675,0.7095892,0.16800001,0.0,0.13110192,15.340161,15.360162,2464000
hardzero_plus_depr__c0p50__z1p00__lam0p020__nu0p50__psi0p75,hardzero_plus_depr,0.06,33,770,0.0,2,0.22826566,0.22826566,1.0125421,0.0,0.09715336,0.0,0.0,5.956978e-07,-27.511538,2.2276373,0.7425458,0.136,0.0,0.14034365,15.360162,15.380162,2467200
hardzero_plus_depr__c0p50__z1p00__lam0p020__nu0p50__psi0p75,hardzero_plus_depr,0.06,33,771,0.0,2,0.22826566,0.22826566,1.0124385,0.0,0.09717655,0.0,0.0,5.868289e-07,-27.008928,2.2274091,0.7424697,0.14400001,0.0,0.14072087,15.380162,15.400163,2470400
hardzero_plus_depr__c0p50__z1p00__lam0p020__nu0p50__psi0p75,hardzero_plus_depr,0.06,33,772,0.0,2,0.22826566,0.22826572,0.99784213,0.100498095,0.100498095,1.0,5.809714e-08,5.7809194e-07,-27.040335,2.1952965,0.7317655,0.16000001,0.0,0.15346262,15.400163,15.420163,2473600
hardzero_plus_depr__c0p50__z1p00__lam0p020__nu0p50__psi0p75,hardzero_plus_depr,0.06,33,773,0.0,2,0.22826572,0.22826572,1.0046641,0.0,0.09893181,0.0,0.0,5.69485e-07,-27.340313,2.210305,0.73676836,0.192,0.0,0.1643041,15.420163,15.440164,2476800
hardzero_plus_depr__c0p50__z1p00__lam0p020__nu0p50__psi0p75,hardzero_plus_depr,0.06,33,774,0.0,2,0.22826572,0.22826578,0.9587294,0.10996908,0.10996908,1.0,6.169335e-08,5.6100635e-07,-25.525427,2.1092467,0.70308226,0.24800001,0.0,0.14484096,15.440164,15.460164,2480000
hardzero_plus_depr__c0p50__z1p00__lam0p020__nu0p50__psi0p75,hardzero_plus_depr,0.06,33,775,0.0,2,0.22826578,0.22826578,1.0271922,0.0,0.09393073,0.0,0.0,5.5265383e-07,-27.153156,2.2598681,0.7532894,0.14400001,0.0,0.13143578,15.460164,15.480165,2483200
hardzero_plus_depr__c0p50__z1p00__lam0p020__nu0p50__psi0p75,hardzero_plus_depr,0.06,33,776,0.0,2,0.22826578,0.22826584,0.9991841,0.100188054,0.100188054,1.0,5.4544955e-08,5.4442575e-07,-26.799017,2.1982489,0.73274964,0.17600001,0.0,0.16423778,15.480165,15.500165,2486400
hardzero_plus_depr__c0p50__z1p00__lam0p020__nu0p50__psi0p75,hardzero_plus_depr,0.06,33,777,0.0,2,0.22826584,0.22826584,1.042736,0.0,0.09062832,0.0,0.0,5.3632004e-07,-28.091967,2.2940652,0.76468843,0.16000001,0.0,0.14585048,15.500165,15.520165,2489600
hardzero_plus_depr__c0p50__z1p00__lam0p020__nu0p50__psi0p75,hardzero_plus_depr,0.06,33,778,0.0,2,0.22826584,0.2282659,0.98934895,0.10248281,0.10248281,1.0,5.414527e-08,5.2833514e-07,-25.986273,2.1766112,0.72553706,0.112,0.0,0.15813021,15.520165,15.540166,2492800
hardzero_plus_depr__c0p50__z1p00__lam0p020__nu0p50__psi0p75,hardzero_plus_depr,0.06,33,779,0.0,2,0.2282659,0.2282659,1.0022736,0.0,0.099477865,0.0,0.0,5.2046903e-07,-26.790085,2.205046,0.73501533,0.16800001,0.0,0.14599165,15.540166,15.560166,2496000
hardzero_plus_depr__c0p50__z1p00__lam0p020__nu0p50__psi0p75,hardzero_plus_depr,0.06,33,780,0.0,2,0.2282659,0.22826596,0.9767752,0.10549328,0.10549328,1.0,5.4088527e-08,5.1272013e-07,-25.587797,2.1489484,0.71631616,0.22999999,0.0,0.14314006,15.560166,15.580167,2499200
hardzero_plus_depr__c0p50__z1p00__lam0p020__nu0p50__psi0p75,hardzero_plus_depr,0.06,33,781,0.0,2,0.22826596,0.22826596,1.0570402,0.0,0.087691955,0.0,0.0,5.050865e-07,-28.5866,2.3255348,0.7751783,0.14400001,0.0,0.15113384,15.580167,15.600167,2502400
hardzero_plus_depr__c0p50__z1p00__lam0p020__nu0p50__psi0p75,hardzero_plus_depr,0.06,33,782,0.0,2,0.22826596,0.228266,0.983025,0.10398602,0.10398602,1.0,5.1739967e-08,4.975666e-07,-26.53973,2.1626983,0.72089946,0.08800001,0.0,0.12916997,15.600167,15.620168,2505600
hardzero_plus_depr__c0p50__z1p00__lam0p020__nu0p50__psi0p75,hardzero_plus_depr,0.06,33,783,0.0,2,0.228266,0.22826606,0.9513299,0.11185878,0.11185878,1.0,5.4828547e-08,4.9015864e-07,-26.72523,2.0929675,0.69765586,0.192,0.0,0.13134661,15.620168,15.640168,2508800
hardzero_plus_depr__c0p50__z1p00__lam0p020__nu0p50__psi0p75,hardzero_plus_depr,0.06,33,784,0.0,2,0.22826606,0.22826606,1.0450771,0.0,0.09014111,0.0,0.0,4.8286097e-07,-27.431578,2.2992156,0.7664052,0.16800001,0.0,0.13999942,15.640168,15.660169,2512000
hardzero_plus_depr__c0p50__z1p00__lam0p020__nu0p50__psi0p75,hardzero_plus_depr,0.06,33,785,0.0,2,0.22826606,0.2282661,0.98772407,0.10286697,0.10286697,1.0,4.8930932e-08,4.7567195e-07,-27.500431,2.1730363,0.72434545,0.096,0.0,0.12988721,15.660169,15.680169,2515200
hardzero_plus_depr__c0p50__z1p00__lam0p020__nu0p50__psi0p75,hardzero_plus_depr,0.06,33,786,0.0,2,0.2282661,0.2282661,1.0589161,0.0,0.08731401,0.0,0.0,4.6858995e-07,-28.100193,2.3296618,0.776554,0.120000005,0.0,0.1532544,15.680169,15.70017,2518400
hardzero_plus_depr__c0p50__z1p00__lam0p020__nu0p50__psi0p75,hardzero_plus_depr,0.06,33,787,0.0,2,0.2282661,0.22826615,0.9602462,0.10958567,0.10958567,1.0,5.0586213e-08,4.6161338e-07,-25.748894,2.1125839,0.70419466,0.208,0.0,0.1234195,15.70017,15.72017,2521600
hardzero_plus_depr__c0p50__z1p00__lam0p020__nu0p50__psi0p75,hardzero_plus_depr,0.06,33,788,0.0,2,0.22826615,0.22826615,1.017327,0.0,0.096088864,0.0,0.0,4.5474067e-07,-27.359764,2.238164,0.74605465,0.15200001,0.0,0.17497803,15.72017,15.7401705,2524800
hardzero_plus_depr__c0p50__z1p00__lam0p020__nu0p50__psi0p75,hardzero_plus_depr,0.06,33,789,0.0,2,0.22826615,0.22826615,1.0052512,0.0,0.09879816,0.0,0.0,4.4797034e-07,-27.794186,2.2115967,0.73719895,0.15200001,0.0,0.17451233,15.7401705,15.760171,2528000
hardzero_plus_depr__c0p50__z1p00__lam0p020__nu0p50__psi0p75,hardzero_plus_depr,0.06,33,790,0.0,2,0.22826615,0.22826615,1.0237861,0.0,0.094670326,0.0,0.0,4.4130078e-07,-27.541325,2.2523744,0.7507915,0.16000001,0.0,0.16348898,15.760171,15.780171,2531200
hardzero_plus_depr__c0p50__z1p00__lam0p020__nu0p50__psi0p75,hardzero_plus_depr,0.06,33,791,0.0,2,0.22826615,0.22826615,1.0553902,0.0,0.08802575,0.0,0.0,4.347305e-07,-27.279024,2.321905,0.77396834,0.112,0.0,0.15205693,15.780171,15.800172,2534400
hardzero_plus_depr__c0p50__z1p00__lam0p020__nu0p50__psi0p75,hardzero_plus_depr,0.06,33,792,0.0,2,0.22826615,0.22826615,1.0058739,0.0,0.09865657,0.0,0.0,4.2825806e-07,-27.49055,2.2129667,0.7376556,0.15200001,0.0,0.15647349,15.800172,15.820172,2537600
hardzero_plus_depr__c0p50__z1p00__lam0p020__nu0p50__psi0p75,hardzero_plus_depr,0.06,33,793,0.0,2,0.22826615,0.22826615,1.0447109,0.0,0.09021716,0.0,0.0,4.2188196e-07,-26.671095,2.29841,0.76613665,0.14,0.0,0.13596135,15.820172,15.840173,2540800
hardzero_plus_depr__c0p50__z1p00__lam0p020__nu0p50__psi0p75,hardzero_plus_depr,0.06,33,794,0.0,2,0.22826615,0.2282662,0.97268647,0.10649115,0.10649115,1.0,4.425781e-08,4.1560082e-07,-26.6993,2.139953,0.71331763,0.192,0.0,0.13599788,15.840173,15.860173,2544000
hardzero_plus_depr__c0p50__z1p00__lam0p020__nu0p50__psi0p75,hardzero_plus_depr,0.06,33,795,0.0,2,0.2282662,0.2282662,1.0194471,0.0,0.095620915,0.0,0.0,4.0941325e-07,-26.427385,2.2428284,0.7476095,0.16800001,0.0,0.15943095,15.860173,15.880174,2547200
hardzero_plus_depr__c0p50__z1p00__lam0p020__nu0p50__psi0p75,hardzero_plus_depr,0.06,33,796,0.0,2,0.2282662,0.2282662,1.0310549,0.0,0.09309901,0.0,0.0,4.0331773e-07,-27.545643,2.2683659,0.756122,0.2,0.0,0.16511351,15.880174,15.900174,2550400
hardzero_plus_depr__c0p50__z1p00__lam0p020__nu0p50__psi0p75,hardzero_plus_depr,0.06,33,797,0.0,2,0.2282662,0.2282662,1.0385866,0.0,0.09149836,0.0,0.0,3.9731293e-07,-27.67157,2.2849362,0.76164544,0.15200001,0.0,0.1531697,15.900174,15.920175,2553600
hardzero_plus_depr__c0p50__z1p00__lam0p020__nu0p50__psi0p75,hardzero_plus_depr,0.06,33,798,0.0,2,0.2282662,0.22826624,0.9707086,0.10697725,0.10697725,1.0,4.1870635e-08,3.9139758e-07,-26.603142,2.1356015,0.7118672,0.15200001,0.0,0.12524411,15.920175,15.940175,2556800
hardzero_plus_depr__c0p50__z1p00__lam0p020__nu0p50__psi0p75,hardzero_plus_depr,0.06,33,799,0.0,2,0.22826624,0.22826624,1.0211899,0.0,0.09523795,0.0,0.0,3.8557033e-07,-27.06067,2.2466626,0.74888754,0.14400001,0.0,0.16271172,15.940175,15.9601755,2560000
hardzero_plus_depr__c0p50__z1p00__lam0p020__nu0p50__psi0p75,hardzero_plus_depr,0.06,33,800,0.0,2,0.22826624,0.22826624,1.0253154,0.0,0.094337545,0.0,0.0,3.798298e-07,-27.046207,2.255739,0.751913,0.16800001,0.0,0.15625924,15.9601755,15.980176,2563200
hardzero_plus_depr__c0p50__z1p00__lam0p020__nu0p50__psi0p75,hardzero_plus_depr,0.06,33,801,0.0,2,0.22826624,0.22826628,0.9946532,0.10123875,0.10123875,1.0,3.7880984e-08,3.7417473e-07,-26.459682,2.1882808,0.729427,0.16800001,0.0,0.14242119,15.980176,16.000175,2566400
hardzero_plus_depr__c0p50__z1p00__lam0p020__nu0p50__psi0p75,hardzero_plus_depr,0.06,33,802,0.0,2,0.22826628,0.22826628,1.004769,0.0,0.09890792,0.0,0.0,3.6860422e-07,-27.129822,2.2105358,0.73684525,0.136,0.0,0.17311834,16.000175,16.020176,2569600
hardzero_plus_depr__c0p50__z1p00__lam0p020__nu0p50__psi0p75,hardzero_plus_depr,0.06,33,803,0.0,2,0.22826628,0.22826628,1.0493035,0.0,0.089268126,0.0,0.0,3.6311633e-07,-27.311232,2.3085139,0.76950467,0.128,0.0,0.15934782,16.020176,16.040176,2572800
hardzero_plus_depr__c0p50__z1p00__lam0p020__nu0p50__psi0p75,hardzero_plus_depr,0.06,33,804,0.0,2,0.22826628,0.22826631,0.9919364,0.101874046,0.101874046,1.0,3.644137e-08,3.5771006e-07,-26.338493,2.1823037,0.7274346,0.18400002,0.0,0.13010603,16.040176,16.060177,2576000
hardzero_plus_depr__c0p50__z1p00__lam0p020__nu0p50__psi0p75,hardzero_plus_depr,0.06,33,805,0.0,2,0.22826631,0.22826631,1.0193332,0.0,0.095645994,0.0,0.0,3.5238435e-07,-26.714016,2.2425778,0.74752593,0.104,0.0,0.13306198,16.060177,16.080177,2579200
hardzero_plus_depr__c0p50__z1p00__lam0p020__nu0p50__psi0p75,hardzero_plus_depr,0.06,33,806,0.0,2,0.22826631,0.22826634,0.9981694,0.10042238,0.10042238,1.0,3.4860413e-08,3.471379e-07,-26.653906,2.1960166,0.73200554,0.14999999,0.0,0.14645238,16.080177,16.100178,2582400
hardzero_plus_depr__c0p50__z1p00__lam0p020__nu0p50__psi0p75,hardzero_plus_depr,0.06,33,807,0.0,2,0.22826634,0.22826637,0.98101294,0.1044689,0.1044689,1.0,3.5725186e-08,3.4196958e-07,-26.390228,2.1582716,0.7194239,0.216,0.0,0.16834277,16.100178,16.120178,2585600
hardzero_plus_depr__c0p50__z1p00__lam0p020__nu0p50__psi0p75,hardzero_plus_depr,0.06,33,808,0.0,2,0.22826637,0.22826637,1.0197521,0.0,0.09555378,0.0,0.0,3.368782e-07,-27.828674,2.2434995,0.7478332,0.17600001,0.0,0.14235163,16.120178,16.140179,2588800
hardzero_plus_depr__c0p50__z1p00__lam0p020__nu0p50__psi0p75,hardzero_plus_depr,0.06,33,809,0.0,2,0.22826637,0.22826637,1.0084127,0.0,0.09808153,0.0,0.0,3.3186262e-07,-27.83946,2.2185524,0.73951745,0.15200001,0.0,0.162282,16.140179,16.16018,2592000
hardzero_plus_depr__c0p50__z1p00__lam0p020__nu0p50__psi0p75,hardzero_plus_depr,0.06,33,810,0.0,2,0.22826637,0.22826637,1.0257808,0.0,0.094236515,0.0,0.0,3.269217e-07,-27.372349,2.2567627,0.75225425,0.2,0.008,0.13662694,16.16018,16.18018,2595200
hardzero_plus_depr__c0p50__z1p00__lam0p020__nu0p50__psi0p75,hardzero_plus_depr,0.06,33,811,0.0,2,0.22826637,0.2282664,0.99840826,0.100367196,0.100367196,1.0,3.2323694e-08,3.2205438e-07,-27.149103,2.196542,0.7321807,0.15200001,0.0,0.1545793,16.18018,16.20018,2598400
hardzero_plus_depr__c0p50__z1p00__lam0p020__nu0p50__psi0p75,hardzero_plus_depr,0.06,33,812,0.0,2,0.2282664,0.2282664,1.0271863,0.0,0.093932025,0.0,0.0,3.172595e-07,-27.12174,2.259855,0.75328505,0.2,0.0,0.14011277,16.20018,16.22018,2601600
hardzero_plus_depr__c0p50__z1p00__lam0p020__nu0p50__psi0p75,hardzero_plus_depr,0.06,33,813,0.0,2,0.2282664,0.22826643,0.97957283,0.104815885,0.104815885,1.0,3.275874e-08,3.1253603e-07,-26.476862,2.1551032,0.71836776,0.192,0.0,0.14095955,16.22018,16.240181,2604800
hardzero_plus_depr__c0p50__z1p00__lam0p020__nu0p50__psi0p75,hardzero_plus_depr,0.06,33,814,0.0,2,0.22826643,0.22826646,0.9796714,0.104792096,0.104792096,1.0,3.226369e-08,3.0788286e-07,-26.70296,2.1553202,0.71844006,0.16000001,0.008,0.1350605,16.240181,16.260181,2608000
hardzero_plus_depr__c0p50__z1p00__lam0p020__nu0p50__psi0p75,hardzero_plus_depr,0.06,33,815,0.0,2,0.22826646,0.22826646,1.0365733,0.0,0.09192354,0.0,0.0,3.0329898e-07,-27.469883,2.2805068,0.76016897,0.16800001,0.0,0.16634233,16.260181,16.280182,2611200
hardzero_plus_depr__c0p50__z1p00__lam0p020__nu0p50__psi0p75,hardzero_plus_depr,0.06,33,816,0.0,2,0.22826646,0.22826646,1.0607423,0.0,0.08694763,0.0,0.0,2.9878333e-07,-28.390762,2.3336794,0.7778932,0.14400001,0.0,0.18729259,16.280182,16.300182,2614400
hardzero_plus_depr__c0p50__z1p00__lam0p020__nu0p50__psi0p75,hardzero_plus_depr,0.06,33,817,0.0,2,0.22826646,0.22826649,0.97905916,0.10493994,0.10493994,1.0,3.088749e-08,2.9433494e-07,-26.705624,2.153973,0.71799105,0.15200001,0.0,0.13018198,16.300182,16.320183,2617600
hardzero_plus_depr__c0p50__z1p00__lam0p020__nu0p50__psi0p75,hardzero_plus_depr,0.06,33,818,0.0,2,0.22826649,0.22826652,0.9846057,0.103608236,0.103608236,1.0,3.0041495e-08,2.8995277e-07,-26.767618,2.1661758,0.72205865,0.112,0.0,0.13109772,16.320183,16.340183,2620800
hardzero_plus_depr__c0p50__z1p00__lam0p020__nu0p50__psi0p75,hardzero_plus_depr,0.06,33,819,0.0,2,0.22826652,0.22826655,0.975683,0.105758935,0.105758935,1.0,3.0208536e-08,2.856358e-07,-25.74893,2.1465454,0.71551514,0.099999994,0.0,0.12339961,16.340183,16.360184,2624000
hardzero_plus_depr__c0p50__z1p00__lam0p020__nu0p50__psi0p75,hardzero_plus_depr,0.06,33,820,0.0,2,0.22826655,0.22826655,1.024095,0.0,0.094603,0.0,0.0,2.8138317e-07,-26.991858,2.2530541,0.75101805,0.2,0.0,0.14239657,16.360184,16.380184,2627200
hardzero_plus_depr__c0p50__z1p00__lam0p020__nu0p50__psi0p75,hardzero_plus_depr,0.06,33,821,0.0,2,0.22826655,0.22826658,0.9987594,0.100286074,0.100286074,1.0,2.7798679e-08,2.771938e-07,-26.749628,2.1973145,0.7324382,0.192,0.0,0.16347203,16.380184,16.400185,2630400
hardzero_plus_depr__c0p50__z1p00__lam0p020__nu0p50__psi0p75,hardzero_plus_depr,0.06,33,822,0.0,2,0.22826658,0.22826661,0.97114336,0.1068702,0.1068702,1.0,2.918271e-08,2.7306686e-07,-26.73459,2.136558,0.71218604,0.192,0.0,0.15570912,16.400185,16.420185,2633600
hardzero_plus_depr__c0p50__z1p00__lam0p020__nu0p50__psi0p75,hardzero_plus_depr,0.06,33,823,0.0,2,0.22826661,0.22826661,1.0451525,0.0,0.09012544,0.0,0.0,2.6900133e-07,-27.473022,2.2993815,0.76646054,0.128,0.0,0.1644756,16.420185,16.440186,2636800
hardzero_plus_depr__c0p50__z1p00__lam0p020__nu0p50__psi0p75,hardzero_plus_depr,0.06,33,824,0.0,2,0.22826661,0.22826661,1.0016488,0.0,0.09962106,0.0,0.0,2.6499632e-07,-26.716606,2.2036712,0.7345571,0.16000001,0.0,0.15072231,16.440186,16.460186,2640000
hardzero_plus_depr__c0p50__z1p00__lam0p020__nu0p50__psi0p75,hardzero_plus_depr,0.06,33,825,0.0,2,0.22826661,0.22826664,0.9987398,0.100290604,0.100290604,1.0,2.6180956e-08,2.6105093e-07,-26.977993,2.1972713,0.7324238,0.14400001,0.0,0.13986976,16.460186,16.480186,2643200
hardzero_plus_depr__c0p50__z1p00__lam0p020__nu0p50__psi0p75,hardzero_plus_depr,0.06,33,826,0.0,2,0.22826664,0.22826667,0.99752134,0.100572355,0.100572355,1.0,2.586362e-08,2.5716432e-07,-26.012892,2.1945908,0.7315303,0.16800001,0.0,0.15577534,16.480186,16.500187,2646400
hardzero_plus_depr__c0p50__z1p00__lam0p020__nu0p50__psi0p75,hardzero_plus_depr,0.06,33,827,0.0,2,0.22826667,0.2282667,0.98461246,0.103606634,0.103606634,1.0,2.6247243e-08,2.5333554e-07,-26.53515,2.1661906,0.72206354,0.14400001,0.0,0.14176075,16.500187,16.520187,2649600
hardzero_plus_depr__c0p50__z1p00__lam0p020__nu0p50__psi0p75,hardzero_plus_depr,0.06,33,828,0.0,2,0.2282667,0.22826673,0.98846954,0.10269054,0.10269054,1.0,2.562784e-08,2.4956378e-07,-26.535673,2.1746764,0.72489214,0.14400001,0.0,0.14001065,16.520187,16.540188,2652800
hardzero_plus_depr__c0p50__z1p00__lam0p020__nu0p50__psi0p75,hardzero_plus_depr,0.06,33,829,0.0,2,0.22826673,0.22826676,0.9930772,0.101606786,0.101606786,1.0,2.4979844e-08,2.4584818e-07,-27.283455,2.1848135,0.7282712,0.16800001,0.0,0.16979052,16.540188,16.560188,2656000
hardzero_plus_depr__c0p50__z1p00__lam0p020__nu0p50__psi0p75,hardzero_plus_depr,0.06,33,830,0.0,2,0.22826676,0.22826676,1.0070751,0.0,0.098384105,0.0,0.0,2.4218792e-07,-27.37362,2.2156093,0.7385365,0.208,0.008,0.17354114,16.560188,16.580189,2659200
hardzero_plus_depr__c0p50__z1p00__lam0p020__nu0p50__psi0p75,hardzero_plus_depr,0.06,33,831,0.0,2,0.22826676,0.22826679,0.9983157,0.10038859,0.10038859,1.0,2.3950921e-08,2.3858212e-07,-26.897654,2.1963384,0.7321128,0.17600001,0.0,0.16310647,16.580189,16.60019,2662400
hardzero_plus_depr__c0p50__z1p00__lam0p020__nu0p50__psi0p75,hardzero_plus_depr,0.06,33,832,0.0,2,0.22826679,0.22826682,0.97661054,0.10553328,0.10553328,1.0,2.4803487e-08,2.3503e-07,-26.438938,2.148586,0.71619534,0.21,0.0,0.1220968,16.60019,16.62019,2665600
hardzero_plus_depr__c0p50__z1p00__lam0p020__nu0p50__psi0p75,hardzero_plus_depr,0.06,33,833,0.0,2,0.22826682,0.22826685,0.9966798,0.10076744,0.10076744,1.0,2.3330763e-08,2.3153078e-07,-26.455036,2.1927392,0.7309131,0.120000005,0.0,0.12302051,16.62019,16.64019,2668800
hardzero_plus_depr__c0p50__z1p00__lam0p020__nu0p50__psi0p75,hardzero_plus_depr,0.06,33,834,0.0,2,0.22826685,0.22826688,0.9981016,0.100438066,0.100438066,1.0,2.2908281e-08,2.2808366e-07,-27.20041,2.1958673,0.73195577,0.16000001,0.0,0.1651147,16.64019,16.66019,2672000
hardzero_plus_depr__c0p50__z1p00__lam0p020__nu0p50__psi0p75,hardzero_plus_depr,0.06,33,835,0.0,2,0.22826688,0.22826688,1.0346256,0.0,0.092336684,0.0,0.0,2.2468785e-07,-27.365835,2.2762218,0.7587406,0.16000001,0.0,0.17223907,16.66019,16.680191,2675200
hardzero_plus_depr__c0p50__z1p00__lam0p020__nu0p50__psi0p75,hardzero_plus_depr,0.06,33,836,0.0,2,0.22826688,0.22826691,0.98352736,0.1038658,0.1038658,1.0,2.2989928e-08,2.2134262e-07,-26.832655,2.1638033,0.7212678,0.17600001,0.0,0.15191276,16.680191,16.700191,2678400
hardzero_plus_depr__c0p50__z1p00__lam0p020__nu0p50__psi0p75,hardzero_plus_depr,0.06,33,837,0.0,2,0.22826691,0.22826694,0.94303566,0.11401562,0.11401562,1.0,2.4860785e-08,2.1804719e-07,-25.665117,2.07472,0.6915733,0.17600001,0.0,0.13262594,16.700191,16.720192,2681600
hardzero_plus_depr__c0p50__z1p00__lam0p020__nu0p50__psi0p75,hardzero_plus_depr,0.06,33,838,0.0,2,0.22826694,0.22826694,1.0131396,0.0,0.09701981,0.0,0.0,2.1480082e-07,-26.915976,2.2289517,0.74298394,0.096,0.0,0.14700848,16.720192,16.740192,2684800
hardzero_plus_depr__c0p50__z1p00__lam0p020__nu0p50__psi0p75,hardzero_plus_depr,0.06,33,839,0.0,2,0.22826694,0.22826694,1.0139136,0.0,0.09684704,0.0,0.0,2.1160278e-07,-27.281208,2.2306545,0.7435515,0.16800001,0.0,0.17398828,16.740192,16.760193,2688000
hardzero_plus_depr__c0p50__z1p00__lam0p020__nu0p50__psi0p75,hardzero_plus_depr,0.06,33,840,0.0,2,0.22826694,0.22826694,1.0492054,0.0,0.08928831,0.0,0.0,2.0845233e-07,-28.323248,2.308298,0.7694327,0.128,0.0,0.15510383,16.760193,16.780193,2691200
hardzero_plus_depr__c0p50__z1p00__lam0p020__nu0p50__psi0p75,hardzero_plus_depr,0.06,33,841,0.0,2,0.22826694,0.22826694,1.0418683,0.0,0.09080957,0.0,0.0,2.0534883e-07,-27.664783,2.2921562,0.7640521,0.120000005,0.0,0.18107197,16.780193,16.800194,2694400
hardzero_plus_depr__c0p50__z1p00__lam0p020__nu0p50__psi0p75,hardzero_plus_depr,0.06,33,842,0.0,2,0.22826694,0.22826694,1.0460777,0.0,0.089933656,0.0,0.0,2.022915e-07,-28.803007,2.3014169,0.76713896,0.17600001,0.0,0.14286998,16.800194,16.820194,2697600
hardzero_plus_depr__c0p50__z1p00__lam0p020__nu0p50__psi0p75,hardzero_plus_depr,0.06,33,843,0.0,2,0.22826694,0.22826695,0.97715205,0.10540179,0.10540179,1.0,2.1004439e-08,1.9927971e-07,-26.804407,2.1497774,0.7165925,0.18400002,0.0,0.14692812,16.820194,16.840195,2700800
hardzero_plus_depr__c0p50__z1p00__lam0p020__nu0p50__psi0p75,hardzero_plus_depr,0.06,33,844,0.0,2,0.22826695,0.22826695,1.0308317,0.0,0.09314686,0.0,0.0,1.9631277e-07,-27.352985,2.267875,0.7559583,0.224,0.0,0.18899687,16.840195,16.860195,2704000
hardzero_plus_depr__c0p50__z1p00__lam0p020__nu0p50__psi0p75,hardzero_plus_depr,0.06,33,845,0.0,2,0.22826695,0.22826697,0.9972054,0.10064556,0.10064556,1.0,1.946384e-08,1.9338997e-07,-26.644394,2.1938956,0.73129857,0.13,0.0,0.14826937,16.860195,16.880196,2707200
hardzero_plus_depr__c0p50__z1p00__lam0p020__nu0p50__psi0p75,hardzero_plus_depr,0.06,33,846,0.0,2,0.22826697,0.22826698,0.9949903,0.1011602,0.1011602,1.0,1.9272099e-08,1.9051069e-07,-27.046686,2.1890223,0.7296741,0.216,0.0,0.14251165,16.880196,16.900196,2710400
hardzero_plus_depr__c0p50__z1p00__lam0p020__nu0p50__psi0p75,hardzero_plus_depr,0.06,33,847,0.0,2,0.22826698,0.228267,0.96565235,0.10823,0.10823,1.0,2.0311992e-08,1.8767432e-07,-26.69922,2.1244776,0.7081592,0.104,0.0,0.13322116,16.900196,16.920197,2713600
hardzero_plus_depr__c0p50__z1p00__lam0p020__nu0p50__psi0p75,hardzero_plus_depr,0.06,33,848,0.0,2,0.228267,0.228267,1.0076226,0.0,0.09826014,0.0,0.0,1.8488014e-07,-26.74979,2.216814,0.73893803,0.2,0.0,0.16278535,16.920197,16.940197,2716800
hardzero_plus_depr__c0p50__z1p00__lam0p020__nu0p50__psi0p75,hardzero_plus_depr,0.06,33,849,0.0,2,0.228267,0.22826701,0.9797946,0.104762375,0.104762375,1.0,1.9080117e-08,1.8212758e-07,-26.134792,2.1555912,0.7185304,0.2,0.0,0.14209804,16.940197,16.960197,2720000
hardzero_plus_depr__c0p50__z1p00__lam0p020__nu0p50__psi0p75,hardzero_plus_depr,0.06,33,850,0.0,2,0.22826701,0.22826703,0.9914039,0.101999044,0.101999044,1.0,1.8300259e-08,1.7941598e-07,-27.264301,2.181132,0.72704405,0.17600001,0.0,0.15955368,16.960197,16.980198,2723200
hardzero_plus_depr__c0p50__z1p00__lam0p020__nu0p50__psi0p75,hardzero_plus_depr,0.06,33,851,0.0,2,0.22826703,0.22826704,0.99753445,0.10056934,0.10056934,1.0,1.7775104e-08,1.7674476e-07,-26.447872,2.1946197,0.7315399,0.192,0.0,0.18840256,16.980198,17.000198,2726400
hardzero_plus_depr__c0p50__z1p00__lam0p020__nu0p50__psi0p75,hardzero_plus_depr,0.06,33,852,0.0,2,0.22826704,0.22826704,1.062034,0.0,0.0866894,0.0,0.0,1.7411331e-07,-27.961954,2.3365214,0.7788405,0.17600001,0.0,0.16949375,17.000198,17.020199,2729600
hardzero_plus_depr__c0p50__z1p00__lam0p020__nu0p50__psi0p75,hardzero_plus_depr,0.06,33,853,0.0,2,0.22826704,0.22826706,0.97622114,0.10562794,0.10562794,1.0,1.8117415e-08,1.7152105e-07,-26.822958,2.1477294,0.71590984,0.17600001,0.0,0.13150716,17.020199,17.0402,2732800
hardzero_plus_depr__c0p50__z1p00__lam0p020__nu0p50__psi0p75,hardzero_plus_depr,0.06,33,854,0.0,2,0.22826706,0.22826707,0.9924518,0.101753235,0.101753235,1.0,1.7192978e-08,1.6896738e-07,-26.768702,2.1834376,0.7278125,0.16800001,0.0,0.14498821,17.0402,17.0602,2736000
hardzero_plus_depr__c0p50__z1p00__lam0p020__nu0p50__psi0p75,hardzero_plus_depr,0.06,33,855,0.0,2,0.22826707,0.22826709,0.96595246,0.10815522,0.10815522,1.0,1.8002622e-08,1.6645171e-07,-26.53133,2.1251378,0.70837927,0.224,0.0,0.14210899,17.0602,17.0802,2739200
hardzero_plus_depr__c0p50__z1p00__lam0p020__nu0p50__psi0p75,hardzero_plus_depr,0.06,33,856,0.0,2,0.22826709,0.2282671,0.9886681,0.10264362,0.10264362,1.0,1.6830835e-08,1.6397352e-07,-25.9107,2.1751132,0.72503775,0.14400001,0.0,0.12030817,17.0802,17.1002,2742400
hardzero_plus_depr__c0p50__z1p00__lam0p020__nu0p50__psi0p75,hardzero_plus_depr,0.06,33,857,0.0,2,0.2282671,0.2282671,1.0602055,0.0,0.087055154,0.0,0.0,1.6153221e-07,-27.387476,2.3324986,0.77749956,0.14400001,0.0,0.16712144,17.1002,17.120201,2745600
hardzero_plus_depr__c0p50__z1p00__lam0p020__nu0p50__psi0p75,hardzero_plus_depr,0.06,33,858,0.0,2,0.2282671,0.2282671,1.0113937,0.0,0.09741063,0.0,0.0,1.5912727e-07,-27.0147,2.2251105,0.7417035,0.12,0.0,0.13842799,17.120201,17.140202,2748800
hardzero_plus_depr__c0p50__z1p00__lam0p020__nu0p50__psi0p75,hardzero_plus_depr,0.06,33,859,0.0,2,0.2282671,0.22826712,0.9717859,0.106712185,0.106712185,1.0,1.6728e-08,1.567581e-07,-26.937948,2.1379716,0.7126572,0.192,0.0,0.1360571,17.140202,17.160202,2752000
hardzero_plus_depr__c0p50__z1p00__lam0p020__nu0p50__psi0p75,hardzero_plus_depr,0.06,33,860,0.0,2,0.22826712,0.22826712,1.0412906,0.0,0.090930454,0.0,0.0,1.5442423e-07,-27.396568,2.2908852,0.7636284,0.112,0.0,0.13180718,17.160202,17.180202,2755200
hardzero_plus_depr__c0p50__z1p00__lam0p020__nu0p50__psi0p75,hardzero_plus_depr,0.06,33,861,0.0,2,0.22826712,0.22826713,0.97704846,0.105426915,0.105426915,1.0,1.603808e-08,1.521251e-07,-26.154797,2.1495495,0.7165165,0.16000001,0.0,0.15943307,17.180202,17.200203,2758400
hardzero_plus_depr__c0p50__z1p00__lam0p020__nu0p50__psi0p75,hardzero_plus_depr,0.06,33,862,0.0,2,0.22826713,0.22826715,0.99959934,0.100092284,0.100092284,1.0,1.499985e-08,1.4986021e-07,-26.973526,2.1991625,0.73305416,0.16000001,0.0,0.15063344,17.200203,17.220203,2761600
hardzero_plus_depr__c0p50__z1p00__lam0p020__nu0p50__psi0p75,hardzero_plus_depr,0.06,33,863,0.0,2,0.22826715,0.22826716,0.9747848,0.10597788,0.10597788,1.0,1.5645412e-08,1.4762904e-07,-26.443354,2.1445694,0.7148565,0.17600001,0.0,0.14638346,17.220203,17.240204,2764800
hardzero_plus_depr__c0p50__z1p00__lam0p020__nu0p50__psi0p75,hardzero_plus_depr,0.06,33,864,0.0,2,0.22826716,0.22826718,0.9756856,0.10575828,0.10575828,1.0,1.5380538e-08,1.4543106e-07,-26.823889,2.1465511,0.71551704,0.14400001,0.0,0.14496447,17.240204,17.260204,2768000
hardzero_plus_depr__c0p50__z1p00__lam0p020__nu0p50__psi0p75,hardzero_plus_depr,0.06,33,865,0.0,2,0.22826718,0.22826718,1.0000206,0.0,0.09999525,0.0,0.0,1.4326584e-07,-26.356241,2.2000892,0.7333631,0.128,0.0,0.13927081,17.260204,17.280205,2771200
hardzero_plus_depr__c0p50__z1p00__lam0p020__nu0p50__psi0p75,hardzero_plus_depr,0.06,33,866,0.0,2,0.22826718,0.2282672,0.9837065,0.103823,0.103823,1.0,1.4652834e-08,1.4113283e-07,-26.073158,2.1641974,0.7213992,0.2,0.0,0.14455517,17.280205,17.300205,2774400
hardzero_plus_depr__c0p50__z1p00__lam0p020__nu0p50__psi0p75,hardzero_plus_depr,0.06,33,867,0.0,2,0.2282672,0.22826721,0.9607508,0.10945841,0.10945841,1.0,1.5218177e-08,1.390316e-07,-26.10207,2.113694,0.7045647,0.208,0.0,0.14075594,17.300205,17.320206,2777600
hardzero_plus_depr__c0p50__z1p00__lam0p020__nu0p50__psi0p75,hardzero_plus_depr,0.06,33,868,0.0,2,0.22826721,0.22826721,1.022446,0.0,0.094962895,0.0,0.0,1.3696163e-07,-26.819372,2.2494261,0.7498087,0.128,0.0,0.11900493,17.320206,17.340206,2780800
hardzero_plus_depr__c0p50__z1p00__lam0p020__nu0p50__psi0p75,hardzero_plus_depr,0.06,33,869,0.0,2,0.22826721,0.22826721,1.0714616,0.0,0.08482785,0.0,0.0,1.3492249e-07,-28.179853,2.3572626,0.7857542,0.120000005,0.0,0.19320771,17.340206,17.360207,2784000
hardzero_plus_depr__c0p50__z1p00__lam0p020__nu0p50__psi0p75,hardzero_plus_depr,0.06,33,870,0.0,2,0.22826721,0.22826721,1.0223975,0.0,0.09497352,0.0,0.0,1.3291371e-07,-27.080053,2.2493196,0.7497732,0.15200001,0.0,0.12114871,17.360207,17.380207,2787200
hardzero_plus_depr__c0p50__z1p00__lam0p020__nu0p50__psi0p75,hardzero_plus_depr,0.06,33,871,0.0,2,0.22826721,0.22826721,1.0143076,0.0,0.09675922,0.0,0.0,1.3093485e-07,-26.939898,2.2315214,0.74384046,0.16,0.0,0.13292255,17.380207,17.400208,2790400
hardzero_plus_depr__c0p50__z1p00__lam0p020__nu0p50__psi0p75,hardzero_plus_depr,0.06,33,872,0.0,2,0.22826721,0.22826722,0.98186517,0.10426412,0.10426412,1.0,1.34485525e-08,1.2898543e-07,-26.867105,2.1601465,0.72004884,0.208,0.0,0.13789754,17.400208,17.420208,2793600
hardzero_plus_depr__c0p50__z1p00__lam0p020__nu0p50__psi0p75,hardzero_plus_depr,0.06,33,873,0.0,2,0.22826722,0.22826722,1.0013198,0.0,0.09969657,0.0,0.0,1.2706505e-07,-26.22482,2.2029474,0.7343158,0.16000001,0.0,0.1376379,17.420208,17.440208,2796800
hardzero_plus_depr__c0p50__z1p00__lam0p020__nu0p50__psi0p75,hardzero_plus_depr,0.06,33,874,0.0,2,0.22826722,0.22826722,1.10423,0.0,0.078662895,0.0,0.0,1.2517324e-07,-28.15509,2.4293547,0.8097849,0.136,0.0,0.14587359,17.440208,17.460209,2800000
hardzero_plus_depr__c0p50__z1p00__lam0p020__nu0p50__psi0p75,hardzero_plus_depr,0.06,33,875,0.0,2,0.22826722,0.22826722,1.0512856,0.0,0.08886165,0.0,0.0,1.2330962e-07,-28.026047,2.3128746,0.7709582,0.104,0.0,0.15918124,17.460209,17.48021,2803200
hardzero_plus_depr__c0p50__z1p00__lam0p020__nu0p50__psi0p75,hardzero_plus_depr,0.06,33,876,0.0,2,0.22826722,0.22826724,0.9602871,0.10957535,0.10957535,1.0,1.3310529e-08,1.2147375e-07,-26.903923,2.1126738,0.7042246,0.192,0.0,0.1530781,17.48021,17.50021,2806400
hardzero_plus_depr__c0p50__z1p00__lam0p020__nu0p50__psi0p75,hardzero_plus_depr,0.06,33,877,0.0,2,0.22826724,0.22826724,1.0351562,0.0,0.09222395,0.0,0.0,1.196652e-07,-27.004896,2.2773893,0.75912976,0.112,0.0,0.17498203,17.50021,17.52021,2809600
hardzero_plus_depr__c0p50__z1p00__lam0p020__nu0p50__psi0p75,hardzero_plus_depr,0.06,33,878,0.0,2,0.22826724,0.22826724,1.0154935,0.0,0.096495375,0.0,0.0,1.17883566e-07,-27.312,2.2341304,0.74471015,0.15200001,0.0,0.14927432,17.52021,17.54021,2812800
hardzero_plus_depr__c0p50__z1p00__lam0p020__nu0p50__psi0p75,hardzero_plus_depr,0.06,33,879,0.0,2,0.22826724,0.22826725,0.931386,0.117115386,0.117115386,1.0,1.3600428e-08,1.16128454e-07,-26.387579,2.0490901,0.68303007,0.216,0.0,0.15073265,17.54021,17.560211,2816000
hardzero_plus_depr__c0p50__z1p00__lam0p020__nu0p50__psi0p75,hardzero_plus_depr,0.06,33,880,0.0,2,0.22826725,0.22826727,0.9618774,0.10917485,0.10917485,1.0,1.2489548e-08,1.143995e-07,-26.634983,2.1161726,0.7053909,0.16000001,0.0,0.11494989,17.560211,17.580212,2819200
hardzero_plus_depr__c0p50__z1p00__lam0p020__nu0p50__psi0p75,hardzero_plus_depr,0.06,33,881,0.0,2,0.22826727,0.22826727,1.002521,0.0,0.09942117,0.0,0.0,1.1269628e-07,-27.008636,2.2055902,0.73519677,0.16000001,0.0,0.14318556,17.580212,17.600212,2822400
hardzero_plus_depr__c0p50__z1p00__lam0p020__nu0p50__psi0p75,hardzero_plus_depr,0.06,33,882,0.0,2,0.22826727,0.22826728,0.9541714,0.111129306,0.111129306,1.0,1.2337399e-08,1.1101841e-07,-26.04084,2.099219,0.6997397,0.24800001,0.0,0.14503263,17.600212,17.620213,2825600
hardzero_plus_depr__c0p50__z1p00__lam0p020__nu0p50__psi0p75,hardzero_plus_depr,0.06,33,883,0.0,2,0.22826728,0.2282673,0.9795452,0.10482256,0.10482256,1.0,1.1463974e-08,1.0936552e-07,-26.770697,2.1550424,0.7183475,0.16800001,0.0,0.13002956,17.620213,17.640213,2828800
hardzero_plus_depr__c0p50__z1p00__lam0p020__nu0p50__psi0p75,hardzero_plus_depr,0.06,33,884,0.0,2,0.2282673,0.22826731,0.962969,0.108900785,0.108900785,1.0,1.1732671e-08,1.0773725e-07,-25.780504,2.1185741,0.7061914,0.21,0.0,0.13544627,17.640213,17.660213,2832000
hardzero_plus_depr__c0p50__z1p00__lam0p020__nu0p50__psi0p75,hardzero_plus_depr,0.06,33,885,0.0,2,0.22826731,0.22826733,0.9590995,0.10987542,0.10987542,1.0,1.1661431e-08,1.0613321e-07,-26.058065,2.110061,0.70335364,0.224,0.0,0.13429372,17.660213,17.680214,2835200
hardzero_plus_depr__c0p50__z1p00__lam0p020__nu0p50__psi0p75,hardzero_plus_depr,0.06,33,886,0.0,2,0.22826733,0.22826733,1.0290196,0.0,0.09353634,0.0,0.0,1.0455306e-07,-27.114431,2.2638884,0.7546295,0.136,0.0,0.13901357,17.680214,17.700214,2838400
hardzero_plus_depr__c0p50__z1p00__lam0p020__nu0p50__psi0p75,hardzero_plus_depr,0.06,33,887,0.0,2,0.22826733,0.22826734,0.9951316,0.101127304,0.101127304,1.0,1.0415752e-08,1.0299643e-07,-26.50297,2.1893332,0.72977775,0.192,0.0,0.13048474,17.700214,17.720215,2841600
hardzero_plus_depr__c0p50__z1p00__lam0p020__nu0p50__psi0p75,hardzero_plus_depr,0.06,33,888,0.0,2,0.22826734,0.22826734,1.001215,0.0,0.09972062,0.0,0.0,1.0146297e-07,-27.052391,2.202717,0.73423904,0.2,0.008,0.14937074,17.720215,17.740215,2844800
hardzero_plus_depr__c0p50__z1p00__lam0p020__nu0p50__psi0p75,hardzero_plus_depr,0.06,33,889,0.0,2,0.22826734,0.22826736,0.99311274,0.10159848,0.10159848,1.0,1.0155008e-08,9.9952366e-08,-26.83691,2.1848917,0.72829723,0.18400002,0.0,0.13014925,17.740215,17.760216,2848000
hardzero_plus_depr__c0p50__z1p00__lam0p020__nu0p50__psi0p75,hardzero_plus_depr,0.06,33,890,0.0,2,0.22826736,0.22826736,1.0813086,0.0,0.08292612,0.0,0.0,9.846422e-08,-29.34565,2.3789265,0.79297554,0.14400001,0.0,0.18931267,17.760216,17.780216,2851200
hardzero_plus_depr__c0p50__z1p00__lam0p020__nu0p50__psi0p75,hardzero_plus_depr,0.06,33,891,0.0,2,0.22826736,0.22826737,0.95084536,0.11198366,0.11198366,1.0,1.0862219e-08,9.699825e-08,-25.88677,2.0919015,0.69730055,0.24800001,0.0,0.12215079,17.780216,17.800217,2854400
hardzero_plus_depr__c0p50__z1p00__lam0p020__nu0p50__psi0p75,hardzero_plus_depr,0.06,33,892,0.0,2,0.22826737,0.22826737,1.0015225,0.0,0.09965004,0.0,0.0,9.55541e-08,-26.21223,2.2033937,0.7344646,0.16800001,0.0,0.1320077,17.800217,17.820217,2857600
hardzero_plus_depr__c0p50__z1p00__lam0p020__nu0p50__psi0p75,hardzero_plus_depr,0.06,33,893,0.0,2,0.22826737,0.22826739,0.99343324,0.10152354,0.10152354,1.0,9.556559e-09,9.413146e-08,-26.411968,2.1855967,0.72853225,0.14400001,0.0,0.15824585,17.820217,17.840218,2860800
hardzero_plus_depr__c0p50__z1p00__lam0p020__nu0p50__psi0p75,hardzero_plus_depr,0.06,33,894,0.0,2,0.22826739,0.22826739,1.0551591,0.0,0.08807263,0.0,0.0,9.272999e-08,-27.810278,2.3213964,0.7737988,0.18400002,0.0,0.17732775,17.840218,17.860218,2864000
hardzero_plus_depr__c0p50__z1p00__lam0p020__nu0p50__psi0p75,hardzero_plus_depr,0.06,33,895,0.0,2,0.22826739,0.22826739,1.0292007,0.0,0.09349734,0.0,0.0,9.1349385e-08,-27.536566,2.2642868,0.7547623,0.128,0.0,0.16336581,17.860218,17.880219,2867200
hardzero_plus_depr__c0p50__z1p00__lam0p020__nu0p50__psi0p75,hardzero_plus_depr,0.06,33,896,0.0,2,0.22826739,0.22826739,1.0109574,0.0,0.09750854,0.0,0.0,8.998934e-08,-27.628025,2.2241507,0.74138355,0.18400002,0.0,0.16586217,17.880219,17.900219,2870400
hardzero_plus_depr__c0p50__z1p00__lam0p020__nu0p50__psi0p75,hardzero_plus_depr,0.06,33,897,0.0,2,0.22826739,0.2282674,0.9923744,0.101771355,0.101771355,1.0,9.021984e-09,8.864954e-08,-27.283339,2.1832674,0.7277558,0.22999999,0.0,0.15147303,17.900219,17.92022,2873600
hardzero_plus_depr__c0p50__z1p00__lam0p020__nu0p50__psi0p75,hardzero_plus_depr,0.06,33,898,0.0,2,0.2282674,0.2282674,1.0464827,0.0,0.08984984,0.0,0.0,8.7329695e-08,-27.530325,2.3023078,0.76743597,0.17600001,0.0,0.15098707,17.92022,17.94022,2876800
hardzero_plus_depr__c0p50__z1p00__lam0p020__nu0p50__psi0p75,hardzero_plus_depr,0.06,33,899,0.0,2,0.2282674,0.2282674,1.0187217,0.0,0.09578077,0.0,0.0,8.6029495e-08,-27.546646,2.2412324,0.74707747,0.064,0.0,0.17752504,17.94022,17.96022,2880000
hardzero_plus_depr__c0p50__z1p00__lam0p020__nu0p50__psi0p75,hardzero_plus_depr,0.06,33,900,0.0,2,0.2282674,0.2282674,1.0131096,0.0,0.097026505,0.0,0.0,8.474865e-08,-27.524092,2.2288857,0.7429619,0.2,0.0,0.1493863,17.96022,17.98022,2883200
hardzero_plus_depr__c0p50__z1p00__lam0p020__nu0p50__psi0p75,hardzero_plus_depr,0.06,33,901,0.0,2,0.2282674,0.2282674,1.0422698,0.0,0.09072567,0.0,0.0,8.3486874e-08,-27.42003,2.2930393,0.7643465,0.128,0.0,0.14166431,17.98022,18.000221,2886400
hardzero_plus_depr__c0p50__z1p00__lam0p020__nu0p50__psi0p75,hardzero_plus_depr,0.06,33,902,0.0,2,0.2282674,0.2282674,1.0521423,0.0,0.08868653,0.0,0.0,8.22439e-08,-28.737167,2.3147593,0.7715864,0.17600001,0.0,0.16958654,18.000221,18.020222,2889600
hardzero_plus_depr__c0p50__z1p00__lam0p020__nu0p50__psi0p75,hardzero_plus_depr,0.06,33,903,0.0,2,0.2282674,0.22826742,0.97785383,0.1052316,0.1052316,1.0,8.525802e-09,8.1019415e-08,-27.164318,2.1513214,0.7171072,0.192,0.0,0.14723977,18.020222,18.040222,2892800
hardzero_plus_depr__c0p50__z1p00__lam0p020__nu0p50__psi0p75,hardzero_plus_depr,0.06,33,904,0.0,2,0.22826742,0.22826743,0.9772225,0.10538468,0.10538468,1.0,8.411083e-09,7.9813155e-08,-27.251799,2.1499324,0.71664417,0.208,0.0,0.14224814,18.040222,18.060223,2896000
hardzero_plus_depr__c0p50__z1p00__lam0p020__nu0p50__psi0p75,hardzero_plus_depr,0.06,33,905,0.0,2,0.22826743,0.22826743,1.0251203,0.0,0.09437995,0.0,0.0,7.862488e-08,-27.081158,2.2553096,0.7517699,0.16000001,0.0,0.16841835,18.060223,18.080223,2899200
hardzero_plus_depr__c0p50__z1p00__lam0p020__nu0p50__psi0p75,hardzero_plus_depr,0.06,33,906,0.0,2,0.22826743,0.22826745,0.95905846,0.1098858,0.1098858,1.0,8.511124e-09,7.7454274e-08,-25.86782,2.1099708,0.7033236,0.192,0.0,0.1448172,18.080223,18.100224,2902400
hardzero_plus_depr__c0p50__z1p00__lam0p020__nu0p50__psi0p75,hardzero_plus_depr,0.06,33,907,0.0,2,0.22826745,0.22826746,0.9931461,0.10159068,0.10159068,1.0,7.751481e-09,7.6301106e-08,-26.976171,2.1849651,0.72832173,0.16800001,0.0,0.12619548,18.100224,18.120224,2905600
hardzero_plus_depr__c0p50__z1p00__lam0p020__nu0p50__psi0p75,hardzero_plus_depr,0.06,33,908,0.0,2,0.22826746,0.22826746,1.0416493,0.0,0.09085537,0.0,0.0,7.5165104e-08,-27.764029,2.2916744,0.76389146,0.128,0.0,0.13144715,18.120224,18.140224,2908800
hardzero_plus_depr__c0p50__z1p00__lam0p020__nu0p50__psi0p75,hardzero_plus_depr,0.06,33,909,0.0,2,0.22826746,0.22826746,1.0094005,0.0,0.09785872,0.0,0.0,7.4046014e-08,-27.090027,2.2207253,0.74024177,0.15200001,0.0,0.14448749,18.140224,18.160225,2912000
hardzero_plus_depr__c0p50__z1p00__lam0p020__nu0p50__psi0p75,hardzero_plus_depr,0.06,33,910,0.0,2,0.22826746,0.22826748,0.96294594,0.108906575,0.108906575,1.0,7.9440365e-09,7.294359e-08,-26.257814,2.1185234,0.7061745,0.13,0.0,0.16041344,18.160225,18.180225,2915200
hardzero_plus_depr__c0p50__z1p00__lam0p020__nu0p50__psi0p75,hardzero_plus_depr,0.06,33,911,0.0,2,0.22826748,0.22826748,1.0419891,0.0,0.090784326,0.0,0.0,7.185758e-08,-27.818802,2.2924218,0.7641406,0.136,0.0,0.14807022,18.180225,18.200226,2918400
hardzero_plus_depr__c0p50__z1p00__lam0p020__nu0p50__psi0p75,hardzero_plus_depr,0.06,33,912,0.0,2,0.22826748,0.22826748,0.9832307,0.10393677,0.10393677,1.0,7.3574484e-09,7.0787735e-08,-26.77097,2.1631508,0.72105026,0.24000001,0.0,0.12311501,18.200226,18.220226,2921600
hardzero_plus_depr__c0p50__z1p00__lam0p020__nu0p50__psi0p75,hardzero_plus_depr,0.06,33,913,0.0,2,0.22826748,0.22826748,1.0673486,0.0,0.08563502,0.0,0.0,6.9733815e-08,-28.017696,2.348214,0.782738,0.128,0.0,0.15598811,18.220226,18.240227,2924800
hardzero_plus_depr__c0p50__z1p00__lam0p020__nu0p50__psi0p75,hardzero_plus_depr,0.06,33,914,0.0,2,0.22826748,0.22826749,0.9632262,0.10883631,0.10883631,1.0,7.476575e-09,6.869559e-08,-26.261255,2.11914,0.70638,0.16800001,0.008,0.15250213,18.240227,18.260227,2928000
hardzero_plus_depr__c0p50__z1p00__lam0p020__nu0p50__psi0p75,hardzero_plus_depr,0.06,33,915,0.0,2,0.22826749,0.22826749,0.9789783,0.10495947,0.10495947,1.0,7.1029036e-09,6.767282e-08,-26.337124,2.1537952,0.71793175,0.2,0.0,0.14496554,18.260227,18.280228,2931200
hardzero_plus_depr__c0p50__z1p00__lam0p020__nu0p50__psi0p75,hardzero_plus_depr,0.06,33,916,0.0,2,0.22826749,0.22826749,1.0019348,0.0,0.0995555,0.0,0.0,6.666529e-08,-27.89084,2.2043004,0.73476684,0.136,0.0,0.14289203,18.280228,18.300228,2934400
hardzero_plus_depr__c0p50__z1p00__lam0p020__nu0p50__psi0p75,hardzero_plus_depr,0.06,33,917,0.0,2,0.22826749,0.22826749,0.9677878,0.107699126,0.107699126,1.0,7.072898e-09,6.567275e-08,-26.241116,2.1291757,0.70972526,0.16000001,0.0,0.14249548,18.300228,18.320229,2937600
hardzero_plus_depr__c0p50__z1p00__lam0p020__nu0p50__psi0p75,hardzero_plus_depr,0.06,33,918,0.0,2,0.22826749,0.22826749,0.9619407,0.10915894,0.10915894,1.0,7.0620354e-09,6.469498e-08,-26.588024,2.1163118,0.7054373,0.14400001,0.0,0.14023128,18.320229,18.340229,2940800
hardzero_plus_depr__c0p50__z1p00__lam0p020__nu0p50__psi0p75,hardzero_plus_depr,0.06,33,919,0.0,2,0.22826749,0.22826749,0.9895644,0.102431975,0.102431975,1.0,6.5281722e-09,6.373178e-08,-27.122314,2.1770852,0.7256951,0.16000001,0.0,0.16136213,18.340229,18.36023,2944000
hardzero_plus_depr__c0p50__z1p00__lam0p020__nu0p50__psi0p75,hardzero_plus_depr,0.06,33,920,0.0,2,0.22826749,0.22826749,1.0061209,0.0,0.0986005,0.0,0.0,6.278292e-08,-27.358732,2.2135103,0.7378368,0.16800001,0.0,0.12879324,18.36023,18.38023,2947200
hardzero_plus_depr__c0p50__z1p00__lam0p020__nu0p50__psi0p75,hardzero_plus_depr,0.06,33,921,0.0,2,0.22826749,0.22826749,0.9778244,0.10523872,0.10523872,1.0,6.508823e-09,6.1848176e-08,-26.803844,2.1512566,0.71708554,0.18400002,0.0,0.13880685,18.38023,18.40023,2950400
hardzero_plus_depr__c0p50__z1p00__lam0p020__nu0p50__psi0p75,hardzero_plus_depr,0.06,33,922,0.0,2,0.22826749,0.22826749,1.0321839,0.0,0.0928573,0.0,0.0,6.092736e-08,-26.814451,2.27085,0.75695,0.14400001,0.0,0.1529514,18.40023,18.42023,2953600
hardzero_plus_depr__c0p50__z1p00__lam0p020__nu0p50__psi0p75,hardzero_plus_depr,0.06,33,923,0.0,2,0.22826749,0.22826749,0.9253743,0.11874781,0.11874781,1.0,7.127272e-09,6.002024e-08,-25.759102,2.035864,0.6786214,0.28,0.0,0.121648535,18.42023,18.440231,2956800
hardzero_plus_depr__c0p50__z1p00__lam0p020__nu0p50__psi0p75,hardzero_plus_depr,0.06,33,924,0.0,2,0.22826749,0.22826749,0.9903702,0.102242105,0.102242105,1.0,6.045232e-09,5.9126638e-08,-26.575285,2.178858,0.72628605,0.192,0.0,0.14199972,18.440231,18.460232,2960000
hardzero_plus_depr__c0p50__z1p00__lam0p020__nu0p50__psi0p75,hardzero_plus_depr,0.06,33,925,0.0,2,0.22826749,0.22826749,0.9526121,0.111529015,0.111529015,1.0,6.496157e-09,5.824634e-08,-26.056599,2.0957885,0.6985962,0.16000001,0.0,0.117533766,18.460232,18.480232,2963200
hardzero_plus_depr__c0p50__z1p00__lam0p020__nu0p50__psi0p75,hardzero_plus_depr,0.06,33,926,0.0,2,0.22826749,0.22826749,0.96899265,0.10740075,0.10740075,1.0,6.1625633e-09,5.7379147e-08,-25.752974,2.1318264,0.71060884,0.208,0.0,0.15677017,18.480232,18.500233,2966400
hardzero_plus_depr__c0p50__z1p00__lam0p020__nu0p50__psi0p75,hardzero_plus_depr,0.06,33,927,0.0,2,0.22826749,0.22826749,0.94402194,0.113756984,0.113756984,1.0,6.430098e-09,5.652486e-08,-25.937338,2.0768898,0.6922966,0.18400002,0.0,0.113157,18.500233,18.520233,2969600
hardzero_plus_depr__c0p50__z1p00__lam0p020__nu0p50__psi0p75,hardzero_plus_depr,0.06,33,928,0.0,2,0.22826749,0.22826749,0.9804855,0.10459586,0.10459586,1.0,5.8242424e-09,5.5683298e-08,-26.87715,2.1571112,0.71903706,0.128,0.0,0.14443941,18.520233,18.540234,2972800
hardzero_plus_depr__c0p50__z1p00__lam0p020__nu0p50__psi0p75,hardzero_plus_depr,0.06,33,929,0.0,2,0.22826749,0.22826749,1.0427041,0.0,0.090634994,0.0,0.0,5.4854265e-08,-28.084557,2.293995,0.764665,0.16000001,0.0,0.14315696,18.540234,18.560234,2976000
hardzero_plus_depr__c0p50__z1p00__lam0p020__nu0p50__psi0p75,hardzero_plus_depr,0.06,33,930,0.0,2,0.22826749,0.22826749,0.9925721,0.10172503,0.10172503,1.0,5.496973e-09,5.4037567e-08,-26.90986,2.1837022,0.72790074,0.128,0.0,0.12985952,18.560234,18.580235,2979200
hardzero_plus_depr__c0p50__z1p00__lam0p020__nu0p50__psi0p75,hardzero_plus_depr,0.06,33,931,0.0,2,0.22826749,0.22826749,1.012454,0.0,0.09717308,0.0,0.0,5.3233038e-08,-27.684072,2.2274435,0.7424812,0.24800001,0.0,0.14845824,18.580235,18.600235,2982400
hardzero_plus_depr__c0p50__z1p00__lam0p020__nu0p50__psi0p75,hardzero_plus_depr,0.06,33,932,0.0,2,0.22826749,0.22826749,0.9985022,0.10034547,0.10034547,1.0,5.262165e-09,5.2440484e-08,-27.332888,2.1967487,0.7322496,0.120000005,0.0,0.14151311,18.600235,18.620235,2985600
hardzero_plus_depr__c0p50__z1p00__lam0p020__nu0p50__psi0p75,hardzero_plus_depr,0.06,33,933,0.0,2,0.22826749,0.22826749,1.0032371,0.0,0.0992574,0.0,0.0,5.1659725e-08,-27.107378,2.2071657,0.73572195,0.112,0.0,0.14505282,18.620235,18.640236,2988800
hardzero_plus_depr__c0p50__z1p00__lam0p020__nu0p50__psi0p75,hardzero_plus_depr,0.06,33,934,0.0,2,0.22826749,0.22826749,0.9716328,0.106749825,0.106749825,1.0,5.432562e-09,5.0890595e-08,-26.270489,2.1376348,0.7125449,0.17600001,0.0,0.13346642,18.640236,18.660236,2992000
hardzero_plus_depr__c0p50__z1p00__lam0p020__nu0p50__psi0p75,hardzero_plus_depr,0.06,33,935,0.0,2,0.22826749,0.22826749,0.93785334,0.115384266,0.115384266,1.0,5.78455e-09,5.013292e-08,-25.293562,2.0633185,0.68777287,0.16800001,0.0,0.11960185,18.660236,18.680237,2995200
hardzero_plus_depr__c0p50__z1p00__lam0p020__nu0p50__psi0p75,hardzero_plus_depr,0.06,33,936,0.0,2,0.22826749,0.22826749,1.0030625,0.0,0.0992973,0.0,0.0,4.9386518e-08,-26.896545,2.2067816,0.7355939,0.16,0.0,0.13897118,18.680237,18.700237,2998400
hardzero_plus_depr__c0p50__z1p00__lam0p020__nu0p50__psi0p75,hardzero_plus_depr,0.06,33,937,0.0,2,0.22826749,0.22826749,0.99910766,0.10020568,0.10020568,1.0,4.87513e-09,4.8651234e-08,-26.195608,2.1980808,0.7326936,0.17600001,0.0,0.14197429,18.700237,18.720238,3001600
hardzero_plus_depr__c0p50__z1p00__lam0p020__nu0p50__psi0p75,hardzero_plus_depr,0.06,33,938,0.0,2,0.22826749,0.22826749,0.9866021,0.103133045,0.103133045,1.0,4.9428466e-09,4.7926893e-08,-26.50835,2.170568,0.72352266,0.128,0.0,0.14067024,18.720238,18.740238,3004800
hardzero_plus_depr__c0p50__z1p00__lam0p020__nu0p50__psi0p75,hardzero_plus_depr,0.06,33,939,0.0,2,0.22826749,0.22826749,0.97086203,0.10693946,0.10693946,1.0,5.048969e-09,4.7213337e-08,-26.131767,2.1359391,0.71197975,0.192,0.0,0.11752682,18.740238,18.760239,3008000
hardzero_plus_depr__c0p50__z1p00__lam0p020__nu0p50__psi0p75,hardzero_plus_depr,0.06,33,940,0.0,2,0.22826749,0.22826749,0.99724936,0.100635365,0.100635365,1.0,4.680592e-09,4.6510408e-08,-27.440697,2.1939924,0.7313308,0.120000005,0.0,0.12216535,18.760239,18.78024,3011200
hardzero_plus_depr__c0p50__z1p00__lam0p020__nu0p50__psi0p75,hardzero_plus_depr,0.06,33,941,0.0,2,0.22826749,0.22826749,1.0368066,0.0,0.09187418,0.0,0.0,4.581794e-08,-27.679531,2.28102,0.76034,0.15200001,0.0,0.1443205,18.78024,18.80024,3014400
hardzero_plus_depr__c0p50__z1p00__lam0p020__nu0p50__psi0p75,hardzero_plus_depr,0.06,33,942,0.0,2,0.22826749,0.22826749,1.0139742,0.0,0.096833535,0.0,0.0,4.513579e-08,-26.741545,2.2307878,0.74359596,0.14400001,0.0,0.14704753,18.80024,18.82024,3017600
hardzero_plus_depr__c0p50__z1p00__lam0p020__nu0p50__psi0p75,hardzero_plus_depr,0.06,33,943,0.0,2,0.22826749,0.22826749,0.9820405,0.104222015,0.104222015,1.0,4.634105e-09,4.4463786e-08,-26.9101,2.1605322,0.7201774,0.14400001,0.0,0.16690958,18.82024,18.84024,3020800
hardzero_plus_depr__c0p50__z1p00__lam0p020__nu0p50__psi0p75,hardzero_plus_depr,0.06,33,944,0.0,2,0.22826749,0.22826749,0.9454236,0.11339042,0.11339042,1.0,4.9667035e-09,4.380179e-08,-26.048555,2.0799735,0.6933245,0.216,0.0,0.1518829,18.84024,18.86024,3024000
hardzero_plus_depr__c0p50__z1p00__lam0p020__nu0p50__psi0p75,hardzero_plus_depr,0.06,33,945,0.0,2,0.22826749,0.22826749,0.96814877,0.107609645,0.107609645,1.0,4.643319e-09,4.3149655e-08,-25.69498,2.1299698,0.70998996,0.2,0.0,0.14501862,18.86024,18.880241,3027200
hardzero_plus_depr__c0p50__z1p00__lam0p020__nu0p50__psi0p75,hardzero_plus_depr,0.06,33,946,0.0,2,0.22826749,0.22826749,1.0075948,0.0,0.09826642,0.0,0.0,4.2507228e-08,-27.418734,2.2167528,0.7389176,0.120000005,0.0,0.14838557,18.880241,18.900242,3030400
hardzero_plus_depr__c0p50__z1p00__lam0p020__nu0p50__psi0p75,hardzero_plus_depr,0.06,33,947,0.0,2,0.22826749,0.22826749,0.99740756,0.10059871,0.10059871,1.0,4.212507e-09,4.187436e-08,-27.49896,2.1943405,0.73144686,0.16000001,0.0,0.14666182,18.900242,18.920242,3033600
hardzero_plus_depr__c0p50__z1p00__lam0p020__nu0p50__psi0p75,hardzero_plus_depr,0.06,33,948,0.0,2,0.22826749,0.22826749,0.97845834,0.105085224,0.105085224,1.0,4.334862e-09,4.1250917e-08,-26.624096,2.1526513,0.71755046,0.23200001,0.0,0.15016343,18.920242,18.940243,3036800
hardzero_plus_depr__c0p50__z1p00__lam0p020__nu0p50__psi0p75,hardzero_plus_depr,0.06,33,949,0.0,2,0.22826749,0.22826749,1.0067074,0.0,0.09846741,0.0,0.0,4.0636756e-08,-27.118217,2.2148006,0.7382669,0.17,0.0,0.12683426,18.940243,18.960243,3040000
hardzero_plus_depr__c0p50__z1p00__lam0p020__nu0p50__psi0p75,hardzero_plus_depr,0.06,33,950,0.0,2,0.22826749,0.22826749,0.991574,0.101959094,0.101959094,1.0,4.0816004e-09,4.0031743e-08,-26.330364,2.1815064,0.7271688,0.16800001,0.0,0.1390859,18.960243,18.980244,3043200
hardzero_plus_depr__c0p50__z1p00__lam0p020__nu0p50__psi0p75,hardzero_plus_depr,0.06,33,951,0.0,2,0.22826749,0.22826749,0.9925441,0.1017316,0.1017316,1.0,4.0118606e-09,3.9435736e-08,-26.862925,2.1836407,0.72788024,0.16800001,0.0,0.17866446,18.980244,19.000244,3046400
hardzero_plus_depr__c0p50__z1p00__lam0p020__nu0p50__psi0p75,hardzero_plus_depr,0.06,33,952,0.0,2,0.22826749,0.22826749,0.9626499,0.108980834,0.108980834,1.0,4.233753e-09,3.88486e-08,-26.205292,2.117872,0.70595735,0.16800001,0.0,0.13221027,19.000244,19.020245,3049600
hardzero_plus_depr__c0p50__z1p00__lam0p020__nu0p50__psi0p75,hardzero_plus_depr,0.06,33,953,0.0,2,0.22826749,0.22826749,1.0174842,0.0,0.09605407,0.0,0.0,3.8270205e-08,-27.71799,2.23851,0.74617,0.14400001,0.0,0.17951073,19.020245,19.040245,3052800
hardzero_plus_depr__c0p50__z1p00__lam0p020__nu0p50__psi0p75,hardzero_plus_depr,0.06,33,954,0.0,2,0.22826749,0.22826749,1.0477492,0.0,0.08958821,0.0,0.0,3.7700424e-08,-28.128408,2.3050942,0.7683648,0.14400001,0.0,0.16696604,19.040245,19.060246,3056000
hardzero_plus_depr__c0p50__z1p00__lam0p020__nu0p50__psi0p75,hardzero_plus_depr,0.06,33,955,0.0,2,0.22826749,0.22826749,1.00671,0.0,0.09846683,0.0,0.0,3.7139124e-08,-27.604424,2.2148063,0.7382688,0.16800001,0.0,0.15179701,19.060246,19.080246,3059200
hardzero_plus_depr__c0p50__z1p00__lam0p020__nu0p50__psi0p75,hardzero_plus_depr,0.06,33,956,0.0,2,0.22826749,0.22826749,0.9875026,0.102919444,0.102919444,1.0,3.7654297e-09,3.6586183e-08,-26.010008,2.172549,0.724183,0.16800001,0.0,0.14212011,19.080246,19.100246,3062400
hardzero_plus_depr__c0p50__z1p00__lam0p020__nu0p50__psi0p75,hardzero_plus_depr,0.06,33,957,0.0,2,0.22826749,0.22826749,0.9766634,0.10552044,0.10552044,1.0,3.803112e-09,3.6041474e-08,-26.76994,2.1487024,0.71623415,0.16000001,0.0,0.13186641,19.100246,19.120247,3065600
hardzero_plus_depr__c0p50__z1p00__lam0p020__nu0p50__psi0p75,hardzero_plus_depr,0.06,33,958,0.0,2,0.22826749,0.22826749,0.9671807,0.10784978,0.10784978,1.0,3.8291925e-09,3.5504872e-08,-27.09143,2.12784,0.70928,0.24000001,0.0,0.13987453,19.120247,19.140247,3068800
hardzero_plus_depr__c0p50__z1p00__lam0p020__nu0p50__psi0p75,hardzero_plus_depr,0.06,33,959,0.0,2,0.22826749,0.22826749,1.0572876,0.0,0.08764202,0.0,0.0,3.4976264e-08,-27.669456,2.3260791,0.77535975,0.14400001,0.0,0.13518097,19.140247,19.160248,3072000
hardzero_plus_depr__c0p50__z1p00__lam0p020__nu0p50__psi0p75,hardzero_plus_depr,0.06,33,960,0.0,2,0.22826749,0.22826749,0.9790943,0.10493146,0.10493146,1.0,3.6154681e-09,3.445552e-08,-27.024027,2.1540506,0.71801686,0.16000001,0.0,0.14657359,19.160248,19.180248,3075200
hardzero_plus_depr__c0p50__z1p00__lam0p020__nu0p50__psi0p75,hardzero_plus_depr,0.06,33,961,0.0,2,0.22826749,0.22826749,0.9689594,0.10740898,0.10740898,1.0,3.6457333e-09,3.3942538e-08,-25.624825,2.1317532,0.7105844,0.15200001,0.0,0.11682184,19.180248,19.200249,3078400
hardzero_plus_depr__c0p50__z1p00__lam0p020__nu0p50__psi0p75,hardzero_plus_depr,0.06,33,962,0.0,2,0.22826749,0.22826749,0.9965236,0.10080368,0.10080368,1.0,3.3705907e-09,3.343718e-08,-25.822418,2.1923957,0.7307986,0.26999998,0.0,0.12514894,19.200249,19.22025,3081600
hardzero_plus_depr__c0p50__z1p00__lam0p020__nu0p50__psi0p75,hardzero_plus_depr,0.06,33,963,0.0,2,0.22826749,0.22826749,1.0136803,0.0,0.096899085,0.0,0.0,3.2939358e-08,-26.90359,2.2301412,0.7433804,0.136,0.0,0.13986228,19.22025,19.24025,3084800
hardzero_plus_depr__c0p50__z1p00__lam0p020__nu0p50__psi0p75,hardzero_plus_depr,0.06,33,964,0.0,2,0.22826749,0.22826749,1.0404716,0.0,0.09110211,0.0,0.0,3.2448945e-08,-28.12933,2.289083,0.76302767,0.15200001,0.0,0.15048198,19.24025,19.26025,3088000
hardzero_plus_depr__c0p50__z1p00__lam0p020__nu0p50__psi0p75,hardzero_plus_depr,0.06,33,965,0.0,2,0.22826749,0.22826749,1.0141106,0.0,0.096803136,0.0,0.0,3.1965833e-08,-27.22314,2.231088,0.743696,0.128,0.0,0.15232338,19.26025,19.28025,3091200
hardzero_plus_depr__c0p50__z1p00__lam0p020__nu0p50__psi0p75,hardzero_plus_depr,0.06,33,966,0.0,2,0.22826749,0.22826749,0.9694124,0.107296996,0.107296996,1.0,3.3787728e-09,3.148991e-08,-26.464067,2.1327498,0.71091664,0.15200001,0.0,0.145364,19.28025,19.300251,3094400
hardzero_plus_depr__c0p50__z1p00__lam0p020__nu0p50__psi0p75,hardzero_plus_depr,0.06,33,967,0.0,2,0.22826749,0.22826749,0.97321224,0.1063623,0.1063623,1.0,3.2994731e-09,3.1021077e-08,-25.816774,2.1411097,0.7137033,0.16800001,0.0,0.1424229,19.300251,19.320251,3097600
hardzero_plus_depr__c0p50__z1p00__lam0p020__nu0p50__psi0p75,hardzero_plus_depr,0.06,33,968,0.0,2,0.22826749,0.22826749,1.0051333,0.0,0.09882498,0.0,0.0,3.0559217e-08,-26.57243,2.2113373,0.73711246,0.136,0.0,0.13850766,19.320251,19.340252,3100800
hardzero_plus_depr__c0p50__z1p00__lam0p020__nu0p50__psi0p75,hardzero_plus_depr,0.06,33,969,0.0,2,0.22826749,0.22826749,0.9800444,0.104702145,0.104702145,1.0,3.1519787e-09,3.0104243e-08,-27.216864,2.1561408,0.71871364,0.24800001,0.0,0.14807747,19.340252,19.360252,3104000
hardzero_plus_depr__c0p50__z1p00__lam0p020__nu0p50__psi0p75,hardzero_plus_depr,0.06,33,970,0.0,2,0.22826749,0.22826749,0.97436607,0.1060801,0.1060801,1.0,3.1459155e-09,2.965604e-08,-26.860657,2.1436481,0.7145494,0.18400002,0.0,0.15774316,19.360252,19.380253,3107200
hardzero_plus_depr__c0p50__z1p00__lam0p020__nu0p50__psi0p75,hardzero_plus_depr,0.06,33,971,0.0,2,0.22826749,0.22826749,1.0067382,0.0,0.098460436,0.0,0.0,2.921451e-08,-26.92932,2.2148683,0.7382895,0.120000005,0.0,0.1365162,19.380253,19.400253,3110400
hardzero_plus_depr__c0p50__z1p00__lam0p020__nu0p50__psi0p75,hardzero_plus_depr,0.06,33,972,0.0,2,0.22826749,0.22826749,0.99270636,0.1016936,0.1016936,1.0,2.9266962e-09,2.8779551e-08,-26.491617,2.1839976,0.7279992,0.192,0.0,0.14690955,19.400253,19.420254,3113600
hardzero_plus_depr__c0p50__z1p00__lam0p020__nu0p50__psi0p75,hardzero_plus_depr,0.06,33,973,0.0,2,0.22826749,0.22826749,1.013555,0.0,0.09692704,0.0,0.0,2.8351069e-08,-26.166044,2.2298656,0.7432885,0.08800001,0.0,0.1350321,19.420254,19.440254,3116800
hardzero_plus_depr__c0p50__z1p00__lam0p020__nu0p50__psi0p75,hardzero_plus_depr,0.06,33,974,0.0,2,0.22826749,0.22826749,0.9989551,0.1002409,0.1002409,1.0,2.799625e-09,2.7928968e-08,-27.400919,2.197745,0.73258173,0.17600001,0.0,0.14449511,19.440254,19.460255,3120000
hardzero_plus_depr__c0p50__z1p00__lam0p020__nu0p50__psi0p75,hardzero_plus_depr,0.06,33,975,0.0,2,0.22826749,0.22826749,0.9903188,0.10225422,0.10225422,1.0,2.8133358e-09,2.751315e-08,-27.039753,2.1787448,0.72624826,0.29999998,0.0,0.14773001,19.460255,19.480255,3123200
hardzero_plus_depr__c0p50__z1p00__lam0p020__nu0p50__psi0p75,hardzero_plus_depr,0.06,33,976,0.0,2,0.22826749,0.22826749,0.98748976,0.10292248,0.10292248,1.0,2.789562e-09,2.7103525e-08,-26.745762,2.1725209,0.72417367,0.14400001,0.0,0.1480255,19.480255,19.500256,3126400
hardzero_plus_depr__c0p50__z1p00__lam0p020__nu0p50__psi0p75,hardzero_plus_depr,0.06,33,977,0.0,2,0.22826749,0.22826749,0.940751,0.11461697,0.11461697,1.0,3.0602727e-09,2.6699997e-08,-26.15015,2.0696936,0.6898979,0.17600001,0.0,0.13639474,19.500256,19.520256,3129600
hardzero_plus_depr__c0p50__z1p00__lam0p020__nu0p50__psi0p75,hardzero_plus_depr,0.06,33,978,0.0,2,0.22826749,0.22826749,1.0571477,0.0,0.08767025,0.0,0.0,2.6302473e-08,-28.115078,2.3257716,0.77525723,0.14400001,0.0,0.16774759,19.520256,19.540257,3132800
hardzero_plus_depr__c0p50__z1p00__lam0p020__nu0p50__psi0p75,hardzero_plus_depr,0.06,33,979,0.0,2,0.22826749,0.22826749,1.0349286,0.0,0.09227232,0.0,0.0,2.5910873e-08,-28.080326,2.2768884,0.7589628,0.16000001,0.0,0.15449011,19.540257,19.560257,3136000
hardzero_plus_depr__c0p50__z1p00__lam0p020__nu0p50__psi0p75,hardzero_plus_depr,0.06,33,980,0.0,2,0.22826749,0.22826749,1.0081717,0.0,0.09813599,0.0,0.0,2.5525104e-08,-27.219837,2.218022,0.7393407,0.15200001,0.0,0.14866152,19.560257,19.580257,3139200
hardzero_plus_depr__c0p50__z1p00__lam0p020__nu0p50__psi0p75,hardzero_plus_depr,0.06,33,981,0.0,2,0.22826749,0.22826749,0.995134,0.10112675,0.10112675,1.0,2.5428397e-09,2.5145075e-08,-27.197067,2.1893384,0.7297795,0.15200001,0.0,0.15882266,19.580257,19.600258,3142400
hardzero_plus_depr__c0p50__z1p00__lam0p020__nu0p50__psi0p75,hardzero_plus_depr,0.06,33,982,0.0,2,0.22826749,0.22826749,0.99978304,0.100049965,0.100049965,1.0,2.4783082e-09,2.4770706e-08,-27.07281,2.1995666,0.73318887,0.208,0.0,0.1724902,19.600258,19.620258,3145600
hardzero_plus_depr__c0p50__z1p00__lam0p020__nu0p50__psi0p75,hardzero_plus_depr,0.06,33,983,0.0,2,0.22826749,0.22826749,0.9264821,0.11844532,0.11844532,1.0,2.8902916e-09,2.4401906e-08,-26.477968,2.0383012,0.67943376,0.14400001,0.0,0.13624536,19.620258,19.640259,3148800
hardzero_plus_depr__c0p50__z1p00__lam0p020__nu0p50__psi0p75,hardzero_plus_depr,0.06,33,984,0.0,2,0.22826749,0.22826749,0.96089137,0.109423,0.109423,1.0,2.630376e-09,2.4038602e-08,-25.697962,2.1140032,0.70466775,0.16800001,0.0,0.14273086,19.640259,19.66026,3152000
hardzero_plus_depr__c0p50__z1p00__lam0p020__nu0p50__psi0p75,hardzero_plus_depr,0.06,33,985,0.0,2,0.22826749,0.22826749,1.0185173,0.0,0.09582586,0.0,0.0,2.3680707e-08,-26.818657,2.2407827,0.7469276,0.120000005,0.0,0.14253192,19.66026,19.68026,3155200
hardzero_plus_depr__c0p50__z1p00__lam0p020__nu0p50__psi0p75,hardzero_plus_depr,0.06,33,986,0.0,2,0.22826749,0.22826749,0.9727024,0.10648724,0.10648724,1.0,2.484149e-09,2.332814e-08,-26.577715,2.139988,0.7133293,0.16000001,0.008,0.14730027,19.68026,19.70026,3158400
hardzero_plus_depr__c0p50__z1p00__lam0p020__nu0p50__psi0p75,hardzero_plus_depr,0.06,33,987,0.0,2,0.22826749,0.22826749,1.0120404,0.0,0.097265676,0.0,0.0,2.2980823e-08,-26.60372,2.2265332,0.7421777,0.136,0.0,0.16263735,19.70026,19.72026,3161600
hardzero_plus_depr__c0p50__z1p00__lam0p020__nu0p50__psi0p75,hardzero_plus_depr,0.06,33,988,0.0,2,0.22826749,0.22826749,1.0335633,0.0,0.09256286,0.0,0.0,2.2638671e-08,-26.958652,2.2738845,0.7579615,0.17,0.0,0.15318644,19.72026,19.740261,3164800
hardzero_plus_depr__c0p50__z1p00__lam0p020__nu0p50__psi0p75,hardzero_plus_depr,0.06,33,989,0.0,2,0.22826749,0.22826749,1.0142481,0.0,0.09677248,0.0,0.0,2.2301618e-08,-26.361591,2.2313905,0.7437968,0.136,0.0,0.15052506,19.740261,19.760262,3168000
hardzero_plus_depr__c0p50__z1p00__lam0p020__nu0p50__psi0p75,hardzero_plus_depr,0.06,33,990,0.0,2,0.22826749,0.22826749,0.9894901,0.102449514,0.102449514,1.0,2.2507733e-09,2.1969585e-08,-26.706045,2.1769216,0.72564054,0.16000001,0.0,0.1348664,19.760262,19.780262,3171200
hardzero_plus_depr__c0p50__z1p00__lam0p020__nu0p50__psi0p75,hardzero_plus_depr,0.06,33,991,0.0,2,0.22826749,0.22826749,0.9614109,0.10929219,0.10929219,1.0,2.3653552e-09,2.1642492e-08,-26.049368,2.1151462,0.70504874,0.2,0.0,0.12803683,19.780262,19.800262,3174400
hardzero_plus_depr__c0p50__z1p00__lam0p020__nu0p50__psi0p75,hardzero_plus_depr,0.06,33,992,0.0,2,0.22826749,0.22826749,0.9885237,0.10267773,0.10267773,1.0,2.1891169e-09,2.132027e-08,-26.863459,2.1747956,0.7249319,0.136,0.0,0.13701004,19.800262,19.820263,3177600
hardzero_plus_depr__c0p50__z1p00__lam0p020__nu0p50__psi0p75,hardzero_plus_depr,0.06,33,993,0.0,2,0.22826749,0.22826749,1.0266728,0.0,0.09404315,0.0,0.0,2.1002846e-08,-27.652102,2.2587254,0.75290847,0.16000001,0.0,0.15550204,19.820263,19.840263,3180800
hardzero_plus_depr__c0p50__z1p00__lam0p020__nu0p50__psi0p75,hardzero_plus_depr,0.06,33,994,0.0,2,0.22826749,0.22826749,0.97632647,0.10560234,0.10560234,1.0,2.1849278e-09,2.0690146e-08,-26.96717,2.1479611,0.7159871,0.16800001,0.0,0.15505275,19.840263,19.860264,3184000
hardzero_plus_depr__c0p50__z1p00__lam0p020__nu0p50__psi0p75,hardzero_plus_depr,0.06,33,995,0.0,2,0.22826749,0.22826749,0.97562206,0.105773754,0.105773754,1.0,2.1558915e-09,2.0382103e-08,-26.457956,2.1464114,0.7154705,0.17600001,0.0,0.13958755,19.860264,19.880264,3187200
hardzero_plus_depr__c0p50__z1p00__lam0p020__nu0p50__psi0p75,hardzero_plus_depr,0.06,33,996,0.0,2,0.22826749,0.22826749,1.0013695,0.0,0.099685155,0.0,0.0,2.0078646e-08,-27.075684,2.2030568,0.7343523,0.18400002,0.0,0.14766909,19.880264,19.900265,3190400
hardzero_plus_depr__c0p50__z1p00__lam0p020__nu0p50__psi0p75,hardzero_plus_depr,0.06,33,997,0.0,2,0.22826749,0.22826749,0.96808475,0.10762551,0.10762551,1.0,2.128801e-09,1.9779707e-08,-26.7033,2.129829,0.709943,0.224,0.0,0.15689611,19.900265,19.920265,3193600
hardzero_plus_depr__c0p50__z1p00__lam0p020__nu0p50__psi0p75,hardzero_plus_depr,0.06,33,998,0.0,2,0.22826749,0.22826749,1.017875,0.0,0.09596768,0.0,0.0,1.948522e-08,-26.972658,2.2393696,0.74645656,0.112,0.0,0.14344265,19.920265,19.940266,3196800
hardzero_plus_depr__c0p50__z1p00__lam0p020__nu0p50__psi0p75,hardzero_plus_depr,0.06,33,999,0.0,2,0.22826749,0.22826749,0.97582394,0.105724595,0.105724595,1.0,2.0293958e-09,1.9195115e-08,-27.275278,2.1468556,0.71561855,0.17600001,0.0,0.11273213,19.940266,19.960266,3200000
hardzero_plus_depr__c0p50__z1p00__lam0p020__nu0p50__psi0p75,hardzero_plus_depr,0.06,33,1000,0.0,2,0.22826749,0.22826749,0.9578666,0.11018775,0.11018775,1.0,2.0835769e-09,1.8909333e-08,-25.241621,2.1073487,0.70244956,0.208,0.0,0.12485642,19.960266,19.980267,3203200
hardzero_plus_depr__c0p50__z1p00__lam0p020__nu0p50__psi0p75,hardzero_plus_depr,0.06,33,1001,0.0,2,0.22826749,0.22826749,0.97483367,0.10596595,0.10596595,1.0,1.9739126e-09,1.8627802e-08,-25.671955,2.144677,0.7148923,0.14,0.0,0.14258096,19.980267,20.000267,3206400
hardzero_plus_depr__c0p50__z1p00__lam0p020__nu0p50__psi0p75,hardzero_plus_depr,0.06,33,1002,0.0,2,0.22826749,0.22826749,0.98306906,0.10397548,0.10397548,1.0,1.9079984e-09,1.8350464e-08,-27.221853,2.162795,0.7209317,0.136,0.0,0.12801738,20.000267,20.020267,3209600
hardzero_plus_depr__c0p50__z1p00__lam0p020__nu0p50__psi0p75,hardzero_plus_depr,0.06,33,1003,0.0,2,0.22826749,0.22826749,0.99203277,0.10185143,0.10185143,1.0,1.8411942e-09,1.8077253e-08,-27.239372,2.1825156,0.7275052,0.16000001,0.0,0.15729816,20.020267,20.040268,3212800
hardzero_plus_depr__c0p50__z1p00__lam0p020__nu0p50__psi0p75,hardzero_plus_depr,0.06,33,1004,0.0,2,0.22826749,0.22826749,0.97123265,0.10684824,0.10684824,1.0,1.9027655e-09,1.7808112e-08,-26.661495,2.1367545,0.71225154,0.192,0.0,0.16701165,20.040268,20.060268,3216000
hardzero_plus_depr__c0p50__z1p00__lam0p020__nu0p50__psi0p75,hardzero_plus_depr,0.06,33,1005,0.0,2,0.22826749,0.22826749,1.014387,0.0,0.096741535,0.0,0.0,1.7542979e-08,-26.719315,2.231696,0.74389863,0.120000005,0.0,0.14403194,20.060268,20.080269,3219200
hardzero_plus_depr__c0p50__z1p00__lam0p020__nu0p50__psi0p75,hardzero_plus_depr,0.06,33,1006,0.0,2,0.22826749,0.22826749,1.0025785,0.0,0.099408045,0.0,0.0,1.7281792e-08,-26.679283,2.2057168,0.73523897,0.136,0.0,0.1386315,20.080269,20.10027,3222400
hardzero_plus_depr__c0p50__z1p00__lam0p020__nu0p50__psi0p75,hardzero_plus_depr,0.06,33,1007,0.0,2,0.22826749,0.22826749,0.9917345,0.101921424,0.101921424,1.0,1.7351607e-09,1.7024494e-08,-26.48577,2.1818595,0.7272865,0.14400001,0.0,0.20028973,20.10027,20.12027,3225600
hardzero_plus_depr__c0p50__z1p00__lam0p020__nu0p50__psi0p75,hardzero_plus_depr,0.06,33,1008,0.0,2,0.22826749,0.22826749,0.94736105,0.11288569,0.11288569,1.0,1.8932087e-09,1.6771025e-08,-26.20231,2.084236,0.6947453,0.136,0.0,0.118045375,20.12027,20.14027,3228800
hardzero_plus_depr__c0p50__z1p00__lam0p020__nu0p50__psi0p75,hardzero_plus_depr,0.06,33,1009,0.0,2,0.22826749,0.22826749,1.0224922,0.0,0.0949528,0.0,0.0,1.6521332e-08,-26.852547,2.2495277,0.7498426,0.128,0.0,0.15298627,20.14027,20.16027,3232000
hardzero_plus_depr__c0p50__z1p00__lam0p020__nu0p50__psi0p75,hardzero_plus_depr,0.06,33,1010,0.0,2,0.22826749,0.22826749,0.99821657,0.1004115,0.1004115,1.0,1.6342329e-09,1.6275356e-08,-26.863153,2.1961203,0.7320401,0.192,0.0,0.1505765,20.16027,20.180271,3235200
hardzero_plus_depr__c0p50__z1p00__lam0p020__nu0p50__psi0p75,hardzero_plus_depr,0.06,33,1011,0.0,2,0.22826749,0.22826749,1.0080436,0.0,0.09816494,0.0,0.0,1.6033043e-08,-26.603403,2.2177403,0.7392468,0.120000005,0.0,0.1381534,20.180271,20.200272,3238400
hardzero_plus_depr__c0p50__z1p00__lam0p020__nu0p50__psi0p75,hardzero_plus_depr,0.06,33,1012,0.0,2,0.22826749,0.22826749,1.0760055,0.0,0.08394495,0.0,0.0,1.5794335e-08,-28.032124,2.3672593,0.78908646,0.136,0.0,0.12938923,20.200272,20.220272,3241600
hardzero_plus_depr__c0p50__z1p00__lam0p020__nu0p50__psi0p75,hardzero_plus_depr,0.06,33,1013,0.0,2,0.22826749,0.22826749,0.98915595,0.10252837,0.10252837,1.0,1.5952578e-09,1.5559184e-08,-26.799347,2.1761866,0.72539556,0.2,0.0,0.1284437,20.220272,20.240273,3244800
hardzero_plus_depr__c0p50__z1p00__lam0p020__nu0p50__psi0p75,hardzero_plus_depr,0.06,33,1014,0.0,2,0.22826749,0.22826749,1.0073992,0.0,0.098310694,0.0,0.0,1.5327531e-08,-28.06965,2.2163224,0.7387742,0.12,0.0,0.1722955,20.240273,20.260273,3248000
hardzero_plus_depr__c0p50__z1p00__lam0p020__nu0p50__psi0p75,hardzero_plus_depr,0.06,33,1015,0.0,2,0.22826749,0.22826749,1.0169989,0.0,0.09616147,0.0,0.0,1.509933e-08,-27.860579,2.2374423,0.7458141,0.128,0.0,0.14907284,20.260273,20.280273,3251200
hardzero_plus_depr__c0p50__z1p00__lam0p020__nu0p50__psi0p75,hardzero_plus_depr,0.06,33,1016,0.0,2,0.22826749,0.22826749,1.0206707,0.0,0.09535189,0.0,0.0,1.4874526e-08,-27.213108,2.2455204,0.7485068,0.096,0.0,0.1472573,20.280273,20.300274,3254400
hardzero_plus_depr__c0p50__z1p00__lam0p020__nu0p50__psi0p75,hardzero_plus_depr,0.06,33,1017,0.0,2,0.22826749,0.22826749,1.0040995,0.0,0.09906049,0.0,0.0,1.4653066e-08,-26.355452,2.209063,0.73635435,0.18400002,0.0,0.14500459,20.300274,20.320274,3257600
hardzero_plus_depr__c0p50__z1p00__lam0p020__nu0p50__psi0p75,hardzero_plus_depr,0.06,33,1018,0.0,2,0.22826749,0.22826749,1.0109653,0.0,0.097506754,0.0,0.0,1.4434907e-08,-26.433208,2.2241683,0.74138945,0.120000005,0.0,0.14939077,20.320274,20.340275,3260800
hardzero_plus_depr__c0p50__z1p00__lam0p020__nu0p50__psi0p75,hardzero_plus_depr,0.06,33,1019,0.0,2,0.22826749,0.22826749,0.97159094,0.1067601,0.1067601,1.0,1.5181278e-09,1.4219993e-08,-27.455126,2.1375427,0.7125143,0.192,0.0,0.16899522,20.340275,20.360275,3264000
hardzero_plus_depr__c0p50__z1p00__lam0p020__nu0p50__psi0p75,hardzero_plus_depr,0.06,33,1020,0.0,2,0.22826749,0.22826749,0.9883074,0.10272888,0.10272888,1.0,1.439055e-09,1.4008281e-08,-26.75217,2.1743197,0.7247733,0.15200001,0.0,0.13577433,20.360275,20.380276,3267200
hardzero_plus_depr__c0p50__z1p00__lam0p020__nu0p50__psi0p75,hardzero_plus_depr,0.06,33,1021,0.0,2,0.22826749,0.22826749,1.0540698,0.0,0.0882938,0.0,0.0,1.37997205e-08,-28.087555,2.3189998,0.77299994,0.104,0.0,0.17429593,20.380276,20.400276,3270400
hardzero_plus_depr__c0p50__z1p00__lam0p020__nu0p50__psi0p75,hardzero_plus_depr,0.06,33,1022,0.0,2,0.22826749,0.22826749,1.0119791,0.0,0.09727941,0.0,0.0,1.3594264e-08,-27.90857,2.2263985,0.74213284,0.120000005,0.0,0.13869897,20.400276,20.420277,3273600
hardzero_plus_depr__c0p50__z1p00__lam0p020__nu0p50__psi0p75,hardzero_plus_depr,0.06,33,1023,0.0,2,0.22826749,0.22826749,0.99347913,0.10151282,0.10151282,1.0,1.3594462e-09,1.3391867e-08,-27.501606,2.1856978,0.72856593,0.16800001,0.0,0.15717462,20.420277,20.440277,3276800
hardzero_plus_depr__c0p50__z1p00__lam0p020__nu0p50__psi0p75,hardzero_plus_depr,0.06,33,1024,0.0,2,0.22826749,0.22826749,1.0897899,0.0,0.08132239,0.0,0.0,1.31924836e-08,-28.494839,2.3975856,0.79919523,0.128,0.0,0.15940924,20.440277,20.460278,3280000
hardzero_plus_depr__c0p50__z1p00__lam0p020__nu0p50__psi0p75,hardzero_plus_depr,0.06,33,1025,0.0,2,0.22826749,0.22826749,0.9924258,0.10175932,0.10175932,1.0,1.3224712e-09,1.299607e-08,-25.861036,2.1833804,0.72779346,0.128,0.0,0.1473881,20.460278,20.480278,3283200
hardzero_plus_depr__c0p50__z1p00__lam0p020__nu0p50__psi0p75,hardzero_plus_depr,0.06,33,1026,0.0,2,0.22826749,0.22826749,0.9796709,0.10479223,0.10479223,1.0,1.3416108e-09,1.2802579e-08,-26.328432,2.155319,0.7184397,0.17600001,0.0,0.1194087,20.480278,20.500278,3286400
hardzero_plus_depr__c0p50__z1p00__lam0p020__nu0p50__psi0p75,hardzero_plus_depr,0.06,33,1027,0.0,2,0.22826749,0.22826749,1.0020527,0.0,0.09952847,0.0,0.0,1.2611969e-08,-27.00783,2.2045598,0.73485327,0.14999999,0.0,0.16700031,20.500278,20.520279,3289600
hardzero_plus_depr__c0p50__z1p00__lam0p020__nu0p50__psi0p75,hardzero_plus_depr,0.06,33,1028,0.0,2,0.22826749,0.22826749,1.0008739,0.0,0.09979898,0.0,0.0,1.2424197e-08,-27.21192,2.2019665,0.7339889,0.15200001,0.0,0.1447277,20.520279,20.54028,3292800
hardzero_plus_depr__c0p50__z1p00__lam0p020__nu0p50__psi0p75,hardzero_plus_depr,0.06,33,1029,0.0,2,0.22826749,0.22826749,0.97410357,0.10614424,0.10614424,1.0,1.2991227e-09,1.2239219e-08,-26.035692,2.1430707,0.7143569,0.120000005,0.0,0.12593621,20.54028,20.56028,3296000
hardzero_plus_depr__c0p50__z1p00__lam0p020__nu0p50__psi0p75,hardzero_plus_depr,0.06,33,1030,0.0,2,0.22826749,0.22826749,0.9915096,0.10197421,0.10197421,1.0,1.2295028e-09,1.2056998e-08,-27.222607,2.1813648,0.7271216,0.16000001,0.0,0.15427624,20.56028,20.58028,3299200
hardzero_plus_depr__c0p50__z1p00__lam0p020__nu0p50__psi0p75,hardzero_plus_depr,0.06,33,1031,0.0,2,0.22826749,0.22826749,1.003387,0.0,0.099223144,0.0,0.0,1.1877488e-08,-27.06184,2.2074955,0.73583186,0.192,0.0,0.13963975,20.58028,20.60028,3302400
hardzero_plus_depr__c0p50__z1p00__lam0p020__nu0p50__psi0p75,hardzero_plus_depr,0.06,33,1032,0.0,2,0.22826749,0.22826749,1.0034226,0.0,0.099215,0.0,0.0,1.1700652e-08,-26.875051,2.207574,0.73585796,0.16800001,0.0,0.14249064,20.60028,20.620281,3305600
hardzero_plus_depr__c0p50__z1p00__lam0p020__nu0p50__psi0p75,hardzero_plus_depr,0.06,33,1033,0.0,2,0.22826749,0.22826749,1.002734,0.0,0.099372454,0.0,0.0,1.1526447e-08,-26.834166,2.2060587,0.73535293,0.14400001,0.0,0.12715666,20.620281,20.640282,3308800
hardzero_plus_depr__c0p50__z1p00__lam0p020__nu0p50__psi0p75,hardzero_plus_depr,0.06,33,1034,0.0,2,0.22826749,0.22826749,0.9911085,0.10206845,0.10206845,1.0,1.1589706e-09,1.1354837e-08,-26.491714,2.1804821,0.7268274,0.120000005,0.0,0.13915662,20.640282,20.660282,3312000
hardzero_plus_depr__c0p50__z1p00__lam0p020__nu0p50__psi0p75,hardzero_plus_depr,0.06,33,1035,0.0,2,0.22826749,0.22826749,0.97387797,0.1061994,0.1061994,1.0,1.1879233e-09,1.1185782e-08,-26.66425,2.1425743,0.71419144,0.14400001,0.0,0.1314966,20.660282,20.680283,3315200
hardzero_plus_depr__c0p50__z1p00__lam0p020__nu0p50__psi0p75,hardzero_plus_depr,0.06,33,1036,0.0,2,0.22826749,0.22826749,0.98260653,0.10408628,0.10408628,1.0,1.1469521e-09,1.1019243e-08,-26.61765,2.1617775,0.7205925,0.23200001,0.008,0.12908636,20.680283,20.700283,3318400
hardzero_plus_depr__c0p50__z1p00__lam0p020__nu0p50__psi0p75,hardzero_plus_depr,0.06,33,1037,0.0,2,0.22826749,0.22826749,0.9860229,0.10327069,0.10327069,1.0,1.1210224e-09,1.0855185e-08,-27.271507,2.1692936,0.7230979,0.136,0.0,0.142914,20.700283,20.720284,3321600
hardzero_plus_depr__c0p50__z1p00__lam0p020__nu0p50__psi0p75,hardzero_plus_depr,0.06,33,1038,0.0,2,0.22826749,0.22826749,1.0062314,0.0,0.09857539,0.0,0.0,1.0693568e-08,-27.885145,2.2137532,0.7379178,0.16800001,0.008,0.14559336,20.720284,20.740284,3324800
hardzero_plus_depr__c0p50__z1p00__lam0p020__nu0p50__psi0p75,hardzero_plus_depr,0.06,33,1039,0.0,2,0.22826749,0.22826749,0.9794486,0.10484588,0.10484588,1.0,1.1044842e-09,1.0534359e-08,-26.587536,2.15483,0.7182767,0.16800001,0.0,0.14994195,20.740284,20.760284,3328000
hardzero_plus_depr__c0p50__z1p00__lam0p020__nu0p50__psi0p75,hardzero_plus_depr,0.06,33,1040,0.0,2,0.22826749,0.22826749,0.94894886,0.11247374,0.11247374,1.0,1.1671983e-09,1.0377518e-08,-25.485582,2.0877292,0.69590974,0.24,0.0,0.1265329,20.760284,20.780285,3331200
hardzero_plus_depr__c0p50__z1p00__lam0p020__nu0p50__psi0p75,hardzero_plus_depr,0.06,33,1041,0.0,2,0.22826749,0.22826749,1.0232532,0.0,0.09478657,0.0,0.0,1.0223014e-08,-27.927063,2.2512019,0.75040066,0.15200001,0.0,0.15968049,20.780285,20.800285,3334400
hardzero_plus_depr__c0p50__z1p00__lam0p020__nu0p50__psi0p75,hardzero_plus_depr,0.06,33,1042,0.0,2,0.22826749,0.22826749,1.0310603,0.0,0.09309785,0.0,0.0,1.0070809e-08,-27.28823,2.268378,0.75612605,0.120000005,0.0,0.141971,20.800285,20.820286,3337600
hardzero_plus_depr__c0p50__z1p00__lam0p020__nu0p50__psi0p75,hardzero_plus_depr,0.06,33,1043,0.0,2,0.22826749,0.22826749,1.0133059,0.0,0.096982665,0.0,0.0,9.920871e-09,-26.946672,2.2293174,0.7431058,0.16000001,0.0,0.13896863,20.820286,20.840286,3340800
hardzero_plus_depr__c0p50__z1p00__lam0p020__nu0p50__psi0p75,hardzero_plus_depr,0.06,33,1044,0.0,2,0.22826749,0.22826749,1.0311371,0.0,0.09308139,0.0,0.0,9.773165e-09,-27.821638,2.268547,0.7561824,0.14400001,0.0,0.15499935,20.840286,20.860287,3344000
hardzero_plus_depr__c0p50__z1p00__lam0p020__nu0p50__psi0p75,hardzero_plus_depr,0.06,33,1045,0.0,2,0.22826749,0.22826749,1.002293,0.0,0.09947341,0.0,0.0,9.627659e-09,-27.533545,2.2050886,0.7350296,0.17600001,0.0,0.1495976,20.860287,20.880287,3347200
hardzero_plus_depr__c0p50__z1p00__lam0p020__nu0p50__psi0p75,hardzero_plus_depr,0.06,33,1046,0.0,2,0.22826749,0.22826749,1.0252881,0.0,0.094343476,0.0,0.0,9.484318e-09,-27.200619,2.255679,0.751893,0.128,0.0,0.1488102,20.880287,20.900288,3350400
hardzero_plus_depr__c0p50__z1p00__lam0p020__nu0p50__psi0p75,hardzero_plus_depr,0.06,33,1047,0.0,2,0.22826749,0.22826749,0.9798897,0.10473945,0.10473945,1.0,9.785923e-10,9.343111e-09,-26.253052,2.1558003,0.71860015,0.16800001,0.0,0.14086068,20.900288,20.920288,3353600
hardzero_plus_depr__c0p50__z1p00__lam0p020__nu0p50__psi0p75,hardzero_plus_depr,0.06,33,1048,0.0,2,0.22826749,0.22826749,0.9991095,0.10020525,0.10020525,1.0,9.2228997e-10,9.204008e-09,-26.660927,2.1980848,0.732695,0.2,0.0,0.15094928,20.920288,20.940289,3356800
hardzero_plus_depr__c0p50__z1p00__lam0p020__nu0p50__psi0p75,hardzero_plus_depr,0.06,33,1049,0.0,2,0.22826749,0.22826749,1.0303422,0.0,0.09325193,0.0,0.0,9.066975e-09,-27.377216,2.266798,0.7555994,0.104,0.0,0.12932172,20.940289,20.960289,3360000
hardzero_plus_depr__c0p50__z1p00__lam0p020__nu0p50__psi0p75,hardzero_plus_depr,0.06,33,1050,0.0,2,0.22826749,0.22826749,0.9832891,0.1039228,0.1039228,1.0,9.282366e-10,8.931982e-09,-26.255062,2.1632793,0.7210931,0.17600001,0.0,0.1495039,20.960289,20.98029,3363200
hardzero_plus_depr__c0p50__z1p00__lam0p020__nu0p50__psi0p75,hardzero_plus_depr,0.06,33,1051,0.0,2,0.22826749,0.22826749,0.95167285,0.11177049,0.11177049,1.0,9.834685e-10,8.799e-09,-25.498808,2.093722,0.6979074,0.216,0.0,0.14737682,20.98029,21.00029,3366400
hardzero_plus_depr__c0p50__z1p00__lam0p020__nu0p50__psi0p75,hardzero_plus_depr,0.06,33,1052,0.0,2,0.22826749,0.22826749,0.9824182,0.10413143,0.10413143,1.0,9.026108e-10,8.667996e-09,-26.271599,2.1613631,0.7204544,0.16000001,0.0,0.13300236,21.00029,21.02029,3369600
hardzero_plus_depr__c0p50__z1p00__lam0p020__nu0p50__psi0p75,hardzero_plus_depr,0.06,33,1053,0.0,2,0.22826749,0.22826749,1.026654,0.0,0.09404721,0.0,0.0,8.538944e-09,-27.458435,2.258684,0.75289464,0.16,0.0,0.13162541,21.02029,21.04029,3372800
hardzero_plus_depr__c0p50__z1p00__lam0p020__nu0p50__psi0p75,hardzero_plus_depr,0.06,33,1054,0.0,2,0.22826749,0.22826749,0.9464915,0.11311194,0.11311194,1.0,9.514765e-10,8.411813e-09,-25.872646,2.0823228,0.69410765,0.24000001,0.0,0.15895331,21.04029,21.060291,3376000
hardzero_plus_depr__c0p50__z1p00__lam0p020__nu0p50__psi0p75,hardzero_plus_depr,0.06,33,1055,0.0,2,0.22826749,0.22826749,1.0264652,0.0,0.09408812,0.0,0.0,8.286575e-09,-27.56248,2.2582686,0.75275624,0.16000001,0.0,0.14716853,21.060291,21.080292,3379200
hardzero_plus_depr__c0p50__z1p00__lam0p020__nu0p50__psi0p75,hardzero_plus_depr,0.06,33,1056,0.0,2,0.22826749,0.22826749,0.9535792,0.11128094,0.11128094,1.0,9.084087e-10,8.163201e-09,-27.080406,2.0979161,0.6993054,0.104,0.0,0.15566829,21.080292,21.100292,3382400
hardzero_plus_depr__c0p50__z1p00__lam0p020__nu0p50__psi0p75,hardzero_plus_depr,0.06,33,1057,0.0,2,0.22826749,0.22826749,1.0037683,0.0,0.099136055,0.0,0.0,8.041663e-09,-26.888103,2.2083344,0.7361115,0.18400002,0.0,0.15585521,21.100292,21.120293,3385600
hardzero_plus_depr__c0p50__z1p00__lam0p020__nu0p50__psi0p75,hardzero_plus_depr,0.06,33,1058,0.0,2,0.22826749,0.22826749,0.9914289,0.10199316,0.10199316,1.0,8.079833e-10,7.921936e-09,-27.348852,2.1811872,0.7270624,0.16800001,0.0,0.163035,21.120293,21.140293,3388800
hardzero_plus_depr__c0p50__z1p00__lam0p020__nu0p50__psi0p75,hardzero_plus_depr,0.06,33,1059,0.0,2,0.22826749,0.22826749,1.0217657,0.0,0.095111765,0.0,0.0,7.803991e-09,-27.555279,2.2479293,0.7493098,0.16000001,0.0,0.1548696,21.140293,21.160294,3392000
hardzero_plus_depr__c0p50__z1p00__lam0p020__nu0p50__psi0p75,hardzero_plus_depr,0.06,33,1060,0.0,2,0.22826749,0.22826749,0.9969557,0.10070343,0.10070343,1.0,7.741881e-10,7.687802e-09,-27.110142,2.1933463,0.73111546,0.24000001,0.0,0.16369326,21.160294,21.180294,3395200
hardzero_plus_depr__c0p50__z1p00__lam0p020__nu0p50__psi0p75,hardzero_plus_depr,0.06,33,1061,0.0,2,0.22826749,0.22826749,0.97663057,0.10552842,0.10552842,1.0,7.992029e-10,7.573343e-09,-25.526594,2.1486301,0.71621007,0.16800001,0.0,0.13650684,21.180294,21.200294,3398400
hardzero_plus_depr__c0p50__z1p00__lam0p020__nu0p50__psi0p75,hardzero_plus_depr,0.06,33,1062,0.0,2,0.22826749,0.22826749,0.95306236,0.111413464,0.111413464,1.0,8.3120993e-10,7.460588e-09,-25.571089,2.096779,0.6989264,0.16000001,0.0,0.14260821,21.200294,21.220295,3401600
hardzero_plus_depr__c0p50__z1p00__lam0p020__nu0p50__psi0p75,hardzero_plus_depr,0.06,33,1063,0.0,2,0.22826749,0.22826749,1.0472753,0.0,0.089686,0.0,0.0,7.349512e-09,-28.236238,2.3040516,0.76801723,0.192,0.0,0.18805026,21.220295,21.240295,3404800
hardzero_plus_depr__c0p50__z1p00__lam0p020__nu0p50__psi0p75,hardzero_plus_depr,0.06,33,1064,0.0,2,0.22826749,0.22826749,1.0266248,0.0,0.09405356,0.0,0.0,7.2400894e-09,-27.244774,2.2586198,0.7528733,0.120000005,0.0,0.14260773,21.240295,21.260296,3408000
hardzero_plus_depr__c0p50__z1p00__lam0p020__nu0p50__psi0p75,hardzero_plus_depr,0.06,33,1065,0.0,2,0.22826749,0.22826749,0.99898684,0.10023356,0.10023356,1.0,7.148954e-10,7.132296e-09,-27.032688,2.197815,0.732605,0.18400002,0.0,0.17157702,21.260296,21.280296,3411200
hardzero_plus_depr__c0p50__z1p00__lam0p020__nu0p50__psi0p75,hardzero_plus_depr,0.06,33,1066,0.0,2,0.22826749,0.22826749,0.95510906,0.11088962,0.11088962,1.0,7.7912243e-10,7.0261077e-09,-26.694363,2.101282,0.7004273,0.21,0.0,0.155102,21.280296,21.300297,3414400
hardzero_plus_depr__c0p50__z1p00__lam0p020__nu0p50__psi0p75,hardzero_plus_depr,0.06,33,1067,0.0,2,0.22826749,0.22826749,1.0395449,0.0,0.09129669,0.0,0.0,6.9215003e-09,-27.558662,2.2870445,0.7623482,0.14400001,0.0,0.13091666,21.300297,21.320297,3417600
hardzero_plus_depr__c0p50__z1p00__lam0p020__nu0p50__psi0p75,hardzero_plus_depr,0.06,33,1068,0.0,2,0.22826749,0.22826749,1.0316519,0.0,0.092971146,0.0,0.0,6.81845e-09,-27.541925,2.2696793,0.7565598,0.16800001,0.0,0.1538579,21.320297,21.340298,3420800
hardzero_plus_depr__c0p50__z1p00__lam0p020__nu0p50__psi0p75,hardzero_plus_depr,0.06,33,1069,0.0,2,0.22826749,0.22826749,1.0059242,0.0,0.09864515,0.0,0.0,6.7169412e-09,-26.57057,2.2130775,0.73769253,0.16800001,0.0,0.13034521,21.340298,21.360298,3424000
hardzero_plus_depr__c0p50__z1p00__lam0p020__nu0p50__psi0p75,hardzero_plus_depr,0.06,33,1070,0.0,2,0.22826749,0.22826749,1.0005158,0.0,0.09988129,0.0,0.0,6.6169297e-09,-27.96408,2.2011788,0.73372626,0.23200001,0.0,0.16631818,21.360298,21.380299,3427200
hardzero_plus_depr__c0p50__z1p00__lam0p020__nu0p50__psi0p75,hardzero_plus_depr,0.06,33,1071,0.0,2,0.22826749,0.22826749,1.0221064,0.0,0.09503719,0.0,0.0,6.518408e-09,-27.380985,2.248679,0.74955964,0.136,0.0,0.15461557,21.380299,21.4003,3430400
hardzero_plus_depr__c0p50__z1p00__lam0p020__nu0p50__psi0p75,hardzero_plus_depr,0.06,33,1072,0.0,2,0.22826749,0.22826749,0.97723395,0.105381906,0.105381906,1.0,6.7669575e-10,6.4213657e-09,-26.618912,2.1499577,0.7166526,0.216,0.0,0.16024737,21.4003,21.4203,3433600
hardzero_plus_depr__c0p50__z1p00__lam0p020__nu0p50__psi0p75,hardzero_plus_depr,0.06,33,1073,0.0,2,0.22826749,0.22826749,1.0284567,0.0,0.09365767,0.0,0.0,6.325768e-09,-28.119493,2.26265,0.7542167,0.16000001,0.0,0.14280325,21.4203,21.4403,3436800
hardzero_plus_depr__c0p50__z1p00__lam0p020__nu0p50__psi0p75,hardzero_plus_depr,0.06,33,1074,0.0,2,0.22826749,0.22826749,0.97069025,0.106981754,0.106981754,1.0,6.666655e-10,6.2315815e-09,-26.538197,2.1355612,0.71185374,0.15200001,0.0,0.13052464,21.4403,21.4603,3440000
hardzero_plus_depr__c0p50__z1p00__lam0p020__nu0p50__psi0p75,hardzero_plus_depr,0.06,33,1075,0.0,2,0.22826749,0.22826749,1.0353272,0.0,0.09218766,0.0,0.0,6.138797e-09,-27.203161,2.2777653,0.7592551,0.136,0.0,0.15797275,21.4603,21.4803,3443200
hardzero_plus_depr__c0p50__z1p00__lam0p020__nu0p50__psi0p75,hardzero_plus_depr,0.06,33,1076,0.0,2,0.22826749,0.22826749,0.9778065,0.10524306,0.10524306,1.0,6.364475e-10,6.047406e-09,-26.68208,2.1512172,0.7170724,0.18400002,0.0,0.13352679,21.4803,21.500301,3446400
hardzero_plus_depr__c0p50__z1p00__lam0p020__nu0p50__psi0p75,hardzero_plus_depr,0.06,33,1077,0.0,2,0.22826749,0.22826749,0.9388696,0.1151146,0.1151146,1.0,6.857809e-10,5.9573755e-09,-26.214231,2.0655544,0.68851817,0.16800001,0.0,0.1561307,21.500301,21.520302,3449600
hardzero_plus_depr__c0p50__z1p00__lam0p020__nu0p50__psi0p75,hardzero_plus_depr,0.06,33,1078,0.0,2,0.22826749,0.22826749,1.0086523,0.0,0.09802744,0.0,0.0,5.868674e-09,-27.158043,2.2190795,0.73969316,0.216,0.008,0.16084667,21.520302,21.540302,3452800
hardzero_plus_depr__c0p50__z1p00__lam0p020__nu0p50__psi0p75,hardzero_plus_depr,0.06,33,1079,0.0,2,0.22826749,0.22826749,1.0073296,0.0,0.09832647,0.0,0.0,5.7812937e-09,-27.157803,2.2161694,0.73872316,0.25,0.0,0.170273,21.540302,21.560303,3456000
hardzero_plus_depr__c0p50__z1p00__lam0p020__nu0p50__psi0p75,hardzero_plus_depr,0.06,33,1080,0.0,2,0.22826749,0.22826749,1.0097636,0.0,0.097776935,0.0,0.0,5.6952247e-09,-27.655281,2.2215242,0.7405081,0.14400001,0.0,0.1708569,21.560303,21.580303,3459200
hardzero_plus_depr__c0p50__z1p00__lam0p020__nu0p50__psi0p75,hardzero_plus_depr,0.06,33,1081,0.0,2,0.22826749,0.22826749,0.9802396,0.1046551,0.1046551,1.0,5.871609e-10,5.610437e-09,-26.186796,2.1565702,0.71885675,0.15200001,0.0,0.1464752,21.580303,21.600304,3462400
hardzero_plus_depr__c0p50__z1p00__lam0p020__nu0p50__psi0p75,hardzero_plus_depr,0.06,33,1082,0.0,2,0.22826749,0.22826749,0.9905825,0.10219214,0.10219214,1.0,5.648059e-10,5.5269016e-09,-26.43397,2.179325,0.72644174,0.120000005,0.0,0.11847832,21.600304,21.620304,3465600
hardzero_plus_depr__c0p50__z1p00__lam0p020__nu0p50__psi0p75,hardzero_plus_depr,0.06,33,1083,0.0,2,0.22826749,0.22826749,1.0279428,0.0,0.09376855,0.0,0.0,5.4446097e-09,-26.97494,2.2615192,0.75383973,0.16800001,0.0,0.17282365,21.620304,21.640305,3468800
hardzero_plus_depr__c0p50__z1p00__lam0p020__nu0p50__psi0p75,hardzero_plus_depr,0.06,33,1084,0.0,2,0.22826749,0.22826749,0.9801912,0.104666784,0.104666784,1.0,5.613859e-10,5.363553e-09,-27.172026,2.1564636,0.7188212,0.16000001,0.0,0.15447667,21.640305,21.660305,3472000
hardzero_plus_depr__c0p50__z1p00__lam0p020__nu0p50__psi0p75,hardzero_plus_depr,0.06,33,1085,0.0,2,0.22826749,0.22826749,1.0043849,0.0,0.098995425,0.0,0.0,5.2837033e-09,-27.141796,2.2096908,0.7365636,0.128,0.008,0.15573353,21.660305,21.680305,3475200
hardzero_plus_depr__c0p50__z1p00__lam0p020__nu0p50__psi0p75,hardzero_plus_depr,0.06,33,1086,0.0,2,0.22826749,0.22826749,0.9929087,0.10164623,0.10164623,1.0,5.29072e-10,5.2050333e-09,-26.499096,2.1844428,0.7281476,0.16000001,0.0,0.14244604,21.680305,21.700306,3478400
hardzero_plus_depr__c0p50__z1p00__lam0p020__nu0p50__psi0p75,hardzero_plus_depr,0.06,33,1087,0.0,2,0.22826749,0.22826749,0.97847944,0.10508011,0.10508011,1.0,5.388018e-10,5.1275335e-09,-25.861986,2.1526978,0.71756595,0.128,0.0,0.13540375,21.700306,21.720306,3481600
hardzero_plus_depr__c0p50__z1p00__lam0p020__nu0p50__psi0p75,hardzero_plus_depr,0.06,33,1088,0.0,2,0.22826749,0.22826749,1.0762254,0.0,0.08390244,0.0,0.0,5.0511972e-09,-28.190722,2.3677433,0.78924775,0.18400002,0.0,0.17922303,21.720306,21.740307,3484800
hardzero_plus_depr__c0p50__z1p00__lam0p020__nu0p50__psi0p75,hardzero_plus_depr,0.06,33,1089,0.0,2,0.22826749,0.22826749,1.0069072,0.0,0.09842213,0.0,0.0,4.9759974e-09,-26.875721,2.21524,0.73841333,0.192,0.0,0.16980858,21.740307,21.760307,3488000
hardzero_plus_depr__c0p50__z1p00__lam0p020__nu0p50__psi0p75,hardzero_plus_depr,0.06,33,1090,0.0,2,0.22826749,0.22826749,0.98523045,0.10345931,0.10345931,1.0,5.071481e-10,4.9019087e-09,-26.398445,2.1675503,0.7225168,0.18400002,0.0,0.12965572,21.760307,21.780308,3491200
hardzero_plus_depr__c0p50__z1p00__lam0p020__nu0p50__psi0p75,hardzero_plus_depr,0.06,33,1091,0.0,2,0.22826749,0.22826749,1.0458654,0.0,0.089977644,0.0,0.0,4.8289226e-09,-27.8606,2.3009498,0.7669833,0.18400002,0.0,0.17606072,21.780308,21.800308,3494400
hardzero_plus_depr__c0p50__z1p00__lam0p020__nu0p50__psi0p75,hardzero_plus_depr,0.06,33,1092,0.0,2,0.22826749,0.22826749,0.9555927,0.110766195,0.110766195,1.0,5.269183e-10,4.7570317e-09,-26.158804,2.102346,0.700782,0.16,0.0,0.15797722,21.800308,21.820309,3497600
hardzero_plus_depr__c0p50__z1p00__lam0p020__nu0p50__psi0p75,hardzero_plus_depr,0.06,33,1093,0.0,2,0.22826749,0.22826749,0.96890694,0.107421964,0.107421964,1.0,5.0340204e-10,4.6862114e-09,-26.734507,2.1316378,0.71054596,0.17600001,0.0,0.12893721,21.820309,21.84031,3500800
hardzero_plus_depr__c0p50__z1p00__lam0p020__nu0p50__psi0p75,hardzero_plus_depr,0.06,33,1094,0.0,2,0.22826749,0.22826749,1.0189815,0.0,0.095723495,0.0,0.0,4.6164375e-09,-26.26162,2.241804,0.74726796,0.120000005,0.0,0.13052325,21.84031,21.86031,3504000
hardzero_plus_depr__c0p50__z1p00__lam0p020__nu0p50__psi0p75,hardzero_plus_depr,0.06,33,1095,0.0,2,0.22826749,0.22826749,0.99950606,0.10011379,0.10011379,1.0,4.552876e-10,4.5477013e-09,-27.340704,2.1989572,0.73298573,0.17600001,0.0,0.15394172,21.86031,21.88031,3507200
hardzero_plus_depr__c0p50__z1p00__lam0p020__nu0p50__psi0p75,hardzero_plus_depr,0.06,33,1096,0.0,2,0.22826749,0.22826749,1.0053474,0.0,0.09877626,0.0,0.0,4.4799977e-09,-26.788555,2.2118084,0.7372695,0.2,0.0,0.13957836,21.88031,21.90031,3510400
hardzero_plus_depr__c0p50__z1p00__lam0p020__nu0p50__psi0p75,hardzero_plus_depr,0.06,33,1097,0.0,2,0.22826749,0.22826749,0.9708837,0.1069341,0.1069341,1.0,4.719325e-10,4.413302e-09,-26.708805,2.1359868,0.7119956,0.16800001,0.0,0.15201099,21.90031,21.920311,3513600
hardzero_plus_depr__c0p50__z1p00__lam0p020__nu0p50__psi0p75,hardzero_plus_depr,0.06,33,1098,0.0,2,0.22826749,0.22826749,1.0343978,0.0,0.09238516,0.0,0.0,4.3475907e-09,-28.656096,2.2757206,0.75857353,0.16000001,0.008,0.15343347,21.920311,21.940311,3516800
hardzero_plus_depr__c0p50__z1p00__lam0p020__nu0p50__psi0p75,hardzero_plus_depr,0.06,33,1099,0.0,2,0.22826749,0.22826749,0.99243045,0.101758234,0.101758234,1.0,4.3581608e-10,4.282858e-09,-26.330658,2.1833906,0.7277969,0.17600001,0.0,0.13900785,21.940311,21.960312,3520000
hardzero_plus_depr__c0p50__z1p00__lam0p020__nu0p50__psi0p75,hardzero_plus_depr,0.06,33,1100,0.0,2,0.22826749,0.22826749,0.97045475,0.10703978,0.10703978,1.0,4.5161128e-10,4.2190975e-09,-26.65005,2.1350431,0.71168107,0.23200001,0.0,0.1461614,21.960312,21.980312,3523200
hardzero_plus_depr__c0p50__z1p00__lam0p020__nu0p50__psi0p75,hardzero_plus_depr,0.06,33,1101,0.0,2,0.22826749,0.22826749,1.0358189,0.0,0.09208334,0.0,0.0,4.1562855e-09,-27.786785,2.2788472,0.7596158,0.112,0.0,0.16744636,21.980312,22.000313,3526400
hardzero_plus_depr__c0p50__z1p00__lam0p020__nu0p50__psi0p75,hardzero_plus_depr,0.06,33,1102,0.0,2,0.22826749,0.22826749,0.9751657,0.105884954,0.105884954,1.0,4.3353549e-10,4.0944013e-09,-25.943913,2.1454074,0.7151358,0.120000005,0.0,0.11768279,22.000313,22.020313,3529600
hardzero_plus_depr__c0p50__z1p00__lam0p020__nu0p50__psi0p75,hardzero_plus_depr,0.06,33,1103,0.0,2,0.22826749,0.22826749,1.0023168,0.0,0.099467956,0.0,0.0,4.033438e-09,-26.757841,2.205141,0.73504704,0.15200001,0.0,0.17154284,22.020313,22.040314,3532800
hardzero_plus_depr__c0p50__z1p00__lam0p020__nu0p50__psi0p75,hardzero_plus_depr,0.06,33,1104,0.0,2,0.22826749,0.22826749,0.98872745,0.102629565,0.102629565,1.0,4.0778733e-10,3.9733905e-09,-27.463015,2.1752439,0.7250813,0.23200001,0.0,0.13704436,22.040314,22.060314,3536000
hardzero_plus_depr__c0p50__z1p00__lam0p020__nu0p50__psi0p75,hardzero_plus_depr,0.06,33,1105,0.0,2,0.22826749,0.22826749,0.9717306,0.106725805,0.106725805,1.0,4.1775008e-10,3.914237e-09,-27.67743,2.13785,0.7126167,0.24,0.0,0.16228326,22.060314,22.080315,3539200
hardzero_plus_depr__c0p50__z1p00__lam0p020__nu0p50__psi0p75,hardzero_plus_depr,0.06,33,1106,0.0,2,0.22826749,0.22826749,1.0218902,0.0,0.09508451,0.0,0.0,3.8559564e-09,-27.92427,2.2482033,0.7494011,0.216,0.0,0.15059738,22.080315,22.100315,3542400
hardzero_plus_depr__c0p50__z1p00__lam0p020__nu0p50__psi0p75,hardzero_plus_depr,0.06,33,1107,0.0,2,0.22826749,0.22826749,0.9940248,0.10138535,0.10138535,1.0,3.8511672e-10,3.798544e-09,-27.109045,2.1868982,0.7289661,0.2,0.0,0.17295097,22.100315,22.120316,3545600
hardzero_plus_depr__c0p50__z1p00__lam0p020__nu0p50__psi0p75,hardzero_plus_depr,0.06,33,1108,0.0,2,0.22826749,0.22826749,0.9611506,0.109357715,0.109357715,1.0,4.0921586e-10,3.7419934e-09,-26.510988,2.1145735,0.7048578,0.14400001,0.0,0.13369805,22.120316,22.140316,3548800
hardzero_plus_depr__c0p50__z1p00__lam0p020__nu0p50__psi0p75,hardzero_plus_depr,0.06,33,1109,0.0,2,0.22826749,0.22826749,0.98488295,0.10354213,0.10354213,1.0,3.816857e-10,3.6862842e-09,-26.5778,2.1667857,0.7222619,0.14400001,0.0,0.14286819,22.140316,22.160316,3552000
hardzero_plus_depr__c0p50__z1p00__lam0p020__nu0p50__psi0p75,hardzero_plus_depr,0.06,33,1110,0.0,2,0.22826749,0.22826749,0.9745066,0.10604579,0.10604579,1.0,3.8509446e-10,3.6313978e-09,-26.981134,2.1439574,0.7146525,0.128,0.0,0.15766864,22.160316,22.180317,3555200
hardzero_plus_depr__c0p50__z1p00__lam0p020__nu0p50__psi0p75,hardzero_plus_depr,0.06,33,1111,0.0,2,0.22826749,0.22826749,1.0073833,0.0,0.0983143,0.0,0.0,3.577329e-09,-27.054853,2.2162876,0.73876256,0.16000001,0.0,0.12881929,22.180317,22.200317,3558400
hardzero_plus_depr__c0p50__z1p00__lam0p020__nu0p50__psi0p75,hardzero_plus_depr,0.06,33,1112,0.0,2,0.22826749,0.22826749,1.068509,0.0,0.08540651,0.0,0.0,3.524072e-09,-27.75565,2.3507667,0.7835889,0.112,0.0,0.13186361,22.200317,22.220318,3561600
hardzero_plus_depr__c0p50__z1p00__lam0p020__nu0p50__psi0p75,hardzero_plus_depr,0.06,33,1113,0.0,2,0.22826749,0.22826749,0.9872602,0.10297687,0.10297687,1.0,3.5749528e-10,3.4716074e-09,-26.468184,2.172016,0.72400534,0.14400001,0.0,0.14457272,22.220318,22.240318,3564800
hardzero_plus_depr__c0p50__z1p00__lam0p020__nu0p50__psi0p75,hardzero_plus_depr,0.06,33,1114,0.0,2,0.22826749,0.22826749,0.98404425,0.10374226,0.10374226,1.0,3.5478992e-10,3.4199172e-09,-27.00156,2.1649406,0.7216469,0.16800001,0.0,0.14732654,22.240318,22.260319,3568000
hardzero_plus_depr__c0p50__z1p00__lam0p020__nu0p50__psi0p75,hardzero_plus_depr,0.06,33,1115,0.0,2,0.22826749,0.22826749,0.97833043,0.10511617,0.10511617,1.0,3.5413605e-10,3.3689969e-09,-25.97295,2.15237,0.7174567,0.16800001,0.0,0.1403004,22.260319,22.28032,3571200
hardzero_plus_depr__c0p50__z1p00__lam0p020__nu0p50__psi0p75,hardzero_plus_depr,0.06,33,1116,0.0,2,0.22826749,0.22826749,1.0083452,0.0,0.09809678,0.0,0.0,3.3188414e-09,-27.912048,2.2184038,0.739468,0.17600001,0.0,0.16429757,22.28032,22.30032,3574400
hardzero_plus_depr__c0p50__z1p00__lam0p020__nu0p50__psi0p75,hardzero_plus_depr,0.06,33,1117,0.0,2,0.22826749,0.22826749,0.9823022,0.104159236,0.104159236,1.0,3.4054157e-10,3.2694323e-09,-27.19806,2.161108,0.72036934,0.18400002,0.0,0.17997949,22.30032,22.32032,3577600
hardzero_plus_depr__c0p50__z1p00__lam0p020__nu0p50__psi0p75,hardzero_plus_depr,0.06,33,1118,0.0,2,0.22826749,0.22826749,0.97181743,0.10670445,0.10670445,1.0,3.4366862e-10,3.2207526e-09,-25.662931,2.138041,0.71268034,0.22999999,0.0,0.14590418,22.32032,22.34032,3580800
hardzero_plus_depr__c0p50__z1p00__lam0p020__nu0p50__psi0p75,hardzero_plus_depr,0.06,33,1119,0.0,2,0.22826749,0.22826749,1.0042462,0.0,0.09902703,0.0,0.0,3.1727976e-09,-26.66577,2.2093859,0.736462,0.23200001,0.0,0.15855475,22.34032,22.360321,3584000
hardzero_plus_depr__c0p50__z1p00__lam0p020__nu0p50__psi0p75,hardzero_plus_depr,0.06,33,1120,0.0,2,0.22826749,0.22826749,1.0417607,0.0,0.090832084,0.0,0.0,3.125563e-09,-27.905226,2.2919192,0.7639731,0.096,0.0,0.15301673,22.360321,22.380322,3587200
hardzero_plus_depr__c0p50__z1p00__lam0p020__nu0p50__psi0p75,hardzero_plus_depr,0.06,33,1121,0.0,2,0.22826749,0.22826749,0.98038244,0.10462068,0.10462068,1.0,3.2213032e-10,3.079031e-09,-26.421953,2.1568844,0.7189615,0.16800001,0.0,0.14445643,22.380322,22.400322,3590400
hardzero_plus_depr__c0p50__z1p00__lam0p020__nu0p50__psi0p75,hardzero_plus_depr,0.06,33,1122,0.0,2,0.22826749,0.22826749,1.021854,0.0,0.09509242,0.0,0.0,3.0331864e-09,-27.198963,2.248124,0.7493746,0.192,0.0,0.15767191,22.400322,22.420322,3593600
hardzero_plus_depr__c0p50__z1p00__lam0p020__nu0p50__psi0p75,hardzero_plus_depr,0.06,33,1123,0.0,2,0.22826749,0.22826749,0.96888787,0.107426666,0.107426666,1.0,3.2099348e-10,2.9880243e-09,-26.279419,2.1315958,0.71053195,0.112,0.0,0.13498075,22.420322,22.440323,3596800
hardzero_plus_depr__c0p50__z1p00__lam0p020__nu0p50__psi0p75,hardzero_plus_depr,0.06,33,1124,0.0,2,0.22826749,0.22826749,0.99196327,0.10186776,0.10186776,1.0,2.998518e-10,2.9435399e-09,-26.832632,2.1823628,0.7274543,0.224,0.0,0.15761098,22.440323,22.460323,3600000
hardzero_plus_depr__c0p50__z1p00__lam0p020__nu0p50__psi0p75,hardzero_plus_depr,0.06,33,1125,0.0,2,0.22826749,0.22826749,1.056116,0.0,0.08787877,0.0,0.0,2.8997182e-09,-27.679613,2.3235016,0.77450055,0.128,0.0,0.15503578,22.460323,22.480324,3603200
hardzero_plus_depr__c0p50__z1p00__lam0p020__nu0p50__psi0p75,hardzero_plus_depr,0.06,33,1126,0.0,2,0.22826749,0.22826749,1.026785,0.0,0.09401885,0.0,0.0,2.8565434e-09,-27.208143,2.2589722,0.7529907,0.16800001,0.0,0.15165596,22.480324,22.500324,3606400
hardzero_plus_depr__c0p50__z1p00__lam0p020__nu0p50__psi0p75,hardzero_plus_depr,0.06,33,1127,0.0,2,0.22826749,0.22826749,0.9700902,0.10712967,0.10712967,1.0,3.0146413e-10,2.8140115e-09,-26.593119,2.134241,0.71141374,0.23200001,0.0,0.1686064,22.500324,22.520325,3609600
hardzero_plus_depr__c0p50__z1p00__lam0p020__nu0p50__psi0p75,hardzero_plus_depr,0.06,33,1128,0.0,2,0.22826749,0.22826749,1.0529643,0.0,0.08851882,0.0,0.0,2.7721179e-09,-26.819593,2.316568,0.7721893,0.112,0.0,0.16890524,22.520325,22.540325,3612800
hardzero_plus_depr__c0p50__z1p00__lam0p020__nu0p50__psi0p75,hardzero_plus_depr,0.06,33,1129,0.0,2,0.22826749,0.22826749,1.0183023,0.0,0.0958733,0.0,0.0,2.7308482e-09,-28.163088,2.24031,0.74677,0.15200001,0.0,0.1721349,22.540325,22.560326,3616000
hardzero_plus_depr__c0p50__z1p00__lam0p020__nu0p50__psi0p75,hardzero_plus_depr,0.06,33,1130,0.0,2,0.22826749,0.22826749,0.9433448,0.1139345,0.1139345,1.0,3.0650518e-10,2.6901876e-09,-26.472006,2.0753999,0.6918,0.192,0.0,0.13994004,22.560326,22.580326,3619200
hardzero_plus_depr__c0p50__z1p00__lam0p020__nu0p50__psi0p75,hardzero_plus_depr,0.06,33,1131,0.0,2,0.22826749,0.22826749,0.97410816,0.106143124,0.106143124,1.0,2.8129332e-10,2.6501323e-09,-27.145065,2.1430807,0.71436024,0.14999999,0.0,0.117891364,22.580326,22.600327,3622400
hardzero_plus_depr__c0p50__z1p00__lam0p020__nu0p50__psi0p75,hardzero_plus_depr,0.06,33,1132,0.0,2,0.22826749,0.22826749,0.93291706,0.11670325,0.11670325,1.0,3.046747e-10,2.6106788e-09,-25.6432,2.0524585,0.68415284,0.16800001,0.008,0.14348732,22.600327,22.620327,3625600
hardzero_plus_depr__c0p50__z1p00__lam0p020__nu0p50__psi0p75,hardzero_plus_depr,0.06,33,1133,0.0,2,0.22826749,0.22826749,0.976816,0.10548337,0.10548337,1.0,2.712834e-10,2.5718123e-09,-27.01294,2.149038,0.716346,0.17600001,0.0,0.14278565,22.620327,22.640327,3628800
hardzero_plus_depr__c0p50__z1p00__lam0p020__nu0p50__psi0p75,hardzero_plus_depr,0.06,33,1134,0.0,2,0.22826749,0.22826749,0.9251801,0.11880095,0.11880095,1.0,3.0098454e-10,2.5335196e-09,-26.05476,2.0354369,0.67847896,0.216,0.0,0.1342959,22.640327,22.660328,3632000
hardzero_plus_depr__c0p50__z1p00__lam0p020__nu0p50__psi0p75,hardzero_plus_depr,0.06,33,1135,0.0,2,0.22826749,0.22826749,1.0302505,0.0,0.0932716,0.0,0.0,2.4957971e-09,-27.026512,2.2665966,0.7555322,0.224,0.0,0.14377168,22.660328,22.680328,3635200
hardzero_plus_depr__c0p50__z1p00__lam0p020__nu0p50__psi0p75,hardzero_plus_depr,0.06,33,1136,0.0,2,0.22826749,0.22826749,0.9626446,0.10898216,0.10898216,1.0,2.6794802e-10,2.458641e-09,-26.198551,2.1178603,0.7059535,0.16800001,0.0,0.13368332,22.680328,22.700329,3638400
hardzero_plus_depr__c0p50__z1p00__lam0p020__nu0p50__psi0p75,hardzero_plus_depr,0.06,33,1137,0.0,2,0.22826749,0.22826749,1.0057726,0.0,0.09867961,0.0,0.0,2.4220381e-09,-26.805912,2.2127438,0.73758125,0.16800001,0.0,0.1375143,22.700329,22.72033,3641600
hardzero_plus_depr__c0p50__z1p00__lam0p020__nu0p50__psi0p75,hardzero_plus_depr,0.06,33,1138,0.0,2,0.22826749,0.22826749,1.0164915,0.0,0.09627388,0.0,0.0,2.3859756e-09,-26.866623,2.236326,0.74544203,0.15200001,0.0,0.14299107,22.72033,22.74033,3644800
hardzero_plus_depr__c0p50__z1p00__lam0p020__nu0p50__psi0p75,hardzero_plus_depr,0.06,33,1139,0.0,2,0.22826749,0.22826749,1.0156282,0.0,0.096465446,0.0,0.0,2.35045e-09,-27.363798,2.2344267,0.7448089,0.18400002,0.0,0.14671646,22.74033,22.76033,3648000
hardzero_plus_depr__c0p50__z1p00__lam0p020__nu0p50__psi0p75,hardzero_plus_depr,0.06,33,1140,0.0,2,0.22826749,0.22826749,1.0132425,0.0,0.09699683,0.0,0.0,2.315458e-09,-27.514057,2.229178,0.74305934,0.120000005,0.0,0.14058587,22.76033,22.78033,3651200
hardzero_plus_depr__c0p50__z1p00__lam0p020__nu0p50__psi0p75,hardzero_plus_depr,0.06,33,1141,0.0,2,0.22826749,0.22826749,1.0011687,0.0,0.09973125,0.0,0.0,2.2809867e-09,-26.885674,2.2026153,0.7342051,0.096,0.0,0.12808324,22.78033,22.800331,3654400
hardzero_plus_depr__c0p50__z1p00__lam0p020__nu0p50__psi0p75,hardzero_plus_depr,0.06,33,1142,0.0,2,0.22826749,0.22826749,1.0197492,0.0,0.095554434,0.0,0.0,2.2470243e-09,-27.619091,2.243493,0.74783105,0.136,0.0,0.16824895,22.800331,22.820332,3657600
hardzero_plus_depr__c0p50__z1p00__lam0p020__nu0p50__psi0p75,hardzero_plus_depr,0.06,33,1143,0.0,2,0.22826749,0.22826749,0.9899982,0.10232972,0.10232972,1.0,2.2651375e-10,2.2135676e-09,-27.052898,2.1780396,0.7260132,0.14400001,0.0,0.14964351,22.820332,22.840332,3660800
hardzero_plus_depr__c0p50__z1p00__lam0p020__nu0p50__psi0p75,hardzero_plus_depr,0.06,33,1144,0.0,2,0.22826749,0.22826749,1.0116185,0.0,0.09736022,0.0,0.0,2.1806132e-09,-26.666983,2.2256052,0.74186844,0.17,0.0,0.1396526,22.840332,22.860332,3664000
hardzero_plus_depr__c0p50__z1p00__lam0p020__nu0p50__psi0p75,hardzero_plus_depr,0.06,33,1145,0.0,2,0.22826749,0.22826749,1.0406015,0.0,0.09107485,0.0,0.0,2.1481494e-09,-27.310837,2.2893689,0.763123,0.120000005,0.0,0.14689802,22.860332,22.880333,3667200
hardzero_plus_depr__c0p50__z1p00__lam0p020__nu0p50__psi0p75,hardzero_plus_depr,0.06,33,1146,0.0,2,0.22826749,0.22826749,1.0236757,0.0,0.09469439,0.0,0.0,2.1161648e-09,-27.954872,2.2521315,0.7507105,0.16000001,0.0,0.158375,22.880333,22.900333,3670400
hardzero_plus_depr__c0p50__z1p00__lam0p020__nu0p50__psi0p75,hardzero_plus_depr,0.06,33,1147,0.0,2,0.22826749,0.22826749,0.98622143,0.103223495,0.103223495,1.0,2.1518555e-10,2.0846567e-09,-26.818716,2.1697304,0.7232435,0.16000001,0.0,0.15202132,22.900333,22.920334,3673600
hardzero_plus_depr__c0p50__z1p00__lam0p020__nu0p50__psi0p75,hardzero_plus_depr,0.06,33,1148,0.0,2,0.22826749,0.22826749,1.013457,0.0,0.09694893,0.0,0.0,2.0536215e-09,-28.170841,2.2296498,0.74321663,0.14400001,0.0,0.15988047,22.920334,22.940334,3676800
hardzero_plus_depr__c0p50__z1p00__lam0p020__nu0p50__psi0p75,hardzero_plus_depr,0.06,33,1149,0.0,2,0.22826749,0.22826749,0.99134535,0.10201278,0.10201278,1.0,2.0637675e-10,2.023048e-09,-27.72913,2.1810033,0.72700113,0.18400002,0.0,0.12578481,22.940334,22.960335,3680000
hardzero_plus_depr__c0p50__z1p00__lam0p020__nu0p50__psi0p75,hardzero_plus_depr,0.06,33,1150,0.0,2,0.22826749,0.22826749,0.9667349,0.10796055,0.10796055,1.0,2.1515739e-10,1.992926e-09,-27.110428,2.1268592,0.7089531,0.14400001,0.0,0.1447876,22.960335,22.980335,3683200
hardzero_plus_depr__c0p50__z1p00__lam0p020__nu0p50__psi0p75,hardzero_plus_depr,0.06,33,1151,0.0,2,0.22826749,0.22826749,0.9973663,0.100608274,0.100608274,1.0,1.9751946e-10,1.9632527e-09,-26.952608,2.1942496,0.7314166,0.15200001,0.0,0.16501722,22.980335,23.000336,3686400
hardzero_plus_depr__c0p50__z1p00__lam0p020__nu0p50__psi0p75,hardzero_plus_depr,0.06,33,1152,0.0,2,0.22826749,0.22826749,0.9645647,0.10850138,0.10850138,1.0,2.0984438e-10,1.934025e-09,-26.734686,2.1220846,0.7073616,0.18400002,0.0,0.17425978,23.000336,23.020336,3689600
hardzero_plus_depr__c0p50__z1p00__lam0p020__nu0p50__psi0p75,hardzero_plus_depr,0.06,33,1153,0.0,2,0.22826749,0.22826749,1.0011089,0.0,0.099745,0.0,0.0,1.9052322e-09,-26.73151,2.2024837,0.73416126,0.104,0.0,0.14629593,23.020336,23.040337,3692800
hardzero_plus_depr__c0p50__z1p00__lam0p020__nu0p50__psi0p75,hardzero_plus_depr,0.06,33,1154,0.0,2,0.22826749,0.22826749,1.0320245,0.0,0.0928914,0.0,0.0,1.8768647e-09,-26.865381,2.2704992,0.7568331,0.112,0.0,0.14587522,23.040337,23.060337,3696000
hardzero_plus_depr__c0p50__z1p00__lam0p020__nu0p50__psi0p75,hardzero_plus_depr,0.06,33,1155,0.0,2,0.22826749,0.22826749,1.0145047,0.0,0.09671533,0.0,0.0,1.8489192e-09,-26.342012,2.2319548,0.74398494,0.120000005,0.0,0.11145113,23.060337,23.080338,3699200
hardzero_plus_depr__c0p50__z1p00__lam0p020__nu0p50__psi0p75,hardzero_plus_depr,0.06,33,1156,0.0,2,0.22826749,0.22826749,0.99084824,0.102129616,0.102129616,1.0,1.8601823e-10,1.8213936e-09,-26.358091,2.1799097,0.7266366,0.120000005,0.0,0.11837919,23.080338,23.100338,3702400
hardzero_plus_depr__c0p50__z1p00__lam0p020__nu0p50__psi0p75,hardzero_plus_depr,0.06,33,1157,0.0,2,0.22826749,0.22826749,0.99773103,0.10052381,0.10052381,1.0,1.8036762e-10,1.7942777e-09,-27.426935,2.1950521,0.7316841,0.14,0.0,0.16293266,23.100338,23.120338,3705600
hardzero_plus_depr__c0p50__z1p00__lam0p020__nu0p50__psi0p75,hardzero_plus_depr,0.06,33,1158,0.0,2,0.22826749,0.22826749,0.99089104,0.10211956,0.10211956,1.0,1.8050267e-10,1.7675622e-09,-26.913742,2.180004,0.726668,0.16800001,0.0,0.13971375,23.120338,23.140339,3708800
hardzero_plus_depr__c0p50__z1p00__lam0p020__nu0p50__psi0p75,hardzero_plus_depr,0.06,33,1159,0.0,2,0.22826749,0.22826749,1.0381019,0.0,0.09160056,0.0,0.0,1.7412443e-09,-28.12679,2.2838697,0.76128995,0.14400001,0.0,0.17959194,23.140339,23.16034,3712000
hardzero_plus_depr__c0p50__z1p00__lam0p020__nu0p50__psi0p75,hardzero_plus_depr,0.06,33,1160,0.0,2,0.22826749,0.22826749,0.9300276,0.117482275,0.117482275,1.0,2.0151988e-10,1.7153216e-09,-26.563696,2.0461016,0.6820339,0.224,0.0,0.13419296,23.16034,23.18034,3715200
hardzero_plus_depr__c0p50__z1p00__lam0p020__nu0p50__psi0p75,hardzero_plus_depr,0.06,33,1161,0.0,2,0.22826749,0.22826749,1.0077431,0.0,0.09823287,0.0,0.0,1.6897848e-09,-27.12892,2.2170792,0.7390264,0.120000005,0.0,0.13475789,23.18034,23.20034,3718400
hardzero_plus_depr__c0p50__z1p00__lam0p020__nu0p50__psi0p75,hardzero_plus_depr,0.06,33,1162,0.0,2,0.22826749,0.22826749,1.051667,0.0,0.08878366,0.0,0.0,1.664625e-09,-28.121801,2.3137136,0.77123785,0.112,0.0,0.16792183,23.20034,23.22034,3721600
hardzero_plus_depr__c0p50__z1p00__lam0p020__nu0p50__psi0p75,hardzero_plus_depr,0.06,33,1163,0.0,2,0.22826749,0.22826749,1.036563,0.0,0.09192571,0.0,0.0,1.6398398e-09,-27.085756,2.2804842,0.7601614,0.064,0.0,0.15978517,23.22034,23.240341,3724800
hardzero_plus_depr__c0p50__z1p00__lam0p020__nu0p50__psi0p75,hardzero_plus_depr,0.06,33,1164,0.0,2,0.22826749,0.22826749,1.0003937,0.0,0.09990937,0.0,0.0,1.6154269e-09,-26.766832,2.20091,0.73363674,0.16800001,0.0,0.17382205,23.240341,23.260342,3728000
hardzero_plus_depr__c0p50__z1p00__lam0p020__nu0p50__psi0p75,hardzero_plus_depr,0.06,33,1165,0.0,2,0.22826749,0.22826749,1.0289966,0.0,0.09354129,0.0,0.0,1.5913773e-09,-27.38124,2.2638376,0.75461257,0.120000005,0.0,0.1727394,23.260342,23.280342,3731200
hardzero_plus_depr__c0p50__z1p00__lam0p020__nu0p50__psi0p75,hardzero_plus_depr,0.06,33,1166,0.0,2,0.22826749,0.22826749,0.99774873,0.10051972,0.10051972,1.0,1.57583e-10,1.5676825e-09,-26.76763,2.195091,0.731697,0.208,0.0,0.13323934,23.280342,23.300343,3734400
hardzero_plus_depr__c0p50__z1p00__lam0p020__nu0p50__psi0p75,hardzero_plus_depr,0.06,33,1167,0.0,2,0.22826749,0.22826749,0.9900153,0.10232568,0.10232568,1.0,1.5802573e-10,1.5443409e-09,-26.772291,2.1780772,0.72602576,0.17600001,0.0,0.13983975,23.300343,23.320343,3737600
hardzero_plus_depr__c0p50__z1p00__lam0p020__nu0p50__psi0p75,hardzero_plus_depr,0.06,33,1168,0.0,2,0.22826749,0.22826749,0.98922163,0.102512866,0.102512866,1.0,1.5595791e-10,1.5213496e-09,-26.7672,2.176331,0.7254437,0.192,0.0,0.158344,23.320343,23.340343,3740800
hardzero_plus_depr__c0p50__z1p00__lam0p020__nu0p50__psi0p75,hardzero_plus_depr,0.06,33,1169,0.0,2,0.22826749,0.22826749,1.0249904,0.0,0.09440817,0.0,0.0,1.4987005e-09,-27.658281,2.255024,0.75167465,0.120000005,0.0,0.16525394,23.340343,23.360344,3744000
hardzero_plus_depr__c0p50__z1p00__lam0p020__nu0p50__psi0p75,hardzero_plus_depr,0.06,33,1170,0.0,2,0.22826749,0.22826749,0.9585315,0.11001919,0.11001919,1.0,1.6243078e-10,1.4763858e-09,-26.142004,2.1088114,0.7029371,0.21,0.0,0.1301487,23.360344,23.380344,3747200
hardzero_plus_depr__c0p50__z1p00__lam0p020__nu0p50__psi0p75,hardzero_plus_depr,0.06,33,1171,0.0,2,0.22826749,0.22826749,1.0279204,0.0,0.09377338,0.0,0.0,1.4544036e-09,-26.441402,2.2614698,0.7538233,0.136,0.0,0.1493583,23.380344,23.400345,3750400
hardzero_plus_depr__c0p50__z1p00__lam0p020__nu0p50__psi0p75,hardzero_plus_depr,0.06,33,1172,0.0,2,0.22826749,0.22826749,1.0179403,0.0,0.09595324,0.0,0.0,1.4327511e-09,-27.58826,2.2395134,0.7465045,0.136,0.0,0.15925562,23.400345,23.420345,3753600
hardzero_plus_depr__c0p50__z1p00__lam0p020__nu0p50__psi0p75,hardzero_plus_depr,0.06,33,1173,0.0,2,0.22826749,0.22826749,0.9474457,0.112863705,0.112863705,1.0,1.592982e-10,1.411421e-09,-25.75213,2.084422,0.6948074,0.2,0.0,0.14496732,23.420345,23.440346,3756800
hardzero_plus_depr__c0p50__z1p00__lam0p020__nu0p50__psi0p75,hardzero_plus_depr,0.06,33,1174,0.0,2,0.22826749,0.22826749,1.0044353,0.0,0.09898393,0.0,0.0,1.390406e-09,-26.832779,2.209802,0.73660064,0.2,0.0,0.15735355,23.440346,23.460346,3760000
hardzero_plus_depr__c0p50__z1p00__lam0p020__nu0p50__psi0p75,hardzero_plus_depr,0.06,33,1175,0.0,2,0.22826749,0.22826749,1.0501207,0.0,0.08910032,0.0,0.0,1.3697038e-09,-27.949112,2.3103118,0.77010393,0.14400001,0.008,0.15727504,23.460346,23.480347,3763200
hardzero_plus_depr__c0p50__z1p00__lam0p020__nu0p50__psi0p75,hardzero_plus_depr,0.06,33,1176,0.0,2,0.22826749,0.22826749,1.0044718,0.0,0.09897562,0.0,0.0,1.3493123e-09,-28.102297,2.209882,0.73662734,0.15200001,0.0,0.18276139,23.480347,23.500347,3766400
hardzero_plus_depr__c0p50__z1p00__lam0p020__nu0p50__psi0p75,hardzero_plus_depr,0.06,33,1177,0.0,2,0.22826749,0.22826749,0.9861035,0.10325153,0.10325153,1.0,1.3724448e-10,1.3292246e-09,-27.539295,2.169471,0.72315705,0.208,0.0,0.15004575,23.500347,23.520348,3769600
hardzero_plus_depr__c0p50__z1p00__lam0p020__nu0p50__psi0p75,hardzero_plus_depr,0.06,33,1178,0.0,2,0.22826749,0.22826749,0.979201,0.104905665,0.104905665,1.0,1.3736697e-10,1.3094332e-09,-26.665794,2.1542852,0.71809506,0.224,0.0,0.1451558,23.520348,23.540348,3772800
hardzero_plus_depr__c0p50__z1p00__lam0p020__nu0p50__psi0p75,hardzero_plus_depr,0.06,33,1179,0.0,2,0.22826749,0.22826749,0.9707938,0.10695625,0.10695625,1.0,1.3796679e-10,1.2899367e-09,-26.4467,2.135789,0.7119297,0.192,0.0,0.1281126,23.540348,23.560349,3776000
hardzero_plus_depr__c0p50__z1p00__lam0p020__nu0p50__psi0p75,hardzero_plus_depr,0.06,33,1180,0.0,2,0.22826749,0.22826749,1.0239099,0.0,0.09464334,0.0,0.0,1.2707327e-09,-27.067247,2.252647,0.7508823,0.16000001,0.0,0.14329566,23.560349,23.580349,3779200
hardzero_plus_depr__c0p50__z1p00__lam0p020__nu0p50__psi0p75,hardzero_plus_depr,0.06,33,1181,0.0,2,0.22826749,0.22826749,0.94456476,0.11361488,0.11361488,1.0,1.422248e-10,1.2518149e-09,-26.039606,2.078084,0.69269466,0.17600001,0.0,0.1466397,23.580349,23.60035,3782400
hardzero_plus_depr__c0p50__z1p00__lam0p020__nu0p50__psi0p75,hardzero_plus_depr,0.06,33,1182,0.0,2,0.22826749,0.22826749,1.0108573,0.0,0.097531,0.0,0.0,1.2331761e-09,-26.782013,2.2239306,0.74131024,0.16000001,0.0,0.16537748,23.60035,23.62035,3785600
hardzero_plus_depr__c0p50__z1p00__lam0p020__nu0p50__psi0p75,hardzero_plus_depr,0.06,33,1183,0.0,2,0.22826749,0.22826749,0.9925531,0.10172949,0.10172949,1.0,1.235825e-10,1.2148149e-09,-26.58757,2.1836605,0.72788686,0.14999999,0.0,0.14846478,23.62035,23.64035,3788800
hardzero_plus_depr__c0p50__z1p00__lam0p020__nu0p50__psi0p75,hardzero_plus_depr,0.06,33,1184,0.0,2,0.22826749,0.22826749,1.026889,0.0,0.093996346,0.0,0.0,1.1967294e-09,-27.245012,2.2592008,0.75306696,0.15200001,0.0,0.14215334,23.64035,23.66035,3792000
hardzero_plus_depr__c0p50__z1p00__lam0p020__nu0p50__psi0p75,hardzero_plus_depr,0.06,33,1185,0.0,2,0.22826749,0.22826749,1.0212946,0.0,0.095215,0.0,0.0,1.1789132e-09,-26.842525,2.246893,0.7489643,0.16000001,0.0,0.1406199,23.66035,23.680351,3795200
hardzero_plus_depr__c0p50__z1p00__lam0p020__nu0p50__psi0p75,hardzero_plus_depr,0.06,33,1186,0.0,2,0.22826749,0.22826749,1.0092608,0.0,0.0978902,0.0,0.0,1.1613598e-09,-26.577574,2.220418,0.74013937,0.120000005,0.0,0.1274619,23.680351,23.700352,3798400
hardzero_plus_depr__c0p50__z1p00__lam0p020__nu0p50__psi0p75,hardzero_plus_depr,0.06,33,1187,0.0,2,0.22826749,0.22826749,0.9584269,0.110045694,0.110045694,1.0,1.2589976e-10,1.1440681e-09,-25.925016,2.1085813,0.7028605,0.18400002,0.0,0.12799339,23.700352,23.720352,3801600
hardzero_plus_depr__c0p50__z1p00__lam0p020__nu0p50__psi0p75,hardzero_plus_depr,0.06,33,1188,0.0,2,0.22826749,0.22826749,1.0128851,0.0,0.09707668,0.0,0.0,1.1270358e-09,-27.083326,2.2283916,0.74279726,0.23200001,0.0,0.14459464,23.720352,23.740353,3804800
hardzero_plus_depr__c0p50__z1p00__lam0p020__nu0p50__psi0p75,hardzero_plus_depr,0.06,33,1189,0.0,2,0.22826749,0.22826749,0.9597356,0.10971458,0.10971458,1.0,1.218114e-10,1.1102571e-09,-26.387518,2.1114604,0.70382017,0.120000005,0.0,0.15218371,23.740353,23.760353,3808000
hardzero_plus_depr__c0p50__z1p00__lam0p020__nu0p50__psi0p75,hardzero_plus_depr,0.06,33,1190,0.0,2,0.22826749,0.22826749,1.0252928,0.0,0.09434247,0.0,0.0,1.093726e-09,-27.169704,2.2556891,0.7518964,0.16000001,0.0,0.14862429,23.760353,23.780354,3811200
hardzero_plus_depr__c0p50__z1p00__lam0p020__nu0p50__psi0p75,hardzero_plus_depr,0.06,33,1191,0.0,2,0.22826749,0.22826749,1.0206295,0.0,0.09536092,0.0,0.0,1.0774412e-09,-26.491095,2.2454298,0.7484766,0.192,0.0,0.13077073,23.780354,23.800354,3814400
hardzero_plus_depr__c0p50__z1p00__lam0p020__nu0p50__psi0p75,hardzero_plus_depr,0.06,33,1192,0.0,2,0.22826749,0.22826749,0.95002216,0.11219612,0.11219612,1.0,1.1908506e-10,1.0614009e-09,-26.455145,2.0900905,0.6966969,0.2,0.0,0.15691495,23.800354,23.820354,3817600
hardzero_plus_depr__c0p50__z1p00__lam0p020__nu0p50__psi0p75,hardzero_plus_depr,0.06,33,1193,0.0,2,0.22826749,0.22826749,0.9860461,0.10326517,0.10326517,1.0,1.0797397e-10,1.0455992e-09,-27.014856,2.1693447,0.7231149,0.18400002,0.0,0.15304859,23.820354,23.840355,3820800
hardzero_plus_depr__c0p50__z1p00__lam0p020__nu0p50__psi0p75,hardzero_plus_depr,0.06,33,1194,0.0,2,0.22826749,0.22826749,1.0240906,0.0,0.09460397,0.0,0.0,1.0300311e-09,-27.695908,2.2530444,0.7510148,0.17600001,0.0,0.13090083,23.840355,23.860355,3824000
hardzero_plus_depr__c0p50__z1p00__lam0p020__nu0p50__psi0p75,hardzero_plus_depr,0.06,33,1195,0.0,2,0.22826749,0.22826749,0.992893,0.10164992,0.10164992,1.0,1.0314362e-10,1.0146946e-09,-26.91259,2.1844082,0.72813606,0.16000001,0.0,0.13197017,23.860355,23.880356,3827200
hardzero_plus_depr__c0p50__z1p00__lam0p020__nu0p50__psi0p75,hardzero_plus_depr,0.06,33,1196,0.0,2,0.22826749,0.22826749,1.002729,0.0,0.099373564,0.0,0.0,9.995882e-10,-26.420258,2.206048,0.73534936,0.17999999,0.0,0.14580797,23.880356,23.900356,3830400
hardzero_plus_depr__c0p50__z1p00__lam0p020__nu0p50__psi0p75,hardzero_plus_depr,0.06,33,1197,0.0,2,0.22826749,0.22826749,1.0172802,0.0,0.0960992,0.0,0.0,9.84707e-10,-27.279858,2.2380612,0.74602044,0.18400002,0.0,0.13714236,23.900356,23.920357,3833600
hardzero_plus_depr__c0p50__z1p00__lam0p020__nu0p50__psi0p75,hardzero_plus_depr,0.06,33,1198,0.0,2,0.22826749,0.22826749,1.0301539,0.0,0.09329237,0.0,0.0,9.700454e-10,-27.371662,2.2663836,0.7554612,0.17600001,0.0,0.16205664,23.920357,23.940357,3836800
hardzero_plus_depr__c0p50__z1p00__lam0p020__nu0p50__psi0p75,hardzero_plus_depr,0.06,33,1199,0.0,2,0.22826749,0.22826749,1.0483778,0.0,0.08945863,0.0,0.0,9.556019e-10,-27.155893,2.306477,0.7688257,0.128,0.0,0.14262696,23.940357,23.960358,3840000
hardzero_plus_depr__c0p50__z1p00__lam0p020__nu0p50__psi0p75,hardzero_plus_depr,0.06,33,1200,0.0,2,0.22826749,0.22826749,0.97872305,0.105021186,0.105021186,1.0,9.8864375e-11,9.413755e-10,-26.800318,2.1532338,0.7177446,0.192,0.0,0.13871081,23.960358,23.980358,3843200
hardzero_plus_depr__c0p50__z1p00__lam0p020__nu0p50__psi0p75,hardzero_plus_depr,0.06,33,1201,0.0,2,0.22826749,0.22826749,1.0205166,0.0,0.09538572,0.0,0.0,9.273609e-10,-27.088097,2.2451813,0.7483938,0.15200001,0.0,0.14548375,23.980358,24.000359,3846400
hardzero_plus_depr__c0p50__z1p00__lam0p020__nu0p50__psi0p75,hardzero_plus_depr,0.06,33,1202,0.0,2,0.22826749,0.22826749,1.0325136,0.0,0.09278684,0.0,0.0,9.1355307e-10,-27.032915,2.2715752,0.7571918,0.192,0.0,0.1371874,24.000359,24.020359,3849600
hardzero_plus_depr__c0p50__z1p00__lam0p020__nu0p50__psi0p75,hardzero_plus_depr,0.06,33,1203,0.0,2,0.22826749,0.22826749,0.9989961,0.10023143,0.10023143,1.0,9.020336e-11,8.9995084e-10,-26.803623,2.1978352,0.7326118,0.16000001,0.0,0.16330992,24.020359,24.04036,3852800
hardzero_plus_depr__c0p50__z1p00__lam0p020__nu0p50__psi0p75,hardzero_plus_depr,0.06,33,1204,0.0,2,0.22826749,0.22826749,0.98787796,0.10283051,0.10283051,1.0,9.116468e-11,8.865529e-10,-25.980196,2.173375,0.72445834,0.18400002,0.0,0.13556252,24.04036,24.06036,3856000
hardzero_plus_depr__c0p50__z1p00__lam0p020__nu0p50__psi0p75,hardzero_plus_depr,0.06,33,1205,0.0,2,0.22826749,0.22826749,0.97219443,0.10661186,0.10661186,1.0,9.310993e-11,8.7335433e-10,-26.804352,2.1388705,0.71295685,0.208,0.0,0.15098846,24.06036,24.08036,3859200
hardzero_plus_depr__c0p50__z1p00__lam0p020__nu0p50__psi0p75,hardzero_plus_depr,0.06,33,1206,0.0,2,0.22826749,0.22826749,0.94106746,0.11453349,0.11453349,1.0,9.853896e-11,8.603506e-10,-25.535942,2.0703897,0.69012994,0.192,0.0,0.11628463,24.08036,24.10036,3862400
hardzero_plus_depr__c0p50__z1p00__lam0p020__nu0p50__psi0p75,hardzero_plus_depr,0.06,33,1207,0.0,2,0.22826749,0.22826749,1.0011982,0.0,0.09972448,0.0,0.0,8.475406e-10,-27.87992,2.2026799,0.73422664,0.136,0.0,0.12752543,24.10036,24.120361,3865600
hardzero_plus_depr__c0p50__z1p00__lam0p020__nu0p50__psi0p75,hardzero_plus_depr,0.06,33,1208,0.0,2,0.22826749,0.22826749,0.9691659,0.10735793,0.10735793,1.0,8.963559e-11,8.349229e-10,-26.899387,2.1322076,0.7107359,0.17600001,0.0,0.15280704,24.120361,24.140362,3868800
hardzero_plus_depr__c0p50__z1p00__lam0p020__nu0p50__psi0p75,hardzero_plus_depr,0.06,33,1209,0.0,2,0.22826749,0.22826749,1.0433654,0.0,0.09049711,0.0,0.0,8.2249296e-10,-27.45932,2.2954497,0.76514995,0.14999999,0.0,0.124849014,24.140362,24.160362,3872000
hardzero_plus_depr__c0p50__z1p00__lam0p020__nu0p50__psi0p75,hardzero_plus_depr,0.06,33,1210,0.0,2,0.22826749,0.22826749,0.9966749,0.100768566,0.100768566,1.0,8.164739e-11,8.1024665e-10,-26.435944,2.1927285,0.7309095,0.128,0.0,0.1352963,24.160362,24.180363,3875200
hardzero_plus_depr__c0p50__z1p00__lam0p020__nu0p50__psi0p75,hardzero_plus_depr,0.06,33,1211,0.0,2,0.22826749,0.22826749,0.9931845,0.1015817,0.1015817,1.0,8.1080746e-11,7.9818263e-10,-27.395765,2.1850495,0.72834986,0.15200001,0.0,0.1322629,24.180363,24.200363,3878400
hardzero_plus_depr__c0p50__z1p00__lam0p020__nu0p50__psi0p75,hardzero_plus_depr,0.06,33,1212,0.0,2,0.22826749,0.22826749,0.9832264,0.10393781,0.10393781,1.0,8.172627e-11,7.862997e-10,-26.38716,2.1631413,0.7210471,0.224,0.0,0.13773888,24.200363,24.220364,3881600
hardzero_plus_depr__c0p50__z1p00__lam0p020__nu0p50__psi0p75,hardzero_plus_depr,0.06,33,1213,0.0,2,0.22826749,0.22826749,0.9789139,0.104975045,0.104975045,1.0,8.131301e-11,7.745937e-10,-26.990967,2.1536536,0.71788454,0.15200001,0.0,0.1308045,24.220364,24.240364,3884800
hardzero_plus_depr__c0p50__z1p00__lam0p020__nu0p50__psi0p75,hardzero_plus_depr,0.06,33,1214,0.0,2,0.22826749,0.22826749,1.0176249,0.0,0.09602298,0.0,0.0,7.630605e-10,-26.818281,2.2388194,0.74627316,0.128,0.0,0.11935372,24.240364,24.260365,3888000
hardzero_plus_depr__c0p50__z1p00__lam0p020__nu0p50__psi0p75,hardzero_plus_depr,0.06,33,1215,0.0,2,0.22826749,0.22826749,1.0328456,0.0,0.09271595,0.0,0.0,7.51699e-10,-28.079334,2.2723057,0.75743526,0.16000001,0.0,0.14289787,24.260365,24.280365,3891200
hardzero_plus_depr__c0p50__z1p00__lam0p020__nu0p50__psi0p75,hardzero_plus_depr,0.06,33,1216,0.0,2,0.22826749,0.22826749,0.9520139,0.111682735,0.111682735,1.0,8.270197e-11,7.405081e-10,-26.227114,2.0944724,0.6981575,0.264,0.0,0.14184013,24.280365,24.300365,3894400
hardzero_plus_depr__c0p50__z1p00__lam0p020__nu0p50__psi0p75,hardzero_plus_depr,0.06,33,1217,0.0,2,0.22826749,0.22826749,0.929715,0.1175669,0.1175669,1.0,8.5763154e-11,7.2948386e-10,-25.809748,2.0454137,0.6818046,0.224,0.0,0.13646433,24.300365,24.320366,3897600
hardzero_plus_depr__c0p50__z1p00__lam0p020__nu0p50__psi0p75,hardzero_plus_depr,0.06,33,1218,0.0,2,0.22826749,0.22826749,1.0252306,0.0,0.09435596,0.0,0.0,7.186224e-10,-27.452385,2.2555525,0.75185084,0.136,0.0,0.17788805,24.320366,24.340366,3900800
hardzero_plus_depr__c0p50__z1p00__lam0p020__nu0p50__psi0p75,hardzero_plus_depr,0.06,33,1219,0.0,2,0.22826749,0.22826749,0.99655104,0.1007973,0.1007973,1.0,7.135668e-11,7.079225e-10,-26.263237,2.192456,0.7308187,0.17600001,0.0,0.14529285,24.340366,24.360367,3904000
hardzero_plus_depr__c0p50__z1p00__lam0p020__nu0p50__psi0p75,hardzero_plus_depr,0.06,33,1220,0.0,2,0.22826749,0.22826749,0.96309364,0.10886953,0.10886953,1.0,7.5923795e-11,6.973833e-10,-26.24962,2.1188483,0.7062828,0.18400002,0.0,0.1441706,24.360367,24.380367,3907200
hardzero_plus_depr__c0p50__z1p00__lam0p020__nu0p50__psi0p75,hardzero_plus_depr,0.06,33,1221,0.0,2,0.22826749,0.22826749,0.9894683,0.10245466,0.10245466,1.0,7.038647e-11,6.870011e-10,-27.458004,2.1768737,0.72562456,0.17600001,0.0,0.14948277,24.380367,24.400368,3910400
hardzero_plus_depr__c0p50__z1p00__lam0p020__nu0p50__psi0p75,hardzero_plus_depr,0.06,33,1222,0.0,2,0.22826749,0.22826749,1.0045662,0.0,0.098954104,0.0,0.0,6.767721e-10,-26.801865,2.2100897,0.7366966,0.16,0.0,0.14354931,24.400368,24.420368,3913600
hardzero_plus_depr__c0p50__z1p00__lam0p020__nu0p50__psi0p75,hardzero_plus_depr,0.06,33,1223,0.0,2,0.22826749,0.22826749,0.98040843,0.10461441,0.10461441,1.0,6.974594e-11,6.6669537e-10,-26.948282,2.1569417,0.71898055,0.24000001,0.0,0.1278068,24.420368,24.440369,3916800
hardzero_plus_depr__c0p50__z1p00__lam0p020__nu0p50__psi0p75,hardzero_plus_depr,0.06,33,1224,0.0,2,0.22826749,0.22826749,1.0381267,0.0,0.091595314,0.0,0.0,6.5677e-10,-28.192528,2.2839243,0.76130813,0.112,0.0,0.1488372,24.440369,24.46037,3920000
hardzero_plus_depr__c0p50__z1p00__lam0p020__nu0p50__psi0p75,hardzero_plus_depr,0.06,33,1225,0.0,2,0.22826749,0.22826749,0.99586654,0.100956306,0.100956306,1.0,6.531796e-11,6.4699235e-10,-27.107544,2.1909502,0.73031676,0.18400002,0.0,0.13829836,24.46037,24.48037,3923200
hardzero_plus_depr__c0p50__z1p00__lam0p020__nu0p50__psi0p75,hardzero_plus_depr,0.06,33,1226,0.0,2,0.22826749,0.22826749,1.0152849,0.0,0.09654172,0.0,0.0,6.373591e-10,-27.304924,2.2336714,0.74455714,0.16800001,0.0,0.16218817,24.48037,24.50037,3926400
hardzero_plus_depr__c0p50__z1p00__lam0p020__nu0p50__psi0p75,hardzero_plus_depr,0.06,33,1227,0.0,2,0.22826749,0.22826749,1.007009,0.0,0.09839907,0.0,0.0,6.278692e-10,-27.828978,2.215464,0.7384881,0.208,0.0,0.15065317,24.50037,24.52037,3929600
hardzero_plus_depr__c0p50__z1p00__lam0p020__nu0p50__psi0p75,hardzero_plus_depr,0.06,33,1228,0.0,2,0.22826749,0.22826749,0.9881588,0.10276404,0.10276404,1.0,6.35618e-11,6.1852184e-10,-26.32097,2.1739929,0.72466433,0.2,0.0,0.13821462,24.52037,24.54037,3932800
hardzero_plus_depr__c0p50__z1p00__lam0p020__nu0p50__psi0p75,hardzero_plus_depr,0.06,33,1229,0.0,2,0.22826749,0.22826749,0.9796064,0.104807794,0.104807794,1.0,6.386082e-11,6.0931366e-10,-26.626627,2.155177,0.7183924,0.208,0.0,0.14471218,24.54037,24.560371,3936000
hardzero_plus_depr__c0p50__z1p00__lam0p020__nu0p50__psi0p75,hardzero_plus_depr,0.06,33,1230,0.0,2,0.22826749,0.22826749,0.99054927,0.102199964,0.102199964,1.0,6.1344645e-11,6.0024136e-10,-27.155224,2.179252,0.7264173,0.16000001,0.0,0.16764003,24.560371,24.580372,3939200
hardzero_plus_depr__c0p50__z1p00__lam0p020__nu0p50__psi0p75,hardzero_plus_depr,0.06,33,1231,0.0,2,0.22826749,0.22826749,0.9430957,0.11399985,0.11399985,1.0,6.7408586e-11,5.913042e-10,-25.900946,2.074852,0.69161737,0.216,0.0,0.15833443,24.580372,24.600372,3942400
hardzero_plus_depr__c0p50__z1p00__lam0p020__nu0p50__psi0p75,hardzero_plus_depr,0.06,33,1232,0.0,2,0.22826749,0.22826749,1.011013,0.0,0.09749604,0.0,0.0,5.825011e-10,-26.59772,2.224273,0.7414243,0.14400001,0.0,0.1501282,24.600372,24.620373,3945600
hardzero_plus_depr__c0p50__z1p00__lam0p020__nu0p50__psi0p75,hardzero_plus_depr,0.06,33,1233,0.0,2,0.22826749,0.22826749,0.9760862,0.10566077,0.10566077,1.0,6.0631236e-11,5.738292e-10,-26.412107,2.1474326,0.7158109,0.192,0.0,0.12669507,24.620373,24.640373,3948800
hardzero_plus_depr__c0p50__z1p00__lam0p020__nu0p50__psi0p75,hardzero_plus_depr,0.06,33,1234,0.0,2,0.22826749,0.22826749,0.97655916,0.10554578,0.10554578,1.0,5.9663476e-11,5.6528526e-10,-26.45797,2.148473,0.7161577,0.136,0.0,0.16216886,24.640373,24.660374,3952000
hardzero_plus_depr__c0p50__z1p00__lam0p020__nu0p50__psi0p75,hardzero_plus_depr,0.06,33,1235,0.0,2,0.22826749,0.22826749,1.0219915,0.0,0.09506234,0.0,0.0,5.568685e-10,-27.19479,2.2484262,0.7494754,0.14999999,0.0,0.13929036,24.660374,24.680374,3955200
hardzero_plus_depr__c0p50__z1p00__lam0p020__nu0p50__psi0p75,hardzero_plus_depr,0.06,33,1236,0.0,2,0.22826749,0.22826749,1.0281876,0.0,0.0937157,0.0,0.0,5.485782e-10,-27.092455,2.262058,0.7540194,0.136,0.0,0.14395289,24.680374,24.700375,3958400
hardzero_plus_depr__c0p50__z1p00__lam0p020__nu0p50__psi0p75,hardzero_plus_depr,0.06,33,1237,0.0,2,0.22826749,0.22826749,1.0061194,0.0,0.09860085,0.0,0.0,5.4041116e-10,-26.58926,2.213507,0.73783565,0.14400001,0.0,0.13677971,24.700375,24.720375,3961600
hardzero_plus_depr__c0p50__z1p00__lam0p020__nu0p50__psi0p75,hardzero_plus_depr,0.06,33,1238,0.0,2,0.22826749,0.22826749,0.9496689,0.11228742,0.11228742,1.0,5.977788e-11,5.323649e-10,-25.925304,2.0893133,0.6964378,0.14400001,0.0,0.13351047,24.720375,24.740376,3964800
hardzero_plus_depr__c0p50__z1p00__lam0p020__nu0p50__psi0p75,hardzero_plus_depr,0.06,33,1239,0.0,2,0.22826749,0.22826749,0.9979141,0.10048145,0.10048145,1.0,5.269632e-11,5.2443827e-10,-27.065603,2.1954548,0.7318183,0.17600001,0.0,0.13670145,24.740376,24.760376,3968000
hardzero_plus_depr__c0p50__z1p00__lam0p020__nu0p50__psi0p75,hardzero_plus_depr,0.06,33,1240,0.0,2,0.22826749,0.22826749,0.98372847,0.10381772,0.10381772,1.0,5.3635426e-11,5.1663074e-10,-26.362045,2.1642458,0.7214153,0.128,0.0,0.15769966,24.760376,24.780376,3971200
hardzero_plus_depr__c0p50__z1p00__lam0p020__nu0p50__psi0p75,hardzero_plus_depr,0.06,33,1241,0.0,2,0.22826749,0.22826749,1.000702,0.0,0.09983848,0.0,0.0,5.0893945e-10,-26.948912,2.2015884,0.7338628,0.17600001,0.0,0.12694311,24.780376,24.800377,3974400
hardzero_plus_depr__c0p50__z1p00__lam0p020__nu0p50__psi0p75,hardzero_plus_depr,0.06,33,1242,0.0,2,0.22826749,0.22826749,0.9884856,0.10268675,0.10268675,1.0,5.14832e-11,5.013617e-10,-27.479965,2.1747117,0.72490394,0.17600001,0.0,0.15952545,24.800377,24.820377,3977600
hardzero_plus_depr__c0p50__z1p00__lam0p020__nu0p50__psi0p75,hardzero_plus_depr,0.06,33,1243,0.0,2,0.22826749,0.22826749,1.0451798,0.0,0.090119794,0.0,0.0,4.938967e-10,-26.818264,2.2994416,0.76648057,0.14400001,0.0,0.16795675,24.820377,24.840378,3980800
hardzero_plus_depr__c0p50__z1p00__lam0p020__nu0p50__psi0p75,hardzero_plus_depr,0.06,33,1244,0.0,2,0.22826749,0.22826749,1.034168,0.0,0.09243404,0.0,0.0,4.865438e-10,-27.625738,2.2752151,0.7584051,0.120000005,0.0,0.16947745,24.840378,24.860378,3984000
hardzero_plus_depr__c0p50__z1p00__lam0p020__nu0p50__psi0p75,hardzero_plus_depr,0.06,33,1245,0.0,2,0.22826749,0.22826749,1.0082517,0.0,0.098117925,0.0,0.0,4.7930043e-10,-26.908756,2.218198,0.7393994,0.15200001,0.0,0.1561538,24.860378,24.880379,3987200
hardzero_plus_depr__c0p50__z1p00__lam0p020__nu0p50__psi0p75,hardzero_plus_depr,0.06,33,1246,0.0,2,0.22826749,0.22826749,0.9710142,0.10690198,0.10690198,1.0,5.0475263e-11,4.72164e-10,-26.135502,2.1362739,0.7120913,0.192,0.0,0.119571425,24.880379,24.90038,3990400
hardzero_plus_depr__c0p50__z1p00__lam0p020__nu0p50__psi0p75,hardzero_plus_depr,0.06,33,1247,0.0,2,0.22826749,0.22826749,1.0073668,0.0,0.098318055,0.0,0.0,4.651338e-10,-27.390005,2.2162511,0.7387504,0.192,0.0,0.18308297,24.90038,24.92038,3993600
hardzero_plus_depr__c0p50__z1p00__lam0p020__nu0p50__psi0p75,hardzero_plus_depr,0.06,33,1248,0.0,2,0.22826749,0.22826749,0.99991775,0.10001893,0.10001893,1.0,4.582959e-11,4.5820914e-10,-27.242805,2.199863,0.7332877,0.25,0.0,0.16153382,24.92038,24.94038,3996800
hardzero_plus_depr__c0p50__z1p00__lam0p020__nu0p50__psi0p75,hardzero_plus_depr,0.06,33,1249,0.0,2,0.22826749,0.22826749,0.948512,0.11258694,0.11258694,1.0,5.0820344e-11,4.5138757e-10,-26.563076,2.0867682,0.6955894,0.16800001,0.0,0.11761132,24.94038,24.96038,4000000
hardzero_plus_depr__c0p50__z1p00__lam0p020__nu0p50__psi0p75,hardzero_plus_depr,0.06,34,0,1.0,1,1.0,0.5,1.0739973,0.0,0.084334016,0.0,0.0,0.06,-27.958464,2.3628411,0.78761375,0.17999999,0.0,0.15948392,0.0,0.0,3200
hardzero_plus_depr__c0p50__z1p00__lam0p020__nu0p50__psi0p75,hardzero_plus_depr,0.06,34,1,1.0,2,0.5,0.0,1.0724891,0.0,0.08462738,0.0,0.0,0.06,-28.132221,2.3595233,0.7865078,0.136,0.0,0.14916873,0.0,0.0,6400
hardzero_plus_depr__c0p50__z1p00__lam0p020__nu0p50__psi0p75,hardzero_plus_depr,0.06,34,2,0.0,2,0.0,0.0,1.0084956,0.0,0.09806283,0.0,0.0,0.06,-26.590174,2.2187345,0.7395782,0.128,0.0,0.13569166,0.0,0.02,9600
hardzero_plus_depr__c0p50__z1p00__lam0p020__nu0p50__psi0p75,hardzero_plus_depr,0.06,34,3,0.0,2,0.0,0.0,1.0298115,0.0,0.09336594,0.0,0.0,0.059106715,-27.718489,2.2656305,0.75521016,0.128,0.0,0.15343334,0.02,0.04,12800
hardzero_plus_depr__c0p50__z1p00__lam0p020__nu0p50__psi0p75,hardzero_plus_depr,0.06,34,4,0.0,2,0.0,0.005961018,0.98980194,0.10237597,0.10237597,1.0,0.005961018,0.058226734,-26.684908,2.1776078,0.7258693,0.216,0.0,0.13350789,0.04,0.06,16000
hardzero_plus_depr__c0p50__z1p00__lam0p020__nu0p50__psi0p75,hardzero_plus_depr,0.06,34,5,0.0,2,0.005961018,0.005961018,1.0717071,0.0,0.08477989,0.0,0.0,0.057359852,-28.204386,2.3578029,0.7859343,0.096,0.0,0.14254703,0.06,0.08,19200
hardzero_plus_depr__c0p50__z1p00__lam0p020__nu0p50__psi0p75,hardzero_plus_depr,0.06,34,6,0.0,2,0.005961018,0.011779232,0.9873039,0.10296654,0.10296654,1.0,0.0058182143,0.056505874,-27.10884,2.172112,0.72403735,0.14400001,0.0,0.14755921,0.08,0.099999994,22400
hardzero_plus_depr__c0p50__z1p00__lam0p020__nu0p50__psi0p75,hardzero_plus_depr,0.06,34,7,0.0,2,0.011779232,0.011779232,1.0088048,0.0,0.09799304,0.0,0.0,0.055664614,-27.657505,2.219415,0.739805,0.18400002,0.0,0.173738,0.099999994,0.11999999,25600
hardzero_plus_depr__c0p50__z1p00__lam0p020__nu0p50__psi0p75,hardzero_plus_depr,0.06,34,8,0.0,2,0.011779232,0.01785018,0.9558083,0.11071123,0.11071123,1.0,0.0060709473,0.054835875,-26.55263,2.1028202,0.7009401,0.192,0.0,0.15357259,0.11999999,0.13999999,28800
hardzero_plus_depr__c0p50__z1p00__lam0p020__nu0p50__psi0p75,hardzero_plus_depr,0.06,34,9,0.0,2,0.01785018,0.01785018,1.0283065,0.0,0.093690045,0.0,0.0,0.054019473,-27.547411,2.2623193,0.75410646,0.16000001,0.0,0.17497444,0.13999999,0.15999998,32000
hardzero_plus_depr__c0p50__z1p00__lam0p020__nu0p50__psi0p75,hardzero_plus_depr,0.06,34,10,0.0,2,0.01785018,0.01785018,1.0044414,0.0,0.098982535,0.0,0.0,0.053215224,-26.480654,2.2098153,0.7366051,0.16800001,0.0,0.14573565,0.15999998,0.17999998,35200
hardzero_plus_depr__c0p50__z1p00__lam0p020__nu0p50__psi0p75,hardzero_plus_depr,0.06,34,11,0.0,2,0.01785018,0.023757366,0.94814074,0.11268321,0.11268321,1.0,0.005907187,0.052422956,-25.905787,2.0859513,0.69531715,0.2,0.0,0.12604728,0.17999998,0.19999997,38400
hardzero_plus_depr__c0p50__z1p00__lam0p020__nu0p50__psi0p75,hardzero_plus_depr,0.06,34,12,0.0,2,0.023757366,0.023757366,1.055897,0.0,0.087923095,0.0,0.0,0.051642478,-27.827684,2.3230197,0.7743399,0.128,0.0,0.13968232,0.19999997,0.21999997,41600
hardzero_plus_depr__c0p50__z1p00__lam0p020__nu0p50__psi0p75,hardzero_plus_depr,0.06,34,13,0.0,2,0.023757366,0.023757366,1.022253,0.0,0.09500511,0.0,0.0,0.050873626,-26.729296,2.2490015,0.74966717,0.16,0.0,0.1211322,0.21999997,0.23999996,44800
hardzero_plus_depr__c0p50__z1p00__lam0p020__nu0p50__psi0p75,hardzero_plus_depr,0.06,34,14,0.0,2,0.023757366,0.029090298,0.9730122,0.10641131,0.10641131,1.0,0.0053329314,0.05011621,-25.602076,2.1406696,0.7135565,0.15200001,0.0,0.13047089,0.23999996,0.25999996,48000
hardzero_plus_depr__c0p50__z1p00__lam0p020__nu0p50__psi0p75,hardzero_plus_depr,0.06,34,15,0.0,2,0.029090298,0.029090298,1.0006772,0.0,0.099844195,0.0,0.0,0.049370084,-27.109844,2.2015338,0.73384464,0.2,0.0,0.14095488,0.25999996,0.27999997,51200
hardzero_plus_depr__c0p50__z1p00__lam0p020__nu0p50__psi0p75,hardzero_plus_depr,0.06,34,16,0.0,2,0.029090298,0.029090298,1.0200813,0.0,0.09548138,0.0,0.0,0.048635054,-27.097738,2.2442236,0.74807453,0.16000001,0.0,0.13874662,0.27999997,0.29999998,54400
hardzero_plus_depr__c0p50__z1p00__lam0p020__nu0p50__psi0p75,hardzero_plus_depr,0.06,34,17,0.0,2,0.029090298,0.029090298,1.0634298,0.0,0.08641122,0.0,0.0,0.047910973,-27.421856,2.3395925,0.7798642,0.136,0.0,0.15196434,0.29999998,0.32,57600
hardzero_plus_depr__c0p50__z1p00__lam0p020__nu0p50__psi0p75,hardzero_plus_depr,0.06,34,18,0.0,2,0.029090298,0.029090298,1.0163176,0.0,0.09631244,0.0,0.0,0.047197673,-27.574257,2.2359433,0.7453145,0.17600001,0.0,0.15705635,0.32,0.34,60800
hardzero_plus_depr__c0p50__z1p00__lam0p020__nu0p50__psi0p75,hardzero_plus_depr,0.06,34,19,0.0,2,0.029090298,0.033770785,0.99711496,0.10066651,0.10066651,1.0,0.0046804883,0.04649499,-27.125183,2.1936967,0.7312323,0.120000005,0.0,0.14081338,0.34,0.36,64000
hardzero_plus_depr__c0p50__z1p00__lam0p020__nu0p50__psi0p75,hardzero_plus_depr,0.06,34,20,0.0,2,0.033770785,0.03840912,0.9945296,0.10126758,0.10126758,1.0,0.0046383357,0.04580277,-26.265633,2.1880088,0.72933626,0.2,0.0,0.12904198,0.36,0.38000003,67200
hardzero_plus_depr__c0p50__z1p00__lam0p020__nu0p50__psi0p75,hardzero_plus_depr,0.06,34,21,0.0,2,0.03840912,0.03840912,1.043486,0.0,0.090471946,0.0,0.0,0.045120854,-28.654552,2.295715,0.7652384,0.208,0.0,0.17824227,0.38000003,0.40000004,70400
hardzero_plus_depr__c0p50__z1p00__lam0p020__nu0p50__psi0p75,hardzero_plus_depr,0.06,34,22,0.0,2,0.03840912,0.03840912,1.0368582,0.0,0.091863245,0.0,0.0,0.04444909,-27.679771,2.2811337,0.7603779,0.16800001,0.0,0.17303509,0.40000004,0.42000005,73600
hardzero_plus_depr__c0p50__z1p00__lam0p020__nu0p50__psi0p75,hardzero_plus_depr,0.06,34,23,0.0,2,0.03840912,0.03840912,1.0368321,0.0,0.091868766,0.0,0.0,0.04378733,-27.931032,2.2810762,0.76035875,0.15200001,0.0,0.18816525,0.42000005,0.44000006,76800
hardzero_plus_depr__c0p50__z1p00__lam0p020__nu0p50__psi0p75,hardzero_plus_depr,0.06,34,24,0.0,2,0.03840912,0.03840912,1.0522352,0.0,0.08866755,0.0,0.0,0.043135423,-27.57648,2.3149638,0.7716546,0.120000005,0.0,0.15025048,0.44000006,0.46000007,80000
hardzero_plus_depr__c0p50__z1p00__lam0p020__nu0p50__psi0p75,hardzero_plus_depr,0.06,34,25,0.0,2,0.03840912,0.042791225,0.986637,0.10312476,0.10312476,1.0,0.0043821028,0.042493217,-27.10965,2.1706448,0.7235483,0.16000001,0.0,0.12258877,0.46000007,0.48000008,83200
hardzero_plus_depr__c0p50__z1p00__lam0p020__nu0p50__psi0p75,hardzero_plus_depr,0.06,34,26,0.0,2,0.042791225,0.042791225,1.0123879,0.0,0.09718788,0.0,0.0,0.041860577,-27.06366,2.2272978,0.7424326,0.19,0.0,0.14056313,0.48000008,0.50000006,86400
hardzero_plus_depr__c0p50__z1p00__lam0p020__nu0p50__psi0p75,hardzero_plus_depr,0.06,34,27,0.0,2,0.042791225,0.047296003,0.9616173,0.10924025,0.10924025,1.0,0.004504779,0.041237354,-27.588465,2.1156003,0.70520014,0.16800001,0.0,0.14207257,0.50000006,0.52000004,89600
hardzero_plus_depr__c0p50__z1p00__lam0p020__nu0p50__psi0p75,hardzero_plus_depr,0.06,34,28,0.0,2,0.047296003,0.047296003,1.0016737,0.0,0.09961536,0.0,0.0,0.04062341,-27.219969,2.203726,0.7345754,0.128,0.0,0.13083486,0.52000004,0.54,92800
hardzero_plus_depr__c0p50__z1p00__lam0p020__nu0p50__psi0p75,hardzero_plus_depr,0.06,34,29,0.0,2,0.047296003,0.047296003,1.0151207,0.0,0.09657823,0.0,0.0,0.040018607,-26.73904,2.2333102,0.74443674,0.104,0.0,0.17247112,0.54,0.56,96000
hardzero_plus_depr__c0p50__z1p00__lam0p020__nu0p50__psi0p75,hardzero_plus_depr,0.06,34,30,0.0,2,0.047296003,0.047296003,1.0033576,0.0,0.09922986,0.0,0.0,0.039422806,-26.766832,2.2074308,0.7358103,0.17600001,0.0,0.16149728,0.56,0.58,99200
hardzero_plus_depr__c0p50__z1p00__lam0p020__nu0p50__psi0p75,hardzero_plus_depr,0.06,34,31,0.0,2,0.047296003,0.047296003,1.0033256,0.0,0.099237174,0.0,0.0,0.03883588,-26.732018,2.2073603,0.7357868,0.16800001,0.0,0.14432582,0.58,0.59999996,102400
hardzero_plus_depr__c0p50__z1p00__lam0p020__nu0p50__psi0p75,hardzero_plus_depr,0.06,34,32,0.0,2,0.047296003,0.047296003,1.089389,0.0,0.08139748,0.0,0.0,0.03825769,-28.662157,2.3967035,0.7989012,0.136,0.0,0.164179,0.59999996,0.61999995,105600
hardzero_plus_depr__c0p50__z1p00__lam0p020__nu0p50__psi0p75,hardzero_plus_depr,0.06,34,33,0.0,2,0.047296003,0.047296003,1.000074,0.0,0.099982955,0.0,0.0,0.037688106,-26.62726,2.2002068,0.73340225,0.15200001,0.0,0.14935128,0.61999995,0.6399999,108800
hardzero_plus_depr__c0p50__z1p00__lam0p020__nu0p50__psi0p75,hardzero_plus_depr,0.06,34,34,0.0,2,0.047296003,0.051150654,0.9837049,0.103823364,0.103823364,1.0,0.0038546508,0.037127007,-26.44231,2.164194,0.72139806,0.208,0.0,0.16346028,0.6399999,0.6599999,112000
hardzero_plus_depr__c0p50__z1p00__lam0p020__nu0p50__psi0p75,hardzero_plus_depr,0.06,34,35,0.0,2,0.051150654,0.054846186,0.9954983,0.101041935,0.101041935,1.0,0.0036955338,0.03657426,-27.138807,2.19014,0.7300467,0.112,0.0,0.14385208,0.6599999,0.6799999,115200
hardzero_plus_depr__c0p50__z1p00__lam0p020__nu0p50__psi0p75,hardzero_plus_depr,0.06,34,36,0.0,2,0.054846186,0.054846186,1.0458777,0.0,0.08997509,0.0,0.0,0.036029737,-27.085028,2.3009768,0.7669923,0.136,0.0,0.18710536,0.6799999,0.69999987,118400
hardzero_plus_depr__c0p50__z1p00__lam0p020__nu0p50__psi0p75,hardzero_plus_depr,0.06,34,37,0.0,2,0.054846186,0.054846186,1.0360721,0.0,0.092029676,0.0,0.0,0.035493325,-27.693443,2.2794042,0.7598014,0.16000001,0.0,0.18257464,0.69999987,0.71999985,121600
hardzero_plus_depr__c0p50__z1p00__lam0p020__nu0p50__psi0p75,hardzero_plus_depr,0.06,34,38,0.0,2,0.054846186,0.058574706,0.9720959,0.10663606,0.10663606,1.0,0.003728519,0.034964897,-26.516209,2.1386538,0.7128846,0.136,0.0,0.14808248,0.71999985,0.73999983,124800
hardzero_plus_depr__c0p50__z1p00__lam0p020__nu0p50__psi0p75,hardzero_plus_depr,0.06,34,39,0.0,2,0.058574706,0.058574706,1.0175328,0.0,0.0960433,0.0,0.0,0.03444434,-26.613787,2.238617,0.7462057,0.17,0.0,0.13318972,0.73999983,0.7599998,128000
hardzero_plus_depr__c0p50__z1p00__lam0p020__nu0p50__psi0p75,hardzero_plus_depr,0.06,34,40,0.0,2,0.058574706,0.058574706,1.0030309,0.0,0.099304534,0.0,0.0,0.033931527,-27.324583,2.206712,0.73557067,0.216,0.0,0.1456852,0.7599998,0.7799998,131200
hardzero_plus_depr__c0p50__z1p00__lam0p020__nu0p50__psi0p75,hardzero_plus_depr,0.06,34,41,0.0,2,0.058574706,0.062352266,0.9468777,0.1130114,0.1130114,1.0,0.0037775587,0.03342635,-25.552273,2.0831726,0.6943909,0.24800001,0.0,0.1122287,0.7799998,0.7999998,134400
hardzero_plus_depr__c0p50__z1p00__lam0p020__nu0p50__psi0p75,hardzero_plus_depr,0.06,34,42,0.0,2,0.062352266,0.06612898,0.9404608,0.11469359,0.11469359,1.0,0.003776711,0.0329287,-25.264374,2.069055,0.68968505,0.2,0.0,0.13438451,0.7999998,0.81999975,137600
hardzero_plus_depr__c0p50__z1p00__lam0p020__nu0p50__psi0p75,hardzero_plus_depr,0.06,34,43,0.0,2,0.06612898,0.06948203,0.98562026,0.10336649,0.10336649,1.0,0.0033530497,0.03243846,-27.441042,2.168408,0.72280264,0.192,0.0,0.16980027,0.81999975,0.83999974,140800
hardzero_plus_depr__c0p50__z1p00__lam0p020__nu0p50__psi0p75,hardzero_plus_depr,0.06,34,44,0.0,2,0.06948203,0.06948203,1.041257,0.0,0.09093748,0.0,0.0,0.031955514,-28.037842,2.2908113,0.7636038,0.096,0.0,0.1728044,0.83999974,0.8599997,144000
hardzero_plus_depr__c0p50__z1p00__lam0p020__nu0p50__psi0p75,hardzero_plus_depr,0.06,34,45,0.0,2,0.06948203,0.07268347,0.9926858,0.10169843,0.10169843,1.0,0.0032014423,0.03147976,-26.989212,2.1839523,0.72798413,0.16000001,0.0,0.15476303,0.8599997,0.8799997,147200
hardzero_plus_depr__c0p50__z1p00__lam0p020__nu0p50__psi0p75,hardzero_plus_depr,0.06,34,46,0.0,2,0.07268347,0.076024264,0.967667,0.10772909,0.10772909,1.0,0.0033407959,0.031011084,-26.09108,2.1289098,0.7096366,0.208,0.0,0.12965202,0.8799997,0.8999997,150400
hardzero_plus_depr__c0p50__z1p00__lam0p020__nu0p50__psi0p75,hardzero_plus_depr,0.06,34,47,0.0,2,0.076024264,0.076024264,1.0192697,0.0,0.09565998,0.0,0.0,0.03054939,-27.55242,2.242438,0.7474794,0.15200001,0.0,0.143645,0.8999997,0.91999966,153600
hardzero_plus_depr__c0p50__z1p00__lam0p020__nu0p50__psi0p75,hardzero_plus_depr,0.06,34,48,0.0,2,0.076024264,0.079093955,0.99139315,0.10200157,0.10200157,1.0,0.0030696935,0.03009457,-26.991083,2.1811085,0.7270362,0.15200001,0.0,0.1601251,0.91999966,0.93999964,156800
hardzero_plus_depr__c0p50__z1p00__lam0p020__nu0p50__psi0p75,hardzero_plus_depr,0.06,34,49,0.0,2,0.079093955,0.08214277,0.9878422,0.102838986,0.102838986,1.0,0.003048818,0.029646521,-26.736504,2.1732962,0.7244321,0.136,0.0,0.12979639,0.93999964,0.9599996,160000
hardzero_plus_depr__c0p50__z1p00__lam0p020__nu0p50__psi0p75,hardzero_plus_depr,0.06,34,50,0.0,2,0.08214277,0.08513752,0.9890987,0.10254188,0.10254188,1.0,0.0029947504,0.029205143,-26.940819,2.1760607,0.7253536,0.128,0.0,0.13409297,0.9599996,0.9799996,163200
hardzero_plus_depr__c0p50__z1p00__lam0p020__nu0p50__psi0p75,hardzero_plus_depr,0.06,34,51,0.0,2,0.08513752,0.08819084,0.97417307,0.106127255,0.106127255,1.0,0.0030533166,0.028770335,-26.411575,2.1432235,0.71440786,0.2,0.0,0.11508479,0.9799996,0.9999996,166400
hardzero_plus_depr__c0p50__z1p00__lam0p020__nu0p50__psi0p75,hardzero_plus_depr,0.06,34,52,0.0,2,0.08819084,0.08819084,1.0178086,0.0,0.09598237,0.0,0.0,0.028342001,-26.619572,2.2392235,0.74640787,0.14,0.0,0.13150297,0.9999996,1.0199996,169600
hardzero_plus_depr__c0p50__z1p00__lam0p020__nu0p50__psi0p75,hardzero_plus_depr,0.06,34,53,0.0,2,0.08819084,0.09106277,0.98774165,0.1028628,0.1028628,1.0,0.0028719339,0.027920043,-26.374895,2.173075,0.7243583,0.14400001,0.0,0.15367894,1.0199996,1.0399996,172800
hardzero_plus_depr__c0p50__z1p00__lam0p020__nu0p50__psi0p75,hardzero_plus_depr,0.06,34,54,0.0,2,0.09106277,0.093883224,0.98908204,0.10254582,0.10254582,1.0,0.002820458,0.027504368,-26.233408,2.176024,0.7253413,0.136,0.0,0.13428079,1.0399996,1.0599996,176000
hardzero_plus_depr__c0p50__z1p00__lam0p020__nu0p50__psi0p75,hardzero_plus_depr,0.06,34,55,0.0,2,0.093883224,0.09661688,0.9961439,0.10089184,0.10089184,1.0,0.0027336525,0.027094882,-26.326982,2.1915603,0.7305201,0.15200001,0.0,0.15761626,1.0599996,1.0799996,179200
hardzero_plus_depr__c0p50__z1p00__lam0p020__nu0p50__psi0p75,hardzero_plus_depr,0.06,34,56,0.0,2,0.09661688,0.09951589,0.9641223,0.108611986,0.108611986,1.0,0.002899016,0.026691493,-26.600883,2.1211114,0.70703715,0.192,0.0,0.16073553,1.0799996,1.0999995,182400
hardzero_plus_depr__c0p50__z1p00__lam0p020__nu0p50__psi0p75,hardzero_plus_depr,0.06,34,57,0.0,2,0.09951589,0.09951589,1.0931811,0.0,0.08068985,0.0,0.0,0.026294107,-28.438307,2.4050465,0.8016822,0.15200001,0.0,0.17631483,1.0999995,1.1199995,185600
hardzero_plus_depr__c0p50__z1p00__lam0p020__nu0p50__psi0p75,hardzero_plus_depr,0.06,34,58,0.0,2,0.09951589,0.10211514,0.9984968,0.10034674,0.10034674,1.0,0.0025992452,0.025902638,-26.812067,2.1967368,0.7322456,0.14400001,0.0,0.14658089,1.1199995,1.1399995,188800
hardzero_plus_depr__c0p50__z1p00__lam0p020__nu0p50__psi0p75,hardzero_plus_depr,0.06,34,59,0.0,2,0.10211514,0.10211514,1.0088325,0.0,0.09798678,0.0,0.0,0.025517,-27.010294,2.2194757,0.73982525,0.18400002,0.0,0.1425985,1.1399995,1.1599995,192000
hardzero_plus_depr__c0p50__z1p00__lam0p020__nu0p50__psi0p75,hardzero_plus_depr,0.06,34,60,0.0,2,0.10211514,0.10211514,1.0303758,0.0,0.0932447,0.0,0.0,0.0251371,-27.68744,2.2668722,0.75562406,0.128,0.0,0.14397697,1.1599995,1.1799995,195200
hardzero_plus_depr__c0p50__z1p00__lam0p020__nu0p50__psi0p75,hardzero_plus_depr,0.06,34,61,0.0,2,0.10211514,0.10211514,1.0323013,0.0,0.0928322,0.0,0.0,0.024762861,-28.538954,2.2711082,0.7570361,0.16800001,0.0,0.1749374,1.1799995,1.1999995,198400
hardzero_plus_depr__c0p50__z1p00__lam0p020__nu0p50__psi0p75,hardzero_plus_depr,0.06,34,62,0.0,2,0.10211514,0.10211514,1.029876,0.0,0.09335207,0.0,0.0,0.02439419,-28.238722,2.2657723,0.7552575,0.15200001,0.0,0.16545288,1.1999995,1.2199994,201600
hardzero_plus_depr__c0p50__z1p00__lam0p020__nu0p50__psi0p75,hardzero_plus_depr,0.06,34,63,0.0,2,0.10211514,0.104581326,0.9887457,0.102625266,0.102625266,1.0,0.0024661885,0.024031008,-26.606907,2.175284,0.7250947,0.080000006,0.0,0.146696,1.2199994,1.2399994,204800
hardzero_plus_depr__c0p50__z1p00__lam0p020__nu0p50__psi0p75,hardzero_plus_depr,0.06,34,64,0.0,2,0.104581326,0.106965855,0.9968551,0.100726776,0.100726776,1.0,0.0023845283,0.023673233,-27.80696,2.193125,0.73104167,0.136,0.0,0.18053764,1.2399994,1.2599994,208000
hardzero_plus_depr__c0p50__z1p00__lam0p020__nu0p50__psi0p75,hardzero_plus_depr,0.06,34,65,0.0,2,0.106965855,0.106965855,1.0294651,0.0,0.09344045,0.0,0.0,0.023320785,-26.973911,2.2648685,0.7549562,0.14999999,0.0,0.14886309,1.2599994,1.2799994,211200
hardzero_plus_depr__c0p50__z1p00__lam0p020__nu0p50__psi0p75,hardzero_plus_depr,0.06,34,66,0.0,2,0.106965855,0.10939061,0.97656035,0.105545476,0.105545476,1.0,0.0024247577,0.022973582,-26.66837,2.1484756,0.71615857,0.16000001,0.0,0.18138032,1.2799994,1.2999994,214400
hardzero_plus_depr__c0p50__z1p00__lam0p020__nu0p50__psi0p75,hardzero_plus_depr,0.06,34,67,0.0,2,0.10939061,0.10939061,1.0326009,0.0,0.09276819,0.0,0.0,0.02263155,-27.12531,2.2717674,0.7572558,0.128,0.0,0.16517954,1.2999994,1.3199993,217600
hardzero_plus_depr__c0p50__z1p00__lam0p020__nu0p50__psi0p75,hardzero_plus_depr,0.06,34,68,0.0,2,0.10939061,0.10939061,1.0300754,0.0,0.09330921,0.0,0.0,0.022294613,-28.2605,2.2662113,0.75540376,0.16000001,0.0,0.1555417,1.3199993,1.3399993,220800
hardzero_plus_depr__c0p50__z1p00__lam0p020__nu0p50__psi0p75,hardzero_plus_depr,0.06,34,69,0.0,2,0.10939061,0.11174976,0.9689292,0.10741645,0.10741645,1.0,0.0023591542,0.02196269,-27.110209,2.1316867,0.7105622,0.16000001,0.0,0.13117616,1.3399993,1.3599993,224000
hardzero_plus_depr__c0p50__z1p00__lam0p020__nu0p50__psi0p75,hardzero_plus_depr,0.06,34,70,0.0,2,0.11174976,0.11174976,1.0249791,0.0,0.09441062,0.0,0.0,0.021635707,-27.58063,2.2549992,0.7516664,0.16000001,0.0,0.16698186,1.3599993,1.3799993,227200
hardzero_plus_depr__c0p50__z1p00__lam0p020__nu0p50__psi0p75,hardzero_plus_depr,0.06,34,71,0.0,2,0.11174976,0.11174976,1.016639,0.0,0.09624119,0.0,0.0,0.021313595,-27.252136,2.2366505,0.74555016,0.112,0.0,0.1336684,1.3799993,1.3999993,230400
hardzero_plus_depr__c0p50__z1p00__lam0p020__nu0p50__psi0p75,hardzero_plus_depr,0.06,34,72,0.0,2,0.11174976,0.113864824,0.9968185,0.10073525,0.10073525,1.0,0.002115065,0.020996276,-26.65916,2.1930444,0.73101485,0.16000001,0.0,0.15325655,1.3999993,1.4199992,233600
hardzero_plus_depr__c0p50__z1p00__lam0p020__nu0p50__psi0p75,hardzero_plus_depr,0.06,34,73,0.0,2,0.113864824,0.113864824,1.0163436,0.0,0.09630668,0.0,0.0,0.020683683,-26.664776,2.2360005,0.74533355,0.16800001,0.0,0.14140615,1.4199992,1.4399992,236800
hardzero_plus_depr__c0p50__z1p00__lam0p020__nu0p50__psi0p75,hardzero_plus_depr,0.06,34,74,0.0,2,0.113864824,0.116057344,0.9681706,0.10760424,0.10760424,1.0,0.0021925163,0.020375742,-26.819035,2.1300178,0.71000594,0.208,0.0,0.13453603,1.4399992,1.4599992,240000
hardzero_plus_depr__c0p50__z1p00__lam0p020__nu0p50__psi0p75,hardzero_plus_depr,0.06,34,75,0.0,2,0.116057344,0.116057344,1.0037179,0.0,0.099147566,0.0,0.0,0.020072388,-26.392067,2.2082236,0.73607457,0.15200001,0.0,0.11490622,1.4599992,1.4799992,243200
hardzero_plus_depr__c0p50__z1p00__lam0p020__nu0p50__psi0p75,hardzero_plus_depr,0.06,34,76,0.0,2,0.116057344,0.11814984,0.97541976,0.10582305,0.10582305,1.0,0.0020924972,0.019773548,-26.57824,2.1459663,0.71532214,0.16000001,0.0,0.13474198,1.4799992,1.4999992,246400
hardzero_plus_depr__c0p50__z1p00__lam0p020__nu0p50__psi0p75,hardzero_plus_depr,0.06,34,77,0.0,2,0.11814984,0.1202261,0.97228765,0.106589,0.106589,1.0,0.0020762638,0.019479157,-26.99217,2.1390755,0.7130252,0.224,0.0,0.14093326,1.4999992,1.5199991,249600
hardzero_plus_depr__c0p50__z1p00__lam0p020__nu0p50__psi0p75,hardzero_plus_depr,0.06,34,78,0.0,2,0.1202261,0.12214652,0.9996595,0.10007845,0.10007845,1.0,0.0019204207,0.019189153,-26.906029,2.1992948,0.73309827,0.17,0.0,0.13327624,1.5199991,1.5399991,252800
hardzero_plus_depr__c0p50__z1p00__lam0p020__nu0p50__psi0p75,hardzero_plus_depr,0.06,34,79,0.0,2,0.12214652,0.12214652,1.0402555,0.0,0.09114742,0.0,0.0,0.018903462,-27.191593,2.2886078,0.7628693,0.2,0.0,0.14837524,1.5399991,1.5599991,256000
hardzero_plus_depr__c0p50__z1p00__lam0p020__nu0p50__psi0p75,hardzero_plus_depr,0.06,34,80,0.0,2,0.12214652,0.12419425,0.95875335,0.10996303,0.10996303,1.0,0.0020477348,0.01862203,-26.087688,2.1092994,0.70309985,0.2,0.0,0.13184807,1.5599991,1.5799991,259200
hardzero_plus_depr__c0p50__z1p00__lam0p020__nu0p50__psi0p75,hardzero_plus_depr,0.06,34,81,0.0,2,0.12419425,0.12419425,1.0212187,0.0,0.09523166,0.0,0.0,0.018344784,-27.034283,2.246726,0.7489087,0.15200001,0.0,0.13171642,1.5799991,1.5999991,262400
hardzero_plus_depr__c0p50__z1p00__lam0p020__nu0p50__psi0p75,hardzero_plus_depr,0.06,34,82,0.0,2,0.12419425,0.12419425,1.0799695,0.0,0.083182216,0.0,0.0,0.018071664,-28.024494,2.3759804,0.7919935,0.120000005,0.0,0.17301069,1.5999991,1.619999,265600
hardzero_plus_depr__c0p50__z1p00__lam0p020__nu0p50__psi0p75,hardzero_plus_depr,0.06,34,83,0.0,2,0.12419425,0.12419425,1.0151069,0.0,0.096581295,0.0,0.0,0.017802613,-26.772755,2.2332797,0.7444266,0.208,0.0,0.14120245,1.619999,1.639999,268800
hardzero_plus_depr__c0p50__z1p00__lam0p020__nu0p50__psi0p75,hardzero_plus_depr,0.06,34,84,0.0,2,0.12419425,0.12639004,0.9023777,0.12520517,0.12520517,1.0,0.002195794,0.017537566,-24.459614,1.9852706,0.6617569,0.17600001,0.0,0.12872574,1.639999,1.659999,272000
hardzero_plus_depr__c0p50__z1p00__lam0p020__nu0p50__psi0p75,hardzero_plus_depr,0.06,34,85,0.0,2,0.12639004,0.1281846,0.98349786,0.10387286,0.10387286,1.0,0.0017945559,0.017276466,-27.016207,2.1637385,0.7212462,0.16800001,0.0,0.14673658,1.659999,1.679999,275200
hardzero_plus_depr__c0p50__z1p00__lam0p020__nu0p50__psi0p75,hardzero_plus_depr,0.06,34,86,0.0,2,0.1281846,0.1281846,1.0120288,0.0,0.09726827,0.0,0.0,0.017019253,-28.206377,2.226508,0.7421693,0.16000001,0.0,0.18287633,1.679999,1.699999,278400
hardzero_plus_depr__c0p50__z1p00__lam0p020__nu0p50__psi0p75,hardzero_plus_depr,0.06,34,87,0.0,2,0.1281846,0.13007033,0.94894856,0.11247382,0.11247382,1.0,0.0018857215,0.01676587,-25.797325,2.0877285,0.6959095,0.18400002,0.0,0.15199672,1.699999,1.719999,281600
hardzero_plus_depr__c0p50__z1p00__lam0p020__nu0p50__psi0p75,hardzero_plus_depr,0.06,34,88,0.0,2,0.13007033,0.13007033,1.049642,0.0,0.089198604,0.0,0.0,0.016516259,-28.423681,2.3092585,0.76975286,0.136,0.0,0.15340222,1.719999,1.7399989,284800
hardzero_plus_depr__c0p50__z1p00__lam0p020__nu0p50__psi0p75,hardzero_plus_depr,0.06,34,89,0.0,2,0.13007033,0.13170221,0.9987068,0.1002982,0.1002982,1.0,0.0016318884,0.016270366,-26.888596,2.1971989,0.73239964,0.17600001,0.0,0.1487247,1.7399989,1.7599989,288000
hardzero_plus_depr__c0p50__z1p00__lam0p020__nu0p50__psi0p75,hardzero_plus_depr,0.06,34,90,0.0,2,0.13170221,0.13331106,0.99836826,0.100376435,0.100376435,1.0,0.0016088466,0.01602813,-27.03884,2.196454,0.7321514,0.15200001,0.0,0.13775139,1.7599989,1.7799989,291200
hardzero_plus_depr__c0p50__z1p00__lam0p020__nu0p50__psi0p75,hardzero_plus_depr,0.06,34,91,0.0,2,0.13331106,0.13501276,0.96748435,0.107774414,0.107774414,1.0,0.0017017045,0.015789503,-26.516273,2.128508,0.7095027,0.22,0.0,0.1285542,1.7799989,1.7999989,294400
hardzero_plus_depr__c0p50__z1p00__lam0p020__nu0p50__psi0p75,hardzero_plus_depr,0.06,34,92,0.0,2,0.13501276,0.13501276,1.0060571,0.0,0.098614976,0.0,0.0,0.015554428,-26.395096,2.2133698,0.73779,0.120000005,0.0,0.12465513,1.7999989,1.8199989,297600
hardzero_plus_depr__c0p50__z1p00__lam0p020__nu0p50__psi0p75,hardzero_plus_depr,0.06,34,93,0.0,2,0.13501276,0.13501276,1.0007787,0.0,0.09982087,0.0,0.0,0.015322854,-27.08076,2.201757,0.733919,0.14400001,0.0,0.12642151,1.8199989,1.8399988,300800
hardzero_plus_depr__c0p50__z1p00__lam0p020__nu0p50__psi0p75,hardzero_plus_depr,0.06,34,94,0.0,2,0.13501276,0.13501276,1.0060855,0.0,0.09860853,0.0,0.0,0.015094726,-26.823278,2.2134323,0.7378108,0.17600001,0.0,0.12906823,1.8399988,1.8599988,304000
hardzero_plus_depr__c0p50__z1p00__lam0p020__nu0p50__psi0p75,hardzero_plus_depr,0.06,34,95,0.0,2,0.13501276,0.13662988,0.96357024,0.10875012,0.10875012,1.0,0.0016171137,0.0148699945,-26.01456,2.119897,0.7066323,0.192,0.0,0.14483912,1.8599988,1.8799988,307200
hardzero_plus_depr__c0p50__z1p00__lam0p020__nu0p50__psi0p75,hardzero_plus_depr,0.06,34,96,0.0,2,0.13662988,0.13662988,1.003707,0.0,0.09915005,0.0,0.0,0.01464861,-27.356098,2.2081995,0.7360665,0.16800001,0.0,0.14831546,1.8799988,1.8999988,310400
hardzero_plus_depr__c0p50__z1p00__lam0p020__nu0p50__psi0p75,hardzero_plus_depr,0.06,34,97,0.0,2,0.13662988,0.13662988,1.0301199,0.0,0.09329967,0.0,0.0,0.01443052,-27.061954,2.266309,0.75543636,0.112,0.0,0.15454875,1.8999988,1.9199988,313600
hardzero_plus_depr__c0p50__z1p00__lam0p020__nu0p50__psi0p75,hardzero_plus_depr,0.06,34,98,0.0,2,0.13662988,0.13807496,0.9928735,0.10165447,0.10165447,1.0,0.0014450873,0.014215678,-26.047327,2.1843653,0.72812176,0.16000001,0.0,0.14839369,1.9199988,1.9399987,316800
hardzero_plus_depr__c0p50__z1p00__lam0p020__nu0p50__psi0p75,hardzero_plus_depr,0.06,34,99,0.0,2,0.13807496,0.13957071,0.97139347,0.106808685,0.106808685,1.0,0.0014957525,0.014004034,-25.696695,2.1371083,0.71236944,0.192,0.0,0.12824652,1.9399987,1.9599987,320000
hardzero_plus_depr__c0p50__z1p00__lam0p020__nu0p50__psi0p75,hardzero_plus_depr,0.06,34,100,0.0,2,0.13957071,0.14103362,0.97452116,0.10604223,0.10604223,1.0,0.0014629101,0.0137955425,-25.93051,2.1439893,0.71466315,0.23200001,0.0,0.124559395,1.9599987,1.9799987,323200
hardzero_plus_depr__c0p50__z1p00__lam0p020__nu0p50__psi0p75,hardzero_plus_depr,0.06,34,101,0.0,2,0.14103362,0.14103362,1.0552807,0.0,0.08804795,0.0,0.0,0.013590153,-27.650066,2.3216639,0.773888,0.120000005,0.0,0.13897865,1.9799987,1.9999987,326400
hardzero_plus_depr__c0p50__z1p00__lam0p020__nu0p50__psi0p75,hardzero_plus_depr,0.06,34,102,0.0,2,0.14103362,0.14237604,0.9988246,0.100271024,0.100271024,1.0,0.0013424108,0.0133878235,-27.655607,2.197458,0.732486,0.15200001,0.0,0.14407864,1.9999987,2.0199988,329600
hardzero_plus_depr__c0p50__z1p00__lam0p020__nu0p50__psi0p75,hardzero_plus_depr,0.06,34,103,0.0,2,0.14237604,0.14380734,0.9644647,0.10852638,0.10852638,1.0,0.0014313003,0.013188502,-26.326237,2.1218648,0.70728827,0.2,0.0,0.15263046,2.0199988,2.0399988,332800
hardzero_plus_depr__c0p50__z1p00__lam0p020__nu0p50__psi0p75,hardzero_plus_depr,0.06,34,104,0.0,2,0.14380734,0.14380734,1.0359316,0.0,0.092059456,0.0,0.0,0.012992154,-27.055273,2.279095,0.75969833,0.12,0.0,0.13973492,2.0399988,2.0599988,336000
hardzero_plus_depr__c0p50__z1p00__lam0p020__nu0p50__psi0p75,hardzero_plus_depr,0.06,34,105,0.0,2,0.14380734,0.14526051,0.94484925,0.11354049,0.11354049,1.0,0.0014531733,0.012798723,-25.974825,2.0787098,0.6929033,0.208,0.0,0.11927881,2.0599988,2.0799987,339200
hardzero_plus_depr__c0p50__z1p00__lam0p020__nu0p50__psi0p75,hardzero_plus_depr,0.06,34,106,0.0,2,0.14526051,0.146583,0.97926015,0.10489138,0.10489138,1.0,0.001322489,0.012608176,-26.256243,2.1544154,0.71813846,0.216,0.0,0.17010705,2.0799987,2.0999987,342400
hardzero_plus_depr__c0p50__z1p00__lam0p020__nu0p50__psi0p75,hardzero_plus_depr,0.06,34,107,0.0,2,0.146583,0.146583,1.0075192,0.0,0.09828353,0.0,0.0,0.012420464,-27.50291,2.2165866,0.7388622,0.208,0.0,0.16765,2.0999987,2.1199987,345600
hardzero_plus_depr__c0p50__z1p00__lam0p020__nu0p50__psi0p75,hardzero_plus_depr,0.06,34,108,0.0,2,0.146583,0.146583,1.034073,0.0,0.09245428,0.0,0.0,0.012235549,-28.107275,2.275006,0.75833535,0.16800001,0.0,0.1632558,2.1199987,2.1399987,348800
hardzero_plus_depr__c0p50__z1p00__lam0p020__nu0p50__psi0p75,hardzero_plus_depr,0.06,34,109,0.0,2,0.146583,0.146583,1.0273899,0.0,0.093888015,0.0,0.0,0.012053384,-27.227833,2.2603028,0.7534343,0.120000005,0.0,0.13754512,2.1399987,2.1599987,352000
hardzero_plus_depr__c0p50__z1p00__lam0p020__nu0p50__psi0p75,hardzero_plus_depr,0.06,34,110,0.0,2,0.146583,0.14791496,0.9501031,0.1121752,0.1121752,1.0,0.0013319609,0.011873934,-26.005407,2.0902686,0.69675624,0.2,0.0,0.13809887,2.1599987,2.1799986,355200
hardzero_plus_depr__c0p50__z1p00__lam0p020__nu0p50__psi0p75,hardzero_plus_depr,0.06,34,111,0.0,2,0.14791496,0.14921965,0.9525762,0.11153824,0.11153824,1.0,0.0013046799,0.011697154,-25.474636,2.0957096,0.6985699,0.120000005,0.0,0.1343568,2.1799986,2.1999986,358400
hardzero_plus_depr__c0p50__z1p00__lam0p020__nu0p50__psi0p75,hardzero_plus_depr,0.06,34,112,0.0,2,0.14921965,0.15039863,0.9900605,0.10231504,0.10231504,1.0,0.001178977,0.011523007,-26.902065,2.1781766,0.7260589,0.120000005,0.0,0.15309219,2.1999986,2.2199986,361600
hardzero_plus_depr__c0p50__z1p00__lam0p020__nu0p50__psi0p75,hardzero_plus_depr,0.06,34,113,0.0,2,0.15039863,0.15039863,1.0466368,0.0,0.08981797,0.0,0.0,0.011351449,-27.198738,2.3026469,0.767549,0.16000001,0.0,0.16014777,2.2199986,2.2399986,364800
hardzero_plus_depr__c0p50__z1p00__lam0p020__nu0p50__psi0p75,hardzero_plus_depr,0.06,34,114,0.0,2,0.15039863,0.15039863,1.0308678,0.0,0.093139134,0.0,0.0,0.011182451,-27.383295,2.2679543,0.7559848,0.14400001,0.0,0.14203088,2.2399986,2.2599986,368000
hardzero_plus_depr__c0p50__z1p00__lam0p020__nu0p50__psi0p75,hardzero_plus_depr,0.06,34,115,0.0,2,0.15039863,0.15039863,1.0383004,0.0,0.0915587,0.0,0.0,0.011015966,-27.172564,2.2843065,0.7614355,0.136,0.0,0.14470738,2.2599986,2.2799985,371200
hardzero_plus_depr__c0p50__z1p00__lam0p020__nu0p50__psi0p75,hardzero_plus_depr,0.06,34,116,0.0,2,0.15039863,0.15150227,0.99268013,0.10169974,0.10169974,1.0,0.0011036415,0.01085196,-26.738983,2.18394,0.72798,0.192,0.0,0.12917188,2.2799985,2.2999985,374400
hardzero_plus_depr__c0p50__z1p00__lam0p020__nu0p50__psi0p75,hardzero_plus_depr,0.06,34,117,0.0,2,0.15150227,0.15150227,1.032741,0.0,0.09273827,0.0,0.0,0.010690395,-27.435005,2.2720754,0.7573585,0.14999999,0.0,0.18183845,2.2999985,2.3199985,377600
hardzero_plus_depr__c0p50__z1p00__lam0p020__nu0p50__psi0p75,hardzero_plus_depr,0.06,34,118,0.0,2,0.15150227,0.15150227,1.0600314,0.0,0.08709005,0.0,0.0,0.0105312355,-27.896437,2.3321157,0.7773719,0.128,0.0,0.14594586,2.3199985,2.3399985,380800
hardzero_plus_depr__c0p50__z1p00__lam0p020__nu0p50__psi0p75,hardzero_plus_depr,0.06,34,119,0.0,2,0.15150227,0.15150227,1.0038445,0.0,0.09911868,0.0,0.0,0.0103744455,-26.866312,2.208502,0.7361674,0.16000001,0.0,0.1216206,2.3399985,2.3599985,384000
hardzero_plus_depr__c0p50__z1p00__lam0p020__nu0p50__psi0p75,hardzero_plus_depr,0.06,34,120,0.0,2,0.15150227,0.15258016,0.9768769,0.10546857,0.10546857,1.0,0.001077888,0.010219992,-26.204266,2.149172,0.7163907,0.120000005,0.0,0.13425542,2.3599985,2.3799984,387200
hardzero_plus_depr__c0p50__z1p00__lam0p020__nu0p50__psi0p75,hardzero_plus_depr,0.06,34,121,0.0,2,0.15258016,0.15258016,1.0917928,0.0,0.080948204,0.0,0.0,0.010067834,-28.105736,2.401992,0.80066407,0.096,0.0,0.17564304,2.3799984,2.3999984,390400
hardzero_plus_depr__c0p50__z1p00__lam0p020__nu0p50__psi0p75,hardzero_plus_depr,0.06,34,122,0.0,2,0.15258016,0.15372495,0.93769497,0.11542637,0.11542637,1.0,0.0011447924,0.009917946,-26.295452,2.0629702,0.68765676,0.216,0.0,0.17330413,2.3999984,2.4199984,393600
hardzero_plus_depr__c0p50__z1p00__lam0p020__nu0p50__psi0p75,hardzero_plus_depr,0.06,34,123,0.0,2,0.15372495,0.15372495,1.0101391,0.0,0.097692415,0.0,0.0,0.009770286,-27.593977,2.2223504,0.74078345,0.14400001,0.0,0.16023257,2.4199984,2.4399984,396800
hardzero_plus_depr__c0p50__z1p00__lam0p020__nu0p50__psi0p75,hardzero_plus_depr,0.06,34,124,0.0,2,0.15372495,0.15471157,0.98924005,0.10250852,0.10250852,1.0,0.0009866267,0.009624826,-26.642696,2.1763716,0.7254572,0.24000001,0.0,0.16032632,2.4399984,2.4599984,400000
hardzero_plus_depr__c0p50__z1p00__lam0p020__nu0p50__psi0p75,hardzero_plus_depr,0.06,34,125,0.0,2,0.15471157,0.15570347,0.98040944,0.10461418,0.10461418,1.0,0.0009919024,0.00948153,-26.23855,2.1569438,0.71898127,0.15200001,0.0,0.17766383,2.4599984,2.4799984,403200
hardzero_plus_depr__c0p50__z1p00__lam0p020__nu0p50__psi0p75,hardzero_plus_depr,0.06,34,126,0.0,2,0.15570347,0.15570347,1.0240608,0.0,0.09461047,0.0,0.0,0.009340369,-27.474152,2.2529788,0.75099295,0.15200001,0.0,0.14219958,2.4799984,2.4999983,406400
hardzero_plus_depr__c0p50__z1p00__lam0p020__nu0p50__psi0p75,hardzero_plus_depr,0.06,34,127,0.0,2,0.15570347,0.1566996,0.9655331,0.10825973,0.10825973,1.0,0.0009961312,0.009201309,-25.387434,2.1242151,0.7080717,0.18400002,0.0,0.12074648,2.4999983,2.5199983,409600
hardzero_plus_depr__c0p50__z1p00__lam0p020__nu0p50__psi0p75,hardzero_plus_depr,0.06,34,128,0.0,2,0.1566996,0.1566996,1.000228,0.0,0.09994751,0.0,0.0,0.0090643205,-26.403841,2.2005455,0.7335152,0.16000001,0.008,0.1372678,2.5199983,2.5399983,412800
hardzero_plus_depr__c0p50__z1p00__lam0p020__nu0p50__psi0p75,hardzero_plus_depr,0.06,34,129,0.0,2,0.1566996,0.15763572,0.97948915,0.104836114,0.104836114,1.0,0.00093612034,0.008929369,-26.139462,2.1549191,0.7183064,0.14400001,0.0,0.1184157,2.5399983,2.5599983,416000
hardzero_plus_depr__c0p50__z1p00__lam0p020__nu0p50__psi0p75,hardzero_plus_depr,0.06,34,130,0.0,2,0.15763572,0.15856794,0.97479194,0.105976135,0.105976135,1.0,0.0009322116,0.008796429,-26.617397,2.1445851,0.71486175,0.16,0.0,0.1289591,2.5599983,2.5799983,419200
hardzero_plus_depr__c0p50__z1p00__lam0p020__nu0p50__psi0p75,hardzero_plus_depr,0.06,34,131,0.0,2,0.15856794,0.15856794,1.0127991,0.0,0.09709589,0.0,0.0,0.008665467,-26.303438,2.2282026,0.7427342,0.112,0.0,0.13803302,2.5799983,2.5999982,422400
hardzero_plus_depr__c0p50__z1p00__lam0p020__nu0p50__psi0p75,hardzero_plus_depr,0.06,34,132,0.0,2,0.15856794,0.15944217,0.98964804,0.10241227,0.10241227,1.0,0.00087423774,0.008536455,-26.869617,2.1772692,0.7257564,0.16000001,0.0,0.12781118,2.5999982,2.6199982,425600
hardzero_plus_depr__c0p50__z1p00__lam0p020__nu0p50__psi0p75,hardzero_plus_depr,0.06,34,133,0.0,2,0.15944217,0.15944217,1.0049157,0.0,0.09887449,0.0,0.0,0.008409364,-27.347118,2.2108588,0.73695296,0.128,0.0,0.14165139,2.6199982,2.6399982,428800
hardzero_plus_depr__c0p50__z1p00__lam0p020__nu0p50__psi0p75,hardzero_plus_depr,0.06,34,134,0.0,2,0.15944217,0.15944217,1.0816318,0.0,0.08286443,0.0,0.0,0.0082841655,-29.152748,2.3796375,0.79321253,0.16000001,0.0,0.15933803,2.6399982,2.6599982,432000
hardzero_plus_depr__c0p50__z1p00__lam0p020__nu0p50__psi0p75,hardzero_plus_depr,0.06,34,135,0.0,2,0.15944217,0.16028878,0.98405415,0.10373991,0.10373991,1.0,0.0008466037,0.00816083,-27.296515,2.1649623,0.7216541,0.136,0.0,0.13260642,2.6599982,2.6799982,435200
hardzero_plus_depr__c0p50__z1p00__lam0p020__nu0p50__psi0p75,hardzero_plus_depr,0.06,34,136,0.0,2,0.16028878,0.16028878,1.0211415,0.0,0.09524858,0.0,0.0,0.008039332,-27.088652,2.2465563,0.74885213,0.15200001,0.0,0.12796786,2.6799982,2.6999981,438400
hardzero_plus_depr__c0p50__z1p00__lam0p020__nu0p50__psi0p75,hardzero_plus_depr,0.06,34,137,0.0,2,0.16028878,0.1611115,0.9834491,0.103884526,0.103884526,1.0,0.0008227281,0.00791964,-26.647667,2.1636312,0.7212104,0.216,0.008,0.16531159,2.6999981,2.7199981,441600
hardzero_plus_depr__c0p50__z1p00__lam0p020__nu0p50__psi0p75,hardzero_plus_depr,0.06,34,138,0.0,2,0.1611115,0.1611115,1.00514,0.0,0.098823465,0.0,0.0,0.007801734,-27.343342,2.211352,0.7371174,0.208,0.0,0.15283932,2.7199981,2.739998,444800
hardzero_plus_depr__c0p50__z1p00__lam0p020__nu0p50__psi0p75,hardzero_plus_depr,0.06,34,139,0.0,2,0.1611115,0.1611115,1.0524142,0.0,0.08863103,0.0,0.0,0.0076855808,-28.383892,2.3153574,0.77178586,0.216,0.0,0.18462145,2.739998,2.759998,448000
hardzero_plus_depr__c0p50__z1p00__lam0p020__nu0p50__psi0p75,hardzero_plus_depr,0.06,34,140,0.0,2,0.1611115,0.16189677,0.9841509,0.10371681,0.10371681,1.0,0.0007852564,0.007571158,-26.74506,2.1651752,0.7217251,0.14400001,0.0,0.1493185,2.759998,2.779998,451200
hardzero_plus_depr__c0p50__z1p00__lam0p020__nu0p50__psi0p75,hardzero_plus_depr,0.06,34,141,0.0,2,0.16189677,0.16189677,1.0128653,0.0,0.097081095,0.0,0.0,0.0074584372,-27.558352,2.2283483,0.7427828,0.16800001,0.0,0.13555743,2.779998,2.799998,454400
hardzero_plus_depr__c0p50__z1p00__lam0p020__nu0p50__psi0p75,hardzero_plus_depr,0.06,34,142,0.0,2,0.16189677,0.16265482,0.98643196,0.10317347,0.10317347,1.0,0.0007580564,0.0073473966,-26.316565,2.1701937,0.7233979,0.208,0.0,0.14583015,2.799998,2.819998,457600
hardzero_plus_depr__c0p50__z1p00__lam0p020__nu0p50__psi0p75,hardzero_plus_depr,0.06,34,143,0.0,2,0.16265482,0.16265482,1.0355697,0.0,0.092136204,0.0,0.0,0.0072380076,-27.988989,2.2782989,0.759433,0.099999994,0.01,0.15382572,2.819998,2.839998,460800
hardzero_plus_depr__c0p50__z1p00__lam0p020__nu0p50__psi0p75,hardzero_plus_depr,0.06,34,144,0.0,2,0.16265482,0.16337524,0.9955179,0.10103739,0.10103739,1.0,0.0007204217,0.0071302485,-26.759884,2.1901832,0.73006105,0.16800001,0.0,0.13639201,2.839998,2.859998,464000
hardzero_plus_depr__c0p50__z1p00__lam0p020__nu0p50__psi0p75,hardzero_plus_depr,0.06,34,145,0.0,2,0.16337524,0.1641089,0.9810967,0.10444875,0.10444875,1.0,0.0007336576,0.007024092,-26.565708,2.1584558,0.7194853,0.18400002,0.0,0.15590177,2.859998,2.879998,467200
hardzero_plus_depr__c0p50__z1p00__lam0p020__nu0p50__psi0p75,hardzero_plus_depr,0.06,34,146,0.0,2,0.1641089,0.1641089,1.0150628,0.0,0.09659111,0.0,0.0,0.006919518,-26.682598,2.2331827,0.74439424,0.120000005,0.0,0.12998973,2.879998,2.899998,470400
hardzero_plus_depr__c0p50__z1p00__lam0p020__nu0p50__psi0p75,hardzero_plus_depr,0.06,34,147,0.0,2,0.1641089,0.1641089,1.0271219,0.0,0.09394596,0.0,0.0,0.0068164994,-28.047314,2.2597134,0.75323784,0.17600001,0.0,0.18180944,2.899998,2.919998,473600
hardzero_plus_depr__c0p50__z1p00__lam0p020__nu0p50__psi0p75,hardzero_plus_depr,0.06,34,148,0.0,2,0.1641089,0.16483001,0.9690448,0.10738785,0.10738785,1.0,0.0007211111,0.0067150155,-25.825552,2.131941,0.71064705,0.256,0.0,0.13862228,2.919998,2.939998,476800
hardzero_plus_depr__c0p50__z1p00__lam0p020__nu0p50__psi0p75,hardzero_plus_depr,0.06,34,149,0.0,2,0.16483001,0.1654959,0.9971334,0.10066225,0.10066225,1.0,0.00066588493,0.0066150413,-26.268389,2.1937373,0.73124576,0.17600001,0.0,0.15058376,2.939998,2.959998,480000
hardzero_plus_depr__c0p50__z1p00__lam0p020__nu0p50__psi0p75,hardzero_plus_depr,0.06,34,150,0.0,2,0.1654959,0.1654959,1.0195559,0.0,0.09559696,0.0,0.0,0.0065165567,-27.475845,2.2430677,0.74768925,0.16000001,0.0,0.14557718,2.959998,2.9799979,483200
hardzero_plus_depr__c0p50__z1p00__lam0p020__nu0p50__psi0p75,hardzero_plus_depr,0.06,34,151,0.0,2,0.1654959,0.16616347,0.98300165,0.10399163,0.10399163,1.0,0.00066757813,0.006419537,-26.212406,2.1626468,0.7208823,0.256,0.0,0.15073653,2.9799979,2.9999979,486400
hardzero_plus_depr__c0p50__z1p00__lam0p020__nu0p50__psi0p75,hardzero_plus_depr,0.06,34,152,0.0,2,0.16616347,0.16686709,0.95365626,0.111261204,0.111261204,1.0,0.0007036118,0.006323964,-25.878696,2.0980856,0.6993619,0.17600001,0.0,0.13354428,2.9999979,3.0199978,489600
hardzero_plus_depr__c0p50__z1p00__lam0p020__nu0p50__psi0p75,hardzero_plus_depr,0.06,34,153,0.0,2,0.16686709,0.16686709,1.0079763,0.0,0.098180145,0.0,0.0,0.006229812,-27.902294,2.217592,0.7391974,0.216,0.0,0.14701732,3.0199978,3.0399978,492800
hardzero_plus_depr__c0p50__z1p00__lam0p020__nu0p50__psi0p75,hardzero_plus_depr,0.06,34,154,0.0,2,0.16686709,0.16756366,0.9450003,0.113501005,0.113501005,1.0,0.0006965628,0.006137063,-26.776031,2.0790422,0.6930141,0.128,0.0,0.15420184,3.0399978,3.0599978,496000
hardzero_plus_depr__c0p50__z1p00__lam0p020__nu0p50__psi0p75,hardzero_plus_depr,0.06,34,155,0.0,2,0.16756366,0.16756366,1.0111263,0.0,0.097470604,0.0,0.0,0.006045693,-26.195614,2.2245224,0.7415075,0.136,0.0,0.13238956,3.0599978,3.0799978,499200
hardzero_plus_depr__c0p50__z1p00__lam0p020__nu0p50__psi0p75,hardzero_plus_depr,0.06,34,156,0.0,2,0.16756366,0.1682462,0.9408066,0.11460229,0.11460229,1.0,0.0006825352,0.0059556854,-24.937246,2.0698159,0.68993866,0.13,0.0,0.12743427,3.0799978,3.0999978,502400
hardzero_plus_depr__c0p50__z1p00__lam0p020__nu0p50__psi0p75,hardzero_plus_depr,0.06,34,157,0.0,2,0.1682462,0.16887116,0.9725578,0.10652272,0.10652272,1.0,0.0006249705,0.005867016,-26.647745,2.13967,0.71322334,0.16800001,0.0,0.1417713,3.0999978,3.1199977,505600
hardzero_plus_depr__c0p50__z1p00__lam0p020__nu0p50__psi0p75,hardzero_plus_depr,0.06,34,158,0.0,2,0.16887116,0.16947663,0.979815,0.10475745,0.10475745,1.0,0.0006054633,0.005779668,-25.781475,2.155636,0.7185454,0.16000001,0.0,0.13768652,3.1199977,3.1399977,508800
hardzero_plus_depr__c0p50__z1p00__lam0p020__nu0p50__psi0p75,hardzero_plus_depr,0.06,34,159,0.0,2,0.16947663,0.17008947,0.96803826,0.107637025,0.107637025,1.0,0.0006128443,0.0056936196,-25.947693,2.1297266,0.7099089,0.208,0.0,0.13040748,3.1399977,3.1599977,512000
hardzero_plus_depr__c0p50__z1p00__lam0p020__nu0p50__psi0p75,hardzero_plus_depr,0.06,34,160,0.0,2,0.17008947,0.17069875,0.9640586,0.10862791,0.10862791,1.0,0.00060927804,0.0056088534,-25.111029,2.1209712,0.7069904,0.17600001,0.0,0.11963669,3.1599977,3.1799977,515200
hardzero_plus_depr__c0p50__z1p00__lam0p020__nu0p50__psi0p75,hardzero_plus_depr,0.06,34,161,0.0,2,0.17069875,0.17069875,1.0179256,0.0,0.0959565,0.0,0.0,0.005525348,-27.01286,2.239481,0.7464937,0.18400002,0.0,0.13482676,3.1799977,3.1999977,518400
hardzero_plus_depr__c0p50__z1p00__lam0p020__nu0p50__psi0p75,hardzero_plus_depr,0.06,34,162,0.0,2,0.17069875,0.17069875,1.0642648,0.0,0.08624525,0.0,0.0,0.0054430873,-28.6064,2.3414292,0.78047645,0.136,0.0,0.17776571,3.1999977,3.2199976,521600
hardzero_plus_depr__c0p50__z1p00__lam0p020__nu0p50__psi0p75,hardzero_plus_depr,0.06,34,163,0.0,2,0.17069875,0.17129134,0.956575,0.110515974,0.110515974,1.0,0.0005925922,0.0053620497,-26.025839,2.104507,0.7015023,0.24800001,0.0,0.1371563,3.2199976,3.2399976,524800
hardzero_plus_depr__c0p50__z1p00__lam0p020__nu0p50__psi0p75,hardzero_plus_depr,0.06,34,164,0.0,2,0.17129134,0.17182122,0.99862945,0.10031607,0.10031607,1.0,0.0005298915,0.0052822195,-26.85068,2.1970286,0.7323429,0.15200001,0.0,0.13291174,3.2399976,3.2599976,528000
hardzero_plus_depr__c0p50__z1p00__lam0p020__nu0p50__psi0p75,hardzero_plus_depr,0.06,34,165,0.0,2,0.17182122,0.17182122,1.0117968,0.0,0.09732023,0.0,0.0,0.005203577,-26.636679,2.2259974,0.74199915,0.120000005,0.0,0.12883028,3.2599976,3.2799976,531200
hardzero_plus_depr__c0p50__z1p00__lam0p020__nu0p50__psi0p75,hardzero_plus_depr,0.06,34,166,0.0,2,0.17182122,0.17182122,1.0235397,0.0,0.09472406,0.0,0.0,0.0051261066,-26.640667,2.2518322,0.75061077,0.16000001,0.0,0.14325331,3.2799976,3.2999976,534400
hardzero_plus_depr__c0p50__z1p00__lam0p020__nu0p50__psi0p75,hardzero_plus_depr,0.06,34,167,0.0,2,0.17182122,0.17232804,0.99842346,0.10036368,0.10036368,1.0,0.00050681527,0.005049788,-27.005405,2.1965754,0.7321918,0.14400001,0.0,0.14283378,3.2999976,3.3199975,537600
hardzero_plus_depr__c0p50__z1p00__lam0p020__nu0p50__psi0p75,hardzero_plus_depr,0.06,34,168,0.0,2,0.17232804,0.17232804,1.0417781,0.0,0.09082845,0.0,0.0,0.0049746074,-28.189701,2.2919576,0.7639859,0.16800001,0.0,0.16344374,3.3199975,3.3399975,540800
hardzero_plus_depr__c0p50__z1p00__lam0p020__nu0p50__psi0p75,hardzero_plus_depr,0.06,34,169,0.0,2,0.17232804,0.17232804,1.0115776,0.0,0.097369365,0.0,0.0,0.0049005444,-26.930298,2.2255151,0.7418384,0.099999994,0.0,0.15851143,3.3399975,3.3599975,544000
hardzero_plus_depr__c0p50__z1p00__lam0p020__nu0p50__psi0p75,hardzero_plus_depr,0.06,34,170,0.0,2,0.17232804,0.17232804,1.059376,0.0,0.087221585,0.0,0.0,0.004827586,-27.904171,2.3306737,0.77689123,0.136,0.0,0.15710805,3.3599975,3.3799975,547200
hardzero_plus_depr__c0p50__z1p00__lam0p020__nu0p50__psi0p75,hardzero_plus_depr,0.06,34,171,0.0,2,0.17232804,0.17232804,1.0665905,0.0,0.08578463,0.0,0.0,0.004755712,-28.911274,2.346546,0.782182,0.18400002,0.0,0.18225299,3.3799975,3.3999975,550400
hardzero_plus_depr__c0p50__z1p00__lam0p020__nu0p50__psi0p75,hardzero_plus_depr,0.06,34,172,0.0,2,0.17232804,0.17285776,0.9466499,0.11307069,0.11307069,1.0,0.00052972586,0.004684909,-26.252203,2.0826714,0.6942238,0.208,0.0,0.13124885,3.3999975,3.4199975,553600
hardzero_plus_depr__c0p50__z1p00__lam0p020__nu0p50__psi0p75,hardzero_plus_depr,0.06,34,173,0.0,2,0.17285776,0.17285776,1.0237318,0.0,0.09468216,0.0,0.0,0.0046151592,-27.23511,2.252255,0.7507517,0.128,0.0,0.1271304,3.4199975,3.4399974,556800
hardzero_plus_depr__c0p50__z1p00__lam0p020__nu0p50__psi0p75,hardzero_plus_depr,0.06,34,174,0.0,2,0.17285776,0.17336795,0.94994044,0.11221722,0.11221722,1.0,0.0005101898,0.0045464486,-25.817118,2.0899107,0.6966369,0.18400002,0.0,0.12265016,3.4399974,3.4599974,560000
hardzero_plus_depr__c0p50__z1p00__lam0p020__nu0p50__psi0p75,hardzero_plus_depr,0.06,34,175,0.0,2,0.17336795,0.1738229,0.99319685,0.10157881,0.10157881,1.0,0.00045494715,0.0044787605,-27.045698,2.1850767,0.7283589,0.2,0.0,0.13271223,3.4599974,3.4799974,563200
hardzero_plus_depr__c0p50__z1p00__lam0p020__nu0p50__psi0p75,hardzero_plus_depr,0.06,34,176,0.0,2,0.1738229,0.1738229,1.0267463,0.0,0.094027236,0.0,0.0,0.0044120816,-27.39679,2.2588868,0.7529623,0.24000001,0.0,0.12776352,3.4799974,3.4999974,566400
hardzero_plus_depr__c0p50__z1p00__lam0p020__nu0p50__psi0p75,hardzero_plus_depr,0.06,34,177,0.0,2,0.1738229,0.1738229,1.0091742,0.0,0.09790971,0.0,0.0,0.0043463935,-27.109676,2.2202277,0.74007595,0.2,0.0,0.1418384,3.4999974,3.5199974,569600
hardzero_plus_depr__c0p50__z1p00__lam0p020__nu0p50__psi0p75,hardzero_plus_depr,0.06,34,178,0.0,2,0.1738229,0.1738229,1.035731,0.0,0.092102,0.0,0.0,0.0042816848,-27.496037,2.2786536,0.7595512,0.15200001,0.0,0.14578575,3.5199974,3.5399973,572800
hardzero_plus_depr__c0p50__z1p00__lam0p020__nu0p50__psi0p75,hardzero_plus_depr,0.06,34,179,0.0,2,0.1738229,0.1738229,1.0098062,0.0,0.09776735,0.0,0.0,0.0042179385,-26.309134,2.221618,0.7405393,0.16000001,0.0,0.12782152,3.5399973,3.5599973,576000
hardzero_plus_depr__c0p50__z1p00__lam0p020__nu0p50__psi0p75,hardzero_plus_depr,0.06,34,180,0.0,2,0.1738229,0.1738229,1.0090617,0.0,0.097935066,0.0,0.0,0.0041551418,-26.402393,2.21998,0.73999333,0.18400002,0.0,0.16016541,3.5599973,3.5799973,579200
hardzero_plus_depr__c0p50__z1p00__lam0p020__nu0p50__psi0p75,hardzero_plus_depr,0.06,34,181,0.0,2,0.1738229,0.1738229,1.0217696,0.0,0.0951109,0.0,0.0,0.0040932796,-26.974007,2.2479382,0.74931276,0.17600001,0.0,0.13706948,3.5799973,3.5999973,582400
hardzero_plus_depr__c0p50__z1p00__lam0p020__nu0p50__psi0p75,hardzero_plus_depr,0.06,34,182,0.0,2,0.1738229,0.1738229,1.0267227,0.0,0.09403235,0.0,0.0,0.004032339,-27.61422,2.258835,0.75294507,0.16,0.0,0.16924231,3.5999973,3.6199973,585600
hardzero_plus_depr__c0p50__z1p00__lam0p020__nu0p50__psi0p75,hardzero_plus_depr,0.06,34,183,0.0,2,0.1738229,0.17426777,0.95080733,0.11199346,0.11199346,1.0,0.0004448722,0.003972305,-25.808788,2.0918179,0.69727266,0.14400001,0.0,0.12697105,3.6199973,3.6399972,588800
hardzero_plus_depr__c0p50__z1p00__lam0p020__nu0p50__psi0p75,hardzero_plus_depr,0.06,34,184,0.0,2,0.17426777,0.1746848,0.97236276,0.10657054,0.10657054,1.0,0.00041702823,0.003913166,-25.952385,2.1392407,0.7130803,0.14400001,0.0,0.1355714,3.6399972,3.6599972,592000
hardzero_plus_depr__c0p50__z1p00__lam0p020__nu0p50__psi0p75,hardzero_plus_depr,0.06,34,185,0.0,2,0.1746848,0.17507377,0.9960785,0.10090705,0.10090705,1.0,0.00038898713,0.0038549055,-27.125961,2.1914165,0.7304722,0.18400002,0.0,0.13444966,3.6599972,3.6799972,595200
hardzero_plus_depr__c0p50__z1p00__lam0p020__nu0p50__psi0p75,hardzero_plus_depr,0.06,34,186,0.0,2,0.17507377,0.17507377,1.0041898,0.0,0.0990399,0.0,0.0,0.003797514,-26.391258,2.209262,0.73642063,0.18400002,0.0,0.11963354,3.6799972,3.6999972,598400
hardzero_plus_depr__c0p50__z1p00__lam0p020__nu0p50__psi0p75,hardzero_plus_depr,0.06,34,187,0.0,2,0.17507377,0.17507377,1.0374156,0.0,0.09174543,0.0,0.0,0.0037409763,-27.706383,2.2823598,0.76078665,0.16800001,0.0,0.17361076,3.6999972,3.7199972,601600
hardzero_plus_depr__c0p50__z1p00__lam0p020__nu0p50__psi0p75,hardzero_plus_depr,0.06,34,188,0.0,2,0.17507377,0.17507377,1.0298496,0.0,0.09335774,0.0,0.0,0.0036852807,-27.725128,2.2657144,0.7552382,0.17600001,0.0,0.1402218,3.7199972,3.7399971,604800
hardzero_plus_depr__c0p50__z1p00__lam0p020__nu0p50__psi0p75,hardzero_plus_depr,0.06,34,189,0.0,2,0.17507377,0.17544957,0.985008,0.10351231,0.10351231,1.0,0.00037579253,0.003630414,-26.427803,2.1670609,0.72235364,0.16800001,0.0,0.14860232,3.7399971,3.7599971,608000
hardzero_plus_depr__c0p50__z1p00__lam0p020__nu0p50__psi0p75,hardzero_plus_depr,0.06,34,190,0.0,2,0.17544957,0.17544957,1.0490099,0.0,0.089328505,0.0,0.0,0.0035763644,-27.962015,2.307868,0.7692894,0.104,0.0,0.14776057,3.7599971,3.779997,611200
hardzero_plus_depr__c0p50__z1p00__lam0p020__nu0p50__psi0p75,hardzero_plus_depr,0.06,34,191,0.0,2,0.17544957,0.17583592,0.95993865,0.1096633,0.1096633,1.0,0.00038635684,0.0035231188,-26.918911,2.1119072,0.7039691,0.15200001,0.0,0.13699467,3.779997,3.799997,614400
hardzero_plus_depr__c0p50__z1p00__lam0p020__nu0p50__psi0p75,hardzero_plus_depr,0.06,34,192,0.0,2,0.17583592,0.17620146,0.9774855,0.10532088,0.10532088,1.0,0.00036553372,0.0034706672,-26.79927,2.150511,0.71683705,0.2,0.0,0.1514107,3.799997,3.819997,617600
hardzero_plus_depr__c0p50__z1p00__lam0p020__nu0p50__psi0p75,hardzero_plus_depr,0.06,34,193,0.0,2,0.17620146,0.17620146,1.0143278,0.0,0.09675473,0.0,0.0,0.0034189953,-27.959152,2.2315657,0.74385524,0.17600001,0.0,0.17101653,3.819997,3.839997,620800
hardzero_plus_depr__c0p50__z1p00__lam0p020__nu0p50__psi0p75,hardzero_plus_depr,0.06,34,194,0.0,2,0.17620146,0.17620146,1.0691857,0.0,0.08527353,0.0,0.0,0.0033680934,-27.932568,2.3522556,0.7840852,0.112,0.0,0.15720306,3.839997,3.859997,624000
hardzero_plus_depr__c0p50__z1p00__lam0p020__nu0p50__psi0p75,hardzero_plus_depr,0.06,34,195,0.0,2,0.17620146,0.17620146,1.0146267,0.0,0.09668816,0.0,0.0,0.0033179487,-27.302835,2.2322233,0.74407446,0.13,0.0,0.1457297,3.859997,3.879997,627200
hardzero_plus_depr__c0p50__z1p00__lam0p020__nu0p50__psi0p75,hardzero_plus_depr,0.06,34,196,0.0,2,0.17620146,0.17620146,1.049836,0.0,0.089158736,0.0,0.0,0.0032685513,-27.476912,2.3096855,0.7698952,0.120000005,0.0,0.13725525,3.879997,3.899997,630400
hardzero_plus_depr__c0p50__z1p00__lam0p020__nu0p50__psi0p75,hardzero_plus_depr,0.06,34,197,0.0,2,0.17620146,0.17655303,0.961846,0.10918275,0.10918275,1.0,0.0003515563,0.0032198885,-25.972063,2.1161034,0.7053678,0.17600001,0.0,0.13345413,3.899997,3.919997,633600
hardzero_plus_depr__c0p50__z1p00__lam0p020__nu0p50__psi0p75,hardzero_plus_depr,0.06,34,198,0.0,2,0.17655303,0.17688054,0.9860944,0.1032537,0.1032537,1.0,0.0003275157,0.0031719513,-26.058767,2.169451,0.7231504,0.136,0.0,0.1205144,3.919997,3.939997,636800
hardzero_plus_depr__c0p50__z1p00__lam0p020__nu0p50__psi0p75,hardzero_plus_depr,0.06,34,199,0.0,2,0.17688054,0.17688054,1.0170105,0.0,0.0961589,0.0,0.0,0.0031247265,-26.89021,2.2374678,0.7458226,0.192,0.0,0.14717525,3.939997,3.959997,640000
hardzero_plus_depr__c0p50__z1p00__lam0p020__nu0p50__psi0p75,hardzero_plus_depr,0.06,34,200,0.0,2,0.17688054,0.1772202,0.95726097,0.11034154,0.11034154,1.0,0.00033965395,0.0030782057,-25.51707,2.1060162,0.7020054,0.18400002,0.0,0.14336309,3.959997,3.979997,643200
hardzero_plus_depr__c0p50__z1p00__lam0p020__nu0p50__psi0p75,hardzero_plus_depr,0.06,34,201,0.0,2,0.1772202,0.1772202,1.0091205,0.0,0.09792183,0.0,0.0,0.0030323772,-27.565365,2.2201095,0.7400365,0.14400001,0.0,0.14299546,3.979997,3.999997,646400
hardzero_plus_depr__c0p50__z1p00__lam0p020__nu0p50__psi0p75,hardzero_plus_depr,0.06,34,202,0.0,2,0.1772202,0.17752032,0.99796695,0.10046923,0.10046923,1.0,0.0003001248,0.0029872311,-27.239826,2.1955712,0.73185706,0.128,0.0,0.1373304,3.999997,4.019997,649600
hardzero_plus_depr__c0p50__z1p00__lam0p020__nu0p50__psi0p75,hardzero_plus_depr,0.06,34,203,0.0,2,0.17752032,0.17752032,1.0156184,0.0,0.09646761,0.0,0.0,0.002942756,-26.34435,2.2344053,0.74480176,0.16800001,0.0,0.14085057,4.019997,4.039997,652800
hardzero_plus_depr__c0p50__z1p00__lam0p020__nu0p50__psi0p75,hardzero_plus_depr,0.06,34,204,0.0,2,0.17752032,0.17752032,1.0249971,0.0,0.0944067,0.0,0.0,0.0028989443,-27.50273,2.2550387,0.7516796,0.16000001,0.0,0.15876658,4.039997,4.059997,656000
hardzero_plus_depr__c0p50__z1p00__lam0p020__nu0p50__psi0p75,hardzero_plus_depr,0.06,34,205,0.0,2,0.17752032,0.17781737,0.98288405,0.104019776,0.104019776,1.0,0.00029705814,0.0028557852,-26.997925,2.162388,0.72079605,0.224,0.008,0.12278092,4.059997,4.079997,659200
hardzero_plus_depr__c0p50__z1p00__lam0p020__nu0p50__psi0p75,hardzero_plus_depr,0.06,34,206,0.0,2,0.17781737,0.17781737,1.020264,0.0,0.09544121,0.0,0.0,0.002813268,-26.57444,2.2446256,0.7482085,0.14400001,0.008,0.16775416,4.079997,4.099997,662400
hardzero_plus_depr__c0p50__z1p00__lam0p020__nu0p50__psi0p75,hardzero_plus_depr,0.06,34,207,0.0,2,0.17781737,0.17781737,1.0429089,0.0,0.09059226,0.0,0.0,0.0027713832,-28.60241,2.2944455,0.7648152,0.136,0.0,0.17366129,4.099997,4.119997,665600
hardzero_plus_depr__c0p50__z1p00__lam0p020__nu0p50__psi0p75,hardzero_plus_depr,0.06,34,208,0.0,2,0.17781737,0.17781737,1.0377237,0.0,0.09168037,0.0,0.0,0.0027301232,-27.210398,2.2830377,0.76101255,0.21,0.0,0.14570343,4.119997,4.139997,668800
hardzero_plus_depr__c0p50__z1p00__lam0p020__nu0p50__psi0p75,hardzero_plus_depr,0.06,34,209,0.0,2,0.17781737,0.17809528,0.9857679,0.10333135,0.10333135,1.0,0.00027790735,0.0026894775,-26.316961,2.1687326,0.7229109,0.128,0.0,0.12949768,4.139997,4.159997,672000
hardzero_plus_depr__c0p50__z1p00__lam0p020__nu0p50__psi0p75,hardzero_plus_depr,0.06,34,210,0.0,2,0.17809528,0.17837018,0.98397934,0.10375777,0.10375777,1.0,0.00027489956,0.002649436,-26.453283,2.1647978,0.7215993,0.120000005,0.0,0.1483305,4.159997,4.179997,675200
hardzero_plus_depr__c0p50__z1p00__lam0p020__nu0p50__psi0p75,hardzero_plus_depr,0.06,34,211,0.0,2,0.17837018,0.17837018,1.0488714,0.0,0.08935701,0.0,0.0,0.0026099908,-28.414366,2.307563,0.7691877,0.15200001,0.0,0.1522512,4.179997,4.199997,678400
hardzero_plus_depr__c0p50__z1p00__lam0p020__nu0p50__psi0p75,hardzero_plus_depr,0.06,34,212,0.0,2,0.17837018,0.17864127,0.9769935,0.10544027,0.10544027,1.0,0.000271101,0.0025711334,-27.053099,2.1494286,0.7164762,0.14400001,0.0,0.1359554,4.199997,4.219997,681600
hardzero_plus_depr__c0p50__z1p00__lam0p020__nu0p50__psi0p75,hardzero_plus_depr,0.06,34,213,0.0,2,0.17864127,0.1788976,0.99480486,0.1012034,0.1012034,1.0,0.0002563335,0.0025328547,-26.871622,2.1886144,0.72953814,0.16800001,0.0,0.14952944,4.219997,4.239997,684800
hardzero_plus_depr__c0p50__z1p00__lam0p020__nu0p50__psi0p75,hardzero_plus_depr,0.06,34,214,0.0,2,0.1788976,0.1788976,1.0016747,0.0,0.09961514,0.0,0.0,0.002495145,-27.599625,2.2037282,0.7345761,0.16000001,0.0,0.12917544,4.239997,4.259997,688000
hardzero_plus_depr__c0p50__z1p00__lam0p020__nu0p50__psi0p75,hardzero_plus_depr,0.06,34,215,0.0,2,0.1788976,0.1788976,1.0143774,0.0,0.09674368,0.0,0.0,0.0024579968,-26.99557,2.2316747,0.7438916,0.112,0.0,0.16861089,4.259997,4.279997,691200
hardzero_plus_depr__c0p50__z1p00__lam0p020__nu0p50__psi0p75,hardzero_plus_depr,0.06,34,216,0.0,2,0.1788976,0.1788976,1.0173587,0.0,0.09608185,0.0,0.0,0.0024214026,-27.508512,2.2382338,0.74607795,0.15200001,0.0,0.13960035,4.279997,4.299997,694400
hardzero_plus_depr__c0p50__z1p00__lam0p020__nu0p50__psi0p75,hardzero_plus_depr,0.06,34,217,0.0,2,0.1788976,0.17914946,0.9764032,0.10558368,0.10558368,1.0,0.0002518543,0.0023853525,-26.336,2.14813,0.71604335,0.192,0.0,0.123184055,4.299997,4.319997,697600
hardzero_plus_depr__c0p50__z1p00__lam0p020__nu0p50__psi0p75,hardzero_plus_depr,0.06,34,218,0.0,2,0.17914946,0.17914946,1.0154938,0.0,0.09649531,0.0,0.0,0.0023498393,-27.252419,2.2341309,0.7447103,0.192,0.0,0.13596405,4.319997,4.339997,700800
hardzero_plus_depr__c0p50__z1p00__lam0p020__nu0p50__psi0p75,hardzero_plus_depr,0.06,34,219,0.0,2,0.17914946,0.17914946,1.0067271,0.0,0.098462954,0.0,0.0,0.0023148544,-27.193382,2.2148438,0.73828125,0.15200001,0.0,0.17251173,4.339997,4.359997,704000
hardzero_plus_depr__c0p50__z1p00__lam0p020__nu0p50__psi0p75,hardzero_plus_depr,0.06,34,220,0.0,2,0.17914946,0.17941526,0.9334783,0.11655252,0.11655252,1.0,0.00026578532,0.002280391,-25.619814,2.0536933,0.6845645,0.216,0.0,0.1313768,4.359997,4.379997,707200
hardzero_plus_depr__c0p50__z1p00__lam0p020__nu0p50__psi0p75,hardzero_plus_depr,0.06,34,221,0.0,2,0.17941526,0.17941526,1.0356566,0.0,0.09211777,0.0,0.0,0.0022464409,-28.069466,2.27849,0.7594967,0.17999999,0.0,0.14370593,4.379997,4.3999968,710400
hardzero_plus_depr__c0p50__z1p00__lam0p020__nu0p50__psi0p75,hardzero_plus_depr,0.06,34,222,0.0,2,0.17941526,0.17941526,1.0340083,0.0,0.09246805,0.0,0.0,0.0022129954,-27.253067,2.2748637,0.7582879,0.120000005,0.0,0.15855637,4.3999968,4.4199967,713600
hardzero_plus_depr__c0p50__z1p00__lam0p020__nu0p50__psi0p75,hardzero_plus_depr,0.06,34,223,0.0,2,0.17941526,0.17964712,0.97322994,0.10635796,0.10635796,1.0,0.00023186544,0.0021800478,-26.092413,2.1411486,0.7137162,0.2,0.0,0.15867776,4.4199967,4.4399967,716800
hardzero_plus_depr__c0p50__z1p00__lam0p020__nu0p50__psi0p75,hardzero_plus_depr,0.06,34,224,0.0,2,0.17964712,0.1798921,0.9428224,0.11407163,0.11407163,1.0,0.00024497925,0.0021475914,-25.838732,2.0742507,0.6914169,0.16000001,0.0,0.12775064,4.4399967,4.4599967,720000
hardzero_plus_depr__c0p50__z1p00__lam0p020__nu0p50__psi0p75,hardzero_plus_depr,0.06,34,225,0.0,2,0.1798921,0.1798921,1.0556477,0.0,0.08797359,0.0,0.0,0.0021156182,-28.110739,2.3224714,0.77415717,0.14400001,0.0,0.17098068,4.4599967,4.4799967,723200
hardzero_plus_depr__c0p50__z1p00__lam0p020__nu0p50__psi0p75,hardzero_plus_depr,0.06,34,226,0.0,2,0.1798921,0.1798921,1.0431108,0.0,0.090550154,0.0,0.0,0.0020841206,-27.702982,2.2948897,0.76496327,0.15200001,0.0,0.13647701,4.4799967,4.4999967,726400
hardzero_plus_depr__c0p50__z1p00__lam0p020__nu0p50__psi0p75,hardzero_plus_depr,0.06,34,227,0.0,2,0.1798921,0.18009749,0.99980026,0.100046,0.100046,1.0,0.00020540364,0.002053092,-27.073666,2.1996045,0.7332015,0.17600001,0.0,0.13294245,4.4999967,4.5199966,729600
hardzero_plus_depr__c0p50__z1p00__lam0p020__nu0p50__psi0p75,hardzero_plus_depr,0.06,34,228,0.0,2,0.18009749,0.1803018,0.99560887,0.10101621,0.10101621,1.0,0.00020430786,0.0020225255,-26.549583,2.1903832,0.73012775,0.18400002,0.0,0.13430491,4.5199966,4.5399966,732800
hardzero_plus_depr__c0p50__z1p00__lam0p020__nu0p50__psi0p75,hardzero_plus_depr,0.06,34,229,0.0,2,0.1803018,0.18050356,0.99455106,0.101262555,0.101262555,1.0,0.00020175698,0.0019924145,-27.268047,2.188056,0.729352,0.192,0.0,0.17620064,4.5399966,4.5599966,736000
hardzero_plus_depr__c0p50__z1p00__lam0p020__nu0p50__psi0p75,hardzero_plus_depr,0.06,34,230,0.0,2,0.18050356,0.18050356,1.061919,0.0,0.08671237,0.0,0.0,0.0019627512,-27.926016,2.3362684,0.77875614,0.15200001,0.0,0.19861214,4.5599966,4.5799966,739200
hardzero_plus_depr__c0p50__z1p00__lam0p020__nu0p50__psi0p75,hardzero_plus_depr,0.06,34,231,0.0,2,0.18050356,0.18050356,1.0253434,0.0,0.09433147,0.0,0.0,0.0019335294,-26.821344,2.2558005,0.7519335,0.128,0.0,0.13459536,4.5799966,4.5999966,742400
hardzero_plus_depr__c0p50__z1p00__lam0p020__nu0p50__psi0p75,hardzero_plus_depr,0.06,34,232,0.0,2,0.18050356,0.18071502,0.9546114,0.11101676,0.11101676,1.0,0.00021145839,0.001904743,-26.07172,2.100187,0.7000624,0.112,0.0,0.14479236,4.5999966,4.6199965,745600
hardzero_plus_depr__c0p50__z1p00__lam0p020__nu0p50__psi0p75,hardzero_plus_depr,0.06,34,233,0.0,2,0.18071502,0.18090437,0.99605715,0.100912,0.100912,1.0,0.00018934978,0.0018763853,-26.708282,2.1913695,0.73045653,0.120000005,0.0,0.15020125,4.6199965,4.6399965,748800
hardzero_plus_depr__c0p50__z1p00__lam0p020__nu0p50__psi0p75,hardzero_plus_depr,0.06,34,234,0.0,2,0.18090437,0.18109614,0.984027,0.10374639,0.10374639,1.0,0.00019176996,0.0018484495,-25.779276,2.1649027,0.72163427,0.17999999,0.0,0.11850717,4.6399965,4.6599965,752000
hardzero_plus_depr__c0p50__z1p00__lam0p020__nu0p50__psi0p75,hardzero_plus_depr,0.06,34,235,0.0,2,0.18109614,0.18128459,0.9850879,0.10349326,0.10349326,1.0,0.00018845392,0.0018209295,-27.529503,2.1672366,0.7224122,0.208,0.0,0.15231946,4.6599965,4.6799965,755200
hardzero_plus_depr__c0p50__z1p00__lam0p020__nu0p50__psi0p75,hardzero_plus_depr,0.06,34,236,0.0,2,0.18128459,0.18128459,1.0047777,0.0,0.09890591,0.0,0.0,0.0017938197,-26.623825,2.210555,0.7368517,0.192,0.0,0.14583018,4.6799965,4.6999965,758400
hardzero_plus_depr__c0p50__z1p00__lam0p020__nu0p50__psi0p75,hardzero_plus_depr,0.06,34,237,0.0,2,0.18128459,0.18147303,0.97207814,0.10664041,0.10664041,1.0,0.0001884457,0.0017671133,-25.82775,2.1386147,0.71287155,0.2,0.0,0.1290421,4.6999965,4.7199965,761600
hardzero_plus_depr__c0p50__z1p00__lam0p020__nu0p50__psi0p75,hardzero_plus_depr,0.06,34,238,0.0,2,0.18147303,0.18147303,1.0070819,0.0,0.098382555,0.0,0.0,0.0017408043,-27.27445,2.2156243,0.7385415,0.16800001,0.0,0.15015168,4.7199965,4.7399964,764800
hardzero_plus_depr__c0p50__z1p00__lam0p020__nu0p50__psi0p75,hardzero_plus_depr,0.06,34,239,0.0,2,0.18147303,0.18164831,0.9905119,0.102208756,0.102208756,1.0,0.00017527647,0.001714887,-26.721874,2.1791697,0.7263899,0.17600001,0.0,0.15595816,4.7399964,4.7599964,768000
hardzero_plus_depr__c0p50__z1p00__lam0p020__nu0p50__psi0p75,hardzero_plus_depr,0.06,34,240,0.0,2,0.18164831,0.18182753,0.97435164,0.10608362,0.10608362,1.0,0.00017921298,0.0016893558,-26.54516,2.1436164,0.7145388,0.208,0.0,0.13135578,4.7599964,4.7799964,771200
hardzero_plus_depr__c0p50__z1p00__lam0p020__nu0p50__psi0p75,hardzero_plus_depr,0.06,34,241,0.0,2,0.18182753,0.18182753,1.0385894,0.0,0.091497794,0.0,0.0,0.0016642049,-27.305506,2.2849422,0.7616474,0.18400002,0.0,0.15745169,4.7799964,4.7999964,774400
hardzero_plus_depr__c0p50__z1p00__lam0p020__nu0p50__psi0p75,hardzero_plus_depr,0.06,34,242,0.0,2,0.18182753,0.18182753,1.0194238,0.0,0.09562604,0.0,0.0,0.0016394279,-27.20848,2.2427773,0.74759245,0.15200001,0.0,0.13949686,4.7999964,4.8199964,777600
hardzero_plus_depr__c0p50__z1p00__lam0p020__nu0p50__psi0p75,hardzero_plus_depr,0.06,34,243,0.0,2,0.18182753,0.18182753,1.0287466,0.0,0.09359516,0.0,0.0,0.0016150197,-26.759508,2.2632878,0.7544293,0.16800001,0.0,0.15243371,4.8199964,4.8399963,780800
hardzero_plus_depr__c0p50__z1p00__lam0p020__nu0p50__psi0p75,hardzero_plus_depr,0.06,34,244,0.0,2,0.18182753,0.18182753,1.0121912,0.0,0.09723192,0.0,0.0,0.0015909754,-27.192656,2.226865,0.74228835,0.18400002,0.0,0.14776446,4.8399963,4.8599963,784000
hardzero_plus_depr__c0p50__z1p00__lam0p020__nu0p50__psi0p75,hardzero_plus_depr,0.06,34,245,0.0,2,0.18182753,0.18182753,1.0857706,0.0,0.0820785,0.0,0.0,0.0015672891,-28.744726,2.3887432,0.7962477,0.14400001,0.0,0.21042016,4.8599963,4.8799963,787200
hardzero_plus_depr__c0p50__z1p00__lam0p020__nu0p50__psi0p75,hardzero_plus_depr,0.06,34,246,0.0,2,0.18182753,0.18182753,1.0208466,0.0,0.09531327,0.0,0.0,0.0015439551,-27.671682,2.2459073,0.74863577,0.136,0.0,0.18194397,4.8799963,4.8999963,790400
hardzero_plus_depr__c0p50__z1p00__lam0p020__nu0p50__psi0p75,hardzero_plus_depr,0.06,34,247,0.0,2,0.18182753,0.18182753,1.0238528,0.0,0.0946558,0.0,0.0,0.0015209685,-28.007687,2.2525213,0.7508404,0.13,0.0,0.16555767,4.8999963,4.9199963,793600
hardzero_plus_depr__c0p50__z1p00__lam0p020__nu0p50__psi0p75,hardzero_plus_depr,0.06,34,248,0.0,2,0.18182753,0.18182753,1.011311,0.0,0.097429164,0.0,0.0,0.0014983243,-27.088165,2.2249286,0.7416429,0.18400002,0.0,0.12542553,4.9199963,4.9399962,796800
hardzero_plus_depr__c0p50__z1p00__lam0p020__nu0p50__psi0p75,hardzero_plus_depr,0.06,34,249,0.0,2,0.18182753,0.1819915,0.95432585,0.11108978,0.11108978,1.0,0.00016397046,0.0014760174,-25.891512,2.0995588,0.69985294,0.18400002,0.0,0.13652334,4.9399962,4.959996,800000
hardzero_plus_depr__c0p50__z1p00__lam0p020__nu0p50__psi0p75,hardzero_plus_depr,0.06,34,250,0.0,2,0.1819915,0.1819915,1.0386213,0.0,0.09149106,0.0,0.0,0.0014540422,-27.80499,2.2850125,0.7616708,0.18400002,0.0,0.1850781,4.959996,4.979996,803200
hardzero_plus_depr__c0p50__z1p00__lam0p020__nu0p50__psi0p75,hardzero_plus_depr,0.06,34,251,0.0,2,0.1819915,0.1819915,1.0125136,0.0,0.09715976,0.0,0.0,0.0014323941,-27.402067,2.2275746,0.74252486,0.128,0.0,0.15031624,4.979996,4.999996,806400
hardzero_plus_depr__c0p50__z1p00__lam0p020__nu0p50__psi0p75,hardzero_plus_depr,0.06,34,252,0.0,2,0.1819915,0.1819915,1.020687,0.0,0.095348306,0.0,0.0,0.0014110688,-27.631153,2.245556,0.7485187,0.192,0.0,0.17284572,4.999996,5.019996,809600
hardzero_plus_depr__c0p50__z1p00__lam0p020__nu0p50__psi0p75,hardzero_plus_depr,0.06,34,253,0.0,2,0.1819915,0.1819915,1.0134728,0.0,0.09694539,0.0,0.0,0.0013900609,-27.21693,2.2296846,0.7432282,0.112,0.0,0.13123399,5.019996,5.039996,812800
hardzero_plus_depr__c0p50__z1p00__lam0p020__nu0p50__psi0p75,hardzero_plus_depr,0.06,34,254,0.0,2,0.1819915,0.1819915,1.0187757,0.0,0.095768854,0.0,0.0,0.0013693655,-27.966908,2.2413514,0.74711716,0.16000001,0.0,0.12967071,5.039996,5.059996,816000
hardzero_plus_depr__c0p50__z1p00__lam0p020__nu0p50__psi0p75,hardzero_plus_depr,0.06,34,255,0.0,2,0.1819915,0.18213297,0.97934175,0.10487168,0.10487168,1.0,0.00014146962,0.0013489783,-26.88743,2.154595,0.7181983,0.136,0.0,0.14802463,5.059996,5.079996,819200
hardzero_plus_depr__c0p50__z1p00__lam0p020__nu0p50__psi0p75,hardzero_plus_depr,0.06,34,256,0.0,2,0.18213297,0.18226878,0.9905665,0.102195896,0.102195896,1.0,0.00013580758,0.0013288946,-26.465252,2.1792898,0.72642994,0.112,0.0,0.13066566,5.079996,5.099996,822400
hardzero_plus_depr__c0p50__z1p00__lam0p020__nu0p50__psi0p75,hardzero_plus_depr,0.06,34,257,0.0,2,0.18226878,0.18226878,1.0284606,0.0,0.093656816,0.0,0.0,0.0013091101,-27.437439,2.2626586,0.75421953,0.14400001,0.0,0.13792878,5.099996,5.119996,825600
hardzero_plus_depr__c0p50__z1p00__lam0p020__nu0p50__psi0p75,hardzero_plus_depr,0.06,34,258,0.0,2,0.18226878,0.18226878,1.0483955,0.0,0.08945498,0.0,0.0,0.0012896198,-27.953127,2.3065162,0.76883876,0.120000005,0.0,0.14696391,5.119996,5.139996,828800
hardzero_plus_depr__c0p50__z1p00__lam0p020__nu0p50__psi0p75,hardzero_plus_depr,0.06,34,259,0.0,2,0.18226878,0.18240322,0.97540534,0.10582655,0.10582655,1.0,0.00013444414,0.0012704198,-26.817438,2.1459346,0.7153115,0.18400002,0.0,0.15299195,5.139996,5.159996,832000
hardzero_plus_depr__c0p50__z1p00__lam0p020__nu0p50__psi0p75,hardzero_plus_depr,0.06,34,260,0.0,2,0.18240322,0.18240322,1.0238701,0.0,0.09465203,0.0,0.0,0.0012515058,-27.49623,2.2525592,0.75085306,0.19,0.0,0.15568128,5.159996,5.179996,835200
hardzero_plus_depr__c0p50__z1p00__lam0p020__nu0p50__psi0p75,hardzero_plus_depr,0.06,34,261,0.0,2,0.18240322,0.18253358,0.97581214,0.10572747,0.10572747,1.0,0.0001303486,0.0012328735,-26.424372,2.1468296,0.7156099,0.15200001,0.0,0.13190594,5.179996,5.199996,838400
hardzero_plus_depr__c0p50__z1p00__lam0p020__nu0p50__psi0p75,hardzero_plus_depr,0.06,34,262,0.0,2,0.18253358,0.18266232,0.9746564,0.10600921,0.10600921,1.0,0.00012875014,0.0012145184,-26.187761,2.1442869,0.71476233,0.16800001,0.0,0.13836975,5.199996,5.219996,841600
hardzero_plus_depr__c0p50__z1p00__lam0p020__nu0p50__psi0p75,hardzero_plus_depr,0.06,34,263,0.0,2,0.18266232,0.18266232,1.009513,0.0,0.09783336,0.0,0.0,0.0011964364,-27.250555,2.220973,0.7403244,0.14400001,0.0,0.14749439,5.219996,5.239996,844800
hardzero_plus_depr__c0p50__z1p00__lam0p020__nu0p50__psi0p75,hardzero_plus_depr,0.06,34,264,0.0,2,0.18266232,0.18278281,0.9904137,0.10223187,0.10223187,1.0,0.00012049293,0.001178624,-26.258705,2.1789536,0.7263179,0.14400001,0.0,0.13684858,5.239996,5.259996,848000
hardzero_plus_depr__c0p50__z1p00__lam0p020__nu0p50__psi0p75,hardzero_plus_depr,0.06,34,265,0.0,2,0.18278281,0.18278281,1.0680091,0.0,0.08550486,0.0,0.0,0.0011610766,-28.235678,2.349667,0.7832224,0.112,0.0,0.15036291,5.259996,5.279996,851200
hardzero_plus_depr__c0p50__z1p00__lam0p020__nu0p50__psi0p75,hardzero_plus_depr,0.06,34,266,0.0,2,0.18278281,0.1829001,0.9890759,0.102547266,0.102547266,1.0,0.00011729257,0.0011437903,-26.826263,2.1760104,0.7253368,0.15200001,0.0,0.1288814,5.279996,5.299996,854400
hardzero_plus_depr__c0p50__z1p00__lam0p020__nu0p50__psi0p75,hardzero_plus_depr,0.06,34,267,0.0,2,0.1829001,0.1829001,1.0306929,0.0,0.093176655,0.0,0.0,0.0011267614,-27.695456,2.2675698,0.75585663,0.16800001,0.0,0.15539558,5.299996,5.319996,857600
hardzero_plus_depr__c0p50__z1p00__lam0p020__nu0p50__psi0p75,hardzero_plus_depr,0.06,34,268,0.0,2,0.1829001,0.1829001,1.0669627,0.0,0.08571113,0.0,0.0,0.0011099862,-28.463415,2.347365,0.78245497,0.120000005,0.0,0.17696717,5.319996,5.339996,860800
hardzero_plus_depr__c0p50__z1p00__lam0p020__nu0p50__psi0p75,hardzero_plus_depr,0.06,34,269,0.0,2,0.1829001,0.1829001,1.051341,0.0,0.088850304,0.0,0.0,0.0010934608,-27.795624,2.3129966,0.7709989,0.208,0.0,0.17516641,5.339996,5.359996,864000
hardzero_plus_depr__c0p50__z1p00__lam0p020__nu0p50__psi0p75,hardzero_plus_depr,0.06,34,270,0.0,2,0.1829001,0.18301018,0.9905795,0.10219285,0.10219285,1.0,0.00011008025,0.0010771815,-27.046923,2.1793184,0.7264395,0.17600001,0.0,0.15582414,5.359996,5.379996,867200
hardzero_plus_depr__c0p50__z1p00__lam0p020__nu0p50__psi0p75,hardzero_plus_depr,0.06,34,271,0.0,2,0.18301018,0.18311939,0.9875226,0.10291468,0.10291468,1.0,0.00010920729,0.0010611439,-26.477852,2.172593,0.72419775,0.120000005,0.0,0.14460124,5.379996,5.399996,870400
hardzero_plus_depr__c0p50__z1p00__lam0p020__nu0p50__psi0p75,hardzero_plus_depr,0.06,34,272,0.0,2,0.18311939,0.18323107,0.9712871,0.10683484,0.10683484,1.0,0.000111679336,0.0010453457,-26.00994,2.1368742,0.7122914,0.14400001,0.0,0.14239508,5.399996,5.419996,873600
hardzero_plus_depr__c0p50__z1p00__lam0p020__nu0p50__psi0p75,hardzero_plus_depr,0.06,34,273,0.0,2,0.18323107,0.18323107,1.0302613,0.0,0.09326929,0.0,0.0,0.0010297826,-27.395071,2.2666202,0.7555401,0.17999999,0.0,0.1754334,5.419996,5.439996,876800
hardzero_plus_depr__c0p50__z1p00__lam0p020__nu0p50__psi0p75,hardzero_plus_depr,0.06,34,274,0.0,2,0.18323107,0.18323107,1.0322323,0.0,0.09284697,0.0,0.0,0.0010144509,-27.632479,2.2709563,0.7569854,0.16000001,0.0,0.15569332,5.439996,5.4599957,880000
hardzero_plus_depr__c0p50__z1p00__lam0p020__nu0p50__psi0p75,hardzero_plus_depr,0.06,34,275,0.0,2,0.18323107,0.18323107,1.0255516,0.0,0.09428627,0.0,0.0,0.0009993479,-26.994509,2.2562585,0.75208616,0.18400002,0.0,0.15918614,5.4599957,5.4799957,883200
hardzero_plus_depr__c0p50__z1p00__lam0p020__nu0p50__psi0p75,hardzero_plus_depr,0.06,34,276,0.0,2,0.18323107,0.18333133,0.9921055,0.10183439,0.10183439,1.0,0.00010025285,0.0009844695,-27.050087,2.1826756,0.72755855,0.096,0.0,0.15269764,5.4799957,5.4999957,886400
hardzero_plus_depr__c0p50__z1p00__lam0p020__nu0p50__psi0p75,hardzero_plus_depr,0.06,34,277,0.0,2,0.18333133,0.18333133,1.0603125,0.0,0.0870337,0.0,0.0,0.0009698129,-28.03842,2.332734,0.77757806,0.08800001,0.0,0.14230189,5.4999957,5.5199957,889600
hardzero_plus_depr__c0p50__z1p00__lam0p020__nu0p50__psi0p75,hardzero_plus_depr,0.06,34,278,0.0,2,0.18333133,0.18342943,0.98846704,0.10269112,0.10269112,1.0,9.810846e-05,0.00095537433,-26.59893,2.174671,0.72489035,0.17600001,0.0,0.14447404,5.5199957,5.5399957,892800
hardzero_plus_depr__c0p50__z1p00__lam0p020__nu0p50__psi0p75,hardzero_plus_depr,0.06,34,279,0.0,2,0.18342943,0.18352437,0.9962521,0.100866705,0.100866705,1.0,9.4930736e-05,0.00094115036,-26.705294,2.1917984,0.7305995,0.136,0.0,0.16166209,5.5399957,5.5599957,896000
hardzero_plus_depr__c0p50__z1p00__lam0p020__nu0p50__psi0p75,hardzero_plus_depr,0.06,34,280,0.0,2,0.18352437,0.18362065,0.9836126,0.103845425,0.103845425,1.0,9.62791e-05,0.0009271386,-26.820257,2.163991,0.72133034,0.256,0.0,0.14954782,5.5599957,5.5799956,899200
hardzero_plus_depr__c0p50__z1p00__lam0p020__nu0p50__psi0p75,hardzero_plus_depr,0.06,34,281,0.0,2,0.18362065,0.18371204,0.9997579,0.10005576,0.10005576,1.0,9.138448e-05,0.0009133355,-26.534523,2.1995113,0.73317045,0.216,0.0,0.13711554,5.5799956,5.5999956,902400
hardzero_plus_depr__c0p50__z1p00__lam0p020__nu0p50__psi0p75,hardzero_plus_depr,0.06,34,282,0.0,2,0.18371204,0.1838145,0.9435306,0.11388575,0.11388575,1.0,0.000102467275,0.0008997374,-25.237448,2.0758088,0.69193625,0.28800002,0.0,0.13759194,5.5999956,5.6199956,905600
hardzero_plus_depr__c0p50__z1p00__lam0p020__nu0p50__psi0p75,hardzero_plus_depr,0.06,34,283,0.0,2,0.1838145,0.1838145,1.0378634,0.0,0.09165087,0.0,0.0,0.0008863421,-27.352552,2.283345,0.761115,0.128,0.0,0.16082029,5.6199956,5.6399956,908800
hardzero_plus_depr__c0p50__z1p00__lam0p020__nu0p50__psi0p75,hardzero_plus_depr,0.06,34,284,0.0,2,0.1838145,0.1839071,0.9744119,0.1060689,0.1060689,1.0,9.261367e-05,0.00087314635,-26.702744,2.143749,0.71458304,0.224,0.0,0.12821084,5.6399956,5.6599956,912000
hardzero_plus_depr__c0p50__z1p00__lam0p020__nu0p50__psi0p75,hardzero_plus_depr,0.06,34,285,0.0,2,0.1839071,0.1839071,1.0011996,0.0,0.099724166,0.0,0.0,0.00086014695,-27.279049,2.2026832,0.7342278,0.128,0.0,0.15292302,5.6599956,5.6799955,915200
hardzero_plus_depr__c0p50__z1p00__lam0p020__nu0p50__psi0p75,hardzero_plus_depr,0.06,34,286,0.0,2,0.1839071,0.1839071,1.0770142,0.0,0.08375019,0.0,0.0,0.0008473412,-28.991743,2.3694785,0.78982615,0.08,0.0,0.18275228,5.6799955,5.6999955,918400
hardzero_plus_depr__c0p50__z1p00__lam0p020__nu0p50__psi0p75,hardzero_plus_depr,0.06,34,287,0.0,2,0.1839071,0.1839071,1.0037113,0.0,0.09914908,0.0,0.0,0.0008347257,-27.586157,2.208209,0.7360697,0.192,0.0,0.1556111,5.6999955,5.7199955,921600
hardzero_plus_depr__c0p50__z1p00__lam0p020__nu0p50__psi0p75,hardzero_plus_depr,0.06,34,288,0.0,2,0.1839071,0.1839996,0.9488939,0.11248796,0.11248796,1.0,9.249865e-05,0.0008222983,-25.991732,2.0876083,0.69586945,0.24000001,0.0,0.1428387,5.7199955,5.7399955,924800
hardzero_plus_depr__c0p50__z1p00__lam0p020__nu0p50__psi0p75,hardzero_plus_depr,0.06,34,289,0.0,2,0.1839996,0.1839996,1.0403948,0.0,0.091118224,0.0,0.0,0.000810056,-27.43696,2.2889142,0.7629714,0.128,0.0,0.14764768,5.7399955,5.7599955,928000
hardzero_plus_depr__c0p50__z1p00__lam0p020__nu0p50__psi0p75,hardzero_plus_depr,0.06,34,290,0.0,2,0.1839996,0.1839996,1.0224568,0.0,0.09496054,0.0,0.0,0.00079799554,-27.659855,2.2494497,0.7498166,0.120000005,0.008,0.14917822,5.7599955,5.7799954,931200
hardzero_plus_depr__c0p50__z1p00__lam0p020__nu0p50__psi0p75,hardzero_plus_depr,0.06,34,291,0.0,2,0.1839996,0.1839996,1.003383,0.0,0.09922404,0.0,0.0,0.00078611507,-26.338303,2.2074869,0.735829,0.136,0.0,0.13687328,5.7799954,5.7999954,934400
hardzero_plus_depr__c0p50__z1p00__lam0p020__nu0p50__psi0p75,hardzero_plus_depr,0.06,34,292,0.0,2,0.1839996,0.18408103,0.97816366,0.10515656,0.10515656,1.0,8.1434446e-05,0.0007744114,-27.491407,2.152003,0.7173344,0.18400002,0.0,0.13852501,5.7999954,5.8199954,937600
hardzero_plus_depr__c0p50__z1p00__lam0p020__nu0p50__psi0p75,hardzero_plus_depr,0.06,34,293,0.0,2,0.18408103,0.1841667,0.9496509,0.11229208,0.11229208,1.0,8.5665604e-05,0.000762882,-26.129723,2.0892737,0.6964246,0.216,0.0,0.13237108,5.8199954,5.8399954,940800
hardzero_plus_depr__c0p50__z1p00__lam0p020__nu0p50__psi0p75,hardzero_plus_depr,0.06,34,294,0.0,2,0.1841667,0.18424286,0.9941856,0.10134782,0.10134782,1.0,7.616535e-05,0.00075152435,-26.619265,2.187252,0.729084,0.17600001,0.0,0.14428133,5.8399954,5.8599954,944000
hardzero_plus_depr__c0p50__z1p00__lam0p020__nu0p50__psi0p75,hardzero_plus_depr,0.06,34,295,0.0,2,0.18424286,0.18431817,0.9926062,0.10171705,0.10171705,1.0,7.530472e-05,0.0007403353,-26.30659,2.1837773,0.7279258,0.192,0.0,0.15311517,5.8599954,5.8799953,947200
hardzero_plus_depr__c0p50__z1p00__lam0p020__nu0p50__psi0p75,hardzero_plus_depr,0.06,34,296,0.0,2,0.18431817,0.18431817,1.0408968,0.0,0.09101296,0.0,0.0,0.00072931324,-27.792841,2.2900186,0.7633395,0.15200001,0.0,0.1669162,5.8799953,5.8999953,950400
hardzero_plus_depr__c0p50__z1p00__lam0p020__nu0p50__psi0p75,hardzero_plus_depr,0.06,34,297,0.0,2,0.18431817,0.18431817,1.0288821,0.0,0.093565956,0.0,0.0,0.0007184553,-27.390133,2.263586,0.7545287,0.18400002,0.0,0.14045773,5.8999953,5.9199953,953600
hardzero_plus_depr__c0p50__z1p00__lam0p020__nu0p50__psi0p75,hardzero_plus_depr,0.06,34,298,0.0,2,0.18431817,0.18431817,1.0480103,0.0,0.089534335,0.0,0.0,0.00070775865,-27.9126,2.3056688,0.7685563,0.120000005,0.0,0.12324671,5.9199953,5.9399953,956800
hardzero_plus_depr__c0p50__z1p00__lam0p020__nu0p50__psi0p75,hardzero_plus_depr,0.06,34,299,0.0,2,0.18431817,0.18431817,1.0175968,0.0,0.096029155,0.0,0.0,0.00069722155,-27.729378,2.2387578,0.74625266,0.14999999,0.01,0.15558639,5.9399953,5.9599953,960000
hardzero_plus_depr__c0p50__z1p00__lam0p020__nu0p50__psi0p75,hardzero_plus_depr,0.06,34,300,0.0,2,0.18431817,0.18431817,1.0610163,0.0,0.08689277,0.0,0.0,0.0006868414,-27.83379,2.3342824,0.7780942,0.14400001,0.0,0.15486759,5.9599953,5.9799953,963200
hardzero_plus_depr__c0p50__z1p00__lam0p020__nu0p50__psi0p75,hardzero_plus_depr,0.06,34,301,0.0,2,0.18431817,0.18431817,1.0075493,0.0,0.098276734,0.0,0.0,0.0006766157,-26.810963,2.2166526,0.7388842,0.096,0.0,0.14004758,5.9799953,5.999995,966400
hardzero_plus_depr__c0p50__z1p00__lam0p020__nu0p50__psi0p75,hardzero_plus_depr,0.06,34,302,0.0,2,0.18431817,0.18439846,0.919194,0.1204498,0.1204498,1.0,8.028489e-05,0.0006665423,-26.089127,2.022267,0.6740891,0.28800002,0.0,0.12789775,5.999995,6.019995,969600
hardzero_plus_depr__c0p50__z1p00__lam0p020__nu0p50__psi0p75,hardzero_plus_depr,0.06,34,303,0.0,2,0.18439846,0.18439846,1.058661,0.0,0.0873653,0.0,0.0,0.00065661856,-28.041252,2.3291006,0.7763669,0.16800001,0.0,0.14545864,6.019995,6.039995,972800
hardzero_plus_depr__c0p50__z1p00__lam0p020__nu0p50__psi0p75,hardzero_plus_depr,0.06,34,304,0.0,2,0.18439846,0.18439846,1.0037907,0.0,0.09913095,0.0,0.0,0.00064684293,-27.10819,2.2083838,0.736128,0.216,0.0,0.15061131,6.039995,6.059995,976000
hardzero_plus_depr__c0p50__z1p00__lam0p020__nu0p50__psi0p75,hardzero_plus_depr,0.06,34,305,0.0,2,0.18439846,0.18446349,0.9911777,0.10205219,0.10205219,1.0,6.502895e-05,0.0006372127,-26.567719,2.1806345,0.72687817,0.24800001,0.0,0.17741007,6.059995,6.079995,979200
hardzero_plus_depr__c0p50__z1p00__lam0p020__nu0p50__psi0p75,hardzero_plus_depr,0.06,34,306,0.0,2,0.18446349,0.1845289,0.9821204,0.10420285,0.10420285,1.0,6.54108e-05,0.0006277256,-27.431406,2.160708,0.720236,0.16000001,0.0,0.14649491,6.079995,6.099995,982400
hardzero_plus_depr__c0p50__z1p00__lam0p020__nu0p50__psi0p75,hardzero_plus_depr,0.06,34,307,0.0,2,0.1845289,0.1845985,0.9486639,0.11254756,0.11254756,1.0,6.9597176e-05,0.00061838015,-26.894804,2.0871022,0.69570076,0.18400002,0.0,0.13471766,6.099995,6.119995,985600
hardzero_plus_depr__c0p50__z1p00__lam0p020__nu0p50__psi0p75,hardzero_plus_depr,0.06,34,308,0.0,2,0.1845985,0.18466997,0.93061477,0.11732356,0.11732356,1.0,7.147042e-05,0.0006091737,-25.81717,2.0473933,0.6824645,0.224,0.0,0.1547163,6.119995,6.139995,988800
hardzero_plus_depr__c0p50__z1p00__lam0p020__nu0p50__psi0p75,hardzero_plus_depr,0.06,34,309,0.0,2,0.18466997,0.18466997,1.0158126,0.0,0.0964245,0.0,0.0,0.0006001044,-27.322117,2.2348325,0.7449442,0.18400002,0.0,0.15520816,6.139995,6.159995,992000
hardzero_plus_depr__c0p50__z1p00__lam0p020__nu0p50__psi0p75,hardzero_plus_depr,0.06,34,310,0.0,2,0.18466997,0.18472971,0.9954052,0.101063594,0.101063594,1.0,5.9745777e-05,0.0005911701,-27.15184,2.1899352,0.72997844,0.120000005,0.0,0.13936903,6.159995,6.179995,995200
hardzero_plus_depr__c0p50__z1p00__lam0p020__nu0p50__psi0p75,hardzero_plus_depr,0.06,34,311,0.0,2,0.18472971,0.18472971,1.0195625,0.0,0.09559552,0.0,0.0,0.00058236846,-27.501793,2.2430823,0.74769413,0.128,0.0,0.16373017,6.179995,6.199995,998400
hardzero_plus_depr__c0p50__z1p00__lam0p020__nu0p50__psi0p75,hardzero_plus_depr,0.06,34,312,0.0,2,0.18472971,0.18472971,1.0025752,0.0,0.099408805,0.0,0.0,0.00057369826,-27.395319,2.2057095,0.7352365,0.089999996,0.0,0.1541315,6.199995,6.219995,1001600
hardzero_plus_depr__c0p50__z1p00__lam0p020__nu0p50__psi0p75,hardzero_plus_depr,0.06,34,313,0.0,2,0.18472971,0.18472971,1.0298022,0.0,0.09336794,0.0,0.0,0.0005651571,-27.662586,2.26561,0.75520337,0.23200001,0.0,0.15057671,6.219995,6.239995,1004800
hardzero_plus_depr__c0p50__z1p00__lam0p020__nu0p50__psi0p75,hardzero_plus_depr,0.06,34,314,0.0,2,0.18472971,0.18472971,1.0239716,0.0,0.09462991,0.0,0.0,0.0005567428,-27.215204,2.2527823,0.75092745,0.18400002,0.0,0.17751259,6.239995,6.259995,1008000
hardzero_plus_depr__c0p50__z1p00__lam0p020__nu0p50__psi0p75,hardzero_plus_depr,0.06,34,315,0.0,2,0.18472971,0.18478699,0.9811522,0.104435414,0.104435414,1.0,5.727802e-05,0.000548454,-26.474289,2.158578,0.719526,0.14400001,0.0,0.11822385,6.259995,6.279995,1011200
hardzero_plus_depr__c0p50__z1p00__lam0p020__nu0p50__psi0p75,hardzero_plus_depr,0.06,34,316,0.0,2,0.18478699,0.18484388,0.97756755,0.10530099,0.10530099,1.0,5.6892935e-05,0.0005402887,-26.954645,2.1506915,0.7168972,0.15200001,0.0,0.14734417,6.279995,6.299995,1014400
hardzero_plus_depr__c0p50__z1p00__lam0p020__nu0p50__psi0p75,hardzero_plus_depr,0.06,34,317,0.0,2,0.18484388,0.18484388,1.0462003,0.0,0.089908294,0.0,0.0,0.0005322449,-27.66003,2.3016865,0.76722884,0.14400001,0.0,0.13805349,6.299995,6.319995,1017600
hardzero_plus_depr__c0p50__z1p00__lam0p020__nu0p50__psi0p75,hardzero_plus_depr,0.06,34,318,0.0,2,0.18484388,0.1849005,0.9666197,0.107989214,0.107989214,1.0,5.6621e-05,0.0005243209,-26.433931,2.1266057,0.7088686,0.2,0.0,0.12219221,6.319995,6.339995,1020800
hardzero_plus_depr__c0p50__z1p00__lam0p020__nu0p50__psi0p75,hardzero_plus_depr,0.06,34,319,0.0,2,0.1849005,0.1849005,1.0360509,0.0,0.092034176,0.0,0.0,0.0005165145,-27.680044,2.2793574,0.75978583,0.17600001,0.0,0.15925245,6.339995,6.359995,1024000
hardzero_plus_depr__c0p50__z1p00__lam0p020__nu0p50__psi0p75,hardzero_plus_depr,0.06,34,320,0.0,2,0.1849005,0.1849553,0.9678758,0.107677296,0.107677296,1.0,5.4788874e-05,0.00050882477,-26.5026,2.1293693,0.70978975,0.224,0.0,0.12493884,6.359995,6.379995,1027200
hardzero_plus_depr__c0p50__z1p00__lam0p020__nu0p50__psi0p75,hardzero_plus_depr,0.06,34,321,0.0,2,0.1849553,0.1849553,1.0018408,0.0,0.09957703,0.0,0.0,0.0005012494,-26.608397,2.204094,0.734698,0.16000001,0.0,0.11834376,6.379995,6.399995,1030400
hardzero_plus_depr__c0p50__z1p00__lam0p020__nu0p50__psi0p75,hardzero_plus_depr,0.06,34,322,0.0,2,0.1849553,0.1849553,1.0317763,0.0,0.0929445,0.0,0.0,0.00049378665,-27.731033,2.2699533,0.7566511,0.16800001,0.0,0.14595224,6.399995,6.419995,1033600
hardzero_plus_depr__c0p50__z1p00__lam0p020__nu0p50__psi0p75,hardzero_plus_depr,0.06,34,323,0.0,2,0.1849553,0.1849553,1.0222751,0.0,0.09500028,0.0,0.0,0.00048643514,-27.26055,2.2490501,0.7496834,0.15200001,0.0,0.14448807,6.419995,6.439995,1036800
hardzero_plus_depr__c0p50__z1p00__lam0p020__nu0p50__psi0p75,hardzero_plus_depr,0.06,34,324,0.0,2,0.1849553,0.1850088,0.95221245,0.11163171,0.11163171,1.0,5.3493146e-05,0.0004791931,-25.49963,2.0949092,0.6983031,0.208,0.0,0.1253463,6.439995,6.459995,1040000
hardzero_plus_depr__c0p50__z1p00__lam0p020__nu0p50__psi0p75,hardzero_plus_depr,0.06,34,325,0.0,2,0.1850088,0.1850088,1.0993301,0.0,0.079555444,0.0,0.0,0.00047205895,-27.943178,2.4185746,0.80619156,0.14999999,0.0,0.1796685,6.459995,6.479995,1043200
hardzero_plus_depr__c0p50__z1p00__lam0p020__nu0p50__psi0p75,hardzero_plus_depr,0.06,34,326,0.0,2,0.1850088,0.1850088,1.004597,0.0,0.0989471,0.0,0.0,0.0004650309,-26.363012,2.2101574,0.73671913,0.216,0.0,0.1541701,6.479995,6.4999948,1046400
hardzero_plus_depr__c0p50__z1p00__lam0p020__nu0p50__psi0p75,hardzero_plus_depr,0.06,34,327,0.0,2,0.1850088,0.1850088,1.0445516,0.0,0.090250246,0.0,0.0,0.0004581074,-26.395134,2.2980595,0.7660198,0.120000005,0.0,0.1347522,6.4999948,6.5199947,1049600
hardzero_plus_depr__c0p50__z1p00__lam0p020__nu0p50__psi0p75,hardzero_plus_depr,0.06,34,328,0.0,2,0.1850088,0.18505463,0.9932545,0.101565324,0.101565324,1.0,4.5835124e-05,0.00045128714,-26.90493,2.1852036,0.7284012,0.16800001,0.0,0.13689728,6.5199947,6.5399947,1052800
hardzero_plus_depr__c0p50__z1p00__lam0p020__nu0p50__psi0p75,hardzero_plus_depr,0.06,34,329,0.0,2,0.18505463,0.18505463,1.1080954,0.0,0.07796586,0.0,0.0,0.00044456837,-28.791029,2.4378586,0.81261957,0.120000005,0.0,0.18379575,6.5399947,6.5599947,1056000
hardzero_plus_depr__c0p50__z1p00__lam0p020__nu0p50__psi0p75,hardzero_plus_depr,0.06,34,330,0.0,2,0.18505463,0.18509863,0.99787474,0.10049055,0.10049055,1.0,4.4009783e-05,0.00043794946,-26.731932,2.1953683,0.73178947,0.16800001,0.0,0.1438595,6.5599947,6.5799947,1059200
hardzero_plus_depr__c0p50__z1p00__lam0p020__nu0p50__psi0p75,hardzero_plus_depr,0.06,34,331,0.0,2,0.18509863,0.18514258,0.9919466,0.10187167,0.10187167,1.0,4.3950422e-05,0.0004314293,-26.605267,2.182326,0.727442,0.120000005,0.0,0.12702742,6.5799947,6.5999947,1062400
hardzero_plus_depr__c0p50__z1p00__lam0p020__nu0p50__psi0p75,hardzero_plus_depr,0.06,34,332,0.0,2,0.18514258,0.18518816,0.969596,0.10725165,0.10725165,1.0,4.5582616e-05,0.0004250062,-26.70438,2.133154,0.71105134,0.18400002,0.0,0.12570456,6.5999947,6.6199946,1065600
hardzero_plus_depr__c0p50__z1p00__lam0p020__nu0p50__psi0p75,hardzero_plus_depr,0.06,34,333,0.0,2,0.18518816,0.18518816,1.0037532,0.0,0.09913953,0.0,0.0,0.00041867877,-27.043129,2.208301,0.7361004,0.136,0.0,0.13841324,6.6199946,6.6399946,1068800
hardzero_plus_depr__c0p50__z1p00__lam0p020__nu0p50__psi0p75,hardzero_plus_depr,0.06,34,334,0.0,2,0.18518816,0.18522978,0.99607235,0.100908466,0.100908466,1.0,4.1619245e-05,0.00041244552,-27.710066,2.191403,0.7304677,0.17600001,0.0,0.12935433,6.6399946,6.6599946,1072000
hardzero_plus_depr__c0p50__z1p00__lam0p020__nu0p50__psi0p75,hardzero_plus_depr,0.06,34,335,0.0,2,0.18522978,0.18522978,1.0146482,0.0,0.09668335,0.0,0.0,0.00040630484,-26.856813,2.2322707,0.74409026,0.224,0.0,0.15311727,6.6599946,6.6799946,1075200
hardzero_plus_depr__c0p50__z1p00__lam0p020__nu0p50__psi0p75,hardzero_plus_depr,0.06,34,336,0.0,2,0.18522978,0.1852722,0.9748029,0.10597345,0.10597345,1.0,4.241649e-05,0.0004002558,-26.796785,2.1446092,0.71486974,0.192,0.0,0.13792896,6.6799946,6.6999946,1078400
hardzero_plus_depr__c0p50__z1p00__lam0p020__nu0p50__psi0p75,hardzero_plus_depr,0.06,34,337,0.0,2,0.1852722,0.18531269,0.98856014,0.10266911,0.10266911,1.0,4.0482104e-05,0.0003942968,-26.219028,2.1748757,0.7249586,0.128,0.0,0.15248333,6.6999946,6.7199945,1081600
hardzero_plus_depr__c0p50__z1p00__lam0p020__nu0p50__psi0p75,hardzero_plus_depr,0.06,34,338,0.0,2,0.18531269,0.18531269,1.0199609,0.0,0.09550786,0.0,0.0,0.0003884264,-26.752586,2.2439587,0.74798626,0.17999999,0.01,0.13737352,6.7199945,6.7399945,1084800
hardzero_plus_depr__c0p50__z1p00__lam0p020__nu0p50__psi0p75,hardzero_plus_depr,0.06,34,339,0.0,2,0.18531269,0.18535441,0.962383,0.10904784,0.10904784,1.0,4.172645e-05,0.0003826435,-25.585365,2.1172848,0.7057616,0.192,0.0,0.15535882,6.7399945,6.7599945,1088000
hardzero_plus_depr__c0p50__z1p00__lam0p020__nu0p50__psi0p75,hardzero_plus_depr,0.06,34,340,0.0,2,0.18535441,0.18539245,0.9960563,0.10091219,0.10091219,1.0,3.8038525e-05,0.00037694676,-26.608208,2.1913676,0.7304559,0.16000001,0.0,0.138426,6.7599945,6.7799945,1091200
hardzero_plus_depr__c0p50__z1p00__lam0p020__nu0p50__psi0p75,hardzero_plus_depr,0.06,34,341,0.0,2,0.18539245,0.18539245,1.0612727,0.0,0.086841494,0.0,0.0,0.00037133478,-28.037317,2.3348467,0.7782823,0.136,0.0,0.17744045,6.7799945,6.7999945,1094400
hardzero_plus_depr__c0p50__z1p00__lam0p020__nu0p50__psi0p75,hardzero_plus_depr,0.06,34,342,0.0,2,0.18539245,0.18539245,1.0125837,0.0,0.097144075,0.0,0.0,0.0003658064,-27.131731,2.2277286,0.74257624,0.14400001,0.0,0.15387323,6.7999945,6.8199944,1097600
hardzero_plus_depr__c0p50__z1p00__lam0p020__nu0p50__psi0p75,hardzero_plus_depr,0.06,34,343,0.0,2,0.18539245,0.18543062,0.9750564,0.10591161,0.10591161,1.0,3.816632e-05,0.0003603601,-25.985884,2.1451669,0.71505564,0.192,0.0,0.1262073,6.8199944,6.8399944,1100800
hardzero_plus_depr__c0p50__z1p00__lam0p020__nu0p50__psi0p75,hardzero_plus_depr,0.06,34,344,0.0,2,0.18543062,0.18543062,1.0455375,0.0,0.09004561,0.0,0.0,0.0003549951,-27.914528,2.3002284,0.7667428,0.104,0.0,0.18722251,6.8399944,6.8599944,1104000
hardzero_plus_depr__c0p50__z1p00__lam0p020__nu0p50__psi0p75,hardzero_plus_depr,0.06,34,345,0.0,2,0.18543062,0.18543062,1.0346432,0.0,0.09233297,0.0,0.0,0.00034970994,-27.757383,2.2762604,0.7587535,0.16000001,0.0,0.1434709,6.8599944,6.8799944,1107200
hardzero_plus_depr__c0p50__z1p00__lam0p020__nu0p50__psi0p75,hardzero_plus_depr,0.06,34,346,0.0,2,0.18543062,0.18546563,0.99282515,0.101665795,0.101665795,1.0,3.5024208e-05,0.00034450335,-26.955486,2.184259,0.72808635,0.14400001,0.0,0.15934616,6.8799944,6.8999944,1110400
hardzero_plus_depr__c0p50__z1p00__lam0p020__nu0p50__psi0p75,hardzero_plus_depr,0.06,34,347,0.0,2,0.18546563,0.18546563,1.0074058,0.0,0.09830921,0.0,0.0,0.00033937438,-26.20488,2.216337,0.738779,0.15200001,0.0,0.14734605,6.8999944,6.9199944,1113600
hardzero_plus_depr__c0p50__z1p00__lam0p020__nu0p50__psi0p75,hardzero_plus_depr,0.06,34,348,0.0,2,0.18546563,0.18550022,0.9852309,0.10345919,0.10345919,1.0,3.4588662e-05,0.0003343218,-27.156702,2.1675513,0.72251713,0.17600001,0.0,0.13371262,6.9199944,6.9399943,1116800
hardzero_plus_depr__c0p50__z1p00__lam0p020__nu0p50__psi0p75,hardzero_plus_depr,0.06,34,349,0.0,2,0.18550022,0.18553852,0.93451023,0.11627591,0.11627591,1.0,3.8294827e-05,0.00032934448,-26.83835,2.0559635,0.6853212,0.224,0.0,0.16297987,6.9399943,6.9599943,1120000
hardzero_plus_depr__c0p50__z1p00__lam0p020__nu0p50__psi0p75,hardzero_plus_depr,0.06,34,350,0.0,2,0.18553852,0.18557145,0.993491,0.10151003,0.10151003,1.0,3.293404e-05,0.00032444124,-26.991957,2.1857238,0.72857463,0.18400002,0.0,0.14162634,6.9599943,6.9799943,1123200
hardzero_plus_depr__c0p50__z1p00__lam0p020__nu0p50__psi0p75,hardzero_plus_depr,0.06,34,351,0.0,2,0.18557145,0.18557145,1.0193472,0.0,0.095642924,0.0,0.0,0.0003196108,-27.545204,2.2426085,0.7475362,0.14999999,0.0,0.19575696,6.9799943,6.9999943,1126400
hardzero_plus_depr__c0p50__z1p00__lam0p020__nu0p50__psi0p75,hardzero_plus_depr,0.06,34,352,0.0,2,0.18557145,0.18560392,0.98666215,0.10311881,0.10311881,1.0,3.246721e-05,0.00031485246,-26.358837,2.1707,0.7235667,0.24800001,0.008,0.1364673,6.9999943,7.0199943,1129600
hardzero_plus_depr__c0p50__z1p00__lam0p020__nu0p50__psi0p75,hardzero_plus_depr,0.06,34,353,0.0,2,0.18560392,0.18560392,1.0049068,0.0,0.098876536,0.0,0.0,0.00031016496,-26.958237,2.210839,0.73694634,0.15200001,0.0,0.12820657,7.0199943,7.0399942,1132800
hardzero_plus_depr__c0p50__z1p00__lam0p020__nu0p50__psi0p75,hardzero_plus_depr,0.06,34,354,0.0,2,0.18560392,0.1856382,0.9499898,0.11220449,0.11220449,1.0,3.4283756e-05,0.0003055471,-26.47819,2.0900192,0.6966731,0.16000001,0.0,0.15421407,7.0399942,7.059994,1136000
hardzero_plus_depr__c0p50__z1p00__lam0p020__nu0p50__psi0p75,hardzero_plus_depr,0.06,34,355,0.0,2,0.1856382,0.1856382,1.0039129,0.0,0.09910306,0.0,0.0,0.00030099813,-26.963509,2.2086525,0.7362175,0.208,0.0,0.15080874,7.059994,7.079994,1139200
hardzero_plus_depr__c0p50__z1p00__lam0p020__nu0p50__psi0p75,hardzero_plus_depr,0.06,34,356,0.0,2,0.1856382,0.1856382,1.0257638,0.0,0.0942402,0.0,0.0,0.00029651693,-27.379576,2.2567253,0.7522418,0.17600001,0.0,0.13995035,7.079994,7.099994,1142400
hardzero_plus_depr__c0p50__z1p00__lam0p020__nu0p50__psi0p75,hardzero_plus_depr,0.06,34,357,0.0,2,0.1856382,0.18566766,0.99621147,0.10087616,0.10087616,1.0,2.9466166e-05,0.00029210237,-27.224907,2.191709,0.7305697,0.17600001,0.0,0.13125187,7.099994,7.119994,1145600
hardzero_plus_depr__c0p50__z1p00__lam0p020__nu0p50__psi0p75,hardzero_plus_depr,0.06,34,358,0.0,2,0.18566766,0.18569717,0.98915726,0.10252804,0.10252804,1.0,2.9502813e-05,0.0002877536,-26.415483,2.1761894,0.7253965,0.112,0.0,0.14811964,7.119994,7.139994,1148800
hardzero_plus_depr__c0p50__z1p00__lam0p020__nu0p50__psi0p75,hardzero_plus_depr,0.06,34,359,0.0,2,0.18569717,0.18572666,0.98288494,0.10401957,0.10401957,1.0,2.9486364e-05,0.0002834694,-26.639166,2.16239,0.7207967,0.17600001,0.0,0.15037428,7.139994,7.159994,1152000
hardzero_plus_depr__c0p50__z1p00__lam0p020__nu0p50__psi0p75,hardzero_plus_depr,0.06,34,360,0.0,2,0.18572666,0.18575524,0.98990285,0.102352194,0.102352194,1.0,2.8581759e-05,0.0002792491,-26.607399,2.1778297,0.72594327,0.112,0.0,0.12892018,7.159994,7.179994,1155200
hardzero_plus_depr__c0p50__z1p00__lam0p020__nu0p50__psi0p75,hardzero_plus_depr,0.06,34,361,0.0,2,0.18575524,0.18575524,1.0389956,0.0,0.09141224,0.0,0.0,0.00027509165,-28.04485,2.285836,0.76194537,0.120000005,0.0,0.17676874,7.179994,7.199994,1158400
hardzero_plus_depr__c0p50__z1p00__lam0p020__nu0p50__psi0p75,hardzero_plus_depr,0.06,34,362,0.0,2,0.18575524,0.18578272,0.9939226,0.10140921,0.10140921,1.0,2.7481488e-05,0.00027099598,-26.293509,2.1866734,0.72889113,0.224,0.0,0.1632483,7.199994,7.219994,1161600
hardzero_plus_depr__c0p50__z1p00__lam0p020__nu0p50__psi0p75,hardzero_plus_depr,0.06,34,363,0.0,2,0.18578272,0.18578272,1.0023925,0.0,0.099450625,0.0,0.0,0.00026696143,-27.257284,2.2053077,0.7351026,0.216,0.0,0.14556041,7.219994,7.239994,1164800
hardzero_plus_depr__c0p50__z1p00__lam0p020__nu0p50__psi0p75,hardzero_plus_depr,0.06,34,364,0.0,2,0.18578272,0.18580909,0.998639,0.100313865,0.100313865,1.0,2.6381233e-05,0.0002629869,-27.371962,2.1970496,0.7323499,0.19999999,0.0,0.13740289,7.239994,7.259994,1168000
hardzero_plus_depr__c0p50__z1p00__lam0p020__nu0p50__psi0p75,hardzero_plus_depr,0.06,34,365,0.0,2,0.18580909,0.18580909,1.017183,0.0,0.09612074,0.0,0.0,0.00025907156,-26.060837,2.237847,0.74594903,0.16000001,0.0,0.13746858,7.259994,7.279994,1171200
hardzero_plus_depr__c0p50__z1p00__lam0p020__nu0p50__psi0p75,hardzero_plus_depr,0.06,34,366,0.0,2,0.18580909,0.18580909,1.0384452,0.0,0.09152817,0.0,0.0,0.00025521455,-28.19501,2.284625,0.7615417,0.136,0.0,0.14382564,7.279994,7.299994,1174400
hardzero_plus_depr__c0p50__z1p00__lam0p020__nu0p50__psi0p75,hardzero_plus_depr,0.06,34,367,0.0,2,0.18580909,0.18580909,1.0301883,0.0,0.093284965,0.0,0.0,0.0002514148,-26.59135,2.2664595,0.7554865,0.15200001,0.0,0.15269066,7.299994,7.319994,1177600
hardzero_plus_depr__c0p50__z1p00__lam0p020__nu0p50__psi0p75,hardzero_plus_depr,0.06,34,368,0.0,2,0.18580909,0.18580909,1.0112321,0.0,0.09744686,0.0,0.0,0.00024767176,-27.242943,2.224755,0.741585,0.136,0.0,0.16449276,7.319994,7.339994,1180800
hardzero_plus_depr__c0p50__z1p00__lam0p020__nu0p50__psi0p75,hardzero_plus_depr,0.06,34,369,0.0,2,0.18580909,0.1858346,0.98071927,0.10453956,0.10453956,1.0,2.5506024e-05,0.00024398442,-26.014948,2.1576254,0.7192085,0.2,0.0,0.14104475,7.339994,7.359994,1184000
hardzero_plus_depr__c0p50__z1p00__lam0p020__nu0p50__psi0p75,hardzero_plus_depr,0.06,34,370,0.0,2,0.1858346,0.18586199,0.94322985,0.11396463,0.11396463,1.0,2.7391616e-05,0.0002403519,-25.891857,2.0751472,0.6917157,0.16800001,0.0,0.12268592,7.359994,7.379994,1187200
hardzero_plus_depr__c0p50__z1p00__lam0p020__nu0p50__psi0p75,hardzero_plus_depr,0.06,34,371,0.0,2,0.18586199,0.18588759,0.966129,0.10811127,0.10811127,1.0,2.559789e-05,0.00023677356,-26.40574,2.1255262,0.70850873,0.224,0.0,0.173011,7.379994,7.399994,1190400
hardzero_plus_depr__c0p50__z1p00__lam0p020__nu0p50__psi0p75,hardzero_plus_depr,0.06,34,372,0.0,2,0.18588759,0.18588759,1.0095686,0.0,0.09782084,0.0,0.0,0.00023324849,-26.445091,2.2210953,0.74036515,0.208,0.0,0.1483599,7.399994,7.419994,1193600
hardzero_plus_depr__c0p50__z1p00__lam0p020__nu0p50__psi0p75,hardzero_plus_depr,0.06,34,373,0.0,2,0.18588759,0.18588759,1.034892,0.0,0.09228008,0.0,0.0,0.0002297759,-28.18092,2.2768078,0.7589359,0.128,0.0,0.14034596,7.419994,7.439994,1196800
hardzero_plus_depr__c0p50__z1p00__lam0p020__nu0p50__psi0p75,hardzero_plus_depr,0.06,34,374,0.0,2,0.18588759,0.18588759,1.059685,0.0,0.08715955,0.0,0.0,0.00022635504,-28.35037,2.3313537,0.7771179,0.136,0.0,0.16075903,7.439994,7.459994,1200000
hardzero_plus_depr__c0p50__z1p00__lam0p020__nu0p50__psi0p75,hardzero_plus_depr,0.06,34,375,0.0,2,0.18588759,0.18591031,0.9917129,0.101926476,0.101926476,1.0,2.272807e-05,0.00022298495,-26.538244,2.181812,0.7272707,0.192,0.0,0.13617514,7.459994,7.479994,1203200
hardzero_plus_depr__c0p50__z1p00__lam0p020__nu0p50__psi0p75,hardzero_plus_depr,0.06,34,376,0.0,2,0.18591031,0.18593329,0.9805104,0.10458985,0.10458985,1.0,2.2974747e-05,0.00021966518,-27.052708,2.157166,0.71905535,0.2,0.0,0.16208847,7.479994,7.499994,1206400
hardzero_plus_depr__c0p50__z1p00__lam0p020__nu0p50__psi0p75,hardzero_plus_depr,0.06,34,377,0.0,2,0.18593329,0.18593329,1.0427277,0.0,0.09063007,0.0,0.0,0.00021639482,-27.767365,2.2940466,0.76468223,0.19999999,0.0,0.13654903,7.499994,7.519994,1209600
hardzero_plus_depr__c0p50__z1p00__lam0p020__nu0p50__psi0p75,hardzero_plus_depr,0.06,34,378,0.0,2,0.18593329,0.18595585,0.9753904,0.10583019,0.10583019,1.0,2.2560143e-05,0.00021317304,-26.696594,2.1459017,0.71530056,0.15200001,0.0,0.119396254,7.519994,7.539994,1212800
hardzero_plus_depr__c0p50__z1p00__lam0p020__nu0p50__psi0p75,hardzero_plus_depr,0.06,34,379,0.0,2,0.18595585,0.18595585,1.0050882,0.0,0.09883522,0.0,0.0,0.00020999934,-26.943848,2.2112381,0.7370794,0.128,0.0,0.1336892,7.539994,7.5599937,1216000
hardzero_plus_depr__c0p50__z1p00__lam0p020__nu0p50__psi0p75,hardzero_plus_depr,0.06,34,380,0.0,2,0.18595585,0.18595585,1.0280718,0.0,0.0937407,0.0,0.0,0.00020687288,-27.384178,2.261803,0.7539343,0.192,0.0,0.1776491,7.5599937,7.5799937,1219200
hardzero_plus_depr__c0p50__z1p00__lam0p020__nu0p50__psi0p75,hardzero_plus_depr,0.06,34,381,0.0,2,0.18595585,0.18595585,1.0451654,0.0,0.09012278,0.0,0.0,0.00020379298,-27.359585,2.2994099,0.76646996,0.112,0.0,0.15557534,7.5799937,7.5999937,1222400
hardzero_plus_depr__c0p50__z1p00__lam0p020__nu0p50__psi0p75,hardzero_plus_depr,0.06,34,382,0.0,2,0.18595585,0.18595585,1.0069677,0.0,0.09840843,0.0,0.0,0.00020075892,-26.689758,2.215373,0.7384577,0.16000001,0.0,0.13551362,7.5999937,7.6199937,1225600
hardzero_plus_depr__c0p50__z1p00__lam0p020__nu0p50__psi0p75,hardzero_plus_depr,0.06,34,383,0.0,2,0.18595585,0.18597685,0.9739176,0.1061897,0.1061897,1.0,2.100113e-05,0.00019776993,-26.45461,2.1426616,0.7142205,0.18400002,0.0,0.20641124,7.6199937,7.6399937,1228800
hardzero_plus_depr__c0p50__z1p00__lam0p020__nu0p50__psi0p75,hardzero_plus_depr,0.06,34,384,0.0,2,0.18597685,0.18599825,0.95918465,0.109853856,0.109853856,1.0,2.1402338e-05,0.00019482555,-25.960426,2.1102483,0.7034161,0.136,0.0,0.12918097,7.6399937,7.6599936,1232000
hardzero_plus_depr__c0p50__z1p00__lam0p020__nu0p50__psi0p75,hardzero_plus_depr,0.06,34,385,0.0,2,0.18599825,0.1860184,0.9785033,0.105074346,0.105074346,1.0,2.0166395e-05,0.00019192502,-26.709478,2.1527503,0.7175834,0.14400001,0.0,0.16009532,7.6599936,7.6799936,1235200
hardzero_plus_depr__c0p50__z1p00__lam0p020__nu0p50__psi0p75,hardzero_plus_depr,0.06,34,386,0.0,2,0.1860184,0.18603773,0.9905731,0.10219433,0.10219433,1.0,1.9321631e-05,0.00018906753,-26.546633,2.1793044,0.7264348,0.15200001,0.0,0.1355036,7.6799936,7.6999936,1238400
hardzero_plus_depr__c0p50__z1p00__lam0p020__nu0p50__psi0p75,hardzero_plus_depr,0.06,34,387,0.0,2,0.18603773,0.18605664,0.9932938,0.10155615,0.10155615,1.0,1.891511e-05,0.00018625273,-27.300858,2.18529,0.72843003,0.192,0.0,0.15901256,7.6999936,7.7199936,1241600
hardzero_plus_depr__c0p50__z1p00__lam0p020__nu0p50__psi0p75,hardzero_plus_depr,0.06,34,388,0.0,2,0.18605664,0.18605664,1.0478382,0.0,0.08956984,0.0,0.0,0.00018347982,-28.137285,2.3052902,0.7684301,0.128,0.0,0.17191626,7.7199936,7.7399936,1244800
hardzero_plus_depr__c0p50__z1p00__lam0p020__nu0p50__psi0p75,hardzero_plus_depr,0.06,34,389,0.0,2,0.18605664,0.1860759,0.9724902,0.1065393,0.1065393,1.0,1.9256782e-05,0.00018074816,-26.196594,2.1395211,0.71317375,0.14400001,0.0,0.14368413,7.7399936,7.7599936,1248000
hardzero_plus_depr__c0p50__z1p00__lam0p020__nu0p50__psi0p75,hardzero_plus_depr,0.06,34,390,0.0,2,0.1860759,0.18609425,0.98690337,0.103061534,0.103061534,1.0,1.835085e-05,0.0001780572,-26.523935,2.1712308,0.7237436,0.17,0.0,0.14096026,7.7599936,7.7799935,1251200
hardzero_plus_depr__c0p50__z1p00__lam0p020__nu0p50__psi0p75,hardzero_plus_depr,0.06,34,391,0.0,2,0.18609425,0.18611395,0.9496894,0.11228212,0.11228212,1.0,1.969498e-05,0.00017540621,-25.630411,2.0893583,0.6964528,0.17600001,0.0,0.11142819,7.7799935,7.7999935,1254400
hardzero_plus_depr__c0p50__z1p00__lam0p020__nu0p50__psi0p75,hardzero_plus_depr,0.06,34,392,0.0,2,0.18611395,0.18611395,1.0517267,0.0,0.08877145,0.0,0.0,0.00017279478,-28.401924,2.313845,0.77128166,0.14400001,0.0,0.17075372,7.7999935,7.8199935,1257600
hardzero_plus_depr__c0p50__z1p00__lam0p020__nu0p50__psi0p75,hardzero_plus_depr,0.06,34,393,0.0,2,0.18611395,0.18613197,0.9752542,0.1058634,0.1058634,1.0,1.8020302e-05,0.00017022222,-27.09469,2.145602,0.71520066,0.18400002,0.0,0.15826988,7.8199935,7.8399935,1260800
hardzero_plus_depr__c0p50__z1p00__lam0p020__nu0p50__psi0p75,hardzero_plus_depr,0.06,34,394,0.0,2,0.18613197,0.18613197,1.0603746,0.0,0.08702127,0.0,0.0,0.00016768789,-27.54476,2.3328707,0.7776236,0.18400002,0.0,0.14966302,7.8399935,7.8599935,1264000
hardzero_plus_depr__c0p50__z1p00__lam0p020__nu0p50__psi0p75,hardzero_plus_depr,0.06,34,395,0.0,2,0.18613197,0.18614958,0.97203624,0.10665071,0.10665071,1.0,1.7617776e-05,0.00016519136,-26.821926,2.1385224,0.7128408,0.14400001,0.0,0.1597514,7.8599935,7.8799934,1267200
hardzero_plus_depr__c0p50__z1p00__lam0p020__nu0p50__psi0p75,hardzero_plus_depr,0.06,34,396,0.0,2,0.18614958,0.18614958,1.0094966,0.0,0.09783707,0.0,0.0,0.000162732,-26.449417,2.2209368,0.7403123,0.17600001,0.0,0.12647557,7.8799934,7.8999934,1270400
hardzero_plus_depr__c0p50__z1p00__lam0p020__nu0p50__psi0p75,hardzero_plus_depr,0.06,34,397,0.0,2,0.18614958,0.18614958,1.0201789,0.0,0.095459916,0.0,0.0,0.00016030927,-27.587683,2.2444384,0.7481462,0.17600001,0.0,0.1633187,7.8999934,7.9199934,1273600
hardzero_plus_depr__c0p50__z1p00__lam0p020__nu0p50__psi0p75,hardzero_plus_depr,0.06,34,398,0.0,2,0.18614958,0.18614958,1.0041746,0.0,0.09904337,0.0,0.0,0.00015792261,-27.255974,2.2092283,0.7364094,0.216,0.0,0.15069543,7.9199934,7.9399934,1276800
hardzero_plus_depr__c0p50__z1p00__lam0p020__nu0p50__psi0p75,hardzero_plus_depr,0.06,34,399,0.0,2,0.18614958,0.18614958,1.0280145,0.0,0.09375306,0.0,0.0,0.00015557137,-27.710407,2.2616773,0.7538924,0.080000006,0.0,0.13230245,7.9399934,7.9599934,1280000
hardzero_plus_depr__c0p50__z1p00__lam0p020__nu0p50__psi0p75,hardzero_plus_depr,0.06,34,400,0.0,2,0.18614958,0.18614958,1.0046335,0.0,0.09893874,0.0,0.0,0.00015325524,-27.316063,2.210238,0.736746,0.14400001,0.0,0.15819332,7.9599934,7.9799933,1283200
hardzero_plus_depr__c0p50__z1p00__lam0p020__nu0p50__psi0p75,hardzero_plus_depr,0.06,34,401,0.0,2,0.18614958,0.18616518,0.9857226,0.10334211,0.10334211,1.0,1.5601929e-05,0.00015097359,-26.62003,2.168633,0.7228777,0.136,0.0,0.123378314,7.9799933,7.9999933,1286400
hardzero_plus_depr__c0p50__z1p00__lam0p020__nu0p50__psi0p75,hardzero_plus_depr,0.06,34,402,0.0,2,0.18616518,0.18618138,0.96297204,0.1089,0.1089,1.0,1.6196243e-05,0.00014872583,-26.372087,2.1185808,0.7061936,0.18400002,0.0,0.13296188,7.9999933,8.019994,1289600
hardzero_plus_depr__c0p50__z1p00__lam0p020__nu0p50__psi0p75,hardzero_plus_depr,0.06,34,403,0.0,2,0.18618138,0.18619636,0.9905781,0.10219317,0.10219317,1.0,1.4972479e-05,0.00014651155,-26.191835,2.1793153,0.72643846,0.13,0.0,0.1433995,8.019994,8.039994,1292800
hardzero_plus_depr__c0p50__z1p00__lam0p020__nu0p50__psi0p75,hardzero_plus_depr,0.06,34,404,0.0,2,0.18619636,0.18621162,0.9760327,0.10567379,0.10567379,1.0,1.52519215e-05,0.00014433022,-26.32285,2.1473148,0.7157716,0.224,0.0,0.18042971,8.039994,8.059995,1296000
hardzero_plus_depr__c0p50__z1p00__lam0p020__nu0p50__psi0p75,hardzero_plus_depr,0.06,34,405,0.0,2,0.18621162,0.18622586,0.9992222,0.10017926,0.10017926,1.0,1.4243626e-05,0.00014218138,-26.355953,2.1983328,0.7327776,0.128,0.0,0.145425,8.059995,8.079995,1299200
hardzero_plus_depr__c0p50__z1p00__lam0p020__nu0p50__psi0p75,hardzero_plus_depr,0.06,34,406,0.0,2,0.18622586,0.18622586,1.0066144,0.0,0.098488495,0.0,0.0,0.00014006453,-26.739399,2.214596,0.7381987,0.192,0.0,0.14383386,8.079995,8.099996,1302400
hardzero_plus_depr__c0p50__z1p00__lam0p020__nu0p50__psi0p75,hardzero_plus_depr,0.06,34,407,0.0,2,0.18622586,0.18622586,1.0315106,0.0,0.09300139,0.0,0.0,0.00013797918,-27.426176,2.2693686,0.75645626,0.120000005,0.0,0.14803562,8.099996,8.119996,1305600
hardzero_plus_depr__c0p50__z1p00__lam0p020__nu0p50__psi0p75,hardzero_plus_depr,0.06,34,408,0.0,2,0.18622586,0.18624102,0.95279753,0.11148141,0.11148141,1.0,1.51531e-05,0.0001359249,-25.15304,2.0961964,0.69873214,0.136,0.0,0.12352605,8.119996,8.139997,1308800
hardzero_plus_depr__c0p50__z1p00__lam0p020__nu0p50__psi0p75,hardzero_plus_depr,0.06,34,409,0.0,2,0.18624102,0.18624102,1.0211126,0.0,0.09525492,0.0,0.0,0.0001339012,-27.315424,2.2464924,0.7488308,0.14400001,0.0,0.15345258,8.139997,8.159997,1312000
hardzero_plus_depr__c0p50__z1p00__lam0p020__nu0p50__psi0p75,hardzero_plus_depr,0.06,34,410,0.0,2,0.18624102,0.18625496,0.9758412,0.105720386,0.105720386,1.0,1.3945325e-05,0.00013190763,-26.500105,2.1468935,0.7156312,0.16000001,0.0,0.11719387,8.159997,8.179997,1315200
hardzero_plus_depr__c0p50__z1p00__lam0p020__nu0p50__psi0p75,hardzero_plus_depr,0.06,34,411,0.0,2,0.18625496,0.18625496,1.0034997,0.0,0.09919738,0.0,0.0,0.00012994371,-26.734459,2.2077436,0.7359146,0.15200001,0.0,0.13821821,8.179997,8.199998,1318400
hardzero_plus_depr__c0p50__z1p00__lam0p020__nu0p50__psi0p75,hardzero_plus_depr,0.06,34,412,0.0,2,0.18625496,0.18626818,0.986322,0.1031996,0.1031996,1.0,1.3210486e-05,0.00012800908,-27.294466,2.1699517,0.72331727,0.15200001,0.0,0.13631226,8.199998,8.219998,1321600
hardzero_plus_depr__c0p50__z1p00__lam0p020__nu0p50__psi0p75,hardzero_plus_depr,0.06,34,413,0.0,2,0.18626818,0.18626818,1.0631762,0.0,0.086461715,0.0,0.0,0.00012610323,-27.953749,2.3390343,0.7796781,0.224,0.0,0.17500891,8.219998,8.239999,1324800
hardzero_plus_depr__c0p50__z1p00__lam0p020__nu0p50__psi0p75,hardzero_plus_depr,0.06,34,414,0.0,2,0.18626818,0.18626818,1.0192677,0.0,0.095660426,0.0,0.0,0.00012422576,-27.051247,2.2424335,0.7474779,0.104,0.0,0.14048764,8.239999,8.259999,1328000
hardzero_plus_depr__c0p50__z1p00__lam0p020__nu0p50__psi0p75,hardzero_plus_depr,0.06,34,415,0.0,2,0.18626818,0.18626818,1.0585418,0.0,0.0873893,0.0,0.0,0.00012237624,-28.18289,2.3288383,0.77627945,0.08800001,0.0,0.14528263,8.259999,8.28,1331200
hardzero_plus_depr__c0p50__z1p00__lam0p020__nu0p50__psi0p75,hardzero_plus_depr,0.06,34,416,0.0,2,0.18626818,0.18628041,0.9936376,0.10147577,0.10147577,1.0,1.2233334e-05,0.00012055424,-26.435863,2.1860464,0.72868216,0.14999999,0.0,0.12416445,8.28,8.3,1334400
hardzero_plus_depr__c0p50__z1p00__lam0p020__nu0p50__psi0p75,hardzero_plus_depr,0.06,34,417,0.0,2,0.18628041,0.18629286,0.9797183,0.10478078,0.10478078,1.0,1.2443699e-05,0.000118759366,-26.34833,2.1554234,0.7184745,0.16800001,0.0,0.13303494,8.3,8.320001,1337600
hardzero_plus_depr__c0p50__z1p00__lam0p020__nu0p50__psi0p75,hardzero_plus_depr,0.06,34,418,0.0,2,0.18629286,0.1863046,0.998226,0.100409314,0.100409314,1.0,1.1747011e-05,0.00011699124,-26.51656,2.196141,0.732047,0.14400001,0.0,0.13969098,8.320001,8.340001,1340800
hardzero_plus_depr__c0p50__z1p00__lam0p020__nu0p50__psi0p75,hardzero_plus_depr,0.06,34,419,0.0,2,0.1863046,0.1863046,1.0187749,0.0,0.09576903,0.0,0.0,0.00011524943,-27.749958,2.2413495,0.7471165,0.16800001,0.0,0.1522897,8.340001,8.360002,1344000
hardzero_plus_depr__c0p50__z1p00__lam0p020__nu0p50__psi0p75,hardzero_plus_depr,0.06,34,420,0.0,2,0.1863046,0.1863046,1.0150775,0.0,0.09658786,0.0,0.0,0.000113533555,-27.05185,2.233215,0.74440503,0.16000001,0.0,0.17029844,8.360002,8.380002,1347200
hardzero_plus_depr__c0p50__z1p00__lam0p020__nu0p50__psi0p75,hardzero_plus_depr,0.06,34,421,0.0,2,0.1863046,0.18631618,0.9850651,0.10349869,0.10349869,1.0,1.15756275e-05,0.00011184323,-26.573841,2.1671865,0.72239554,0.192,0.0,0.1669247,8.380002,8.4000025,1350400
hardzero_plus_depr__c0p50__z1p00__lam0p020__nu0p50__psi0p75,hardzero_plus_depr,0.06,34,422,0.0,2,0.18631618,0.18631618,1.0818875,0.0,0.08281567,0.0,0.0,0.00011017805,-28.151463,2.3802,0.7934,0.136,0.0,0.15646324,8.4000025,8.420003,1353600
hardzero_plus_depr__c0p50__z1p00__lam0p020__nu0p50__psi0p75,hardzero_plus_depr,0.06,34,423,0.0,2,0.18631618,0.18631618,1.0047828,0.0,0.098904766,0.0,0.0,0.00010853767,-27.01787,2.2105663,0.73685545,0.16800001,0.0,0.1394107,8.420003,8.440003,1356800
hardzero_plus_depr__c0p50__z1p00__lam0p020__nu0p50__psi0p75,hardzero_plus_depr,0.06,34,424,0.0,2,0.18631618,0.18632759,0.9714692,0.10679004,0.10679004,1.0,1.1418176e-05,0.000106921725,-26.473179,2.137275,0.712425,0.16800001,0.0,0.15245785,8.440003,8.460004,1360000
hardzero_plus_depr__c0p50__z1p00__lam0p020__nu0p50__psi0p75,hardzero_plus_depr,0.06,34,425,0.0,2,0.18632759,0.18632759,1.0594171,0.0,0.08721333,0.0,0.0,0.00010532983,-27.978226,2.3307643,0.77692145,0.136,0.0,0.14697164,8.460004,8.480004,1363200
hardzero_plus_depr__c0p50__z1p00__lam0p020__nu0p50__psi0p75,hardzero_plus_depr,0.06,34,426,0.0,2,0.18632759,0.18633851,0.9776814,0.10527338,0.10527338,1.0,1.092334e-05,0.000103761646,-26.762072,2.150942,0.7169807,0.14400001,0.0,0.12767957,8.480004,8.500005,1366400
hardzero_plus_depr__c0p50__z1p00__lam0p020__nu0p50__psi0p75,hardzero_plus_depr,0.06,34,427,0.0,2,0.18633851,0.18634884,0.9953868,0.10106788,0.10106788,1.0,1.0330835e-05,0.0001022168,-27.407421,2.1898947,0.7299649,0.17600001,0.0,0.16409953,8.500005,8.520005,1369600
hardzero_plus_depr__c0p50__z1p00__lam0p020__nu0p50__psi0p75,hardzero_plus_depr,0.06,34,428,0.0,2,0.18634884,0.18634884,1.0499656,0.0,0.089132145,0.0,0.0,0.00010069495,-27.421076,2.3099704,0.76999015,0.128,0.0,0.15271427,8.520005,8.540006,1372800
hardzero_plus_depr__c0p50__z1p00__lam0p020__nu0p50__psi0p75,hardzero_plus_depr,0.06,34,429,0.0,2,0.18634884,0.18634884,1.0021862,0.0,0.09949787,0.0,0.0,9.9195764e-05,-26.554745,2.2048535,0.7349512,0.12,0.0,0.14840868,8.540006,8.560006,1376000
hardzero_plus_depr__c0p50__z1p00__lam0p020__nu0p50__psi0p75,hardzero_plus_depr,0.06,34,430,0.0,2,0.18634884,0.18634884,1.045625,0.0,0.090027474,0.0,0.0,9.77189e-05,-27.377491,2.3004208,0.76680696,0.15200001,0.0,0.14500883,8.560006,8.580007,1379200
hardzero_plus_depr__c0p50__z1p00__lam0p020__nu0p50__psi0p75,hardzero_plus_depr,0.06,34,431,0.0,2,0.18634884,0.1863588,0.9853353,0.10343433,0.10343433,1.0,9.957005e-06,9.6264026e-05,-26.808523,2.1677809,0.72259367,0.14400001,0.0,0.12401879,8.580007,8.600007,1382400
hardzero_plus_depr__c0p50__z1p00__lam0p020__nu0p50__psi0p75,hardzero_plus_depr,0.06,34,432,0.0,2,0.1863588,0.18636848,0.9909342,0.10210941,0.10210941,1.0,9.683117e-06,9.48308e-05,-26.25245,2.1800988,0.7266996,0.15200001,0.0,0.15115662,8.600007,8.6200075,1385600
hardzero_plus_depr__c0p50__z1p00__lam0p020__nu0p50__psi0p75,hardzero_plus_depr,0.06,34,433,0.0,2,0.18636848,0.18636848,1.0537997,0.0,0.08834872,0.0,0.0,9.341892e-05,-27.95085,2.3184056,0.7728019,0.096,0.0,0.1497662,8.6200075,8.640008,1388800
hardzero_plus_depr__c0p50__z1p00__lam0p020__nu0p50__psi0p75,hardzero_plus_depr,0.06,34,434,0.0,2,0.18636848,0.18637832,0.9714112,0.1068043,0.1068043,1.0,9.828993e-06,9.2028065e-05,-26.1507,2.1371474,0.7123825,0.2,0.0,0.14607076,8.640008,8.660008,1392000
hardzero_plus_depr__c0p50__z1p00__lam0p020__nu0p50__psi0p75,hardzero_plus_depr,0.06,34,435,0.0,2,0.18637832,0.18637832,1.0413237,0.0,0.09092355,0.0,0.0,9.0657915e-05,-27.722902,2.290958,0.7636527,0.112,0.0,0.13733368,8.660008,8.680009,1395200
hardzero_plus_depr__c0p50__z1p00__lam0p020__nu0p50__psi0p75,hardzero_plus_depr,0.06,34,436,0.0,2,0.18637832,0.18637832,1.0404661,0.0,0.091103256,0.0,0.0,8.930817e-05,-26.963785,2.289071,0.76302373,0.15200001,0.0,0.1400763,8.680009,8.700009,1398400
hardzero_plus_depr__c0p50__z1p00__lam0p020__nu0p50__psi0p75,hardzero_plus_depr,0.06,34,437,0.0,2,0.18637832,0.18637832,1.0613136,0.0,0.08683331,0.0,0.0,8.797851e-05,-27.544323,2.3349366,0.7783122,0.15200001,0.0,0.16919172,8.700009,8.72001,1401600
hardzero_plus_depr__c0p50__z1p00__lam0p020__nu0p50__psi0p75,hardzero_plus_depr,0.06,34,438,0.0,2,0.18637832,0.18638767,0.96660167,0.10799366,0.10799366,1.0,9.359665e-06,8.6668646e-05,-26.832752,2.1265662,0.7088554,0.192,0.0,0.13767073,8.72001,8.74001,1404800
hardzero_plus_depr__c0p50__z1p00__lam0p020__nu0p50__psi0p75,hardzero_plus_depr,0.06,34,439,0.0,2,0.18638767,0.18639623,0.99928486,0.10016481,0.10016481,1.0,8.5519005e-06,8.537829e-05,-26.93682,2.1984706,0.73282355,0.16000001,0.0,0.12674104,8.74001,8.760011,1408000
hardzero_plus_depr__c0p50__z1p00__lam0p020__nu0p50__psi0p75,hardzero_plus_depr,0.06,34,440,0.0,2,0.18639623,0.18639623,1.0543705,0.0,0.08823269,0.0,0.0,8.410715e-05,-27.711605,2.3196614,0.7732205,0.136,0.0,0.17668304,8.760011,8.780011,1411200
hardzero_plus_depr__c0p50__z1p00__lam0p020__nu0p50__psi0p75,hardzero_plus_depr,0.06,34,441,0.0,2,0.18639623,0.18639623,1.0309995,0.0,0.093110874,0.0,0.0,8.285493e-05,-28.065588,2.2682443,0.75608146,0.17600001,0.0,0.19977795,8.780011,8.800012,1414400
hardzero_plus_depr__c0p50__z1p00__lam0p020__nu0p50__psi0p75,hardzero_plus_depr,0.06,34,442,0.0,2,0.18639623,0.18639623,1.0156642,0.0,0.096457444,0.0,0.0,8.162134e-05,-27.976664,2.234506,0.7448353,0.16,0.0,0.17041068,8.800012,8.820012,1417600
hardzero_plus_depr__c0p50__z1p00__lam0p020__nu0p50__psi0p75,hardzero_plus_depr,0.06,34,443,0.0,2,0.18639623,0.18640482,0.97120774,0.10685435,0.10685435,1.0,8.591745e-06,8.0406135e-05,-26.577589,2.1366997,0.71223325,0.23200001,0.0,0.14464252,8.820012,8.840013,1420800
hardzero_plus_depr__c0p50__z1p00__lam0p020__nu0p50__psi0p75,hardzero_plus_depr,0.06,34,444,0.0,2,0.18640482,0.18640482,1.0622554,0.0,0.08664522,0.0,0.0,7.920902e-05,-28.819729,2.3370085,0.77900285,0.136,0.0,0.15452655,8.840013,8.860013,1424000
hardzero_plus_depr__c0p50__z1p00__lam0p020__nu0p50__psi0p75,hardzero_plus_depr,0.06,34,445,0.0,2,0.18640482,0.18640482,1.0043931,0.0,0.098993555,0.0,0.0,7.802973e-05,-27.340876,2.209709,0.73656964,0.18400002,0.008,0.14313732,8.860013,8.880013,1427200
hardzero_plus_depr__c0p50__z1p00__lam0p020__nu0p50__psi0p75,hardzero_plus_depr,0.06,34,446,0.0,2,0.18640482,0.18640482,1.0136317,0.0,0.09690994,0.0,0.0,7.686799e-05,-27.24225,2.2300344,0.7433448,0.17600001,0.0,0.14575018,8.880013,8.900014,1430400
hardzero_plus_depr__c0p50__z1p00__lam0p020__nu0p50__psi0p75,hardzero_plus_depr,0.06,34,447,0.0,2,0.18640482,0.18641287,0.9739678,0.10617742,0.10617742,1.0,8.0401305e-06,7.572355e-05,-26.556099,2.142772,0.71425736,0.15200001,0.0,0.12611069,8.900014,8.920014,1433600
hardzero_plus_depr__c0p50__z1p00__lam0p020__nu0p50__psi0p75,hardzero_plus_depr,0.06,34,448,0.0,2,0.18641287,0.18641287,1.0924999,0.0,0.080816515,0.0,0.0,7.4596144e-05,-28.183407,2.4035478,0.8011826,0.112,0.0,0.16894946,8.920014,8.940015,1436800
hardzero_plus_depr__c0p50__z1p00__lam0p020__nu0p50__psi0p75,hardzero_plus_depr,0.06,34,449,0.0,2,0.18641287,0.18642049,0.98465157,0.10359729,0.10359729,1.0,7.6129018e-06,7.348553e-05,-27.69693,2.1662767,0.7220923,0.2,0.0,0.14807945,8.940015,8.960015,1440000
hardzero_plus_depr__c0p50__z1p00__lam0p020__nu0p50__psi0p75,hardzero_plus_depr,0.06,34,450,0.0,2,0.18642049,0.18642049,1.0241967,0.0,0.09458085,0.0,0.0,7.239144e-05,-27.870836,2.2532778,0.7510926,0.192,0.0,0.15678513,8.960015,8.980016,1443200
hardzero_plus_depr__c0p50__z1p00__lam0p020__nu0p50__psi0p75,hardzero_plus_depr,0.06,34,451,0.0,2,0.18642049,0.18642049,1.0229043,0.0,0.094862744,0.0,0.0,7.1313654e-05,-27.785782,2.2504344,0.75014484,0.16800001,0.0,0.15943289,8.980016,9.000016,1446400
hardzero_plus_depr__c0p50__z1p00__lam0p020__nu0p50__psi0p75,hardzero_plus_depr,0.06,34,452,0.0,2,0.18642049,0.18642049,1.0534207,0.0,0.08842587,0.0,0.0,7.025191e-05,-27.579668,2.3175716,0.7725239,0.14400001,0.0,0.15583292,9.000016,9.020017,1449600
hardzero_plus_depr__c0p50__z1p00__lam0p020__nu0p50__psi0p75,hardzero_plus_depr,0.06,34,453,0.0,2,0.18642049,0.18642049,1.0112414,0.0,0.09744477,0.0,0.0,6.920596e-05,-27.144753,2.2247756,0.7415919,0.16800001,0.0,0.15145968,9.020017,9.040017,1452800
hardzero_plus_depr__c0p50__z1p00__lam0p020__nu0p50__psi0p75,hardzero_plus_depr,0.06,34,454,0.0,2,0.18642049,0.18642049,1.01256,0.0,0.09714938,0.0,0.0,6.81756e-05,-26.294487,2.2276764,0.74255884,0.15200001,0.0,0.14635912,9.040017,9.060018,1456000
hardzero_plus_depr__c0p50__z1p00__lam0p020__nu0p50__psi0p75,hardzero_plus_depr,0.06,34,455,0.0,2,0.18642049,0.18642049,1.02529,0.0,0.09434307,0.0,0.0,6.7160574e-05,-27.607246,2.2556832,0.7518944,0.14999999,0.0,0.15569393,9.060018,9.080018,1459200
hardzero_plus_depr__c0p50__z1p00__lam0p020__nu0p50__psi0p75,hardzero_plus_depr,0.06,34,456,0.0,2,0.18642049,0.18642049,1.0075079,0.0,0.098286085,0.0,0.0,6.616066e-05,-27.771833,2.2165616,0.7388539,0.16800001,0.0,0.15717871,9.080018,9.1000185,1462400
hardzero_plus_depr__c0p50__z1p00__lam0p020__nu0p50__psi0p75,hardzero_plus_depr,0.06,34,457,0.0,2,0.18642049,0.18642701,0.9997487,0.10005788,0.10005788,1.0,6.5213358e-06,6.5175635e-05,-27.019104,2.199491,0.7331637,0.17600001,0.0,0.14471835,9.1000185,9.120019,1465600
hardzero_plus_depr__c0p50__z1p00__lam0p020__nu0p50__psi0p75,hardzero_plus_depr,0.06,34,458,0.0,2,0.18642701,0.18643379,0.9767632,0.10549618,0.10549618,1.0,6.773411e-06,6.420527e-05,-27.10304,2.148922,0.71630734,0.23200001,0.0,0.14975712,9.120019,9.140019,1468800
hardzero_plus_depr__c0p50__z1p00__lam0p020__nu0p50__psi0p75,hardzero_plus_depr,0.06,34,459,0.0,2,0.18643379,0.18643379,1.0078363,0.0,0.098211795,0.0,0.0,6.324937e-05,-27.479252,2.2172842,0.73909473,0.16800001,0.0,0.15356427,9.140019,9.16002,1472000
hardzero_plus_depr__c0p50__z1p00__lam0p020__nu0p50__psi0p75,hardzero_plus_depr,0.06,34,460,0.0,2,0.18643379,0.18643379,1.0384094,0.0,0.09153572,0.0,0.0,6.2307685e-05,-27.764448,2.2845461,0.7615154,0.14400001,0.0,0.16806822,9.16002,9.18002,1475200
hardzero_plus_depr__c0p50__z1p00__lam0p020__nu0p50__psi0p75,hardzero_plus_depr,0.06,34,461,0.0,2,0.18643379,0.18644008,0.9893443,0.102483906,0.102483906,1.0,6.2904646e-06,6.138002e-05,-26.54181,2.176601,0.72553366,0.17600001,0.0,0.13192192,9.18002,9.200021,1478400
hardzero_plus_depr__c0p50__z1p00__lam0p020__nu0p50__psi0p75,hardzero_plus_depr,0.06,34,462,0.0,2,0.18644008,0.1864465,0.973819,0.10621381,0.10621381,1.0,6.4223423e-06,6.046617e-05,-25.865011,2.1424446,0.7141482,0.18400002,0.0,0.12756847,9.200021,9.220021,1481600
hardzero_plus_depr__c0p50__z1p00__lam0p020__nu0p50__psi0p75,hardzero_plus_depr,0.06,34,463,0.0,2,0.1864465,0.18645309,0.9565156,0.11053107,0.11053107,1.0,6.583885e-06,5.9565922e-05,-26.260256,2.1043763,0.7014588,0.24000001,0.0,0.13529176,9.220021,9.240022,1484800
hardzero_plus_depr__c0p50__z1p00__lam0p020__nu0p50__psi0p75,hardzero_plus_depr,0.06,34,464,0.0,2,0.18645309,0.18645309,1.0188134,0.0,0.09576054,0.0,0.0,5.8679085e-05,-26.911257,2.241434,0.7471447,0.136,0.0,0.1461679,9.240022,9.260022,1488000
hardzero_plus_depr__c0p50__z1p00__lam0p020__nu0p50__psi0p75,hardzero_plus_depr,0.06,34,465,0.0,2,0.18645309,0.18645309,1.0128418,0.0,0.09708635,0.0,0.0,5.7805446e-05,-27.540895,2.2282965,0.74276555,0.16800001,0.0,0.15424235,9.260022,9.280023,1491200
hardzero_plus_depr__c0p50__z1p00__lam0p020__nu0p50__psi0p75,hardzero_plus_depr,0.06,34,466,0.0,2,0.18645309,0.18645923,0.96757704,0.107751414,0.107751414,1.0,6.1358846e-06,5.6944817e-05,-26.279707,2.128712,0.70957065,0.192,0.0,0.1435341,9.280023,9.300023,1494400
hardzero_plus_depr__c0p50__z1p00__lam0p020__nu0p50__psi0p75,hardzero_plus_depr,0.06,34,467,0.0,2,0.18645923,0.18645923,1.0073202,0.0,0.0983286,0.0,0.0,5.6096997e-05,-27.371864,2.2161486,0.73871624,0.18400002,0.0,0.1664757,9.300023,9.320024,1497600
hardzero_plus_depr__c0p50__z1p00__lam0p020__nu0p50__psi0p75,hardzero_plus_depr,0.06,34,468,0.0,2,0.18645923,0.18645923,1.045841,0.0,0.08998271,0.0,0.0,5.5261804e-05,-28.364851,2.3008962,0.7669654,0.12,0.0,0.1770126,9.320024,9.340024,1500800
hardzero_plus_depr__c0p50__z1p00__lam0p020__nu0p50__psi0p75,hardzero_plus_depr,0.06,34,469,0.0,2,0.18645923,0.18645923,1.029751,0.0,0.09337896,0.0,0.0,5.4439042e-05,-27.796602,2.2654972,0.75516576,0.136,0.0,0.14830926,9.340024,9.360024,1504000
hardzero_plus_depr__c0p50__z1p00__lam0p020__nu0p50__psi0p75,hardzero_plus_depr,0.06,34,470,0.0,2,0.18645923,0.18646519,0.95431364,0.11109291,0.11109291,1.0,5.9577496e-06,5.3628533e-05,-25.79283,2.099532,0.699844,0.23200001,0.0,0.16228129,9.360024,9.380025,1507200
hardzero_plus_depr__c0p50__z1p00__lam0p020__nu0p50__psi0p75,hardzero_plus_depr,0.06,34,471,0.0,2,0.18646519,0.18646519,1.0678478,0.0,0.08553663,0.0,0.0,5.283009e-05,-28.774942,2.3493123,0.7831041,0.104,0.0,0.16728166,9.380025,9.400025,1510400
hardzero_plus_depr__c0p50__z1p00__lam0p020__nu0p50__psi0p75,hardzero_plus_depr,0.06,34,472,0.0,2,0.18646519,0.18646519,1.0509859,0.0,0.08892299,0.0,0.0,5.204353e-05,-27.389002,2.312215,0.77073836,0.136,0.0,0.1447057,9.400025,9.420026,1513600
hardzero_plus_depr__c0p50__z1p00__lam0p020__nu0p50__psi0p75,hardzero_plus_depr,0.06,34,473,0.0,2,0.18646519,0.18646519,1.0170197,0.0,0.09615686,0.0,0.0,5.126869e-05,-27.439852,2.237488,0.74582934,0.17600001,0.0,0.14825185,9.420026,9.440026,1516800
hardzero_plus_depr__c0p50__z1p00__lam0p020__nu0p50__psi0p75,hardzero_plus_depr,0.06,34,474,0.0,2,0.18646519,0.18646519,1.0229743,0.0,0.09484747,0.0,0.0,5.050538e-05,-26.668236,2.2505884,0.75019616,0.14400001,0.0,0.14621921,9.440026,9.460027,1520000
hardzero_plus_depr__c0p50__z1p00__lam0p020__nu0p50__psi0p75,hardzero_plus_depr,0.06,34,475,0.0,2,0.18646519,0.18647017,0.9994253,0.10013241,0.10013241,1.0,4.981932e-06,4.975344e-05,-27.187998,2.1987796,0.73292655,0.16000001,0.0,0.14022596,9.460027,9.480027,1523200
hardzero_plus_depr__c0p50__z1p00__lam0p020__nu0p50__psi0p75,hardzero_plus_depr,0.06,34,476,0.0,2,0.18647017,0.18647017,1.0304347,0.0,0.09323205,0.0,0.0,4.9012688e-05,-27.12766,2.2670016,0.7556672,0.136,0.0,0.13594443,9.480027,9.500028,1526400
hardzero_plus_depr__c0p50__z1p00__lam0p020__nu0p50__psi0p75,hardzero_plus_depr,0.06,34,477,0.0,2,0.18647017,0.18647526,0.9759848,0.10568543,0.10568543,1.0,5.1028055e-06,4.8282964e-05,-26.68066,2.1472094,0.7157365,0.14400001,0.0,0.14240307,9.500028,9.520028,1529600
hardzero_plus_depr__c0p50__z1p00__lam0p020__nu0p50__psi0p75,hardzero_plus_depr,0.06,34,478,0.0,2,0.18647526,0.18647526,1.0547231,0.0,0.088161066,0.0,0.0,4.756411e-05,-28.035486,2.3204372,0.7734791,0.15200001,0.0,0.15861715,9.520028,9.540029,1532800
hardzero_plus_depr__c0p50__z1p00__lam0p020__nu0p50__psi0p75,hardzero_plus_depr,0.06,34,479,0.0,2,0.18647526,0.18648002,0.9931925,0.10157984,0.10157984,1.0,4.759621e-06,4.685596e-05,-26.868256,2.1850672,0.72835577,0.17600001,0.0,0.1674599,9.540029,9.560029,1536000
hardzero_plus_depr__c0p50__z1p00__lam0p020__nu0p50__psi0p75,hardzero_plus_depr,0.06,34,480,0.0,2,0.18648002,0.18648002,1.0139129,0.0,0.09684721,0.0,0.0,4.615835e-05,-26.115993,2.230653,0.743551,0.120000005,0.0,0.15049724,9.560029,9.5800295,1539200
hardzero_plus_depr__c0p50__z1p00__lam0p020__nu0p50__psi0p75,hardzero_plus_depr,0.06,34,481,0.0,2,0.18648002,0.18648472,0.9852157,0.103462815,0.103462815,1.0,4.7045705e-06,4.5471126e-05,-26.329288,2.167518,0.722506,0.19999999,0.0,0.12719388,9.5800295,9.60003,1542400
hardzero_plus_depr__c0p50__z1p00__lam0p020__nu0p50__psi0p75,hardzero_plus_depr,0.06,34,482,0.0,2,0.18648472,0.18648472,1.0069498,0.0,0.09841249,0.0,0.0,4.479413e-05,-27.530615,2.2153337,0.73844457,0.14400001,0.0,0.13825244,9.60003,9.62003,1545600
hardzero_plus_depr__c0p50__z1p00__lam0p020__nu0p50__psi0p75,hardzero_plus_depr,0.06,34,483,0.0,2,0.18648472,0.18648472,1.0111367,0.0,0.09746829,0.0,0.0,4.4127217e-05,-26.461075,2.224545,0.74151504,0.15200001,0.0,0.13638972,9.62003,9.640031,1548800
hardzero_plus_depr__c0p50__z1p00__lam0p020__nu0p50__psi0p75,hardzero_plus_depr,0.06,34,484,0.0,2,0.18648472,0.18648914,0.99421316,0.10134139,0.10134139,1.0,4.405334e-06,4.3470234e-05,-26.602774,2.1873126,0.7291042,0.16800001,0.0,0.13187006,9.640031,9.660031,1552000
hardzero_plus_depr__c0p50__z1p00__lam0p020__nu0p50__psi0p75,hardzero_plus_depr,0.06,34,485,0.0,2,0.18648914,0.18649344,0.9981137,0.10043527,0.10043527,1.0,4.300943e-06,4.2823034e-05,-26.950104,2.195894,0.7319647,0.136,0.0,0.1633328,9.660031,9.680032,1555200
hardzero_plus_depr__c0p50__z1p00__lam0p020__nu0p50__psi0p75,hardzero_plus_depr,0.06,34,486,0.0,2,0.18649344,0.18649769,0.99739534,0.10060155,0.10060155,1.0,4.2439233e-06,4.2185467e-05,-27.278564,2.1943135,0.73143786,0.2,0.0,0.16606729,9.680032,9.700032,1558400
hardzero_plus_depr__c0p50__z1p00__lam0p020__nu0p50__psi0p75,hardzero_plus_depr,0.06,34,487,0.0,2,0.18649769,0.18649769,1.0046481,0.0,0.09893544,0.0,0.0,4.1557392e-05,-26.458231,2.21027,0.7367567,0.208,0.0,0.14227653,9.700032,9.720033,1561600
hardzero_plus_depr__c0p50__z1p00__lam0p020__nu0p50__psi0p75,hardzero_plus_depr,0.06,34,488,0.0,2,0.18649769,0.18649769,1.0744451,0.0,0.08424708,0.0,0.0,4.0938667e-05,-28.530615,2.3638265,0.7879422,0.16000001,0.0,0.1607678,9.720033,9.740033,1564800
hardzero_plus_depr__c0p50__z1p00__lam0p020__nu0p50__psi0p75,hardzero_plus_depr,0.06,34,489,0.0,2,0.18649769,0.18649769,1.045274,0.0,0.09010024,0.0,0.0,4.032916e-05,-27.683699,2.2996488,0.7665496,0.136,0.0,0.16430108,9.740033,9.760034,1568000
hardzero_plus_depr__c0p50__z1p00__lam0p020__nu0p50__psi0p75,hardzero_plus_depr,0.06,34,490,0.0,2,0.18649769,0.1865019,0.97474515,0.10598756,0.10598756,1.0,4.21075e-06,3.972872e-05,-26.470823,2.1444821,0.7148274,0.17600001,0.0,0.14572039,9.760034,9.780034,1571200
hardzero_plus_depr__c0p50__z1p00__lam0p020__nu0p50__psi0p75,hardzero_plus_depr,0.06,34,491,0.0,2,0.1865019,0.1865019,1.0351673,0.0,0.092221595,0.0,0.0,3.9137223e-05,-27.68342,2.2774136,0.75913787,0.17600001,0.0,0.14886123,9.780034,9.8000345,1574400
hardzero_plus_depr__c0p50__z1p00__lam0p020__nu0p50__psi0p75,hardzero_plus_depr,0.06,34,492,0.0,2,0.1865019,0.1865019,1.02092,0.0,0.095297165,0.0,0.0,3.855453e-05,-27.471409,2.246069,0.74868965,0.18400002,0.0,0.13648756,9.8000345,9.820035,1577600
hardzero_plus_depr__c0p50__z1p00__lam0p020__nu0p50__psi0p75,hardzero_plus_depr,0.06,34,493,0.0,2,0.1865019,0.1865019,1.0129635,0.0,0.09705916,0.0,0.0,3.798052e-05,-27.331602,2.2285643,0.7428548,0.08800001,0.0,0.15238348,9.820035,9.840035,1580800
hardzero_plus_depr__c0p50__z1p00__lam0p020__nu0p50__psi0p75,hardzero_plus_depr,0.06,34,494,0.0,2,0.1865019,0.18650576,0.98661923,0.103128985,0.103128985,1.0,3.8585763e-06,3.741505e-05,-27.451426,2.1706057,0.72353524,0.12,0.0,0.13334307,9.840035,9.860036,1584000
hardzero_plus_depr__c0p50__z1p00__lam0p020__nu0p50__psi0p75,hardzero_plus_depr,0.06,34,495,0.0,2,0.18650576,0.1865095,0.99321747,0.101573996,0.101573996,1.0,3.743814e-06,3.6857997e-05,-26.587791,2.185122,0.728374,0.16800001,0.0,0.14352337,9.860036,9.880036,1587200
hardzero_plus_depr__c0p50__z1p00__lam0p020__nu0p50__psi0p75,hardzero_plus_depr,0.06,34,496,0.0,2,0.1865095,0.18651333,0.9762778,0.10561417,0.10561417,1.0,3.8347703e-06,3.630924e-05,-26.712402,2.147854,0.7159514,0.14400001,0.0,0.14004791,9.880036,9.900037,1590400
hardzero_plus_depr__c0p50__z1p00__lam0p020__nu0p50__psi0p75,hardzero_plus_depr,0.06,34,497,0.0,2,0.18651333,0.18651333,1.0333226,0.0,0.09261416,0.0,0.0,3.576866e-05,-27.434002,2.273355,0.757785,0.136,0.0,0.1418873,9.900037,9.920037,1593600
hardzero_plus_depr__c0p50__z1p00__lam0p020__nu0p50__psi0p75,hardzero_plus_depr,0.06,34,498,0.0,2,0.18651333,0.18651697,0.98568314,0.103351526,0.103351526,1.0,3.6417068e-06,3.523612e-05,-26.599283,2.1685462,0.7228488,0.216,0.0,0.12162275,9.920037,9.940038,1596800
hardzero_plus_depr__c0p50__z1p00__lam0p020__nu0p50__psi0p75,hardzero_plus_depr,0.06,34,499,0.0,2,0.18651697,0.18652053,0.98953784,0.10243825,0.10243825,1.0,3.5557862e-06,3.471151e-05,-27.365166,2.1770267,0.7256756,0.208,0.0,0.1475287,9.940038,9.960038,1600000
hardzero_plus_depr__c0p50__z1p00__lam0p020__nu0p50__psi0p75,hardzero_plus_depr,0.06,34,500,0.0,2,0.18652053,0.18652406,0.9861087,0.10325028,0.10325028,1.0,3.530613e-06,3.4194705e-05,-27.12367,2.1694825,0.72316086,0.192,0.0,0.16248961,9.960038,9.980039,1603200
hardzero_plus_depr__c0p50__z1p00__lam0p020__nu0p50__psi0p75,hardzero_plus_depr,0.06,34,501,0.0,2,0.18652406,0.18652754,0.9872766,0.10297299,0.10297299,1.0,3.4687073e-06,3.3685603e-05,-26.96859,2.172052,0.7240173,0.14400001,0.0,0.14370225,9.980039,10.000039,1606400
hardzero_plus_depr__c0p50__z1p00__lam0p020__nu0p50__psi0p75,hardzero_plus_depr,0.06,34,502,0.0,2,0.18652754,0.18653098,0.9847222,0.103580445,0.103580445,1.0,3.4372215e-06,3.318408e-05,-26.873035,2.1664321,0.72214407,0.17600001,0.0,0.14516316,10.000039,10.02004,1609600
hardzero_plus_depr__c0p50__z1p00__lam0p020__nu0p50__psi0p75,hardzero_plus_depr,0.06,34,503,0.0,2,0.18653098,0.18653098,1.0133777,0.0,0.09696663,0.0,0.0,3.2690023e-05,-26.841341,2.2294753,0.74315846,0.2,0.0,0.16770028,10.02004,10.04004,1612800
hardzero_plus_depr__c0p50__z1p00__lam0p020__nu0p50__psi0p75,hardzero_plus_depr,0.06,34,504,0.0,2,0.18653098,0.1865345,0.9620692,0.10912664,0.10912664,1.0,3.51424e-06,3.220332e-05,-25.794037,2.1165946,0.70553154,0.208,0.0,0.14731129,10.04004,10.06004,1616000
hardzero_plus_depr__c0p50__z1p00__lam0p020__nu0p50__psi0p75,hardzero_plus_depr,0.06,34,505,0.0,2,0.1865345,0.18653767,0.9989784,0.10023552,0.10023552,1.0,3.1798584e-06,3.1723866e-05,-26.705084,2.1977963,0.7325988,0.18400002,0.0,0.15231538,10.06004,10.080041,1619200
hardzero_plus_depr__c0p50__z1p00__lam0p020__nu0p50__psi0p75,hardzero_plus_depr,0.06,34,506,0.0,2,0.18653767,0.18653767,1.0212662,0.0,0.09522122,0.0,0.0,3.1251548e-05,-27.588484,2.2468305,0.7489435,0.16000001,0.0,0.14104709,10.080041,10.100041,1622400
hardzero_plus_depr__c0p50__z1p00__lam0p020__nu0p50__psi0p75,hardzero_plus_depr,0.06,34,507,0.0,2,0.18653767,0.18654093,0.9745572,0.10603343,0.10603343,1.0,3.264373e-06,3.078626e-05,-26.275326,2.1440687,0.7146896,0.17,0.0,0.14122404,10.100041,10.120042,1625600
hardzero_plus_depr__c0p50__z1p00__lam0p020__nu0p50__psi0p75,hardzero_plus_depr,0.06,34,508,0.0,2,0.18654093,0.18654093,1.0353991,0.0,0.09217241,0.0,0.0,3.0327905e-05,-27.30297,2.2779233,0.7593078,0.112,0.0,0.14885668,10.120042,10.140042,1628800
hardzero_plus_depr__c0p50__z1p00__lam0p020__nu0p50__psi0p75,hardzero_plus_depr,0.06,34,509,0.0,2,0.18654093,0.18654093,1.0313936,0.0,0.093026415,0.0,0.0,2.9876372e-05,-27.080791,2.2691114,0.7563705,0.15200001,0.0,0.14597313,10.140042,10.160043,1632000
hardzero_plus_depr__c0p50__z1p00__lam0p020__nu0p50__psi0p75,hardzero_plus_depr,0.06,34,510,0.0,2,0.18654093,0.18654393,0.9926094,0.10171632,0.10171632,1.0,2.9936696e-06,2.9431558e-05,-27.043577,2.1837842,0.7279281,0.2,0.0,0.13565771,10.160043,10.180043,1635200
hardzero_plus_depr__c0p50__z1p00__lam0p020__nu0p50__psi0p75,hardzero_plus_depr,0.06,34,511,0.0,2,0.18654393,0.18654703,0.97158575,0.10676138,0.10676138,1.0,3.0953722e-06,2.899337e-05,-26.735243,2.1375313,0.71251047,0.16800001,0.0,0.17161044,10.180043,10.200044,1638400
hardzero_plus_depr__c0p50__z1p00__lam0p020__nu0p50__psi0p75,hardzero_plus_depr,0.06,34,512,0.0,2,0.18654703,0.18654703,1.012454,0.0,0.09717308,0.0,0.0,2.8561704e-05,-27.802443,2.2274432,0.7424811,0.136,0.0,0.14598578,10.200044,10.220044,1641600
hardzero_plus_depr__c0p50__z1p00__lam0p020__nu0p50__psi0p75,hardzero_plus_depr,0.06,34,513,0.0,2,0.18654703,0.18654703,1.0499421,0.0,0.08913697,0.0,0.0,2.8136466e-05,-27.93069,2.3099189,0.769973,0.136,0.0,0.14089498,10.220044,10.240045,1644800
hardzero_plus_depr__c0p50__z1p00__lam0p020__nu0p50__psi0p75,hardzero_plus_depr,0.06,34,514,0.0,2,0.18654703,0.18654703,1.0229049,0.0,0.094862625,0.0,0.0,2.771756e-05,-26.403103,2.2504356,0.7501452,0.112,0.0,0.15213375,10.240045,10.260045,1648000
hardzero_plus_depr__c0p50__z1p00__lam0p020__nu0p50__psi0p75,hardzero_plus_depr,0.06,34,515,0.0,2,0.18654703,0.18654703,1.0470165,0.0,0.08973948,0.0,0.0,2.730489e-05,-27.474436,2.3034823,0.76782745,0.14400001,0.0,0.13374841,10.260045,10.2800455,1651200
hardzero_plus_depr__c0p50__z1p00__lam0p020__nu0p50__psi0p75,hardzero_plus_depr,0.06,34,516,0.0,2,0.18654703,0.18654974,0.99635386,0.10084307,0.10084307,1.0,2.7125136e-06,2.6898364e-05,-25.985512,2.1920223,0.73067415,0.14400001,0.0,0.13943945,10.2800455,10.300046,1654400
hardzero_plus_depr__c0p50__z1p00__lam0p020__nu0p50__psi0p75,hardzero_plus_depr,0.06,34,517,0.0,2,0.18654974,0.18655272,0.9497073,0.11227749,0.11227749,1.0,2.9751166e-06,2.649789e-05,-26.046162,2.089398,0.69646597,0.208,0.0,0.12894237,10.300046,10.320046,1657600
hardzero_plus_depr__c0p50__z1p00__lam0p020__nu0p50__psi0p75,hardzero_plus_depr,0.06,34,518,0.0,2,0.18655272,0.18655552,0.9702514,0.107089914,0.107089914,1.0,2.7954088e-06,2.610338e-05,-27.512041,2.1345956,0.7115319,0.216,0.0,0.1434871,10.320046,10.340047,1660800
hardzero_plus_depr__c0p50__z1p00__lam0p020__nu0p50__psi0p75,hardzero_plus_depr,0.06,34,519,0.0,2,0.18655552,0.18655552,1.0370798,0.0,0.09181639,0.0,0.0,2.5714742e-05,-28.034767,2.2816212,0.7605404,0.15200001,0.0,0.18381584,10.340047,10.360047,1664000
hardzero_plus_depr__c0p50__z1p00__lam0p020__nu0p50__psi0p75,hardzero_plus_depr,0.06,34,520,0.0,2,0.18655552,0.18655807,0.99806905,0.10044561,0.10044561,1.0,2.5444772e-06,2.533189e-05,-27.334007,2.1957958,0.7319319,0.17999999,0.0,0.14691032,10.360047,10.380048,1667200
hardzero_plus_depr__c0p50__z1p00__lam0p020__nu0p50__psi0p75,hardzero_plus_depr,0.06,34,521,0.0,2,0.18655807,0.18655807,1.0212308,0.0,0.09522898,0.0,0.0,2.4954737e-05,-27.227419,2.2467527,0.7489176,0.16000001,0.0,0.15773712,10.380048,10.400048,1670400
hardzero_plus_depr__c0p50__z1p00__lam0p020__nu0p50__psi0p75,hardzero_plus_depr,0.06,34,522,0.0,2,0.18655807,0.18655807,1.0539528,0.0,0.08831759,0.0,0.0,2.4583203e-05,-28.336918,2.3187425,0.7729142,0.096,0.0,0.15864372,10.400048,10.420049,1673600
hardzero_plus_depr__c0p50__z1p00__lam0p020__nu0p50__psi0p75,hardzero_plus_depr,0.06,34,523,0.0,2,0.18655807,0.18655807,1.0118705,0.0,0.09730374,0.0,0.0,2.42172e-05,-26.851004,2.2261596,0.7420532,0.14400001,0.0,0.1548726,10.420049,10.440049,1676800
hardzero_plus_depr__c0p50__z1p00__lam0p020__nu0p50__psi0p75,hardzero_plus_depr,0.06,34,524,0.0,2,0.18655807,0.18656063,0.9688303,0.10744092,0.10744092,1.0,2.5631798e-06,2.3856644e-05,-27.594696,2.1314692,0.71048975,0.2,0.0,0.14796981,10.440049,10.46005,1680000
hardzero_plus_depr__c0p50__z1p00__lam0p020__nu0p50__psi0p75,hardzero_plus_depr,0.06,34,525,0.0,2,0.18656063,0.18656063,1.0181376,0.0,0.09590968,0.0,0.0,2.3501456e-05,-27.296352,2.2399473,0.74664915,0.136,0.0,0.13323581,10.46005,10.48005,1683200
hardzero_plus_depr__c0p50__z1p00__lam0p020__nu0p50__psi0p75,hardzero_plus_depr,0.06,34,526,0.0,2,0.18656063,0.18656296,0.99846697,0.10035363,0.10035363,1.0,2.3233426e-06,2.3151557e-05,-27.49408,2.1966712,0.73222375,0.18400002,0.0,0.14044347,10.48005,10.500051,1686400
hardzero_plus_depr__c0p50__z1p00__lam0p020__nu0p50__psi0p75,hardzero_plus_depr,0.06,34,527,0.0,2,0.18656296,0.18656296,1.012984,0.0,0.09705457,0.0,0.0,2.2806867e-05,-27.1484,2.2286093,0.7428698,0.16000001,0.0,0.164219,10.500051,10.520051,1689600
hardzero_plus_depr__c0p50__z1p00__lam0p020__nu0p50__psi0p75,hardzero_plus_depr,0.06,34,528,0.0,2,0.18656296,0.18656296,1.0063025,0.0,0.098559275,0.0,0.0,2.246731e-05,-26.950907,2.2139096,0.7379699,0.15200001,0.0,0.12242056,10.520051,10.540051,1692800
hardzero_plus_depr__c0p50__z1p00__lam0p020__nu0p50__psi0p75,hardzero_plus_depr,0.06,34,529,0.0,2,0.18656296,0.18656525,0.9849087,0.10353598,0.10353598,1.0,2.291542e-06,2.2132808e-05,-26.94454,2.1668425,0.72228086,0.17600001,0.0,0.1387531,10.540051,10.560052,1696000
hardzero_plus_depr__c0p50__z1p00__lam0p020__nu0p50__psi0p75,hardzero_plus_depr,0.06,34,530,0.0,2,0.18656525,0.18656525,1.0475812,0.0,0.089622855,0.0,0.0,2.1803284e-05,-27.302174,2.3047247,0.7682416,0.128,0.0,0.1536608,10.560052,10.580052,1699200
hardzero_plus_depr__c0p50__z1p00__lam0p020__nu0p50__psi0p75,hardzero_plus_depr,0.06,34,531,0.0,2,0.18656525,0.18656525,1.0375806,0.0,0.09171057,0.0,0.0,2.1478669e-05,-27.67421,2.282723,0.76090765,0.136,0.0,0.19873902,10.580052,10.600053,1702400
hardzero_plus_depr__c0p50__z1p00__lam0p020__nu0p50__psi0p75,hardzero_plus_depr,0.06,34,532,0.0,2,0.18656525,0.18656525,1.0309458,0.0,0.09312242,0.0,0.0,2.1158885e-05,-27.521595,2.268126,0.756042,0.17600001,0.0,0.16154793,10.600053,10.620053,1705600
hardzero_plus_depr__c0p50__z1p00__lam0p020__nu0p50__psi0p75,hardzero_plus_depr,0.06,34,533,0.0,2,0.18656525,0.18656741,0.9852626,0.10345164,0.10345164,1.0,2.156332e-06,2.0843865e-05,-26.593204,2.167621,0.7225403,0.17999999,0.0,0.13669959,10.620053,10.640054,1708800
hardzero_plus_depr__c0p50__z1p00__lam0p020__nu0p50__psi0p75,hardzero_plus_depr,0.06,34,534,0.0,2,0.18656741,0.18656741,1.0387594,0.0,0.09146198,0.0,0.0,2.0533533e-05,-27.00852,2.2853162,0.7617721,0.136,0.0,0.1490707,10.640054,10.660054,1712000
hardzero_plus_depr__c0p50__z1p00__lam0p020__nu0p50__psi0p75,hardzero_plus_depr,0.06,34,535,0.0,2,0.18656741,0.18656741,1.0037185,0.0,0.09914745,0.0,0.0,2.0227819e-05,-27.551708,2.2082248,0.7360749,0.136,0.0,0.1093401,10.660054,10.680055,1715200
hardzero_plus_depr__c0p50__z1p00__lam0p020__nu0p50__psi0p75,hardzero_plus_depr,0.06,34,536,0.0,2,0.18656741,0.18656948,0.9842118,0.10370224,0.10370224,1.0,2.0664395e-06,1.9926661e-05,-26.146093,2.1653092,0.72176975,0.16000001,0.0,0.16475894,10.680055,10.700055,1718400
hardzero_plus_depr__c0p50__z1p00__lam0p020__nu0p50__psi0p75,hardzero_plus_depr,0.06,34,537,0.0,2,0.18656948,0.18656948,1.0121045,0.0,0.097251326,0.0,0.0,1.9629986e-05,-27.137892,2.2266743,0.7422248,0.112,0.0,0.14461602,10.700055,10.720056,1721600
hardzero_plus_depr__c0p50__z1p00__lam0p020__nu0p50__psi0p75,hardzero_plus_depr,0.06,34,538,0.0,2,0.18656948,0.18657151,0.97868437,0.105030544,0.105030544,1.0,2.0310517e-06,1.9337725e-05,-26.754776,2.1531487,0.7177162,0.16000001,0.0,0.16158149,10.720056,10.740056,1724800
hardzero_plus_depr__c0p50__z1p00__lam0p020__nu0p50__psi0p75,hardzero_plus_depr,0.06,34,539,0.0,2,0.18657151,0.18657348,0.9857669,0.10333159,0.10333159,1.0,1.9684478e-06,1.9049818e-05,-27.097616,2.1687305,0.72291017,0.15200001,0.0,0.15900338,10.740056,10.7600565,1728000
hardzero_plus_depr__c0p50__z1p00__lam0p020__nu0p50__psi0p75,hardzero_plus_depr,0.06,34,540,0.0,2,0.18657348,0.18657348,1.0077403,0.0,0.098233536,0.0,0.0,1.8766197e-05,-27.441675,2.217073,0.73902434,0.120000005,0.0,0.15341333,10.7600565,10.780057,1731200
hardzero_plus_depr__c0p50__z1p00__lam0p020__nu0p50__psi0p75,hardzero_plus_depr,0.06,34,541,0.0,2,0.18657348,0.1865754,0.98250085,0.10411159,0.10411159,1.0,1.92469e-06,1.8486799e-05,-26.695929,2.161545,0.720515,0.16000001,0.0,0.13988478,10.780057,10.800057,1734400
hardzero_plus_depr__c0p50__z1p00__lam0p020__nu0p50__psi0p75,hardzero_plus_depr,0.06,34,542,0.0,2,0.1865754,0.1865754,1.0282459,0.0,0.09370311,0.0,0.0,1.821156e-05,-26.702978,2.2621863,0.7540621,0.08800001,0.0,0.13949862,10.800057,10.820058,1737600
hardzero_plus_depr__c0p50__z1p00__lam0p020__nu0p50__psi0p75,hardzero_plus_depr,0.06,34,543,0.0,2,0.1865754,0.18657728,0.98187006,0.10426292,0.10426292,1.0,1.8705205e-06,1.794042e-05,-26.908009,2.1601572,0.7200524,0.128,0.0,0.14433497,10.820058,10.840058,1740800
hardzero_plus_depr__c0p50__z1p00__lam0p020__nu0p50__psi0p75,hardzero_plus_depr,0.06,34,544,0.0,2,0.18657728,0.18657728,1.0061508,0.0,0.098593704,0.0,0.0,1.7673314e-05,-26.982168,2.213576,0.7378587,0.15200001,0.0,0.14318551,10.840058,10.860059,1744000
hardzero_plus_depr__c0p50__z1p00__lam0p020__nu0p50__psi0p75,hardzero_plus_depr,0.06,34,545,0.0,2,0.18657728,0.18657906,0.98790026,0.10282524,0.10282524,1.0,1.7902065e-06,1.7410186e-05,-26.995485,2.173424,0.72447467,0.15200001,0.0,0.13151716,10.860059,10.880059,1747200
hardzero_plus_depr__c0p50__z1p00__lam0p020__nu0p50__psi0p75,hardzero_plus_depr,0.06,34,546,0.0,2,0.18657906,0.18657906,1.0150862,0.0,0.09658592,0.0,0.0,1.7150976e-05,-26.714626,2.2332342,0.7444114,0.099999994,0.0,0.1318819,10.880059,10.90006,1750400
hardzero_plus_depr__c0p50__z1p00__lam0p020__nu0p50__psi0p75,hardzero_plus_depr,0.06,34,547,0.0,2,0.18657906,0.1865808,0.98684084,0.10307638,0.10307638,1.0,1.7415401e-06,1.6895627e-05,-27.092892,2.1710932,0.7236978,0.224,0.0,0.13724981,10.90006,10.92006,1753600
hardzero_plus_depr__c0p50__z1p00__lam0p020__nu0p50__psi0p75,hardzero_plus_depr,0.06,34,548,0.0,2,0.1865808,0.1865808,1.0206031,0.0,0.09536674,0.0,0.0,1.6644077e-05,-27.230434,2.2453716,0.7484572,0.208,0.0,0.12637839,10.92006,10.940061,1756800
hardzero_plus_depr__c0p50__z1p00__lam0p020__nu0p50__psi0p75,hardzero_plus_depr,0.06,34,549,0.0,2,0.1865808,0.1865826,0.96187913,0.1091744,0.1091744,1.0,1.7900536e-06,1.6396276e-05,-26.652023,2.1161764,0.7053921,0.15200001,0.0,0.12528877,10.940061,10.960061,1760000
hardzero_plus_depr__c0p50__z1p00__lam0p020__nu0p50__psi0p75,hardzero_plus_depr,0.06,34,550,0.0,2,0.1865826,0.18658432,0.96996725,0.10716002,0.10716002,1.0,1.7308656e-06,1.6152158e-05,-26.2944,2.1339705,0.7113235,0.208,0.0,0.119862296,10.960061,10.980062,1763200
hardzero_plus_depr__c0p50__z1p00__lam0p020__nu0p50__psi0p75,hardzero_plus_depr,0.06,34,551,0.0,2,0.18658432,0.18658432,1.0158241,0.0,0.09642195,0.0,0.0,1.591168e-05,-26.668085,2.2348576,0.74495256,0.18400002,0.0,0.13734387,10.980062,11.000062,1766400
hardzero_plus_depr__c0p50__z1p00__lam0p020__nu0p50__psi0p75,hardzero_plus_depr,0.06,34,552,0.0,2,0.18658432,0.18658589,0.9988386,0.10026777,0.10026777,1.0,1.5716753e-06,1.5674781e-05,-26.41111,2.1974888,0.73249626,0.16000001,0.0,0.15213104,11.000062,11.020062,1769600
hardzero_plus_depr__c0p50__z1p00__lam0p020__nu0p50__psi0p75,hardzero_plus_depr,0.06,34,553,0.0,2,0.18658589,0.18658589,1.0139359,0.0,0.09684206,0.0,0.0,1.5441408e-05,-27.159916,2.2307036,0.7435679,0.16800001,0.0,0.14536501,11.020062,11.040063,1772800
hardzero_plus_depr__c0p50__z1p00__lam0p020__nu0p50__psi0p75,hardzero_plus_depr,0.06,34,554,0.0,2,0.18658589,0.18658589,1.0180706,0.0,0.09592447,0.0,0.0,1.5211509e-05,-27.933283,2.2398,0.74660003,0.15200001,0.0,0.15879786,11.040063,11.060063,1776000
hardzero_plus_depr__c0p50__z1p00__lam0p020__nu0p50__psi0p75,hardzero_plus_depr,0.06,34,555,0.0,2,0.18658589,0.1865874,0.99840987,0.100366816,0.100366816,1.0,1.5040002e-06,1.4985035e-05,-26.458427,2.1965456,0.7321819,0.120000005,0.0,0.10436295,11.060063,11.080064,1779200
hardzero_plus_depr__c0p50__z1p00__lam0p020__nu0p50__psi0p75,hardzero_plus_depr,0.06,34,556,0.0,2,0.1865874,0.18658903,0.9551124,0.11088878,0.11088878,1.0,1.6369328e-06,1.4761933e-05,-26.778446,2.1012893,0.7004298,0.2,0.0,0.14834698,11.080064,11.100064,1782400
hardzero_plus_depr__c0p50__z1p00__lam0p020__nu0p50__psi0p75,hardzero_plus_depr,0.06,34,557,0.0,2,0.18658903,0.1865905,0.9972422,0.10063702,0.10063702,1.0,1.4634786e-06,1.454215e-05,-26.583044,2.1939766,0.73132557,0.16000001,0.008,0.12245621,11.100064,11.120065,1785600
hardzero_plus_depr__c0p50__z1p00__lam0p020__nu0p50__psi0p75,hardzero_plus_depr,0.06,34,558,0.0,2,0.1865905,0.1865905,1.0668002,0.0,0.08574322,0.0,0.0,1.4325641e-05,-27.842989,2.3470073,0.78233576,0.2,0.0,0.18784083,11.120065,11.140065,1788800
hardzero_plus_depr__c0p50__z1p00__lam0p020__nu0p50__psi0p75,hardzero_plus_depr,0.06,34,559,0.0,2,0.1865905,0.1865905,1.0030997,0.0,0.099288814,0.0,0.0,1.41123555e-05,-26.041557,2.2068634,0.73562115,0.08,0.0,0.114231534,11.140065,11.160066,1792000
hardzero_plus_depr__c0p50__z1p00__lam0p020__nu0p50__psi0p75,hardzero_plus_depr,0.06,34,560,0.0,2,0.1865905,0.1865905,1.0147691,0.0,0.096656464,0.0,0.0,1.3902244e-05,-27.155533,2.2325366,0.7441789,0.15200001,0.008,0.16414174,11.160066,11.180066,1795200
hardzero_plus_depr__c0p50__z1p00__lam0p020__nu0p50__psi0p75,hardzero_plus_depr,0.06,34,561,0.0,2,0.1865905,0.1865905,1.0087345,0.0,0.09800891,0.0,0.0,1.3695263e-05,-27.093315,2.2192602,0.7397534,0.14400001,0.0,0.14410293,11.180066,11.200067,1798400
hardzero_plus_depr__c0p50__z1p00__lam0p020__nu0p50__psi0p75,hardzero_plus_depr,0.06,34,562,0.0,2,0.1865905,0.1865905,1.0093341,0.0,0.09787367,0.0,0.0,1.3491362e-05,-27.520775,2.2205794,0.7401931,0.208,0.0,0.14142737,11.200067,11.220067,1801600
hardzero_plus_depr__c0p50__z1p00__lam0p020__nu0p50__psi0p75,hardzero_plus_depr,0.06,34,563,0.0,2,0.1865905,0.1865905,1.0206004,0.0,0.095367305,0.0,0.0,1.3290498e-05,-26.53253,2.2453659,0.7484553,0.18400002,0.0,0.12641482,11.220067,11.2400675,1804800
hardzero_plus_depr__c0p50__z1p00__lam0p020__nu0p50__psi0p75,hardzero_plus_depr,0.06,34,564,0.0,2,0.1865905,0.1865905,1.0715175,0.0,0.084816925,0.0,0.0,1.3092624e-05,-28.098576,2.3573854,0.78579515,0.128,0.0,0.17035784,11.2400675,11.260068,1808000
hardzero_plus_depr__c0p50__z1p00__lam0p020__nu0p50__psi0p75,hardzero_plus_depr,0.06,34,565,0.0,2,0.1865905,0.1865905,1.0405904,0.0,0.09107717,0.0,0.0,1.2897694e-05,-27.936537,2.2893445,0.76311487,0.14400001,0.008,0.14378303,11.260068,11.280068,1811200
hardzero_plus_depr__c0p50__z1p00__lam0p020__nu0p50__psi0p75,hardzero_plus_depr,0.06,34,566,0.0,2,0.1865905,0.1865905,1.0178654,0.0,0.09596978,0.0,0.0,1.2705669e-05,-26.01791,2.2393486,0.7464496,0.112,0.0,0.13743466,11.280068,11.300069,1814400
hardzero_plus_depr__c0p50__z1p00__lam0p020__nu0p50__psi0p75,hardzero_plus_depr,0.06,34,567,0.0,2,0.1865905,0.1865905,1.0039251,0.0,0.09910029,0.0,0.0,1.2516502e-05,-27.112837,2.2086792,0.73622644,0.2,0.0,0.16926679,11.300069,11.320069,1817600
hardzero_plus_depr__c0p50__z1p00__lam0p020__nu0p50__psi0p75,hardzero_plus_depr,0.06,34,568,0.0,2,0.1865905,0.18659182,0.9697339,0.107217595,0.107217595,1.0,1.3220092e-06,1.2330152e-05,-26.674278,2.1334572,0.71115243,0.216,0.0,0.1647532,11.320069,11.34007,1820800
hardzero_plus_depr__c0p50__z1p00__lam0p020__nu0p50__psi0p75,hardzero_plus_depr,0.06,34,569,0.0,2,0.18659182,0.1865932,0.9449862,0.11350468,0.11350468,1.0,1.3786931e-06,1.21465755e-05,-26.255096,2.0790112,0.6930038,0.224,0.0,0.13498122,11.34007,11.36007,1824000
hardzero_plus_depr__c0p50__z1p00__lam0p020__nu0p50__psi0p75,hardzero_plus_depr,0.06,34,570,0.0,2,0.1865932,0.1865932,1.0380232,0.0,0.09161714,0.0,0.0,1.1965732e-05,-27.732927,2.2836967,0.76123226,0.16800001,0.0,0.15557814,11.36007,11.380071,1827200
hardzero_plus_depr__c0p50__z1p00__lam0p020__nu0p50__psi0p75,hardzero_plus_depr,0.06,34,571,0.0,2,0.1865932,0.1865932,1.0251052,0.0,0.09438321,0.0,0.0,1.1787581e-05,-27.639637,2.2552764,0.7517588,0.112,0.0,0.1426165,11.380071,11.400071,1830400
hardzero_plus_depr__c0p50__z1p00__lam0p020__nu0p50__psi0p75,hardzero_plus_depr,0.06,34,572,0.0,2,0.1865932,0.1865932,1.0069585,0.0,0.098410524,0.0,0.0,1.1612084e-05,-27.70242,2.2153528,0.73845094,0.17999999,0.0,0.1807367,11.400071,11.420072,1833600
hardzero_plus_depr__c0p50__z1p00__lam0p020__nu0p50__psi0p75,hardzero_plus_depr,0.06,34,573,0.0,2,0.1865932,0.1865945,0.94669545,0.11305885,0.11305885,1.0,1.2933026e-06,1.1439198e-05,-25.957872,2.0827715,0.6942572,0.192,0.0,0.15108688,11.420072,11.440072,1836800
hardzero_plus_depr__c0p50__z1p00__lam0p020__nu0p50__psi0p75,hardzero_plus_depr,0.06,34,574,0.0,2,0.1865945,0.1865945,1.0249408,0.0,0.09441895,0.0,0.0,1.1268887e-05,-26.260923,2.2549148,0.7516383,0.128,0.0,0.11676977,11.440072,11.4600725,1840000
hardzero_plus_depr__c0p50__z1p00__lam0p020__nu0p50__psi0p75,hardzero_plus_depr,0.06,34,575,0.0,2,0.1865945,0.18659565,0.9840428,0.1037426,0.1037426,1.0,1.151658e-06,1.110111e-05,-26.712957,2.1649375,0.72164583,0.104,0.0,0.13429461,11.4600725,11.480073,1843200
hardzero_plus_depr__c0p50__z1p00__lam0p020__nu0p50__psi0p75,hardzero_plus_depr,0.06,34,576,0.0,2,0.18659565,0.18659565,1.0849497,0.0,0.08223377,0.0,0.0,1.0935833e-05,-28.42777,2.3869371,0.7956457,0.104,0.0,0.14661899,11.480073,11.500073,1846400
hardzero_plus_depr__c0p50__z1p00__lam0p020__nu0p50__psi0p75,hardzero_plus_depr,0.06,34,577,0.0,2,0.18659565,0.18659565,1.0559953,0.0,0.08790318,0.0,0.0,1.0773017e-05,-27.591106,2.3232362,0.7744121,0.120000005,0.0,0.16284193,11.500073,11.520074,1849600
hardzero_plus_depr__c0p50__z1p00__lam0p020__nu0p50__psi0p75,hardzero_plus_depr,0.06,34,578,0.0,2,0.18659565,0.18659672,0.99790865,0.10048272,0.10048272,1.0,1.0663853e-06,1.0612624e-05,-27.18401,2.195443,0.7318143,0.17600001,0.0,0.16439468,11.520074,11.540074,1852800
hardzero_plus_depr__c0p50__z1p00__lam0p020__nu0p50__psi0p75,hardzero_plus_depr,0.06,34,579,0.0,2,0.18659672,0.18659672,1.008279,0.0,0.09811175,0.0,0.0,1.0454619e-05,-27.378302,2.218258,0.73941934,0.216,0.008,0.18608172,11.540074,11.560075,1856000
hardzero_plus_depr__c0p50__z1p00__lam0p020__nu0p50__psi0p75,hardzero_plus_depr,0.06,34,580,0.0,2,0.18659672,0.18659672,1.041345,0.0,0.09091908,0.0,0.0,1.0298965e-05,-27.167511,2.2910047,0.76366824,0.16800001,0.0,0.15644841,11.560075,11.580075,1859200
hardzero_plus_depr__c0p50__z1p00__lam0p020__nu0p50__psi0p75,hardzero_plus_depr,0.06,34,581,0.0,2,0.18659672,0.18659672,1.0363181,0.0,0.09197758,0.0,0.0,1.0145631e-05,-28.092325,2.2799451,0.75998175,0.120000005,0.0,0.1960993,11.580075,11.600076,1862400
hardzero_plus_depr__c0p50__z1p00__lam0p020__nu0p50__psi0p75,hardzero_plus_depr,0.06,34,582,0.0,2,0.18659672,0.18659672,1.0150309,0.0,0.09659822,0.0,0.0,9.994578e-06,-27.351454,2.2331126,0.7443709,0.136,0.0,0.140547,11.600076,11.620076,1865600
hardzero_plus_depr__c0p50__z1p00__lam0p020__nu0p50__psi0p75,hardzero_plus_depr,0.06,34,583,0.0,2,0.18659672,0.18659775,0.9841603,0.103714556,0.103714556,1.0,1.0211502e-06,9.845775e-06,-26.454842,2.165196,0.721732,0.2,0.0,0.13602436,11.620076,11.640077,1868800
hardzero_plus_depr__c0p50__z1p00__lam0p020__nu0p50__psi0p75,hardzero_plus_depr,0.06,34,584,0.0,2,0.18659775,0.18659775,1.0216857,0.0,0.095129296,0.0,0.0,9.699187e-06,-27.912172,2.2477534,0.7492511,0.15200001,0.0,0.13265833,11.640077,11.660077,1872000
hardzero_plus_depr__c0p50__z1p00__lam0p020__nu0p50__psi0p75,hardzero_plus_depr,0.06,34,585,0.0,2,0.18659775,0.18659775,1.0190228,0.0,0.09571437,0.0,0.0,9.554782e-06,-27.618208,2.241895,0.74729836,0.19,0.0,0.15889098,11.660077,11.680078,1875200
hardzero_plus_depr__c0p50__z1p00__lam0p020__nu0p50__psi0p75,hardzero_plus_depr,0.06,34,586,0.0,2,0.18659775,0.18659775,1.0540023,0.0,0.08830752,0.0,0.0,9.412526e-06,-28.556175,2.3188512,0.7729504,0.15200001,0.0,0.16195163,11.680078,11.700078,1878400
hardzero_plus_depr__c0p50__z1p00__lam0p020__nu0p50__psi0p75,hardzero_plus_depr,0.06,34,587,0.0,2,0.18659775,0.18659775,1.0321813,0.0,0.092857875,0.0,0.0,9.272389e-06,-26.714159,2.2708442,0.7569481,0.208,0.0,0.1631473,11.700078,11.720078,1881600
hardzero_plus_depr__c0p50__z1p00__lam0p020__nu0p50__psi0p75,hardzero_plus_depr,0.06,34,588,0.0,2,0.18659775,0.18659775,1.0539771,0.0,0.08831264,0.0,0.0,9.134338e-06,-28.11374,2.318796,0.772932,0.096,0.0,0.15835968,11.720078,11.740079,1884800
hardzero_plus_depr__c0p50__z1p00__lam0p020__nu0p50__psi0p75,hardzero_plus_depr,0.06,34,589,0.0,2,0.18659775,0.18659775,1.0274249,0.0,0.09388043,0.0,0.0,8.998342e-06,-27.16175,2.26038,0.75346005,0.17600001,0.0,0.14913206,11.740079,11.760079,1888000
hardzero_plus_depr__c0p50__z1p00__lam0p020__nu0p50__psi0p75,hardzero_plus_depr,0.06,34,590,0.0,2,0.18659775,0.18659775,1.0409157,0.0,0.09100897,0.0,0.0,8.864371e-06,-28.20443,2.2900603,0.76335347,0.16000001,0.0,0.18254688,11.760079,11.78008,1891200
hardzero_plus_depr__c0p50__z1p00__lam0p020__nu0p50__psi0p75,hardzero_plus_depr,0.06,34,591,0.0,2,0.18659775,0.18659775,1.0400856,0.0,0.09118311,0.0,0.0,8.732395e-06,-26.9937,2.288234,0.76274467,0.104,0.0,0.12336239,11.78008,11.80008,1894400
hardzero_plus_depr__c0p50__z1p00__lam0p020__nu0p50__psi0p75,hardzero_plus_depr,0.06,34,592,0.0,2,0.18659775,0.18659775,1.0046515,0.0,0.098934665,0.0,0.0,8.602384e-06,-26.702839,2.2102776,0.7367592,0.112,0.0,0.13674271,11.80008,11.820081,1897600
hardzero_plus_depr__c0p50__z1p00__lam0p020__nu0p50__psi0p75,hardzero_plus_depr,0.06,34,593,0.0,2,0.18659775,0.18659775,1.0349171,0.0,0.092274755,0.0,0.0,8.474308e-06,-27.466963,2.276863,0.7589544,0.17600001,0.0,0.13869408,11.820081,11.840081,1900800
hardzero_plus_depr__c0p50__z1p00__lam0p020__nu0p50__psi0p75,hardzero_plus_depr,0.06,34,594,0.0,2,0.18659775,0.18659775,1.0009981,0.0,0.09977042,0.0,0.0,8.34814e-06,-26.917986,2.2022398,0.73407996,0.224,0.0,0.15622185,11.840081,11.860082,1904000
hardzero_plus_depr__c0p50__z1p00__lam0p020__nu0p50__psi0p75,hardzero_plus_depr,0.06,34,595,0.0,2,0.18659775,0.18659857,0.9982737,0.10039828,0.10039828,1.0,8.256603e-07,8.223849e-06,-26.850471,2.196246,0.732082,0.120000005,0.0,0.13653472,11.860082,11.880082,1907200
hardzero_plus_depr__c0p50__z1p00__lam0p020__nu0p50__psi0p75,hardzero_plus_depr,0.06,34,596,0.0,2,0.18659857,0.1865994,0.98962194,0.102418415,0.102418415,1.0,8.2973344e-07,8.101409e-06,-27.466194,2.1772118,0.7257373,0.120000005,0.0,0.15847926,11.880082,11.900083,1910400
hardzero_plus_depr__c0p50__z1p00__lam0p020__nu0p50__psi0p75,hardzero_plus_depr,0.06,34,597,0.0,2,0.1865994,0.18660021,0.997169,0.10065398,0.10065398,1.0,8.032985e-07,7.980792e-06,-26.813889,2.1938157,0.7312719,0.23200001,0.0,0.14813857,11.900083,11.920083,1913600
hardzero_plus_depr__c0p50__z1p00__lam0p020__nu0p50__psi0p75,hardzero_plus_depr,0.06,34,598,0.0,2,0.18660021,0.18660021,1.0124408,0.0,0.09717604,0.0,0.0,7.8619705e-06,-26.547844,2.2274141,0.7424714,0.14,0.0,0.13472901,11.920083,11.9400835,1916800
hardzero_plus_depr__c0p50__z1p00__lam0p020__nu0p50__psi0p75,hardzero_plus_depr,0.06,34,599,0.0,2,0.18660021,0.18660021,1.0057921,0.0,0.09867516,0.0,0.0,7.744919e-06,-27.323046,2.212787,0.7375957,0.18400002,0.0,0.17832723,11.9400835,11.960084,1920000
hardzero_plus_depr__c0p50__z1p00__lam0p020__nu0p50__psi0p75,hardzero_plus_depr,0.06,34,600,0.0,2,0.18660021,0.18660021,1.0413789,0.0,0.09091199,0.0,0.0,7.629609e-06,-27.738798,2.2910793,0.7636931,0.120000005,0.0,0.14669032,11.960084,11.980084,1923200
hardzero_plus_depr__c0p50__z1p00__lam0p020__nu0p50__psi0p75,hardzero_plus_depr,0.06,34,601,0.0,2,0.18660021,0.18660097,0.9917165,0.10192565,0.10192565,1.0,7.6607483e-07,7.5160165e-06,-25.939705,2.18182,0.72727334,0.264,0.008,0.13473055,11.980084,12.000085,1926400
hardzero_plus_depr__c0p50__z1p00__lam0p020__nu0p50__psi0p75,hardzero_plus_depr,0.06,34,602,0.0,2,0.18660097,0.18660097,1.0303435,0.0,0.09325163,0.0,0.0,7.4041145e-06,-27.919205,2.266801,0.7556004,0.17600001,0.0,0.16665109,12.000085,12.020085,1929600
hardzero_plus_depr__c0p50__z1p00__lam0p020__nu0p50__psi0p75,hardzero_plus_depr,0.06,34,603,0.0,2,0.18660097,0.18660176,0.9627981,0.108943634,0.108943634,1.0,7.9462177e-07,7.2938797e-06,-26.351587,2.1181982,0.7060661,0.224,0.0,0.14000477,12.020085,12.040086,1932800
hardzero_plus_depr__c0p50__z1p00__lam0p020__nu0p50__psi0p75,hardzero_plus_depr,0.06,34,604,0.0,2,0.18660176,0.18660253,0.9689274,0.10741688,0.10741688,1.0,7.7182096e-07,7.1852855e-06,-26.637598,2.1316829,0.710561,0.16000001,0.0,0.14787449,12.040086,12.060086,1936000
hardzero_plus_depr__c0p50__z1p00__lam0p020__nu0p50__psi0p75,hardzero_plus_depr,0.06,34,605,0.0,2,0.18660253,0.18660253,1.0072826,0.0,0.09833709,0.0,0.0,7.078308e-06,-27.118528,2.216066,0.73868865,0.15200001,0.0,0.14971974,12.060086,12.080087,1939200
hardzero_plus_depr__c0p50__z1p00__lam0p020__nu0p50__psi0p75,hardzero_plus_depr,0.06,34,606,0.0,2,0.18660253,0.18660323,0.99991125,0.10002043,0.10002043,1.0,6.9743476e-07,6.972923e-06,-26.692263,2.1998487,0.7332829,0.16800001,0.0,0.13972433,12.080087,12.100087,1942400
hardzero_plus_depr__c0p50__z1p00__lam0p020__nu0p50__psi0p75,hardzero_plus_depr,0.06,34,607,0.0,2,0.18660323,0.18660323,1.0332518,0.0,0.09262926,0.0,0.0,6.869108e-06,-27.993084,2.2731993,0.7577331,0.16000001,0.0,0.16032211,12.100087,12.120088,1945600
hardzero_plus_depr__c0p50__z1p00__lam0p020__nu0p50__psi0p75,hardzero_plus_depr,0.06,34,608,0.0,2,0.18660323,0.18660392,0.99554795,0.1010304,0.1010304,1.0,6.8365637e-07,6.766838e-06,-26.654825,2.1902492,0.7300831,0.120000005,0.0,0.14356996,12.120088,12.140088,1948800
hardzero_plus_depr__c0p50__z1p00__lam0p020__nu0p50__psi0p75,hardzero_plus_depr,0.06,34,609,0.0,2,0.18660392,0.18660392,1.0320259,0.0,0.09289109,0.0,0.0,6.666091e-06,-27.150043,2.2705023,0.75683415,0.128,0.0,0.15549849,12.140088,12.160089,1952000
hardzero_plus_depr__c0p50__z1p00__lam0p020__nu0p50__psi0p75,hardzero_plus_depr,0.06,34,610,0.0,2,0.18660392,0.18660392,1.0475917,0.0,0.0896207,0.0,0.0,6.5668423e-06,-28.043015,2.3047478,0.7682493,0.096,0.0,0.13995856,12.160089,12.180089,1955200
hardzero_plus_depr__c0p50__z1p00__lam0p020__nu0p50__psi0p75,hardzero_plus_depr,0.06,34,611,0.0,2,0.18660392,0.18660392,1.0581684,0.0,0.087464444,0.0,0.0,6.469073e-06,-27.441948,2.328017,0.7760057,0.16,0.0,0.15051502,12.180089,12.200089,1958400
hardzero_plus_depr__c0p50__z1p00__lam0p020__nu0p50__psi0p75,hardzero_plus_depr,0.06,34,612,0.0,2,0.18660392,0.1866046,0.97038746,0.107056364,0.107056364,1.0,6.822444e-07,6.372759e-06,-25.88324,2.134895,0.7116317,0.192,0.0,0.14126502,12.200089,12.22009,1961600
hardzero_plus_depr__c0p50__z1p00__lam0p020__nu0p50__psi0p75,hardzero_plus_depr,0.06,34,613,0.0,2,0.1866046,0.1866046,1.0330209,0.0,0.09267853,0.0,0.0,6.277879e-06,-26.927134,2.2726912,0.75756377,0.112,0.0,0.16220969,12.22009,12.24009,1964800
hardzero_plus_depr__c0p50__z1p00__lam0p020__nu0p50__psi0p75,hardzero_plus_depr,0.06,34,614,0.0,2,0.1866046,0.1866046,1.0020862,0.0,0.09952078,0.0,0.0,6.184411e-06,-26.37073,2.2046335,0.7348778,0.216,0.0,0.15377963,12.24009,12.260091,1968000
hardzero_plus_depr__c0p50__z1p00__lam0p020__nu0p50__psi0p75,hardzero_plus_depr,0.06,34,615,0.0,2,0.1866046,0.1866046,1.0494734,0.0,0.08923323,0.0,0.0,6.0923353e-06,-28.13481,2.3088877,0.76962924,0.2,0.0,0.15744336,12.260091,12.280091,1971200
hardzero_plus_depr__c0p50__z1p00__lam0p020__nu0p50__psi0p75,hardzero_plus_depr,0.06,34,616,0.0,2,0.1866046,0.1866046,1.097135,0.0,0.07995858,0.0,0.0,6.0016305e-06,-29.473267,2.4137452,0.80458176,0.17600001,0.0,0.17542443,12.280091,12.300092,1974400
hardzero_plus_depr__c0p50__z1p00__lam0p020__nu0p50__psi0p75,hardzero_plus_depr,0.06,34,617,0.0,2,0.1866046,0.1866046,1.0972588,0.0,0.07993579,0.0,0.0,5.9122754e-06,-28.967875,2.4140177,0.8046726,0.104,0.0,0.17584862,12.300092,12.320092,1977600
hardzero_plus_depr__c0p50__z1p00__lam0p020__nu0p50__psi0p75,hardzero_plus_depr,0.06,34,618,0.0,2,0.1866046,0.18660519,0.9976589,0.10054051,0.10054051,1.0,5.855732e-07,5.8242513e-06,-26.833702,2.1948934,0.73163116,0.192,0.0,0.12943092,12.320092,12.340093,1980800
hardzero_plus_depr__c0p50__z1p00__lam0p020__nu0p50__psi0p75,hardzero_plus_depr,0.06,34,619,0.0,2,0.18660519,0.18660519,1.0410784,0.0,0.09097489,0.0,0.0,5.7375373e-06,-27.873526,2.2904184,0.7634728,0.192,0.0,0.12723933,12.340093,12.360093,1984000
hardzero_plus_depr__c0p50__z1p00__lam0p020__nu0p50__psi0p75,hardzero_plus_depr,0.06,34,620,0.0,2,0.18660519,0.18660519,1.0083386,0.0,0.09809827,0.0,0.0,5.6521144e-06,-26.2319,2.218389,0.73946303,0.192,0.008,0.1680024,12.360093,12.380094,1987200
hardzero_plus_depr__c0p50__z1p00__lam0p020__nu0p50__psi0p75,hardzero_plus_depr,0.06,34,621,0.0,2,0.18660519,0.18660577,0.9817456,0.1042928,0.1042928,1.0,5.8069855e-07,5.567964e-06,-26.829,2.1598835,0.71996117,0.112,0.0,0.1373186,12.380094,12.400094,1990400
hardzero_plus_depr__c0p50__z1p00__lam0p020__nu0p50__psi0p75,hardzero_plus_depr,0.06,34,622,0.0,2,0.18660577,0.18660577,1.0188136,0.0,0.095760494,0.0,0.0,5.4850657e-06,-27.519735,2.2414346,0.7471449,0.128,0.0,0.13620237,12.400094,12.4200945,1993600
hardzero_plus_depr__c0p50__z1p00__lam0p020__nu0p50__psi0p75,hardzero_plus_depr,0.06,34,623,0.0,2,0.18660577,0.18660633,0.97727144,0.10537282,0.10537282,1.0,5.693717e-07,5.403402e-06,-25.849157,2.1500401,0.71668005,0.16000001,0.0,0.13672923,12.4200945,12.440095,1996800
hardzero_plus_depr__c0p50__z1p00__lam0p020__nu0p50__psi0p75,hardzero_plus_depr,0.06,34,624,0.0,2,0.18660633,0.18660633,1.0012045,0.0,0.099723026,0.0,0.0,5.322954e-06,-27.92034,2.202694,0.73423135,0.24,0.0,0.19398563,12.440095,12.460095,2000000
hardzero_plus_depr__c0p50__z1p00__lam0p020__nu0p50__psi0p75,hardzero_plus_depr,0.06,34,625,0.0,2,0.18660633,0.18660687,0.99455094,0.1012626,0.1012626,1.0,5.3099103e-07,5.2437035e-06,-27.172888,2.1880558,0.72935194,0.16000001,0.0,0.15583082,12.460095,12.480096,2003200
hardzero_plus_depr__c0p50__z1p00__lam0p020__nu0p50__psi0p75,hardzero_plus_depr,0.06,34,626,0.0,2,0.18660687,0.18660687,1.003431,0.0,0.09921311,0.0,0.0,5.1656334e-06,-26.717278,2.2075922,0.7358641,0.17600001,0.0,0.17660908,12.480096,12.500096,2006400
hardzero_plus_depr__c0p50__z1p00__lam0p020__nu0p50__psi0p75,hardzero_plus_depr,0.06,34,627,0.0,2,0.18660687,0.18660687,1.0171756,0.0,0.09612237,0.0,0.0,5.0887247e-06,-27.454153,2.2378309,0.74594367,0.16800001,0.0,0.15557499,12.500096,12.520097,2009600
hardzero_plus_depr__c0p50__z1p00__lam0p020__nu0p50__psi0p75,hardzero_plus_depr,0.06,34,628,0.0,2,0.18660687,0.18660739,0.98503625,0.103505574,0.103505574,1.0,5.1886957e-07,5.0129624e-06,-26.667883,2.167123,0.7223744,0.120000005,0.0,0.14010957,12.520097,12.540097,2012800
hardzero_plus_depr__c0p50__z1p00__lam0p020__nu0p50__psi0p75,hardzero_plus_depr,0.06,34,629,0.0,2,0.18660739,0.18660739,1.0002115,0.0,0.09995133,0.0,0.0,4.9383275e-06,-26.168653,2.2005093,0.7335031,0.136,0.0,0.15114993,12.540097,12.560098,2016000
hardzero_plus_depr__c0p50__z1p00__lam0p020__nu0p50__psi0p75,hardzero_plus_depr,0.06,34,630,0.0,2,0.18660739,0.18660739,1.0359831,0.0,0.09204855,0.0,0.0,4.864803e-06,-27.710365,2.2792084,0.7597362,0.112,0.0,0.1487443,12.560098,12.580098,2019200
hardzero_plus_depr__c0p50__z1p00__lam0p020__nu0p50__psi0p75,hardzero_plus_depr,0.06,34,631,0.0,2,0.18660739,0.18660739,1.0338229,0.0,0.09250753,0.0,0.0,4.7923745e-06,-27.47879,2.2744558,0.75815195,0.128,0.0,0.1595191,12.580098,12.600099,2022400
hardzero_plus_depr__c0p50__z1p00__lam0p020__nu0p50__psi0p75,hardzero_plus_depr,0.06,34,632,0.0,2,0.18660739,0.1866079,0.97287554,0.10644479,0.10644479,1.0,5.025284e-07,4.7210237e-06,-26.812376,2.140369,0.71345633,0.17600001,0.0,0.1461296,12.600099,12.620099,2025600
hardzero_plus_depr__c0p50__z1p00__lam0p020__nu0p50__psi0p75,hardzero_plus_depr,0.06,34,633,0.0,2,0.1866079,0.1866079,1.027941,0.0,0.09376893,0.0,0.0,4.6507353e-06,-27.646149,2.2615154,0.7538385,0.120000005,0.0,0.15826736,12.620099,12.6401,2028800
hardzero_plus_depr__c0p50__z1p00__lam0p020__nu0p50__psi0p75,hardzero_plus_depr,0.06,34,634,0.0,2,0.1866079,0.1866079,1.0306475,0.0,0.093186386,0.0,0.0,4.5814927e-06,-27.448732,2.26747,0.7558233,0.16000001,0.0,0.1447628,12.6401,12.6601,2032000
hardzero_plus_depr__c0p50__z1p00__lam0p020__nu0p50__psi0p75,hardzero_plus_depr,0.06,34,635,0.0,2,0.1866079,0.1866079,1.0019594,0.0,0.09954983,0.0,0.0,4.513282e-06,-26.464272,2.2043548,0.73478496,0.17600001,0.0,0.13176683,12.6601,12.6801,2035200
hardzero_plus_depr__c0p50__z1p00__lam0p020__nu0p50__psi0p75,hardzero_plus_depr,0.06,34,636,0.0,2,0.1866079,0.18660836,0.97816217,0.105156906,0.105156906,1.0,4.6753672e-07,4.4460867e-06,-26.885498,2.1519997,0.71733326,0.16000001,0.0,0.15755476,12.6801,12.700101,2038400
hardzero_plus_depr__c0p50__z1p00__lam0p020__nu0p50__psi0p75,hardzero_plus_depr,0.06,34,637,0.0,2,0.18660836,0.18660885,0.9546862,0.110997654,0.110997654,1.0,4.8615766e-07,4.3798914e-06,-26.525665,2.1003516,0.70011723,0.17999999,0.0,0.16950905,12.700101,12.720101,2041600
hardzero_plus_depr__c0p50__z1p00__lam0p020__nu0p50__psi0p75,hardzero_plus_depr,0.06,34,638,0.0,2,0.18660885,0.18660931,0.971492,0.10678444,0.10678444,1.0,4.607409e-07,4.314682e-06,-26.891888,2.137325,0.7124417,0.224,0.0,0.16157866,12.720101,12.740102,2044800
hardzero_plus_depr__c0p50__z1p00__lam0p020__nu0p50__psi0p75,hardzero_plus_depr,0.06,34,639,0.0,2,0.18660931,0.18660975,0.99804914,0.10045021,0.10045021,1.0,4.2695788e-07,4.250443e-06,-27.014751,2.195752,0.7319173,0.2,0.0,0.15324843,12.740102,12.760102,2048000
hardzero_plus_depr__c0p50__z1p00__lam0p020__nu0p50__psi0p75,hardzero_plus_depr,0.06,34,640,0.0,2,0.18660975,0.18660975,1.0738262,0.0,0.08436724,0.0,0.0,4.187161e-06,-28.45571,2.362465,0.78748834,0.14400001,0.0,0.1639255,12.760102,12.780103,2051200
hardzero_plus_depr__c0p50__z1p00__lam0p020__nu0p50__psi0p75,hardzero_plus_depr,0.06,34,641,0.0,2,0.18660975,0.18661018,0.9755811,0.10578372,0.10578372,1.0,4.3633887e-07,4.1248204e-06,-26.71009,2.1463213,0.71544045,0.2,0.0,0.14669709,12.780103,12.800103,2054400
hardzero_plus_depr__c0p50__z1p00__lam0p020__nu0p50__psi0p75,hardzero_plus_depr,0.06,34,642,0.0,2,0.18661018,0.18661062,0.9621024,0.1091183,0.1091183,1.0,4.4339222e-07,4.0634086e-06,-26.406849,2.1166675,0.70555586,0.208,0.008,0.16137697,12.800103,12.820104,2057600
hardzero_plus_depr__c0p50__z1p00__lam0p020__nu0p50__psi0p75,hardzero_plus_depr,0.06,34,643,0.0,2,0.18661062,0.18661104,0.9888715,0.10259554,0.10259554,1.0,4.1068083e-07,4.0029113e-06,-26.625107,2.1755607,0.72518694,0.18400002,0.0,0.14034012,12.820104,12.840104,2060800
hardzero_plus_depr__c0p50__z1p00__lam0p020__nu0p50__psi0p75,hardzero_plus_depr,0.06,34,644,0.0,2,0.18661104,0.18661104,1.0134592,0.0,0.096948415,0.0,0.0,3.943314e-06,-26.904139,2.2296548,0.7432183,0.14400001,0.0,0.14724353,12.840104,12.860105,2064000
hardzero_plus_depr__c0p50__z1p00__lam0p020__nu0p50__psi0p75,hardzero_plus_depr,0.06,34,645,0.0,2,0.18661104,0.18661104,1.0318173,0.0,0.092935726,0.0,0.0,3.8846047e-06,-27.695814,2.2700434,0.75668114,0.2,0.0,0.16399494,12.860105,12.880105,2067200
hardzero_plus_depr__c0p50__z1p00__lam0p020__nu0p50__psi0p75,hardzero_plus_depr,0.06,34,646,0.0,2,0.18661104,0.18661104,1.0056305,0.0,0.09871189,0.0,0.0,3.826769e-06,-26.822243,2.2124312,0.73747706,0.08800001,0.0,0.14203538,12.880105,12.900105,2070400
hardzero_plus_depr__c0p50__z1p00__lam0p020__nu0p50__psi0p75,hardzero_plus_depr,0.06,34,647,0.0,2,0.18661104,0.18661104,1.0063115,0.0,0.09855723,0.0,0.0,3.7697944e-06,-26.684433,2.2139297,0.73797655,0.16800001,0.0,0.13773346,12.900105,12.920106,2073600
hardzero_plus_depr__c0p50__z1p00__lam0p020__nu0p50__psi0p75,hardzero_plus_depr,0.06,34,648,0.0,2,0.18661104,0.18661104,1.0158373,0.0,0.09641901,0.0,0.0,3.713668e-06,-27.26157,2.2348866,0.7449622,0.112,0.0,0.12923068,12.920106,12.940106,2076800
hardzero_plus_depr__c0p50__z1p00__lam0p020__nu0p50__psi0p75,hardzero_plus_depr,0.06,34,649,0.0,2,0.18661104,0.18661104,1.0082458,0.0,0.09811924,0.0,0.0,3.6583779e-06,-27.366856,2.2181852,0.7393951,0.16800001,0.0,0.15307702,12.940106,12.960107,2080000
hardzero_plus_depr__c0p50__z1p00__lam0p020__nu0p50__psi0p75,hardzero_plus_depr,0.06,34,650,0.0,2,0.18661104,0.18661104,1.0029181,0.0,0.09933034,0.0,0.0,3.60391e-06,-28.134844,2.206464,0.73548806,0.13,0.0,0.1677531,12.960107,12.980107,2083200
hardzero_plus_depr__c0p50__z1p00__lam0p020__nu0p50__psi0p75,hardzero_plus_depr,0.06,34,651,0.0,2,0.18661104,0.18661141,0.9826937,0.10406539,0.10406539,1.0,3.6945855e-07,3.550254e-06,-26.027328,2.1619692,0.7206564,0.14400001,0.0,0.1503998,12.980107,13.000108,2086400
hardzero_plus_depr__c0p50__z1p00__lam0p020__nu0p50__psi0p75,hardzero_plus_depr,0.06,34,652,0.0,2,0.18661141,0.18661141,1.0464845,0.0,0.08984947,0.0,0.0,3.4973964e-06,-27.467834,2.302312,0.76743734,0.136,0.0,0.17051008,13.000108,13.020108,2089600
hardzero_plus_depr__c0p50__z1p00__lam0p020__nu0p50__psi0p75,hardzero_plus_depr,0.06,34,653,0.0,2,0.18661141,0.18661141,1.0194558,0.0,0.095619,0.0,0.0,3.4453258e-06,-27.159302,2.2428474,0.7476158,0.15200001,0.0,0.13984445,13.020108,13.040109,2092800
hardzero_plus_depr__c0p50__z1p00__lam0p020__nu0p50__psi0p75,hardzero_plus_depr,0.06,34,654,0.0,2,0.18661141,0.18661176,0.9953764,0.10107029,0.10107029,1.0,3.4303565e-07,3.3940305e-06,-27.803116,2.1898718,0.7299573,0.15200001,0.0,0.14479665,13.040109,13.060109,2096000
hardzero_plus_depr__c0p50__z1p00__lam0p020__nu0p50__psi0p75,hardzero_plus_depr,0.06,34,655,0.0,2,0.18661176,0.18661176,1.0191448,0.0,0.0956875,0.0,0.0,3.3434985e-06,-27.537653,2.2421632,0.74738777,0.16800001,0.0,0.15589656,13.060109,13.08011,2099200
hardzero_plus_depr__c0p50__z1p00__lam0p020__nu0p50__psi0p75,hardzero_plus_depr,0.06,34,656,0.0,2,0.18661176,0.1866121,0.9741952,0.106121846,0.106121846,1.0,3.4953555e-07,3.2937191e-06,-25.788754,2.1432722,0.7144241,0.2,0.0,0.17046745,13.08011,13.10011,2102400
hardzero_plus_depr__c0p50__z1p00__lam0p020__nu0p50__psi0p75,hardzero_plus_depr,0.06,34,657,0.0,2,0.1866121,0.1866121,1.0483246,0.0,0.08946959,0.0,0.0,3.244681e-06,-27.521482,2.3063602,0.7687868,0.15200001,0.0,0.15608066,13.10011,13.1201105,2105600
hardzero_plus_depr__c0p50__z1p00__lam0p020__nu0p50__psi0p75,hardzero_plus_depr,0.06,34,658,0.0,2,0.1866121,0.1866121,1.0540142,0.0,0.0883051,0.0,0.0,3.196373e-06,-27.493572,2.3188775,0.7729592,0.128,0.0,0.16787572,13.1201105,13.140111,2108800
hardzero_plus_depr__c0p50__z1p00__lam0p020__nu0p50__psi0p75,hardzero_plus_depr,0.06,34,659,0.0,2,0.1866121,0.1866121,1.0427408,0.0,0.09062732,0.0,0.0,3.1487841e-06,-28.148312,2.2940757,0.76469195,0.16800001,0.0,0.15148623,13.140111,13.160111,2112000
hardzero_plus_depr__c0p50__z1p00__lam0p020__nu0p50__psi0p75,hardzero_plus_depr,0.06,34,660,0.0,2,0.1866121,0.1866121,1.0295527,0.0,0.09342161,0.0,0.0,3.1019038e-06,-26.735146,2.2650611,0.7550204,0.16800001,0.0,0.13415083,13.160111,13.180112,2115200
hardzero_plus_depr__c0p50__z1p00__lam0p020__nu0p50__psi0p75,hardzero_plus_depr,0.06,34,661,0.0,2,0.1866121,0.1866121,1.0021944,0.0,0.09949599,0.0,0.0,3.0557212e-06,-27.02113,2.2048717,0.7349572,0.15200001,0.0,0.12832727,13.180112,13.200112,2118400
hardzero_plus_depr__c0p50__z1p00__lam0p020__nu0p50__psi0p75,hardzero_plus_depr,0.06,34,662,0.0,2,0.1866121,0.1866121,1.0003182,0.0,0.09992676,0.0,0.0,3.0102267e-06,-27.125504,2.200744,0.7335813,0.16000001,0.0,0.14366561,13.200112,13.220113,2121600
hardzero_plus_depr__c0p50__z1p00__lam0p020__nu0p50__psi0p75,hardzero_plus_depr,0.06,34,663,0.0,2,0.1866121,0.18661241,0.9730452,0.10640323,0.10640323,1.0,3.1552912e-07,2.9654093e-06,-26.48247,2.140742,0.7135807,0.25,0.0,0.14353676,13.220113,13.240113,2124800
hardzero_plus_depr__c0p50__z1p00__lam0p020__nu0p50__psi0p75,hardzero_plus_depr,0.06,34,664,0.0,2,0.18661241,0.18661241,1.0287126,0.0,0.093602486,0.0,0.0,2.921259e-06,-27.659653,2.263213,0.7544043,0.112,0.0,0.11809611,13.240113,13.260114,2128000
hardzero_plus_depr__c0p50__z1p00__lam0p020__nu0p50__psi0p75,hardzero_plus_depr,0.06,34,665,0.0,2,0.18661241,0.18661241,1.0347809,0.0,0.09230369,0.0,0.0,2.877766e-06,-27.238508,2.2765634,0.7588545,0.16000001,0.0,0.16027917,13.260114,13.280114,2131200
hardzero_plus_depr__c0p50__z1p00__lam0p020__nu0p50__psi0p75,hardzero_plus_depr,0.06,34,666,0.0,2,0.18661241,0.1866127,0.9980244,0.10045594,0.10045594,1.0,2.8478462e-07,2.8349207e-06,-26.82377,2.1956975,0.7318992,0.18400002,0.008,0.15900864,13.280114,13.300115,2134400
hardzero_plus_depr__c0p50__z1p00__lam0p020__nu0p50__psi0p75,hardzero_plus_depr,0.06,34,667,0.0,2,0.1866127,0.1866127,1.0190613,0.0,0.0957059,0.0,0.0,2.7927133e-06,-26.64487,2.2419796,0.74732655,0.08800001,0.0,0.123700336,13.300115,13.320115,2137600
hardzero_plus_depr__c0p50__z1p00__lam0p020__nu0p50__psi0p75,hardzero_plus_depr,0.06,34,668,0.0,2,0.1866127,0.18661301,0.9501275,0.11216891,0.11216891,1.0,3.0859175e-07,2.7511344e-06,-26.05989,2.0903223,0.6967741,0.192,0.0,0.15295957,13.320115,13.340116,2140800
hardzero_plus_depr__c0p50__z1p00__lam0p020__nu0p50__psi0p75,hardzero_plus_depr,0.06,34,669,0.0,2,0.18661301,0.18661329,0.9713333,0.10682345,0.10682345,1.0,2.8951018e-07,2.7101744e-06,-26.296646,2.136976,0.71232533,0.208,0.008,0.13015613,13.340116,13.360116,2144000
hardzero_plus_depr__c0p50__z1p00__lam0p020__nu0p50__psi0p75,hardzero_plus_depr,0.06,34,670,0.0,2,0.18661329,0.18661356,0.99704486,0.100682765,0.100682765,1.0,2.6880525e-07,2.669824e-06,-26.446503,2.1935425,0.73118085,0.128,0.0,0.12597221,13.360116,13.380116,2147200
hardzero_plus_depr__c0p50__z1p00__lam0p020__nu0p50__psi0p75,hardzero_plus_depr,0.06,34,671,0.0,2,0.18661356,0.18661356,1.0305468,0.0,0.093208,0.0,0.0,2.6300747e-06,-27.16327,2.2672482,0.7557494,0.14400001,0.0,0.14500292,13.380116,13.400117,2150400
hardzero_plus_depr__c0p50__z1p00__lam0p020__nu0p50__psi0p75,hardzero_plus_depr,0.06,34,672,0.0,2,0.18661356,0.18661356,1.0209255,0.0,0.095295966,0.0,0.0,2.5909171e-06,-27.369781,2.246081,0.7486937,0.128,0.0,0.16897933,13.400117,13.420117,2153600
hardzero_plus_depr__c0p50__z1p00__lam0p020__nu0p50__psi0p75,hardzero_plus_depr,0.06,34,673,0.0,2,0.18661356,0.18661381,0.9987239,0.100294255,0.100294255,1.0,2.5598527e-07,2.5523423e-06,-27.365602,2.1972365,0.7324122,0.16000001,0.0,0.14601363,13.420117,13.440118,2156800
hardzero_plus_depr__c0p50__z1p00__lam0p020__nu0p50__psi0p75,hardzero_plus_depr,0.06,34,674,0.0,2,0.18661381,0.18661407,0.98937863,0.1024758,0.1024758,1.0,2.5765922e-07,2.5143422e-06,-27.054485,2.1766765,0.7255589,0.16000001,0.008,0.14577484,13.440118,13.460118,2160000
hardzero_plus_depr__c0p50__z1p00__lam0p020__nu0p50__psi0p75,hardzero_plus_depr,0.06,34,675,0.0,2,0.18661407,0.18661407,1.011646,0.0,0.09735404,0.0,0.0,2.4769076e-06,-26.740635,2.2256658,0.74188864,0.128,0.0,0.1434039,13.460118,13.480119,2163200
hardzero_plus_depr__c0p50__z1p00__lam0p020__nu0p50__psi0p75,hardzero_plus_depr,0.06,34,676,0.0,2,0.18661407,0.18661432,0.9958763,0.10095404,0.10095404,1.0,2.4633093e-07,2.4400304e-06,-26.55686,2.1909716,0.7303239,0.14,0.0,0.12231949,13.480119,13.500119,2166400
hardzero_plus_depr__c0p50__z1p00__lam0p020__nu0p50__psi0p75,hardzero_plus_depr,0.06,34,677,0.0,2,0.18661432,0.18661456,0.99728,0.100628264,0.100628264,1.0,2.418804e-07,2.4037024e-06,-26.373075,2.1940598,0.7313533,0.17600001,0.0,0.13933843,13.500119,13.52012,2169600
hardzero_plus_depr__c0p50__z1p00__lam0p020__nu0p50__psi0p75,hardzero_plus_depr,0.06,34,678,0.0,2,0.18661456,0.18661456,1.0117733,0.0,0.0973255,0.0,0.0,2.367915e-06,-27.903612,2.2259457,0.7419819,0.16000001,0.0,0.1697348,13.52012,13.54012,2172800
hardzero_plus_depr__c0p50__z1p00__lam0p020__nu0p50__psi0p75,hardzero_plus_depr,0.06,34,679,0.0,2,0.18661456,0.1866148,0.9794216,0.10485241,0.10485241,1.0,2.4458507e-07,2.3326604e-06,-25.857876,2.1547706,0.7182569,0.17600001,0.0,0.13863331,13.54012,13.560121,2176000
hardzero_plus_depr__c0p50__z1p00__lam0p020__nu0p50__psi0p75,hardzero_plus_depr,0.06,34,680,0.0,2,0.1866148,0.1866148,1.0036612,0.0,0.09916054,0.0,0.0,2.297931e-06,-27.331356,2.2080986,0.7360329,0.120000005,0.0,0.15966919,13.560121,13.580121,2179200
hardzero_plus_depr__c0p50__z1p00__lam0p020__nu0p50__psi0p75,hardzero_plus_depr,0.06,34,681,0.0,2,0.1866148,0.1866148,1.0024192,0.0,0.0994445,0.0,0.0,2.2637184e-06,-26.948345,2.2053664,0.73512214,0.15200001,0.0,0.14069612,13.580121,13.6001215,2182400
hardzero_plus_depr__c0p50__z1p00__lam0p020__nu0p50__psi0p75,hardzero_plus_depr,0.06,34,682,0.0,2,0.1866148,0.1866148,1.0260478,0.0,0.09417859,0.0,0.0,2.2300153e-06,-27.129267,2.2573502,0.7524501,0.16000001,0.0,0.13955468,13.6001215,13.620122,2185600
hardzero_plus_depr__c0p50__z1p00__lam0p020__nu0p50__psi0p75,hardzero_plus_depr,0.06,34,683,0.0,2,0.1866148,0.1866148,1.0335721,0.0,0.092560984,0.0,0.0,2.1968137e-06,-26.952435,2.273904,0.75796807,0.17600001,0.0,0.1719075,13.620122,13.640122,2188800
hardzero_plus_depr__c0p50__z1p00__lam0p020__nu0p50__psi0p75,hardzero_plus_depr,0.06,34,684,0.0,2,0.1866148,0.18661505,0.9386322,0.11517752,0.11517752,1.0,2.4925646e-07,2.164107e-06,-25.38163,2.065032,0.688344,0.216,0.0,0.14503475,13.640122,13.660123,2192000
hardzero_plus_depr__c0p50__z1p00__lam0p020__nu0p50__psi0p75,hardzero_plus_depr,0.06,34,685,0.0,2,0.18661505,0.18661505,1.0077041,0.0,0.09824169,0.0,0.0,2.1318867e-06,-27.330193,2.2169933,0.7389978,0.24000001,0.0,0.14761376,13.660123,13.680123,2195200
hardzero_plus_depr__c0p50__z1p00__lam0p020__nu0p50__psi0p75,hardzero_plus_depr,0.06,34,686,0.0,2,0.18661505,0.18661505,1.0020646,0.0,0.09952574,0.0,0.0,2.1001465e-06,-26.646137,2.204586,0.734862,0.16800001,0.0,0.13079014,13.680123,13.700124,2198400
hardzero_plus_depr__c0p50__z1p00__lam0p020__nu0p50__psi0p75,hardzero_plus_depr,0.06,34,687,0.0,2,0.18661505,0.18661529,0.9394177,0.1149694,0.1149694,1.0,2.3785775e-07,2.0688788e-06,-25.513514,2.0667603,0.68892014,0.192,0.0,0.11580849,13.700124,13.720124,2201600
hardzero_plus_depr__c0p50__z1p00__lam0p020__nu0p50__psi0p75,hardzero_plus_depr,0.06,34,688,0.0,2,0.18661529,0.18661529,1.0584595,0.0,0.08740584,0.0,0.0,2.0380762e-06,-27.599344,2.3286574,0.7762191,0.104,0.0,0.14556547,13.720124,13.740125,2204800
hardzero_plus_depr__c0p50__z1p00__lam0p020__nu0p50__psi0p75,hardzero_plus_depr,0.06,34,689,0.0,2,0.18661529,0.18661529,1.0256495,0.0,0.094264984,0.0,0.0,2.0077325e-06,-27.01062,2.256474,0.75215805,0.14999999,0.0,0.15239044,13.740125,13.760125,2208000
hardzero_plus_depr__c0p50__z1p00__lam0p020__nu0p50__psi0p75,hardzero_plus_depr,0.06,34,690,0.0,2,0.18661529,0.18661551,0.9475841,0.11282773,0.11282773,1.0,2.231553e-07,1.9778408e-06,-25.342823,2.0847266,0.69490886,0.136,0.0,0.12920657,13.760125,13.780126,2211200
hardzero_plus_depr__c0p50__z1p00__lam0p020__nu0p50__psi0p75,hardzero_plus_depr,0.06,34,691,0.0,2,0.18661551,0.18661572,0.9714174,0.10680277,0.10680277,1.0,2.0809387e-07,1.948394e-06,-25.143517,2.137161,0.712387,0.128,0.0,0.1478942,13.780126,13.800126,2214400
hardzero_plus_depr__c0p50__z1p00__lam0p020__nu0p50__psi0p75,hardzero_plus_depr,0.06,34,692,0.0,2,0.18661572,0.18661572,1.053324,0.0,0.08844556,0.0,0.0,1.9193856e-06,-27.592701,2.317359,0.772453,0.096,0.0,0.16905268,13.800126,13.820127,2217600
hardzero_plus_depr__c0p50__z1p00__lam0p020__nu0p50__psi0p75,hardzero_plus_depr,0.06,34,693,0.0,2,0.18661572,0.18661572,1.035686,0.0,0.092111535,0.0,0.0,1.8908087e-06,-27.791323,2.2785547,0.75951827,0.16800001,0.0,0.164031,13.820127,13.840127,2220800
hardzero_plus_depr__c0p50__z1p00__lam0p020__nu0p50__psi0p75,hardzero_plus_depr,0.06,34,694,0.0,2,0.18661572,0.18661593,0.95097786,0.11194949,0.11194949,1.0,2.0852357e-07,1.8626577e-06,-25.520803,2.0921931,0.6973977,0.15200001,0.0,0.14896953,13.840127,13.860127,2224000
hardzero_plus_depr__c0p50__z1p00__lam0p020__nu0p50__psi0p75,hardzero_plus_depr,0.06,34,695,0.0,2,0.18661593,0.18661593,1.0333027,0.0,0.092618406,0.0,0.0,1.8349258e-06,-27.200876,2.2733114,0.7577705,0.112,0.0,0.1430037,13.860127,13.880128,2227200
hardzero_plus_depr__c0p50__z1p00__lam0p020__nu0p50__psi0p75,hardzero_plus_depr,0.06,34,696,0.0,2,0.18661593,0.18661593,1.0425439,0.0,0.090668425,0.0,0.0,1.8076066e-06,-28.196152,2.2936423,0.76454747,0.17600001,0.0,0.14596154,13.880128,13.900128,2230400
hardzero_plus_depr__c0p50__z1p00__lam0p020__nu0p50__psi0p75,hardzero_plus_depr,0.06,34,697,0.0,2,0.18661593,0.18661612,0.9560486,0.11064998,0.11064998,1.0,1.9703378e-07,1.7806942e-06,-26.12404,2.103349,0.7011163,0.208,0.0,0.124382734,13.900128,13.920129,2233600
hardzero_plus_depr__c0p50__z1p00__lam0p020__nu0p50__psi0p75,hardzero_plus_depr,0.06,34,698,0.0,2,0.18661612,0.1866163,0.9957547,0.10098231,0.10098231,1.0,1.7714142e-07,1.7541827e-06,-26.429132,2.190704,0.73023474,0.136,0.0,0.13412367,13.920129,13.940129,2236800
hardzero_plus_depr__c0p50__z1p00__lam0p020__nu0p50__psi0p75,hardzero_plus_depr,0.06,34,699,0.0,2,0.1866163,0.1866163,1.0217841,0.0,0.09510775,0.0,0.0,1.7280657e-06,-27.906847,2.2479699,0.7493233,0.16000001,0.0,0.13644527,13.940129,13.96013,2240000
hardzero_plus_depr__c0p50__z1p00__lam0p020__nu0p50__psi0p75,hardzero_plus_depr,0.06,34,700,0.0,2,0.1866163,0.1866163,1.038117,0.0,0.09159735,0.0,0.0,1.7023374e-06,-27.555973,2.2839031,0.76130104,0.192,0.0,0.15150641,13.96013,13.98013,2243200
hardzero_plus_depr__c0p50__z1p00__lam0p020__nu0p50__psi0p75,hardzero_plus_depr,0.06,34,701,0.0,2,0.1866163,0.1866163,1.050198,0.0,0.089084476,0.0,0.0,1.6769923e-06,-28.234652,2.3104815,0.77016056,0.15200001,0.0,0.16192737,13.98013,14.000131,2246400
hardzero_plus_depr__c0p50__z1p00__lam0p020__nu0p50__psi0p75,hardzero_plus_depr,0.06,34,702,0.0,2,0.1866163,0.1866163,1.0070502,0.0,0.09838973,0.0,0.0,1.6520246e-06,-26.325293,2.2155547,0.73851824,0.19,0.0,0.1330481,14.000131,14.020131,2249600
hardzero_plus_depr__c0p50__z1p00__lam0p020__nu0p50__psi0p75,hardzero_plus_depr,0.06,34,703,0.0,2,0.1866163,0.1866163,1.0112185,0.0,0.097449906,0.0,0.0,1.6274288e-06,-26.624813,2.2247252,0.7415751,0.16000001,0.0,0.14254285,14.020131,14.040132,2252800
hardzero_plus_depr__c0p50__z1p00__lam0p020__nu0p50__psi0p75,hardzero_plus_depr,0.06,34,704,0.0,2,0.1866163,0.18661647,0.9768342,0.105478965,0.105478965,1.0,1.6910377e-07,1.6031989e-06,-27.031586,2.1490781,0.7163594,0.24000001,0.016,0.15996283,14.040132,14.060132,2256000
hardzero_plus_depr__c0p50__z1p00__lam0p020__nu0p50__psi0p75,hardzero_plus_depr,0.06,34,705,0.0,2,0.18661647,0.18661663,0.9949608,0.10116707,0.10116707,1.0,1.5977615e-07,1.5793297e-06,-26.885532,2.1889575,0.7296525,0.192,0.0,0.12985454,14.060132,14.0801325,2259200
hardzero_plus_depr__c0p50__z1p00__lam0p020__nu0p50__psi0p75,hardzero_plus_depr,0.06,34,706,0.0,2,0.18661663,0.1866168,0.9867122,0.10310691,0.10310691,1.0,1.6041538e-07,1.5558161e-06,-27.196156,2.1708102,0.7236034,0.17600001,0.0,0.14984603,14.0801325,14.100133,2262400
hardzero_plus_depr__c0p50__z1p00__lam0p020__nu0p50__psi0p75,hardzero_plus_depr,0.06,34,707,0.0,2,0.1866168,0.18661696,0.95336086,0.11133691,0.11133691,1.0,1.706408e-07,1.5326526e-06,-25.73425,2.0974357,0.69914526,0.24800001,0.0,0.13867038,14.100133,14.120133,2265600
hardzero_plus_depr__c0p50__z1p00__lam0p020__nu0p50__psi0p75,hardzero_plus_depr,0.06,34,708,0.0,2,0.18661696,0.18661696,1.0160307,0.0,0.0963761,0.0,0.0,1.5098339e-06,-26.644203,2.235312,0.745104,0.15200001,0.0,0.13841966,14.120133,14.140134,2268800
hardzero_plus_depr__c0p50__z1p00__lam0p020__nu0p50__psi0p75,hardzero_plus_depr,0.06,34,709,0.0,2,0.18661696,0.18661712,0.962714,0.10896473,0.10896473,1.0,1.6206921e-07,1.4873548e-06,-25.641668,2.1180131,0.7060044,0.18400002,0.0,0.12840945,14.140134,14.160134,2272000
hardzero_plus_depr__c0p50__z1p00__lam0p020__nu0p50__psi0p75,hardzero_plus_depr,0.06,34,710,0.0,2,0.18661712,0.18661727,0.99721706,0.100642845,0.100642845,1.0,1.4746294e-07,1.4652104e-06,-27.154667,2.1939213,0.73130715,0.16800001,0.0,0.14907779,14.160134,14.180135,2275200
hardzero_plus_depr__c0p50__z1p00__lam0p020__nu0p50__psi0p75,hardzero_plus_depr,0.06,34,711,0.0,2,0.18661727,0.18661743,0.960479,0.10952693,0.10952693,1.0,1.5809071e-07,1.4433958e-06,-25.583132,2.113096,0.7043654,0.16000001,0.0,0.11806297,14.180135,14.200135,2278400
hardzero_plus_depr__c0p50__z1p00__lam0p020__nu0p50__psi0p75,hardzero_plus_depr,0.06,34,712,0.0,2,0.18661743,0.18661758,0.96573615,0.1082091,0.1082091,1.0,1.5386317e-07,1.421906e-06,-26.179749,2.124662,0.70822066,0.128,0.0,0.14930606,14.200135,14.220136,2281600
hardzero_plus_depr__c0p50__z1p00__lam0p020__nu0p50__psi0p75,hardzero_plus_depr,0.06,34,713,0.0,2,0.18661758,0.18661758,1.0529473,0.0,0.08852231,0.0,0.0,1.4007361e-06,-28.728687,2.3165302,0.77217674,0.08800001,0.0,0.17483905,14.220136,14.240136,2284800
hardzero_plus_depr__c0p50__z1p00__lam0p020__nu0p50__psi0p75,hardzero_plus_depr,0.06,34,714,0.0,2,0.18661758,0.18661758,1.0024943,0.0,0.0994273,0.0,0.0,1.3798814e-06,-26.994484,2.2055316,0.7351772,0.192,0.0,0.14897086,14.240136,14.260137,2288000
hardzero_plus_depr__c0p50__z1p00__lam0p020__nu0p50__psi0p75,hardzero_plus_depr,0.06,34,715,0.0,2,0.18661758,0.18661772,0.9961469,0.10089115,0.10089115,1.0,1.3714508e-07,1.359337e-06,-27.15207,2.191567,0.73052233,0.12,0.0,0.14089432,14.260137,14.280137,2291200
hardzero_plus_depr__c0p50__z1p00__lam0p020__nu0p50__psi0p75,hardzero_plus_depr,0.06,34,716,0.0,2,0.18661772,0.18661787,0.94482625,0.1135465,0.1135465,1.0,1.5204998e-07,1.3390987e-06,-25.96166,2.0786593,0.6928865,0.17600001,0.0,0.13387607,14.280137,14.3001375,2294400
hardzero_plus_depr__c0p50__z1p00__lam0p020__nu0p50__psi0p75,hardzero_plus_depr,0.06,34,717,0.0,2,0.18661787,0.18661787,1.0722747,0.0,0.08466917,0.0,0.0,1.3191618e-06,-28.64325,2.3590515,0.7863505,0.224,0.0,0.15243673,14.3001375,14.320138,2297600
hardzero_plus_depr__c0p50__z1p00__lam0p020__nu0p50__psi0p75,hardzero_plus_depr,0.06,34,718,0.0,2,0.18661787,0.186618,0.9736234,0.10626165,0.10626165,1.0,1.3808929e-07,1.2995215e-06,-26.058825,2.1420143,0.71400476,0.208,0.0,0.15931678,14.320138,14.340138,2300800
hardzero_plus_depr__c0p50__z1p00__lam0p020__nu0p50__psi0p75,hardzero_plus_depr,0.06,34,719,0.0,2,0.186618,0.186618,1.0442078,0.0,0.090321705,0.0,0.0,1.2801736e-06,-28.014494,2.297303,0.7657677,0.14400001,0.0,0.15120062,14.340138,14.360139,2304000
hardzero_plus_depr__c0p50__z1p00__lam0p020__nu0p50__psi0p75,hardzero_plus_depr,0.06,34,720,0.0,2,0.186618,0.186618,1.0485669,0.0,0.08941967,0.0,0.0,1.261114e-06,-27.754236,2.3068933,0.76896447,0.14400001,0.0,0.14053248,14.360139,14.380139,2307200
hardzero_plus_depr__c0p50__z1p00__lam0p020__nu0p50__psi0p75,hardzero_plus_depr,0.06,34,721,0.0,2,0.186618,0.186618,1.0231596,0.0,0.09480698,0.0,0.0,1.2423379e-06,-27.27223,2.250996,0.75033206,0.120000005,0.0,0.16071798,14.380139,14.40014,2310400
hardzero_plus_depr__c0p50__z1p00__lam0p020__nu0p50__psi0p75,hardzero_plus_depr,0.06,34,722,0.0,2,0.186618,0.186618,1.0079834,0.0,0.09817853,0.0,0.0,1.2238415e-06,-26.93864,2.2176077,0.7392026,0.16800001,0.0,0.16798048,14.40014,14.42014,2313600
hardzero_plus_depr__c0p50__z1p00__lam0p020__nu0p50__psi0p75,hardzero_plus_depr,0.06,34,723,0.0,2,0.186618,0.186618,1.0380224,0.0,0.091617316,0.0,0.0,1.2056205e-06,-27.392494,2.283695,0.76123166,0.16800001,0.0,0.16708755,14.42014,14.440141,2316800
hardzero_plus_depr__c0p50__z1p00__lam0p020__nu0p50__psi0p75,hardzero_plus_depr,0.06,34,724,0.0,2,0.186618,0.18661812,0.9909661,0.10210191,0.10210191,1.0,1.2126344e-07,1.1876707e-06,-27.137655,2.1801689,0.72672296,0.16800001,0.0,0.13883054,14.440141,14.460141,2320000
hardzero_plus_depr__c0p50__z1p00__lam0p020__nu0p50__psi0p75,hardzero_plus_depr,0.06,34,725,0.0,2,0.18661812,0.18661812,1.0019482,0.0,0.09955239,0.0,0.0,1.1699883e-06,-26.989162,2.2043302,0.73477674,0.16800001,0.0,0.12163717,14.460141,14.480142,2323200
hardzero_plus_depr__c0p50__z1p00__lam0p020__nu0p50__psi0p75,hardzero_plus_depr,0.06,34,726,0.0,2,0.18661812,0.18661812,1.0293313,0.0,0.09346924,0.0,0.0,1.152569e-06,-27.514235,2.264574,0.754858,0.128,0.0,0.17539856,14.480142,14.500142,2326400
hardzero_plus_depr__c0p50__z1p00__lam0p020__nu0p50__psi0p75,hardzero_plus_depr,0.06,34,727,0.0,2,0.18661812,0.18661824,0.997891,0.100486785,0.100486785,1.0,1.1409362e-07,1.1354092e-06,-26.3294,2.195404,0.7318014,0.16000001,0.0,0.14248236,14.500142,14.520143,2329600
hardzero_plus_depr__c0p50__z1p00__lam0p020__nu0p50__psi0p75,hardzero_plus_depr,0.06,34,728,0.0,2,0.18661824,0.18661824,1.0328368,0.0,0.09271783,0.0,0.0,1.1185047e-06,-27.207766,2.2722864,0.7574288,0.12,0.0,0.15027046,14.520143,14.540143,2332800
hardzero_plus_depr__c0p50__z1p00__lam0p020__nu0p50__psi0p75,hardzero_plus_depr,0.06,34,729,0.0,2,0.18661824,0.18661824,1.0662925,0.0,0.08584351,0.0,0.0,1.1018519e-06,-28.394585,2.3458903,0.78196347,0.15200001,0.0,0.1386911,14.540143,14.560143,2336000
hardzero_plus_depr__c0p50__z1p00__lam0p020__nu0p50__psi0p75,hardzero_plus_depr,0.06,34,730,0.0,2,0.18661824,0.18661834,0.99503773,0.10114915,0.10114915,1.0,1.09792055e-07,1.0854471e-06,-26.843615,2.1891267,0.7297089,0.216,0.0,0.13910326,14.560143,14.580144,2339200
hardzero_plus_depr__c0p50__z1p00__lam0p020__nu0p50__psi0p75,hardzero_plus_depr,0.06,34,731,0.0,2,0.18661834,0.18661846,0.97349596,0.10629284,0.10629284,1.0,1.136575e-07,1.0692866e-06,-26.025215,2.141734,0.7139113,0.17600001,0.0,0.12645432,14.580144,14.600144,2342400
hardzero_plus_depr__c0p50__z1p00__lam0p020__nu0p50__psi0p75,hardzero_plus_depr,0.06,34,732,0.0,2,0.18661846,0.18661858,0.96112686,0.10936369,0.10936369,1.0,1.15200066e-07,1.0533666e-06,-26.18867,2.1145213,0.7048404,0.18400002,0.0,0.13671823,14.600144,14.620145,2345600
hardzero_plus_depr__c0p50__z1p00__lam0p020__nu0p50__psi0p75,hardzero_plus_depr,0.06,34,733,0.0,2,0.18661858,0.18661858,1.0454143,0.0,0.09007114,0.0,0.0,1.0376837e-06,-27.42008,2.2999575,0.7666525,0.15200001,0.0,0.20086306,14.620145,14.640145,2348800
hardzero_plus_depr__c0p50__z1p00__lam0p020__nu0p50__psi0p75,hardzero_plus_depr,0.06,34,734,0.0,2,0.18661858,0.1866187,0.9601101,0.10962002,0.10962002,1.0,1.1205733e-07,1.0222342e-06,-25.855522,2.1122844,0.7040948,0.17600001,0.0,0.11120189,14.640145,14.660146,2352000
hardzero_plus_depr__c0p50__z1p00__lam0p020__nu0p50__psi0p75,hardzero_plus_depr,0.06,34,735,0.0,2,0.1866187,0.1866187,1.0292243,0.0,0.093492255,0.0,0.0,1.0070147e-06,-27.645699,2.2643387,0.7547796,0.192,0.0,0.13193196,14.660146,14.680146,2355200
hardzero_plus_depr__c0p50__z1p00__lam0p020__nu0p50__psi0p75,hardzero_plus_depr,0.06,34,736,0.0,2,0.1866187,0.1866187,1.0160717,0.0,0.096366994,0.0,0.0,9.92022e-07,-27.712748,2.2354023,0.7451341,0.15200001,0.0,0.14742857,14.680146,14.700147,2358400
hardzero_plus_depr__c0p50__z1p00__lam0p020__nu0p50__psi0p75,hardzero_plus_depr,0.06,34,737,0.0,2,0.1866187,0.1866188,0.968412,0.10754445,0.10754445,1.0,1.0509806e-07,9.772523e-07,-26.742525,2.130549,0.710183,0.192,0.0,0.14365269,14.700147,14.720147,2361600
hardzero_plus_depr__c0p50__z1p00__lam0p020__nu0p50__psi0p75,hardzero_plus_depr,0.06,34,738,0.0,2,0.1866188,0.1866188,1.0276065,0.0,0.09384119,0.0,0.0,9.627026e-07,-27.396786,2.2607794,0.75359315,0.14400001,0.0,0.11774164,14.720147,14.740148,2364800
hardzero_plus_depr__c0p50__z1p00__lam0p020__nu0p50__psi0p75,hardzero_plus_depr,0.06,34,739,0.0,2,0.1866188,0.1866188,1.0789114,0.0,0.08338512,0.0,0.0,9.483694e-07,-28.36391,2.3736525,0.7912175,0.112,0.0,0.18007062,14.740148,14.760148,2368000
hardzero_plus_depr__c0p50__z1p00__lam0p020__nu0p50__psi0p75,hardzero_plus_depr,0.06,34,740,0.0,2,0.1866188,0.1866189,0.9950837,0.10113844,0.10113844,1.0,9.448858e-08,9.3424984e-07,-27.077005,2.1892278,0.72974265,0.18400002,0.0,0.16155069,14.760148,14.7801485,2371200
hardzero_plus_depr__c0p50__z1p00__lam0p020__nu0p50__psi0p75,hardzero_plus_depr,0.06,34,741,0.0,2,0.1866189,0.1866189,1.0056317,0.0,0.09871163,0.0,0.0,9.2034037e-07,-26.542997,2.2124338,0.73747796,0.14,0.0,0.1312521,14.7801485,14.800149,2374400
hardzero_plus_depr__c0p50__z1p00__lam0p020__nu0p50__psi0p75,hardzero_plus_depr,0.06,34,742,0.0,2,0.1866189,0.1866189,1.0007643,0.0,0.099824175,0.0,0.0,9.0663787e-07,-26.59982,2.2017252,0.7339084,0.18400002,0.0,0.13633977,14.800149,14.820149,2377600
hardzero_plus_depr__c0p50__z1p00__lam0p020__nu0p50__psi0p75,hardzero_plus_depr,0.06,34,743,0.0,2,0.1866189,0.18661898,0.98527557,0.10344856,0.10344856,1.0,9.239399e-08,8.9313943e-07,-26.965647,2.1676495,0.72254986,0.136,0.0,0.120233096,14.820149,14.84015,2380800
hardzero_plus_depr__c0p50__z1p00__lam0p020__nu0p50__psi0p75,hardzero_plus_depr,0.06,34,744,0.0,2,0.18661898,0.18661907,0.99849343,0.1003475,0.1003475,1.0,8.828995e-08,8.798421e-07,-27.137943,2.1967294,0.7322432,0.2,0.0,0.14494619,14.84015,14.86015,2384000
hardzero_plus_depr__c0p50__z1p00__lam0p020__nu0p50__psi0p75,hardzero_plus_depr,0.06,34,745,0.0,2,0.18661907,0.18661918,0.9502182,0.11214548,0.11214548,1.0,9.720127e-08,8.6674265e-07,-25.680393,2.0905218,0.69684064,0.23200001,0.0,0.13321912,14.86015,14.880151,2387200
hardzero_plus_depr__c0p50__z1p00__lam0p020__nu0p50__psi0p75,hardzero_plus_depr,0.06,34,746,0.0,2,0.18661918,0.18661918,1.0580733,0.0,0.08748361,0.0,0.0,8.538383e-07,-28.297926,2.3278077,0.7759359,0.15200001,0.0,0.17679499,14.880151,14.900151,2390400
hardzero_plus_depr__c0p50__z1p00__lam0p020__nu0p50__psi0p75,hardzero_plus_depr,0.06,34,747,0.0,2,0.18661918,0.18661918,1.0591604,0.0,0.08726491,0.0,0.0,8.4112594e-07,-27.870213,2.3301992,0.7767331,0.14400001,0.0,0.15568452,14.900151,14.920152,2393600
hardzero_plus_depr__c0p50__z1p00__lam0p020__nu0p50__psi0p75,hardzero_plus_depr,0.06,34,748,0.0,2,0.18661918,0.18661918,1.0206163,0.0,0.095363826,0.0,0.0,8.286029e-07,-26.950924,2.2454007,0.7484669,0.15200001,0.0,0.13842393,14.920152,14.940152,2396800
hardzero_plus_depr__c0p50__z1p00__lam0p020__nu0p50__psi0p75,hardzero_plus_depr,0.06,34,749,0.0,2,0.18661918,0.18661918,1.0404329,0.0,0.09111021,0.0,0.0,8.162664e-07,-27.895908,2.2889981,0.7629994,0.120000005,0.0,0.16554205,14.940152,14.960153,2400000
hardzero_plus_depr__c0p50__z1p00__lam0p020__nu0p50__psi0p75,hardzero_plus_depr,0.06,34,750,0.0,2,0.18661918,0.18661918,1.0082413,0.0,0.098120265,0.0,0.0,8.041135e-07,-27.278421,2.2181752,0.73939174,0.15200001,0.0,0.13846025,14.960153,14.980153,2403200
hardzero_plus_depr__c0p50__z1p00__lam0p020__nu0p50__psi0p75,hardzero_plus_depr,0.06,34,751,0.0,2,0.18661918,0.18661918,1.0264807,0.0,0.094084755,0.0,0.0,7.921416e-07,-27.109722,2.2583027,0.75276756,0.104,0.0,0.1343778,14.980153,15.000154,2406400
hardzero_plus_depr__c0p50__z1p00__lam0p020__nu0p50__psi0p75,hardzero_plus_depr,0.06,34,752,0.0,2,0.18661918,0.18661925,0.98393047,0.103769444,0.103769444,1.0,8.097626e-08,7.8034776e-07,-25.25005,2.1646903,0.72156346,0.16000001,0.0,0.10948588,15.000154,15.020154,2409600
hardzero_plus_depr__c0p50__z1p00__lam0p020__nu0p50__psi0p75,hardzero_plus_depr,0.06,34,753,0.0,2,0.18661925,0.18661925,1.0252298,0.0,0.09435614,0.0,0.0,7.6872965e-07,-27.237516,2.2555506,0.75185025,0.24000001,0.0,0.14886712,15.020154,15.040154,2412800
hardzero_plus_depr__c0p50__z1p00__lam0p020__nu0p50__psi0p75,hardzero_plus_depr,0.06,34,754,0.0,2,0.18661925,0.18661933,0.9667882,0.1079473,0.1079473,1.0,8.174682e-08,7.572845e-07,-25.594536,2.1269765,0.7089922,0.17,0.0,0.1293545,15.040154,15.060155,2416000
hardzero_plus_depr__c0p50__z1p00__lam0p020__nu0p50__psi0p75,hardzero_plus_depr,0.06,34,755,0.0,2,0.18661933,0.18661933,1.0002679,0.0,0.09993833,0.0,0.0,7.4600973e-07,-27.185242,2.2006333,0.73354447,0.136,0.0,0.14306943,15.060155,15.080155,2419200
hardzero_plus_depr__c0p50__z1p00__lam0p020__nu0p50__psi0p75,hardzero_plus_depr,0.06,34,756,0.0,2,0.18661933,0.18661942,0.944855,0.11353897,0.11353897,1.0,8.344012e-08,7.3490287e-07,-26.022736,2.0787225,0.6929075,0.17600001,0.008,0.124817714,15.080155,15.100156,2422400
hardzero_plus_depr__c0p50__z1p00__lam0p020__nu0p50__psi0p75,hardzero_plus_depr,0.06,34,757,0.0,2,0.18661942,0.18661942,1.0061146,0.0,0.09860193,0.0,0.0,7.239613e-07,-26.588795,2.2134964,0.7378322,0.2,0.0,0.1453103,15.100156,15.120156,2425600
hardzero_plus_depr__c0p50__z1p00__lam0p020__nu0p50__psi0p75,hardzero_plus_depr,0.06,34,758,0.0,2,0.18661942,0.18661942,1.0025716,0.0,0.09940961,0.0,0.0,7.131827e-07,-26.448412,2.2057016,0.7352339,0.192,0.0,0.13643922,15.120156,15.140157,2428800
hardzero_plus_depr__c0p50__z1p00__lam0p020__nu0p50__psi0p75,hardzero_plus_depr,0.06,34,759,0.0,2,0.18661942,0.18661942,1.0409384,0.0,0.09100424,0.0,0.0,7.0256453e-07,-28.083244,2.29011,0.76337004,0.15200001,0.0,0.16076872,15.140157,15.160157,2432000
hardzero_plus_depr__c0p50__z1p00__lam0p020__nu0p50__psi0p75,hardzero_plus_depr,0.06,34,760,0.0,2,0.18661942,0.18661942,1.0157219,0.0,0.09644464,0.0,0.0,6.921045e-07,-28.177614,2.234633,0.7448777,0.16000001,0.0,0.14569515,15.160157,15.180158,2435200
hardzero_plus_depr__c0p50__z1p00__lam0p020__nu0p50__psi0p75,hardzero_plus_depr,0.06,34,761,0.0,2,0.18661942,0.18661942,1.0188705,0.0,0.09574796,0.0,0.0,6.818002e-07,-27.941513,2.2415597,0.7471866,0.14400001,0.0,0.13467465,15.180158,15.200158,2438400
hardzero_plus_depr__c0p50__z1p00__lam0p020__nu0p50__psi0p75,hardzero_plus_depr,0.06,34,762,0.0,2,0.18661942,0.18661949,0.9682578,0.107582636,0.107582636,1.0,7.22578e-08,6.716493e-07,-26.087221,2.1302097,0.7100699,0.18400002,0.0,0.13174568,15.200158,15.220159,2441600
hardzero_plus_depr__c0p50__z1p00__lam0p020__nu0p50__psi0p75,hardzero_plus_depr,0.06,34,763,0.0,2,0.18661949,0.18661949,1.0015548,0.0,0.09964263,0.0,0.0,6.616495e-07,-27.624342,2.2034647,0.73448825,0.16000001,0.0,0.16329914,15.220159,15.240159,2444800
hardzero_plus_depr__c0p50__z1p00__lam0p020__nu0p50__psi0p75,hardzero_plus_depr,0.06,34,764,0.0,2,0.18661949,0.18661955,0.98982936,0.1023695,0.1023695,1.0,6.67243e-08,6.517986e-07,-26.43425,2.177668,0.7258894,0.2,0.0,0.1371796,15.240159,15.2601595,2448000
hardzero_plus_depr__c0p50__z1p00__lam0p020__nu0p50__psi0p75,hardzero_plus_depr,0.06,34,765,0.0,2,0.18661955,0.18661955,1.0338445,0.0,0.09250294,0.0,0.0,6.420944e-07,-27.744076,2.2745032,0.75816774,0.14400001,0.0,0.16871859,15.2601595,15.28016,2451200
hardzero_plus_depr__c0p50__z1p00__lam0p020__nu0p50__psi0p75,hardzero_plus_depr,0.06,34,766,0.0,2,0.18661955,0.18661961,0.9975771,0.10055946,0.10055946,1.0,6.360734e-08,6.325346e-07,-26.59772,2.1947134,0.73157114,0.18400002,0.0,0.13965814,15.28016,15.30016,2454400
hardzero_plus_depr__c0p50__z1p00__lam0p020__nu0p50__psi0p75,hardzero_plus_depr,0.06,34,767,0.0,2,0.18661961,0.18661961,1.0131487,0.0,0.097017795,0.0,0.0,6.2311716e-07,-26.888603,2.2289715,0.7429905,0.12,0.0,0.1635283,15.30016,15.320161,2457600
hardzero_plus_depr__c0p50__z1p00__lam0p020__nu0p50__psi0p75,hardzero_plus_depr,0.06,34,768,0.0,2,0.18661961,0.18661967,0.97092736,0.106923364,0.106923364,1.0,6.563383e-08,6.138399e-07,-26.544735,2.136083,0.71202767,0.16800001,0.0,0.14320017,15.320161,15.340161,2460800
hardzero_plus_depr__c0p50__z1p00__lam0p020__nu0p50__psi0p75,hardzero_plus_depr,0.06,34,769,0.0,2,0.18661967,0.18661973,0.98278075,0.10404452,0.10404452,1.0,6.291581e-08,6.0470086e-07,-27.00559,2.1621609,0.7207203,0.128,0.0,0.14979942,15.340161,15.360162,2464000
hardzero_plus_depr__c0p50__z1p00__lam0p020__nu0p50__psi0p75,hardzero_plus_depr,0.06,34,770,0.0,2,0.18661973,0.18661979,0.9544808,0.111050144,0.111050144,1.0,6.615233e-08,5.956978e-07,-26.278837,2.0998998,0.6999666,0.192,0.0,0.15392317,15.360162,15.380162,2467200
hardzero_plus_depr__c0p50__z1p00__lam0p020__nu0p50__psi0p75,hardzero_plus_depr,0.06,34,771,0.0,2,0.18661979,0.18661985,0.9998943,0.10002435,0.10002435,1.0,5.869718e-08,5.868289e-07,-27.133026,2.1998115,0.7332705,0.136,0.0,0.14410101,15.380162,15.400163,2470400
hardzero_plus_depr__c0p50__z1p00__lam0p020__nu0p50__psi0p75,hardzero_plus_depr,0.06,34,772,0.0,2,0.18661985,0.18661991,0.99674326,0.10075271,0.10075271,1.0,5.8244332e-08,5.7809194e-07,-26.584454,2.192879,0.73095965,0.15200001,0.0,0.15591559,15.400163,15.420163,2473600
hardzero_plus_depr__c0p50__z1p00__lam0p020__nu0p50__psi0p75,hardzero_plus_depr,0.06,34,773,0.0,2,0.18661991,0.18661997,0.9626858,0.10897183,0.10897183,1.0,6.205782e-08,5.69485e-07,-26.316572,2.1179512,0.70598376,0.112,0.0,0.15992394,15.420163,15.440164,2476800
hardzero_plus_depr__c0p50__z1p00__lam0p020__nu0p50__psi0p75,hardzero_plus_depr,0.06,34,774,0.0,2,0.18661997,0.18662003,0.97438896,0.10607451,0.10607451,1.0,5.9508473e-08,5.6100635e-07,-26.820986,2.1436985,0.7145662,0.14400001,0.0,0.16147105,15.440164,15.460164,2480000
hardzero_plus_depr__c0p50__z1p00__lam0p020__nu0p50__psi0p75,hardzero_plus_depr,0.06,34,775,0.0,2,0.18662003,0.18662003,1.0446864,0.0,0.09022223,0.0,0.0,5.5265383e-07,-28.153036,2.298356,0.7661187,0.14400001,0.0,0.15421762,15.460164,15.480165,2483200
hardzero_plus_depr__c0p50__z1p00__lam0p020__nu0p50__psi0p75,hardzero_plus_depr,0.06,34,776,0.0,2,0.18662003,0.18662009,0.96275085,0.10895551,0.10895551,1.0,5.9318186e-08,5.4442575e-07,-26.054518,2.1180942,0.70603144,0.16000001,0.0,0.15200971,15.480165,15.500165,2486400
hardzero_plus_depr__c0p50__z1p00__lam0p020__nu0p50__psi0p75,hardzero_plus_depr,0.06,34,777,0.0,2,0.18662009,0.18662009,1.0168247,0.0,0.09620004,0.0,0.0,5.3632004e-07,-27.489975,2.237059,0.7456864,0.16000001,0.0,0.15265296,15.500165,15.520165,2489600
hardzero_plus_depr__c0p50__z1p00__lam0p020__nu0p50__psi0p75,hardzero_plus_depr,0.06,34,778,0.0,2,0.18662009,0.18662009,1.0344119,0.0,0.092382155,0.0,0.0,5.2833514e-07,-27.923141,2.2757516,0.7585839,0.16000001,0.0,0.14072411,15.520165,15.540166,2492800
hardzero_plus_depr__c0p50__z1p00__lam0p020__nu0p50__psi0p75,hardzero_plus_depr,0.06,34,779,0.0,2,0.18662009,0.18662009,1.030866,0.0,0.093139514,0.0,0.0,5.2046903e-07,-27.03866,2.2679505,0.75598353,0.208,0.008,0.17463908,15.540166,15.560166,2496000
hardzero_plus_depr__c0p50__z1p00__lam0p020__nu0p50__psi0p75,hardzero_plus_depr,0.06,34,780,0.0,2,0.18662009,0.18662015,0.98178256,0.10428393,0.10428393,1.0,5.346847e-08,5.1272013e-07,-27.488525,2.1599648,0.7199883,0.16,0.01,0.14076981,15.560166,15.580167,2499200
hardzero_plus_depr__c0p50__z1p00__lam0p020__nu0p50__psi0p75,hardzero_plus_depr,0.06,34,781,0.0,2,0.18662015,0.18662019,0.9908906,0.10211966,0.10211966,1.0,5.1579264e-08,5.050865e-07,-26.41858,2.180003,0.72666764,0.16800001,0.0,0.11156771,15.580167,15.600167,2502400
hardzero_plus_depr__c0p50__z1p00__lam0p020__nu0p50__psi0p75,hardzero_plus_depr,0.06,34,782,0.0,2,0.18662019,0.18662024,0.99977803,0.10005113,0.10005113,1.0,4.97821e-08,4.975666e-07,-26.55957,2.1995556,0.73318523,0.128,0.0,0.12679887,15.600167,15.620168,2505600
hardzero_plus_depr__c0p50__z1p00__lam0p020__nu0p50__psi0p75,hardzero_plus_depr,0.06,34,783,0.0,2,0.18662024,0.18662024,1.0116371,0.0,0.09735604,0.0,0.0,4.9015864e-07,-27.03089,2.225646,0.741882,0.096,0.0,0.14115994,15.620168,15.640168,2508800
hardzero_plus_depr__c0p50__z1p00__lam0p020__nu0p50__psi0p75,hardzero_plus_depr,0.06,34,784,0.0,2,0.18662024,0.18662028,0.9967246,0.10075703,0.10075703,1.0,4.865164e-08,4.8286097e-07,-26.18199,2.192838,0.730946,0.16800001,0.0,0.11979387,15.640168,15.660169,2512000
hardzero_plus_depr__c0p50__z1p00__lam0p020__nu0p50__psi0p75,hardzero_plus_depr,0.06,34,785,0.0,2,0.18662028,0.18662028,1.0333803,0.0,0.09260186,0.0,0.0,4.7567195e-07,-27.312939,2.273482,0.7578274,0.104,0.0,0.13073033,15.660169,15.680169,2515200
hardzero_plus_depr__c0p50__z1p00__lam0p020__nu0p50__psi0p75,hardzero_plus_depr,0.06,34,786,0.0,2,0.18662028,0.18662034,0.95017487,0.11215667,0.11215667,1.0,5.2555485e-08,4.6858995e-07,-25.55285,2.0904264,0.6968088,0.14400001,0.0,0.12375667,15.680169,15.70017,2518400
hardzero_plus_depr__c0p50__z1p00__lam0p020__nu0p50__psi0p75,hardzero_plus_depr,0.06,34,787,0.0,2,0.18662034,0.18662034,1.0157136,0.0,0.096446484,0.0,0.0,4.6161338e-07,-26.681229,2.2346144,0.7448715,0.104,0.0,0.12201287,15.70017,15.72017,2521600
hardzero_plus_depr__c0p50__z1p00__lam0p020__nu0p50__psi0p75,hardzero_plus_depr,0.06,34,788,0.0,2,0.18662034,0.18662038,0.9839739,0.10375908,0.10375908,1.0,4.7183473e-08,4.5474067e-07,-26.441338,2.1647859,0.7215953,0.15200001,0.0,0.13191395,15.72017,15.7401705,2524800
hardzero_plus_depr__c0p50__z1p00__lam0p020__nu0p50__psi0p75,hardzero_plus_depr,0.06,34,789,0.0,2,0.18662038,0.18662043,0.98734605,0.10295655,0.10295655,1.0,4.6121478e-08,4.4797034e-07,-26.658087,2.1722047,0.7240683,0.2,0.0,0.12962617,15.7401705,15.760171,2528000
hardzero_plus_depr__c0p50__z1p00__lam0p020__nu0p50__psi0p75,hardzero_plus_depr,0.06,34,790,0.0,2,0.18662043,0.18662043,1.0411366,0.0,0.09096271,0.0,0.0,4.4130078e-07,-27.373396,2.2905464,0.7635155,0.2,0.0,0.15369606,15.760171,15.780171,2531200
hardzero_plus_depr__c0p50__z1p00__lam0p020__nu0p50__psi0p75,hardzero_plus_depr,0.06,34,791,0.0,2,0.18662043,0.18662047,0.9714329,0.10679896,0.10679896,1.0,4.6428767e-08,4.347305e-07,-26.089272,2.137195,0.7123984,0.16000001,0.0,0.13406439,15.780171,15.800172,2534400
hardzero_plus_depr__c0p50__z1p00__lam0p020__nu0p50__psi0p75,hardzero_plus_depr,0.06,34,792,0.0,2,0.18662047,0.18662047,1.0750223,0.0,0.0841352,0.0,0.0,4.2825806e-07,-28.105936,2.3650963,0.7883655,0.120000005,0.0,0.22252233,15.800172,15.820172,2537600
hardzero_plus_depr__c0p50__z1p00__lam0p020__nu0p50__psi0p75,hardzero_plus_depr,0.06,34,793,0.0,2,0.18662047,0.18662047,1.0421032,0.0,0.09076048,0.0,0.0,4.2188196e-07,-28.306875,2.2926726,0.76422423,0.19,0.0,0.17374521,15.820172,15.840173,2540800
hardzero_plus_depr__c0p50__z1p00__lam0p020__nu0p50__psi0p75,hardzero_plus_depr,0.06,34,794,0.0,2,0.18662047,0.18662052,0.9710762,0.106886744,0.106886744,1.0,4.442222e-08,4.1560082e-07,-26.104671,2.1364102,0.71213675,0.136,0.0,0.13269915,15.840173,15.860173,2544000
hardzero_plus_depr__c0p50__z1p00__lam0p020__nu0p50__psi0p75,hardzero_plus_depr,0.06,34,795,0.0,2,0.18662052,0.18662052,1.0146476,0.0,0.0966835,0.0,0.0,4.0941325e-07,-27.201975,2.2322693,0.7440898,0.224,0.0,0.17377968,15.860173,15.880174,2547200
hardzero_plus_depr__c0p50__z1p00__lam0p020__nu0p50__psi0p75,hardzero_plus_depr,0.06,34,796,0.0,2,0.18662052,0.18662056,0.9757876,0.10573345,0.10573345,1.0,4.2644174e-08,4.0331773e-07,-25.903254,2.1467755,0.71559185,0.18400002,0.0,0.12902667,15.880174,15.900174,2550400
hardzero_plus_depr__c0p50__z1p00__lam0p020__nu0p50__psi0p75,hardzero_plus_depr,0.06,34,797,0.0,2,0.18662056,0.18662056,1.0063,0.0,0.098559834,0.0,0.0,3.9731293e-07,-27.118937,2.2139041,0.7379681,0.216,0.0,0.15868875,15.900174,15.920175,2553600
hardzero_plus_depr__c0p50__z1p00__lam0p020__nu0p50__psi0p75,hardzero_plus_depr,0.06,34,798,0.0,2,0.18662056,0.18662061,0.9920732,0.10184197,0.10184197,1.0,3.98607e-08,3.9139758e-07,-27.487902,2.1826046,0.7275349,0.15200001,0.0,0.14607075,15.920175,15.940175,2556800
hardzero_plus_depr__c0p50__z1p00__lam0p020__nu0p50__psi0p75,hardzero_plus_depr,0.06,34,799,0.0,2,0.18662061,0.18662061,1.0383929,0.0,0.09153919,0.0,0.0,3.8557033e-07,-27.272942,2.28451,0.76150334,0.18400002,0.0,0.14735052,15.940175,15.9601755,2560000
hardzero_plus_depr__c0p50__z1p00__lam0p020__nu0p50__psi0p75,hardzero_plus_depr,0.06,34,800,0.0,2,0.18662061,0.18662065,0.95827734,0.11008361,0.11008361,1.0,4.1813035e-08,3.798298e-07,-26.47114,2.1082523,0.7027508,0.224,0.0,0.16633166,15.9601755,15.980176,2563200
hardzero_plus_depr__c0p50__z1p00__lam0p020__nu0p50__psi0p75,hardzero_plus_depr,0.06,34,801,0.0,2,0.18662065,0.18662065,1.0246783,0.0,0.09447603,0.0,0.0,3.7417473e-07,-27.528376,2.2543373,0.7514458,0.15200001,0.0,0.14166917,15.980176,16.000175,2566400
hardzero_plus_depr__c0p50__z1p00__lam0p020__nu0p50__psi0p75,hardzero_plus_depr,0.06,34,802,0.0,2,0.18662065,0.1866207,0.9741213,0.106139906,0.106139906,1.0,3.9123616e-08,3.6860422e-07,-27.15437,2.1431096,0.7143699,0.17600001,0.0,0.14915042,16.000175,16.020176,2569600
hardzero_plus_depr__c0p50__z1p00__lam0p020__nu0p50__psi0p75,hardzero_plus_depr,0.06,34,803,0.0,2,0.1866207,0.1866207,1.0161945,0.0,0.09633975,0.0,0.0,3.6311633e-07,-27.31279,2.2356725,0.7452242,0.15200001,0.0,0.1429724,16.020176,16.040176,2572800
hardzero_plus_depr__c0p50__z1p00__lam0p020__nu0p50__psi0p75,hardzero_plus_depr,0.06,34,804,0.0,2,0.1866207,0.18662073,0.9942716,0.10132776,0.10132776,1.0,3.624596e-08,3.5771006e-07,-26.720768,2.187441,0.7291471,0.192,0.0,0.150326,16.040176,16.060177,2576000
hardzero_plus_depr__c0p50__z1p00__lam0p020__nu0p50__psi0p75,hardzero_plus_depr,0.06,34,805,0.0,2,0.18662073,0.18662073,1.041649,0.0,0.09085546,0.0,0.0,3.5238435e-07,-27.230122,2.2916734,0.76389116,0.136,0.0,0.16870861,16.060177,16.080177,2579200
hardzero_plus_depr__c0p50__z1p00__lam0p020__nu0p50__psi0p75,hardzero_plus_depr,0.06,34,806,0.0,2,0.18662073,0.18662073,1.0243318,0.0,0.09455145,0.0,0.0,3.471379e-07,-27.707441,2.253575,0.75119174,0.19,0.0,0.13473792,16.080177,16.100178,2582400
hardzero_plus_depr__c0p50__z1p00__lam0p020__nu0p50__psi0p75,hardzero_plus_depr,0.06,34,807,0.0,2,0.18662073,0.18662073,1.0335914,0.0,0.09255686,0.0,0.0,3.4196958e-07,-26.801292,2.2739465,0.7579822,0.120000005,0.0,0.12985665,16.100178,16.120178,2585600
hardzero_plus_depr__c0p50__z1p00__lam0p020__nu0p50__psi0p75,hardzero_plus_depr,0.06,34,808,0.0,2,0.18662073,0.18662076,0.9610681,0.10937848,0.10937848,1.0,3.6847226e-08,3.368782e-07,-26.5728,2.114392,0.7047974,0.16000001,0.0,0.13780156,16.120178,16.140179,2588800
hardzero_plus_depr__c0p50__z1p00__lam0p020__nu0p50__psi0p75,hardzero_plus_depr,0.06,34,809,0.0,2,0.18662076,0.18662079,0.9763841,0.10558832,0.10558832,1.0,3.5040816e-08,3.3186262e-07,-26.30929,2.148088,0.71602935,0.14400001,0.0,0.1563381,16.140179,16.16018,2592000
hardzero_plus_depr__c0p50__z1p00__lam0p020__nu0p50__psi0p75,hardzero_plus_depr,0.06,34,810,0.0,2,0.18662079,0.18662079,1.0277627,0.0,0.09380744,0.0,0.0,3.269217e-07,-27.320538,2.261123,0.75370765,0.18400002,0.0,0.13713448,16.16018,16.18018,2595200
hardzero_plus_depr__c0p50__z1p00__lam0p020__nu0p50__psi0p75,hardzero_plus_depr,0.06,34,811,0.0,2,0.18662079,0.18662082,0.9683835,0.1075515,0.1075515,1.0,3.463743e-08,3.2205438e-07,-26.625774,2.1304862,0.7101621,0.23200001,0.0,0.1484661,16.18018,16.20018,2598400
hardzero_plus_depr__c0p50__z1p00__lam0p020__nu0p50__psi0p75,hardzero_plus_depr,0.06,34,812,0.0,2,0.18662082,0.18662082,1.0206658,0.0,0.09535296,0.0,0.0,3.172595e-07,-27.41414,2.2455096,0.7485032,0.15200001,0.0,0.14688149,16.20018,16.22018,2601600
hardzero_plus_depr__c0p50__z1p00__lam0p020__nu0p50__psi0p75,hardzero_plus_depr,0.06,34,813,0.0,2,0.18662082,0.18662085,0.97750694,0.10531568,0.10531568,1.0,3.2914944e-08,3.1253603e-07,-27.116203,2.1505582,0.7168528,0.18400002,0.0,0.15179528,16.22018,16.240181,2604800
hardzero_plus_depr__c0p50__z1p00__lam0p020__nu0p50__psi0p75,hardzero_plus_depr,0.06,34,814,0.0,2,0.18662085,0.18662085,1.0265372,0.0,0.094072536,0.0,0.0,3.0788286e-07,-27.068344,2.258427,0.752809,0.128,0.0,0.14734001,16.240181,16.260181,2608000
hardzero_plus_depr__c0p50__z1p00__lam0p020__nu0p50__psi0p75,hardzero_plus_depr,0.06,34,815,0.0,2,0.18662085,0.18662088,0.9764949,0.105561376,0.105561376,1.0,3.2016658e-08,3.0329898e-07,-26.853851,2.1483316,0.7161106,0.14400001,0.0,0.171721,16.260181,16.280182,2611200
hardzero_plus_depr__c0p50__z1p00__lam0p020__nu0p50__psi0p75,hardzero_plus_depr,0.06,34,816,0.0,2,0.18662088,0.18662088,1.0091192,0.0,0.09792213,0.0,0.0,2.9878333e-07,-26.736685,2.2201064,0.7400355,0.104,0.0,0.15010883,16.280182,16.300182,2614400
hardzero_plus_depr__c0p50__z1p00__lam0p020__nu0p50__psi0p75,hardzero_plus_depr,0.06,34,817,0.0,2,0.18662088,0.18662088,1.0009425,0.0,0.09978323,0.0,0.0,2.9433494e-07,-25.597082,2.2021174,0.7340392,0.17600001,0.0,0.13375112,16.300182,16.320183,2617600
hardzero_plus_depr__c0p50__z1p00__lam0p020__nu0p50__psi0p75,hardzero_plus_depr,0.06,34,818,0.0,2,0.18662088,0.1866209,0.98844635,0.102696024,0.102696024,1.0,2.9776997e-08,2.8995277e-07,-27.092266,2.1746254,0.72487515,0.16000001,0.0,0.16106321,16.320183,16.340183,2620800
hardzero_plus_depr__c0p50__z1p00__lam0p020__nu0p50__psi0p75,hardzero_plus_depr,0.06,34,819,0.0,2,0.1866209,0.18662094,0.9630743,0.10887439,0.10887439,1.0,3.1098423e-08,2.856358e-07,-26.410719,2.118806,0.70626867,0.08,0.0,0.14921728,16.340183,16.360184,2624000
hardzero_plus_depr__c0p50__z1p00__lam0p020__nu0p50__psi0p75,hardzero_plus_depr,0.06,34,820,0.0,2,0.18662094,0.18662094,1.0152473,0.0,0.096550085,0.0,0.0,2.8138317e-07,-27.484962,2.2335887,0.7445296,0.128,0.0,0.14045087,16.360184,16.380184,2627200
hardzero_plus_depr__c0p50__z1p00__lam0p020__nu0p50__psi0p75,hardzero_plus_depr,0.06,34,821,0.0,2,0.18662094,0.18662094,1.0030131,0.0,0.0993086,0.0,0.0,2.771938e-07,-26.312613,2.206673,0.7355577,0.136,0.0,0.12403047,16.380184,16.400185,2630400
hardzero_plus_depr__c0p50__z1p00__lam0p020__nu0p50__psi0p75,hardzero_plus_depr,0.06,34,822,0.0,2,0.18662094,0.18662094,1.0090966,0.0,0.0979272,0.0,0.0,2.7306686e-07,-26.861622,2.220057,0.740019,0.18400002,0.0,0.15397799,16.400185,16.420185,2633600
hardzero_plus_depr__c0p50__z1p00__lam0p020__nu0p50__psi0p75,hardzero_plus_depr,0.06,34,823,0.0,2,0.18662094,0.18662094,1.0703037,0.0,0.0850543,0.0,0.0,2.6900133e-07,-27.87714,2.354715,0.7849051,0.18400002,0.0,0.15672827,16.420185,16.440186,2636800
hardzero_plus_depr__c0p50__z1p00__lam0p020__nu0p50__psi0p75,hardzero_plus_depr,0.06,34,824,0.0,2,0.18662094,0.18662094,1.0317477,0.0,0.09295062,0.0,0.0,2.6499632e-07,-27.156332,2.2698903,0.7566301,0.120000005,0.0,0.15248367,16.440186,16.460186,2640000
hardzero_plus_depr__c0p50__z1p00__lam0p020__nu0p50__psi0p75,hardzero_plus_depr,0.06,34,825,0.0,2,0.18662094,0.18662097,0.97294694,0.10642728,0.10642728,1.0,2.778294e-08,2.6105093e-07,-26.25744,2.140526,0.7135087,0.216,0.0,0.15340751,16.460186,16.480186,2643200
hardzero_plus_depr__c0p50__z1p00__lam0p020__nu0p50__psi0p75,hardzero_plus_depr,0.06,34,826,0.0,2,0.18662097,0.186621,0.9548146,0.11096484,0.11096484,1.0,2.8536197e-08,2.5716432e-07,-26.134779,2.100634,0.7002114,0.208,0.0,0.14131628,16.480186,16.500187,2646400
hardzero_plus_depr__c0p50__z1p00__lam0p020__nu0p50__psi0p75,hardzero_plus_depr,0.06,34,827,0.0,2,0.186621,0.18662103,0.9400997,0.11478899,0.11478899,1.0,2.908013e-08,2.5333554e-07,-26.092094,2.0682607,0.6894202,0.208,0.0,0.12149247,16.500187,16.520187,2649600
hardzero_plus_depr__c0p50__z1p00__lam0p020__nu0p50__psi0p75,hardzero_plus_depr,0.06,34,828,0.0,2,0.18662103,0.18662103,1.0185074,0.0,0.09582806,0.0,0.0,2.4956378e-07,-27.04959,2.240761,0.74692035,0.16000001,0.0,0.1582396,16.520187,16.540188,2652800
hardzero_plus_depr__c0p50__z1p00__lam0p020__nu0p50__psi0p75,hardzero_plus_depr,0.06,34,829,0.0,2,0.18662103,0.18662106,0.9977951,0.10050897,0.10050897,1.0,2.4709948e-08,2.4584818e-07,-27.160921,2.195193,0.73173106,0.17600001,0.0,0.13158947,16.540188,16.560188,2656000
hardzero_plus_depr__c0p50__z1p00__lam0p020__nu0p50__psi0p75,hardzero_plus_depr,0.06,34,830,0.0,2,0.18662106,0.18662106,1.0177546,0.0,0.0959943,0.0,0.0,2.4218792e-07,-27.13693,2.2391047,0.7463683,0.112,0.0,0.16173498,16.560188,16.580189,2659200
hardzero_plus_depr__c0p50__z1p00__lam0p020__nu0p50__psi0p75,hardzero_plus_depr,0.06,34,831,0.0,2,0.18662106,0.18662108,0.9875462,0.10290911,0.10290911,1.0,2.4552273e-08,2.3858212e-07,-26.905315,2.172645,0.72421503,0.2,0.0,0.14777723,16.580189,16.60019,2662400
hardzero_plus_depr__c0p50__z1p00__lam0p020__nu0p50__psi0p75,hardzero_plus_depr,0.06,34,832,0.0,2,0.18662108,0.18662108,1.0916072,0.0,0.08098279,0.0,0.0,2.3503e-07,-28.084513,2.401584,0.800528,0.13,0.0,0.17382114,16.60019,16.62019,2665600
hardzero_plus_depr__c0p50__z1p00__lam0p020__nu0p50__psi0p75,hardzero_plus_depr,0.06,34,833,0.0,2,0.18662108,0.18662108,1.0122694,0.0,0.097214416,0.0,0.0,2.3153078e-07,-26.78734,2.2270372,0.74234575,0.18400002,0.0,0.16352631,16.62019,16.64019,2668800
hardzero_plus_depr__c0p50__z1p00__lam0p020__nu0p50__psi0p75,hardzero_plus_depr,0.06,34,834,0.0,2,0.18662108,0.18662108,1.0064486,0.0,0.09852612,0.0,0.0,2.2808366e-07,-26.278294,2.2142313,0.7380771,0.17600001,0.0,0.13190511,16.64019,16.66019,2672000
hardzero_plus_depr__c0p50__z1p00__lam0p020__nu0p50__psi0p75,hardzero_plus_depr,0.06,34,835,0.0,2,0.18662108,0.18662108,1.0504698,0.0,0.08902874,0.0,0.0,2.2468785e-07,-27.569721,2.3110795,0.7703599,0.14400001,0.0,0.17225984,16.66019,16.680191,2675200
hardzero_plus_depr__c0p50__z1p00__lam0p020__nu0p50__psi0p75,hardzero_plus_depr,0.06,34,836,0.0,2,0.18662108,0.18662108,1.0186074,0.0,0.09580599,0.0,0.0,2.2134262e-07,-27.540167,2.240981,0.7469937,0.112,0.0,0.12429197,16.680191,16.700191,2678400
hardzero_plus_depr__c0p50__z1p00__lam0p020__nu0p50__psi0p75,hardzero_plus_depr,0.06,34,837,0.0,2,0.18662108,0.18662108,1.0384281,0.0,0.09153179,0.0,0.0,2.1804719e-07,-27.395185,2.2845874,0.76152915,0.17600001,0.0,0.13270794,16.700191,16.720192,2681600
hardzero_plus_depr__c0p50__z1p00__lam0p020__nu0p50__psi0p75,hardzero_plus_depr,0.06,34,838,0.0,2,0.18662108,0.18662108,1.0405362,0.0,0.091088556,0.0,0.0,2.1480082e-07,-27.863342,2.2892253,0.7630751,0.136,0.0,0.15143543,16.720192,16.740192,2684800
hardzero_plus_depr__c0p50__z1p00__lam0p020__nu0p50__psi0p75,hardzero_plus_depr,0.06,34,839,0.0,2,0.18662108,0.18662108,1.0085692,0.0,0.09804618,0.0,0.0,2.1160278e-07,-27.715805,2.2188966,0.73963225,0.208,0.0,0.1424589,16.740192,16.760193,2688000
hardzero_plus_depr__c0p50__z1p00__lam0p020__nu0p50__psi0p75,hardzero_plus_depr,0.06,34,840,0.0,2,0.18662108,0.18662108,1.0177808,0.0,0.09598851,0.0,0.0,2.0845233e-07,-27.253443,2.2391624,0.7463875,0.16000001,0.0,0.12804812,16.760193,16.780193,2691200
hardzero_plus_depr__c0p50__z1p00__lam0p020__nu0p50__psi0p75,hardzero_plus_depr,0.06,34,841,0.0,2,0.18662108,0.18662108,1.0057392,0.0,0.09868718,0.0,0.0,2.0534883e-07,-27.508322,2.2126703,0.7375568,0.17600001,0.0,0.14212695,16.780193,16.800194,2694400
hardzero_plus_depr__c0p50__z1p00__lam0p020__nu0p50__psi0p75,hardzero_plus_depr,0.06,34,842,0.0,2,0.18662108,0.18662108,1.0095547,0.0,0.09782397,0.0,0.0,2.022915e-07,-26.597342,2.2210648,0.74035496,0.128,0.0,0.117235124,16.800194,16.820194,2697600
hardzero_plus_depr__c0p50__z1p00__lam0p020__nu0p50__psi0p75,hardzero_plus_depr,0.06,34,843,0.0,2,0.18662108,0.18662108,1.0415164,0.0,0.09088319,0.0,0.0,1.9927971e-07,-27.318962,2.2913818,0.76379395,0.096,0.0,0.1515656,16.820194,16.840195,2700800
hardzero_plus_depr__c0p50__z1p00__lam0p020__nu0p50__psi0p75,hardzero_plus_depr,0.06,34,844,0.0,2,0.18662108,0.18662108,1.0433058,0.0,0.09050951,0.0,0.0,1.9631277e-07,-26.87645,2.2953186,0.7651062,0.14400001,0.0,0.13152115,16.840195,16.860195,2704000
hardzero_plus_depr__c0p50__z1p00__lam0p020__nu0p50__psi0p75,hardzero_plus_depr,0.06,34,845,0.0,2,0.18662108,0.1866211,0.9589006,0.109925754,0.109925754,1.0,2.1258538e-08,1.9338997e-07,-26.157104,2.1096234,0.70320785,0.16,0.0,0.1311108,16.860195,16.880196,2707200
hardzero_plus_depr__c0p50__z1p00__lam0p020__nu0p50__psi0p75,hardzero_plus_depr,0.06,34,846,0.0,2,0.1866211,0.1866211,1.0164872,0.0,0.096274815,0.0,0.0,1.9051069e-07,-26.74917,2.2363167,0.74543893,0.17600001,0.0,0.14611802,16.880196,16.900196,2710400
hardzero_plus_depr__c0p50__z1p00__lam0p020__nu0p50__psi0p75,hardzero_plus_depr,0.06,34,847,0.0,2,0.1866211,0.1866211,1.0322196,0.0,0.092849664,0.0,0.0,1.8767432e-07,-27.777185,2.2709286,0.75697625,0.16000001,0.0,0.14487414,16.900196,16.920197,2713600
hardzero_plus_depr__c0p50__z1p00__lam0p020__nu0p50__psi0p75,hardzero_plus_depr,0.06,34,848,0.0,2,0.1866211,0.1866211,1.0327973,0.0,0.092726246,0.0,0.0,1.8488014e-07,-27.787884,2.2721994,0.7573998,0.136,0.0,0.13617405,16.920197,16.940197,2716800
hardzero_plus_depr__c0p50__z1p00__lam0p020__nu0p50__psi0p75,hardzero_plus_depr,0.06,34,849,0.0,2,0.1866211,0.1866211,1.0567231,0.0,0.087756015,0.0,0.0,1.8212758e-07,-27.685162,2.3248372,0.77494574,0.15200001,0.0,0.1549525,16.940197,16.960197,2720000
hardzero_plus_depr__c0p50__z1p00__lam0p020__nu0p50__psi0p75,hardzero_plus_depr,0.06,34,850,0.0,2,0.1866211,0.18662111,0.97334003,0.106331006,0.106331006,1.0,1.9077481e-08,1.7941598e-07,-25.930655,2.1413908,0.713797,0.2,0.0,0.13580285,16.960197,16.980198,2723200
hardzero_plus_depr__c0p50__z1p00__lam0p020__nu0p50__psi0p75,hardzero_plus_depr,0.06,34,851,0.0,2,0.18662111,0.18662111,1.0000747,0.0,0.09998278,0.0,0.0,1.7674476e-07,-27.129278,2.2002084,0.73340285,0.16000001,0.0,0.14024699,16.980198,17.000198,2726400
hardzero_plus_depr__c0p50__z1p00__lam0p020__nu0p50__psi0p75,hardzero_plus_depr,0.06,34,852,0.0,2,0.18662111,0.18662113,0.98434067,0.10367149,0.10367149,1.0,1.8050587e-08,1.7411331e-07,-26.626816,2.1655927,0.7218642,0.192,0.0,0.13808465,17.000198,17.020199,2729600
hardzero_plus_depr__c0p50__z1p00__lam0p020__nu0p50__psi0p75,hardzero_plus_depr,0.06,34,853,0.0,2,0.18662113,0.18662113,1.0644723,0.0,0.08620405,0.0,0.0,1.7152105e-07,-28.196672,2.3418858,0.7806286,0.104,0.0,0.18372917,17.020199,17.0402,2732800
hardzero_plus_depr__c0p50__z1p00__lam0p020__nu0p50__psi0p75,hardzero_plus_depr,0.06,34,854,0.0,2,0.18662113,0.18662114,0.9823451,0.10414893,0.10414893,1.0,1.7597772e-08,1.6896738e-07,-26.594883,2.1612024,0.7204008,0.2,0.0,0.14625794,17.0402,17.0602,2736000
hardzero_plus_depr__c0p50__z1p00__lam0p020__nu0p50__psi0p75,hardzero_plus_depr,0.06,34,855,0.0,2,0.18662114,0.18662116,0.9731758,0.106371224,0.106371224,1.0,1.7705672e-08,1.6645171e-07,-25.439615,2.1410296,0.7136766,0.2,0.0,0.123538695,17.0602,17.0802,2739200
hardzero_plus_depr__c0p50__z1p00__lam0p020__nu0p50__psi0p75,hardzero_plus_depr,0.06,34,856,0.0,2,0.18662116,0.18662116,1.0268763,0.0,0.09399908,0.0,0.0,1.6397352e-07,-27.040619,2.259173,0.75305766,0.16800001,0.0,0.13555433,17.0802,17.1002,2742400
hardzero_plus_depr__c0p50__z1p00__lam0p020__nu0p50__psi0p75,hardzero_plus_depr,0.06,34,857,0.0,2,0.18662116,0.18662116,1.0315646,0.0,0.09298981,0.0,0.0,1.6153221e-07,-27.718891,2.2694874,0.75649583,0.128,0.0,0.15713477,17.1002,17.120201,2745600
hardzero_plus_depr__c0p50__z1p00__lam0p020__nu0p50__psi0p75,hardzero_plus_depr,0.06,34,858,0.0,2,0.18662116,0.18662116,1.0437233,0.0,0.090422526,0.0,0.0,1.5912727e-07,-27.304573,2.2962372,0.76541245,0.089999996,0.0,0.14940758,17.120201,17.140202,2748800
hardzero_plus_depr__c0p50__z1p00__lam0p020__nu0p50__psi0p75,hardzero_plus_depr,0.06,34,859,0.0,2,0.18662116,0.18662117,0.9919156,0.101878926,0.101878926,1.0,1.5970347e-08,1.567581e-07,-26.559618,2.182258,0.7274193,0.23200001,0.0,0.17912455,17.140202,17.160202,2752000
hardzero_plus_depr__c0p50__z1p00__lam0p020__nu0p50__psi0p75,hardzero_plus_depr,0.06,34,860,0.0,2,0.18662117,0.18662117,1.0158113,0.0,0.09642477,0.0,0.0,1.5442423e-07,-27.907228,2.2348297,0.74494326,0.18400002,0.0,0.15354896,17.160202,17.180202,2755200
hardzero_plus_depr__c0p50__z1p00__lam0p020__nu0p50__psi0p75,hardzero_plus_depr,0.06,34,861,0.0,2,0.18662117,0.18662117,1.0240517,0.0,0.09461245,0.0,0.0,1.521251e-07,-28.011547,2.2529588,0.7509863,0.120000005,0.0,0.13610516,17.180202,17.200203,2758400
hardzero_plus_depr__c0p50__z1p00__lam0p020__nu0p50__psi0p75,hardzero_plus_depr,0.06,34,862,0.0,2,0.18662117,0.18662119,0.98609644,0.10325321,0.10325321,1.0,1.5473548e-08,1.4986021e-07,-25.918102,2.1694555,0.72315186,0.14400001,0.0,0.117805764,17.200203,17.220203,2761600
hardzero_plus_depr__c0p50__z1p00__lam0p020__nu0p50__psi0p75,hardzero_plus_depr,0.06,34,863,0.0,2,0.18662119,0.18662119,1.0310245,0.0,0.09310555,0.0,0.0,1.4762904e-07,-27.844118,2.268299,0.7560997,0.18400002,0.0,0.17094623,17.220203,17.240204,2764800
hardzero_plus_depr__c0p50__z1p00__lam0p020__nu0p50__psi0p75,hardzero_plus_depr,0.06,34,864,0.0,2,0.18662119,0.18662119,1.0318179,0.0,0.0929356,0.0,0.0,1.4543106e-07,-28.062714,2.2700448,0.7566816,0.112,0.0,0.16373065,17.240204,17.260204,2768000
hardzero_plus_depr__c0p50__z1p00__lam0p020__nu0p50__psi0p75,hardzero_plus_depr,0.06,34,865,0.0,2,0.18662119,0.18662119,1.0148445,0.0,0.09663966,0.0,0.0,1.4326584e-07,-28.2164,2.2327025,0.7442342,0.16000001,0.0,0.16357043,17.260204,17.280205,2771200
hardzero_plus_depr__c0p50__z1p00__lam0p020__nu0p50__psi0p75,hardzero_plus_depr,0.06,34,866,0.0,2,0.18662119,0.1866212,0.97602075,0.10567669,0.10567669,1.0,1.491445e-08,1.4113283e-07,-25.521215,2.1472886,0.71576285,0.16000001,0.0,0.13761874,17.280205,17.300205,2774400
hardzero_plus_depr__c0p50__z1p00__lam0p020__nu0p50__psi0p75,hardzero_plus_depr,0.06,34,867,0.0,2,0.1866212,0.18662122,0.9937426,0.10145124,0.10145124,1.0,1.4104928e-08,1.390316e-07,-26.756739,2.1862774,0.72875917,0.17600001,0.0,0.16284478,17.300205,17.320206,2777600
hardzero_plus_depr__c0p50__z1p00__lam0p020__nu0p50__psi0p75,hardzero_plus_depr,0.06,34,868,0.0,2,0.18662122,0.18662123,0.9557658,0.11072208,0.11072208,1.0,1.5164677e-08,1.3696163e-07,-25.914967,2.1027267,0.7009089,0.224,0.0,0.1354447,17.320206,17.340206,2780800
hardzero_plus_depr__c0p50__z1p00__lam0p020__nu0p50__psi0p75,hardzero_plus_depr,0.06,34,869,0.0,2,0.18662123,0.18662125,0.991299,0.102023676,0.102023676,1.0,1.37652885e-08,1.3492249e-07,-26.395655,2.1809013,0.7269671,0.192,0.0,0.12671164,17.340206,17.360207,2784000
hardzero_plus_depr__c0p50__z1p00__lam0p020__nu0p50__psi0p75,hardzero_plus_depr,0.06,34,870,0.0,2,0.18662125,0.18662125,1.0166316,0.0,0.09624282,0.0,0.0,1.3291371e-07,-27.15794,2.2366343,0.7455448,0.080000006,0.0,0.13083026,17.360207,17.380207,2787200
hardzero_plus_depr__c0p50__z1p00__lam0p020__nu0p50__psi0p75,hardzero_plus_depr,0.06,34,871,0.0,2,0.18662125,0.18662125,1.0222502,0.0,0.09500574,0.0,0.0,1.3093485e-07,-28.199013,2.2489953,0.74966514,0.17999999,0.0,0.15873647,17.380207,17.400208,2790400
hardzero_plus_depr__c0p50__z1p00__lam0p020__nu0p50__psi0p75,hardzero_plus_depr,0.06,34,872,0.0,2,0.18662125,0.18662126,0.9823317,0.104152165,0.104152165,1.0,1.34341125e-08,1.2898543e-07,-26.289406,2.1611729,0.720391,0.216,0.0,0.12742482,17.400208,17.420208,2793600
hardzero_plus_depr__c0p50__z1p00__lam0p020__nu0p50__psi0p75,hardzero_plus_depr,0.06,34,873,0.0,2,0.18662126,0.18662128,0.9907917,0.10214294,0.10214294,1.0,1.2978798e-08,1.2706505e-07,-26.279713,2.1797853,0.7265951,0.208,0.0,0.1484074,17.420208,17.440208,2796800
hardzero_plus_depr__c0p50__z1p00__lam0p020__nu0p50__psi0p75,hardzero_plus_depr,0.06,34,874,0.0,2,0.18662128,0.1866213,0.97581,0.10572799,0.10572799,1.0,1.3234316e-08,1.2517324e-07,-25.938501,2.1468248,0.7156083,0.18400002,0.0,0.16263649,17.440208,17.460209,2800000
hardzero_plus_depr__c0p50__z1p00__lam0p020__nu0p50__psi0p75,hardzero_plus_depr,0.06,34,875,0.0,2,0.1866213,0.18662131,0.98735636,0.1029541,0.1029541,1.0,1.2695231e-08,1.2330962e-07,-26.765484,2.1722274,0.7240758,0.16800001,0.0,0.14777252,17.460209,17.48021,2803200
hardzero_plus_depr__c0p50__z1p00__lam0p020__nu0p50__psi0p75,hardzero_plus_depr,0.06,34,876,0.0,2,0.18662131,0.18662131,1.0189558,0.0,0.09572915,0.0,0.0,1.2147375e-07,-27.391062,2.2417476,0.74724925,0.15200001,0.0,0.1505543,17.48021,17.50021,2806400
hardzero_plus_depr__c0p50__z1p00__lam0p020__nu0p50__psi0p75,hardzero_plus_depr,0.06,34,877,0.0,2,0.18662131,0.18662131,1.0429147,0.0,0.09059103,0.0,0.0,1.196652e-07,-28.010174,2.2944584,0.7648195,0.112,0.0,0.15732454,17.50021,17.52021,2809600
hardzero_plus_depr__c0p50__z1p00__lam0p020__nu0p50__psi0p75,hardzero_plus_depr,0.06,34,878,0.0,2,0.18662131,0.18662131,1.0189147,0.0,0.09573822,0.0,0.0,1.17883566e-07,-27.547798,2.241657,0.747219,0.18400002,0.0,0.13813104,17.52021,17.54021,2812800
hardzero_plus_depr__c0p50__z1p00__lam0p020__nu0p50__psi0p75,hardzero_plus_depr,0.06,34,879,0.0,2,0.18662131,0.18662131,1.0136552,0.0,0.096904695,0.0,0.0,1.16128454e-07,-26.427134,2.2300858,0.74336195,0.2,0.0,0.14913762,17.54021,17.560211,2816000
hardzero_plus_depr__c0p50__z1p00__lam0p020__nu0p50__psi0p75,hardzero_plus_depr,0.06,34,880,0.0,2,0.18662131,0.18662131,1.045977,0.0,0.08995452,0.0,0.0,1.143995e-07,-27.806898,2.3011954,0.76706517,0.136,0.0,0.15273094,17.560211,17.580212,2819200
hardzero_plus_depr__c0p50__z1p00__lam0p020__nu0p50__psi0p75,hardzero_plus_depr,0.06,34,881,0.0,2,0.18662131,0.18662132,0.9782134,0.1051445,0.1051445,1.0,1.18493935e-08,1.1269628e-07,-27.53794,2.1521125,0.71737087,0.24000001,0.0,0.14682035,17.580212,17.600212,2822400
hardzero_plus_depr__c0p50__z1p00__lam0p020__nu0p50__psi0p75,hardzero_plus_depr,0.06,34,882,0.0,2,0.18662132,0.18662134,0.9849284,0.103531264,0.103531264,1.0,1.1493876e-08,1.1101841e-07,-26.505013,2.1668859,0.7222953,0.16800001,0.0,0.14220911,17.600212,17.620213,2825600
hardzero_plus_depr__c0p50__z1p00__lam0p020__nu0p50__psi0p75,hardzero_plus_depr,0.06,34,883,0.0,2,0.18662134,0.18662134,1.0311425,0.0,0.09308024,0.0,0.0,1.0936552e-07,-28.101217,2.2685587,0.75618625,0.136,0.0,0.15757248,17.620213,17.640213,2828800
hardzero_plus_depr__c0p50__z1p00__lam0p020__nu0p50__psi0p75,hardzero_plus_depr,0.06,34,884,0.0,2,0.18662134,0.18662134,1.0508962,0.0,0.08894137,0.0,0.0,1.0773725e-07,-28.117022,2.3120177,0.77067256,0.17,0.0,0.12403326,17.640213,17.660213,2832000
hardzero_plus_depr__c0p50__z1p00__lam0p020__nu0p50__psi0p75,hardzero_plus_depr,0.06,34,885,0.0,2,0.18662134,0.18662135,0.98403037,0.103745595,0.103745595,1.0,1.1010853e-08,1.0613321e-07,-26.50069,2.16491,0.7216367,0.208,0.0,0.1588047,17.660213,17.680214,2835200
hardzero_plus_depr__c0p50__z1p00__lam0p020__nu0p50__psi0p75,hardzero_plus_depr,0.06,34,886,0.0,2,0.18662135,0.18662137,0.9952707,0.1010949,0.1010949,1.0,1.05697815e-08,1.0455306e-07,-26.725428,2.1896393,0.7298798,0.15200001,0.0,0.15684767,17.680214,17.700214,2838400
hardzero_plus_depr__c0p50__z1p00__lam0p020__nu0p50__psi0p75,hardzero_plus_depr,0.06,34,887,0.0,2,0.18662137,0.18662137,1.0290419,0.0,0.09353154,0.0,0.0,1.0299643e-07,-27.807892,2.2639375,0.7546458,0.15200001,0.0,0.15848067,17.700214,17.720215,2841600
hardzero_plus_depr__c0p50__z1p00__lam0p020__nu0p50__psi0p75,hardzero_plus_depr,0.06,34,888,0.0,2,0.18662137,0.18662137,1.0256208,0.0,0.094271235,0.0,0.0,1.0146297e-07,-26.855394,2.2564108,0.75213695,0.17600001,0.0,0.16476072,17.720215,17.740215,2844800
hardzero_plus_depr__c0p50__z1p00__lam0p020__nu0p50__psi0p75,hardzero_plus_depr,0.06,34,889,0.0,2,0.18662137,0.18662137,1.0191455,0.0,0.095687345,0.0,0.0,9.9952366e-08,-27.585789,2.2421649,0.7473883,0.120000005,0.0,0.15464973,17.740215,17.760216,2848000
hardzero_plus_depr__c0p50__z1p00__lam0p020__nu0p50__psi0p75,hardzero_plus_depr,0.06,34,890,0.0,2,0.18662137,0.18662137,1.0252578,0.0,0.09435005,0.0,0.0,9.846422e-08,-27.260183,2.2556121,0.75187075,0.224,0.0,0.17523943,17.760216,17.780216,2851200
hardzero_plus_depr__c0p50__z1p00__lam0p020__nu0p50__psi0p75,hardzero_plus_depr,0.06,34,891,0.0,2,0.18662137,0.18662138,0.9830659,0.10397623,0.10397623,1.0,1.0085512e-08,9.699825e-08,-26.458513,2.1627882,0.7209294,0.16000001,0.0,0.12564212,17.780216,17.800217,2854400
hardzero_plus_depr__c0p50__z1p00__lam0p020__nu0p50__psi0p75,hardzero_plus_depr,0.06,34,892,0.0,2,0.18662138,0.1866214,0.9458663,0.113274895,0.113274895,1.0,1.08238805e-08,9.55541e-08,-25.470657,2.0809474,0.6936492,0.112,0.0,0.12151327,17.800217,17.820217,2857600
hardzero_plus_depr__c0p50__z1p00__lam0p020__nu0p50__psi0p75,hardzero_plus_depr,0.06,34,893,0.0,2,0.1866214,0.1866214,1.076496,0.0,0.08385017,0.0,0.0,9.413146e-08,-27.398615,2.3683386,0.78944623,0.112,0.0,0.16551952,17.820217,17.840218,2860800
hardzero_plus_depr__c0p50__z1p00__lam0p020__nu0p50__psi0p75,hardzero_plus_depr,0.06,34,894,0.0,2,0.1866214,0.18662141,0.9973458,0.100613035,0.100613035,1.0,9.329846e-09,9.272999e-08,-26.824553,2.1942046,0.73140156,0.208,0.0,0.124944486,17.840218,17.860218,2864000
hardzero_plus_depr__c0p50__z1p00__lam0p020__nu0p50__psi0p75,hardzero_plus_depr,0.06,34,895,0.0,2,0.18662141,0.18662141,1.0273051,0.0,0.09390633,0.0,0.0,9.1349385e-08,-27.031017,2.2601163,0.75337213,0.16000001,0.0,0.13368744,17.860218,17.880219,2867200
hardzero_plus_depr__c0p50__z1p00__lam0p020__nu0p50__psi0p75,hardzero_plus_depr,0.06,34,896,0.0,2,0.18662141,0.18662141,1.018525,0.0,0.09582415,0.0,0.0,8.998934e-08,-27.328068,2.2407997,0.7469332,0.136,0.0,0.14377871,17.880219,17.900219,2870400
hardzero_plus_depr__c0p50__z1p00__lam0p020__nu0p50__psi0p75,hardzero_plus_depr,0.06,34,897,0.0,2,0.18662141,0.18662143,0.98792845,0.10281857,0.10281857,1.0,9.114819e-09,8.864954e-08,-26.025444,2.173486,0.72449535,0.17999999,0.0,0.14643317,17.900219,17.92022,2873600
hardzero_plus_depr__c0p50__z1p00__lam0p020__nu0p50__psi0p75,hardzero_plus_depr,0.06,34,898,0.0,2,0.18662143,0.18662143,1.0350968,0.0,0.09223659,0.0,0.0,8.7329695e-08,-27.825153,2.2772584,0.75908613,0.128,0.0,0.15011945,17.92022,17.94022,2876800
hardzero_plus_depr__c0p50__z1p00__lam0p020__nu0p50__psi0p75,hardzero_plus_depr,0.06,34,899,0.0,2,0.18662143,0.18662143,1.0130327,0.0,0.0970437,0.0,0.0,8.6029495e-08,-26.673357,2.2287164,0.7429055,0.192,0.0,0.15613274,17.94022,17.96022,2880000
hardzero_plus_depr__c0p50__z1p00__lam0p020__nu0p50__psi0p75,hardzero_plus_depr,0.06,34,900,0.0,2,0.18662143,0.18662144,0.97085446,0.10694131,0.10694131,1.0,9.063132e-09,8.474865e-08,-26.563318,2.1359224,0.71197414,0.18400002,0.0,0.12926103,17.96022,17.98022,2883200
hardzero_plus_depr__c0p50__z1p00__lam0p020__nu0p50__psi0p75,hardzero_plus_depr,0.06,34,901,0.0,2,0.18662144,0.18662146,0.9712333,0.10684806,0.10684806,1.0,8.920411e-09,8.3486874e-08,-25.885798,2.136756,0.712252,0.16800001,0.0,0.13600335,17.98022,18.000221,2886400
hardzero_plus_depr__c0p50__z1p00__lam0p020__nu0p50__psi0p75,hardzero_plus_depr,0.06,34,902,0.0,2,0.18662146,0.18662147,0.98690706,0.10306065,0.10306065,1.0,8.47611e-09,8.22439e-08,-27.274393,2.171239,0.7237463,0.192,0.0,0.15393777,18.000221,18.020222,2889600
hardzero_plus_depr__c0p50__z1p00__lam0p020__nu0p50__psi0p75,hardzero_plus_depr,0.06,34,903,0.0,2,0.18662147,0.18662149,0.97548467,0.10580723,0.10580723,1.0,8.57244e-09,8.1019415e-08,-26.35329,2.146109,0.7153697,0.17600001,0.0,0.14890331,18.020222,18.040222,2892800
hardzero_plus_depr__c0p50__z1p00__lam0p020__nu0p50__psi0p75,hardzero_plus_depr,0.06,34,904,0.0,2,0.18662149,0.18662149,1.049041,0.0,0.0893221,0.0,0.0,7.9813155e-08,-27.199892,2.3079364,0.76931214,0.14400001,0.0,0.14591092,18.040222,18.060223,2896000
hardzero_plus_depr__c0p50__z1p00__lam0p020__nu0p50__psi0p75,hardzero_plus_depr,0.06,34,905,0.0,2,0.18662149,0.1866215,0.9726004,0.10651225,0.10651225,1.0,8.374513e-09,7.862488e-08,-27.16357,2.1397636,0.7132546,0.14400001,0.0,0.14359356,18.060223,18.080223,2899200
hardzero_plus_depr__c0p50__z1p00__lam0p020__nu0p50__psi0p75,hardzero_plus_depr,0.06,34,906,0.0,2,0.1866215,0.1866215,1.0472847,0.0,0.089684054,0.0,0.0,7.7454274e-08,-27.621704,2.3040724,0.76802415,0.18400002,0.0,0.18785547,18.080223,18.100224,2902400
hardzero_plus_depr__c0p50__z1p00__lam0p020__nu0p50__psi0p75,hardzero_plus_depr,0.06,34,907,0.0,2,0.1866215,0.18662152,0.9956003,0.10101821,0.10101821,1.0,7.7078015e-09,7.6301106e-08,-26.269974,2.1903644,0.7301215,0.216,0.0,0.1482477,18.100224,18.120224,2905600
hardzero_plus_depr__c0p50__z1p00__lam0p020__nu0p50__psi0p75,hardzero_plus_depr,0.06,34,908,0.0,2,0.18662152,0.18662153,0.98892146,0.10258374,0.10258374,1.0,7.710717e-09,7.5165104e-08,-26.251099,2.1756706,0.72522354,0.18400002,0.0,0.12820907,18.120224,18.140224,2908800
hardzero_plus_depr__c0p50__z1p00__lam0p020__nu0p50__psi0p75,hardzero_plus_depr,0.06,34,909,0.0,2,0.18662153,0.18662153,1.0167152,0.0,0.09622431,0.0,0.0,7.4046014e-08,-27.091805,2.236818,0.74560606,0.192,0.0,0.15886284,18.140224,18.160225,2912000
hardzero_plus_depr__c0p50__z1p00__lam0p020__nu0p50__psi0p75,hardzero_plus_depr,0.06,34,910,0.0,2,0.18662153,0.18662155,0.9780491,0.10518429,0.10518429,1.0,7.6725195e-09,7.294359e-08,-26.108498,2.151751,0.71725035,0.19,0.0,0.134162,18.160225,18.180225,2915200
hardzero_plus_depr__c0p50__z1p00__lam0p020__nu0p50__psi0p75,hardzero_plus_depr,0.06,34,911,0.0,2,0.18662155,0.18662156,0.95874625,0.10996481,0.10996481,1.0,7.9018045e-09,7.185758e-08,-25.938208,2.109284,0.70309466,0.2,0.0,0.13555883,18.180225,18.200226,2918400
hardzero_plus_depr__c0p50__z1p00__lam0p020__nu0p50__psi0p75,hardzero_plus_depr,0.06,34,912,0.0,2,0.18662156,0.18662156,0.9900782,0.10231086,0.10231086,1.0,7.242354e-09,7.0787735e-08,-27.182886,2.1782155,0.72607183,0.128,0.0,0.15406868,18.200226,18.220226,2921600
hardzero_plus_depr__c0p50__z1p00__lam0p020__nu0p50__psi0p75,hardzero_plus_depr,0.06,34,913,0.0,2,0.18662156,0.18662156,0.9714606,0.10679216,0.10679216,1.0,7.4470248e-09,6.9733815e-08,-27.159756,2.137256,0.7124187,0.2,0.0,0.16569309,18.220226,18.240227,2924800
hardzero_plus_depr__c0p50__z1p00__lam0p020__nu0p50__psi0p75,hardzero_plus_depr,0.06,34,914,0.0,2,0.18662156,0.18662156,0.972264,0.10659478,0.10659478,1.0,7.3225914e-09,6.869559e-08,-26.209198,2.1390235,0.71300787,0.17600001,0.0,0.15450127,18.240227,18.260227,2928000
hardzero_plus_depr__c0p50__z1p00__lam0p020__nu0p50__psi0p75,hardzero_plus_depr,0.06,34,915,0.0,2,0.18662156,0.18662156,0.98667157,0.10311657,0.10311657,1.0,6.9781896e-09,6.767282e-08,-26.408392,2.1707208,0.7235736,0.16000001,0.008,0.1479042,18.260227,18.280228,2931200
hardzero_plus_depr__c0p50__z1p00__lam0p020__nu0p50__psi0p75,hardzero_plus_depr,0.06,34,916,0.0,2,0.18662156,0.18662156,0.99936557,0.10014618,0.10014618,1.0,6.6762738e-09,6.666529e-08,-26.773884,2.1986482,0.73288274,0.16800001,0.0,0.13636889,18.280228,18.300228,2934400
hardzero_plus_depr__c0p50__z1p00__lam0p020__nu0p50__psi0p75,hardzero_plus_depr,0.06,34,917,0.0,2,0.18662156,0.18662156,0.9990985,0.100207806,0.100207806,1.0,6.580922e-09,6.567275e-08,-26.482214,2.1980605,0.7326869,0.192,0.0,0.13883032,18.300228,18.320229,2937600
hardzero_plus_depr__c0p50__z1p00__lam0p020__nu0p50__psi0p75,hardzero_plus_depr,0.06,34,918,0.0,2,0.18662156,0.18662156,0.9839409,0.10376696,0.10376696,1.0,6.7132016e-09,6.469498e-08,-26.219639,2.1647131,0.7215711,0.120000005,0.0,0.13182351,18.320229,18.340229,2940800
hardzero_plus_depr__c0p50__z1p00__lam0p020__nu0p50__psi0p75,hardzero_plus_depr,0.06,34,919,0.0,2,0.18662156,0.18662156,1.0081204,0.0,0.09814757,0.0,0.0,6.373178e-08,-26.533636,2.217909,0.73930305,0.18400002,0.0,0.14308983,18.340229,18.36023,2944000
hardzero_plus_depr__c0p50__z1p00__lam0p020__nu0p50__psi0p75,hardzero_plus_depr,0.06,34,920,0.0,2,0.18662156,0.18662156,1.0180776,0.0,0.09592292,0.0,0.0,6.278292e-08,-26.814209,2.2398155,0.74660516,0.136,0.0,0.14519747,18.36023,18.38023,2947200
hardzero_plus_depr__c0p50__z1p00__lam0p020__nu0p50__psi0p75,hardzero_plus_depr,0.06,34,921,0.0,2,0.18662156,0.18662156,0.9817372,0.10429482,0.10429482,1.0,6.4504446e-09,6.1848176e-08,-26.590927,2.159865,0.71995497,0.17600001,0.0,0.15072265,18.38023,18.40023,2950400
hardzero_plus_depr__c0p50__z1p00__lam0p020__nu0p50__psi0p75,hardzero_plus_depr,0.06,34,922,0.0,2,0.18662156,0.18662156,0.97442526,0.10606564,0.10606564,1.0,6.4622996e-09,6.092736e-08,-26.973553,2.1437783,0.7145928,0.2,0.0,0.1627887,18.40023,18.42023,2953600
hardzero_plus_depr__c0p50__z1p00__lam0p020__nu0p50__psi0p75,hardzero_plus_depr,0.06,34,923,0.0,2,0.18662156,0.18662156,1.0276557,0.0,0.09383055,0.0,0.0,6.002024e-08,-27.09015,2.2608876,0.7536292,0.11,0.0,0.13935013,18.42023,18.440231,2956800
hardzero_plus_depr__c0p50__z1p00__lam0p020__nu0p50__psi0p75,hardzero_plus_depr,0.06,34,924,0.0,2,0.18662156,0.18662156,1.0000577,0.0,0.09998672,0.0,0.0,5.9126638e-08,-26.591482,2.2001708,0.7333903,0.192,0.0,0.1405976,18.440231,18.460232,2960000
hardzero_plus_depr__c0p50__z1p00__lam0p020__nu0p50__psi0p75,hardzero_plus_depr,0.06,34,925,0.0,2,0.18662156,0.18662156,1.0397838,0.0,0.091246486,0.0,0.0,5.824634e-08,-26.617092,2.28757,0.76252335,0.16000001,0.0,0.16264246,18.460232,18.480232,2963200
hardzero_plus_depr__c0p50__z1p00__lam0p020__nu0p50__psi0p75,hardzero_plus_depr,0.06,34,926,0.0,2,0.18662156,0.18662156,0.98054653,0.10458117,0.10458117,1.0,6.000778e-09,5.7379147e-08,-26.748215,2.1572454,0.7190818,0.14400001,0.0,0.13243274,18.480232,18.500233,2966400
hardzero_plus_depr__c0p50__z1p00__lam0p020__nu0p50__psi0p75,hardzero_plus_depr,0.06,34,927,0.0,2,0.18662156,0.18662156,1.0532106,0.0,0.08846865,0.0,0.0,5.652486e-08,-28.97954,2.3171096,0.77236986,0.2,0.0,0.14567614,18.500233,18.520233,2969600
hardzero_plus_depr__c0p50__z1p00__lam0p020__nu0p50__psi0p75,hardzero_plus_depr,0.06,34,928,0.0,2,0.18662156,0.18662156,1.0028659,0.0,0.09934228,0.0,0.0,5.5683298e-08,-26.546368,2.2063491,0.73544973,0.080000006,0.0,0.13931142,18.520233,18.540234,2972800
hardzero_plus_depr__c0p50__z1p00__lam0p020__nu0p50__psi0p75,hardzero_plus_depr,0.06,34,929,0.0,2,0.18662156,0.18662156,1.0064354,0.0,0.09852913,0.0,0.0,5.4854265e-08,-27.248373,2.2142022,0.7380674,0.128,0.0,0.15896794,18.540234,18.560234,2976000
hardzero_plus_depr__c0p50__z1p00__lam0p020__nu0p50__psi0p75,hardzero_plus_depr,0.06,34,930,0.0,2,0.18662156,0.18662156,1.0107943,0.0,0.09754517,0.0,0.0,5.4037567e-08,-26.718994,2.2237918,0.741264,0.2,0.0,0.1538119,18.560234,18.580235,2979200
hardzero_plus_depr__c0p50__z1p00__lam0p020__nu0p50__psi0p75,hardzero_plus_depr,0.06,34,931,0.0,2,0.18662156,0.18662156,1.0222532,0.0,0.09500509,0.0,0.0,5.3233038e-08,-28.551395,2.2490017,0.7496673,0.096,0.0,0.15297933,18.580235,18.600235,2982400
hardzero_plus_depr__c0p50__z1p00__lam0p020__nu0p50__psi0p75,hardzero_plus_depr,0.06,34,932,0.0,2,0.18662156,0.18662156,1.0004337,0.0,0.0999002,0.0,0.0,5.2440484e-08,-26.968008,2.200998,0.73366606,0.18400002,0.0,0.15040307,18.600235,18.620235,2985600
hardzero_plus_depr__c0p50__z1p00__lam0p020__nu0p50__psi0p75,hardzero_plus_depr,0.06,34,933,0.0,2,0.18662156,0.18662156,1.0243812,0.0,0.09454071,0.0,0.0,5.1659725e-08,-27.822996,2.2536836,0.75122786,0.18400002,0.0,0.16145174,18.620235,18.640236,2988800
hardzero_plus_depr__c0p50__z1p00__lam0p020__nu0p50__psi0p75,hardzero_plus_depr,0.06,34,934,0.0,2,0.18662156,0.18662156,1.0505255,0.0,0.0890173,0.0,0.0,5.0890595e-08,-29.156122,2.3112023,0.77040076,0.15200001,0.0,0.15376334,18.640236,18.660236,2992000
hardzero_plus_depr__c0p50__z1p00__lam0p020__nu0p50__psi0p75,hardzero_plus_depr,0.06,34,935,0.0,2,0.18662156,0.18662156,0.9959006,0.100948386,0.100948386,1.0,5.060837e-09,5.013292e-08,-26.871119,2.191025,0.7303417,0.15200001,0.0,0.15180404,18.660236,18.680237,2995200
hardzero_plus_depr__c0p50__z1p00__lam0p020__nu0p50__psi0p75,hardzero_plus_depr,0.06,34,936,0.0,2,0.18662156,0.18662156,1.0423301,0.0,0.09071306,0.0,0.0,4.9386518e-08,-27.876257,2.2931721,0.7643907,0.13,0.0,0.1657676,18.680237,18.700237,2998400
hardzero_plus_depr__c0p50__z1p00__lam0p020__nu0p50__psi0p75,hardzero_plus_depr,0.06,34,937,0.0,2,0.18662156,0.18662156,0.97879994,0.105002604,0.105002604,1.0,5.1085065e-09,4.8651234e-08,-26.515146,2.1534028,0.717801,0.16000001,0.0,0.14565764,18.700237,18.720238,3001600
hardzero_plus_depr__c0p50__z1p00__lam0p020__nu0p50__psi0p75,hardzero_plus_depr,0.06,34,938,0.0,2,0.18662156,0.18662156,1.0109838,0.0,0.09750259,0.0,0.0,4.7926893e-08,-27.302067,2.2242088,0.741403,0.15200001,0.0,0.15836921,18.720238,18.740238,3004800
hardzero_plus_depr__c0p50__z1p00__lam0p020__nu0p50__psi0p75,hardzero_plus_depr,0.06,34,939,0.0,2,0.18662156,0.18662156,0.99670696,0.10076112,0.10076112,1.0,4.757269e-09,4.7213337e-08,-26.842693,2.192799,0.73093307,0.120000005,0.0,0.14022629,18.740238,18.760239,3008000
hardzero_plus_depr__c0p50__z1p00__lam0p020__nu0p50__psi0p75,hardzero_plus_depr,0.06,34,940,0.0,2,0.18662156,0.18662156,0.9945793,0.10125599,0.10125599,1.0,4.7094573e-09,4.6510408e-08,-26.844076,2.1881182,0.72937274,0.16800001,0.0,0.14024076,18.760239,18.78024,3011200
hardzero_plus_depr__c0p50__z1p00__lam0p020__nu0p50__psi0p75,hardzero_plus_depr,0.06,34,941,0.0,2,0.18662156,0.18662156,0.98328644,0.10392344,0.10392344,1.0,4.7615583e-09,4.581794e-08,-26.723236,2.1632733,0.72109115,0.16800001,0.008,0.14643009,18.78024,18.80024,3014400
hardzero_plus_depr__c0p50__z1p00__lam0p020__nu0p50__psi0p75,hardzero_plus_depr,0.06,34,942,0.0,2,0.18662156,0.18662156,1.0613878,0.0,0.08681849,0.0,0.0,4.513579e-08,-28.005129,2.3350997,0.77836657,0.104,0.0,0.16824505,18.80024,18.82024,3017600
hardzero_plus_depr__c0p50__z1p00__lam0p020__nu0p50__psi0p75,hardzero_plus_depr,0.06,34,943,0.0,2,0.18662156,0.18662156,0.99501616,0.101154186,0.101154186,1.0,4.497698e-09,4.4463786e-08,-25.962202,2.1890793,0.7296931,0.16000001,0.0,0.14360942,18.82024,18.84024,3020800
hardzero_plus_depr__c0p50__z1p00__lam0p020__nu0p50__psi0p75,hardzero_plus_depr,0.06,34,944,0.0,2,0.18662156,0.18662156,1.0176685,0.0,0.096013315,0.0,0.0,4.380179e-08,-27.061394,2.2389154,0.74630517,0.14400001,0.0,0.16763288,18.84024,18.86024,3024000
hardzero_plus_depr__c0p50__z1p00__lam0p020__nu0p50__psi0p75,hardzero_plus_depr,0.06,34,945,0.0,2,0.18662156,0.18662156,0.99336535,0.10153942,0.10153942,1.0,4.381391e-09,4.3149655e-08,-27.735767,2.1854475,0.7284825,0.16000001,0.0,0.15337147,18.86024,18.880241,3027200
hardzero_plus_depr__c0p50__z1p00__lam0p020__nu0p50__psi0p75,hardzero_plus_depr,0.06,34,946,0.0,2,0.18662156,0.18662156,1.0103093,0.0,0.097654134,0.0,0.0,4.2507228e-08,-27.235872,2.222725,0.7409083,0.18400002,0.0,0.1504654,18.880241,18.900242,3030400
hardzero_plus_depr__c0p50__z1p00__lam0p020__nu0p50__psi0p75,hardzero_plus_depr,0.06,34,947,0.0,2,0.18662156,0.18662156,0.9745054,0.106046066,0.106046066,1.0,4.4406114e-09,4.187436e-08,-26.228466,2.1439548,0.7146516,0.216,0.0,0.15175965,18.900242,18.920242,3033600
hardzero_plus_depr__c0p50__z1p00__lam0p020__nu0p50__psi0p75,hardzero_plus_depr,0.06,34,948,0.0,2,0.18662156,0.18662156,0.9948186,0.10120019,0.10120019,1.0,4.1746007e-09,4.1250917e-08,-26.612553,2.1886446,0.7295482,0.2,0.0,0.14582519,18.920242,18.940243,3036800
hardzero_plus_depr__c0p50__z1p00__lam0p020__nu0p50__psi0p75,hardzero_plus_depr,0.06,34,949,0.0,2,0.18662156,0.18662156,1.0205736,0.0,0.0953732,0.0,0.0,4.0636756e-08,-27.86789,2.2453067,0.7484356,0.17999999,0.0,0.15354316,18.940243,18.960243,3040000
hardzero_plus_depr__c0p50__z1p00__lam0p020__nu0p50__psi0p75,hardzero_plus_depr,0.06,34,950,0.0,2,0.18662156,0.18662156,1.008953,0.0,0.09795959,0.0,0.0,4.0031743e-08,-27.112764,2.2197409,0.73991364,0.15200001,0.0,0.16726558,18.960243,18.980244,3043200
hardzero_plus_depr__c0p50__z1p00__lam0p020__nu0p50__psi0p75,hardzero_plus_depr,0.06,34,951,0.0,2,0.18662156,0.18662156,0.9674482,0.10778338,0.10778338,1.0,4.250517e-09,3.9435736e-08,-26.22872,2.1284285,0.7094762,0.14400001,0.0,0.12542412,18.980244,19.000244,3046400
hardzero_plus_depr__c0p50__z1p00__lam0p020__nu0p50__psi0p75,hardzero_plus_depr,0.06,34,952,0.0,2,0.18662156,0.18662156,0.9766997,0.105511606,0.105511606,1.0,4.098978e-09,3.88486e-08,-26.644009,2.1487823,0.7162608,0.14400001,0.0,0.15235138,19.000244,19.020245,3049600
hardzero_plus_depr__c0p50__z1p00__lam0p020__nu0p50__psi0p75,hardzero_plus_depr,0.06,34,953,0.0,2,0.18662156,0.18662156,1.0167772,0.0,0.09621059,0.0,0.0,3.8270205e-08,-27.061113,2.2369545,0.7456515,0.18400002,0.0,0.15233497,19.020245,19.040245,3052800
hardzero_plus_depr__c0p50__z1p00__lam0p020__nu0p50__psi0p75,hardzero_plus_depr,0.06,34,954,0.0,2,0.18662156,0.18662156,1.0322373,0.0,0.0928459,0.0,0.0,3.7700424e-08,-27.230787,2.2709675,0.7569892,0.192,0.0,0.13854752,19.040245,19.060246,3056000
hardzero_plus_depr__c0p50__z1p00__lam0p020__nu0p50__psi0p75,hardzero_plus_depr,0.06,34,955,0.0,2,0.18662156,0.18662156,1.0024244,0.0,0.09944332,0.0,0.0,3.7139124e-08,-27.039488,2.2053776,0.7351259,0.104,0.0,0.1487626,19.060246,19.080246,3059200
hardzero_plus_depr__c0p50__z1p00__lam0p020__nu0p50__psi0p75,hardzero_plus_depr,0.06,34,956,0.0,2,0.18662156,0.18662156,0.99884,0.10026746,0.10026746,1.0,3.6684038e-09,3.6586183e-08,-27.043182,2.197492,0.73249733,0.17600001,0.0,0.14820066,19.080246,19.100246,3062400
hardzero_plus_depr__c0p50__z1p00__lam0p020__nu0p50__psi0p75,hardzero_plus_depr,0.06,34,957,0.0,2,0.18662156,0.18662156,1.0077494,0.0,0.09823145,0.0,0.0,3.6041474e-08,-27.115053,2.217093,0.739031,0.17600001,0.008,0.14996508,19.100246,19.120247,3065600
hardzero_plus_depr__c0p50__z1p00__lam0p020__nu0p50__psi0p75,hardzero_plus_depr,0.06,34,958,0.0,2,0.18662156,0.18662156,1.0495712,0.0,0.089213155,0.0,0.0,3.5504872e-08,-27.555756,2.3091025,0.7697009,0.14400001,0.0,0.20163928,19.120247,19.140247,3068800
hardzero_plus_depr__c0p50__z1p00__lam0p020__nu0p50__psi0p75,hardzero_plus_depr,0.06,34,959,0.0,2,0.18662156,0.18662156,0.9814482,0.10436427,0.10436427,1.0,3.650272e-09,3.4976264e-08,-26.248152,2.159229,0.719743,0.136,0.0,0.11597214,19.140247,19.160248,3072000
hardzero_plus_depr__c0p50__z1p00__lam0p020__nu0p50__psi0p75,hardzero_plus_depr,0.06,34,960,0.0,2,0.18662156,0.18662156,0.9800142,0.10470944,0.10470944,1.0,3.6078183e-09,3.445552e-08,-26.6948,2.1560743,0.71869147,0.18400002,0.0,0.1194115,19.160248,19.180248,3075200
hardzero_plus_depr__c0p50__z1p00__lam0p020__nu0p50__psi0p75,hardzero_plus_depr,0.06,34,961,0.0,2,0.18662156,0.18662156,0.99868864,0.10030241,0.10030241,1.0,3.4045184e-09,3.3942538e-08,-26.652834,2.1971588,0.7323863,0.23200001,0.0,0.11917008,19.180248,19.200249,3078400
hardzero_plus_depr__c0p50__z1p00__lam0p020__nu0p50__psi0p75,hardzero_plus_depr,0.06,34,962,0.0,2,0.18662156,0.18662156,1.03887,0.0,0.091438696,0.0,0.0,3.343718e-08,-27.287548,2.2855597,0.7618532,0.07,0.0,0.13795052,19.200249,19.22025,3081600
hardzero_plus_depr__c0p50__z1p00__lam0p020__nu0p50__psi0p75,hardzero_plus_depr,0.06,34,963,0.0,2,0.18662156,0.18662156,1.0160365,0.0,0.0963748,0.0,0.0,3.2939358e-08,-26.582228,2.2353249,0.7451083,0.192,0.008,0.15321937,19.22025,19.24025,3084800
hardzero_plus_depr__c0p50__z1p00__lam0p020__nu0p50__psi0p75,hardzero_plus_depr,0.06,34,964,0.0,2,0.18662156,0.18662156,0.9593166,0.1098205,0.1098205,1.0,3.5635594e-09,3.2448945e-08,-26.884125,2.1105387,0.7035129,0.16800001,0.0,0.13098435,19.24025,19.26025,3088000
hardzero_plus_depr__c0p50__z1p00__lam0p020__nu0p50__psi0p75,hardzero_plus_depr,0.06,34,965,0.0,2,0.18662156,0.18662156,1.056719,0.0,0.08775685,0.0,0.0,3.1965833e-08,-27.034338,2.3248281,0.77494276,0.104,0.0,0.15488891,19.26025,19.28025,3091200
hardzero_plus_depr__c0p50__z1p00__lam0p020__nu0p50__psi0p75,hardzero_plus_depr,0.06,34,966,0.0,2,0.18662156,0.18662156,0.9820525,0.10421913,0.10421913,1.0,3.2818512e-09,3.148991e-08,-26.460058,2.1605587,0.72018623,0.16000001,0.0,0.1555555,19.28025,19.300251,3094400
hardzero_plus_depr__c0p50__z1p00__lam0p020__nu0p50__psi0p75,hardzero_plus_depr,0.06,34,967,0.0,2,0.18662156,0.18662156,1.0412592,0.0,0.09093705,0.0,0.0,3.1021077e-08,-28.2772,2.2908158,0.7636053,0.15200001,0.0,0.18542409,19.300251,19.320251,3097600
hardzero_plus_depr__c0p50__z1p00__lam0p020__nu0p50__psi0p75,hardzero_plus_depr,0.06,34,968,0.0,2,0.18662156,0.18662156,1.0360367,0.0,0.092037186,0.0,0.0,3.0559217e-08,-27.524227,2.2793262,0.7597754,0.16000001,0.0,0.1715555,19.320251,19.340252,3100800
hardzero_plus_depr__c0p50__z1p00__lam0p020__nu0p50__psi0p75,hardzero_plus_depr,0.06,34,969,0.0,2,0.18662156,0.18662156,1.01607,0.0,0.09636736,0.0,0.0,3.0104243e-08,-26.946932,2.2353988,0.7451329,0.18400002,0.0,0.1314528,19.340252,19.360252,3104000
hardzero_plus_depr__c0p50__z1p00__lam0p020__nu0p50__psi0p75,hardzero_plus_depr,0.06,34,970,0.0,2,0.18662156,0.18662156,0.9863793,0.103185974,0.103185974,1.0,3.0600873e-09,2.965604e-08,-27.187202,2.1700778,0.7233593,0.192,0.0,0.15127279,19.360252,19.380253,3107200
hardzero_plus_depr__c0p50__z1p00__lam0p020__nu0p50__psi0p75,hardzero_plus_depr,0.06,34,971,0.0,2,0.18662156,0.18662156,0.9620765,0.109124824,0.109124824,1.0,3.1880283e-09,2.921451e-08,-26.10899,2.1166105,0.70553684,0.192,0.0,0.14731435,19.380253,19.400253,3110400
hardzero_plus_depr__c0p50__z1p00__lam0p020__nu0p50__psi0p75,hardzero_plus_depr,0.06,34,972,0.0,2,0.18662156,0.18662156,1.0248328,0.0,0.09444243,0.0,0.0,2.8779551e-08,-27.403917,2.2546773,0.75155914,0.120000005,0.0,0.15011111,19.400253,19.420254,3113600
hardzero_plus_depr__c0p50__z1p00__lam0p020__nu0p50__psi0p75,hardzero_plus_depr,0.06,34,973,0.0,2,0.18662156,0.18662156,1.0352064,0.0,0.092213295,0.0,0.0,2.8351069e-08,-27.38951,2.2774997,0.7591666,0.136,0.0,0.14359319,19.420254,19.440254,3116800
hardzero_plus_depr__c0p50__z1p00__lam0p020__nu0p50__psi0p75,hardzero_plus_depr,0.06,34,974,0.0,2,0.18662156,0.18662156,0.97285974,0.10644868,0.10644868,1.0,2.9730018e-09,2.7928968e-08,-26.507921,2.1403341,0.7134447,0.2,0.0,0.15065399,19.440254,19.460255,3120000
hardzero_plus_depr__c0p50__z1p00__lam0p020__nu0p50__psi0p75,hardzero_plus_depr,0.06,34,975,0.0,2,0.18662156,0.18662156,1.0089053,0.0,0.09797036,0.0,0.0,2.751315e-08,-28.018486,2.219636,0.73987865,0.14,0.0,0.13366883,19.460255,19.480255,3123200
hardzero_plus_depr__c0p50__z1p00__lam0p020__nu0p50__psi0p75,hardzero_plus_depr,0.06,34,976,0.0,2,0.18662156,0.18662156,1.0496546,0.0,0.08919601,0.0,0.0,2.7103525e-08,-28.719814,2.309286,0.76976204,0.14400001,0.0,0.16069098,19.480255,19.500256,3126400
hardzero_plus_depr__c0p50__z1p00__lam0p020__nu0p50__psi0p75,hardzero_plus_depr,0.06,34,977,0.0,2,0.18662156,0.18662156,1.0093566,0.0,0.09786859,0.0,0.0,2.6699997e-08,-27.230022,2.220629,0.7402097,0.128,0.0,0.14557049,19.500256,19.520256,3129600
hardzero_plus_depr__c0p50__z1p00__lam0p020__nu0p50__psi0p75,hardzero_plus_depr,0.06,34,978,0.0,2,0.18662156,0.18662156,1.0577264,0.0,0.0875535,0.0,0.0,2.6302473e-08,-27.581568,2.3270445,0.7756815,0.16000001,0.0,0.15842062,19.520256,19.540257,3132800
hardzero_plus_depr__c0p50__z1p00__lam0p020__nu0p50__psi0p75,hardzero_plus_depr,0.06,34,979,0.0,2,0.18662156,0.18662156,1.0340112,0.0,0.09246742,0.0,0.0,2.5910873e-08,-28.5256,2.2748702,0.75829005,0.16800001,0.0,0.16876271,19.540257,19.560257,3136000
hardzero_plus_depr__c0p50__z1p00__lam0p020__nu0p50__psi0p75,hardzero_plus_depr,0.06,34,980,0.0,2,0.18662156,0.18662156,0.96741164,0.107792445,0.107792445,1.0,2.7514133e-09,2.5525104e-08,-26.830708,2.128348,0.7094494,0.17600001,0.0,0.14050893,19.560257,19.580257,3139200
hardzero_plus_depr__c0p50__z1p00__lam0p020__nu0p50__psi0p75,hardzero_plus_depr,0.06,34,981,0.0,2,0.18662156,0.18662156,0.9994433,0.10012828,0.10012828,1.0,2.5177331e-09,2.5145075e-08,-25.73272,2.1988192,0.7329397,0.14400001,0.0,0.12696628,19.580257,19.600258,3142400
hardzero_plus_depr__c0p50__z1p00__lam0p020__nu0p50__psi0p75,hardzero_plus_depr,0.06,34,982,0.0,2,0.18662156,0.18662156,0.9943605,0.10130701,0.10130701,1.0,2.5094462e-09,2.4770706e-08,-27.28181,2.1876369,0.7292123,0.136,0.0,0.14122942,19.600258,19.620258,3145600
hardzero_plus_depr__c0p50__z1p00__lam0p020__nu0p50__psi0p75,hardzero_plus_depr,0.06,34,983,0.0,2,0.18662156,0.18662156,0.9853426,0.10343258,0.10343258,1.0,2.5239522e-09,2.4401906e-08,-26.56269,2.167797,0.722599,0.16000001,0.0,0.12962237,19.620258,19.640259,3148800
hardzero_plus_depr__c0p50__z1p00__lam0p020__nu0p50__psi0p75,hardzero_plus_depr,0.06,34,984,0.0,2,0.18662156,0.18662156,0.9766079,0.10553393,0.10553393,1.0,2.536888e-09,2.4038602e-08,-25.329975,2.1485803,0.71619344,0.112,0.0,0.12748156,19.640259,19.66026,3152000
hardzero_plus_depr__c0p50__z1p00__lam0p020__nu0p50__psi0p75,hardzero_plus_depr,0.06,34,985,0.0,2,0.18662156,0.18662156,0.98458266,0.10361375,0.10361375,1.0,2.4536468e-09,2.3680707e-08,-26.899033,2.166125,0.7220417,0.128,0.0,0.13944373,19.66026,19.68026,3155200
hardzero_plus_depr__c0p50__z1p00__lam0p020__nu0p50__psi0p75,hardzero_plus_depr,0.06,34,986,0.0,2,0.18662156,0.18662156,1.0852271,0.0,0.08218126,0.0,0.0,2.332814e-08,-28.38002,2.3875473,0.7958491,0.17600001,0.0,0.1717337,19.68026,19.70026,3158400
hardzero_plus_depr__c0p50__z1p00__lam0p020__nu0p50__psi0p75,hardzero_plus_depr,0.06,34,987,0.0,2,0.18662156,0.18662156,1.0166563,0.0,0.09623736,0.0,0.0,2.2980823e-08,-26.47962,2.2366884,0.7455628,0.14400001,0.008,0.17825234,19.70026,19.72026,3161600
hardzero_plus_depr__c0p50__z1p00__lam0p020__nu0p50__psi0p75,hardzero_plus_depr,0.06,34,988,0.0,2,0.18662156,0.18662156,0.96266025,0.108978234,0.108978234,1.0,2.4671225e-09,2.2638671e-08,-27.280783,2.117895,0.705965,0.14999999,0.0,0.13941641,19.72026,19.740261,3164800
hardzero_plus_depr__c0p50__z1p00__lam0p020__nu0p50__psi0p75,hardzero_plus_depr,0.06,34,989,0.0,2,0.18662156,0.18662156,0.9920399,0.101849765,0.101849765,1.0,2.2714146e-09,2.2301618e-08,-27.116467,2.1825314,0.72751045,0.120000005,0.0,0.13673615,19.740261,19.760262,3168000
hardzero_plus_depr__c0p50__z1p00__lam0p020__nu0p50__psi0p75,hardzero_plus_depr,0.06,34,990,0.0,2,0.18662156,0.18662156,1.0105187,0.0,0.09760707,0.0,0.0,2.1969585e-08,-26.667686,2.2231855,0.74106187,0.15200001,0.0,0.17141783,19.760262,19.780262,3171200
hardzero_plus_depr__c0p50__z1p00__lam0p020__nu0p50__psi0p75,hardzero_plus_depr,0.06,34,991,0.0,2,0.18662156,0.18662156,0.9674846,0.10777433,0.10777433,1.0,2.332505e-09,2.1642492e-08,-25.408762,2.1285086,0.7095029,0.208,0.0,0.11955707,19.780262,19.800262,3174400
hardzero_plus_depr__c0p50__z1p00__lam0p020__nu0p50__psi0p75,hardzero_plus_depr,0.06,34,992,0.0,2,0.18662156,0.18662156,1.0634086,0.0,0.08641545,0.0,0.0,2.132027e-08,-28.486618,2.3395457,0.7798486,0.16800001,0.0,0.14178304,19.800262,19.820263,3177600
hardzero_plus_depr__c0p50__z1p00__lam0p020__nu0p50__psi0p75,hardzero_plus_depr,0.06,34,993,0.0,2,0.18662156,0.18662156,1.0135897,0.0,0.0969193,0.0,0.0,2.1002846e-08,-28.557272,2.229942,0.743314,0.15200001,0.0,0.15797864,19.820263,19.840263,3180800
hardzero_plus_depr__c0p50__z1p00__lam0p020__nu0p50__psi0p75,hardzero_plus_depr,0.06,34,994,0.0,2,0.18662156,0.18662156,0.98743343,0.102935836,0.102935836,1.0,2.1297575e-09,2.0690146e-08,-27.380856,2.172397,0.7241323,0.17600001,0.0,0.14270566,19.840263,19.860264,3184000
hardzero_plus_depr__c0p50__z1p00__lam0p020__nu0p50__psi0p75,hardzero_plus_depr,0.06,34,995,0.0,2,0.18662156,0.18662156,0.96157515,0.10925084,0.10925084,1.0,2.2267619e-09,2.0382103e-08,-26.976189,2.1155076,0.7051692,0.208,0.0,0.12807962,19.860264,19.880264,3187200
hardzero_plus_depr__c0p50__z1p00__lam0p020__nu0p50__psi0p75,hardzero_plus_depr,0.06,34,996,0.0,2,0.18662156,0.18662156,1.033255,0.0,0.09262858,0.0,0.0,2.0078646e-08,-27.918104,2.2732062,0.75773543,0.120000005,0.0,0.13541822,19.880264,19.900265,3190400
hardzero_plus_depr__c0p50__z1p00__lam0p020__nu0p50__psi0p75,hardzero_plus_depr,0.06,34,997,0.0,2,0.18662156,0.18662156,0.9923778,0.10177056,0.10177056,1.0,2.0129918e-09,1.9779707e-08,-26.484726,2.1832747,0.7277583,0.14400001,0.0,0.13545536,19.900265,19.920265,3193600
hardzero_plus_depr__c0p50__z1p00__lam0p020__nu0p50__psi0p75,hardzero_plus_depr,0.06,34,998,0.0,2,0.18662156,0.18662156,1.0538971,0.0,0.0883289,0.0,0.0,1.948522e-08,-28.614317,2.31862,0.77287334,0.080000006,0.0,0.14849843,19.920265,19.940266,3196800
hardzero_plus_depr__c0p50__z1p00__lam0p020__nu0p50__psi0p75,hardzero_plus_depr,0.06,34,999,0.0,2,0.18662156,0.18662156,1.024809,0.0,0.09444761,0.0,0.0,1.9195115e-08,-27.78543,2.2546248,0.7515416,0.16800001,0.0,0.14550115,19.940266,19.960266,3200000
hardzero_plus_depr__c0p50__z1p00__lam0p020__nu0p50__psi0p75,hardzero_plus_depr,0.06,34,1000,0.0,2,0.18662156,0.18662156,1.0179597,0.0,0.09594897,0.0,0.0,1.8909333e-08,-27.357508,2.239556,0.74651873,0.16000001,0.0,0.15265876,19.960266,19.980267,3203200
hardzero_plus_depr__c0p50__z1p00__lam0p020__nu0p50__psi0p75,hardzero_plus_depr,0.06,34,1001,0.0,2,0.18662156,0.18662156,1.0355109,0.0,0.09214868,0.0,0.0,1.8627802e-08,-27.58368,2.2781694,0.7593898,0.14,0.0,0.16385084,19.980267,20.000267,3206400
hardzero_plus_depr__c0p50__z1p00__lam0p020__nu0p50__psi0p75,hardzero_plus_depr,0.06,34,1002,0.0,2,0.18662156,0.18662156,0.9585538,0.11001356,0.11001356,1.0,2.0187998e-09,1.8350464e-08,-26.488922,2.1088605,0.7029535,0.16000001,0.0,0.15841681,20.000267,20.020267,3209600
hardzero_plus_depr__c0p50__z1p00__lam0p020__nu0p50__psi0p75,hardzero_plus_depr,0.06,34,1003,0.0,2,0.18662156,0.18662156,1.0459898,0.0,0.08995188,0.0,0.0,1.8077253e-08,-27.50506,2.3012235,0.7670745,0.112,0.0,0.1451638,20.020267,20.040268,3212800
hardzero_plus_depr__c0p50__z1p00__lam0p020__nu0p50__psi0p75,hardzero_plus_depr,0.06,34,1004,0.0,2,0.18662156,0.18662156,1.0236971,0.0,0.09468971,0.0,0.0,1.7808112e-08,-27.002901,2.2521787,0.7507262,0.17600001,0.0,0.13925382,20.040268,20.060268,3216000
hardzero_plus_depr__c0p50__z1p00__lam0p020__nu0p50__psi0p75,hardzero_plus_depr,0.06,34,1005,0.0,2,0.18662156,0.18662156,1.0106184,0.0,0.09758466,0.0,0.0,1.7542979e-08,-26.947815,2.223405,0.741135,0.136,0.0,0.15189742,20.060268,20.080269,3219200
hardzero_plus_depr__c0p50__z1p00__lam0p020__nu0p50__psi0p75,hardzero_plus_depr,0.06,34,1006,0.0,2,0.18662156,0.18662156,1.0300139,0.0,0.093322426,0.0,0.0,1.7281792e-08,-27.488806,2.2660758,0.75535864,0.14400001,0.0,0.17311013,20.080269,20.10027,3222400
hardzero_plus_depr__c0p50__z1p00__lam0p020__nu0p50__psi0p75,hardzero_plus_depr,0.06,34,1007,0.0,2,0.18662156,0.18662156,1.0030547,0.0,0.09929908,0.0,0.0,1.7024494e-08,-26.79979,2.2067645,0.7355882,0.16800001,0.008,0.1455234,20.10027,20.12027,3225600
hardzero_plus_depr__c0p50__z1p00__lam0p020__nu0p50__psi0p75,hardzero_plus_depr,0.06,34,1008,0.0,2,0.18662156,0.18662156,1.0070486,0.0,0.09839009,0.0,0.0,1.6771025e-08,-27.53006,2.2155511,0.73851705,0.24000001,0.0,0.16702183,20.12027,20.14027,3228800
hardzero_plus_depr__c0p50__z1p00__lam0p020__nu0p50__psi0p75,hardzero_plus_depr,0.06,34,1009,0.0,2,0.18662156,0.18662156,1.041584,0.0,0.09086904,0.0,0.0,1.6521332e-08,-27.953896,2.2915306,0.76384354,0.112,0.0,0.17743939,20.14027,20.16027,3232000
hardzero_plus_depr__c0p50__z1p00__lam0p020__nu0p50__psi0p75,hardzero_plus_depr,0.06,34,1010,0.0,2,0.18662156,0.18662156,1.0086874,0.0,0.09801953,0.0,0.0,1.6275356e-08,-27.32836,2.2191565,0.73971885,0.17600001,0.0,0.17730528,20.16027,20.180271,3235200
hardzero_plus_depr__c0p50__z1p00__lam0p020__nu0p50__psi0p75,hardzero_plus_depr,0.06,34,1011,0.0,2,0.18662156,0.18662156,1.0116105,0.0,0.097362004,0.0,0.0,1.6033043e-08,-27.991299,2.2255876,0.74186254,0.16800001,0.0,0.1676585,20.180271,20.200272,3238400
hardzero_plus_depr__c0p50__z1p00__lam0p020__nu0p50__psi0p75,hardzero_plus_depr,0.06,34,1012,0.0,2,0.18662156,0.18662156,1.0054146,0.0,0.09876098,0.0,0.0,1.5794335e-08,-27.762287,2.2119563,0.73731875,0.128,0.0,0.15972263,20.200272,20.220272,3241600
hardzero_plus_depr__c0p50__z1p00__lam0p020__nu0p50__psi0p75,hardzero_plus_depr,0.06,34,1013,0.0,2,0.18662156,0.18662156,0.9865147,0.103153825,0.103153825,1.0,1.6049894e-09,1.5559184e-08,-26.043243,2.1703756,0.7234585,0.14400001,0.0,0.12553741,20.220272,20.240273,3244800
hardzero_plus_depr__c0p50__z1p00__lam0p020__nu0p50__psi0p75,hardzero_plus_depr,0.06,34,1014,0.0,2,0.18662156,0.18662156,1.014446,0.0,0.09672839,0.0,0.0,1.5327531e-08,-26.35497,2.2318258,0.74394196,0.099999994,0.0,0.12247699,20.240273,20.260273,3248000
hardzero_plus_depr__c0p50__z1p00__lam0p020__nu0p50__psi0p75,hardzero_plus_depr,0.06,34,1015,0.0,2,0.18662156,0.18662156,1.0634651,0.0,0.0864042,0.0,0.0,1.509933e-08,-28.780607,2.33967,0.77989,0.112,0.0,0.17513965,20.260273,20.280273,3251200
hardzero_plus_depr__c0p50__z1p00__lam0p020__nu0p50__psi0p75,hardzero_plus_depr,0.06,34,1016,0.0,2,0.18662156,0.18662156,1.0655947,0.0,0.08598156,0.0,0.0,1.4874526e-08,-28.30826,2.344355,0.7814517,0.192,0.0,0.1929792,20.280273,20.300274,3254400
hardzero_plus_depr__c0p50__z1p00__lam0p020__nu0p50__psi0p75,hardzero_plus_depr,0.06,34,1017,0.0,2,0.18662156,0.18662156,1.0732039,0.0,0.08448819,0.0,0.0,1.4653066e-08,-29.050854,2.3610957,0.7870319,0.08800001,0.0,0.15226135,20.300274,20.320274,3257600
hardzero_plus_depr__c0p50__z1p00__lam0p020__nu0p50__psi0p75,hardzero_plus_depr,0.06,34,1018,0.0,2,0.18662156,0.18662156,1.0588887,0.0,0.08731951,0.0,0.0,1.4434907e-08,-27.716303,2.3296015,0.77653384,0.15200001,0.0,0.14990626,20.320274,20.340275,3260800
hardzero_plus_depr__c0p50__z1p00__lam0p020__nu0p50__psi0p75,hardzero_plus_depr,0.06,34,1019,0.0,2,0.18662156,0.18662156,1.0546337,0.0,0.08817921,0.0,0.0,1.4219993e-08,-28.117645,2.3202405,0.77341354,0.120000005,0.0,0.14601095,20.340275,20.360275,3264000
hardzero_plus_depr__c0p50__z1p00__lam0p020__nu0p50__psi0p75,hardzero_plus_depr,0.06,34,1020,0.0,2,0.18662156,0.18662156,1.047596,0.0,0.0896198,0.0,0.0,1.4008281e-08,-27.64531,2.304757,0.7682524,0.112,0.0,0.15096515,20.360275,20.380276,3267200
hardzero_plus_depr__c0p50__z1p00__lam0p020__nu0p50__psi0p75,hardzero_plus_depr,0.06,34,1021,0.0,2,0.18662156,0.18662156,0.995699,0.10099526,0.10099526,1.0,1.3937064e-09,1.37997205e-08,-27.630672,2.1905816,0.73019385,0.272,0.0,0.15233634,20.380276,20.400276,3270400
hardzero_plus_depr__c0p50__z1p00__lam0p020__nu0p50__psi0p75,hardzero_plus_depr,0.06,34,1022,0.0,2,0.18662156,0.18662156,1.0185392,0.0,0.095821016,0.0,0.0,1.3594264e-08,-26.684841,2.240831,0.74694365,0.136,0.0,0.14635122,20.400276,20.420277,3273600
hardzero_plus_depr__c0p50__z1p00__lam0p020__nu0p50__psi0p75,hardzero_plus_depr,0.06,34,1023,0.0,2,0.18662156,0.18662156,1.0168542,0.0,0.09619352,0.0,0.0,1.3391867e-08,-27.49063,2.2371237,0.7457079,0.136,0.0,0.16334271,20.420277,20.440277,3276800
hardzero_plus_depr__c0p50__z1p00__lam0p020__nu0p50__psi0p75,hardzero_plus_depr,0.06,34,1024,0.0,2,0.18662156,0.18662156,0.98821336,0.10275113,0.10275113,1.0,1.3555426e-09,1.31924836e-08,-26.699146,2.1741128,0.72470427,0.16000001,0.0,0.13276531,20.440277,20.460278,3280000
hardzero_plus_depr__c0p50__z1p00__lam0p020__nu0p50__psi0p75,hardzero_plus_depr,0.06,34,1025,0.0,2,0.18662156,0.18662156,1.0531656,0.0,0.08847783,0.0,0.0,1.299607e-08,-27.26554,2.3170104,0.77233684,0.208,0.0,0.14438945,20.460278,20.480278,3283200
hardzero_plus_depr__c0p50__z1p00__lam0p020__nu0p50__psi0p75,hardzero_plus_depr,0.06,34,1026,0.0,2,0.18662156,0.18662156,0.98951924,0.10244262,0.10244262,1.0,1.3115298e-09,1.2802579e-08,-26.557323,2.1769857,0.72566193,0.15200001,0.0,0.12681195,20.480278,20.500278,3286400
hardzero_plus_depr__c0p50__z1p00__lam0p020__nu0p50__psi0p75,hardzero_plus_depr,0.06,34,1027,0.0,2,0.18662156,0.18662156,0.9969402,0.10070704,0.10070704,1.0,1.2701141e-09,1.2611969e-08,-26.4461,2.1933122,0.7311041,0.14,0.0,0.17204379,20.500278,20.520279,3289600
hardzero_plus_depr__c0p50__z1p00__lam0p020__nu0p50__psi0p75,hardzero_plus_depr,0.06,34,1028,0.0,2,0.18662156,0.18662156,0.9753668,0.105835944,0.105835944,1.0,1.3149266e-09,1.2424197e-08,-25.608025,2.1458497,0.7152833,0.16000001,0.0,0.12998132,20.520279,20.54028,3292800
hardzero_plus_depr__c0p50__z1p00__lam0p020__nu0p50__psi0p75,hardzero_plus_depr,0.06,34,1029,0.0,2,0.18662156,0.18662156,1.0254034,0.0,0.09431845,0.0,0.0,1.2239219e-08,-27.551699,2.2559326,0.75197756,0.096,0.0,0.15975904,20.54028,20.56028,3296000
hardzero_plus_depr__c0p50__z1p00__lam0p020__nu0p50__psi0p75,hardzero_plus_depr,0.06,34,1030,0.0,2,0.18662156,0.18662156,1.0081135,0.0,0.098149136,0.0,0.0,1.2056998e-08,-27.371891,2.217894,0.73929805,0.17600001,0.0,0.16611598,20.56028,20.58028,3299200
hardzero_plus_depr__c0p50__z1p00__lam0p020__nu0p50__psi0p75,hardzero_plus_depr,0.06,34,1031,0.0,2,0.18662156,0.18662156,0.9901813,0.10228658,0.10228658,1.0,1.2149076e-09,1.1877488e-08,-27.257378,2.1784425,0.72614753,0.16800001,0.0,0.14098454,20.58028,20.60028,3302400
hardzero_plus_depr__c0p50__z1p00__lam0p020__nu0p50__psi0p75,hardzero_plus_depr,0.06,34,1032,0.0,2,0.18662156,0.18662156,1.075223,0.0,0.08409633,0.0,0.0,1.1700652e-08,-29.255512,2.3655376,0.7885126,0.136,0.0,0.14965688,20.60028,20.620281,3305600
hardzero_plus_depr__c0p50__z1p00__lam0p020__nu0p50__psi0p75,hardzero_plus_depr,0.06,34,1033,0.0,2,0.18662156,0.18662156,1.0266916,0.0,0.0940391,0.0,0.0,1.1526447e-08,-27.327263,2.2587664,0.7529222,0.192,0.0,0.1439272,20.620281,20.640282,3308800
hardzero_plus_depr__c0p50__z1p00__lam0p020__nu0p50__psi0p75,hardzero_plus_depr,0.06,34,1034,0.0,2,0.18662156,0.18662156,1.0133967,0.0,0.09696238,0.0,0.0,1.1354837e-08,-26.84315,2.2295172,0.7431724,0.15200001,0.008,0.14800441,20.640282,20.660282,3312000
hardzero_plus_depr__c0p50__z1p00__lam0p020__nu0p50__psi0p75,hardzero_plus_depr,0.06,34,1035,0.0,2,0.18662156,0.18662156,0.97721934,0.10538545,0.10538545,1.0,1.1788187e-09,1.1185782e-08,-26.483839,2.1499255,0.71664184,0.17600001,0.0,0.12737472,20.660282,20.680283,3315200
hardzero_plus_depr__c0p50__z1p00__lam0p020__nu0p50__psi0p75,hardzero_plus_depr,0.06,34,1036,0.0,2,0.18662156,0.18662156,0.99708736,0.10067292,0.10067292,1.0,1.1093394e-09,1.1019243e-08,-27.119457,2.193636,0.731212,0.14400001,0.0,0.13007683,20.680283,20.700283,3318400
hardzero_plus_depr__c0p50__z1p00__lam0p020__nu0p50__psi0p75,hardzero_plus_depr,0.06,34,1037,0.0,2,0.18662156,0.18662156,0.98704696,0.10302746,0.10302746,1.0,1.1183822e-09,1.0855185e-08,-26.553087,2.1715467,0.72384894,0.18400002,0.0,0.14706662,20.700283,20.720284,3321600
hardzero_plus_depr__c0p50__z1p00__lam0p020__nu0p50__psi0p75,hardzero_plus_depr,0.06,34,1038,0.0,2,0.18662156,0.18662156,1.0104294,0.0,0.097627155,0.0,0.0,1.0693568e-08,-26.764349,2.222989,0.74099636,0.15200001,0.0,0.12860838,20.720284,20.740284,3324800
hardzero_plus_depr__c0p50__z1p00__lam0p020__nu0p50__psi0p75,hardzero_plus_depr,0.06,34,1039,0.0,2,0.18662156,0.18662156,0.98111385,0.104444645,0.104444645,1.0,1.1002574e-09,1.0534359e-08,-26.225525,2.1584935,0.71949786,0.18400002,0.0,0.11899077,20.740284,20.760284,3328000
hardzero_plus_depr__c0p50__z1p00__lam0p020__nu0p50__psi0p75,hardzero_plus_depr,0.06,34,1040,0.0,2,0.18662156,0.18662156,1.0148146,0.0,0.096646324,0.0,0.0,1.0377518e-08,-27.338182,2.2326367,0.74421227,0.17999999,0.0,0.16053398,20.760284,20.780285,3331200
hardzero_plus_depr__c0p50__z1p00__lam0p020__nu0p50__psi0p75,hardzero_plus_depr,0.06,34,1041,0.0,2,0.18662156,0.18662156,0.97462714,0.10601636,0.10601636,1.0,1.0838068e-09,1.0223014e-08,-26.175806,2.1442225,0.7147409,0.128,0.0,0.14420362,20.780285,20.800285,3334400
hardzero_plus_depr__c0p50__z1p00__lam0p020__nu0p50__psi0p75,hardzero_plus_depr,0.06,34,1042,0.0,2,0.18662156,0.18662156,1.0338163,0.0,0.092508934,0.0,0.0,1.0070809e-08,-27.962492,2.2744415,0.7581472,0.18400002,0.0,0.13889709,20.800285,20.820286,3337600
hardzero_plus_depr__c0p50__z1p00__lam0p020__nu0p50__psi0p75,hardzero_plus_depr,0.06,34,1043,0.0,2,0.18662156,0.18662156,0.9922898,0.10179118,0.10179118,1.0,1.0098572e-09,9.920871e-09,-26.61894,2.1830812,0.72769374,0.15200001,0.0,0.13906609,20.820286,20.840286,3340800
hardzero_plus_depr__c0p50__z1p00__lam0p020__nu0p50__psi0p75,hardzero_plus_depr,0.06,34,1044,0.0,2,0.18662156,0.18662156,1.006075,0.0,0.09861091,0.0,0.0,9.773165e-09,-27.161226,2.2134092,0.7378031,0.16800001,0.0,0.15663353,20.840286,20.860287,3344000
hardzero_plus_depr__c0p50__z1p00__lam0p020__nu0p50__psi0p75,hardzero_plus_depr,0.06,34,1045,0.0,2,0.18662156,0.18662156,0.9774057,0.10534024,0.10534024,1.0,1.0141799e-09,9.627659e-09,-25.806524,2.1503356,0.7167785,0.14400001,0.0,0.13683195,20.860287,20.880287,3347200
hardzero_plus_depr__c0p50__z1p00__lam0p020__nu0p50__psi0p75,hardzero_plus_depr,0.06,34,1046,0.0,2,0.18662156,0.18662156,1.010514,0.0,0.09760811,0.0,0.0,9.484318e-09,-26.47073,2.2231753,0.74105847,0.136,0.0,0.14379771,20.880287,20.900288,3350400
hardzero_plus_depr__c0p50__z1p00__lam0p020__nu0p50__psi0p75,hardzero_plus_depr,0.06,34,1047,0.0,2,0.18662156,0.18662156,1.0300525,0.0,0.09331413,0.0,0.0,9.343111e-09,-27.069107,2.2661607,0.75538695,0.17600001,0.0,0.16604657,20.900288,20.920288,3353600
hardzero_plus_depr__c0p50__z1p00__lam0p020__nu0p50__psi0p75,hardzero_plus_depr,0.06,34,1048,0.0,2,0.18662156,0.18662156,1.0238384,0.0,0.09465893,0.0,0.0,9.204008e-09,-27.660963,2.2524893,0.7508298,0.136,0.0,0.14588036,20.920288,20.940289,3356800
hardzero_plus_depr__c0p50__z1p00__lam0p020__nu0p50__psi0p75,hardzero_plus_depr,0.06,34,1049,0.0,2,0.18662156,0.18662156,1.0293671,0.0,0.09346152,0.0,0.0,9.066975e-09,-27.188162,2.2646527,0.75488424,0.16800001,0.0,0.16103417,20.940289,20.960289,3360000
hardzero_plus_depr__c0p50__z1p00__lam0p020__nu0p50__psi0p75,hardzero_plus_depr,0.06,34,1050,0.0,2,0.18662156,0.18662156,1.0125679,0.0,0.09714762,0.0,0.0,8.931982e-09,-27.127287,2.2276938,0.7425646,0.136,0.0,0.16468011,20.960289,20.98029,3363200
hardzero_plus_depr__c0p50__z1p00__lam0p020__nu0p50__psi0p75,hardzero_plus_depr,0.06,34,1051,0.0,2,0.18662156,0.18662156,1.056605,0.0,0.08777989,0.0,0.0,8.799e-09,-28.015589,2.3245773,0.77485913,0.16000001,0.0,0.19143747,20.98029,21.00029,3366400
hardzero_plus_depr__c0p50__z1p00__lam0p020__nu0p50__psi0p75,hardzero_plus_depr,0.06,34,1052,0.0,2,0.18662156,0.18662156,1.0088757,0.0,0.097977035,0.0,0.0,8.667996e-09,-27.223984,2.2195709,0.73985696,0.120000005,0.0,0.12950787,21.00029,21.02029,3369600
hardzero_plus_depr__c0p50__z1p00__lam0p020__nu0p50__psi0p75,hardzero_plus_depr,0.06,34,1053,0.0,2,0.18662156,0.18662156,1.0181254,0.0,0.09591235,0.0,0.0,8.538944e-09,-27.42976,2.2399206,0.7466402,0.21,0.0,0.15939234,21.02029,21.04029,3372800
hardzero_plus_depr__c0p50__z1p00__lam0p020__nu0p50__psi0p75,hardzero_plus_depr,0.06,34,1054,0.0,2,0.18662156,0.18662156,1.00366,0.0,0.099160805,0.0,0.0,8.411813e-09,-27.207567,2.208096,0.736032,0.17600001,0.0,0.1446633,21.04029,21.060291,3376000
hardzero_plus_depr__c0p50__z1p00__lam0p020__nu0p50__psi0p75,hardzero_plus_depr,0.06,34,1055,0.0,2,0.18662156,0.18662156,1.0249099,0.0,0.094425686,0.0,0.0,8.286575e-09,-27.194908,2.2548468,0.75161564,0.112,0.0,0.1555645,21.060291,21.080292,3379200
hardzero_plus_depr__c0p50__z1p00__lam0p020__nu0p50__psi0p75,hardzero_plus_depr,0.06,34,1056,0.0,2,0.18662156,0.18662156,1.0549942,0.0,0.08810606,0.0,0.0,8.163201e-09,-28.050507,2.3210337,0.77367795,0.136,0.0,0.12798351,21.080292,21.100292,3382400
hardzero_plus_depr__c0p50__z1p00__lam0p020__nu0p50__psi0p75,hardzero_plus_depr,0.06,34,1057,0.0,2,0.18662156,0.18662156,1.0405056,0.0,0.091094956,0.0,0.0,8.041663e-09,-26.754128,2.289158,0.7630527,0.128,0.0,0.1418676,21.100292,21.120293,3385600
hardzero_plus_depr__c0p50__z1p00__lam0p020__nu0p50__psi0p75,hardzero_plus_depr,0.06,34,1058,0.0,2,0.18662156,0.18662156,1.0304351,0.0,0.093231976,0.0,0.0,7.921936e-09,-27.723299,2.2670023,0.75566745,0.14400001,0.0,0.14186485,21.120293,21.140293,3388800
hardzero_plus_depr__c0p50__z1p00__lam0p020__nu0p50__psi0p75,hardzero_plus_depr,0.06,34,1059,0.0,2,0.18662156,0.18662156,0.9832149,0.10394057,0.10394057,1.0,8.111513e-10,7.803991e-09,-26.374475,2.163116,0.7210387,0.24000001,0.008,0.13504599,21.140293,21.160294,3392000
hardzero_plus_depr__c0p50__z1p00__lam0p020__nu0p50__psi0p75,hardzero_plus_depr,0.06,34,1060,0.0,2,0.18662156,0.18662156,0.9879393,0.10281599,0.10281599,1.0,7.9042906e-10,7.687802e-09,-26.735867,2.1735098,0.7245033,0.17600001,0.0,0.14535287,21.160294,21.180294,3395200
hardzero_plus_depr__c0p50__z1p00__lam0p020__nu0p50__psi0p75,hardzero_plus_depr,0.06,34,1061,0.0,2,0.18662156,0.18662156,0.9957925,0.10097352,0.10097352,1.0,7.647071e-10,7.573343e-09,-27.124865,2.1907873,0.73026246,0.15200001,0.0,0.12421525,21.180294,21.200294,3398400
hardzero_plus_depr__c0p50__z1p00__lam0p020__nu0p50__psi0p75,hardzero_plus_depr,0.06,34,1062,0.0,2,0.18662156,0.18662156,1.0105436,0.0,0.09760148,0.0,0.0,7.460588e-09,-27.677763,2.2232404,0.74108016,0.17600001,0.0,0.19095762,21.200294,21.220295,3401600
hardzero_plus_depr__c0p50__z1p00__lam0p020__nu0p50__psi0p75,hardzero_plus_depr,0.06,34,1063,0.0,2,0.18662156,0.18662156,1.0659229,0.0,0.08591661,0.0,0.0,7.349512e-09,-27.911657,2.345077,0.7816924,0.17600001,0.0,0.14644611,21.220295,21.240295,3404800
hardzero_plus_depr__c0p50__z1p00__lam0p020__nu0p50__psi0p75,hardzero_plus_depr,0.06,34,1064,0.0,2,0.18662156,0.18662156,1.015611,0.0,0.096469246,0.0,0.0,7.2400894e-09,-27.844112,2.2343888,0.7447963,0.128,0.0,0.14041196,21.240295,21.260296,3408000
hardzero_plus_depr__c0p50__z1p00__lam0p020__nu0p50__psi0p75,hardzero_plus_depr,0.06,34,1065,0.0,2,0.18662156,0.18662156,0.95757806,0.11026099,0.11026099,1.0,7.8641404e-10,7.132296e-09,-25.840572,2.1067138,0.70223796,0.16000001,0.0,0.13205639,21.260296,21.280296,3411200
hardzero_plus_depr__c0p50__z1p00__lam0p020__nu0p50__psi0p75,hardzero_plus_depr,0.06,34,1066,0.0,2,0.18662156,0.18662156,1.0356693,0.0,0.09211507,0.0,0.0,7.0261077e-09,-27.16685,2.278518,0.759506,0.19999999,0.0,0.17549863,21.280296,21.300297,3414400
hardzero_plus_depr__c0p50__z1p00__lam0p020__nu0p50__psi0p75,hardzero_plus_depr,0.06,34,1067,0.0,2,0.18662156,0.18662156,1.0259145,0.0,0.094207495,0.0,0.0,6.9215003e-09,-27.493414,2.257057,0.75235236,0.18400002,0.0,0.1372452,21.300297,21.320297,3417600
hardzero_plus_depr__c0p50__z1p00__lam0p020__nu0p50__psi0p75,hardzero_plus_depr,0.06,34,1068,0.0,2,0.18662156,0.18662156,1.0609446,0.0,0.086907126,0.0,0.0,6.81845e-09,-28.031162,2.3341246,0.77804154,0.14400001,0.0,0.16074753,21.320297,21.340298,3420800
hardzero_plus_depr__c0p50__z1p00__lam0p020__nu0p50__psi0p75,hardzero_plus_depr,0.06,34,1069,0.0,2,0.18662156,0.18662156,1.0177827,0.0,0.09598807,0.0,0.0,6.7169412e-09,-27.276396,2.2391667,0.7463889,0.112,0.0,0.15525055,21.340298,21.360298,3424000
hardzero_plus_depr__c0p50__z1p00__lam0p020__nu0p50__psi0p75,hardzero_plus_depr,0.06,34,1070,0.0,2,0.18662156,0.18662156,1.0356241,0.0,0.09212465,0.0,0.0,6.6169297e-09,-27.066925,2.2784185,0.75947285,0.192,0.0,0.17075689,21.360298,21.380299,3427200
hardzero_plus_depr__c0p50__z1p00__lam0p020__nu0p50__psi0p75,hardzero_plus_depr,0.06,34,1071,0.0,2,0.18662156,0.18662156,0.99500036,0.10115786,0.10115786,1.0,6.593882e-10,6.518408e-09,-26.543224,2.1890445,0.7296815,0.216,0.0,0.15637995,21.380299,21.4003,3430400
hardzero_plus_depr__c0p50__z1p00__lam0p020__nu0p50__psi0p75,hardzero_plus_depr,0.06,34,1072,0.0,2,0.18662156,0.18662156,1.0499119,0.0,0.08914318,0.0,0.0,6.4213657e-09,-28.105236,2.3098521,0.76995075,0.16000001,0.0,0.17740236,21.4003,21.4203,3433600
hardzero_plus_depr__c0p50__z1p00__lam0p020__nu0p50__psi0p75,hardzero_plus_depr,0.06,34,1073,0.0,2,0.18662156,0.18662156,1.0581903,0.0,0.08746004,0.0,0.0,6.325768e-09,-28.209118,2.3280652,0.7760217,0.120000005,0.0,0.17074746,21.4203,21.4403,3436800
hardzero_plus_depr__c0p50__z1p00__lam0p020__nu0p50__psi0p75,hardzero_plus_depr,0.06,34,1074,0.0,2,0.18662156,0.18662156,1.0659108,0.0,0.08591898,0.0,0.0,6.2315815e-09,-28.267532,2.3450506,0.78168356,0.16800001,0.0,0.1909117,21.4403,21.4603,3440000
hardzero_plus_depr__c0p50__z1p00__lam0p020__nu0p50__psi0p75,hardzero_plus_depr,0.06,34,1075,0.0,2,0.18662156,0.18662156,1.020676,0.0,0.095350705,0.0,0.0,6.138797e-09,-27.843319,2.245532,0.7485107,0.16000001,0.0,0.15640545,21.4603,21.4803,3443200
hardzero_plus_depr__c0p50__z1p00__lam0p020__nu0p50__psi0p75,hardzero_plus_depr,0.06,34,1076,0.0,2,0.18662156,0.18662156,1.0291548,0.0,0.09350724,0.0,0.0,6.047406e-09,-27.592539,2.2641857,0.75472856,0.192,0.0,0.1532785,21.4803,21.500301,3446400
hardzero_plus_depr__c0p50__z1p00__lam0p020__nu0p50__psi0p75,hardzero_plus_depr,0.06,34,1077,0.0,2,0.18662156,0.18662156,0.9721084,0.106632985,0.106632985,1.0,6.3525274e-10,5.9573755e-09,-27.044216,2.1386812,0.7128937,0.16800001,0.0,0.16017586,21.500301,21.520302,3449600
hardzero_plus_depr__c0p50__z1p00__lam0p020__nu0p50__psi0p75,hardzero_plus_depr,0.06,34,1078,0.0,2,0.18662156,0.18662156,0.976014,0.10567832,0.10567832,1.0,6.201916e-10,5.868674e-09,-27.335415,2.1472738,0.71575797,0.2,0.0,0.14895958,21.520302,21.540302,3452800
hardzero_plus_depr__c0p50__z1p00__lam0p020__nu0p50__psi0p75,hardzero_plus_depr,0.06,34,1079,0.0,2,0.18662156,0.18662156,1.0205075,0.0,0.09538773,0.0,0.0,5.7812937e-09,-28.406952,2.2451613,0.7483871,0.14999999,0.0,0.1228127,21.540302,21.560303,3456000
hardzero_plus_depr__c0p50__z1p00__lam0p020__nu0p50__psi0p75,hardzero_plus_depr,0.06,34,1080,0.0,2,0.18662156,0.18662156,0.9574907,0.11028318,0.11028318,1.0,6.280875e-10,5.6952247e-09,-26.793036,2.1065216,0.7021739,0.2,0.0,0.15909505,21.560303,21.580303,3459200
hardzero_plus_depr__c0p50__z1p00__lam0p020__nu0p50__psi0p75,hardzero_plus_depr,0.06,34,1081,0.0,2,0.18662156,0.18662156,1.0264907,0.0,0.0940826,0.0,0.0,5.610437e-09,-27.314445,2.2583246,0.7527749,0.120000005,0.0,0.14792956,21.580303,21.600304,3462400
hardzero_plus_depr__c0p50__z1p00__lam0p020__nu0p50__psi0p75,hardzero_plus_depr,0.06,34,1082,0.0,2,0.18662156,0.18662156,0.9992078,0.10018258,0.10018258,1.0,5.5369925e-10,5.5269016e-09,-27.56868,2.198301,0.73276705,0.208,0.0,0.1732488,21.600304,21.620304,3465600
hardzero_plus_depr__c0p50__z1p00__lam0p020__nu0p50__psi0p75,hardzero_plus_depr,0.06,34,1083,0.0,2,0.18662156,0.18662156,1.0537251,0.0,0.0883639,0.0,0.0,5.4446097e-09,-27.473812,2.3182416,0.7727472,0.14400001,0.0,0.1462238,21.620304,21.640305,3468800
hardzero_plus_depr__c0p50__z1p00__lam0p020__nu0p50__psi0p75,hardzero_plus_depr,0.06,34,1084,0.0,2,0.18662156,0.18662156,1.0238028,0.0,0.09466669,0.0,0.0,5.363553e-09,-26.77152,2.2524111,0.7508037,0.136,0.0,0.15776901,21.640305,21.660305,3472000
hardzero_plus_depr__c0p50__z1p00__lam0p020__nu0p50__psi0p75,hardzero_plus_depr,0.06,34,1085,0.0,2,0.18662156,0.18662156,0.97011745,0.10712295,0.10712295,1.0,5.6600585e-10,5.2837033e-09,-26.68843,2.134301,0.71143365,0.2,0.0,0.13875212,21.660305,21.680305,3475200
hardzero_plus_depr__c0p50__z1p00__lam0p020__nu0p50__psi0p75,hardzero_plus_depr,0.06,34,1086,0.0,2,0.18662156,0.18662156,0.95490205,0.11094248,0.11094248,1.0,5.774593e-10,5.2050333e-09,-26.355322,2.1008265,0.70027554,0.208,0.0,0.15017949,21.680305,21.700306,3478400
hardzero_plus_depr__c0p50__z1p00__lam0p020__nu0p50__psi0p75,hardzero_plus_depr,0.06,34,1087,0.0,2,0.18662156,0.18662156,0.95472914,0.11098667,0.11098667,1.0,5.690879e-10,5.1275335e-09,-26.397171,2.100446,0.7001487,0.128,0.0,0.13136968,21.700306,21.720306,3481600
hardzero_plus_depr__c0p50__z1p00__lam0p020__nu0p50__psi0p75,hardzero_plus_depr,0.06,34,1088,0.0,2,0.18662156,0.18662156,0.97292715,0.106432155,0.106432155,1.0,5.376098e-10,5.0511972e-09,-26.40345,2.1404824,0.7134942,0.18400002,0.0,0.13065994,21.720306,21.740307,3484800
hardzero_plus_depr__c0p50__z1p00__lam0p020__nu0p50__psi0p75,hardzero_plus_depr,0.06,34,1089,0.0,2,0.18662156,0.18662156,1.0087267,0.0,0.09801066,0.0,0.0,4.9759974e-09,-27.053743,2.219243,0.7397477,0.16000001,0.0,0.14170045,21.740307,21.760307,3488000
hardzero_plus_depr__c0p50__z1p00__lam0p020__nu0p50__psi0p75,hardzero_plus_depr,0.06,34,1090,0.0,2,0.18662156,0.18662156,0.9737001,0.1062429,0.1062429,1.0,5.20793e-10,4.9019087e-09,-27.276829,2.142183,0.714061,0.16000001,0.0,0.1668231,21.760307,21.780308,3491200
hardzero_plus_depr__c0p50__z1p00__lam0p020__nu0p50__psi0p75,hardzero_plus_depr,0.06,34,1091,0.0,2,0.18662156,0.18662156,1.014217,0.0,0.09677941,0.0,0.0,4.8289226e-09,-27.94845,2.231322,0.74377406,0.18400002,0.0,0.16025004,21.780308,21.800308,3494400
hardzero_plus_depr__c0p50__z1p00__lam0p020__nu0p50__psi0p75,hardzero_plus_depr,0.06,34,1092,0.0,2,0.18662156,0.18662156,0.9277022,0.11811304,0.11811304,1.0,5.618675e-10,4.7570317e-09,-24.760145,2.0409856,0.68032855,0.14999999,0.0,0.11497653,21.800308,21.820309,3497600
hardzero_plus_depr__c0p50__z1p00__lam0p020__nu0p50__psi0p75,hardzero_plus_depr,0.06,34,1093,0.0,2,0.18662156,0.18662156,1.0219346,0.0,0.09507479,0.0,0.0,4.6862114e-09,-27.21435,2.248301,0.7494337,0.2,0.0,0.15768716,21.820309,21.84031,3500800
hardzero_plus_depr__c0p50__z1p00__lam0p020__nu0p50__psi0p75,hardzero_plus_depr,0.06,34,1094,0.0,2,0.18662156,0.18662156,1.0403687,0.0,0.0911237,0.0,0.0,4.6164375e-09,-27.655651,2.2888567,0.76295227,0.15200001,0.0,0.15608244,21.84031,21.86031,3504000
hardzero_plus_depr__c0p50__z1p00__lam0p020__nu0p50__psi0p75,hardzero_plus_depr,0.06,34,1095,0.0,2,0.18662156,0.18662156,1.0623004,0.0,0.086636215,0.0,0.0,4.5477013e-09,-28.372534,2.3371077,0.7790359,0.120000005,0.0,0.15620306,21.86031,21.88031,3507200
hardzero_plus_depr__c0p50__z1p00__lam0p020__nu0p50__psi0p75,hardzero_plus_depr,0.06,34,1096,0.0,2,0.18662156,0.18662156,1.0167791,0.0,0.09621015,0.0,0.0,4.4799977e-09,-26.7894,2.2369585,0.74565285,0.2,0.0,0.13677225,21.88031,21.90031,3510400
hardzero_plus_depr__c0p50__z1p00__lam0p020__nu0p50__psi0p75,hardzero_plus_depr,0.06,34,1097,0.0,2,0.18662156,0.18662156,1.0335305,0.0,0.092569835,0.0,0.0,4.413302e-09,-28.018541,2.2738125,0.75793755,0.208,0.0,0.15077208,21.90031,21.920311,3513600
hardzero_plus_depr__c0p50__z1p00__lam0p020__nu0p50__psi0p75,hardzero_plus_depr,0.06,34,1098,0.0,2,0.18662156,0.18662156,1.0478299,0.0,0.08957154,0.0,0.0,4.3475907e-09,-27.968428,2.3052719,0.768424,0.16800001,0.0,0.15796728,21.920311,21.940311,3516800
hardzero_plus_depr__c0p50__z1p00__lam0p020__nu0p50__psi0p75,hardzero_plus_depr,0.06,34,1099,0.0,2,0.18662156,0.18662156,1.0043018,0.0,0.09901435,0.0,0.0,4.282858e-09,-27.31325,2.209508,0.73650265,0.208,0.0,0.1544663,21.940311,21.960312,3520000
hardzero_plus_depr__c0p50__z1p00__lam0p020__nu0p50__psi0p75,hardzero_plus_depr,0.06,34,1100,0.0,2,0.18662156,0.18662156,1.0341636,0.0,0.09243499,0.0,0.0,4.2190975e-09,-27.141392,2.2752054,0.7584018,0.17600001,0.0,0.12883317,21.960312,21.980312,3523200
hardzero_plus_depr__c0p50__z1p00__lam0p020__nu0p50__psi0p75,hardzero_plus_depr,0.06,34,1101,0.0,2,0.18662156,0.18662156,1.0994527,0.0,0.07953297,0.0,0.0,4.1562855e-09,-28.675999,2.4188442,0.80628145,0.16800001,0.0,0.17489606,21.980312,22.000313,3526400
hardzero_plus_depr__c0p50__z1p00__lam0p020__nu0p50__psi0p75,hardzero_plus_depr,0.06,34,1102,0.0,2,0.18662156,0.18662156,1.0334038,0.0,0.092596844,0.0,0.0,4.0944013e-09,-26.331478,2.2735336,0.75784457,0.14400001,0.0,0.14440474,22.000313,22.020313,3529600
hardzero_plus_depr__c0p50__z1p00__lam0p020__nu0p50__psi0p75,hardzero_plus_depr,0.06,34,1103,0.0,2,0.18662156,0.18662156,1.0191194,0.0,0.0956931,0.0,0.0,4.033438e-09,-26.891232,2.2421074,0.74736917,0.15200001,0.008,0.14777437,22.020313,22.040314,3532800
hardzero_plus_depr__c0p50__z1p00__lam0p020__nu0p50__psi0p75,hardzero_plus_depr,0.06,34,1104,0.0,2,0.18662156,0.18662156,1.0303013,0.0,0.093260705,0.0,0.0,3.9733905e-09,-27.625105,2.2667081,0.7555694,0.192,0.0,0.15868104,22.040314,22.060314,3536000
hardzero_plus_depr__c0p50__z1p00__lam0p020__nu0p50__psi0p75,hardzero_plus_depr,0.06,34,1105,0.0,2,0.18662156,0.18662156,0.97160685,0.10675621,0.10675621,1.0,4.178691e-10,3.914237e-09,-26.90421,2.1375778,0.71252596,0.16,0.0,0.14954776,22.060314,22.080315,3539200
hardzero_plus_depr__c0p50__z1p00__lam0p020__nu0p50__psi0p75,hardzero_plus_depr,0.06,34,1106,0.0,2,0.18662156,0.18662156,1.0558009,0.0,0.08794255,0.0,0.0,3.8559564e-09,-26.831282,2.3228085,0.7742695,0.16000001,0.0,0.15581103,22.080315,22.100315,3542400
hardzero_plus_depr__c0p50__z1p00__lam0p020__nu0p50__psi0p75,hardzero_plus_depr,0.06,34,1107,0.0,2,0.18662156,0.18662156,1.0089301,0.0,0.09796477,0.0,0.0,3.798544e-09,-27.556019,2.2196906,0.7398969,0.136,0.0,0.159001,22.100315,22.120316,3545600
hardzero_plus_depr__c0p50__z1p00__lam0p020__nu0p50__psi0p75,hardzero_plus_depr,0.06,34,1108,0.0,2,0.18662156,0.18662156,0.98276746,0.10404769,0.10404769,1.0,3.8934578e-10,3.7419934e-09,-26.630953,2.1621315,0.7207105,0.18400002,0.0,0.13181499,22.120316,22.140316,3548800
hardzero_plus_depr__c0p50__z1p00__lam0p020__nu0p50__psi0p75,hardzero_plus_depr,0.06,34,1109,0.0,2,0.18662156,0.18662156,1.0285821,0.0,0.093630604,0.0,0.0,3.6862842e-09,-26.910236,2.2629259,0.75430864,0.14400001,0.0,0.14122494,22.140316,22.160316,3552000
hardzero_plus_depr__c0p50__z1p00__lam0p020__nu0p50__psi0p75,hardzero_plus_depr,0.06,34,1110,0.0,2,0.18662156,0.18662156,0.9881144,0.10277455,0.10277455,1.0,3.732153e-10,3.6313978e-09,-26.923565,2.1738951,0.7246317,0.14400001,0.0,0.14071672,22.160316,22.180317,3555200
hardzero_plus_depr__c0p50__z1p00__lam0p020__nu0p50__psi0p75,hardzero_plus_depr,0.06,34,1111,0.0,2,0.18662156,0.18662156,1.0161113,0.0,0.09635822,0.0,0.0,3.577329e-09,-27.415363,2.2354894,0.74516314,0.192,0.0,0.17765366,22.180317,22.200317,3558400
hardzero_plus_depr__c0p50__z1p00__lam0p020__nu0p50__psi0p75,hardzero_plus_depr,0.06,34,1112,0.0,2,0.18662156,0.18662156,1.0578122,0.0,0.08753622,0.0,0.0,3.524072e-09,-27.572111,2.3272333,0.77574444,0.128,0.0,0.19975415,22.200317,22.220318,3561600
hardzero_plus_depr__c0p50__z1p00__lam0p020__nu0p50__psi0p75,hardzero_plus_depr,0.06,34,1113,0.0,2,0.18662156,0.18662156,1.0343825,0.0,0.092388414,0.0,0.0,3.4716074e-09,-27.006302,2.2756867,0.75856227,0.17600001,0.0,0.16123202,22.220318,22.240318,3564800
hardzero_plus_depr__c0p50__z1p00__lam0p020__nu0p50__psi0p75,hardzero_plus_depr,0.06,34,1114,0.0,2,0.18662156,0.18662156,0.9806038,0.104567364,0.104567364,1.0,3.5761172e-10,3.4199172e-09,-26.898447,2.1573715,0.71912384,0.17600001,0.0,0.1751401,22.240318,22.260319,3568000
hardzero_plus_depr__c0p50__z1p00__lam0p020__nu0p50__psi0p75,hardzero_plus_depr,0.06,34,1115,0.0,2,0.18662156,0.18662156,0.9863502,0.10319289,0.10319289,1.0,3.4765651e-10,3.3689969e-09,-26.772898,2.1700137,0.7233379,0.28800002,0.0,0.14992422,22.260319,22.28032,3571200
hardzero_plus_depr__c0p50__z1p00__lam0p020__nu0p50__psi0p75,hardzero_plus_depr,0.06,34,1116,0.0,2,0.18662156,0.18662156,1.0679101,0.0,0.08552437,0.0,0.0,3.3188414e-09,-27.928904,2.3494492,0.7831497,0.112,0.0,0.18974753,22.28032,22.30032,3574400
hardzero_plus_depr__c0p50__z1p00__lam0p020__nu0p50__psi0p75,hardzero_plus_depr,0.06,34,1117,0.0,2,0.18662156,0.18662156,1.0183434,0.0,0.09586422,0.0,0.0,3.2694323e-09,-27.480385,2.2404003,0.7468001,0.128,0.0,0.1671073,22.30032,22.32032,3577600
hardzero_plus_depr__c0p50__z1p00__lam0p020__nu0p50__psi0p75,hardzero_plus_depr,0.06,34,1118,0.0,2,0.18662156,0.18662156,1.0245414,0.0,0.09450584,0.0,0.0,3.2207526e-09,-27.08962,2.254036,0.75134534,0.14,0.0,0.13912262,22.32032,22.34032,3580800
hardzero_plus_depr__c0p50__z1p00__lam0p020__nu0p50__psi0p75,hardzero_plus_depr,0.06,34,1119,0.0,2,0.18662156,0.18662156,1.0341665,0.0,0.09243438,0.0,0.0,3.1727976e-09,-27.86354,2.2752116,0.7584039,0.16800001,0.0,0.17575899,22.34032,22.360321,3584000
hardzero_plus_depr__c0p50__z1p00__lam0p020__nu0p50__psi0p75,hardzero_plus_depr,0.06,34,1120,0.0,2,0.18662156,0.18662156,0.99774516,0.10052055,0.10052055,1.0,3.1418332e-10,3.125563e-09,-27.065844,2.1950831,0.7316944,0.16800001,0.0,0.15718716,22.360321,22.380322,3587200
hardzero_plus_depr__c0p50__z1p00__lam0p020__nu0p50__psi0p75,hardzero_plus_depr,0.06,34,1121,0.0,2,0.18662156,0.18662156,0.9843983,0.10365773,0.10365773,1.0,3.1916536e-10,3.079031e-09,-26.38373,2.1657195,0.72190654,0.136,0.0,0.13381863,22.380322,22.400322,3590400
hardzero_plus_depr__c0p50__z1p00__lam0p020__nu0p50__psi0p75,hardzero_plus_depr,0.06,34,1122,0.0,2,0.18662156,0.18662156,1.031856,0.0,0.09292746,0.0,0.0,3.0331864e-09,-27.738283,2.2701285,0.7567095,0.15200001,0.0,0.13778606,22.400322,22.420322,3593600
hardzero_plus_depr__c0p50__z1p00__lam0p020__nu0p50__psi0p75,hardzero_plus_depr,0.06,34,1123,0.0,2,0.18662156,0.18662156,1.064202,0.0,0.086257726,0.0,0.0,2.9880243e-09,-27.681114,2.341291,0.7804303,0.15200001,0.0,0.19020824,22.420322,22.440323,3596800
hardzero_plus_depr__c0p50__z1p00__lam0p020__nu0p50__psi0p75,hardzero_plus_depr,0.06,34,1124,0.0,2,0.18662156,0.18662156,0.99125224,0.10203467,0.10203467,1.0,3.0034314e-10,2.9435399e-09,-27.224392,2.1807985,0.7269329,0.192,0.0,0.13148174,22.440323,22.460323,3600000
hardzero_plus_depr__c0p50__z1p00__lam0p020__nu0p50__psi0p75,hardzero_plus_depr,0.06,34,1125,0.0,2,0.18662156,0.18662156,0.9893381,0.10248537,0.10248537,1.0,2.971787e-10,2.8997182e-09,-26.62126,2.1765873,0.72552913,0.14400001,0.0,0.11686694,22.460323,22.480324,3603200
hardzero_plus_depr__c0p50__z1p00__lam0p020__nu0p50__psi0p75,hardzero_plus_depr,0.06,34,1126,0.0,2,0.18662156,0.18662156,0.94681215,0.113028474,0.113028474,1.0,3.2287076e-10,2.8565434e-09,-25.36945,2.0830283,0.6943428,0.208,0.0,0.12736684,22.480324,22.500324,3606400
hardzero_plus_depr__c0p50__z1p00__lam0p020__nu0p50__psi0p75,hardzero_plus_depr,0.06,34,1127,0.0,2,0.18662156,0.18662156,0.9941803,0.10134905,0.10134905,1.0,2.851974e-10,2.8140115e-09,-27.547062,2.1872404,0.72908014,0.104,0.0,0.13340154,22.500324,22.520325,3609600
hardzero_plus_depr__c0p50__z1p00__lam0p020__nu0p50__psi0p75,hardzero_plus_depr,0.06,34,1128,0.0,2,0.18662156,0.18662156,0.99956024,0.10010131,0.10010131,1.0,2.774926e-10,2.7721179e-09,-26.990396,2.1990764,0.7330255,0.18400002,0.0,0.14056535,22.520325,22.540325,3612800
hardzero_plus_depr__c0p50__z1p00__lam0p020__nu0p50__psi0p75,hardzero_plus_depr,0.06,34,1129,0.0,2,0.18662156,0.18662156,1.0602549,0.0,0.08704523,0.0,0.0,2.7308482e-09,-27.457174,2.3326075,0.77753586,0.16000001,0.0,0.17571042,22.540325,22.560326,3616000
hardzero_plus_depr__c0p50__z1p00__lam0p020__nu0p50__psi0p75,hardzero_plus_depr,0.06,34,1130,0.0,2,0.18662156,0.18662156,1.0057158,0.0,0.0986925,0.0,0.0,2.6901876e-09,-27.060415,2.212619,0.7375397,0.18400002,0.0,0.15489057,22.560326,22.580326,3619200
hardzero_plus_depr__c0p50__z1p00__lam0p020__nu0p50__psi0p75,hardzero_plus_depr,0.06,34,1131,0.0,2,0.18662156,0.18662156,0.96858615,0.10750133,0.10750133,1.0,2.8489275e-10,2.6501323e-09,-25.924753,2.130932,0.7103107,0.14,0.0,0.11150248,22.580326,22.600327,3622400
hardzero_plus_depr__c0p50__z1p00__lam0p020__nu0p50__psi0p75,hardzero_plus_depr,0.06,34,1132,0.0,2,0.18662156,0.18662156,0.9513144,0.11186278,0.11186278,1.0,2.9203778e-10,2.6106788e-09,-25.611454,2.0929334,0.6976445,0.2,0.0,0.12762457,22.600327,22.620327,3625600
hardzero_plus_depr__c0p50__z1p00__lam0p020__nu0p50__psi0p75,hardzero_plus_depr,0.06,34,1133,0.0,2,0.18662156,0.18662156,1.0119646,0.0,0.09728265,0.0,0.0,2.5718123e-09,-26.165884,2.2263665,0.7421222,0.17600001,0.0,0.15556216,22.620327,22.640327,3628800
hardzero_plus_depr__c0p50__z1p00__lam0p020__nu0p50__psi0p75,hardzero_plus_depr,0.06,34,1134,0.0,2,0.18662156,0.18662156,0.9796722,0.104791924,0.104791924,1.0,2.654924e-10,2.5335196e-09,-26.398523,2.1553218,0.71844065,0.16800001,0.0,0.14689195,22.640327,22.660328,3632000
hardzero_plus_depr__c0p50__z1p00__lam0p020__nu0p50__psi0p75,hardzero_plus_depr,0.06,34,1135,0.0,2,0.18662156,0.18662156,1.0070344,0.0,0.0983933,0.0,0.0,2.4957971e-09,-26.507113,2.21552,0.7385067,0.18400002,0.0,0.1382727,22.660328,22.680328,3635200
hardzero_plus_depr__c0p50__z1p00__lam0p020__nu0p50__psi0p75,hardzero_plus_depr,0.06,34,1136,0.0,2,0.18662156,0.18662156,1.0100383,0.0,0.09771511,0.0,0.0,2.458641e-09,-27.433056,2.2221286,0.74070954,0.17600001,0.0,0.1403686,22.680328,22.700329,3638400
hardzero_plus_depr__c0p50__z1p00__lam0p020__nu0p50__psi0p75,hardzero_plus_depr,0.06,34,1137,0.0,2,0.18662156,0.18662156,0.96163195,0.109236576,0.109236576,1.0,2.6457514e-10,2.4220381e-09,-26.483358,2.1156325,0.70521086,0.120000005,0.0,0.14558546,22.700329,22.72033,3641600
hardzero_plus_depr__c0p50__z1p00__lam0p020__nu0p50__psi0p75,hardzero_plus_depr,0.06,34,1138,0.0,2,0.18662156,0.18662156,1.0206251,0.0,0.095361896,0.0,0.0,2.3859756e-09,-27.612528,2.2454202,0.7484734,0.14400001,0.0,0.13426767,22.72033,22.74033,3644800
hardzero_plus_depr__c0p50__z1p00__lam0p020__nu0p50__psi0p75,hardzero_plus_depr,0.06,34,1139,0.0,2,0.18662156,0.18662156,1.0093564,0.0,0.09786866,0.0,0.0,2.35045e-09,-26.631449,2.2206285,0.7402095,0.16000001,0.0,0.15921825,22.74033,22.76033,3648000
hardzero_plus_depr__c0p50__z1p00__lam0p020__nu0p50__psi0p75,hardzero_plus_depr,0.06,34,1140,0.0,2,0.18662156,0.18662156,0.92148644,0.119815655,0.119815655,1.0,2.7742814e-10,2.315458e-09,-25.501163,2.0273106,0.6757702,0.264,0.0,0.14960666,22.76033,22.78033,3651200
hardzero_plus_depr__c0p50__z1p00__lam0p020__nu0p50__psi0p75,hardzero_plus_depr,0.06,34,1141,0.0,2,0.18662156,0.18662156,0.99125195,0.102034725,0.102034725,1.0,2.3273986e-10,2.2809867e-09,-26.261751,2.1807978,0.72693264,0.16800001,0.0,0.14537714,22.78033,22.800331,3654400
hardzero_plus_depr__c0p50__z1p00__lam0p020__nu0p50__psi0p75,hardzero_plus_depr,0.06,34,1142,0.0,2,0.18662156,0.18662156,0.9514454,0.11182904,0.11182904,1.0,2.5128258e-10,2.2470243e-09,-25.63545,2.0932217,0.69774055,0.14400001,0.0,0.14246467,22.800331,22.820332,3657600
hardzero_plus_depr__c0p50__z1p00__lam0p020__nu0p50__psi0p75,hardzero_plus_depr,0.06,34,1143,0.0,2,0.18662156,0.18662156,1.0261155,0.0,0.0941639,0.0,0.0,2.2135676e-09,-27.225414,2.2574992,0.75249976,0.120000005,0.0,0.15240963,22.820332,22.840332,3660800
hardzero_plus_depr__c0p50__z1p00__lam0p020__nu0p50__psi0p75,hardzero_plus_depr,0.06,34,1144,0.0,2,0.18662156,0.18662156,0.9951755,0.10111708,0.10111708,1.0,2.2049725e-10,2.1806132e-09,-27.433832,2.1894298,0.72980994,0.14,0.0,0.13848706,22.840332,22.860332,3664000
hardzero_plus_depr__c0p50__z1p00__lam0p020__nu0p50__psi0p75,hardzero_plus_depr,0.06,34,1145,0.0,2,0.18662156,0.18662156,1.0420356,0.0,0.09077461,0.0,0.0,2.1481494e-09,-27.344696,2.292524,0.7641747,0.136,0.0,0.14590271,22.860332,22.880333,3667200
hardzero_plus_depr__c0p50__z1p00__lam0p020__nu0p50__psi0p75,hardzero_plus_depr,0.06,34,1146,0.0,2,0.18662156,0.18662156,1.0282888,0.0,0.09369387,0.0,0.0,2.1161648e-09,-27.167732,2.2622807,0.7540936,0.17600001,0.0,0.15755576,22.880333,22.900333,3670400
hardzero_plus_depr__c0p50__z1p00__lam0p020__nu0p50__psi0p75,hardzero_plus_depr,0.06,34,1147,0.0,2,0.18662156,0.18662156,1.0391438,0.0,0.09138105,0.0,0.0,2.0846567e-09,-27.58537,2.2861621,0.7620541,0.15200001,0.0,0.1359743,22.900333,22.920334,3673600
hardzero_plus_depr__c0p50__z1p00__lam0p020__nu0p50__psi0p75,hardzero_plus_depr,0.06,34,1148,0.0,2,0.18662156,0.18662156,0.98187894,0.10426081,0.10426081,1.0,2.1411224e-10,2.0536215e-09,-26.678438,2.1601768,0.7200589,0.14400001,0.0,0.12345747,22.920334,22.940334,3676800
hardzero_plus_depr__c0p50__z1p00__lam0p020__nu0p50__psi0p75,hardzero_plus_depr,0.06,34,1149,0.0,2,0.18662156,0.18662156,0.98168534,0.10430728,0.10430728,1.0,2.1101863e-10,2.023048e-09,-26.574621,2.159751,0.719917,0.120000005,0.0,0.119365774,22.940334,22.960335,3680000
hardzero_plus_depr__c0p50__z1p00__lam0p020__nu0p50__psi0p75,hardzero_plus_depr,0.06,34,1150,0.0,2,0.18662156,0.18662156,1.0239148,0.0,0.094642274,0.0,0.0,1.992926e-09,-27.28164,2.2526577,0.7508859,0.2,0.0,0.16204287,22.960335,22.980335,3683200
hardzero_plus_depr__c0p50__z1p00__lam0p020__nu0p50__psi0p75,hardzero_plus_depr,0.06,34,1151,0.0,2,0.18662156,0.18662156,1.0383669,0.0,0.091544665,0.0,0.0,1.9632527e-09,-28.331083,2.284453,0.7614843,0.18400002,0.0,0.16074699,22.980335,23.000336,3686400
hardzero_plus_depr__c0p50__z1p00__lam0p020__nu0p50__psi0p75,hardzero_plus_depr,0.06,34,1152,0.0,2,0.18662156,0.18662156,0.9442736,0.11369108,0.11369108,1.0,2.1988138e-10,1.934025e-09,-26.11235,2.0774434,0.69248116,0.18400002,0.0,0.13989487,23.000336,23.020336,3689600
hardzero_plus_depr__c0p50__z1p00__lam0p020__nu0p50__psi0p75,hardzero_plus_depr,0.06,34,1153,0.0,2,0.18662156,0.18662156,0.96225303,0.10908045,0.10908045,1.0,2.0782358e-10,1.9052322e-09,-26.626284,2.116999,0.7056663,0.208,0.0,0.14486898,23.020336,23.040337,3692800
hardzero_plus_depr__c0p50__z1p00__lam0p020__nu0p50__psi0p75,hardzero_plus_depr,0.06,34,1154,0.0,2,0.18662156,0.18662156,0.9950163,0.10115416,0.10115416,1.0,1.8985268e-10,1.8768647e-09,-27.108198,2.1890795,0.7296932,0.17600001,0.0,0.13199209,23.040337,23.060337,3696000
hardzero_plus_depr__c0p50__z1p00__lam0p020__nu0p50__psi0p75,hardzero_plus_depr,0.06,34,1155,0.0,2,0.18662156,0.18662156,1.0474792,0.0,0.08964393,0.0,0.0,1.8489192e-09,-27.470251,2.3045,0.7681667,0.104,0.0,0.1503994,23.060337,23.080338,3699200
hardzero_plus_depr__c0p50__z1p00__lam0p020__nu0p50__psi0p75,hardzero_plus_depr,0.06,34,1156,0.0,2,0.18662156,0.18662156,0.9635844,0.10874656,0.10874656,1.0,1.9807028e-10,1.8213936e-09,-25.696169,2.1199281,0.70664275,0.18400002,0.0,0.12796639,23.080338,23.100338,3702400
hardzero_plus_depr__c0p50__z1p00__lam0p020__nu0p50__psi0p75,hardzero_plus_depr,0.06,34,1157,0.0,2,0.18662156,0.18662156,0.9820334,0.10422373,0.10422373,1.0,1.8700631e-10,1.7942777e-09,-26.821672,2.1605165,0.72017217,0.17999999,0.0,0.14611737,23.100338,23.120338,3705600
hardzero_plus_depr__c0p50__z1p00__lam0p020__nu0p50__psi0p75,hardzero_plus_depr,0.06,34,1158,0.0,2,0.18662156,0.18662156,1.0010611,0.0,0.099755965,0.0,0.0,1.7675622e-09,-27.464346,2.2023783,0.7341261,0.208,0.0,0.16598906,23.120338,23.140339,3708800
hardzero_plus_depr__c0p50__z1p00__lam0p020__nu0p50__psi0p75,hardzero_plus_depr,0.06,34,1159,0.0,2,0.18662156,0.18662156,1.02329,0.0,0.09477853,0.0,0.0,1.7412443e-09,-27.165802,2.251283,0.75042766,0.23200001,0.0,0.15181547,23.140339,23.16034,3712000
hardzero_plus_depr__c0p50__z1p00__lam0p020__nu0p50__psi0p75,hardzero_plus_depr,0.06,34,1160,0.0,2,0.18662156,0.18662156,1.0386529,0.0,0.091484405,0.0,0.0,1.7153216e-09,-28.020052,2.285082,0.7616941,0.17600001,0.0,0.16574296,23.16034,23.18034,3715200
hardzero_plus_depr__c0p50__z1p00__lam0p020__nu0p50__psi0p75,hardzero_plus_depr,0.06,34,1161,0.0,2,0.18662156,0.18662156,0.9852247,0.10346067,0.10346067,1.0,1.7482626e-10,1.6897848e-09,-26.329857,2.1675377,0.7225126,0.18400002,0.0,0.13450922,23.18034,23.20034,3718400
hardzero_plus_depr__c0p50__z1p00__lam0p020__nu0p50__psi0p75,hardzero_plus_depr,0.06,34,1162,0.0,2,0.18662156,0.18662156,1.0089576,0.0,0.097958565,0.0,0.0,1.664625e-09,-26.862497,2.2197511,0.73991704,0.15200001,0.0,0.14917743,23.20034,23.22034,3721600
hardzero_plus_depr__c0p50__z1p00__lam0p020__nu0p50__psi0p75,hardzero_plus_depr,0.06,34,1163,0.0,2,0.18662156,0.18662156,1.0183239,0.0,0.09586855,0.0,0.0,1.6398398e-09,-27.03473,2.2403574,0.7467858,0.120000005,0.0,0.13572235,23.22034,23.240341,3724800
hardzero_plus_depr__c0p50__z1p00__lam0p020__nu0p50__psi0p75,hardzero_plus_depr,0.06,34,1164,0.0,2,0.18662156,0.18662156,0.9831769,0.10394966,0.10394966,1.0,1.6792308e-10,1.6154269e-09,-26.481064,2.1630323,0.7210108,0.16800001,0.0,0.14779888,23.240341,23.260342,3728000
hardzero_plus_depr__c0p50__z1p00__lam0p020__nu0p50__psi0p75,hardzero_plus_depr,0.06,34,1165,0.0,2,0.18662156,0.18662156,1.0248927,0.0,0.09442942,0.0,0.0,1.5913773e-09,-27.277328,2.254809,0.751603,0.2,0.0,0.16614565,23.260342,23.280342,3731200
hardzero_plus_depr__c0p50__z1p00__lam0p020__nu0p50__psi0p75,hardzero_plus_depr,0.06,34,1166,0.0,2,0.18662156,0.18662156,1.0324272,0.0,0.09280531,0.0,0.0,1.5676825e-09,-27.677402,2.2713852,0.7571284,0.17600001,0.0,0.18633012,23.280342,23.300343,3734400
hardzero_plus_depr__c0p50__z1p00__lam0p020__nu0p50__psi0p75,hardzero_plus_depr,0.06,34,1167,0.0,2,0.18662156,0.18662156,0.9771009,0.1054142,0.1054142,1.0,1.6279546e-10,1.5443409e-09,-26.460327,2.1496649,0.716555,0.208,0.0,0.13246082,23.300343,23.320343,3737600
hardzero_plus_depr__c0p50__z1p00__lam0p020__nu0p50__psi0p75,hardzero_plus_depr,0.06,34,1168,0.0,2,0.18662156,0.18662156,1.0618883,0.0,0.08671847,0.0,0.0,1.5213496e-09,-27.57368,2.336201,0.7787337,0.192,0.0,0.13643548,23.320343,23.340343,3740800
hardzero_plus_depr__c0p50__z1p00__lam0p020__nu0p50__psi0p75,hardzero_plus_depr,0.06,34,1169,0.0,2,0.18662156,0.18662156,1.0328912,0.0,0.09270622,0.0,0.0,1.4987005e-09,-27.247816,2.2724059,0.75746864,0.112,0.0,0.14665416,23.340343,23.360344,3744000
hardzero_plus_depr__c0p50__z1p00__lam0p020__nu0p50__psi0p75,hardzero_plus_depr,0.06,34,1170,0.0,2,0.18662156,0.18662156,0.9520979,0.11166114,0.11166114,1.0,1.6485492e-10,1.4763858e-09,-26.474663,2.0946572,0.69821906,0.13,0.0,0.14862438,23.360344,23.380344,3747200
hardzero_plus_depr__c0p50__z1p00__lam0p020__nu0p50__psi0p75,hardzero_plus_depr,0.06,34,1171,0.0,2,0.18662156,0.18662156,1.0146718,0.0,0.09667812,0.0,0.0,1.4544036e-09,-27.382654,2.2323225,0.7441075,0.16800001,0.0,0.15637244,23.380344,23.400345,3750400
hardzero_plus_depr__c0p50__z1p00__lam0p020__nu0p50__psi0p75,hardzero_plus_depr,0.06,34,1172,0.0,2,0.18662156,0.18662156,0.95568615,0.11074238,0.11074238,1.0,1.5866627e-10,1.4327511e-09,-25.780537,2.1025515,0.7008505,0.16800001,0.0,0.12706369,23.400345,23.420345,3753600
hardzero_plus_depr__c0p50__z1p00__lam0p020__nu0p50__psi0p75,hardzero_plus_depr,0.06,34,1173,0.0,2,0.18662156,0.18662156,1.0030946,0.0,0.09928999,0.0,0.0,1.411421e-09,-26.678045,2.2068522,0.7356174,0.192,0.0,0.15019718,23.420345,23.440346,3756800
hardzero_plus_depr__c0p50__z1p00__lam0p020__nu0p50__psi0p75,hardzero_plus_depr,0.06,34,1174,0.0,2,0.18662156,0.18662156,1.0119948,0.0,0.097275876,0.0,0.0,1.390406e-09,-26.938711,2.226433,0.74214435,0.136,0.0,0.1513931,23.440346,23.460346,3760000
hardzero_plus_depr__c0p50__z1p00__lam0p020__nu0p50__psi0p75,hardzero_plus_depr,0.06,34,1175,0.0,2,0.18662156,0.18662156,1.0533953,0.0,0.08843102,0.0,0.0,1.3697038e-09,-28.080984,2.3175159,0.7725053,0.18400002,0.0,0.15376915,23.460346,23.480347,3763200
hardzero_plus_depr__c0p50__z1p00__lam0p020__nu0p50__psi0p75,hardzero_plus_depr,0.06,34,1176,0.0,2,0.18662156,0.18662156,1.0562696,0.0,0.08784768,0.0,0.0,1.3493123e-09,-28.07241,2.3238397,0.77461326,0.120000005,0.0,0.16621248,23.480347,23.500347,3766400
hardzero_plus_depr__c0p50__z1p00__lam0p020__nu0p50__psi0p75,hardzero_plus_depr,0.06,34,1177,0.0,2,0.18662156,0.18662156,0.9599029,0.109672345,0.109672345,1.0,1.4577918e-10,1.3292246e-09,-25.727097,2.1118286,0.7039429,0.208,0.0,0.14294007,23.500347,23.520348,3769600
hardzero_plus_depr__c0p50__z1p00__lam0p020__nu0p50__psi0p75,hardzero_plus_depr,0.06,34,1178,0.0,2,0.18662156,0.18662156,0.9123732,0.12235643,0.12235643,1.0,1.6021758e-10,1.3094332e-09,-25.08399,2.007261,0.66908705,0.23200001,0.008,0.12882976,23.520348,23.540348,3772800
hardzero_plus_depr__c0p50__z1p00__lam0p020__nu0p50__psi0p75,hardzero_plus_depr,0.06,34,1179,0.0,2,0.18662156,0.18662156,0.9761247,0.10565139,0.10565139,1.0,1.3628361e-10,1.2899367e-09,-26.938366,2.1475172,0.7158391,0.17600001,0.0,0.15513596,23.540348,23.560349,3776000
hardzero_plus_depr__c0p50__z1p00__lam0p020__nu0p50__psi0p75,hardzero_plus_depr,0.06,34,1180,0.0,2,0.18662156,0.18662156,1.0017401,0.0,0.09960014,0.0,0.0,1.2707327e-09,-27.144428,2.2038722,0.7346241,0.16000001,0.0,0.1482332,23.560349,23.580349,3779200
hardzero_plus_depr__c0p50__z1p00__lam0p020__nu0p50__psi0p75,hardzero_plus_depr,0.06,34,1181,0.0,2,0.18662156,0.18662156,1.0252272,0.0,0.09435671,0.0,0.0,1.2518149e-09,-26.583677,2.255545,0.75184834,0.15200001,0.008,0.13101535,23.580349,23.60035,3782400
hardzero_plus_depr__c0p50__z1p00__lam0p020__nu0p50__psi0p75,hardzero_plus_depr,0.06,34,1182,0.0,2,0.18662156,0.18662156,0.9887869,0.10261552,0.10261552,1.0,1.2654301e-10,1.2331761e-09,-25.672464,2.1753745,0.72512484,0.192,0.0,0.12374058,23.60035,23.62035,3785600
hardzero_plus_depr__c0p50__z1p00__lam0p020__nu0p50__psi0p75,hardzero_plus_depr,0.06,34,1183,0.0,2,0.18662156,0.18662156,1.0518261,0.0,0.08875114,0.0,0.0,1.2148149e-09,-27.171059,2.3140638,0.7713546,0.16,0.0,0.16021688,23.62035,23.64035,3788800
hardzero_plus_depr__c0p50__z1p00__lam0p020__nu0p50__psi0p75,hardzero_plus_depr,0.06,34,1184,0.0,2,0.18662156,0.18662156,1.0011057,0.0,0.099745736,0.0,0.0,1.1967294e-09,-26.973194,2.2024765,0.7341589,0.15200001,0.0,0.14229238,23.64035,23.66035,3792000
hardzero_plus_depr__c0p50__z1p00__lam0p020__nu0p50__psi0p75,hardzero_plus_depr,0.06,34,1185,0.0,2,0.18662156,0.18662156,1.0186999,0.0,0.095785566,0.0,0.0,1.1789132e-09,-26.478683,2.2411845,0.7470615,0.14400001,0.0,0.15621156,23.66035,23.680351,3795200
hardzero_plus_depr__c0p50__z1p00__lam0p020__nu0p50__psi0p75,hardzero_plus_depr,0.06,34,1186,0.0,2,0.18662156,0.18662156,0.99104595,0.10208315,0.10208315,1.0,1.1855526e-10,1.1613598e-09,-26.066574,2.1803446,0.72678155,0.136,0.0,0.12493612,23.680351,23.700352,3798400
hardzero_plus_depr__c0p50__z1p00__lam0p020__nu0p50__psi0p75,hardzero_plus_depr,0.06,34,1187,0.0,2,0.18662156,0.18662156,1.0420855,0.0,0.09076418,0.0,0.0,1.1440681e-09,-27.803972,2.292634,0.76421136,0.14400001,0.0,0.14789747,23.700352,23.720352,3801600
hardzero_plus_depr__c0p50__z1p00__lam0p020__nu0p50__psi0p75,hardzero_plus_depr,0.06,34,1188,0.0,2,0.18662156,0.18662156,1.0042795,0.0,0.099019445,0.0,0.0,1.1270358e-09,-27.1427,2.209459,0.7364864,0.120000005,0.0,0.14071079,23.720352,23.740353,3804800
hardzero_plus_depr__c0p50__z1p00__lam0p020__nu0p50__psi0p75,hardzero_plus_depr,0.06,34,1189,0.0,2,0.18662156,0.18662156,0.9899217,0.102347754,0.102347754,1.0,1.1363232e-10,1.1102571e-09,-27.296421,2.1778712,0.7259571,0.15200001,0.0,0.14506142,23.740353,23.760353,3808000
hardzero_plus_depr__c0p50__z1p00__lam0p020__nu0p50__psi0p75,hardzero_plus_depr,0.06,34,1190,0.0,2,0.18662156,0.18662156,0.9977691,0.100514986,0.100514986,1.0,1.0993585e-10,1.093726e-09,-25.9284,2.1951358,0.731712,0.064,0.0,0.11856579,23.760353,23.780354,3811200
hardzero_plus_depr__c0p50__z1p00__lam0p020__nu0p50__psi0p75,hardzero_plus_depr,0.06,34,1191,0.0,2,0.18662156,0.18662156,1.034852,0.0,0.09228857,0.0,0.0,1.0774412e-09,-27.618034,2.27672,0.7589067,0.14400001,0.0,0.17212534,23.780354,23.800354,3814400
hardzero_plus_depr__c0p50__z1p00__lam0p020__nu0p50__psi0p75,hardzero_plus_depr,0.06,34,1192,0.0,2,0.18662156,0.18662156,1.0247655,0.0,0.09445707,0.0,0.0,1.0614009e-09,-26.699633,2.254529,0.75150967,0.104,0.0,0.14565106,23.800354,23.820354,3817600
hardzero_plus_depr__c0p50__z1p00__lam0p020__nu0p50__psi0p75,hardzero_plus_depr,0.06,34,1193,0.0,2,0.18662156,0.18662156,1.0237067,0.0,0.09468764,0.0,0.0,1.0455992e-09,-27.92144,2.2521996,0.75073326,0.18400002,0.0,0.16339241,23.820354,23.840355,3820800
hardzero_plus_depr__c0p50__z1p00__lam0p020__nu0p50__psi0p75,hardzero_plus_depr,0.06,34,1194,0.0,2,0.18662156,0.18662156,1.0312979,0.0,0.09304693,0.0,0.0,1.0300311e-09,-27.46151,2.2689006,0.7563002,0.15200001,0.0,0.16138515,23.840355,23.860355,3824000
hardzero_plus_depr__c0p50__z1p00__lam0p020__nu0p50__psi0p75,hardzero_plus_depr,0.06,34,1195,0.0,2,0.18662156,0.18662156,1.0350035,0.0,0.09225639,0.0,0.0,1.0146946e-09,-27.601643,2.2770534,0.7590178,0.112,0.0,0.1353293,23.860355,23.880356,3827200
hardzero_plus_depr__c0p50__z1p00__lam0p020__nu0p50__psi0p75,hardzero_plus_depr,0.06,34,1196,0.0,2,0.18662156,0.18662156,0.9667028,0.10796854,0.10796854,1.0,1.0792408e-10,9.995882e-10,-26.76587,2.1267886,0.70892954,0.19,0.0,0.1278747,23.880356,23.900356,3830400
hardzero_plus_depr__c0p50__z1p00__lam0p020__nu0p50__psi0p75,hardzero_plus_depr,0.06,34,1197,0.0,2,0.18662156,0.18662156,0.9691693,0.107357085,0.107357085,1.0,1.0571527e-10,9.84707e-10,-26.344788,2.132215,0.71073836,0.128,0.0,0.14889012,23.900356,23.920357,3833600
hardzero_plus_depr__c0p50__z1p00__lam0p020__nu0p50__psi0p75,hardzero_plus_depr,0.06,34,1198,0.0,2,0.18662156,0.18662156,1.0270659,0.0,0.09395808,0.0,0.0,9.700454e-10,-27.118607,2.25959,0.75319666,0.17600001,0.0,0.13153854,23.920357,23.940357,3836800
hardzero_plus_depr__c0p50__z1p00__lam0p020__nu0p50__psi0p75,hardzero_plus_depr,0.06,34,1199,0.0,2,0.18662156,0.18662156,1.0347807,0.0,0.09230373,0.0,0.0,9.556019e-10,-27.44788,2.2765632,0.7588544,0.136,0.0,0.11947975,23.940357,23.960358,3840000
hardzero_plus_depr__c0p50__z1p00__lam0p020__nu0p50__psi0p75,hardzero_plus_depr,0.06,34,1200,0.0,2,0.18662156,0.18662156,1.0635267,0.0,0.08639194,0.0,0.0,9.413755e-10,-27.00222,2.3398056,0.77993524,0.128,0.0,0.16207512,23.960358,23.980358,3843200
hardzero_plus_depr__c0p50__z1p00__lam0p020__nu0p50__psi0p75,hardzero_plus_depr,0.06,34,1201,0.0,2,0.18662156,0.18662156,1.0227824,0.0,0.094889365,0.0,0.0,9.273609e-10,-27.855782,2.2501664,0.7500555,0.16800001,0.0,0.1700017,23.980358,24.000359,3846400
hardzero_plus_depr__c0p50__z1p00__lam0p020__nu0p50__psi0p75,hardzero_plus_depr,0.06,34,1202,0.0,2,0.18662156,0.18662156,1.0559183,0.0,0.08791877,0.0,0.0,9.1355307e-10,-27.176397,2.3230667,0.7743556,0.16000001,0.0,0.14749314,24.000359,24.020359,3849600
hardzero_plus_depr__c0p50__z1p00__lam0p020__nu0p50__psi0p75,hardzero_plus_depr,0.06,34,1203,0.0,2,0.18662156,0.18662156,0.99276763,0.10167924,0.10167924,1.0,9.1506316e-11,8.9995084e-10,-27.165577,2.1841323,0.72804415,0.15200001,0.0,0.16117035,24.020359,24.04036,3852800
hardzero_plus_depr__c0p50__z1p00__lam0p020__nu0p50__psi0p75,hardzero_plus_depr,0.06,34,1204,0.0,2,0.18662156,0.18662156,0.99781805,0.100503676,0.100503676,1.0,8.910182e-11,8.865529e-10,-26.009562,2.1952436,0.73174787,0.128,0.0,0.13911211,24.04036,24.06036,3856000
hardzero_plus_depr__c0p50__z1p00__lam0p020__nu0p50__psi0p75,hardzero_plus_depr,0.06,34,1205,0.0,2,0.18662156,0.18662156,1.0237696,0.0,0.09467392,0.0,0.0,8.7335433e-10,-27.349113,2.2523382,0.7507794,0.16800001,0.0,0.19271249,24.06036,24.08036,3859200
hardzero_plus_depr__c0p50__z1p00__lam0p020__nu0p50__psi0p75,hardzero_plus_depr,0.06,34,1206,0.0,2,0.18662156,0.18662156,0.99824125,0.1004058,0.1004058,1.0,8.638419e-11,8.603506e-10,-26.622416,2.1961746,0.7320582,0.128,0.0,0.12810422,24.08036,24.10036,3862400
hardzero_plus_depr__c0p50__z1p00__lam0p020__nu0p50__psi0p75,hardzero_plus_depr,0.06,34,1207,0.0,2,0.18662156,0.18662156,1.0131998,0.0,0.09700636,0.0,0.0,8.475406e-10,-27.383282,2.229084,0.74302804,0.18400002,0.0,0.15319698,24.10036,24.120361,3865600
hardzero_plus_depr__c0p50__z1p00__lam0p020__nu0p50__psi0p75,hardzero_plus_depr,0.06,34,1208,0.0,2,0.18662156,0.18662156,0.96049994,0.10952166,0.10952166,1.0,9.144214e-11,8.349229e-10,-26.350044,2.113142,0.7043807,0.16800001,0.0,0.14524889,24.120361,24.140362,3868800
hardzero_plus_depr__c0p50__z1p00__lam0p020__nu0p50__psi0p75,hardzero_plus_depr,0.06,34,1209,0.0,2,0.18662156,0.18662156,1.0034752,0.0,0.099203005,0.0,0.0,8.2249296e-10,-26.291523,2.2076895,0.7358965,0.16,0.0,0.12527782,24.140362,24.160362,3872000
hardzero_plus_depr__c0p50__z1p00__lam0p020__nu0p50__psi0p75,hardzero_plus_depr,0.06,34,1210,0.0,2,0.18662156,0.18662156,1.0174475,0.0,0.096062206,0.0,0.0,8.1024665e-10,-27.313297,2.238429,0.74614304,0.112,0.0,0.14774798,24.160362,24.180363,3875200
hardzero_plus_depr__c0p50__z1p00__lam0p020__nu0p50__psi0p75,hardzero_plus_depr,0.06,34,1211,0.0,2,0.18662156,0.18662156,0.977496,0.105318345,0.105318345,1.0,8.406328e-11,7.9818263e-10,-26.845251,2.1505342,0.71684474,0.16000001,0.0,0.14253424,24.180363,24.200363,3878400
hardzero_plus_depr__c0p50__z1p00__lam0p020__nu0p50__psi0p75,hardzero_plus_depr,0.06,34,1212,0.0,2,0.18662156,0.18662156,1.0137424,0.0,0.09688523,0.0,0.0,7.862997e-10,-27.698076,2.230278,0.743426,0.14400001,0.0,0.1309197,24.200363,24.220364,3881600
hardzero_plus_depr__c0p50__z1p00__lam0p020__nu0p50__psi0p75,hardzero_plus_depr,0.06,34,1213,0.0,2,0.18662156,0.18662156,1.0411412,0.0,0.09096175,0.0,0.0,7.745937e-10,-27.779633,2.2905562,0.76351875,0.120000005,0.0,0.14794385,24.220364,24.240364,3884800
hardzero_plus_depr__c0p50__z1p00__lam0p020__nu0p50__psi0p75,hardzero_plus_depr,0.06,34,1214,0.0,2,0.18662156,0.18662156,0.95178926,0.11174053,0.11174053,1.0,8.526478e-11,7.630605e-10,-25.895418,2.0939782,0.69799274,0.136,0.0,0.11500376,24.240364,24.260365,3888000
hardzero_plus_depr__c0p50__z1p00__lam0p020__nu0p50__psi0p75,hardzero_plus_depr,0.06,34,1215,0.0,2,0.18662156,0.18662156,1.0022638,0.0,0.09948009,0.0,0.0,7.51699e-10,-26.160624,2.2050242,0.7350081,0.128,0.0,0.12450175,24.260365,24.280365,3891200
hardzero_plus_depr__c0p50__z1p00__lam0p020__nu0p50__psi0p75,hardzero_plus_depr,0.06,34,1216,0.0,2,0.18662156,0.18662156,1.0366426,0.0,0.09190888,0.0,0.0,7.405081e-10,-27.499279,2.2806592,0.76021975,0.128,0.0,0.14651355,24.280365,24.300365,3894400
hardzero_plus_depr__c0p50__z1p00__lam0p020__nu0p50__psi0p75,hardzero_plus_depr,0.06,34,1217,0.0,2,0.18662156,0.18662156,1.0097593,0.0,0.09777789,0.0,0.0,7.2948386e-10,-26.805113,2.221515,0.740505,0.16800001,0.0,0.120269254,24.300365,24.320366,3897600
hardzero_plus_depr__c0p50__z1p00__lam0p020__nu0p50__psi0p75,hardzero_plus_depr,0.06,34,1218,0.0,2,0.18662156,0.18662156,0.9702008,0.1071024,0.1071024,1.0,7.696618e-11,7.186224e-10,-26.553068,2.1344843,0.7114948,0.17600001,0.0,0.14875688,24.320366,24.340366,3900800
hardzero_plus_depr__c0p50__z1p00__lam0p020__nu0p50__psi0p75,hardzero_plus_depr,0.06,34,1219,0.0,2,0.18662156,0.18662156,1.0173807,0.0,0.09607698,0.0,0.0,7.079225e-10,-27.170864,2.2382822,0.7460941,0.16800001,0.0,0.15917534,24.340366,24.360367,3904000
hardzero_plus_depr__c0p50__z1p00__lam0p020__nu0p50__psi0p75,hardzero_plus_depr,0.06,34,1220,0.0,2,0.18662156,0.18662156,1.0101278,0.0,0.097694956,0.0,0.0,6.973833e-10,-27.416555,2.2223256,0.7407752,0.224,0.0,0.15347981,24.360367,24.380367,3907200
hardzero_plus_depr__c0p50__z1p00__lam0p020__nu0p50__psi0p75,hardzero_plus_depr,0.06,34,1221,0.0,2,0.18662156,0.18662156,1.0245166,0.0,0.09451122,0.0,0.0,6.870011e-10,-27.199709,2.2539816,0.7513272,0.14400001,0.0,0.13984197,24.380367,24.400368,3910400
hardzero_plus_depr__c0p50__z1p00__lam0p020__nu0p50__psi0p75,hardzero_plus_depr,0.06,34,1222,0.0,2,0.18662156,0.18662156,1.0435231,0.0,0.09046423,0.0,0.0,6.767721e-10,-27.359358,2.2957966,0.7652656,0.12,0.0,0.14984396,24.400368,24.420368,3913600
hardzero_plus_depr__c0p50__z1p00__lam0p020__nu0p50__psi0p75,hardzero_plus_depr,0.06,34,1223,0.0,2,0.18662156,0.18662156,0.9697103,0.10722343,0.10722343,1.0,7.1485366e-11,6.6669537e-10,-26.23518,2.1334052,0.7111351,0.15200001,0.0,0.1223935,24.420368,24.440369,3916800
hardzero_plus_depr__c0p50__z1p00__lam0p020__nu0p50__psi0p75,hardzero_plus_depr,0.06,34,1224,0.0,2,0.18662156,0.18662156,1.0297561,0.0,0.09337787,0.0,0.0,6.5677e-10,-26.411806,2.2655087,0.7551696,0.136,0.0,0.1415506,24.440369,24.46037,3920000
hardzero_plus_depr__c0p50__z1p00__lam0p020__nu0p50__psi0p75,hardzero_plus_depr,0.06,34,1225,0.0,2,0.18662156,0.18662156,0.9776293,0.105286,0.105286,1.0,6.811924e-11,6.4699235e-10,-27.019558,2.1508274,0.7169425,0.2,0.0,0.13816723,24.46037,24.48037,3923200
hardzero_plus_depr__c0p50__z1p00__lam0p020__nu0p50__psi0p75,hardzero_plus_depr,0.06,34,1226,0.0,2,0.18662156,0.18662156,1.0444554,0.0,0.09027023,0.0,0.0,6.373591e-10,-28.238224,2.2978477,0.76594925,0.112,0.0,0.16981316,24.48037,24.50037,3926400
hardzero_plus_depr__c0p50__z1p00__lam0p020__nu0p50__psi0p75,hardzero_plus_depr,0.06,34,1227,0.0,2,0.18662156,0.18662156,1.0380769,0.0,0.09160582,0.0,0.0,6.278692e-10,-27.36041,2.2838147,0.7612716,0.128,0.0,0.15718661,24.50037,24.52037,3929600
hardzero_plus_depr__c0p50__z1p00__lam0p020__nu0p50__psi0p75,hardzero_plus_depr,0.06,34,1228,0.0,2,0.18662156,0.18662156,1.0721532,0.0,0.08469286,0.0,0.0,6.1852184e-10,-28.063412,2.3587842,0.78626144,0.128,0.0,0.15089683,24.52037,24.54037,3932800
hardzero_plus_depr__c0p50__z1p00__lam0p020__nu0p50__psi0p75,hardzero_plus_depr,0.06,34,1229,0.0,2,0.18662156,0.18662156,0.97890115,0.10497812,0.10497812,1.0,6.3964604e-11,6.0931366e-10,-26.422306,2.1536255,0.7178752,0.16000001,0.0,0.12966052,24.54037,24.560371,3936000
hardzero_plus_depr__c0p50__z1p00__lam0p020__nu0p50__psi0p75,hardzero_plus_depr,0.06,34,1230,0.0,2,0.18662156,0.18662156,1.0076383,0.0,0.09825658,0.0,0.0,6.0024136e-10,-27.42695,2.2168486,0.73894954,0.112,0.0,0.13604794,24.560371,24.580372,3939200
hardzero_plus_depr__c0p50__z1p00__lam0p020__nu0p50__psi0p75,hardzero_plus_depr,0.06,34,1231,0.0,2,0.18662156,0.18662156,1.07231,0.0,0.08466229,0.0,0.0,5.913042e-10,-27.599842,2.359129,0.78637636,0.056,0.0,0.13983966,24.580372,24.600372,3942400
hardzero_plus_depr__c0p50__z1p00__lam0p020__nu0p50__psi0p75,hardzero_plus_depr,0.06,34,1232,0.0,2,0.18662156,0.18662156,1.0125146,0.0,0.09715953,0.0,0.0,5.825011e-10,-27.608105,2.2275765,0.7425255,0.192,0.0,0.1765398,24.600372,24.620373,3945600
hardzero_plus_depr__c0p50__z1p00__lam0p020__nu0p50__psi0p75,hardzero_plus_depr,0.06,34,1233,0.0,2,0.18662156,0.18662156,1.0059264,0.0,0.098644674,0.0,0.0,5.738292e-10,-27.754696,2.213082,0.737694,0.272,0.0,0.14190188,24.620373,24.640373,3948800
hardzero_plus_depr__c0p50__z1p00__lam0p020__nu0p50__psi0p75,hardzero_plus_depr,0.06,34,1234,0.0,2,0.18662156,0.18662156,1.0196848,0.0,0.09556858,0.0,0.0,5.6528526e-10,-26.403284,2.2433512,0.7477838,0.15200001,0.0,0.15318052,24.640373,24.660374,3952000
hardzero_plus_depr__c0p50__z1p00__lam0p020__nu0p50__psi0p75,hardzero_plus_depr,0.06,34,1235,0.0,2,0.18662156,0.18662156,0.9474139,0.11287196,0.11287196,1.0,6.285484e-11,5.568685e-10,-26.022888,2.0843523,0.6947841,0.16,0.0,0.13781014,24.660374,24.680374,3955200
hardzero_plus_depr__c0p50__z1p00__lam0p020__nu0p50__psi0p75,hardzero_plus_depr,0.06,34,1236,0.0,2,0.18662156,0.18662156,1.0214756,0.0,0.09517535,0.0,0.0,5.485782e-10,-26.766079,2.247291,0.74909705,0.15200001,0.0,0.16304116,24.680374,24.700375,3958400
hardzero_plus_depr__c0p50__z1p00__lam0p020__nu0p50__psi0p75,hardzero_plus_depr,0.06,34,1237,0.0,2,0.18662156,0.18662156,1.0446333,0.0,0.09023327,0.0,0.0,5.4041116e-10,-28.518099,2.298239,0.76607966,0.15200001,0.0,0.1747849,24.700375,24.720375,3961600
hardzero_plus_depr__c0p50__z1p00__lam0p020__nu0p50__psi0p75,hardzero_plus_depr,0.06,34,1238,0.0,2,0.18662156,0.18662156,1.0442483,0.0,0.090313286,0.0,0.0,5.323649e-10,-28.225534,2.2973921,0.7657974,0.112,0.0,0.14545077,24.720375,24.740376,3964800
hardzero_plus_depr__c0p50__z1p00__lam0p020__nu0p50__psi0p75,hardzero_plus_depr,0.06,34,1239,0.0,2,0.18662156,0.18662156,0.9415395,0.11440906,0.11440906,1.0,6.000049e-11,5.2443827e-10,-25.925886,2.0714283,0.6904761,0.17600001,0.0,0.14086843,24.740376,24.760376,3968000
hardzero_plus_depr__c0p50__z1p00__lam0p020__nu0p50__psi0p75,hardzero_plus_depr,0.06,34,1240,0.0,2,0.18662156,0.18662156,1.006412,0.0,0.09853441,0.0,0.0,5.1663074e-10,-26.865604,2.2141507,0.7380502,0.15200001,0.0,0.13240874,24.760376,24.780376,3971200
hardzero_plus_depr__c0p50__z1p00__lam0p020__nu0p50__psi0p75,hardzero_plus_depr,0.06,34,1241,0.0,2,0.18662156,0.18662156,1.0376111,0.0,0.09170411,0.0,0.0,5.0893945e-10,-27.972977,2.2827902,0.76093006,0.120000005,0.0,0.14703535,24.780376,24.800377,3974400
hardzero_plus_depr__c0p50__z1p00__lam0p020__nu0p50__psi0p75,hardzero_plus_depr,0.06,34,1242,0.0,2,0.18662156,0.18662156,0.9783545,0.105110355,0.105110355,1.0,5.2698304e-11,5.013617e-10,-26.232538,2.152423,0.71747434,0.2,0.0,0.1205017,24.800377,24.820377,3977600
hardzero_plus_depr__c0p50__z1p00__lam0p020__nu0p50__psi0p75,hardzero_plus_depr,0.06,34,1243,0.0,2,0.18662156,0.18662156,1.0124264,0.0,0.09717926,0.0,0.0,4.938967e-10,-27.543198,2.2273824,0.74246085,0.14400001,0.0,0.1479831,24.820377,24.840378,3980800
hardzero_plus_depr__c0p50__z1p00__lam0p020__nu0p50__psi0p75,hardzero_plus_depr,0.06,34,1244,0.0,2,0.18662156,0.18662156,0.97876763,0.10501041,0.10501041,1.0,5.1092165e-11,4.865438e-10,-26.432226,2.1533318,0.71777725,0.112,0.0,0.12575369,24.840378,24.860378,3984000
hardzero_plus_depr__c0p50__z1p00__lam0p020__nu0p50__psi0p75,hardzero_plus_depr,0.06,34,1245,0.0,2,0.18662156,0.18662156,0.96184444,0.10918314,0.10918314,1.0,5.2331528e-11,4.7930043e-10,-26.705633,2.1161,0.70536673,0.2,0.0,0.13260524,24.860378,24.880379,3987200
hardzero_plus_depr__c0p50__z1p00__lam0p020__nu0p50__psi0p75,hardzero_plus_depr,0.06,34,1246,0.0,2,0.18662156,0.18662156,0.98663205,0.10312594,0.10312594,1.0,4.8692352e-11,4.72164e-10,-26.101223,2.1706338,0.7235446,0.18400002,0.0,0.15253536,24.880379,24.90038,3990400
hardzero_plus_depr__c0p50__z1p00__lam0p020__nu0p50__psi0p75,hardzero_plus_depr,0.06,34,1247,0.0,2,0.18662156,0.18662156,1.0141212,0.0,0.09680076,0.0,0.0,4.651338e-10,-27.51098,2.231111,0.7437037,0.128,0.0,0.13463028,24.90038,24.92038,3993600
hardzero_plus_depr__c0p50__z1p00__lam0p020__nu0p50__psi0p75,hardzero_plus_depr,0.06,34,1248,0.0,2,0.18662156,0.18662156,0.98301965,0.103987314,0.103987314,1.0,4.7647938e-11,4.5820914e-10,-27.884993,2.1626863,0.72089547,0.16,0.0,0.15809348,24.92038,24.94038,3996800
hardzero_plus_depr__c0p50__z1p00__lam0p020__nu0p50__psi0p75,hardzero_plus_depr,0.06,34,1249,0.0,2,0.18662156,0.18662156,1.0112897,0.0,0.09743395,0.0,0.0,4.5138757e-10,-26.269455,2.224882,0.74162734,0.23200001,0.0,0.12303551,24.94038,24.96038,4000000
hardzero_plus_depr__c0p50__z1p00__lam0p020__nu0p50__psi0p75,hardzero_plus_depr,0.06,35,0,1.0,1,1.0,0.5,1.0474522,0.0,0.08964948,0.0,0.0,0.06,-26.624817,2.304441,0.768147,0.089999996,0.0,0.14206287,0.0,0.0,3200
hardzero_plus_depr__c0p50__z1p00__lam0p020__nu0p50__psi0p75,hardzero_plus_depr,0.06,35,1,1.0,2,0.5,0.0,1.0620959,0.0,0.086677045,0.0,0.0,0.06,-28.354856,2.3366575,0.77888584,0.16800001,0.0,0.1352841,0.0,0.0,6400
hardzero_plus_depr__c0p50__z1p00__lam0p020__nu0p50__psi0p75,hardzero_plus_depr,0.06,35,2,0.0,2,0.0,0.0065152287,0.96422154,0.108587146,0.108587146,1.0,0.0065152287,0.06,-26.004416,2.1213298,0.7071099,0.208,0.0,0.121080786,0.0,0.02,9600
hardzero_plus_depr__c0p50__z1p00__lam0p020__nu0p50__psi0p75,hardzero_plus_depr,0.06,35,3,0.0,2,0.0065152287,0.0065152287,1.0134254,0.0,0.09695598,0.0,0.0,0.059106715,-27.325377,2.2295804,0.7431935,0.14400001,0.0,0.13310115,0.02,0.04,12800
hardzero_plus_depr__c0p50__z1p00__lam0p020__nu0p50__psi0p75,hardzero_plus_depr,0.06,35,4,0.0,2,0.0065152287,0.012733592,0.97144634,0.10679567,0.10679567,1.0,0.006218363,0.058226734,-26.3466,2.1372247,0.71240824,0.16000001,0.0,0.13338009,0.04,0.06,16000
hardzero_plus_depr__c0p50__z1p00__lam0p020__nu0p50__psi0p75,hardzero_plus_depr,0.06,35,5,0.0,2,0.012733592,0.012733592,1.019366,0.0,0.09563877,0.0,0.0,0.057359852,-27.42817,2.24265,0.74755,0.136,0.0,0.17697065,0.06,0.08,19200
hardzero_plus_depr__c0p50__z1p00__lam0p020__nu0p50__psi0p75,hardzero_plus_depr,0.06,35,6,0.0,2,0.012733592,0.012733592,1.0260551,0.0,0.094177015,0.0,0.0,0.056505874,-27.59133,2.2573662,0.7524554,0.14400001,0.0,0.15357304,0.08,0.099999994,22400
hardzero_plus_depr__c0p50__z1p00__lam0p020__nu0p50__psi0p75,hardzero_plus_depr,0.06,35,7,0.0,2,0.012733592,0.012733592,1.018112,0.0,0.09591535,0.0,0.0,0.055664614,-26.810043,2.239891,0.7466304,0.2,0.0,0.16557665,0.099999994,0.11999999,25600
hardzero_plus_depr__c0p50__z1p00__lam0p020__nu0p50__psi0p75,hardzero_plus_depr,0.06,35,8,0.0,2,0.012733592,0.012733592,1.0245965,0.0,0.09449385,0.0,0.0,0.054835875,-27.429146,2.2541573,0.7513858,0.17600001,0.0,0.13759992,0.11999999,0.13999999,28800
hardzero_plus_depr__c0p50__z1p00__lam0p020__nu0p50__psi0p75,hardzero_plus_depr,0.06,35,9,0.0,2,0.012733592,0.018342093,0.98370355,0.10382369,0.10382369,1.0,0.0056085014,0.054019473,-25.302708,2.164191,0.72139704,0.16000001,0.0,0.14582375,0.13999999,0.15999998,32000
hardzero_plus_depr__c0p50__z1p00__lam0p020__nu0p50__psi0p75,hardzero_plus_depr,0.06,35,10,0.0,2,0.018342093,0.024190744,0.95898014,0.1099056,0.1099056,1.0,0.0058486513,0.053215224,-26.218067,2.1097984,0.70326614,0.08800001,0.0,0.11618315,0.15999998,0.17999998,35200
hardzero_plus_depr__c0p50__z1p00__lam0p020__nu0p50__psi0p75,hardzero_plus_depr,0.06,35,11,0.0,2,0.024190744,0.024190744,1.0193453,0.0,0.09564333,0.0,0.0,0.052422956,-27.038696,2.2426045,0.7475349,0.224,0.0,0.20208219,0.17999998,0.19999997,38400
hardzero_plus_depr__c0p50__z1p00__lam0p020__nu0p50__psi0p75,hardzero_plus_depr,0.06,35,12,0.0,2,0.024190744,0.024190744,1.0095382,0.0,0.097827695,0.0,0.0,0.051642478,-27.586514,2.2210283,0.7403428,0.2,0.0,0.1601239,0.19999997,0.21999997,41600
hardzero_plus_depr__c0p50__z1p00__lam0p020__nu0p50__psi0p75,hardzero_plus_depr,0.06,35,13,0.0,2,0.024190744,0.030234473,0.9251877,0.11879887,0.11879887,1.0,0.006043729,0.050873626,-25.09977,2.0354536,0.67848456,0.16,0.0,0.12743796,0.21999997,0.23999996,44800
hardzero_plus_depr__c0p50__z1p00__lam0p020__nu0p50__psi0p75,hardzero_plus_depr,0.06,35,14,0.0,2,0.030234473,0.030234473,1.0494142,0.0,0.0892454,0.0,0.0,0.05011621,-27.888498,2.3087573,0.7695858,0.2,0.0,0.18553084,0.23999996,0.25999996,48000
hardzero_plus_depr__c0p50__z1p00__lam0p020__nu0p50__psi0p75,hardzero_plus_depr,0.06,35,15,0.0,2,0.030234473,0.030234473,1.0519674,0.0,0.08872225,0.0,0.0,0.049370084,-28.554766,2.3143744,0.77145815,0.128,0.0,0.15904114,0.25999996,0.27999997,51200
hardzero_plus_depr__c0p50__z1p00__lam0p020__nu0p50__psi0p75,hardzero_plus_depr,0.06,35,16,0.0,2,0.030234473,0.030234473,1.0356082,0.0,0.09212802,0.0,0.0,0.048635054,-28.501806,2.2783835,0.75946116,0.2,0.0,0.14892584,0.27999997,0.29999998,54400
hardzero_plus_depr__c0p50__z1p00__lam0p020__nu0p50__psi0p75,hardzero_plus_depr,0.06,35,17,0.0,2,0.030234473,0.035176136,0.9865619,0.103142604,0.103142604,1.0,0.004941663,0.047910973,-27.323174,2.1704795,0.7234932,0.128,0.0,0.164215,0.29999998,0.32,57600
hardzero_plus_depr__c0p50__z1p00__lam0p020__nu0p50__psi0p75,hardzero_plus_depr,0.06,35,18,0.0,2,0.035176136,0.035176136,1.0139052,0.0,0.09684892,0.0,0.0,0.047197673,-27.664904,2.230636,0.7435453,0.16800001,0.0,0.17092285,0.32,0.34,60800
hardzero_plus_depr__c0p50__z1p00__lam0p020__nu0p50__psi0p75,hardzero_plus_depr,0.06,35,19,0.0,2,0.035176136,0.035176136,1.0223074,0.0,0.09499322,0.0,0.0,0.04649499,-27.330294,2.2491212,0.7497071,0.2,0.0,0.17491224,0.34,0.36,64000
hardzero_plus_depr__c0p50__z1p00__lam0p020__nu0p50__psi0p75,hardzero_plus_depr,0.06,35,20,0.0,2,0.035176136,0.039765675,0.9991226,0.10020223,0.10020223,1.0,0.0045895395,0.04580277,-26.95758,2.1981137,0.7327046,0.096,0.0,0.16452302,0.36,0.38000003,67200
hardzero_plus_depr__c0p50__z1p00__lam0p020__nu0p50__psi0p75,hardzero_plus_depr,0.06,35,21,0.0,2,0.039765675,0.039765675,1.0001054,0.0,0.09997573,0.0,0.0,0.045120854,-25.987406,2.200276,0.7334253,0.16000001,0.0,0.14600067,0.38000003,0.40000004,70400
hardzero_plus_depr__c0p50__z1p00__lam0p020__nu0p50__psi0p75,hardzero_plus_depr,0.06,35,22,0.0,2,0.039765675,0.039765675,1.015289,0.0,0.09654083,0.0,0.0,0.04444909,-27.341944,2.2336802,0.7445601,0.216,0.0,0.14316903,0.40000004,0.42000005,73600
hardzero_plus_depr__c0p50__z1p00__lam0p020__nu0p50__psi0p75,hardzero_plus_depr,0.06,35,23,0.0,2,0.039765675,0.039765675,1.0526469,0.0,0.08858355,0.0,0.0,0.04378733,-27.828144,2.3158693,0.77195644,0.192,0.0,0.1765783,0.42000005,0.44000006,76800
hardzero_plus_depr__c0p50__z1p00__lam0p020__nu0p50__psi0p75,hardzero_plus_depr,0.06,35,24,0.0,2,0.039765675,0.04464238,0.94670755,0.113055706,0.113055706,1.0,0.004876706,0.043135423,-26.642725,2.0827982,0.6942661,0.096,0.0,0.13726762,0.44000006,0.46000007,80000
hardzero_plus_depr__c0p50__z1p00__lam0p020__nu0p50__psi0p75,hardzero_plus_depr,0.06,35,25,0.0,2,0.04464238,0.049680065,0.9260886,0.1185527,0.1185527,1.0,0.0050376854,0.042493217,-25.384583,2.0374355,0.6791452,0.208,0.0,0.12533548,0.46000007,0.48000008,83200
hardzero_plus_depr__c0p50__z1p00__lam0p020__nu0p50__psi0p75,hardzero_plus_depr,0.06,35,26,0.0,2,0.049680065,0.049680065,1.0519984,0.0,0.088715926,0.0,0.0,0.041860577,-27.19831,2.3144426,0.7714809,0.16,0.0,0.13975579,0.48000008,0.50000006,86400
hardzero_plus_depr__c0p50__z1p00__lam0p020__nu0p50__psi0p75,hardzero_plus_depr,0.06,35,27,0.0,2,0.049680065,0.049680065,1.0040847,0.0,0.09906387,0.0,0.0,0.041237354,-26.85879,2.2090304,0.7363435,0.120000005,0.0,0.12681465,0.50000006,0.52000004,89600
hardzero_plus_depr__c0p50__z1p00__lam0p020__nu0p50__psi0p75,hardzero_plus_depr,0.06,35,28,0.0,2,0.049680065,0.049680065,1.0404952,0.0,0.09109715,0.0,0.0,0.04062341,-28.10564,2.289135,0.763045,0.120000005,0.0,0.1439444,0.52000004,0.54,92800
hardzero_plus_depr__c0p50__z1p00__lam0p020__nu0p50__psi0p75,hardzero_plus_depr,0.06,35,29,0.0,2,0.049680065,0.054148532,0.9521035,0.111659706,0.111659706,1.0,0.0044684657,0.040018607,-26.283194,2.0946696,0.69822323,0.104,0.0,0.1289011,0.54,0.56,96000
hardzero_plus_depr__c0p50__z1p00__lam0p020__nu0p50__psi0p75,hardzero_plus_depr,0.06,35,30,0.0,2,0.054148532,0.054148532,1.0267268,0.0,0.09403145,0.0,0.0,0.039422806,-28.189548,2.2588441,0.75294805,0.18400002,0.0,0.1602226,0.56,0.58,99200
hardzero_plus_depr__c0p50__z1p00__lam0p020__nu0p50__psi0p75,hardzero_plus_depr,0.06,35,31,0.0,2,0.054148532,0.054148532,1.0059466,0.0,0.09864007,0.0,0.0,0.03883588,-26.216114,2.2131267,0.7377089,0.128,0.0,0.12980078,0.58,0.59999996,102400
hardzero_plus_depr__c0p50__z1p00__lam0p020__nu0p50__psi0p75,hardzero_plus_depr,0.06,35,32,0.0,2,0.054148532,0.054148532,1.0040748,0.0,0.09906614,0.0,0.0,0.03825769,-27.714462,2.2090087,0.73633623,0.17600001,0.0,0.15356642,0.59999996,0.61999995,105600
hardzero_plus_depr__c0p50__z1p00__lam0p020__nu0p50__psi0p75,hardzero_plus_depr,0.06,35,33,0.0,2,0.054148532,0.054148532,1.0015274,0.0,0.09964889,0.0,0.0,0.037688106,-27.459341,2.2034044,0.73446816,0.192,0.0,0.13897401,0.61999995,0.6399999,108800
hardzero_plus_depr__c0p50__z1p00__lam0p020__nu0p50__psi0p75,hardzero_plus_depr,0.06,35,34,0.0,2,0.054148532,0.054148532,1.0380248,0.0,0.09161681,0.0,0.0,0.037127007,-26.939978,2.2837002,0.76123345,0.104,0.0,0.13519919,0.6399999,0.6599999,112000
hardzero_plus_depr__c0p50__z1p00__lam0p020__nu0p50__psi0p75,hardzero_plus_depr,0.06,35,35,0.0,2,0.054148532,0.057884544,0.9907674,0.10214863,0.10214863,1.0,0.0037360105,0.03657426,-27.331501,2.1797318,0.7265773,0.18400002,0.0,0.14114155,0.6599999,0.6799999,115200
hardzero_plus_depr__c0p50__z1p00__lam0p020__nu0p50__psi0p75,hardzero_plus_depr,0.06,35,36,0.0,2,0.057884544,0.06151607,0.99657214,0.1007924,0.1007924,1.0,0.0036315238,0.036029737,-27.154135,2.1925025,0.7308342,0.16800001,0.0,0.18014728,0.6799999,0.69999987,118400
hardzero_plus_depr__c0p50__z1p00__lam0p020__nu0p50__psi0p75,hardzero_plus_depr,0.06,35,37,0.0,2,0.06151607,0.06151607,1.0012865,0.0,0.099704206,0.0,0.0,0.035493325,-26.49864,2.2028744,0.7342915,0.14400001,0.0,0.1275849,0.69999987,0.71999985,121600
hardzero_plus_depr__c0p50__z1p00__lam0p020__nu0p50__psi0p75,hardzero_plus_depr,0.06,35,38,0.0,2,0.06151607,0.06151607,1.0070543,0.0,0.0983888,0.0,0.0,0.034964897,-27.218306,2.2155638,0.7385213,0.208,0.0,0.15071754,0.71999985,0.73999983,124800
hardzero_plus_depr__c0p50__z1p00__lam0p020__nu0p50__psi0p75,hardzero_plus_depr,0.06,35,39,0.0,2,0.06151607,0.0650256,0.9918691,0.10188984,0.10188984,1.0,0.0035095282,0.03444434,-26.988564,2.1821556,0.7273852,0.19,0.0,0.14835264,0.73999983,0.7599998,128000
hardzero_plus_depr__c0p50__z1p00__lam0p020__nu0p50__psi0p75,hardzero_plus_depr,0.06,35,40,0.0,2,0.0650256,0.0650256,1.0229883,0.0,0.0948444,0.0,0.0,0.033931527,-26.916162,2.2506192,0.7502064,0.15200001,0.0,0.14834091,0.7599998,0.7799998,131200
hardzero_plus_depr__c0p50__z1p00__lam0p020__nu0p50__psi0p75,hardzero_plus_depr,0.06,35,41,0.0,2,0.0650256,0.06874911,0.9531365,0.11139445,0.11139445,1.0,0.00372351,0.03342635,-25.664734,2.0969422,0.69898075,0.216,0.0,0.14694072,0.7799998,0.7999998,134400
hardzero_plus_depr__c0p50__z1p00__lam0p020__nu0p50__psi0p75,hardzero_plus_depr,0.06,35,42,0.0,2,0.06874911,0.07222312,0.9767434,0.105500996,0.105500996,1.0,0.0034740109,0.0329287,-26.471266,2.1488783,0.7162928,0.17600001,0.0,0.14067179,0.7999998,0.81999975,137600
hardzero_plus_depr__c0p50__z1p00__lam0p020__nu0p50__psi0p75,hardzero_plus_depr,0.06,35,43,0.0,2,0.07222312,0.07222312,1.0323626,0.0,0.092819124,0.0,0.0,0.03243846,-27.471268,2.271243,0.75708103,0.112,0.0,0.16147207,0.81999975,0.83999974,140800
hardzero_plus_depr__c0p50__z1p00__lam0p020__nu0p50__psi0p75,hardzero_plus_depr,0.06,35,44,0.0,2,0.07222312,0.075752884,0.95680004,0.1104587,0.1104587,1.0,0.0035297647,0.031955514,-26.242262,2.1050022,0.7016674,0.17600001,0.0,0.16956744,0.83999974,0.8599997,144000
hardzero_plus_depr__c0p50__z1p00__lam0p020__nu0p50__psi0p75,hardzero_plus_depr,0.06,35,45,0.0,2,0.075752884,0.07906277,0.97821903,0.105143145,0.105143145,1.0,0.003309881,0.03147976,-27.350235,2.152125,0.717375,0.24800001,0.0,0.16681567,0.8599997,0.8799997,147200
hardzero_plus_depr__c0p50__z1p00__lam0p020__nu0p50__psi0p75,hardzero_plus_depr,0.06,35,46,0.0,2,0.07906277,0.07906277,1.026189,0.0,0.09414799,0.0,0.0,0.031011084,-28.03337,2.2576609,0.75255364,0.192,0.008,0.14379117,0.8799997,0.8999997,150400
hardzero_plus_depr__c0p50__z1p00__lam0p020__nu0p50__psi0p75,hardzero_plus_depr,0.06,35,47,0.0,2,0.07906277,0.07906277,1.0211297,0.0,0.09525117,0.0,0.0,0.03054939,-27.04431,2.2465303,0.74884343,0.080000006,0.0,0.14642574,0.8999997,0.91999966,153600
hardzero_plus_depr__c0p50__z1p00__lam0p020__nu0p50__psi0p75,hardzero_plus_depr,0.06,35,48,0.0,2,0.07906277,0.07906277,1.0012381,0.0,0.09971532,0.0,0.0,0.03009457,-25.882437,2.2027678,0.73425597,0.17600001,0.0,0.11400485,0.91999966,0.93999964,156800
hardzero_plus_depr__c0p50__z1p00__lam0p020__nu0p50__psi0p75,hardzero_plus_depr,0.06,35,49,0.0,2,0.07906277,0.0822543,0.9679743,0.10765289,0.10765289,1.0,0.0031915337,0.029646521,-26.431694,2.129586,0.709862,0.192,0.0,0.14465149,0.93999964,0.9599996,160000
hardzero_plus_depr__c0p50__z1p00__lam0p020__nu0p50__psi0p75,hardzero_plus_depr,0.06,35,50,0.0,2,0.0822543,0.0822543,1.0108498,0.0,0.097532675,0.0,0.0,0.029205143,-26.875502,2.2239141,0.74130476,0.14400001,0.0,0.14482638,0.9599996,0.9799996,163200
hardzero_plus_depr__c0p50__z1p00__lam0p020__nu0p50__psi0p75,hardzero_plus_depr,0.06,35,51,0.0,2,0.0822543,0.0822543,1.0037289,0.0,0.09914508,0.0,0.0,0.028770335,-26.412409,2.2082477,0.73608255,0.112,0.0,0.124310665,0.9799996,0.9999996,166400
hardzero_plus_depr__c0p50__z1p00__lam0p020__nu0p50__psi0p75,hardzero_plus_depr,0.06,35,52,0.0,2,0.0822543,0.08533312,0.9640461,0.108631015,0.108631015,1.0,0.0030788204,0.028342001,-26.296469,2.1209438,0.7069813,0.19,0.0,0.1320533,0.9999996,1.0199996,169600
hardzero_plus_depr__c0p50__z1p00__lam0p020__nu0p50__psi0p75,hardzero_plus_depr,0.06,35,53,0.0,2,0.08533312,0.08533312,1.0373875,0.0,0.09175135,0.0,0.0,0.027920043,-27.884993,2.282298,0.760766,0.208,0.0,0.16782308,1.0199996,1.0399996,172800
hardzero_plus_depr__c0p50__z1p00__lam0p020__nu0p50__psi0p75,hardzero_plus_depr,0.06,35,54,0.0,2,0.08533312,0.08533312,1.0585595,0.0,0.087385714,0.0,0.0,0.027504368,-27.50623,2.3288774,0.7762925,0.136,0.0,0.16086845,1.0399996,1.0599996,176000
hardzero_plus_depr__c0p50__z1p00__lam0p020__nu0p50__psi0p75,hardzero_plus_depr,0.06,35,55,0.0,2,0.08533312,0.08533312,1.006322,0.0,0.09855485,0.0,0.0,0.027094882,-27.997736,2.2139528,0.7379843,0.14400001,0.0,0.16377567,1.0599996,1.0799996,179200
hardzero_plus_depr__c0p50__z1p00__lam0p020__nu0p50__psi0p75,hardzero_plus_depr,0.06,35,56,0.0,2,0.08533312,0.08533312,1.0138054,0.0,0.096871175,0.0,0.0,0.026691493,-26.954567,2.2304163,0.7434721,0.16800001,0.0,0.14414838,1.0799996,1.0999995,182400
hardzero_plus_depr__c0p50__z1p00__lam0p020__nu0p50__psi0p75,hardzero_plus_depr,0.06,35,57,0.0,2,0.08533312,0.088023,0.9901246,0.10229994,0.10229994,1.0,0.0026898857,0.026294107,-26.68348,2.1783175,0.72610587,0.216,0.0,0.15466894,1.0999995,1.1199995,185600
hardzero_plus_depr__c0p50__z1p00__lam0p020__nu0p50__psi0p75,hardzero_plus_depr,0.06,35,58,0.0,2,0.088023,0.090623975,0.99820745,0.100413606,0.100413606,1.0,0.0026009772,0.025902638,-27.062473,2.1961002,0.73203343,0.16000001,0.0,0.15144436,1.1199995,1.1399995,188800
hardzero_plus_depr__c0p50__z1p00__lam0p020__nu0p50__psi0p75,hardzero_plus_depr,0.06,35,59,0.0,2,0.090623975,0.09329371,0.9803611,0.10462581,0.10462581,1.0,0.002669737,0.025517,-26.216932,2.1568375,0.71894586,0.128,0.0,0.14018242,1.1399995,1.1599995,192000
hardzero_plus_depr__c0p50__z1p00__lam0p020__nu0p50__psi0p75,hardzero_plus_depr,0.06,35,60,0.0,2,0.09329371,0.09329371,1.0126089,0.0,0.09713844,0.0,0.0,0.0251371,-26.48078,2.2277842,0.7425947,0.14400001,0.0,0.14250791,1.1599995,1.1799995,195200
hardzero_plus_depr__c0p50__z1p00__lam0p020__nu0p50__psi0p75,hardzero_plus_depr,0.06,35,61,0.0,2,0.09329371,0.09329371,1.0150851,0.0,0.09658615,0.0,0.0,0.024762861,-27.18659,2.2332318,0.74441063,0.17600001,0.0,0.14108591,1.1799995,1.1999995,198400
hardzero_plus_depr__c0p50__z1p00__lam0p020__nu0p50__psi0p75,hardzero_plus_depr,0.06,35,62,0.0,2,0.09329371,0.09329371,1.0404292,0.0,0.09111099,0.0,0.0,0.02439419,-27.431417,2.28899,0.7629967,0.128,0.0,0.14652576,1.1999995,1.2199994,201600
hardzero_plus_depr__c0p50__z1p00__lam0p020__nu0p50__psi0p75,hardzero_plus_depr,0.06,35,63,0.0,2,0.09329371,0.09573222,0.9936477,0.10147342,0.10147342,1.0,0.0024385084,0.024031008,-26.249777,2.1860685,0.72868955,0.16800001,0.0,0.1504338,1.2199994,1.2399994,204800
hardzero_plus_depr__c0p50__z1p00__lam0p020__nu0p50__psi0p75,hardzero_plus_depr,0.06,35,64,0.0,2,0.09573222,0.09573222,1.0352983,0.0,0.09219379,0.0,0.0,0.023673233,-27.848232,2.2777019,0.75923395,0.15200001,0.008,0.20249072,1.2399994,1.2599994,208000
hardzero_plus_depr__c0p50__z1p00__lam0p020__nu0p50__psi0p75,hardzero_plus_depr,0.06,35,65,0.0,2,0.09573222,0.09573222,1.0008372,0.0,0.0998074,0.0,0.0,0.023320785,-26.820107,2.2018857,0.73396194,0.17999999,0.0,0.14809081,1.2599994,1.2799994,211200
hardzero_plus_depr__c0p50__z1p00__lam0p020__nu0p50__psi0p75,hardzero_plus_depr,0.06,35,66,0.0,2,0.09573222,0.09573222,1.0294777,0.0,0.09343773,0.0,0.0,0.022973582,-27.572271,2.2648962,0.7549654,0.096,0.0,0.13104126,1.2799994,1.2999994,214400
hardzero_plus_depr__c0p50__z1p00__lam0p020__nu0p50__psi0p75,hardzero_plus_depr,0.06,35,67,0.0,2,0.09573222,0.09573222,1.0145223,0.0,0.0967114,0.0,0.0,0.02263155,-27.85147,2.2319937,0.74399793,0.208,0.0,0.13081539,1.2999994,1.3199993,217600
hardzero_plus_depr__c0p50__z1p00__lam0p020__nu0p50__psi0p75,hardzero_plus_depr,0.06,35,68,0.0,2,0.09573222,0.09573222,1.0384237,0.0,0.09153271,0.0,0.0,0.022294613,-27.032503,2.2845776,0.76152587,0.08800001,0.0,0.1355138,1.3199993,1.3399993,220800
hardzero_plus_depr__c0p50__z1p00__lam0p020__nu0p50__psi0p75,hardzero_plus_depr,0.06,35,69,0.0,2,0.09573222,0.09573222,1.0074724,0.0,0.09829415,0.0,0.0,0.02196269,-27.22409,2.2164836,0.7388279,0.17600001,0.0,0.16461344,1.3399993,1.3599993,224000
hardzero_plus_depr__c0p50__z1p00__lam0p020__nu0p50__psi0p75,hardzero_plus_depr,0.06,35,70,0.0,2,0.09573222,0.09573222,1.0127503,0.0,0.097106814,0.0,0.0,0.021635707,-26.147295,2.228095,0.7426984,0.24000001,0.0,0.123412915,1.3599993,1.3799993,227200
hardzero_plus_depr__c0p50__z1p00__lam0p020__nu0p50__psi0p75,hardzero_plus_depr,0.06,35,71,0.0,2,0.09573222,0.09797762,0.9773624,0.10535074,0.10535074,1.0,0.002245403,0.021313595,-26.642424,2.1502402,0.71674675,0.16000001,0.0,0.1629988,1.3799993,1.3999993,230400
hardzero_plus_depr__c0p50__z1p00__lam0p020__nu0p50__psi0p75,hardzero_plus_depr,0.06,35,72,0.0,2,0.09797762,0.10036862,0.94356376,0.113877065,0.113877065,1.0,0.0023909942,0.020996276,-25.413113,2.0758817,0.6919606,0.17600001,0.0,0.16385943,1.3999993,1.4199992,233600
hardzero_plus_depr__c0p50__z1p00__lam0p020__nu0p50__psi0p75,hardzero_plus_depr,0.06,35,73,0.0,2,0.10036862,0.10036862,1.0085983,0.0,0.098039635,0.0,0.0,0.020683683,-27.728237,2.2189605,0.7396535,0.112,0.0,0.14508095,1.4199992,1.4399992,236800
hardzero_plus_depr__c0p50__z1p00__lam0p020__nu0p50__psi0p75,hardzero_plus_depr,0.06,35,74,0.0,2,0.10036862,0.10248807,0.98288935,0.1040185,0.1040185,1.0,0.002119454,0.020375742,-26.764309,2.1623998,0.7207999,0.208,0.0,0.16822712,1.4399992,1.4599992,240000
hardzero_plus_depr__c0p50__z1p00__lam0p020__nu0p50__psi0p75,hardzero_plus_depr,0.06,35,75,0.0,2,0.10248807,0.10452076,0.9945274,0.10126808,0.10126808,1.0,0.0020326923,0.020072388,-26.710344,2.188004,0.7293347,0.16800001,0.0,0.16156971,1.4599992,1.4799992,243200
hardzero_plus_depr__c0p50__z1p00__lam0p020__nu0p50__psi0p75,hardzero_plus_depr,0.06,35,76,0.0,2,0.10452076,0.10452076,1.0782502,0.0,0.08351218,0.0,0.0,0.019773548,-28.822357,2.3721976,0.79073256,0.120000005,0.0,0.15721509,1.4799992,1.4999992,246400
hardzero_plus_depr__c0p50__z1p00__lam0p020__nu0p50__psi0p75,hardzero_plus_depr,0.06,35,77,0.0,2,0.10452076,0.10452076,1.0170724,0.0,0.0961452,0.0,0.0,0.019479157,-26.710114,2.2376041,0.7458681,0.15200001,0.0,0.1355434,1.4999992,1.5199991,249600
hardzero_plus_depr__c0p50__z1p00__lam0p020__nu0p50__psi0p75,hardzero_plus_depr,0.06,35,78,0.0,2,0.10452076,0.10452076,1.0183929,0.0,0.0958533,0.0,0.0,0.019189153,-27.322983,2.240509,0.74683636,0.11,0.0,0.14377175,1.5199991,1.5399991,252800
hardzero_plus_depr__c0p50__z1p00__lam0p020__nu0p50__psi0p75,hardzero_plus_depr,0.06,35,79,0.0,2,0.10452076,0.10642236,0.9974237,0.10059497,0.10059497,1.0,0.0019015932,0.018903462,-25.99803,2.194376,0.73145866,0.17600001,0.0,0.13950205,1.5399991,1.5599991,256000
hardzero_plus_depr__c0p50__z1p00__lam0p020__nu0p50__psi0p75,hardzero_plus_depr,0.06,35,80,0.0,2,0.10642236,0.1082928,0.9980824,0.10044253,0.10044253,1.0,0.0018704437,0.01862203,-27.188786,2.195825,0.7319417,0.23200001,0.0,0.17586923,1.5599991,1.5799991,259200
hardzero_plus_depr__c0p50__z1p00__lam0p020__nu0p50__psi0p75,hardzero_plus_depr,0.06,35,81,0.0,2,0.1082928,0.1082928,1.0264422,0.0,0.0940931,0.0,0.0,0.018344784,-26.470564,2.2582178,0.7527393,0.16000001,0.0,0.15191239,1.5799991,1.5999991,262400
hardzero_plus_depr__c0p50__z1p00__lam0p020__nu0p50__psi0p75,hardzero_plus_depr,0.06,35,82,0.0,2,0.1082928,0.11016526,0.98458576,0.103613004,0.103613004,1.0,0.0018724594,0.018071664,-25.95028,2.166132,0.722044,0.2,0.0,0.1478872,1.5999991,1.619999,265600
hardzero_plus_depr__c0p50__z1p00__lam0p020__nu0p50__psi0p75,hardzero_plus_depr,0.06,35,83,0.0,2,0.11016526,0.112074316,0.9696649,0.10723464,0.10723464,1.0,0.0019090568,0.017802613,-26.08058,2.1333053,0.7111018,0.216,0.0,0.1432251,1.619999,1.639999,268800
hardzero_plus_depr__c0p50__z1p00__lam0p020__nu0p50__psi0p75,hardzero_plus_depr,0.06,35,84,0.0,2,0.112074316,0.112074316,1.024617,0.0,0.09448939,0.0,0.0,0.017537566,-27.10368,2.2542024,0.7514008,0.18400002,0.0,0.14494975,1.639999,1.659999,272000
hardzero_plus_depr__c0p50__z1p00__lam0p020__nu0p50__psi0p75,hardzero_plus_depr,0.06,35,85,0.0,2,0.112074316,0.112074316,1.0464284,0.0,0.089861065,0.0,0.0,0.017276466,-27.282438,2.3021886,0.7673962,0.15200001,0.0,0.14468287,1.659999,1.679999,275200
hardzero_plus_depr__c0p50__z1p00__lam0p020__nu0p50__psi0p75,hardzero_plus_depr,0.06,35,86,0.0,2,0.112074316,0.11384813,0.98203367,0.10422365,0.10422365,1.0,0.0017738087,0.017019253,-27.626427,2.1605172,0.7201724,0.2,0.0,0.14173368,1.679999,1.699999,278400
hardzero_plus_depr__c0p50__z1p00__lam0p020__nu0p50__psi0p75,hardzero_plus_depr,0.06,35,87,0.0,2,0.11384813,0.11560965,0.97853786,0.10506599,0.10506599,1.0,0.0017615227,0.01676587,-26.910147,2.1528263,0.7176088,0.14400001,0.0,0.13647589,1.699999,1.719999,281600
hardzero_plus_depr__c0p50__z1p00__lam0p020__nu0p50__psi0p75,hardzero_plus_depr,0.06,35,88,0.0,2,0.11560965,0.11739877,0.96527267,0.10832467,0.10832467,1.0,0.0017891183,0.016516259,-26.46779,2.1236422,0.70788074,0.216,0.0,0.13712713,1.719999,1.7399989,284800
hardzero_plus_depr__c0p50__z1p00__lam0p020__nu0p50__psi0p75,hardzero_plus_depr,0.06,35,89,0.0,2,0.11739877,0.11739877,1.0513246,0.0,0.08885367,0.0,0.0,0.016270366,-27.821934,2.3129604,0.7709868,0.15200001,0.0,0.18927188,1.7399989,1.7599989,288000
hardzero_plus_depr__c0p50__z1p00__lam0p020__nu0p50__psi0p75,hardzero_plus_depr,0.06,35,90,0.0,2,0.11739877,0.11739877,1.0149224,0.0,0.09662234,0.0,0.0,0.01602813,-27.406498,2.232874,0.7442913,0.15200001,0.0,0.13985243,1.7599989,1.7799989,291200
hardzero_plus_depr__c0p50__z1p00__lam0p020__nu0p50__psi0p75,hardzero_plus_depr,0.06,35,91,0.0,2,0.11739877,0.11898,0.9993743,0.10014418,0.10014418,1.0,0.0015812268,0.015789503,-26.438818,2.1986673,0.7328891,0.17,0.0,0.14561738,1.7799989,1.7999989,294400
hardzero_plus_depr__c0p50__z1p00__lam0p020__nu0p50__psi0p75,hardzero_plus_depr,0.06,35,92,0.0,2,0.11898,0.12067142,0.9636017,0.10874223,0.10874223,1.0,0.0016914232,0.015554428,-26.223248,2.119966,0.7066554,0.18400002,0.0,0.10798953,1.7999989,1.8199989,297600
hardzero_plus_depr__c0p50__z1p00__lam0p020__nu0p50__psi0p75,hardzero_plus_depr,0.06,35,93,0.0,2,0.12067142,0.12067142,1.0004061,0.0,0.099906534,0.0,0.0,0.015322854,-25.978622,2.2009375,0.73364586,0.16000001,0.0,0.12980975,1.8199989,1.8399988,300800
hardzero_plus_depr__c0p50__z1p00__lam0p020__nu0p50__psi0p75,hardzero_plus_depr,0.06,35,94,0.0,2,0.12067142,0.12067142,1.013854,0.0,0.09686032,0.0,0.0,0.015094726,-26.953283,2.2305233,0.7435078,0.17600001,0.0,0.1683018,1.8399988,1.8599988,304000
hardzero_plus_depr__c0p50__z1p00__lam0p020__nu0p50__psi0p75,hardzero_plus_depr,0.06,35,95,0.0,2,0.12067142,0.12067142,1.0490801,0.0,0.08931407,0.0,0.0,0.0148699945,-27.45706,2.3080225,0.7693409,0.16800001,0.0,0.13373622,1.8599988,1.8799988,307200
hardzero_plus_depr__c0p50__z1p00__lam0p020__nu0p50__psi0p75,hardzero_plus_depr,0.06,35,96,0.0,2,0.12067142,0.12215287,0.99511003,0.10113232,0.10113232,1.0,0.0014814478,0.01464861,-26.377438,2.1892858,0.72976196,0.16000001,0.0,0.14261879,1.8799988,1.8999988,310400
hardzero_plus_depr__c0p50__z1p00__lam0p020__nu0p50__psi0p75,hardzero_plus_depr,0.06,35,97,0.0,2,0.12215287,0.12215287,1.0176511,0.0,0.09601716,0.0,0.0,0.01443052,-27.725769,2.238877,0.74629235,0.120000005,0.0,0.14851733,1.8999988,1.9199988,313600
hardzero_plus_depr__c0p50__z1p00__lam0p020__nu0p50__psi0p75,hardzero_plus_depr,0.06,35,98,0.0,2,0.12215287,0.123583525,0.9972335,0.10063903,0.10063903,1.0,0.0014306521,0.014215678,-27.07478,2.1939576,0.7313192,0.136,0.0,0.13147199,1.9199988,1.9399987,316800
hardzero_plus_depr__c0p50__z1p00__lam0p020__nu0p50__psi0p75,hardzero_plus_depr,0.06,35,99,0.0,2,0.123583525,0.123583525,1.0378578,0.0,0.09165204,0.0,0.0,0.014004034,-26.73201,2.2833326,0.7611109,0.136,0.0,0.17977925,1.9399987,1.9599987,320000
hardzero_plus_depr__c0p50__z1p00__lam0p020__nu0p50__psi0p75,hardzero_plus_depr,0.06,35,100,0.0,2,0.123583525,0.12496416,0.9996604,0.10007823,0.10007823,1.0,0.0013806336,0.0137955425,-27.343119,2.1992967,0.7330989,0.136,0.0,0.12967001,1.9599987,1.9799987,323200
hardzero_plus_depr__c0p50__z1p00__lam0p020__nu0p50__psi0p75,hardzero_plus_depr,0.06,35,101,0.0,2,0.12496416,0.12647857,0.95298284,0.11143387,0.11143387,1.0,0.0015144034,0.013590153,-26.09651,2.096604,0.69886804,0.2,0.0,0.14142373,1.9799987,1.9999987,326400
hardzero_plus_depr__c0p50__z1p00__lam0p020__nu0p50__psi0p75,hardzero_plus_depr,0.06,35,102,0.0,2,0.12647857,0.12784372,0.9915259,0.1019704,0.1019704,1.0,0.0013651616,0.0133878235,-26.892088,2.1814005,0.7271335,0.2,0.0,0.15460259,1.9999987,2.0199988,329600
hardzero_plus_depr__c0p50__z1p00__lam0p020__nu0p50__psi0p75,hardzero_plus_depr,0.06,35,103,0.0,2,0.12784372,0.12784372,1.0388317,0.0,0.091446735,0.0,0.0,0.013188502,-26.673466,2.2854755,0.7618252,0.15200001,0.0,0.14193462,2.0199988,2.0399988,332800
hardzero_plus_depr__c0p50__z1p00__lam0p020__nu0p50__psi0p75,hardzero_plus_depr,0.06,35,104,0.0,2,0.12784372,0.12918122,0.98738945,0.10294624,0.10294624,1.0,0.0013374933,0.012992154,-25.918617,2.1723,0.72410005,0.16,0.0,0.14198926,2.0399988,2.0599988,336000
hardzero_plus_depr__c0p50__z1p00__lam0p020__nu0p50__psi0p75,hardzero_plus_depr,0.06,35,105,0.0,2,0.12918122,0.12918122,1.0434155,0.0,0.09048664,0.0,0.0,0.012798723,-27.380146,2.2955601,0.7651867,0.18400002,0.0,0.15264083,2.0599988,2.0799987,339200
hardzero_plus_depr__c0p50__z1p00__lam0p020__nu0p50__psi0p75,hardzero_plus_depr,0.06,35,106,0.0,2,0.12918122,0.1304945,0.982295,0.10416097,0.10416097,1.0,0.0013132798,0.012608176,-26.331982,2.161092,0.72036403,0.192,0.0,0.15411319,2.0799987,2.0999987,342400
hardzero_plus_depr__c0p50__z1p00__lam0p020__nu0p50__psi0p75,hardzero_plus_depr,0.06,35,107,0.0,2,0.1304945,0.1304945,1.0227518,0.0,0.09489606,0.0,0.0,0.012420464,-27.738365,2.250099,0.750033,0.18400002,0.0,0.1739351,2.0999987,2.1199987,345600
hardzero_plus_depr__c0p50__z1p00__lam0p020__nu0p50__psi0p75,hardzero_plus_depr,0.06,35,108,0.0,2,0.1304945,0.13179407,0.97382486,0.106212385,0.106212385,1.0,0.0012995668,0.012235549,-25.796057,2.1424575,0.7141525,0.15200001,0.0,0.12224562,2.1199987,2.1399987,348800
hardzero_plus_depr__c0p50__z1p00__lam0p020__nu0p50__psi0p75,hardzero_plus_depr,0.06,35,109,0.0,2,0.13179407,0.13302553,0.9906873,0.10216749,0.10216749,1.0,0.001231464,0.012053384,-26.364721,2.1795557,0.7265186,0.16800001,0.008,0.14094782,2.1399987,2.1599987,352000
hardzero_plus_depr__c0p50__z1p00__lam0p020__nu0p50__psi0p75,hardzero_plus_depr,0.06,35,110,0.0,2,0.13302553,0.13302553,1.0151641,0.0,0.096568584,0.0,0.0,0.011873934,-28.066051,2.2334056,0.74446857,0.128,0.0,0.16901211,2.1599987,2.1799986,355200
hardzero_plus_depr__c0p50__z1p00__lam0p020__nu0p50__psi0p75,hardzero_plus_depr,0.06,35,111,0.0,2,0.13302553,0.13302553,1.0177239,0.0,0.09600107,0.0,0.0,0.011697154,-27.233915,2.2390373,0.74634576,0.216,0.0,0.14405864,2.1799986,2.1999986,358400
hardzero_plus_depr__c0p50__z1p00__lam0p020__nu0p50__psi0p75,hardzero_plus_depr,0.06,35,112,0.0,2,0.13302553,0.13418679,0.9966338,0.10077811,0.10077811,1.0,0.0011612669,0.011523007,-27.084736,2.1926382,0.7308794,0.17600001,0.0,0.1522821,2.1999986,2.2199986,361600
hardzero_plus_depr__c0p50__z1p00__lam0p020__nu0p50__psi0p75,hardzero_plus_depr,0.06,35,113,0.0,2,0.13418679,0.13418679,1.0706753,0.0,0.08498157,0.0,0.0,0.011351449,-28.43683,2.3555326,0.7851776,0.14400001,0.0,0.16503878,2.2199986,2.2399986,364800
hardzero_plus_depr__c0p50__z1p00__lam0p020__nu0p50__psi0p75,hardzero_plus_depr,0.06,35,114,0.0,2,0.13418679,0.13531339,0.99676734,0.100747116,0.100747116,1.0,0.0011265996,0.011182451,-27.316956,2.192932,0.7309773,0.16800001,0.0,0.14622615,2.2399986,2.2599986,368000
hardzero_plus_depr__c0p50__z1p00__lam0p020__nu0p50__psi0p75,hardzero_plus_depr,0.06,35,115,0.0,2,0.13531339,0.13531339,1.0381725,0.0,0.091585666,0.0,0.0,0.011015966,-28.078403,2.284025,0.7613417,0.16000001,0.0,0.15277518,2.2599986,2.2799985,371200
hardzero_plus_depr__c0p50__z1p00__lam0p020__nu0p50__psi0p75,hardzero_plus_depr,0.06,35,116,0.0,2,0.13531339,0.13531339,1.0522051,0.0,0.08867372,0.0,0.0,0.01085196,-27.279362,2.3148975,0.77163255,0.192,0.0,0.1753793,2.2799985,2.2999985,374400
hardzero_plus_depr__c0p50__z1p00__lam0p020__nu0p50__psi0p75,hardzero_plus_depr,0.06,35,117,0.0,2,0.13531339,0.1363902,0.9968568,0.100726366,0.100726366,1.0,0.0010768046,0.010690395,-25.876633,2.1931288,0.731043,0.17999999,0.0,0.14561924,2.2999985,2.3199985,377600
hardzero_plus_depr__c0p50__z1p00__lam0p020__nu0p50__psi0p75,hardzero_plus_depr,0.06,35,118,0.0,2,0.1363902,0.1363902,1.0020756,0.0,0.099523224,0.0,0.0,0.0105312355,-27.23559,2.2046103,0.73487014,0.16000001,0.0,0.15317963,2.3199985,2.3399985,380800
hardzero_plus_depr__c0p50__z1p00__lam0p020__nu0p50__psi0p75,hardzero_plus_depr,0.06,35,119,0.0,2,0.1363902,0.1363902,1.0009161,0.0,0.09978927,0.0,0.0,0.0103744455,-26.773302,2.2020595,0.7340199,0.16000001,0.0,0.15527108,2.3399985,2.3599985,384000
hardzero_plus_depr__c0p50__z1p00__lam0p020__nu0p50__psi0p75,hardzero_plus_depr,0.06,35,120,0.0,2,0.1363902,0.1363902,1.0387571,0.0,0.09146246,0.0,0.0,0.010219992,-27.365774,2.2853112,0.7617704,0.18400002,0.0,0.15833323,2.3599985,2.3799984,387200
hardzero_plus_depr__c0p50__z1p00__lam0p020__nu0p50__psi0p75,hardzero_plus_depr,0.06,35,121,0.0,2,0.1363902,0.1363902,1.0064344,0.0,0.09852934,0.0,0.0,0.010067834,-27.442322,2.2142,0.7380667,0.17600001,0.0,0.1440655,2.3799984,2.3999984,390400
hardzero_plus_depr__c0p50__z1p00__lam0p020__nu0p50__psi0p75,hardzero_plus_depr,0.06,35,122,0.0,2,0.1363902,0.1363902,1.0208956,0.0,0.09530252,0.0,0.0,0.009917946,-26.946829,2.246015,0.7486717,0.112,0.0,0.14991206,2.3999984,2.4199984,393600
hardzero_plus_depr__c0p50__z1p00__lam0p020__nu0p50__psi0p75,hardzero_plus_depr,0.06,35,123,0.0,2,0.1363902,0.13739607,0.98736274,0.10295258,0.10295258,1.0,0.0010058761,0.009770286,-26.376762,2.1722414,0.7240805,0.208,0.008,0.13131455,2.4199984,2.4399984,396800
hardzero_plus_depr__c0p50__z1p00__lam0p020__nu0p50__psi0p75,hardzero_plus_depr,0.06,35,124,0.0,2,0.13739607,0.13841614,0.9747584,0.105984315,0.105984315,1.0,0.0010200805,0.009624826,-26.24574,2.1445112,0.7148371,0.216,0.0,0.13021423,2.4399984,2.4599984,400000
hardzero_plus_depr__c0p50__z1p00__lam0p020__nu0p50__psi0p75,hardzero_plus_depr,0.06,35,125,0.0,2,0.13841614,0.13841614,1.0220983,0.0,0.09503896,0.0,0.0,0.00948153,-27.31005,2.248661,0.7495537,0.18400002,0.0,0.14568736,2.4599984,2.4799984,403200
hardzero_plus_depr__c0p50__z1p00__lam0p020__nu0p50__psi0p75,hardzero_plus_depr,0.06,35,126,0.0,2,0.13841614,0.13938157,0.985641,0.10336153,0.10336153,1.0,0.0009654349,0.009340369,-27.08507,2.1684535,0.72281784,0.16000001,0.0,0.1562212,2.4799984,2.4999983,406400
hardzero_plus_depr__c0p50__z1p00__lam0p020__nu0p50__psi0p75,hardzero_plus_depr,0.06,35,127,0.0,2,0.13938157,0.13938157,1.0473071,0.0,0.08967944,0.0,0.0,0.009201309,-27.259092,2.3041217,0.7680406,0.14400001,0.0,0.13703242,2.4999983,2.5199983,409600
hardzero_plus_depr__c0p50__z1p00__lam0p020__nu0p50__psi0p75,hardzero_plus_depr,0.06,35,128,0.0,2,0.13938157,0.13938157,1.0042785,0.0,0.09901966,0.0,0.0,0.0090643205,-27.04192,2.209457,0.73648566,0.120000005,0.0,0.13984466,2.5199983,2.5399983,412800
hardzero_plus_depr__c0p50__z1p00__lam0p020__nu0p50__psi0p75,hardzero_plus_depr,0.06,35,129,0.0,2,0.13938157,0.13938157,1.0160688,0.0,0.09636764,0.0,0.0,0.008929369,-27.628805,2.2353961,0.7451321,0.120000005,0.008,0.15286842,2.5399983,2.5599983,416000
hardzero_plus_depr__c0p50__z1p00__lam0p020__nu0p50__psi0p75,hardzero_plus_depr,0.06,35,130,0.0,2,0.13938157,0.14026126,0.9999788,0.10000488,0.10000488,1.0,0.00087968586,0.008796429,-26.95244,2.1999972,0.7333324,0.16,0.0,0.14842927,2.5599983,2.5799983,419200
hardzero_plus_depr__c0p50__z1p00__lam0p020__nu0p50__psi0p75,hardzero_plus_depr,0.06,35,131,0.0,2,0.14026126,0.14026126,1.0005378,0.0,0.09987626,0.0,0.0,0.008665467,-27.172243,2.201227,0.73374236,0.216,0.008,0.16533934,2.5799983,2.5999982,422400
hardzero_plus_depr__c0p50__z1p00__lam0p020__nu0p50__psi0p75,hardzero_plus_depr,0.06,35,132,0.0,2,0.14026126,0.14112902,0.9928833,0.10165217,0.10165217,1.0,0.00086774916,0.008536455,-27.012478,2.184387,0.728129,0.192,0.0,0.15989086,2.5999982,2.6199982,425600
hardzero_plus_depr__c0p50__z1p00__lam0p020__nu0p50__psi0p75,hardzero_plus_depr,0.06,35,133,0.0,2,0.14112902,0.14112902,1.0430261,0.0,0.09056781,0.0,0.0,0.008409364,-26.926794,2.2947032,0.7649011,0.128,0.0,0.15351582,2.6199982,2.6399982,428800
hardzero_plus_depr__c0p50__z1p00__lam0p020__nu0p50__psi0p75,hardzero_plus_depr,0.06,35,134,0.0,2,0.14112902,0.14112902,1.0132649,0.0,0.096991815,0.0,0.0,0.0082841655,-26.757715,2.2292273,0.7430758,0.16000001,0.0,0.13836294,2.6399982,2.6599982,432000
hardzero_plus_depr__c0p50__z1p00__lam0p020__nu0p50__psi0p75,hardzero_plus_depr,0.06,35,135,0.0,2,0.14112902,0.14112902,1.0665095,0.0,0.08580064,0.0,0.0,0.00816083,-27.854057,2.3463678,0.7821226,0.14400001,0.0,0.15357573,2.6599982,2.6799982,435200
hardzero_plus_depr__c0p50__z1p00__lam0p020__nu0p50__psi0p75,hardzero_plus_depr,0.06,35,136,0.0,2,0.14112902,0.14112902,1.0217863,0.0,0.09510725,0.0,0.0,0.008039332,-27.467855,2.2479749,0.749325,0.128,0.0,0.14236578,2.6799982,2.6999981,438400
hardzero_plus_depr__c0p50__z1p00__lam0p020__nu0p50__psi0p75,hardzero_plus_depr,0.06,35,137,0.0,2,0.14112902,0.14192405,0.9983186,0.10038789,0.10038789,1.0,0.00079503603,0.00791964,-26.481733,2.1963449,0.732115,0.120000005,0.0,0.12404951,2.6999981,2.7199981,441600
hardzero_plus_depr__c0p50__z1p00__lam0p020__nu0p50__psi0p75,hardzero_plus_depr,0.06,35,138,0.0,2,0.14192405,0.14192405,1.0547502,0.0,0.08815558,0.0,0.0,0.007801734,-28.687256,2.3204968,0.77349895,0.2,0.008,0.1781067,2.7199981,2.739998,444800
hardzero_plus_depr__c0p50__z1p00__lam0p020__nu0p50__psi0p75,hardzero_plus_depr,0.06,35,139,0.0,2,0.14192405,0.14192405,1.0004926,0.0,0.09988665,0.0,0.0,0.0076855808,-26.927946,2.2011275,0.7337092,0.14400001,0.0,0.12698428,2.739998,2.759998,448000
hardzero_plus_depr__c0p50__z1p00__lam0p020__nu0p50__psi0p75,hardzero_plus_depr,0.06,35,140,0.0,2,0.14192405,0.14192405,1.0459201,0.0,0.0899663,0.0,0.0,0.007571158,-26.588436,2.3010702,0.76702344,0.112,0.0,0.14504345,2.759998,2.779998,451200
hardzero_plus_depr__c0p50__z1p00__lam0p020__nu0p50__psi0p75,hardzero_plus_depr,0.06,35,141,0.0,2,0.14192405,0.14267543,0.99679065,0.10074171,0.10074171,1.0,0.0007513757,0.0074584372,-27.196106,2.1929832,0.7309944,0.120000005,0.0,0.16021451,2.779998,2.799998,454400
hardzero_plus_depr__c0p50__z1p00__lam0p020__nu0p50__psi0p75,hardzero_plus_depr,0.06,35,142,0.0,2,0.14267543,0.14267543,1.0367104,0.0,0.09189453,0.0,0.0,0.0073473966,-27.133682,2.2808084,0.7602695,0.224,0.0,0.16340098,2.799998,2.819998,457600
hardzero_plus_depr__c0p50__z1p00__lam0p020__nu0p50__psi0p75,hardzero_plus_depr,0.06,35,143,0.0,2,0.14267543,0.14267543,1.0616791,0.0,0.08676026,0.0,0.0,0.0072380076,-29.074604,2.3357408,0.7785803,0.099999994,0.0,0.16533455,2.819998,2.839998,460800
hardzero_plus_depr__c0p50__z1p00__lam0p020__nu0p50__psi0p75,hardzero_plus_depr,0.06,35,144,0.0,2,0.14267543,0.14343879,0.97037315,0.107059896,0.107059896,1.0,0.00076336367,0.0071302485,-26.84016,2.1348636,0.7116212,0.24000001,0.0,0.1444704,2.839998,2.859998,464000
hardzero_plus_depr__c0p50__z1p00__lam0p020__nu0p50__psi0p75,hardzero_plus_depr,0.06,35,145,0.0,2,0.14343879,0.14415121,0.99385154,0.1014258,0.1014258,1.0,0.00071242417,0.007024092,-27.394884,2.186517,0.72883904,0.120000005,0.0,0.1508893,2.859998,2.879998,467200
hardzero_plus_depr__c0p50__z1p00__lam0p020__nu0p50__psi0p75,hardzero_plus_depr,0.06,35,146,0.0,2,0.14415121,0.14415121,1.0320544,0.0,0.092885,0.0,0.0,0.006919518,-27.992426,2.270565,0.756855,0.112,0.0,0.14887576,2.879998,2.899998,470400
hardzero_plus_depr__c0p50__z1p00__lam0p020__nu0p50__psi0p75,hardzero_plus_depr,0.06,35,147,0.0,2,0.14415121,0.14415121,1.0318636,0.0,0.09292583,0.0,0.0,0.0068164994,-27.723598,2.2701452,0.75671506,0.208,0.0,0.15565403,2.899998,2.919998,473600
hardzero_plus_depr__c0p50__z1p00__lam0p020__nu0p50__psi0p75,hardzero_plus_depr,0.06,35,148,0.0,2,0.14415121,0.14415121,1.0040518,0.0,0.099071376,0.0,0.0,0.0067150155,-26.490059,2.2089581,0.7363194,0.216,0.0,0.15067454,2.919998,2.939998,476800
hardzero_plus_depr__c0p50__z1p00__lam0p020__nu0p50__psi0p75,hardzero_plus_depr,0.06,35,149,0.0,2,0.14415121,0.14415121,1.0091299,0.0,0.0979197,0.0,0.0,0.0066150413,-25.814243,2.22013,0.74004334,0.14400001,0.0,0.17149335,2.939998,2.959998,480000
hardzero_plus_depr__c0p50__z1p00__lam0p020__nu0p50__psi0p75,hardzero_plus_depr,0.06,35,150,0.0,2,0.14415121,0.14485,0.96967226,0.10723281,0.10723281,1.0,0.0006987887,0.0065165567,-26.769283,2.1333215,0.7111072,0.18400002,0.0,0.14053439,2.959998,2.9799979,483200
hardzero_plus_depr__c0p50__z1p00__lam0p020__nu0p50__psi0p75,hardzero_plus_depr,0.06,35,151,0.0,2,0.14485,0.14485,1.0229785,0.0,0.094846524,0.0,0.0,0.006419537,-26.946661,2.2505977,0.75019926,0.128,0.0,0.13686448,2.9799979,2.9999979,486400
hardzero_plus_depr__c0p50__z1p00__lam0p020__nu0p50__psi0p75,hardzero_plus_depr,0.06,35,152,0.0,2,0.14485,0.14555313,0.9539561,0.1111844,0.1111844,1.0,0.00070312613,0.006323964,-25.7639,2.0987453,0.6995818,0.15200001,0.0,0.14292623,2.9999979,3.0199978,489600
hardzero_plus_depr__c0p50__z1p00__lam0p020__nu0p50__psi0p75,hardzero_plus_depr,0.06,35,153,0.0,2,0.14555313,0.14555313,1.0314748,0.0,0.09300903,0.0,0.0,0.006229812,-27.44088,2.26929,0.75643003,0.136,0.0,0.15277167,3.0199978,3.0399978,492800
hardzero_plus_depr__c0p50__z1p00__lam0p020__nu0p50__psi0p75,hardzero_plus_depr,0.06,35,154,0.0,2,0.14555313,0.14555313,1.0660547,0.0,0.08589054,0.0,0.0,0.006137063,-28.226885,2.3453672,0.78178906,0.216,0.0,0.17007868,3.0399978,3.0599978,496000
hardzero_plus_depr__c0p50__z1p00__lam0p020__nu0p50__psi0p75,hardzero_plus_depr,0.06,35,155,0.0,2,0.14555313,0.14555313,1.0071949,0.0,0.09835696,0.0,0.0,0.006045693,-26.374502,2.215873,0.73862433,0.192,0.0,0.13619447,3.0599978,3.0799978,499200
hardzero_plus_depr__c0p50__z1p00__lam0p020__nu0p50__psi0p75,hardzero_plus_depr,0.06,35,156,0.0,2,0.14555313,0.14616229,0.99020576,0.10228082,0.10228082,1.0,0.00060915237,0.0059556854,-26.673168,2.1784961,0.7261654,0.22999999,0.0,0.142407,3.0799978,3.0999978,502400
hardzero_plus_depr__c0p50__z1p00__lam0p020__nu0p50__psi0p75,hardzero_plus_depr,0.06,35,157,0.0,2,0.14616229,0.14616229,1.009207,0.0,0.09790231,0.0,0.0,0.005867016,-27.708525,2.2202997,0.7400999,0.216,0.0,0.14570795,3.0999978,3.1199977,505600
hardzero_plus_depr__c0p50__z1p00__lam0p020__nu0p50__psi0p75,hardzero_plus_depr,0.06,35,158,0.0,2,0.14616229,0.14616229,1.001025,0.0,0.099764265,0.0,0.0,0.005779668,-26.295227,2.2022989,0.7340996,0.14400001,0.0,0.130842,3.1199977,3.1399977,508800
hardzero_plus_depr__c0p50__z1p00__lam0p020__nu0p50__psi0p75,hardzero_plus_depr,0.06,35,159,0.0,2,0.14616229,0.14679088,0.95702046,0.11040265,0.11040265,1.0,0.0006285907,0.0056936196,-26.226648,2.105487,0.7018291,0.208,0.0,0.12948868,3.1399977,3.1599977,512000
hardzero_plus_depr__c0p50__z1p00__lam0p020__nu0p50__psi0p75,hardzero_plus_depr,0.06,35,160,0.0,2,0.14679088,0.14679088,1.0279732,0.0,0.09376198,0.0,0.0,0.0056088534,-27.60737,2.2615862,0.7538621,0.216,0.0,0.15720235,3.1599977,3.1799977,515200
hardzero_plus_depr__c0p50__z1p00__lam0p020__nu0p50__psi0p75,hardzero_plus_depr,0.06,35,161,0.0,2,0.14679088,0.14679088,1.0858269,0.0,0.082067855,0.0,0.0,0.005525348,-27.88204,2.388867,0.79628897,0.096,0.0,0.15257026,3.1799977,3.1999977,518400
hardzero_plus_depr__c0p50__z1p00__lam0p020__nu0p50__psi0p75,hardzero_plus_depr,0.06,35,162,0.0,2,0.14679088,0.14679088,1.0083324,0.0,0.098099686,0.0,0.0,0.0054430873,-27.88081,2.2183754,0.7394585,0.136,0.0,0.15461901,3.1999977,3.2199976,521600
hardzero_plus_depr__c0p50__z1p00__lam0p020__nu0p50__psi0p75,hardzero_plus_depr,0.06,35,163,0.0,2,0.14679088,0.14736189,0.97268105,0.10649247,0.10649247,1.0,0.0005710179,0.0053620497,-26.102274,2.139941,0.7133137,0.128,0.0,0.13430087,3.2199976,3.2399976,524800
hardzero_plus_depr__c0p50__z1p00__lam0p020__nu0p50__psi0p75,hardzero_plus_depr,0.06,35,164,0.0,2,0.14736189,0.14792721,0.97051764,0.10702428,0.10702428,1.0,0.0005653257,0.0052822195,-26.094221,2.1351814,0.71172714,0.14400001,0.0,0.13932623,3.2399976,3.2599976,528000
hardzero_plus_depr__c0p50__z1p00__lam0p020__nu0p50__psi0p75,hardzero_plus_depr,0.06,35,165,0.0,2,0.14792721,0.14845206,0.9962623,0.10086435,0.10086435,1.0,0.00052485545,0.005203577,-26.652365,2.1918209,0.730607,0.208,0.008,0.17108752,3.2599976,3.2799976,531200
hardzero_plus_depr__c0p50__z1p00__lam0p020__nu0p50__psi0p75,hardzero_plus_depr,0.06,35,166,0.0,2,0.14845206,0.14845206,1.0230693,0.0,0.09482671,0.0,0.0,0.0051261066,-27.185825,2.2507973,0.7502658,0.15200001,0.0,0.120872885,3.2799976,3.2999976,534400
hardzero_plus_depr__c0p50__z1p00__lam0p020__nu0p50__psi0p75,hardzero_plus_depr,0.06,35,167,0.0,2,0.14845206,0.14899726,0.9667096,0.10796683,0.10796683,1.0,0.0005452096,0.005049788,-26.680689,2.1268036,0.70893455,0.15200001,0.0,0.13103674,3.2999976,3.3199975,537600
hardzero_plus_depr__c0p50__z1p00__lam0p020__nu0p50__psi0p75,hardzero_plus_depr,0.06,35,168,0.0,2,0.14899726,0.14950545,0.99073434,0.10215641,0.10215641,1.0,0.00050818804,0.0049746074,-26.713484,2.1796591,0.7265531,0.104,0.0,0.13346036,3.3199975,3.3399975,540800
hardzero_plus_depr__c0p50__z1p00__lam0p020__nu0p50__psi0p75,hardzero_plus_depr,0.06,35,169,0.0,2,0.14950545,0.15004767,0.9560694,0.110644676,0.110644676,1.0,0.00054221915,0.0049005444,-26.565521,2.1033947,0.7011316,0.17999999,0.0,0.13237773,3.3399975,3.3599975,544000
hardzero_plus_depr__c0p50__z1p00__lam0p020__nu0p50__psi0p75,hardzero_plus_depr,0.06,35,170,0.0,2,0.15004767,0.15053053,0.9999135,0.10001991,0.10001991,1.0,0.00048285472,0.004827586,-26.96889,2.1998537,0.7332846,0.096,0.0,0.16408686,3.3599975,3.3799975,547200
hardzero_plus_depr__c0p50__z1p00__lam0p020__nu0p50__psi0p75,hardzero_plus_depr,0.06,35,171,0.0,2,0.15053053,0.15053053,1.0237203,0.0,0.09468468,0.0,0.0,0.004755712,-26.751932,2.2522295,0.75074315,0.112,0.0,0.13957123,3.3799975,3.3999975,550400
hardzero_plus_depr__c0p50__z1p00__lam0p020__nu0p50__psi0p75,hardzero_plus_depr,0.06,35,172,0.0,2,0.15053053,0.15053053,1.0640433,0.0,0.08628924,0.0,0.0,0.004684909,-28.055712,2.340942,0.78031397,0.208,0.0,0.15619212,3.3999975,3.4199975,553600
hardzero_plus_depr__c0p50__z1p00__lam0p020__nu0p50__psi0p75,hardzero_plus_depr,0.06,35,173,0.0,2,0.15053053,0.15053053,1.0700884,0.0,0.08509647,0.0,0.0,0.0046151592,-28.54308,2.3542414,0.7847471,0.16000001,0.0,0.16749771,3.4199975,3.4399974,556800
hardzero_plus_depr__c0p50__z1p00__lam0p020__nu0p50__psi0p75,hardzero_plus_depr,0.06,35,174,0.0,2,0.15053053,0.15053053,1.0137459,0.0,0.09688447,0.0,0.0,0.0045464486,-27.110493,2.2302856,0.7434286,0.17600001,0.0,0.18129407,3.4399974,3.4599974,560000
hardzero_plus_depr__c0p50__z1p00__lam0p020__nu0p50__psi0p75,hardzero_plus_depr,0.06,35,175,0.0,2,0.15053053,0.15099323,0.9858563,0.10331031,0.10331031,1.0,0.00046270213,0.0044787605,-27.156971,2.1689272,0.72297573,0.18400002,0.0,0.1585649,3.4599974,3.4799974,563200
hardzero_plus_depr__c0p50__z1p00__lam0p020__nu0p50__psi0p75,hardzero_plus_depr,0.06,35,176,0.0,2,0.15099323,0.1514465,0.9882825,0.10273479,0.10273479,1.0,0.00045327426,0.0044120816,-26.654205,2.174265,0.724755,0.16800001,0.0,0.12670779,3.4799974,3.4999974,566400
hardzero_plus_depr__c0p50__z1p00__lam0p020__nu0p50__psi0p75,hardzero_plus_depr,0.06,35,177,0.0,2,0.1514465,0.1514465,1.0540231,0.0,0.08830327,0.0,0.0,0.0043463935,-27.586975,2.3188972,0.7729658,0.120000005,0.0,0.15483849,3.4999974,3.5199974,569600
hardzero_plus_depr__c0p50__z1p00__lam0p020__nu0p50__psi0p75,hardzero_plus_depr,0.06,35,178,0.0,2,0.1514465,0.15192169,0.95474774,0.110981934,0.110981934,1.0,0.00047518965,0.0042816848,-26.390453,2.100487,0.70016235,0.24800001,0.0,0.13015915,3.5199974,3.5399973,572800
hardzero_plus_depr__c0p50__z1p00__lam0p020__nu0p50__psi0p75,hardzero_plus_depr,0.06,35,179,0.0,2,0.15192169,0.1523549,0.9884044,0.10270594,0.10270594,1.0,0.00043320734,0.0042179385,-26.388966,2.1745331,0.7248444,0.17600001,0.0,0.13003755,3.5399973,3.5599973,576000
hardzero_plus_depr__c0p50__z1p00__lam0p020__nu0p50__psi0p75,hardzero_plus_depr,0.06,35,180,0.0,2,0.1523549,0.1523549,1.0125493,0.0,0.097151764,0.0,0.0,0.0041551418,-27.125116,2.227653,0.742551,0.120000005,0.0,0.14363632,3.5599973,3.5799973,579200
hardzero_plus_depr__c0p50__z1p00__lam0p020__nu0p50__psi0p75,hardzero_plus_depr,0.06,35,181,0.0,2,0.1523549,0.1523549,1.0028142,0.0,0.099354096,0.0,0.0,0.0040932796,-27.250553,2.2062352,0.73541176,0.128,0.0,0.16113368,3.5799973,3.5999973,582400
hardzero_plus_depr__c0p50__z1p00__lam0p020__nu0p50__psi0p75,hardzero_plus_depr,0.06,35,182,0.0,2,0.1523549,0.1523549,1.0212344,0.0,0.09522821,0.0,0.0,0.004032339,-27.491117,2.2467606,0.7489202,0.14999999,0.0,0.12740037,3.5999973,3.6199973,585600
hardzero_plus_depr__c0p50__z1p00__lam0p020__nu0p50__psi0p75,hardzero_plus_depr,0.06,35,183,0.0,2,0.1523549,0.1523549,1.0198314,0.0,0.09553633,0.0,0.0,0.003972305,-27.30426,2.2436738,0.7478913,0.18400002,0.0,0.15666267,3.6199973,3.6399972,588800
hardzero_plus_depr__c0p50__z1p00__lam0p020__nu0p50__psi0p75,hardzero_plus_depr,0.06,35,184,0.0,2,0.1523549,0.15277405,0.9701543,0.10711386,0.10711386,1.0,0.00041915433,0.003913166,-26.041616,2.134382,0.7114607,0.216,0.0,0.13396108,3.6399972,3.6599972,592000
hardzero_plus_depr__c0p50__z1p00__lam0p020__nu0p50__psi0p75,hardzero_plus_depr,0.06,35,185,0.0,2,0.15277405,0.1532086,0.9479743,0.11272642,0.11272642,1.0,0.0004345497,0.0038549055,-25.699966,2.085585,0.6951951,0.16800001,0.0,0.13441657,3.6599972,3.6799972,595200
hardzero_plus_depr__c0p50__z1p00__lam0p020__nu0p50__psi0p75,hardzero_plus_depr,0.06,35,186,0.0,2,0.1532086,0.1532086,1.035179,0.0,0.092219114,0.0,0.0,0.003797514,-27.424986,2.2774394,0.75914645,0.16000001,0.0,0.15320511,3.6799972,3.6999972,598400
hardzero_plus_depr__c0p50__z1p00__lam0p020__nu0p50__psi0p75,hardzero_plus_depr,0.06,35,187,0.0,2,0.1532086,0.15361619,0.96275204,0.1089552,0.1089552,1.0,0.00040759883,0.0037409763,-26.510754,2.1180968,0.7060323,0.18400002,0.0,0.15386444,3.6999972,3.7199972,601600
hardzero_plus_depr__c0p50__z1p00__lam0p020__nu0p50__psi0p75,hardzero_plus_depr,0.06,35,188,0.0,2,0.15361619,0.15399271,0.9906804,0.1021691,0.1021691,1.0,0.00037652178,0.0036852807,-28.075607,2.1795404,0.7265135,0.192,0.0,0.13917696,3.7199972,3.7399971,604800
hardzero_plus_depr__c0p50__z1p00__lam0p020__nu0p50__psi0p75,hardzero_plus_depr,0.06,35,189,0.0,2,0.15399271,0.15399271,1.0002826,0.0,0.099934936,0.0,0.0,0.003630414,-27.05285,2.2006657,0.73355526,0.224,0.0,0.14724426,3.7399971,3.7599971,608000
hardzero_plus_depr__c0p50__z1p00__lam0p020__nu0p50__psi0p75,hardzero_plus_depr,0.06,35,190,0.0,2,0.15399271,0.15399271,1.0268275,0.0,0.09400966,0.0,0.0,0.0035763644,-27.282064,2.2590654,0.75302184,0.096,0.0,0.13933678,3.7599971,3.779997,611200
hardzero_plus_depr__c0p50__z1p00__lam0p020__nu0p50__psi0p75,hardzero_plus_depr,0.06,35,191,0.0,2,0.15399271,0.15399271,1.0173523,0.0,0.096083246,0.0,0.0,0.0035231188,-26.443243,2.2382197,0.74607325,0.18400002,0.0,0.1403432,3.779997,3.799997,614400
hardzero_plus_depr__c0p50__z1p00__lam0p020__nu0p50__psi0p75,hardzero_plus_depr,0.06,35,192,0.0,2,0.15399271,0.15399271,1.0091099,0.0,0.09792421,0.0,0.0,0.0034706672,-27.854942,2.220086,0.74002874,0.16000001,0.0,0.17284246,3.799997,3.819997,617600
hardzero_plus_depr__c0p50__z1p00__lam0p020__nu0p50__psi0p75,hardzero_plus_depr,0.06,35,193,0.0,2,0.15399271,0.15399271,1.0287154,0.0,0.09360188,0.0,0.0,0.0034189953,-27.582605,2.2632189,0.75440633,0.17600001,0.0,0.13063507,3.819997,3.839997,620800
hardzero_plus_depr__c0p50__z1p00__lam0p020__nu0p50__psi0p75,hardzero_plus_depr,0.06,35,194,0.0,2,0.15399271,0.15399271,1.018692,0.0,0.0957873,0.0,0.0,0.0033680934,-26.662628,2.2411673,0.74705577,0.17600001,0.0,0.13630916,3.839997,3.859997,624000
hardzero_plus_depr__c0p50__z1p00__lam0p020__nu0p50__psi0p75,hardzero_plus_depr,0.06,35,195,0.0,2,0.15399271,0.15399271,1.034218,0.0,0.092423424,0.0,0.0,0.0033179487,-26.96848,2.2753248,0.7584416,0.13,0.0,0.1430244,3.859997,3.879997,627200
hardzero_plus_depr__c0p50__z1p00__lam0p020__nu0p50__psi0p75,hardzero_plus_depr,0.06,35,196,0.0,2,0.15399271,0.15399271,1.0083311,0.0,0.098099984,0.0,0.0,0.0032685513,-26.42908,2.2183726,0.73945755,0.14400001,0.0,0.13691545,3.879997,3.899997,630400
hardzero_plus_depr__c0p50__z1p00__lam0p020__nu0p50__psi0p75,hardzero_plus_depr,0.06,35,197,0.0,2,0.15399271,0.15399271,1.0251088,0.0,0.09438244,0.0,0.0,0.0032198885,-27.441404,2.2552843,0.75176144,0.136,0.0,0.1917073,3.899997,3.919997,633600
hardzero_plus_depr__c0p50__z1p00__lam0p020__nu0p50__psi0p75,hardzero_plus_depr,0.06,35,198,0.0,2,0.15399271,0.15399271,1.00626,0.0,0.09856891,0.0,0.0,0.0031719513,-27.547432,2.2138164,0.7379388,0.15200001,0.0,0.13224241,3.919997,3.939997,636800
hardzero_plus_depr__c0p50__z1p00__lam0p020__nu0p50__psi0p75,hardzero_plus_depr,0.06,35,199,0.0,2,0.15399271,0.15399271,1.027638,0.0,0.09383439,0.0,0.0,0.0031247265,-27.164043,2.2608485,0.7536162,0.16000001,0.008,0.14396206,3.939997,3.959997,640000
hardzero_plus_depr__c0p50__z1p00__lam0p020__nu0p50__psi0p75,hardzero_plus_depr,0.06,35,200,0.0,2,0.15399271,0.1543364,0.9521448,0.11164909,0.11164909,1.0,0.00034367887,0.0030782057,-26.372036,2.0947604,0.6982535,0.16800001,0.0,0.13424246,3.959997,3.979997,643200
hardzero_plus_depr__c0p50__z1p00__lam0p020__nu0p50__psi0p75,hardzero_plus_depr,0.06,35,201,0.0,2,0.1543364,0.1543364,1.0028079,0.0,0.09935554,0.0,0.0,0.0030323772,-26.938293,2.2062213,0.7354071,0.136,0.0,0.1370811,3.979997,3.999997,646400
hardzero_plus_depr__c0p50__z1p00__lam0p020__nu0p50__psi0p75,hardzero_plus_depr,0.06,35,202,0.0,2,0.1543364,0.1543364,1.0181476,0.0,0.09590746,0.0,0.0,0.0029872311,-27.518444,2.2399695,0.74665654,0.16800001,0.0,0.14610921,3.999997,4.019997,649600
hardzero_plus_depr__c0p50__z1p00__lam0p020__nu0p50__psi0p75,hardzero_plus_depr,0.06,35,203,0.0,2,0.1543364,0.1543364,1.0128157,0.0,0.09709218,0.0,0.0,0.002942756,-26.806238,2.228239,0.74274635,0.17600001,0.0,0.15173933,4.019997,4.039997,652800
hardzero_plus_depr__c0p50__z1p00__lam0p020__nu0p50__psi0p75,hardzero_plus_depr,0.06,35,204,0.0,2,0.1543364,0.1543364,1.0490232,0.0,0.089325786,0.0,0.0,0.0028989443,-28.90294,2.307897,0.76929903,0.128,0.0,0.15374346,4.039997,4.059997,656000
hardzero_plus_depr__c0p50__z1p00__lam0p020__nu0p50__psi0p75,hardzero_plus_depr,0.06,35,205,0.0,2,0.1543364,0.1543364,1.0650722,0.0,0.086085066,0.0,0.0,0.0028557852,-28.641531,2.3432057,0.78106856,0.096,0.0,0.17315017,4.059997,4.079997,659200
hardzero_plus_depr__c0p50__z1p00__lam0p020__nu0p50__psi0p75,hardzero_plus_depr,0.06,35,206,0.0,2,0.1543364,0.15464796,0.9556535,0.1107507,0.1107507,1.0,0.0003115714,0.002813268,-26.754538,2.1024797,0.7008266,0.14400001,0.0,0.15058598,4.079997,4.099997,662400
hardzero_plus_depr__c0p50__z1p00__lam0p020__nu0p50__psi0p75,hardzero_plus_depr,0.06,35,207,0.0,2,0.15464796,0.15493605,0.98317295,0.1039506,0.1039506,1.0,0.00028808694,0.0027713832,-27.553755,2.1630237,0.72100794,0.136,0.0,0.1462201,4.099997,4.119997,665600
hardzero_plus_depr__c0p50__z1p00__lam0p020__nu0p50__psi0p75,hardzero_plus_depr,0.06,35,208,0.0,2,0.15493605,0.15493605,1.0152936,0.0,0.09653979,0.0,0.0,0.0027301232,-27.032568,2.2336905,0.7445635,0.14999999,0.0,0.13894826,4.119997,4.139997,668800
hardzero_plus_depr__c0p50__z1p00__lam0p020__nu0p50__psi0p75,hardzero_plus_depr,0.06,35,209,0.0,2,0.15493605,0.15522338,0.97127396,0.10683808,0.10683808,1.0,0.0002873386,0.0026894775,-26.572296,2.1368454,0.7122818,0.17600001,0.0,0.14219905,4.139997,4.159997,672000
hardzero_plus_depr__c0p50__z1p00__lam0p020__nu0p50__psi0p75,hardzero_plus_depr,0.06,35,210,0.0,2,0.15522338,0.15522338,1.1001009,0.0,0.079414375,0.0,0.0,0.002649436,-29.42209,2.4202702,0.80675673,0.15200001,0.0,0.17277375,4.159997,4.179997,675200
hardzero_plus_depr__c0p50__z1p00__lam0p020__nu0p50__psi0p75,hardzero_plus_depr,0.06,35,211,0.0,2,0.15522338,0.15522338,1.007517,0.0,0.09828404,0.0,0.0,0.0026099908,-26.17089,2.2165816,0.73886055,0.136,0.0,0.13879614,4.179997,4.199997,678400
hardzero_plus_depr__c0p50__z1p00__lam0p020__nu0p50__psi0p75,hardzero_plus_depr,0.06,35,212,0.0,2,0.15522338,0.15522338,1.0079851,0.0,0.098178156,0.0,0.0,0.0025711334,-26.816483,2.2176116,0.7392039,0.2,0.0,0.15070185,4.199997,4.219997,681600
hardzero_plus_depr__c0p50__z1p00__lam0p020__nu0p50__psi0p75,hardzero_plus_depr,0.06,35,213,0.0,2,0.15522338,0.15522338,1.0266701,0.0,0.09404374,0.0,0.0,0.0025328547,-27.864809,2.2587192,0.75290644,0.15200001,0.0,0.1832894,4.219997,4.239997,684800
hardzero_plus_depr__c0p50__z1p00__lam0p020__nu0p50__psi0p75,hardzero_plus_depr,0.06,35,214,0.0,2,0.15522338,0.15522338,1.017398,0.0,0.09607315,0.0,0.0,0.002495145,-27.165554,2.2383204,0.7461068,0.128,0.0,0.16986568,4.239997,4.259997,688000
hardzero_plus_depr__c0p50__z1p00__lam0p020__nu0p50__psi0p75,hardzero_plus_depr,0.06,35,215,0.0,2,0.15522338,0.15547886,0.9832136,0.10394088,0.10394088,1.0,0.00025548635,0.0024579968,-26.666794,2.163113,0.72103775,0.18400002,0.0,0.1369256,4.259997,4.279997,691200
hardzero_plus_depr__c0p50__z1p00__lam0p020__nu0p50__psi0p75,hardzero_plus_depr,0.06,35,216,0.0,2,0.15547886,0.15547886,1.0192025,0.0,0.095674776,0.0,0.0,0.0024214026,-27.278606,2.2422903,0.7474301,0.112,0.0,0.14079347,4.279997,4.299997,694400
hardzero_plus_depr__c0p50__z1p00__lam0p020__nu0p50__psi0p75,hardzero_plus_depr,0.06,35,217,0.0,2,0.15547886,0.15547886,1.0205971,0.0,0.09536806,0.0,0.0,0.0023853525,-27.171024,2.2453585,0.74845284,0.104,0.0,0.14066365,4.299997,4.319997,697600
hardzero_plus_depr__c0p50__z1p00__lam0p020__nu0p50__psi0p75,hardzero_plus_depr,0.06,35,218,0.0,2,0.15547886,0.15572287,0.98362875,0.103841566,0.103841566,1.0,0.000244011,0.0023498393,-26.582005,2.1640265,0.7213422,0.136,0.0,0.12290573,4.319997,4.339997,700800
hardzero_plus_depr__c0p50__z1p00__lam0p020__nu0p50__psi0p75,hardzero_plus_depr,0.06,35,219,0.0,2,0.15572287,0.15572287,1.0490111,0.0,0.08932826,0.0,0.0,0.0023148544,-27.729055,2.3078706,0.7692902,0.16000001,0.0,0.15856814,4.339997,4.359997,704000
hardzero_plus_depr__c0p50__z1p00__lam0p020__nu0p50__psi0p75,hardzero_plus_depr,0.06,35,220,0.0,2,0.15572287,0.15572287,1.0191894,0.0,0.095677674,0.0,0.0,0.002280391,-27.627033,2.2422614,0.7474205,0.15200001,0.0,0.13948056,4.359997,4.379997,707200
hardzero_plus_depr__c0p50__z1p00__lam0p020__nu0p50__psi0p75,hardzero_plus_depr,0.06,35,221,0.0,2,0.15572287,0.15572287,1.08598,0.0,0.082038924,0.0,0.0,0.0022464409,-27.682665,2.3892038,0.79640126,0.14,0.0,0.1525687,4.379997,4.3999968,710400
hardzero_plus_depr__c0p50__z1p00__lam0p020__nu0p50__psi0p75,hardzero_plus_depr,0.06,35,222,0.0,2,0.15572287,0.15572287,1.060294,0.0,0.08703741,0.0,0.0,0.0022129954,-28.363247,2.3326933,0.77756447,0.096,0.0,0.1556476,4.3999968,4.4199967,713600
hardzero_plus_depr__c0p50__z1p00__lam0p020__nu0p50__psi0p75,hardzero_plus_depr,0.06,35,223,0.0,2,0.15572287,0.15594877,0.9845418,0.1036235,0.1036235,1.0,0.0002259042,0.0021800478,-26.216444,2.1660352,0.72201174,0.120000005,0.0,0.16100012,4.4199967,4.4399967,716800
hardzero_plus_depr__c0p50__z1p00__lam0p020__nu0p50__psi0p75,hardzero_plus_depr,0.06,35,224,0.0,2,0.15594877,0.15594877,1.0075084,0.0,0.09828598,0.0,0.0,0.0021475914,-26.835587,2.2165627,0.7388543,0.17600001,0.0,0.14647001,4.4399967,4.4599967,720000
hardzero_plus_depr__c0p50__z1p00__lam0p020__nu0p50__psi0p75,hardzero_plus_depr,0.06,35,225,0.0,2,0.15594877,0.15594877,1.0447006,0.0,0.09021929,0.0,0.0,0.0021156182,-26.974012,2.2983873,0.76612914,0.16800001,0.0,0.1543982,4.4599967,4.4799967,723200
hardzero_plus_depr__c0p50__z1p00__lam0p020__nu0p50__psi0p75,hardzero_plus_depr,0.06,35,226,0.0,2,0.15594877,0.15617123,0.9716619,0.10674267,0.10674267,1.0,0.0002224646,0.0020841206,-26.242105,2.137699,0.7125663,0.16000001,0.0,0.11186347,4.4799967,4.4999967,726400
hardzero_plus_depr__c0p50__z1p00__lam0p020__nu0p50__psi0p75,hardzero_plus_depr,0.06,35,227,0.0,2,0.15617123,0.15617123,1.0104982,0.0,0.09761167,0.0,0.0,0.002053092,-26.97701,2.2231402,0.7410468,0.15200001,0.0,0.15589659,4.4999967,4.5199966,729600
hardzero_plus_depr__c0p50__z1p00__lam0p020__nu0p50__psi0p75,hardzero_plus_depr,0.06,35,228,0.0,2,0.15617123,0.15617123,1.0535656,0.0,0.088396356,0.0,0.0,0.0020225255,-27.124998,2.3178906,0.7726302,0.08800001,0.0,0.15894017,4.5199966,4.5399966,732800
hardzero_plus_depr__c0p50__z1p00__lam0p020__nu0p50__psi0p75,hardzero_plus_depr,0.06,35,229,0.0,2,0.15617123,0.15638116,0.97731763,0.10536159,0.10536159,1.0,0.00020992395,0.0019924145,-26.852257,2.1501417,0.7167139,0.18400002,0.008,0.13900106,4.5399966,4.5599966,736000
hardzero_plus_depr__c0p50__z1p00__lam0p020__nu0p50__psi0p75,hardzero_plus_depr,0.06,35,230,0.0,2,0.15638116,0.15660025,0.95224637,0.111622974,0.111622974,1.0,0.00021908812,0.0019627512,-25.876268,2.0949838,0.69832796,0.17600001,0.0,0.14286022,4.5599966,4.5799966,739200
hardzero_plus_depr__c0p50__z1p00__lam0p020__nu0p50__psi0p75,hardzero_plus_depr,0.06,35,231,0.0,2,0.15660025,0.15660025,1.02104,0.0,0.095270835,0.0,0.0,0.0019335294,-27.312338,2.2463326,0.74877757,0.18400002,0.0,0.15020369,4.5799966,4.5999966,742400
hardzero_plus_depr__c0p50__z1p00__lam0p020__nu0p50__psi0p75,hardzero_plus_depr,0.06,35,232,0.0,2,0.15660025,0.15660025,1.0444263,0.0,0.09027628,0.0,0.0,0.001904743,-27.540857,2.2977839,0.765928,0.104,0.0,0.13367367,4.5999966,4.6199965,745600
hardzero_plus_depr__c0p50__z1p00__lam0p020__nu0p50__psi0p75,hardzero_plus_depr,0.06,35,233,0.0,2,0.15660025,0.15660025,1.0478423,0.0,0.08956901,0.0,0.0,0.0018763853,-27.817642,2.305299,0.76843303,0.14400001,0.0,0.15004304,4.6199965,4.6399965,748800
hardzero_plus_depr__c0p50__z1p00__lam0p020__nu0p50__psi0p75,hardzero_plus_depr,0.06,35,234,0.0,2,0.15660025,0.15680778,0.94973457,0.112270445,0.112270445,1.0,0.00020752625,0.0018484495,-24.944344,2.0894578,0.69648594,0.17999999,0.0,0.114238046,4.6399965,4.6599965,752000
hardzero_plus_depr__c0p50__z1p00__lam0p020__nu0p50__psi0p75,hardzero_plus_depr,0.06,35,235,0.0,2,0.15680778,0.15680778,1.0264834,0.0,0.094084166,0.0,0.0,0.0018209295,-27.27397,2.2583086,0.7527696,0.14400001,0.0,0.15542684,4.6599965,4.6799965,755200
hardzero_plus_depr__c0p50__z1p00__lam0p020__nu0p50__psi0p75,hardzero_plus_depr,0.06,35,236,0.0,2,0.15680778,0.15680778,1.0040215,0.0,0.099078275,0.0,0.0,0.0017938197,-26.409681,2.2088914,0.73629713,0.15200001,0.0,0.13383186,4.6799965,4.6999965,758400
hardzero_plus_depr__c0p50__z1p00__lam0p020__nu0p50__psi0p75,hardzero_plus_depr,0.06,35,237,0.0,2,0.15680778,0.15680778,1.0155122,0.0,0.09649122,0.0,0.0,0.0017671133,-26.35587,2.2341716,0.7447239,0.16000001,0.0,0.16657428,4.6999965,4.7199965,761600
hardzero_plus_depr__c0p50__z1p00__lam0p020__nu0p50__psi0p75,hardzero_plus_depr,0.06,35,238,0.0,2,0.15680778,0.15680778,1.072414,0.0,0.08464201,0.0,0.0,0.0017408043,-28.303537,2.359358,0.7864527,0.08800001,0.0,0.16611095,4.7199965,4.7399964,764800
hardzero_plus_depr__c0p50__z1p00__lam0p020__nu0p50__psi0p75,hardzero_plus_depr,0.06,35,239,0.0,2,0.15680778,0.15680778,1.0435998,0.0,0.090448245,0.0,0.0,0.001714887,-27.808964,2.2959654,0.76532185,0.16000001,0.0,0.15805262,4.7399964,4.7599964,768000
hardzero_plus_depr__c0p50__z1p00__lam0p020__nu0p50__psi0p75,hardzero_plus_depr,0.06,35,240,0.0,2,0.15680778,0.15680778,1.022914,0.0,0.09486061,0.0,0.0,0.0016893558,-27.129019,2.2504559,0.750152,0.104,0.0,0.14143367,4.7599964,4.7799964,771200
hardzero_plus_depr__c0p50__z1p00__lam0p020__nu0p50__psi0p75,hardzero_plus_depr,0.06,35,241,0.0,2,0.15680778,0.15680778,1.062917,0.0,0.086513326,0.0,0.0,0.0016642049,-27.886524,2.338464,0.779488,0.120000005,0.0,0.1654995,4.7799964,4.7999964,774400
hardzero_plus_depr__c0p50__z1p00__lam0p020__nu0p50__psi0p75,hardzero_plus_depr,0.06,35,242,0.0,2,0.15680778,0.15680778,1.0407771,0.0,0.09103803,0.0,0.0,0.0016394279,-28.155107,2.2897553,0.7632518,0.15200001,0.0,0.13944468,4.7999964,4.8199964,777600
hardzero_plus_depr__c0p50__z1p00__lam0p020__nu0p50__psi0p75,hardzero_plus_depr,0.06,35,243,0.0,2,0.15680778,0.15680778,1.0521743,0.0,0.08868,0.0,0.0,0.0016150197,-28.09612,2.3148298,0.77160996,0.15200001,0.0,0.16121112,4.8199964,4.8399963,780800
hardzero_plus_depr__c0p50__z1p00__lam0p020__nu0p50__psi0p75,hardzero_plus_depr,0.06,35,244,0.0,2,0.15680778,0.15680778,1.0495784,0.0,0.08921164,0.0,0.0,0.0015909754,-27.434406,2.3091187,0.76970625,0.104,0.0,0.17900997,4.8399963,4.8599963,784000
hardzero_plus_depr__c0p50__z1p00__lam0p020__nu0p50__psi0p75,hardzero_plus_depr,0.06,35,245,0.0,2,0.15680778,0.156965,0.99865407,0.1003104,0.1003104,1.0,0.0001572154,0.0015672891,-26.948322,2.1970828,0.73236096,0.14400001,0.0,0.14212781,4.8599963,4.8799963,787200
hardzero_plus_depr__c0p50__z1p00__lam0p020__nu0p50__psi0p75,hardzero_plus_depr,0.06,35,246,0.0,2,0.156965,0.15712151,0.99408245,0.10137189,0.10137189,1.0,0.00015651365,0.0015439551,-27.458445,2.187025,0.7290084,0.16800001,0.0,0.14234067,4.8799963,4.8999963,790400
hardzero_plus_depr__c0p50__z1p00__lam0p020__nu0p50__psi0p75,hardzero_plus_depr,0.06,35,247,0.0,2,0.15712151,0.15712151,1.0320103,0.0,0.092894435,0.0,0.0,0.0015209685,-27.034184,2.270468,0.7568227,0.16,0.0,0.14468071,4.8999963,4.9199963,793600
hardzero_plus_depr__c0p50__z1p00__lam0p020__nu0p50__psi0p75,hardzero_plus_depr,0.06,35,248,0.0,2,0.15712151,0.15727173,0.9988607,0.10026268,0.10026268,1.0,0.00015022601,0.0014983243,-26.24824,2.1975374,0.7325125,0.16800001,0.0,0.14965849,4.9199963,4.9399962,796800
hardzero_plus_depr__c0p50__z1p00__lam0p020__nu0p50__psi0p75,hardzero_plus_depr,0.06,35,249,0.0,2,0.15727173,0.15743144,0.9657758,0.10819925,0.10819925,1.0,0.00015970398,0.0014760174,-26.248795,2.1247492,0.70824975,0.2,0.0,0.15950498,4.9399962,4.959996,800000
hardzero_plus_depr__c0p50__z1p00__lam0p020__nu0p50__psi0p75,hardzero_plus_depr,0.06,35,250,0.0,2,0.15743144,0.15758634,0.97254294,0.10652634,0.10652634,1.0,0.00015489379,0.0014540422,-26.942352,2.1396372,0.71321243,0.096,0.0,0.12628981,4.959996,4.979996,803200
hardzero_plus_depr__c0p50__z1p00__lam0p020__nu0p50__psi0p75,hardzero_plus_depr,0.06,35,251,0.0,2,0.15758634,0.1577463,0.952055,0.1116722,0.1116722,1.0,0.00015995861,0.0014323941,-25.958569,2.0945628,0.6981876,0.14400001,0.0,0.12529908,4.979996,4.999996,806400
hardzero_plus_depr__c0p50__z1p00__lam0p020__nu0p50__psi0p75,hardzero_plus_depr,0.06,35,252,0.0,2,0.1577463,0.1578977,0.96942735,0.107293315,0.107293315,1.0,0.00015139826,0.0014110688,-25.890398,2.1327827,0.7109276,0.136,0.0,0.14410008,4.999996,5.019996,809600
hardzero_plus_depr__c0p50__z1p00__lam0p020__nu0p50__psi0p75,hardzero_plus_depr,0.06,35,253,0.0,2,0.1578977,0.1578977,1.0351461,0.0,0.09222611,0.0,0.0,0.0013900609,-27.510508,2.2773669,0.7591223,0.24000001,0.0,0.17247833,5.019996,5.039996,812800
hardzero_plus_depr__c0p50__z1p00__lam0p020__nu0p50__psi0p75,hardzero_plus_depr,0.06,35,254,0.0,2,0.1578977,0.1578977,1.0046154,0.0,0.09894287,0.0,0.0,0.0013693655,-27.042776,2.2101982,0.7367327,0.15200001,0.0,0.14388013,5.039996,5.059996,816000
hardzero_plus_depr__c0p50__z1p00__lam0p020__nu0p50__psi0p75,hardzero_plus_depr,0.06,35,255,0.0,2,0.1578977,0.1578977,1.0468409,0.0,0.08977577,0.0,0.0,0.0013489783,-27.654694,2.303096,0.7676987,0.18400002,0.0,0.1905741,5.059996,5.079996,819200
hardzero_plus_depr__c0p50__z1p00__lam0p020__nu0p50__psi0p75,hardzero_plus_depr,0.06,35,256,0.0,2,0.1578977,0.15803151,0.9969741,0.10069916,0.10069916,1.0,0.00013381857,0.0013288946,-27.648071,2.1933868,0.73112893,0.16000001,0.0,0.16343324,5.079996,5.099996,822400
hardzero_plus_depr__c0p50__z1p00__lam0p020__nu0p50__psi0p75,hardzero_plus_depr,0.06,35,257,0.0,2,0.15803151,0.15803151,1.0144798,0.0,0.096720874,0.0,0.0,0.0013091101,-27.451998,2.2319,0.7439667,0.112,0.0,0.15166444,5.099996,5.119996,825600
hardzero_plus_depr__c0p50__z1p00__lam0p020__nu0p50__psi0p75,hardzero_plus_depr,0.06,35,258,0.0,2,0.15803151,0.1581646,0.9862763,0.10321045,0.10321045,1.0,0.00013310224,0.0012896198,-26.165577,2.1698513,0.72328377,0.192,0.0,0.12808605,5.119996,5.139996,828800
hardzero_plus_depr__c0p50__z1p00__lam0p020__nu0p50__psi0p75,hardzero_plus_depr,0.06,35,259,0.0,2,0.1581646,0.1582925,0.9971046,0.100668915,0.100668915,1.0,0.00012789178,0.0012704198,-27.092289,2.1936738,0.73122466,0.16000001,0.008,0.14826995,5.139996,5.159996,832000
hardzero_plus_depr__c0p50__z1p00__lam0p020__nu0p50__psi0p75,hardzero_plus_depr,0.06,35,260,0.0,2,0.1582925,0.1582925,1.0305817,0.0,0.09320051,0.0,0.0,0.0012515058,-27.646158,2.2673252,0.7557751,0.14999999,0.0,0.15718767,5.159996,5.179996,835200
hardzero_plus_depr__c0p50__z1p00__lam0p020__nu0p50__psi0p75,hardzero_plus_depr,0.06,35,261,0.0,2,0.1582925,0.1582925,1.0238059,0.0,0.09466602,0.0,0.0,0.0012328735,-27.188246,2.2524178,0.750806,0.16800001,0.0,0.17319901,5.179996,5.199996,838400
hardzero_plus_depr__c0p50__z1p00__lam0p020__nu0p50__psi0p75,hardzero_plus_depr,0.06,35,262,0.0,2,0.1582925,0.15842555,0.9603782,0.10955237,0.10955237,1.0,0.00013305337,0.0012145184,-26.788872,2.1128743,0.70429146,0.136,0.0,0.15528972,5.199996,5.219996,841600
hardzero_plus_depr__c0p50__z1p00__lam0p020__nu0p50__psi0p75,hardzero_plus_depr,0.06,35,263,0.0,2,0.15842555,0.15854959,0.9843571,0.103667565,0.103667565,1.0,0.00012403165,0.0011964364,-26.393858,2.165629,0.7218763,0.192,0.0,0.13658944,5.219996,5.239996,844800
hardzero_plus_depr__c0p50__z1p00__lam0p020__nu0p50__psi0p75,hardzero_plus_depr,0.06,35,264,0.0,2,0.15854959,0.15854959,1.0719343,0.0,0.08473556,0.0,0.0,0.001178624,-28.227064,2.3583026,0.78610086,0.120000005,0.0,0.18870516,5.239996,5.259996,848000
hardzero_plus_depr__c0p50__z1p00__lam0p020__nu0p50__psi0p75,hardzero_plus_depr,0.06,35,265,0.0,2,0.15854959,0.15854959,1.0588455,0.0,0.08732819,0.0,0.0,0.0011610766,-27.521076,2.3295066,0.77650225,0.192,0.0,0.14359273,5.259996,5.279996,851200
hardzero_plus_depr__c0p50__z1p00__lam0p020__nu0p50__psi0p75,hardzero_plus_depr,0.06,35,266,0.0,2,0.15854959,0.15867923,0.9456268,0.11333737,0.11333737,1.0,0.00012963418,0.0011437903,-25.887093,2.0804205,0.6934735,0.208,0.0,0.15587132,5.279996,5.299996,854400
hardzero_plus_depr__c0p50__z1p00__lam0p020__nu0p50__psi0p75,hardzero_plus_depr,0.06,35,267,0.0,2,0.15867923,0.15867923,1.0334431,0.0,0.09258846,0.0,0.0,0.0011267614,-28.118263,2.2736201,0.7578734,0.14400001,0.0,0.15322866,5.299996,5.319996,857600
hardzero_plus_depr__c0p50__z1p00__lam0p020__nu0p50__psi0p75,hardzero_plus_depr,0.06,35,268,0.0,2,0.15867923,0.15879162,0.9946078,0.10124932,0.10124932,1.0,0.00011238535,0.0011099862,-26.694977,2.188181,0.72939366,0.192,0.0,0.15210402,5.319996,5.339996,860800
hardzero_plus_depr__c0p50__z1p00__lam0p020__nu0p50__psi0p75,hardzero_plus_depr,0.06,35,269,0.0,2,0.15879162,0.15879162,1.049177,0.0,0.08929414,0.0,0.0,0.0010934608,-27.695219,2.3082356,0.7694119,0.128,0.0,0.14275712,5.339996,5.359996,864000
hardzero_plus_depr__c0p50__z1p00__lam0p020__nu0p50__psi0p75,hardzero_plus_depr,0.06,35,270,0.0,2,0.15879162,0.15879162,1.0041445,0.0,0.09905022,0.0,0.0,0.0010771815,-26.341326,2.2091622,0.73638743,0.15200001,0.008,0.12166522,5.359996,5.379996,867200
hardzero_plus_depr__c0p50__z1p00__lam0p020__nu0p50__psi0p75,hardzero_plus_depr,0.06,35,271,0.0,2,0.15879162,0.15879162,1.0358092,0.0,0.092085406,0.0,0.0,0.0010611439,-27.260468,2.2788258,0.7596086,0.112,0.0,0.13646406,5.379996,5.399996,870400
hardzero_plus_depr__c0p50__z1p00__lam0p020__nu0p50__psi0p75,hardzero_plus_depr,0.06,35,272,0.0,2,0.15879162,0.15879162,1.0613285,0.0,0.086830325,0.0,0.0,0.0010453457,-26.833818,2.3349695,0.7783232,0.16000001,0.0,0.14369616,5.399996,5.419996,873600
hardzero_plus_depr__c0p50__z1p00__lam0p020__nu0p50__psi0p75,hardzero_plus_depr,0.06,35,273,0.0,2,0.15879162,0.15879162,1.0177685,0.0,0.0959912,0.0,0.0,0.0010297826,-26.41368,2.2391355,0.74637854,0.14999999,0.0,0.14965895,5.419996,5.439996,876800
hardzero_plus_depr__c0p50__z1p00__lam0p020__nu0p50__psi0p75,hardzero_plus_depr,0.06,35,274,0.0,2,0.15879162,0.15879162,1.0574791,0.0,0.08760337,0.0,0.0,0.0010144509,-28.713533,2.3265007,0.77550024,0.128,0.0,0.16611117,5.439996,5.4599957,880000
hardzero_plus_depr__c0p50__z1p00__lam0p020__nu0p50__psi0p75,hardzero_plus_depr,0.06,35,275,0.0,2,0.15879162,0.1588991,0.96839064,0.107549734,0.107549734,1.0,0.0001074796,0.0009993479,-26.477163,2.130502,0.71016735,0.224,0.0,0.15155016,5.4599957,5.4799957,883200
hardzero_plus_depr__c0p50__z1p00__lam0p020__nu0p50__psi0p75,hardzero_plus_depr,0.06,35,276,0.0,2,0.1588991,0.1588991,1.025506,0.0,0.09429614,0.0,0.0,0.0009844695,-26.884333,2.2561584,0.7520528,0.112,0.0,0.15066865,5.4799957,5.4999957,886400
hardzero_plus_depr__c0p50__z1p00__lam0p020__nu0p50__psi0p75,hardzero_plus_depr,0.06,35,277,0.0,2,0.1588991,0.1588991,1.0172896,0.0,0.09609711,0.0,0.0,0.0009698129,-27.335169,2.238082,0.74602735,0.2,0.0,0.15779233,5.4999957,5.5199957,889600
hardzero_plus_depr__c0p50__z1p00__lam0p020__nu0p50__psi0p75,hardzero_plus_depr,0.06,35,278,0.0,2,0.1588991,0.15899965,0.97778815,0.105247505,0.105247505,1.0,0.000100550766,0.00095537433,-26.44162,2.151177,0.717059,0.264,0.0,0.16072,5.5199957,5.5399957,892800
hardzero_plus_depr__c0p50__z1p00__lam0p020__nu0p50__psi0p75,hardzero_plus_depr,0.06,35,279,0.0,2,0.15899965,0.15910019,0.97130984,0.10682923,0.10682923,1.0,0.00010054237,0.00094115036,-26.178032,2.1369243,0.7123081,0.2,0.0,0.15020846,5.5399957,5.5599957,896000
hardzero_plus_depr__c0p50__z1p00__lam0p020__nu0p50__psi0p75,hardzero_plus_depr,0.06,35,280,0.0,2,0.15910019,0.15910019,1.0273685,0.0,0.09389262,0.0,0.0,0.0009271386,-26.978125,2.260256,0.7534187,0.096,0.0,0.14764619,5.5599957,5.5799956,899200
hardzero_plus_depr__c0p50__z1p00__lam0p020__nu0p50__psi0p75,hardzero_plus_depr,0.06,35,281,0.0,2,0.15910019,0.15919499,0.98384356,0.10379022,0.10379022,1.0,9.4795294e-05,0.0009133355,-26.123058,2.164499,0.7214997,0.224,0.0,0.17160107,5.5799956,5.5999956,902400
hardzero_plus_depr__c0p50__z1p00__lam0p020__nu0p50__psi0p75,hardzero_plus_depr,0.06,35,282,0.0,2,0.15919499,0.1592891,0.98046255,0.10460139,0.10460139,1.0,9.4113784e-05,0.0008997374,-26.67708,2.1570606,0.71902025,0.14400001,0.0,0.122094296,5.5999956,5.6199956,905600
hardzero_plus_depr__c0p50__z1p00__lam0p020__nu0p50__psi0p75,hardzero_plus_depr,0.06,35,283,0.0,2,0.1592891,0.1592891,1.0073842,0.0,0.098314084,0.0,0.0,0.0008863421,-26.498259,2.2162895,0.7387632,0.120000005,0.0,0.13671649,5.6199956,5.6399956,908800
hardzero_plus_depr__c0p50__z1p00__lam0p020__nu0p50__psi0p75,hardzero_plus_depr,0.06,35,284,0.0,2,0.1592891,0.1592891,1.0311075,0.0,0.093087725,0.0,0.0,0.00087314635,-28.151264,2.268482,0.7561607,0.14400001,0.0,0.16246517,5.6399956,5.6599956,912000
hardzero_plus_depr__c0p50__z1p00__lam0p020__nu0p50__psi0p75,hardzero_plus_depr,0.06,35,285,0.0,2,0.1592891,0.15937671,0.9920312,0.1018518,0.1018518,1.0,8.7607514e-05,0.00086014695,-27.159405,2.1825123,0.72750413,0.15200001,0.0,0.13069242,5.6599956,5.6799955,915200
hardzero_plus_depr__c0p50__z1p00__lam0p020__nu0p50__psi0p75,hardzero_plus_depr,0.06,35,286,0.0,2,0.15937671,0.15937671,1.0437369,0.0,0.0904197,0.0,0.0,0.0008473412,-27.25771,2.296267,0.76542234,0.12,0.0,0.1588002,5.6799955,5.6999955,918400
hardzero_plus_depr__c0p50__z1p00__lam0p020__nu0p50__psi0p75,hardzero_plus_depr,0.06,35,287,0.0,2,0.15937671,0.15937671,1.0490372,0.0,0.08932289,0.0,0.0,0.0008347257,-27.869423,2.3079278,0.7693093,0.16000001,0.0,0.15576242,5.6999955,5.7199955,921600
hardzero_plus_depr__c0p50__z1p00__lam0p020__nu0p50__psi0p75,hardzero_plus_depr,0.06,35,288,0.0,2,0.15937671,0.15946381,0.9750032,0.1059246,0.1059246,1.0,8.710162e-05,0.0008222983,-26.410473,2.1450498,0.7150166,0.216,0.0,0.14798751,5.7199955,5.7399955,924800
hardzero_plus_depr__c0p50__z1p00__lam0p020__nu0p50__psi0p75,hardzero_plus_depr,0.06,35,289,0.0,2,0.15946381,0.1595453,0.99737895,0.10060533,0.10060533,1.0,8.149595e-05,0.000810056,-26.530798,2.1942775,0.7314259,0.14400001,0.0,0.13783216,5.7399955,5.7599955,928000
hardzero_plus_depr__c0p50__z1p00__lam0p020__nu0p50__psi0p75,hardzero_plus_depr,0.06,35,290,0.0,2,0.1595453,0.15962897,0.9794314,0.10485003,0.10485003,1.0,8.366986e-05,0.00079799554,-26.004757,2.154792,0.71826404,0.136,0.0,0.15146832,5.7599955,5.7799954,931200
hardzero_plus_depr__c0p50__z1p00__lam0p020__nu0p50__psi0p75,hardzero_plus_depr,0.06,35,291,0.0,2,0.15962897,0.15962897,1.0156796,0.0,0.09645402,0.0,0.0,0.00078611507,-27.004786,2.2345397,0.7448466,0.192,0.0,0.14219679,5.7799954,5.7999954,934400
hardzero_plus_depr__c0p50__z1p00__lam0p020__nu0p50__psi0p75,hardzero_plus_depr,0.06,35,292,0.0,2,0.15962897,0.15962897,1.0066044,0.0,0.098490775,0.0,0.0,0.0007744114,-26.786884,2.2145739,0.7381913,0.15200001,0.0,0.16469336,5.7999954,5.8199954,937600
hardzero_plus_depr__c0p50__z1p00__lam0p020__nu0p50__psi0p75,hardzero_plus_depr,0.06,35,293,0.0,2,0.15962897,0.15971279,0.9591522,0.10986205,0.10986205,1.0,8.3811785e-05,0.000762882,-26.414145,2.110177,0.7033924,0.192,0.0,0.16182359,5.8199954,5.8399954,940800
hardzero_plus_depr__c0p50__z1p00__lam0p020__nu0p50__psi0p75,hardzero_plus_depr,0.06,35,294,0.0,2,0.15971279,0.15971279,1.0421152,0.0,0.090757966,0.0,0.0,0.00075152435,-28.313963,2.2926993,0.7642331,0.15200001,0.0,0.14584407,5.8399954,5.8599954,944000
hardzero_plus_depr__c0p50__z1p00__lam0p020__nu0p50__psi0p75,hardzero_plus_depr,0.06,35,295,0.0,2,0.15971279,0.15971279,1.0299698,0.0,0.0933319,0.0,0.0,0.0007403353,-27.92457,2.2659788,0.7553263,0.136,0.0,0.15683286,5.8599954,5.8799953,947200
hardzero_plus_depr__c0p50__z1p00__lam0p020__nu0p50__psi0p75,hardzero_plus_depr,0.06,35,296,0.0,2,0.15971279,0.15979041,0.9729424,0.1064284,0.1064284,1.0,7.761964e-05,0.00072931324,-26.842857,2.140516,0.7135054,0.17600001,0.008,0.12852554,5.8799953,5.8999953,950400
hardzero_plus_depr__c0p50__z1p00__lam0p020__nu0p50__psi0p75,hardzero_plus_depr,0.06,35,297,0.0,2,0.15979041,0.15979041,1.0064032,0.0,0.09853641,0.0,0.0,0.0007184553,-27.057407,2.2141314,0.7380438,0.128,0.0,0.14791851,5.8999953,5.9199953,953600
hardzero_plus_depr__c0p50__z1p00__lam0p020__nu0p50__psi0p75,hardzero_plus_depr,0.06,35,298,0.0,2,0.15979041,0.15979041,1.0688337,0.0,0.08534268,0.0,0.0,0.00070775865,-28.065178,2.3514812,0.78382707,0.128,0.0,0.17694145,5.9199953,5.9399953,956800
hardzero_plus_depr__c0p50__z1p00__lam0p020__nu0p50__psi0p75,hardzero_plus_depr,0.06,35,299,0.0,2,0.15979041,0.15986523,0.9693184,0.10732023,0.10732023,1.0,7.482598e-05,0.00069722155,-26.449965,2.132543,0.71084774,0.14999999,0.0,0.12895773,5.9399953,5.9599953,960000
hardzero_plus_depr__c0p50__z1p00__lam0p020__nu0p50__psi0p75,hardzero_plus_depr,0.06,35,300,0.0,2,0.15986523,0.15986523,1.0325705,0.0,0.0927747,0.0,0.0,0.0006868414,-27.49169,2.2717004,0.7572335,0.14400001,0.0,0.1599835,5.9599953,5.9799953,963200
hardzero_plus_depr__c0p50__z1p00__lam0p020__nu0p50__psi0p75,hardzero_plus_depr,0.06,35,301,0.0,2,0.15986523,0.15993653,0.9772191,0.105385505,0.105385505,1.0,7.130548e-05,0.0006766157,-26.981392,2.149925,0.71664166,0.120000005,0.0,0.14509852,5.9799953,5.999995,966400
hardzero_plus_depr__c0p50__z1p00__lam0p020__nu0p50__psi0p75,hardzero_plus_depr,0.06,35,302,0.0,2,0.15993653,0.16000403,0.9945426,0.10126454,0.10126454,1.0,6.74971e-05,0.0006665423,-26.948996,2.1880374,0.7293458,0.18400002,0.0,0.13706587,5.999995,6.019995,969600
hardzero_plus_depr__c0p50__z1p00__lam0p020__nu0p50__psi0p75,hardzero_plus_depr,0.06,35,303,0.0,2,0.16000403,0.16007167,0.98709446,0.10301619,0.10301619,1.0,6.7642344e-05,0.00065661856,-27.059738,2.1716511,0.72388375,0.216,0.0,0.15891568,6.019995,6.039995,972800
hardzero_plus_depr__c0p50__z1p00__lam0p020__nu0p50__psi0p75,hardzero_plus_depr,0.06,35,304,0.0,2,0.16007167,0.16007167,1.0032195,0.0,0.099261425,0.0,0.0,0.00064684293,-26.269478,2.2071269,0.73570895,0.096,0.0,0.13658816,6.039995,6.059995,976000
hardzero_plus_depr__c0p50__z1p00__lam0p020__nu0p50__psi0p75,hardzero_plus_depr,0.06,35,305,0.0,2,0.16007167,0.16007167,1.014747,0.0,0.096661374,0.0,0.0,0.0006372127,-27.152666,2.232488,0.7441627,0.17600001,0.008,0.15483218,6.059995,6.079995,979200
hardzero_plus_depr__c0p50__z1p00__lam0p020__nu0p50__psi0p75,hardzero_plus_depr,0.06,35,306,0.0,2,0.16007167,0.16007167,1.0391707,0.0,0.09137539,0.0,0.0,0.0006277256,-27.917364,2.2862213,0.76207376,0.16000001,0.0,0.14828402,6.079995,6.099995,982400
hardzero_plus_depr__c0p50__z1p00__lam0p020__nu0p50__psi0p75,hardzero_plus_depr,0.06,35,307,0.0,2,0.16007167,0.16007167,1.0300668,0.0,0.093311064,0.0,0.0,0.00061838015,-26.905428,2.2661924,0.7553975,0.120000005,0.0,0.14839482,6.099995,6.119995,985600
hardzero_plus_depr__c0p50__z1p00__lam0p020__nu0p50__psi0p75,hardzero_plus_depr,0.06,35,308,0.0,2,0.16007167,0.16007167,1.0102102,0.0,0.09767644,0.0,0.0,0.0006091737,-27.476652,2.2225068,0.7408356,0.16800001,0.0,0.14663592,6.119995,6.139995,988800
hardzero_plus_depr__c0p50__z1p00__lam0p020__nu0p50__psi0p75,hardzero_plus_depr,0.06,35,309,0.0,2,0.16007167,0.16007167,1.0164243,0.0,0.09628877,0.0,0.0,0.0006001044,-26.352829,2.2361782,0.74539274,0.17600001,0.0,0.12963675,6.139995,6.159995,992000
hardzero_plus_depr__c0p50__z1p00__lam0p020__nu0p50__psi0p75,hardzero_plus_depr,0.06,35,310,0.0,2,0.16007167,0.16007167,1.0192747,0.0,0.095658876,0.0,0.0,0.0005911701,-28.47721,2.242449,0.747483,0.14400001,0.0,0.13986641,6.159995,6.179995,995200
hardzero_plus_depr__c0p50__z1p00__lam0p020__nu0p50__psi0p75,hardzero_plus_depr,0.06,35,311,0.0,2,0.16007167,0.16007167,1.0656031,0.0,0.08597989,0.0,0.0,0.00058236846,-27.649576,2.3443737,0.7814579,0.112,0.0,0.16063836,6.179995,6.199995,998400
hardzero_plus_depr__c0p50__z1p00__lam0p020__nu0p50__psi0p75,hardzero_plus_depr,0.06,35,312,0.0,2,0.16007167,0.16007167,1.0408924,0.0,0.09101387,0.0,0.0,0.00057369826,-28.230944,2.290009,0.76333636,0.21,0.0,0.17706506,6.199995,6.219995,1001600
hardzero_plus_depr__c0p50__z1p00__lam0p020__nu0p50__psi0p75,hardzero_plus_depr,0.06,35,313,0.0,2,0.16007167,0.16007167,1.0394253,0.0,0.09132185,0.0,0.0,0.0005651571,-27.436403,2.2867813,0.76226044,0.112,0.0,0.14825392,6.219995,6.239995,1004800
hardzero_plus_depr__c0p50__z1p00__lam0p020__nu0p50__psi0p75,hardzero_plus_depr,0.06,35,314,0.0,2,0.16007167,0.16007167,1.0428766,0.0,0.090599,0.0,0.0,0.0005567428,-28.086185,2.2943745,0.7647915,0.112,0.0,0.17424227,6.239995,6.259995,1008000
hardzero_plus_depr__c0p50__z1p00__lam0p020__nu0p50__psi0p75,hardzero_plus_depr,0.06,35,315,0.0,2,0.16007167,0.16007167,1.0267563,0.0,0.09402508,0.0,0.0,0.000548454,-28.016504,2.258909,0.7529697,0.17600001,0.008,0.16022542,6.259995,6.279995,1011200
hardzero_plus_depr__c0p50__z1p00__lam0p020__nu0p50__psi0p75,hardzero_plus_depr,0.06,35,316,0.0,2,0.16007167,0.16007167,1.0268924,0.0,0.09399561,0.0,0.0,0.0005402887,-28.06947,2.2592084,0.7530695,0.23200001,0.0,0.16072834,6.279995,6.299995,1014400
hardzero_plus_depr__c0p50__z1p00__lam0p020__nu0p50__psi0p75,hardzero_plus_depr,0.06,35,317,0.0,2,0.16007167,0.16012847,0.97173905,0.10672371,0.10672371,1.0,5.6803154e-05,0.0005322449,-27.394197,2.1378686,0.7126229,0.23200001,0.0,0.13552846,6.299995,6.319995,1017600
hardzero_plus_depr__c0p50__z1p00__lam0p020__nu0p50__psi0p75,hardzero_plus_depr,0.06,35,318,0.0,2,0.16012847,0.16018176,0.9929971,0.10162554,0.10162554,1.0,5.328439e-05,0.0005243209,-26.98678,2.1846373,0.7282125,0.17600001,0.0,0.19300668,6.319995,6.339995,1020800
hardzero_plus_depr__c0p50__z1p00__lam0p020__nu0p50__psi0p75,hardzero_plus_depr,0.06,35,319,0.0,2,0.16018176,0.16018176,1.0433202,0.0,0.09050652,0.0,0.0,0.0005165145,-26.933208,2.2953503,0.7651168,0.192,0.0,0.14649965,6.339995,6.359995,1024000
hardzero_plus_depr__c0p50__z1p00__lam0p020__nu0p50__psi0p75,hardzero_plus_depr,0.06,35,320,0.0,2,0.16018176,0.16023414,0.9874603,0.10292946,0.10292946,1.0,5.237306e-05,0.00050882477,-26.908344,2.172456,0.724152,0.17600001,0.0,0.14752851,6.359995,6.379995,1027200
hardzero_plus_depr__c0p50__z1p00__lam0p020__nu0p50__psi0p75,hardzero_plus_depr,0.06,35,321,0.0,2,0.16023414,0.16023414,1.0289272,0.0,0.093556225,0.0,0.0,0.0005012494,-27.180752,2.263685,0.75456166,0.15200001,0.0,0.12319674,6.379995,6.399995,1030400
hardzero_plus_depr__c0p50__z1p00__lam0p020__nu0p50__psi0p75,hardzero_plus_depr,0.06,35,322,0.0,2,0.16023414,0.16023414,1.0095057,0.0,0.097835,0.0,0.0,0.00049378665,-26.836136,2.220957,0.740319,0.072000004,0.0,0.16328621,6.399995,6.419995,1033600
hardzero_plus_depr__c0p50__z1p00__lam0p020__nu0p50__psi0p75,hardzero_plus_depr,0.06,35,323,0.0,2,0.16023414,0.16023414,1.0580895,0.0,0.08748035,0.0,0.0,0.00048643514,-27.281734,2.3278434,0.7759478,0.120000005,0.0,0.13463911,6.419995,6.439995,1036800
hardzero_plus_depr__c0p50__z1p00__lam0p020__nu0p50__psi0p75,hardzero_plus_depr,0.06,35,324,0.0,2,0.16023414,0.16028969,0.9358242,0.115924634,0.115924634,1.0,5.5550285e-05,0.0004791931,-26.399824,2.0588543,0.6862848,0.23200001,0.0,0.13486172,6.439995,6.459995,1040000
hardzero_plus_depr__c0p50__z1p00__lam0p020__nu0p50__psi0p75,hardzero_plus_depr,0.06,35,325,0.0,2,0.16028969,0.16033843,0.98614436,0.10324181,0.10324181,1.0,4.873622e-05,0.00047205895,-26.354177,2.169561,0.72318697,0.16,0.0,0.13157591,6.459995,6.479995,1043200
hardzero_plus_depr__c0p50__z1p00__lam0p020__nu0p50__psi0p75,hardzero_plus_depr,0.06,35,326,0.0,2,0.16033843,0.16033843,1.023979,0.0,0.094628304,0.0,0.0,0.0004650309,-28.082514,2.2527988,0.75093293,0.17600001,0.0,0.1373747,6.479995,6.4999948,1046400
hardzero_plus_depr__c0p50__z1p00__lam0p020__nu0p50__psi0p75,hardzero_plus_depr,0.06,35,327,0.0,2,0.16033843,0.16033843,1.0445393,0.0,0.0902528,0.0,0.0,0.0004581074,-27.937735,2.2980325,0.7660109,0.136,0.0,0.14094526,6.4999948,6.5199947,1049600
hardzero_plus_depr__c0p50__z1p00__lam0p020__nu0p50__psi0p75,hardzero_plus_depr,0.06,35,328,0.0,2,0.16033843,0.16038509,0.9855916,0.10337331,0.10337331,1.0,4.6651046e-05,0.00045128714,-26.442781,2.1683447,0.7227816,0.14400001,0.0,0.14126946,6.5199947,6.5399947,1052800
hardzero_plus_depr__c0p50__z1p00__lam0p020__nu0p50__psi0p75,hardzero_plus_depr,0.06,35,329,0.0,2,0.16038509,0.16043063,0.9895455,0.102436446,0.102436446,1.0,4.5540004e-05,0.00044456837,-27.066309,2.1770437,0.72568125,0.2,0.0,0.1449482,6.5399947,6.5599947,1056000
hardzero_plus_depr__c0p50__z1p00__lam0p020__nu0p50__psi0p75,hardzero_plus_depr,0.06,35,330,0.0,2,0.16043063,0.16043063,1.0235611,0.0,0.09471939,0.0,0.0,0.00043794946,-27.202187,2.2518795,0.7506265,0.216,0.0,0.15737797,6.5599947,6.5799947,1059200
hardzero_plus_depr__c0p50__z1p00__lam0p020__nu0p50__psi0p75,hardzero_plus_depr,0.06,35,331,0.0,2,0.16043063,0.16043063,1.0737895,0.0,0.08437436,0.0,0.0,0.0004314293,-28.102385,2.362384,0.7874614,0.136,0.0,0.13127305,6.5799947,6.5999947,1062400
hardzero_plus_depr__c0p50__z1p00__lam0p020__nu0p50__psi0p75,hardzero_plus_depr,0.06,35,332,0.0,2,0.16043063,0.16047317,0.9996069,0.10009055,0.10009055,1.0,4.2539104e-05,0.0004250062,-26.652864,2.1991792,0.73305976,0.17600001,0.0,0.1437574,6.5999947,6.6199946,1065600
hardzero_plus_depr__c0p50__z1p00__lam0p020__nu0p50__psi0p75,hardzero_plus_depr,0.06,35,333,0.0,2,0.16047317,0.16051716,0.9785916,0.105052985,0.105052985,1.0,4.3983455e-05,0.00041867877,-26.787853,2.1529446,0.7176482,0.208,0.0,0.12583195,6.6199946,6.6399946,1068800
hardzero_plus_depr__c0p50__z1p00__lam0p020__nu0p50__psi0p75,hardzero_plus_depr,0.06,35,334,0.0,2,0.16051716,0.16051716,1.0196495,0.0,0.09557635,0.0,0.0,0.00041244552,-26.72043,2.2432737,0.7477579,0.136,0.0,0.15220024,6.6399946,6.6599946,1072000
hardzero_plus_depr__c0p50__z1p00__lam0p020__nu0p50__psi0p75,hardzero_plus_depr,0.06,35,335,0.0,2,0.16051716,0.16051716,1.0118641,0.0,0.09730518,0.0,0.0,0.00040630484,-26.908104,2.2261455,0.7420485,0.24000001,0.008,0.15255344,6.6599946,6.6799946,1075200
hardzero_plus_depr__c0p50__z1p00__lam0p020__nu0p50__psi0p75,hardzero_plus_depr,0.06,35,336,0.0,2,0.16051716,0.16051716,1.0357412,0.0,0.09209983,0.0,0.0,0.0004002558,-27.39733,2.2786763,0.7595588,0.120000005,0.0,0.15823057,6.6799946,6.6999946,1078400
hardzero_plus_depr__c0p50__z1p00__lam0p020__nu0p50__psi0p75,hardzero_plus_depr,0.06,35,337,0.0,2,0.16051716,0.16055878,0.97657096,0.10554291,0.10554291,1.0,4.1615232e-05,0.0003942968,-26.05283,2.148499,0.7161664,0.23200001,0.0,0.14652568,6.6999946,6.7199945,1081600
hardzero_plus_depr__c0p50__z1p00__lam0p020__nu0p50__psi0p75,hardzero_plus_depr,0.06,35,338,0.0,2,0.16055878,0.16055878,1.0027574,0.0,0.099367075,0.0,0.0,0.0003884264,-28.282555,2.2061105,0.73537016,0.14999999,0.0,0.13626125,6.7199945,6.7399945,1084800
hardzero_plus_depr__c0p50__z1p00__lam0p020__nu0p50__psi0p75,hardzero_plus_depr,0.06,35,339,0.0,2,0.16055878,0.16055878,1.0015773,0.0,0.09963747,0.0,0.0,0.0003826435,-27.451725,2.2035139,0.73450464,0.120000005,0.0,0.17370124,6.7399945,6.7599945,1088000
hardzero_plus_depr__c0p50__z1p00__lam0p020__nu0p50__psi0p75,hardzero_plus_depr,0.06,35,340,0.0,2,0.16055878,0.16055878,1.0280943,0.0,0.09373585,0.0,0.0,0.00037694676,-27.762735,2.2618525,0.75395083,0.2,0.0,0.19765715,6.7599945,6.7799945,1091200
hardzero_plus_depr__c0p50__z1p00__lam0p020__nu0p50__psi0p75,hardzero_plus_depr,0.06,35,341,0.0,2,0.16055878,0.16055878,1.0396885,0.0,0.09126653,0.0,0.0,0.00037133478,-28.037062,2.2873602,0.76245344,0.104,0.0,0.16311254,6.7799945,6.7999945,1094400
hardzero_plus_depr__c0p50__z1p00__lam0p020__nu0p50__psi0p75,hardzero_plus_depr,0.06,35,342,0.0,2,0.16055878,0.16059546,0.99877,0.100283615,0.100283615,1.0,3.668439e-05,0.0003658064,-26.72832,2.1973379,0.73244596,0.128,0.0,0.15541539,6.7999945,6.8199944,1097600
hardzero_plus_depr__c0p50__z1p00__lam0p020__nu0p50__psi0p75,hardzero_plus_depr,0.06,35,343,0.0,2,0.16059546,0.16063464,0.96370333,0.10871681,0.10871681,1.0,3.91772e-05,0.0003603601,-26.007877,2.1201897,0.7067299,0.216,0.0,0.14973374,6.8199944,6.8399944,1100800
hardzero_plus_depr__c0p50__z1p00__lam0p020__nu0p50__psi0p75,hardzero_plus_depr,0.06,35,344,0.0,2,0.16063464,0.16063464,1.0363876,0.0,0.091962844,0.0,0.0,0.0003549951,-28.399458,2.2800982,0.7600328,0.14400001,0.0,0.15787214,6.8399944,6.8599944,1104000
hardzero_plus_depr__c0p50__z1p00__lam0p020__nu0p50__psi0p75,hardzero_plus_depr,0.06,35,345,0.0,2,0.16063464,0.1606729,0.96083003,0.10943844,0.10943844,1.0,3.827171e-05,0.00034970994,-26.359673,2.1138682,0.70462275,0.2,0.0,0.13998559,6.8599944,6.8799944,1107200
hardzero_plus_depr__c0p50__z1p00__lam0p020__nu0p50__psi0p75,hardzero_plus_depr,0.06,35,346,0.0,2,0.1606729,0.16070797,0.9923247,0.10178301,0.10178301,1.0,3.5064586e-05,0.00034450335,-26.780039,2.183158,0.7277193,0.2,0.0,0.14703448,6.8799944,6.8999944,1110400
hardzero_plus_depr__c0p50__z1p00__lam0p020__nu0p50__psi0p75,hardzero_plus_depr,0.06,35,347,0.0,2,0.16070797,0.16070797,1.0168734,0.0,0.09618926,0.0,0.0,0.00033937438,-26.597548,2.2371662,0.74572206,0.080000006,0.0,0.12595795,6.8999944,6.9199944,1113600
hardzero_plus_depr__c0p50__z1p00__lam0p020__nu0p50__psi0p75,hardzero_plus_depr,0.06,35,348,0.0,2,0.16070797,0.16070797,1.0134039,0.0,0.09696079,0.0,0.0,0.0003343218,-27.864305,2.229533,0.74317765,0.16800001,0.0,0.1478301,6.9199944,6.9399943,1116800
hardzero_plus_depr__c0p50__z1p00__lam0p020__nu0p50__psi0p75,hardzero_plus_depr,0.06,35,349,0.0,2,0.16070797,0.16074117,0.9966005,0.10078582,0.10078582,1.0,3.3193253e-05,0.00032934448,-26.380398,2.192565,0.730855,0.14400001,0.0,0.14805436,6.9399943,6.9599943,1120000
hardzero_plus_depr__c0p50__z1p00__lam0p020__nu0p50__psi0p75,hardzero_plus_depr,0.06,35,350,0.0,2,0.16074117,0.16074117,1.0695492,0.0,0.0852022,0.0,0.0,0.00032444124,-28.149845,2.3530552,0.78435177,0.16800001,0.0,0.16543555,6.9599943,6.9799943,1123200
hardzero_plus_depr__c0p50__z1p00__lam0p020__nu0p50__psi0p75,hardzero_plus_depr,0.06,35,351,0.0,2,0.16074117,0.16074117,1.0271076,0.0,0.09394905,0.0,0.0,0.0003196108,-27.556093,2.2596817,0.75322723,0.12,0.0,0.1293282,6.9799943,6.9999943,1126400
hardzero_plus_depr__c0p50__z1p00__lam0p020__nu0p50__psi0p75,hardzero_plus_depr,0.06,35,352,0.0,2,0.16074117,0.16077347,0.9888027,0.10261181,0.10261181,1.0,3.230758e-05,0.00031485246,-26.275229,2.1754093,0.72513646,0.16800001,0.0,0.15641695,6.9999943,7.0199943,1129600
hardzero_plus_depr__c0p50__z1p00__lam0p020__nu0p50__psi0p75,hardzero_plus_depr,0.06,35,353,0.0,2,0.16077347,0.16077347,1.0005533,0.0,0.09987269,0.0,0.0,0.00031016496,-28.06707,2.201261,0.7337537,0.136,0.0,0.16530682,7.0199943,7.0399942,1132800
hardzero_plus_depr__c0p50__z1p00__lam0p020__nu0p50__psi0p75,hardzero_plus_depr,0.06,35,354,0.0,2,0.16077347,0.16080484,0.98857045,0.1026667,0.1026667,1.0,3.136951e-05,0.0003055471,-27.657932,2.1748984,0.72496617,0.192,0.0,0.1441641,7.0399942,7.059994,1136000
hardzero_plus_depr__c0p50__z1p00__lam0p020__nu0p50__psi0p75,hardzero_plus_depr,0.06,35,355,0.0,2,0.16080484,0.16083507,0.9979648,0.10046971,0.10046971,1.0,3.0241194e-05,0.00030099813,-27.45988,2.1955664,0.7318555,0.120000005,0.0,0.1392276,7.059994,7.079994,1139200
hardzero_plus_depr__c0p50__z1p00__lam0p020__nu0p50__psi0p75,hardzero_plus_depr,0.06,35,356,0.0,2,0.16083507,0.16083507,1.0393167,0.0,0.09134469,0.0,0.0,0.00029651693,-28.275806,2.2865422,0.76218075,0.136,0.0,0.16465124,7.079994,7.099994,1142400
hardzero_plus_depr__c0p50__z1p00__lam0p020__nu0p50__psi0p75,hardzero_plus_depr,0.06,35,357,0.0,2,0.16083507,0.16083507,1.0005313,0.0,0.099877745,0.0,0.0,0.00029210237,-26.482138,2.201213,0.73373765,0.128,0.0,0.15086062,7.099994,7.119994,1145600
hardzero_plus_depr__c0p50__z1p00__lam0p020__nu0p50__psi0p75,hardzero_plus_depr,0.06,35,358,0.0,2,0.16083507,0.16083507,1.0149055,0.0,0.09662612,0.0,0.0,0.0002877536,-27.080162,2.2328365,0.74427885,0.120000005,0.0,0.14726463,7.119994,7.139994,1148800
hardzero_plus_depr__c0p50__z1p00__lam0p020__nu0p50__psi0p75,hardzero_plus_depr,0.06,35,359,0.0,2,0.16083507,0.16086574,0.9658754,0.108174436,0.108174436,1.0,3.066414e-05,0.0002834694,-26.18495,2.1249683,0.70832276,0.272,0.0,0.17706649,7.139994,7.159994,1152000
hardzero_plus_depr__c0p50__z1p00__lam0p020__nu0p50__psi0p75,hardzero_plus_depr,0.06,35,360,0.0,2,0.16086574,0.16089372,0.99910206,0.10020697,0.10020697,1.0,2.7982707e-05,0.0002792491,-26.407839,2.1980684,0.7326895,0.15200001,0.0,0.12357089,7.159994,7.179994,1155200
hardzero_plus_depr__c0p50__z1p00__lam0p020__nu0p50__psi0p75,hardzero_plus_depr,0.06,35,361,0.0,2,0.16089372,0.16092126,0.9994782,0.10012021,0.10012021,1.0,2.7542234e-05,0.00027509165,-26.945301,2.198896,0.73296535,0.208,0.0,0.15351376,7.179994,7.199994,1158400
hardzero_plus_depr__c0p50__z1p00__lam0p020__nu0p50__psi0p75,hardzero_plus_depr,0.06,35,362,0.0,2,0.16092126,0.16092126,1.0499916,0.0,0.08912682,0.0,0.0,0.00027099598,-28.20094,2.3100276,0.7700092,0.14400001,0.0,0.16052915,7.199994,7.219994,1161600
hardzero_plus_depr__c0p50__z1p00__lam0p020__nu0p50__psi0p75,hardzero_plus_depr,0.06,35,363,0.0,2,0.16092126,0.16094841,0.99279153,0.10167368,0.10167368,1.0,2.714295e-05,0.00026696143,-27.02197,2.184185,0.7280617,0.16800001,0.0,0.14902535,7.219994,7.239994,1164800
hardzero_plus_depr__c0p50__z1p00__lam0p020__nu0p50__psi0p75,hardzero_plus_depr,0.06,35,364,0.0,2,0.16094841,0.16094841,1.0014886,0.0,0.09965783,0.0,0.0,0.0002629869,-27.231527,2.2033188,0.7344396,0.13,0.0,0.14835662,7.239994,7.259994,1168000
hardzero_plus_depr__c0p50__z1p00__lam0p020__nu0p50__psi0p75,hardzero_plus_depr,0.06,35,365,0.0,2,0.16094841,0.16094841,1.0333344,0.0,0.09261165,0.0,0.0,0.00025907156,-27.389587,2.273381,0.75779366,0.2,0.0,0.16726829,7.259994,7.279994,1171200
hardzero_plus_depr__c0p50__z1p00__lam0p020__nu0p50__psi0p75,hardzero_plus_depr,0.06,35,366,0.0,2,0.16094841,0.16094841,1.04546,0.0,0.09006167,0.0,0.0,0.00025521455,-26.728714,2.300058,0.76668596,0.17600001,0.0,0.14601213,7.279994,7.299994,1174400
hardzero_plus_depr__c0p50__z1p00__lam0p020__nu0p50__psi0p75,hardzero_plus_depr,0.06,35,367,0.0,2,0.16094841,0.16097362,0.9987316,0.10029249,0.10029249,1.0,2.5215017e-05,0.0002514148,-27.201416,2.1972535,0.7324178,0.15200001,0.0,0.13251099,7.299994,7.319994,1177600
hardzero_plus_depr__c0p50__z1p00__lam0p020__nu0p50__psi0p75,hardzero_plus_depr,0.06,35,368,0.0,2,0.16097362,0.16097362,1.010767,0.0,0.09755128,0.0,0.0,0.00024767176,-26.741966,2.2237318,0.74124396,0.080000006,0.0,0.14008097,7.319994,7.339994,1180800
hardzero_plus_depr__c0p50__z1p00__lam0p020__nu0p50__psi0p75,hardzero_plus_depr,0.06,35,369,0.0,2,0.16097362,0.16099988,0.9681206,0.107616626,0.107616626,1.0,2.6256781e-05,0.00024398442,-26.509966,2.1299078,0.7099693,0.136,0.0,0.15202853,7.339994,7.359994,1184000
hardzero_plus_depr__c0p50__z1p00__lam0p020__nu0p50__psi0p75,hardzero_plus_depr,0.06,35,370,0.0,2,0.16099988,0.1610241,0.9967279,0.100756265,0.100756265,1.0,2.421696e-05,0.0002403519,-26.899103,2.192845,0.7309484,0.15200001,0.0,0.14565201,7.359994,7.379994,1187200
hardzero_plus_depr__c0p50__z1p00__lam0p020__nu0p50__psi0p75,hardzero_plus_depr,0.06,35,371,0.0,2,0.1610241,0.1610241,1.0821964,0.0,0.08275679,0.0,0.0,0.00023677356,-27.904442,2.3808794,0.7936265,0.112,0.0,0.19307838,7.379994,7.399994,1190400
hardzero_plus_depr__c0p50__z1p00__lam0p020__nu0p50__psi0p75,hardzero_plus_depr,0.06,35,372,0.0,2,0.1610241,0.16104755,0.9974837,0.10058108,0.10058108,1.0,2.3460385e-05,0.00023324849,-26.83028,2.1945078,0.73150265,0.128,0.0,0.15065722,7.399994,7.419994,1193600
hardzero_plus_depr__c0p50__z1p00__lam0p020__nu0p50__psi0p75,hardzero_plus_depr,0.06,35,373,0.0,2,0.16104755,0.16104755,1.0126746,0.0,0.09712374,0.0,0.0,0.0002297759,-27.831512,2.2279286,0.7426429,0.120000005,0.0,0.16308238,7.419994,7.439994,1196800
hardzero_plus_depr__c0p50__z1p00__lam0p020__nu0p50__psi0p75,hardzero_plus_depr,0.06,35,374,0.0,2,0.16104755,0.16107197,0.9670304,0.10788712,0.10788712,1.0,2.4420793e-05,0.00022635504,-26.78928,2.1275094,0.7091698,0.15200001,0.0,0.15245432,7.439994,7.459994,1200000
hardzero_plus_depr__c0p50__z1p00__lam0p020__nu0p50__psi0p75,hardzero_plus_depr,0.06,35,375,0.0,2,0.16107197,0.16109557,0.9754333,0.10581974,0.10581974,1.0,2.3596209e-05,0.00022298495,-27.276987,2.145996,0.71533203,0.192,0.0,0.14541519,7.459994,7.479994,1203200
hardzero_plus_depr__c0p50__z1p00__lam0p020__nu0p50__psi0p75,hardzero_plus_depr,0.06,35,376,0.0,2,0.16109557,0.16111924,0.96763617,0.10773675,0.10773675,1.0,2.3666013e-05,0.00021966518,-26.981009,2.128842,0.70961404,0.16800001,0.0,0.13092877,7.479994,7.499994,1206400
hardzero_plus_depr__c0p50__z1p00__lam0p020__nu0p50__psi0p75,hardzero_plus_depr,0.06,35,377,0.0,2,0.16111924,0.16111924,1.0106816,0.0,0.09757047,0.0,0.0,0.00021639482,-27.283875,2.223544,0.7411813,0.19,0.0,0.16741212,7.499994,7.519994,1209600
hardzero_plus_depr__c0p50__z1p00__lam0p020__nu0p50__psi0p75,hardzero_plus_depr,0.06,35,378,0.0,2,0.16111924,0.16111924,1.0091991,0.0,0.097904086,0.0,0.0,0.00021317304,-26.39466,2.2202826,0.7400942,0.128,0.008,0.124953665,7.519994,7.539994,1212800
hardzero_plus_depr__c0p50__z1p00__lam0p020__nu0p50__psi0p75,hardzero_plus_depr,0.06,35,379,0.0,2,0.16111924,0.16114089,0.98671937,0.10310522,0.10310522,1.0,2.1652027e-05,0.00020999934,-26.834612,2.170826,0.7236087,0.18400002,0.0,0.12898672,7.539994,7.5599937,1216000
hardzero_plus_depr__c0p50__z1p00__lam0p020__nu0p50__psi0p75,hardzero_plus_depr,0.06,35,380,0.0,2,0.16114089,0.16116355,0.9604495,0.109534375,0.109534375,1.0,2.2659691e-05,0.00020687288,-25.923294,2.1130311,0.70434374,0.136,0.0,0.12783664,7.5599937,7.5799937,1219200
hardzero_plus_depr__c0p50__z1p00__lam0p020__nu0p50__psi0p75,hardzero_plus_depr,0.06,35,381,0.0,2,0.16116355,0.16116355,1.0342125,0.0,0.09242459,0.0,0.0,0.00020379298,-28.095903,2.275313,0.75843763,0.15200001,0.0,0.15852633,7.5799937,7.5999937,1222400
hardzero_plus_depr__c0p50__z1p00__lam0p020__nu0p50__psi0p75,hardzero_plus_depr,0.06,35,382,0.0,2,0.16116355,0.16116355,1.0184703,0.0,0.09583624,0.0,0.0,0.00020075892,-27.389357,2.2406795,0.74689317,0.192,0.0,0.15603091,7.5999937,7.6199937,1225600
hardzero_plus_depr__c0p50__z1p00__lam0p020__nu0p50__psi0p75,hardzero_plus_depr,0.06,35,383,0.0,2,0.16116355,0.16118348,0.99671966,0.100758195,0.100758195,1.0,1.9926942e-05,0.00019776993,-27.592543,2.192827,0.73094237,0.08800001,0.0,0.13725439,7.6199937,7.6399937,1228800
hardzero_plus_depr__c0p50__z1p00__lam0p020__nu0p50__psi0p75,hardzero_plus_depr,0.06,35,384,0.0,2,0.16118348,0.16118348,1.0687478,0.0,0.08535958,0.0,0.0,0.00019482555,-27.631296,2.3512921,0.78376406,0.16000001,0.0,0.18174233,7.6399937,7.6599936,1232000
hardzero_plus_depr__c0p50__z1p00__lam0p020__nu0p50__psi0p75,hardzero_plus_depr,0.06,35,385,0.0,2,0.16118348,0.16120437,0.9630449,0.10888176,0.10888176,1.0,2.0897134e-05,0.00019192502,-26.310308,2.118741,0.70624703,0.17600001,0.0,0.14852293,7.6599936,7.6799936,1235200
hardzero_plus_depr__c0p50__z1p00__lam0p020__nu0p50__psi0p75,hardzero_plus_depr,0.06,35,386,0.0,2,0.16120437,0.16120437,1.0066438,0.0,0.09848185,0.0,0.0,0.00018906753,-27.143677,2.2146606,0.7382202,0.17600001,0.0,0.15898596,7.6799936,7.6999936,1238400
hardzero_plus_depr__c0p50__z1p00__lam0p020__nu0p50__psi0p75,hardzero_plus_depr,0.06,35,387,0.0,2,0.16120437,0.16122566,0.94174725,0.11435436,0.11435436,1.0,2.129881e-05,0.00018625273,-25.885084,2.0718853,0.69062847,0.16800001,0.0,0.13438371,7.6999936,7.7199936,1241600
hardzero_plus_depr__c0p50__z1p00__lam0p020__nu0p50__psi0p75,hardzero_plus_depr,0.06,35,388,0.0,2,0.16122566,0.16122566,1.0096502,0.0,0.09780246,0.0,0.0,0.00018347982,-27.039818,2.2212749,0.740425,0.18400002,0.0,0.17921871,7.7199936,7.7399936,1244800
hardzero_plus_depr__c0p50__z1p00__lam0p020__nu0p50__psi0p75,hardzero_plus_depr,0.06,35,389,0.0,2,0.16122566,0.16124426,0.9878051,0.10284776,0.10284776,1.0,1.8589544e-05,0.00018074816,-27.004942,2.1732147,0.72440493,0.17600001,0.0,0.13331819,7.7399936,7.7599936,1248000
hardzero_plus_depr__c0p50__z1p00__lam0p020__nu0p50__psi0p75,hardzero_plus_depr,0.06,35,390,0.0,2,0.16124426,0.16124426,1.0171201,0.0,0.096134625,0.0,0.0,0.0001780572,-26.698418,2.237709,0.745903,0.19999999,0.0,0.1346584,7.7599936,7.7799935,1251200
hardzero_plus_depr__c0p50__z1p00__lam0p020__nu0p50__psi0p75,hardzero_plus_depr,0.06,35,391,0.0,2,0.16124426,0.16124426,1.0482485,0.0,0.08948525,0.0,0.0,0.00017540621,-28.718203,2.3061929,0.768731,0.104,0.0,0.15083164,7.7799935,7.7999935,1254400
hardzero_plus_depr__c0p50__z1p00__lam0p020__nu0p50__psi0p75,hardzero_plus_depr,0.06,35,392,0.0,2,0.16124426,0.16126226,0.98209846,0.1042081,0.1042081,1.0,1.8006614e-05,0.00017279478,-26.308907,2.1606598,0.72021997,0.16800001,0.0,0.14746425,7.7999935,7.8199935,1257600
hardzero_plus_depr__c0p50__z1p00__lam0p020__nu0p50__psi0p75,hardzero_plus_depr,0.06,35,393,0.0,2,0.16126226,0.1612806,0.9676778,0.107726425,0.107726425,1.0,1.8337432e-05,0.00017022222,-25.915411,2.1289337,0.70964456,0.14400001,0.0,0.12449968,7.8199935,7.8399935,1260800
hardzero_plus_depr__c0p50__z1p00__lam0p020__nu0p50__psi0p75,hardzero_plus_depr,0.06,35,394,0.0,2,0.1612806,0.16130006,0.9352344,0.11608217,0.11608217,1.0,1.9465573e-05,0.00016768789,-25.99301,2.0575569,0.6858523,0.16800001,0.0,0.12867935,7.8399935,7.8599935,1264000
hardzero_plus_depr__c0p50__z1p00__lam0p020__nu0p50__psi0p75,hardzero_plus_depr,0.06,35,395,0.0,2,0.16130006,0.16131686,0.99291486,0.10164478,0.10164478,1.0,1.6790838e-05,0.00016519136,-27.436028,2.1844563,0.72815216,0.16000001,0.0,0.1729862,7.8599935,7.8799934,1267200
hardzero_plus_depr__c0p50__z1p00__lam0p020__nu0p50__psi0p75,hardzero_plus_depr,0.06,35,396,0.0,2,0.16131686,0.16131686,1.0126384,0.0,0.097131826,0.0,0.0,0.000162732,-26.905104,2.227849,0.74261636,0.16000001,0.0,0.13734339,7.8799934,7.8999934,1270400
hardzero_plus_depr__c0p50__z1p00__lam0p020__nu0p50__psi0p75,hardzero_plus_depr,0.06,35,397,0.0,2,0.16131686,0.16131686,1.0097654,0.0,0.09777652,0.0,0.0,0.00016030927,-26.545689,2.2215283,0.74050945,0.16800001,0.0,0.14109452,7.8999934,7.9199934,1273600
hardzero_plus_depr__c0p50__z1p00__lam0p020__nu0p50__psi0p75,hardzero_plus_depr,0.06,35,398,0.0,2,0.16131686,0.16133355,0.9760896,0.10565996,0.10565996,1.0,1.6686097e-05,0.00015792261,-26.347197,2.14744,0.71581334,0.17600001,0.0,0.12936462,7.9199934,7.9399934,1276800
hardzero_plus_depr__c0p50__z1p00__lam0p020__nu0p50__psi0p75,hardzero_plus_depr,0.06,35,399,0.0,2,0.16133355,0.16134942,0.9912957,0.10202446,0.10202446,1.0,1.5872085e-05,0.00015557137,-27.380371,2.1808941,0.7269647,0.18400002,0.0,0.14146034,7.9399934,7.9599934,1280000
hardzero_plus_depr__c0p50__z1p00__lam0p020__nu0p50__psi0p75,hardzero_plus_depr,0.06,35,400,0.0,2,0.16134942,0.16134942,1.0047156,0.0,0.09892006,0.0,0.0,0.00015325524,-27.614128,2.2104185,0.73680615,0.17600001,0.0,0.16687703,7.9599934,7.9799933,1283200
hardzero_plus_depr__c0p50__z1p00__lam0p020__nu0p50__psi0p75,hardzero_plus_depr,0.06,35,401,0.0,2,0.16134942,0.16134942,1.0443257,0.0,0.09029721,0.0,0.0,0.00015097359,-27.02341,2.2975624,0.7658541,0.15200001,0.0,0.14846867,7.9799933,7.9999933,1286400
hardzero_plus_depr__c0p50__z1p00__lam0p020__nu0p50__psi0p75,hardzero_plus_depr,0.06,35,402,0.0,2,0.16134942,0.16134942,1.0200574,0.0,0.09548662,0.0,0.0,0.00014872583,-27.406162,2.2441711,0.74805707,0.17600001,0.0,0.1559174,7.9999933,8.019994,1289600
hardzero_plus_depr__c0p50__z1p00__lam0p020__nu0p50__psi0p75,hardzero_plus_depr,0.06,35,403,0.0,2,0.16134942,0.16136463,0.9837739,0.103806876,0.103806876,1.0,1.5208906e-05,0.00014651155,-26.4565,2.1643457,0.7214486,0.11,0.0,0.15714467,8.019994,8.039994,1292800
hardzero_plus_depr__c0p50__z1p00__lam0p020__nu0p50__psi0p75,hardzero_plus_depr,0.06,35,404,0.0,2,0.16136463,0.16136463,1.0724812,0.0,0.08462893,0.0,0.0,0.00014433022,-27.860775,2.3595057,0.7865019,0.136,0.0,0.16379619,8.039994,8.059995,1296000
hardzero_plus_depr__c0p50__z1p00__lam0p020__nu0p50__psi0p75,hardzero_plus_depr,0.06,35,405,0.0,2,0.16136463,0.16136463,1.0583339,0.0,0.087431125,0.0,0.0,0.00014218138,-28.512661,2.328381,0.77612704,0.18400002,0.0,0.14256422,8.059995,8.079995,1299200
hardzero_plus_depr__c0p50__z1p00__lam0p020__nu0p50__psi0p75,hardzero_plus_depr,0.06,35,406,0.0,2,0.16136463,0.16137974,0.96703464,0.10788606,0.10788606,1.0,1.511101e-05,0.00014006453,-27.28469,2.1275187,0.7091729,0.2,0.0,0.14051585,8.079995,8.099996,1302400
hardzero_plus_depr__c0p50__z1p00__lam0p020__nu0p50__psi0p75,hardzero_plus_depr,0.06,35,407,0.0,2,0.16137974,0.16137974,1.0316408,0.0,0.092973515,0.0,0.0,0.00013797918,-27.442251,2.269655,0.7565517,0.18400002,0.0,0.16915633,8.099996,8.119996,1305600
hardzero_plus_depr__c0p50__z1p00__lam0p020__nu0p50__psi0p75,hardzero_plus_depr,0.06,35,408,0.0,2,0.16137974,0.16139376,0.98644054,0.10317144,0.10317144,1.0,1.4023567e-05,0.0001359249,-26.229862,2.1702125,0.72340417,0.14400001,0.0,0.1383252,8.119996,8.139997,1308800
hardzero_plus_depr__c0p50__z1p00__lam0p020__nu0p50__psi0p75,hardzero_plus_depr,0.06,35,409,0.0,2,0.16139376,0.16139376,1.0245043,0.0,0.09451391,0.0,0.0,0.0001339012,-27.122309,2.2539544,0.75131816,0.14400001,0.0,0.13967185,8.139997,8.159997,1312000
hardzero_plus_depr__c0p50__z1p00__lam0p020__nu0p50__psi0p75,hardzero_plus_depr,0.06,35,410,0.0,2,0.16139376,0.16140716,0.99329776,0.10155523,0.10155523,1.0,1.3395909e-05,0.00013190763,-26.18736,2.1852987,0.7284329,0.14400001,0.0,0.13452059,8.159997,8.179997,1315200
hardzero_plus_depr__c0p50__z1p00__lam0p020__nu0p50__psi0p75,hardzero_plus_depr,0.06,35,411,0.0,2,0.16140716,0.16140716,1.0315661,0.0,0.092989475,0.0,0.0,0.00012994371,-27.436846,2.269491,0.756497,0.17600001,0.0,0.16062847,8.179997,8.199998,1318400
hardzero_plus_depr__c0p50__z1p00__lam0p020__nu0p50__psi0p75,hardzero_plus_depr,0.06,35,412,0.0,2,0.16140716,0.1614206,0.978893,0.1049801,0.1049801,1.0,1.3438406e-05,0.00012800908,-27.174215,2.1536076,0.7178692,0.14400001,0.0,0.14462636,8.199998,8.219998,1321600
hardzero_plus_depr__c0p50__z1p00__lam0p020__nu0p50__psi0p75,hardzero_plus_depr,0.06,35,413,0.0,2,0.1614206,0.16143328,0.9974858,0.10058058,0.10058058,1.0,1.2683536e-05,0.00012610323,-26.891575,2.1945126,0.7315042,0.18400002,0.0,0.15164216,8.219998,8.239999,1324800
hardzero_plus_depr__c0p50__z1p00__lam0p020__nu0p50__psi0p75,hardzero_plus_depr,0.06,35,414,0.0,2,0.16143328,0.16143328,1.0248277,0.0,0.09444354,0.0,0.0,0.00012422576,-26.984283,2.254666,0.7515554,0.16800001,0.0,0.16591795,8.239999,8.259999,1328000
hardzero_plus_depr__c0p50__z1p00__lam0p020__nu0p50__psi0p75,hardzero_plus_depr,0.06,35,415,0.0,2,0.16143328,0.16144574,0.9922332,0.101804465,0.101804465,1.0,1.2458448e-05,0.00012237624,-25.871605,2.1829567,0.72765225,0.112,0.0,0.12929268,8.259999,8.28,1331200
hardzero_plus_depr__c0p50__z1p00__lam0p020__nu0p50__psi0p75,hardzero_plus_depr,0.06,35,416,0.0,2,0.16144574,0.16145842,0.97788817,0.10522327,0.10522327,1.0,1.2685112e-05,0.00012055424,-26.181406,2.151397,0.71713233,0.17,0.0,0.14675651,8.28,8.3,1334400
hardzero_plus_depr__c0p50__z1p00__lam0p020__nu0p50__psi0p75,hardzero_plus_depr,0.06,35,417,0.0,2,0.16145842,0.16145842,1.0390687,0.0,0.091396876,0.0,0.0,0.000118759366,-28.101646,2.2859967,0.7619989,0.15200001,0.0,0.17163125,8.3,8.320001,1337600
hardzero_plus_depr__c0p50__z1p00__lam0p020__nu0p50__psi0p75,hardzero_plus_depr,0.06,35,418,0.0,2,0.16145842,0.16145842,1.0095685,0.0,0.09782086,0.0,0.0,0.00011699124,-27.394657,2.2210948,0.74036497,0.15200001,0.0,0.14088674,8.320001,8.340001,1340800
hardzero_plus_depr__c0p50__z1p00__lam0p020__nu0p50__psi0p75,hardzero_plus_depr,0.06,35,419,0.0,2,0.16145842,0.16145842,1.0331115,0.0,0.0926592,0.0,0.0,0.00011524943,-26.810196,2.2728906,0.7576302,0.15200001,0.0,0.13872257,8.340001,8.360002,1344000
hardzero_plus_depr__c0p50__z1p00__lam0p020__nu0p50__psi0p75,hardzero_plus_depr,0.06,35,420,0.0,2,0.16145842,0.16146994,0.9934566,0.10151807,0.10151807,1.0,1.1525708e-05,0.000113533555,-26.432318,2.1856482,0.7285494,0.192,0.0,0.131283,8.360002,8.380002,1347200
hardzero_plus_depr__c0p50__z1p00__lam0p020__nu0p50__psi0p75,hardzero_plus_depr,0.06,35,421,0.0,2,0.16146994,0.16146994,1.0433131,0.0,0.09050798,0.0,0.0,0.00011184323,-27.50204,2.2953348,0.7651116,0.120000005,0.0,0.20021312,8.380002,8.4000025,1350400
hardzero_plus_depr__c0p50__z1p00__lam0p020__nu0p50__psi0p75,hardzero_plus_depr,0.06,35,422,0.0,2,0.16146994,0.16146994,1.0349952,0.0,0.09225815,0.0,0.0,0.00011017805,-28.33594,2.277035,0.7590117,0.08800001,0.0,0.15687308,8.4000025,8.420003,1353600
hardzero_plus_depr__c0p50__z1p00__lam0p020__nu0p50__psi0p75,hardzero_plus_depr,0.06,35,423,0.0,2,0.16146994,0.16148186,0.9593884,0.10980236,0.10980236,1.0,1.1917692e-05,0.00010853767,-25.706232,2.1106966,0.70356554,0.17600001,0.0,0.14521238,8.420003,8.440003,1356800
hardzero_plus_depr__c0p50__z1p00__lam0p020__nu0p50__psi0p75,hardzero_plus_depr,0.06,35,424,0.0,2,0.16148186,0.16148186,1.0236754,0.0,0.09469446,0.0,0.0,0.000106921725,-27.689907,2.252131,0.75071037,0.112,0.0,0.15022248,8.440003,8.460004,1360000
hardzero_plus_depr__c0p50__z1p00__lam0p020__nu0p50__psi0p75,hardzero_plus_depr,0.06,35,425,0.0,2,0.16148186,0.16149251,0.9952176,0.10110726,0.10110726,1.0,1.0649611e-05,0.00010532983,-26.652376,2.1895225,0.7298409,0.2,0.0,0.14642318,8.460004,8.480004,1363200
hardzero_plus_depr__c0p50__z1p00__lam0p020__nu0p50__psi0p75,hardzero_plus_depr,0.06,35,426,0.0,2,0.16149251,0.16149251,1.0378292,0.0,0.0916581,0.0,0.0,0.000103761646,-27.20954,2.2832696,0.7610899,0.136,0.0,0.16030444,8.480004,8.500005,1366400
hardzero_plus_depr__c0p50__z1p00__lam0p020__nu0p50__psi0p75,hardzero_plus_depr,0.06,35,427,0.0,2,0.16149251,0.16149251,1.0369449,0.0,0.09184492,0.0,0.0,0.0001022168,-28.170212,2.2813241,0.7604414,0.16000001,0.0,0.14888303,8.500005,8.520005,1369600
hardzero_plus_depr__c0p50__z1p00__lam0p020__nu0p50__psi0p75,hardzero_plus_depr,0.06,35,428,0.0,2,0.16149251,0.1615028,0.99084145,0.10213122,0.10213122,1.0,1.0284099e-05,0.00010069495,-26.526379,2.1798947,0.7266316,0.18400002,0.0,0.12501737,8.520005,8.540006,1372800
hardzero_plus_depr__c0p50__z1p00__lam0p020__nu0p50__psi0p75,hardzero_plus_depr,0.06,35,429,0.0,2,0.1615028,0.1615028,1.0182812,0.0,0.09587797,0.0,0.0,9.9195764e-05,-28.47715,2.2402635,0.7467545,0.14999999,0.0,0.16360098,8.540006,8.560006,1376000
hardzero_plus_depr__c0p50__z1p00__lam0p020__nu0p50__psi0p75,hardzero_plus_depr,0.06,35,430,0.0,2,0.1615028,0.1615028,1.0599461,0.0,0.08710716,0.0,0.0,9.77189e-05,-28.49399,2.3319278,0.7773093,0.14400001,0.0,0.14456193,8.560006,8.580007,1379200
hardzero_plus_depr__c0p50__z1p00__lam0p020__nu0p50__psi0p75,hardzero_plus_depr,0.06,35,431,0.0,2,0.1615028,0.16151258,0.99292463,0.101642504,0.101642504,1.0,9.784517e-06,9.6264026e-05,-26.51908,2.1844778,0.7281593,0.14400001,0.0,0.16524456,8.580007,8.600007,1382400
hardzero_plus_depr__c0p50__z1p00__lam0p020__nu0p50__psi0p75,hardzero_plus_depr,0.06,35,432,0.0,2,0.16151258,0.16152398,0.91993415,0.12024466,0.12024466,1.0,1.1402897e-05,9.48308e-05,-26.140144,2.0238955,0.67463183,0.192,0.0,0.15496938,8.600007,8.6200075,1385600
hardzero_plus_depr__c0p50__z1p00__lam0p020__nu0p50__psi0p75,hardzero_plus_depr,0.06,35,433,0.0,2,0.16152398,0.16152398,1.0363693,0.0,0.0919667,0.0,0.0,9.341892e-05,-27.57383,2.2800581,0.7600194,0.2,0.0,0.12240522,8.6200075,8.640008,1388800
hardzero_plus_depr__c0p50__z1p00__lam0p020__nu0p50__psi0p75,hardzero_plus_depr,0.06,35,434,0.0,2,0.16152398,0.16152398,1.0684044,0.0,0.08542709,0.0,0.0,9.2028065e-05,-28.416584,2.3505366,0.78351223,0.104,0.0,0.16819407,8.640008,8.660008,1392000
hardzero_plus_depr__c0p50__z1p00__lam0p020__nu0p50__psi0p75,hardzero_plus_depr,0.06,35,435,0.0,2,0.16152398,0.16152398,1.0463405,0.0,0.08987928,0.0,0.0,9.0657915e-05,-28.102205,2.301995,0.7673317,0.16000001,0.0,0.16674165,8.660008,8.680009,1395200
hardzero_plus_depr__c0p50__z1p00__lam0p020__nu0p50__psi0p75,hardzero_plus_depr,0.06,35,436,0.0,2,0.16152398,0.16153331,0.9813063,0.10439836,0.10439836,1.0,9.323627e-06,8.930817e-05,-26.658375,2.158917,0.719639,0.216,0.0,0.14719544,8.680009,8.700009,1398400
hardzero_plus_depr__c0p50__z1p00__lam0p020__nu0p50__psi0p75,hardzero_plus_depr,0.06,35,437,0.0,2,0.16153331,0.16153331,1.0190263,0.0,0.09571361,0.0,0.0,8.797851e-05,-27.006609,2.2419026,0.74730086,0.16000001,0.0,0.15513359,8.700009,8.72001,1401600
hardzero_plus_depr__c0p50__z1p00__lam0p020__nu0p50__psi0p75,hardzero_plus_depr,0.06,35,438,0.0,2,0.16153331,0.16153331,1.0071464,0.0,0.098367944,0.0,0.0,8.6668646e-05,-27.340797,2.2157662,0.73858875,0.16800001,0.0,0.15106075,8.72001,8.74001,1404800
hardzero_plus_depr__c0p50__z1p00__lam0p020__nu0p50__psi0p75,hardzero_plus_depr,0.06,35,439,0.0,2,0.16153331,0.16153331,1.0342718,0.0,0.09241194,0.0,0.0,8.537829e-05,-27.702171,2.2754436,0.7584812,0.14400001,0.008,0.15796395,8.74001,8.760011,1408000
hardzero_plus_depr__c0p50__z1p00__lam0p020__nu0p50__psi0p75,hardzero_plus_depr,0.06,35,440,0.0,2,0.16153331,0.1615418,0.9954294,0.101057984,0.101057984,1.0,8.499699e-06,8.410715e-05,-26.161509,2.1899884,0.72999614,0.16800001,0.0,0.15849221,8.760011,8.780011,1411200
hardzero_plus_depr__c0p50__z1p00__lam0p020__nu0p50__psi0p75,hardzero_plus_depr,0.06,35,441,0.0,2,0.1615418,0.16155012,0.998617,0.10031896,0.10031896,1.0,8.31192e-06,8.285493e-05,-27.618845,2.1970012,0.7323338,0.128,0.0,0.14611118,8.780011,8.800012,1414400
hardzero_plus_depr__c0p50__z1p00__lam0p020__nu0p50__psi0p75,hardzero_plus_depr,0.06,35,442,0.0,2,0.16155012,0.16155012,1.0660182,0.0,0.08589774,0.0,0.0,8.162134e-05,-28.160027,2.3452868,0.7817623,0.099999994,0.0,0.15331864,8.800012,8.820012,1417600
hardzero_plus_depr__c0p50__z1p00__lam0p020__nu0p50__psi0p75,hardzero_plus_depr,0.06,35,443,0.0,2,0.16155012,0.16155012,1.0359952,0.0,0.09204596,0.0,0.0,8.0406135e-05,-27.437904,2.2792351,0.75974506,0.16000001,0.0,0.1801202,8.820012,8.840013,1420800
hardzero_plus_depr__c0p50__z1p00__lam0p020__nu0p50__psi0p75,hardzero_plus_depr,0.06,35,444,0.0,2,0.16155012,0.16155012,1.0518178,0.0,0.08875282,0.0,0.0,7.920902e-05,-27.92969,2.3140454,0.7713485,0.15200001,0.0,0.15467335,8.840013,8.860013,1424000
hardzero_plus_depr__c0p50__z1p00__lam0p020__nu0p50__psi0p75,hardzero_plus_depr,0.06,35,445,0.0,2,0.16155012,0.16155796,0.9977799,0.1005125,0.1005125,1.0,7.842963e-06,7.802973e-05,-27.106173,2.1951597,0.7317199,0.136,0.0,0.14975296,8.860013,8.880013,1427200
hardzero_plus_depr__c0p50__z1p00__lam0p020__nu0p50__psi0p75,hardzero_plus_depr,0.06,35,446,0.0,2,0.16155796,0.16156654,0.95189935,0.11171222,0.11171222,1.0,8.587093e-06,7.686799e-05,-26.271267,2.0942204,0.6980735,0.16000001,0.0,0.13240623,8.880013,8.900014,1430400
hardzero_plus_depr__c0p50__z1p00__lam0p020__nu0p50__psi0p75,hardzero_plus_depr,0.06,35,447,0.0,2,0.16156654,0.16157433,0.9877287,0.10286587,0.10286587,1.0,7.789368e-06,7.572355e-05,-26.578066,2.1730466,0.7243489,0.120000005,0.0,0.17315428,8.900014,8.920014,1433600
hardzero_plus_depr__c0p50__z1p00__lam0p020__nu0p50__psi0p75,hardzero_plus_depr,0.06,35,448,0.0,2,0.16157433,0.16158181,0.99883807,0.10026791,0.10026791,1.0,7.4795994e-06,7.4596144e-05,-26.242949,2.1974876,0.7324959,0.17600001,0.0,0.13887851,8.920014,8.940015,1436800
hardzero_plus_depr__c0p50__z1p00__lam0p020__nu0p50__psi0p75,hardzero_plus_depr,0.06,35,449,0.0,2,0.16158181,0.16158956,0.97687125,0.105469935,0.105469935,1.0,7.750514e-06,7.348553e-05,-27.188917,2.1491597,0.71638656,0.224,0.0,0.16956243,8.940015,8.960015,1440000
hardzero_plus_depr__c0p50__z1p00__lam0p020__nu0p50__psi0p75,hardzero_plus_depr,0.06,35,450,0.0,2,0.16158956,0.16158956,1.0513542,0.0,0.08884763,0.0,0.0,7.239144e-05,-28.219189,2.3130255,0.7710085,0.15200001,0.0,0.14627853,8.960015,8.980016,1443200
hardzero_plus_depr__c0p50__z1p00__lam0p020__nu0p50__psi0p75,hardzero_plus_depr,0.06,35,451,0.0,2,0.16158956,0.16158956,1.0391612,0.0,0.09137739,0.0,0.0,7.1313654e-05,-26.963087,2.2862003,0.7620668,0.16800001,0.0,0.16460954,8.980016,9.000016,1446400
hardzero_plus_depr__c0p50__z1p00__lam0p020__nu0p50__psi0p75,hardzero_plus_depr,0.06,35,452,0.0,2,0.16158956,0.16158956,1.0498778,0.0,0.089150175,0.0,0.0,7.025191e-05,-27.477499,2.3097773,0.7699258,0.16000001,0.0,0.16434622,9.000016,9.020017,1449600
hardzero_plus_depr__c0p50__z1p00__lam0p020__nu0p50__psi0p75,hardzero_plus_depr,0.06,35,453,0.0,2,0.16158956,0.16158956,1.0291414,0.0,0.09351011,0.0,0.0,6.920596e-05,-27.25419,2.2641563,0.7547188,0.17600001,0.0,0.13399617,9.020017,9.040017,1452800
hardzero_plus_depr__c0p50__z1p00__lam0p020__nu0p50__psi0p75,hardzero_plus_depr,0.06,35,454,0.0,2,0.16158956,0.16158956,1.0202303,0.0,0.09544863,0.0,0.0,6.81756e-05,-27.532312,2.2445514,0.74818385,0.16000001,0.0,0.16113083,9.040017,9.060018,1456000
hardzero_plus_depr__c0p50__z1p00__lam0p020__nu0p50__psi0p75,hardzero_plus_depr,0.06,35,455,0.0,2,0.16158956,0.16158956,1.0074813,0.0,0.098292105,0.0,0.0,6.7160574e-05,-27.123343,2.2165031,0.7388344,0.11,0.0,0.13621892,9.060018,9.080018,1459200
hardzero_plus_depr__c0p50__z1p00__lam0p020__nu0p50__psi0p75,hardzero_plus_depr,0.06,35,456,0.0,2,0.16158956,0.16158956,1.0163563,0.0,0.09630386,0.0,0.0,6.616066e-05,-26.895823,2.2360287,0.7453429,0.136,0.0,0.13634568,9.080018,9.1000185,1462400
hardzero_plus_depr__c0p50__z1p00__lam0p020__nu0p50__psi0p75,hardzero_plus_depr,0.06,35,457,0.0,2,0.16158956,0.16158956,1.0090878,0.0,0.09792919,0.0,0.0,6.5175635e-05,-27.29243,2.2200375,0.7400125,0.16000001,0.0,0.15139274,9.1000185,9.120019,1465600
hardzero_plus_depr__c0p50__z1p00__lam0p020__nu0p50__psi0p75,hardzero_plus_depr,0.06,35,458,0.0,2,0.16158956,0.16158956,1.0112485,0.0,0.097443186,0.0,0.0,6.420527e-05,-27.078344,2.224791,0.74159706,0.120000005,0.0,0.16852564,9.120019,9.140019,1468800
hardzero_plus_depr__c0p50__z1p00__lam0p020__nu0p50__psi0p75,hardzero_plus_depr,0.06,35,459,0.0,2,0.16158956,0.16159593,0.9977192,0.10052654,0.10052654,1.0,6.35824e-06,6.324937e-05,-26.614431,2.1950262,0.7316754,0.208,0.008,0.14761809,9.140019,9.16002,1472000
hardzero_plus_depr__c0p50__z1p00__lam0p020__nu0p50__psi0p75,hardzero_plus_depr,0.06,35,460,0.0,2,0.16159593,0.16159593,1.0362816,0.0,0.0919853,0.0,0.0,6.2307685e-05,-28.072027,2.279865,0.75995505,0.17600001,0.0,0.16144758,9.16002,9.18002,1475200
hardzero_plus_depr__c0p50__z1p00__lam0p020__nu0p50__psi0p75,hardzero_plus_depr,0.06,35,461,0.0,2,0.16159593,0.1616024,0.9771272,0.10540781,0.10540781,1.0,6.469934e-06,6.138002e-05,-26.393091,2.1497228,0.7165743,0.15200001,0.0,0.14689246,9.18002,9.200021,1478400
hardzero_plus_depr__c0p50__z1p00__lam0p020__nu0p50__psi0p75,hardzero_plus_depr,0.06,35,462,0.0,2,0.1616024,0.1616024,1.0885583,0.0,0.08155333,0.0,0.0,6.046617e-05,-28.088482,2.394876,0.79829204,0.15200001,0.0,0.17973955,9.200021,9.220021,1481600
hardzero_plus_depr__c0p50__z1p00__lam0p020__nu0p50__psi0p75,hardzero_plus_depr,0.06,35,463,0.0,2,0.1616024,0.1616024,1.0255915,0.0,0.09427759,0.0,0.0,5.9565922e-05,-27.316036,2.2563462,0.7521154,0.16800001,0.0,0.16128501,9.220021,9.240022,1484800
hardzero_plus_depr__c0p50__z1p00__lam0p020__nu0p50__psi0p75,hardzero_plus_depr,0.06,35,464,0.0,2,0.1616024,0.1616024,1.022842,0.0,0.094876334,0.0,0.0,5.8679085e-05,-27.812904,2.2502975,0.7500992,0.18400002,0.0,0.16242841,9.240022,9.260022,1488000
hardzero_plus_depr__c0p50__z1p00__lam0p020__nu0p50__psi0p75,hardzero_plus_depr,0.06,35,465,0.0,2,0.1616024,0.1616024,1.0067213,0.0,0.09846429,0.0,0.0,5.7805446e-05,-26.686243,2.214831,0.7382771,0.112,0.0,0.13987003,9.260022,9.280023,1491200
hardzero_plus_depr__c0p50__z1p00__lam0p020__nu0p50__psi0p75,hardzero_plus_depr,0.06,35,466,0.0,2,0.1616024,0.16160831,0.9838066,0.10379907,0.10379907,1.0,5.910819e-06,5.6944817e-05,-26.570261,2.1644177,0.7214726,0.128,0.0,0.1371125,9.280023,9.300023,1494400
hardzero_plus_depr__c0p50__z1p00__lam0p020__nu0p50__psi0p75,hardzero_plus_depr,0.06,35,467,0.0,2,0.16160831,0.16161431,0.9702442,0.1070917,0.1070917,1.0,6.0075226e-06,5.6096997e-05,-26.222027,2.13458,0.71152663,0.16000001,0.0,0.12135788,9.300023,9.320024,1497600
hardzero_plus_depr__c0p50__z1p00__lam0p020__nu0p50__psi0p75,hardzero_plus_depr,0.06,35,468,0.0,2,0.16161431,0.16161431,1.0117348,0.0,0.09733413,0.0,0.0,5.5261804e-05,-26.752922,2.225861,0.74195373,0.19,0.0,0.15425456,9.320024,9.340024,1500800
hardzero_plus_depr__c0p50__z1p00__lam0p020__nu0p50__psi0p75,hardzero_plus_depr,0.06,35,469,0.0,2,0.16161431,0.16161431,1.0185764,0.0,0.09581281,0.0,0.0,5.4439042e-05,-26.801727,2.2409127,0.7469709,0.128,0.0,0.14392029,9.340024,9.360024,1504000
hardzero_plus_depr__c0p50__z1p00__lam0p020__nu0p50__psi0p75,hardzero_plus_depr,0.06,35,470,0.0,2,0.16161431,0.16161431,1.033864,0.0,0.09249877,0.0,0.0,5.3628533e-05,-27.25784,2.2745464,0.75818217,0.128,0.0,0.12776461,9.360024,9.380025,1507200
hardzero_plus_depr__c0p50__z1p00__lam0p020__nu0p50__psi0p75,hardzero_plus_depr,0.06,35,471,0.0,2,0.16161431,0.16161431,1.0304852,0.0,0.093221225,0.0,0.0,5.283009e-05,-26.849556,2.2671125,0.75570416,0.08800001,0.0,0.1428757,9.380025,9.400025,1510400
hardzero_plus_depr__c0p50__z1p00__lam0p020__nu0p50__psi0p75,hardzero_plus_depr,0.06,35,472,0.0,2,0.16161431,0.16161986,0.97287273,0.10644548,0.10644548,1.0,5.5397986e-06,5.204353e-05,-26.122177,2.1403627,0.71345425,0.216,0.0,0.15021336,9.400025,9.420026,1513600
hardzero_plus_depr__c0p50__z1p00__lam0p020__nu0p50__psi0p75,hardzero_plus_depr,0.06,35,473,0.0,2,0.16161986,0.16161986,1.0063668,0.0,0.09854468,0.0,0.0,5.126869e-05,-26.7379,2.2140512,0.7380171,0.16000001,0.008,0.15542062,9.420026,9.440026,1516800
hardzero_plus_depr__c0p50__z1p00__lam0p020__nu0p50__psi0p75,hardzero_plus_depr,0.06,35,474,0.0,2,0.16161986,0.16162494,0.99678206,0.1007437,0.1007437,1.0,5.088099e-06,5.050538e-05,-27.194687,2.1929643,0.73098814,0.15200001,0.0,0.14725178,9.440026,9.460027,1520000
hardzero_plus_depr__c0p50__z1p00__lam0p020__nu0p50__psi0p75,hardzero_plus_depr,0.06,35,475,0.0,2,0.16162494,0.16162494,1.0697036,0.0,0.08517192,0.0,0.0,4.975344e-05,-27.53611,2.353395,0.784465,0.16000001,0.0,0.17667554,9.460027,9.480027,1523200
hardzero_plus_depr__c0p50__z1p00__lam0p020__nu0p50__psi0p75,hardzero_plus_depr,0.06,35,476,0.0,2,0.16162494,0.16162494,1.0377603,0.0,0.09167263,0.0,0.0,4.9012688e-05,-27.793682,2.2831182,0.76103944,0.096,0.0,0.16554077,9.480027,9.500028,1526400
hardzero_plus_depr__c0p50__z1p00__lam0p020__nu0p50__psi0p75,hardzero_plus_depr,0.06,35,477,0.0,2,0.16162494,0.16162494,1.0111542,0.0,0.09746436,0.0,0.0,4.8282964e-05,-27.119783,2.2245836,0.7415279,0.16000001,0.0,0.16148756,9.500028,9.520028,1529600
hardzero_plus_depr__c0p50__z1p00__lam0p020__nu0p50__psi0p75,hardzero_plus_depr,0.06,35,478,0.0,2,0.16162494,0.16162972,0.99772143,0.10052604,0.10052604,1.0,4.781432e-06,4.756411e-05,-27.780653,2.195031,0.731677,0.208,0.0,0.14783992,9.520028,9.540029,1532800
hardzero_plus_depr__c0p50__z1p00__lam0p020__nu0p50__psi0p75,hardzero_plus_depr,0.06,35,479,0.0,2,0.16162972,0.16162972,1.0322374,0.0,0.09284586,0.0,0.0,4.685596e-05,-28.314482,2.2709677,0.75698924,0.104,0.0,0.18211536,9.540029,9.560029,1536000
hardzero_plus_depr__c0p50__z1p00__lam0p020__nu0p50__psi0p75,hardzero_plus_depr,0.06,35,480,0.0,2,0.16162972,0.16162972,1.045962,0.0,0.08995763,0.0,0.0,4.615835e-05,-27.94839,2.3011622,0.7670541,0.16000001,0.0,0.16467081,9.560029,9.5800295,1539200
hardzero_plus_depr__c0p50__z1p00__lam0p020__nu0p50__psi0p75,hardzero_plus_depr,0.06,35,481,0.0,2,0.16162972,0.16162972,1.0066316,0.0,0.09848462,0.0,0.0,4.5471126e-05,-27.479593,2.2146337,0.7382113,0.19999999,0.0,0.15157905,9.5800295,9.60003,1542400
hardzero_plus_depr__c0p50__z1p00__lam0p020__nu0p50__psi0p75,hardzero_plus_depr,0.06,35,482,0.0,2,0.16162972,0.16162972,1.0652777,0.0,0.08604434,0.0,0.0,4.479413e-05,-28.28844,2.3436577,0.78121924,0.2,0.0,0.16491716,9.60003,9.62003,1545600
hardzero_plus_depr__c0p50__z1p00__lam0p020__nu0p50__psi0p75,hardzero_plus_depr,0.06,35,483,0.0,2,0.16162972,0.16162972,1.0004455,0.0,0.09989748,0.0,0.0,4.4127217e-05,-26.165789,2.201024,0.7336747,0.120000005,0.0,0.15428557,9.62003,9.640031,1548800
hardzero_plus_depr__c0p50__z1p00__lam0p020__nu0p50__psi0p75,hardzero_plus_depr,0.06,35,484,0.0,2,0.16162972,0.16162972,1.0126786,0.0,0.09712283,0.0,0.0,4.3470234e-05,-27.32557,2.2279375,0.74264586,0.15200001,0.0,0.18007149,9.640031,9.660031,1552000
hardzero_plus_depr__c0p50__z1p00__lam0p020__nu0p50__psi0p75,hardzero_plus_depr,0.06,35,485,0.0,2,0.16162972,0.16162972,1.0581249,0.0,0.08747321,0.0,0.0,4.2823034e-05,-27.409773,2.3279214,0.7759738,0.14400001,0.0,0.16228554,9.660031,9.680032,1555200
hardzero_plus_depr__c0p50__z1p00__lam0p020__nu0p50__psi0p75,hardzero_plus_depr,0.06,35,486,0.0,2,0.16162972,0.16163401,0.99252,0.101737246,0.101737246,1.0,4.291833e-06,4.2185467e-05,-27.092972,2.1835876,0.72786254,0.128,0.0,0.15481983,9.680032,9.700032,1558400
hardzero_plus_depr__c0p50__z1p00__lam0p020__nu0p50__psi0p75,hardzero_plus_depr,0.06,35,487,0.0,2,0.16163401,0.16163401,1.0049586,0.0,0.09886473,0.0,0.0,4.1557392e-05,-27.094254,2.2109532,0.73698443,0.2,0.0,0.17310442,9.700032,9.720033,1561600
hardzero_plus_depr__c0p50__z1p00__lam0p020__nu0p50__psi0p75,hardzero_plus_depr,0.06,35,488,0.0,2,0.16163401,0.16163401,1.0531905,0.0,0.08847275,0.0,0.0,4.0938667e-05,-28.592213,2.3170652,0.7723551,0.128,0.0,0.15753761,9.720033,9.740033,1564800
hardzero_plus_depr__c0p50__z1p00__lam0p020__nu0p50__psi0p75,hardzero_plus_depr,0.06,35,489,0.0,2,0.16163401,0.16163808,0.9969148,0.10071292,0.10071292,1.0,4.0616674e-06,4.032916e-05,-26.405504,2.1932564,0.7310855,0.18400002,0.008,0.14658374,9.740033,9.760034,1568000
hardzero_plus_depr__c0p50__z1p00__lam0p020__nu0p50__psi0p75,hardzero_plus_depr,0.06,35,490,0.0,2,0.16163808,0.16164215,0.990156,0.10229255,0.10229255,1.0,4.063952e-06,3.972872e-05,-26.588337,2.1783867,0.72612894,0.18400002,0.0,0.13713825,9.760034,9.780034,1571200
hardzero_plus_depr__c0p50__z1p00__lam0p020__nu0p50__psi0p75,hardzero_plus_depr,0.06,35,491,0.0,2,0.16164215,0.16164215,1.0027854,0.0,0.09936068,0.0,0.0,3.9137223e-05,-27.6195,2.206172,0.73539066,0.112,0.0,0.13865042,9.780034,9.8000345,1574400
hardzero_plus_depr__c0p50__z1p00__lam0p020__nu0p50__psi0p75,hardzero_plus_depr,0.06,35,492,0.0,2,0.16164215,0.16164215,1.0429561,0.0,0.090582415,0.0,0.0,3.855453e-05,-28.020218,2.2945492,0.7648498,0.192,0.0,0.18821141,9.8000345,9.820035,1577600
hardzero_plus_depr__c0p50__z1p00__lam0p020__nu0p50__psi0p75,hardzero_plus_depr,0.06,35,493,0.0,2,0.16164215,0.16164628,0.96436507,0.10855127,0.10855127,1.0,4.1228336e-06,3.798052e-05,-26.926228,2.1216455,0.7072152,0.192,0.0,0.15864147,9.820035,9.840035,1580800
hardzero_plus_depr__c0p50__z1p00__lam0p020__nu0p50__psi0p75,hardzero_plus_depr,0.06,35,494,0.0,2,0.16164628,0.16165018,0.98218334,0.10418776,0.10418776,1.0,3.8981902e-06,3.741505e-05,-26.600363,2.1608465,0.7202822,0.26,0.0,0.15304019,9.840035,9.860036,1584000
hardzero_plus_depr__c0p50__z1p00__lam0p020__nu0p50__psi0p75,hardzero_plus_depr,0.06,35,495,0.0,2,0.16165018,0.16165018,1.0516375,0.0,0.08878967,0.0,0.0,3.6857997e-05,-27.814184,2.3136487,0.7712163,0.15200001,0.0,0.15956752,9.860036,9.880036,1587200
hardzero_plus_depr__c0p50__z1p00__lam0p020__nu0p50__psi0p75,hardzero_plus_depr,0.06,35,496,0.0,2,0.16165018,0.16165404,0.9742149,0.10611704,0.10611704,1.0,3.8530293e-06,3.630924e-05,-26.434877,2.1433156,0.71443856,0.16000001,0.0,0.13886969,9.880036,9.900037,1590400
hardzero_plus_depr__c0p50__z1p00__lam0p020__nu0p50__psi0p75,hardzero_plus_depr,0.06,35,497,0.0,2,0.16165404,0.16165404,1.0407476,0.0,0.09104422,0.0,0.0,3.576866e-05,-27.560104,2.2896905,0.7632302,0.15200001,0.0,0.1599283,9.900037,9.920037,1593600
hardzero_plus_depr__c0p50__z1p00__lam0p020__nu0p50__psi0p75,hardzero_plus_depr,0.06,35,498,0.0,2,0.16165404,0.16165404,1.0107933,0.0,0.09754537,0.0,0.0,3.523612e-05,-26.952621,2.2237897,0.7412633,0.16000001,0.0,0.15635265,9.920037,9.940038,1596800
hardzero_plus_depr__c0p50__z1p00__lam0p020__nu0p50__psi0p75,hardzero_plus_depr,0.06,35,499,0.0,2,0.16165404,0.16165404,1.0031358,0.0,0.09928055,0.0,0.0,3.471151e-05,-26.404202,2.2069428,0.7356476,0.14400001,0.0,0.16861574,9.940038,9.960038,1600000
hardzero_plus_depr__c0p50__z1p00__lam0p020__nu0p50__psi0p75,hardzero_plus_depr,0.06,35,500,0.0,2,0.16165404,0.16165404,1.0766531,0.0,0.08381985,0.0,0.0,3.4194705e-05,-28.955357,2.3686843,0.78956145,0.120000005,0.0,0.15837604,9.960038,9.980039,1603200
hardzero_plus_depr__c0p50__z1p00__lam0p020__nu0p50__psi0p75,hardzero_plus_depr,0.06,35,501,0.0,2,0.16165404,0.16165747,0.99197096,0.10186594,0.10186594,1.0,3.4314155e-06,3.3685603e-05,-27.012362,2.1823797,0.7274599,0.216,0.0,0.15733531,9.980039,10.000039,1606400
hardzero_plus_depr__c0p50__z1p00__lam0p020__nu0p50__psi0p75,hardzero_plus_depr,0.06,35,502,0.0,2,0.16165747,0.16165747,1.0134387,0.0,0.096953,0.0,0.0,3.318408e-05,-27.08964,2.2296097,0.7432033,0.16800001,0.0,0.14154322,10.000039,10.02004,1609600
hardzero_plus_depr__c0p50__z1p00__lam0p020__nu0p50__psi0p75,hardzero_plus_depr,0.06,35,503,0.0,2,0.16165747,0.16165747,1.0265508,0.0,0.09406959,0.0,0.0,3.2690023e-05,-27.553514,2.2584567,0.75281894,0.192,0.0,0.16969082,10.02004,10.04004,1612800
hardzero_plus_depr__c0p50__z1p00__lam0p020__nu0p50__psi0p75,hardzero_plus_depr,0.06,35,504,0.0,2,0.16165747,0.16166097,0.9637342,0.10870908,0.10870908,1.0,3.5007934e-06,3.220332e-05,-27.101418,2.1202576,0.70675254,0.16800001,0.0,0.16459134,10.04004,10.06004,1616000
hardzero_plus_depr__c0p50__z1p00__lam0p020__nu0p50__psi0p75,hardzero_plus_depr,0.06,35,505,0.0,2,0.16166097,0.16166432,0.975903,0.10570536,0.10570536,1.0,3.3533827e-06,3.1723866e-05,-26.303513,2.1470294,0.7156765,0.216,0.008,0.1617952,10.06004,10.080041,1619200
hardzero_plus_depr__c0p50__z1p00__lam0p020__nu0p50__psi0p75,hardzero_plus_depr,0.06,35,506,0.0,2,0.16166432,0.16166432,1.0298944,0.0,0.09334813,0.0,0.0,3.1251548e-05,-27.124052,2.2658129,0.75527096,0.136,0.0,0.15443306,10.080041,10.100041,1622400
hardzero_plus_depr__c0p50__z1p00__lam0p020__nu0p50__psi0p75,hardzero_plus_depr,0.06,35,507,0.0,2,0.16166432,0.16166432,1.0088549,0.0,0.097981736,0.0,0.0,3.078626e-05,-27.65817,2.219525,0.7398417,0.19999999,0.0,0.16101006,10.100041,10.120042,1625600
hardzero_plus_depr__c0p50__z1p00__lam0p020__nu0p50__psi0p75,hardzero_plus_depr,0.06,35,508,0.0,2,0.16166432,0.16166742,0.9898217,0.10237133,0.10237133,1.0,3.104708e-06,3.0327905e-05,-27.277723,2.1776512,0.7258837,0.112,0.0,0.14436,10.120042,10.140042,1628800
hardzero_plus_depr__c0p50__z1p00__lam0p020__nu0p50__psi0p75,hardzero_plus_depr,0.06,35,509,0.0,2,0.16166742,0.16166742,1.0258695,0.0,0.09421726,0.0,0.0,2.9876372e-05,-28.24445,2.256958,0.75231934,0.16000001,0.0,0.14665942,10.140042,10.160043,1632000
hardzero_plus_depr__c0p50__z1p00__lam0p020__nu0p50__psi0p75,hardzero_plus_depr,0.06,35,510,0.0,2,0.16166742,0.16166742,1.0255467,0.0,0.09428733,0.0,0.0,2.9431558e-05,-27.195255,2.2562478,0.7520826,0.18400002,0.0,0.12815261,10.160043,10.180043,1635200
hardzero_plus_depr__c0p50__z1p00__lam0p020__nu0p50__psi0p75,hardzero_plus_depr,0.06,35,511,0.0,2,0.16166742,0.16167039,0.9902058,0.10228082,0.10228082,1.0,2.9654657e-06,2.899337e-05,-27.211548,2.1784964,0.7261655,0.16000001,0.0,0.13978069,10.180043,10.200044,1638400
hardzero_plus_depr__c0p50__z1p00__lam0p020__nu0p50__psi0p75,hardzero_plus_depr,0.06,35,512,0.0,2,0.16167039,0.16167039,1.0161242,0.0,0.09635532,0.0,0.0,2.8561704e-05,-27.25603,2.235518,0.7451727,0.096,0.0,0.13290529,10.200044,10.220044,1641600
hardzero_plus_depr__c0p50__z1p00__lam0p020__nu0p50__psi0p75,hardzero_plus_depr,0.06,35,513,0.0,2,0.16167039,0.16167358,0.94622654,0.11318097,0.11318097,1.0,3.1845127e-06,2.8136466e-05,-25.655975,2.08174,0.69391334,0.192,0.0,0.14265187,10.220044,10.240045,1644800
hardzero_plus_depr__c0p50__z1p00__lam0p020__nu0p50__psi0p75,hardzero_plus_depr,0.06,35,514,0.0,2,0.16167358,0.16167639,0.9936141,0.10148128,0.10148128,1.0,2.8128136e-06,2.771756e-05,-27.087603,2.1859946,0.7286649,0.15200001,0.0,0.16113618,10.240045,10.260045,1648000
hardzero_plus_depr__c0p50__z1p00__lam0p020__nu0p50__psi0p75,hardzero_plus_depr,0.06,35,515,0.0,2,0.16167639,0.16167639,1.0363187,0.0,0.091977455,0.0,0.0,2.730489e-05,-27.855043,2.2799466,0.7599822,0.14400001,0.0,0.13668177,10.260045,10.2800455,1651200
hardzero_plus_depr__c0p50__z1p00__lam0p020__nu0p50__psi0p75,hardzero_plus_depr,0.06,35,516,0.0,2,0.16167639,0.16167639,1.0290449,0.0,0.0935309,0.0,0.0,2.6898364e-05,-27.1222,2.263944,0.754648,0.2,0.0,0.16043374,10.2800455,10.300046,1654400
hardzero_plus_depr__c0p50__z1p00__lam0p020__nu0p50__psi0p75,hardzero_plus_depr,0.06,35,517,0.0,2,0.16167639,0.16167639,1.0033162,0.0,0.09923932,0.0,0.0,2.649789e-05,-26.488258,2.2073395,0.7357799,0.17600001,0.0,0.13908008,10.300046,10.320046,1657600
hardzero_plus_depr__c0p50__z1p00__lam0p020__nu0p50__psi0p75,hardzero_plus_depr,0.06,35,518,0.0,2,0.16167639,0.16167933,0.94944316,0.1123458,0.1123458,1.0,2.9326052e-06,2.610338e-05,-25.37155,2.0888166,0.69627225,0.16000001,0.0,0.123561405,10.320046,10.340047,1660800
hardzero_plus_depr__c0p50__z1p00__lam0p020__nu0p50__psi0p75,hardzero_plus_depr,0.06,35,519,0.0,2,0.16167933,0.16168208,0.96899796,0.10739945,0.10739945,1.0,2.761749e-06,2.5714742e-05,-26.497774,2.131838,0.7106127,0.192,0.0,0.14557819,10.340047,10.360047,1664000
hardzero_plus_depr__c0p50__z1p00__lam0p020__nu0p50__psi0p75,hardzero_plus_depr,0.06,35,520,0.0,2,0.16168208,0.16168208,1.0260177,0.0,0.09418512,0.0,0.0,2.533189e-05,-28.275434,2.257284,0.752428,0.22999999,0.0,0.16396564,10.360047,10.380048,1667200
hardzero_plus_depr__c0p50__z1p00__lam0p020__nu0p50__psi0p75,hardzero_plus_depr,0.06,35,521,0.0,2,0.16168208,0.16168208,1.0305793,0.0,0.09320103,0.0,0.0,2.4954737e-05,-28.412485,2.26732,0.7557733,0.192,0.0,0.15840393,10.380048,10.400048,1670400
hardzero_plus_depr__c0p50__z1p00__lam0p020__nu0p50__psi0p75,hardzero_plus_depr,0.06,35,522,0.0,2,0.16168208,0.16168486,0.9483354,0.112632714,0.112632714,1.0,2.768873e-06,2.4583203e-05,-25.374056,2.0863795,0.69545984,0.16000001,0.0,0.12664223,10.400048,10.420049,1673600
hardzero_plus_depr__c0p50__z1p00__lam0p020__nu0p50__psi0p75,hardzero_plus_depr,0.06,35,523,0.0,2,0.16168486,0.16168486,1.0018038,0.0,0.09958553,0.0,0.0,2.42172e-05,-26.879807,2.2040122,0.73467076,0.14400001,0.0,0.1444696,10.420049,10.440049,1676800
hardzero_plus_depr__c0p50__z1p00__lam0p020__nu0p50__psi0p75,hardzero_plus_depr,0.06,35,524,0.0,2,0.16168486,0.16168486,1.0086044,0.0,0.09803826,0.0,0.0,2.3856644e-05,-27.151442,2.218974,0.73965806,0.136,0.0,0.123493455,10.440049,10.46005,1680000
hardzero_plus_depr__c0p50__z1p00__lam0p020__nu0p50__psi0p75,hardzero_plus_depr,0.06,35,525,0.0,2,0.16168486,0.16168721,0.99928576,0.10016459,0.10016459,1.0,2.3540138e-06,2.3501456e-05,-26.648733,2.1984725,0.7328242,0.14400001,0.0,0.138609,10.46005,10.48005,1683200
hardzero_plus_depr__c0p50__z1p00__lam0p020__nu0p50__psi0p75,hardzero_plus_depr,0.06,35,526,0.0,2,0.16168721,0.16168955,0.99600536,0.10092403,0.10092403,1.0,2.3365485e-06,2.3151557e-05,-27.648907,2.1912556,0.73041856,0.208,0.0,0.15643832,10.48005,10.500051,1686400
hardzero_plus_depr__c0p50__z1p00__lam0p020__nu0p50__psi0p75,hardzero_plus_depr,0.06,35,527,0.0,2,0.16168955,0.16168955,1.0104469,0.0,0.09762319,0.0,0.0,2.2806867e-05,-27.19431,2.2230275,0.7410092,0.18400002,0.0,0.16185732,10.500051,10.520051,1689600
hardzero_plus_depr__c0p50__z1p00__lam0p020__nu0p50__psi0p75,hardzero_plus_depr,0.06,35,528,0.0,2,0.16168955,0.16168955,1.0680888,0.0,0.08548918,0.0,0.0,2.246731e-05,-28.17383,2.3498423,0.7832808,0.136,0.0,0.14592022,10.520051,10.540051,1692800
hardzero_plus_depr__c0p50__z1p00__lam0p020__nu0p50__psi0p75,hardzero_plus_depr,0.06,35,529,0.0,2,0.16168955,0.16169189,0.97493553,0.10594109,0.10594109,1.0,2.3447737e-06,2.2132808e-05,-26.914248,2.144901,0.714967,0.2,0.0,0.13433264,10.540051,10.560052,1696000
hardzero_plus_depr__c0p50__z1p00__lam0p020__nu0p50__psi0p75,hardzero_plus_depr,0.06,35,530,0.0,2,0.16169189,0.16169189,1.0190662,0.0,0.09570481,0.0,0.0,2.1803284e-05,-26.714895,2.2419903,0.7473301,0.120000005,0.0,0.12623328,10.560052,10.580052,1699200
hardzero_plus_depr__c0p50__z1p00__lam0p020__nu0p50__psi0p75,hardzero_plus_depr,0.06,35,531,0.0,2,0.16169189,0.16169189,1.0030987,0.0,0.09928902,0.0,0.0,2.1478669e-05,-27.392593,2.2068613,0.73562044,0.120000005,0.0,0.14726013,10.580052,10.600053,1702400
hardzero_plus_depr__c0p50__z1p00__lam0p020__nu0p50__psi0p75,hardzero_plus_depr,0.06,35,532,0.0,2,0.16169189,0.16169189,1.0086695,0.0,0.098023556,0.0,0.0,2.1158885e-05,-27.036623,2.2191172,0.73970574,0.096,0.0,0.15673698,10.600053,10.620053,1705600
hardzero_plus_depr__c0p50__z1p00__lam0p020__nu0p50__psi0p75,hardzero_plus_depr,0.06,35,533,0.0,2,0.16169189,0.16169189,1.0373614,0.0,0.091756865,0.0,0.0,2.0843865e-05,-27.810913,2.2822406,0.7607469,0.17,0.0,0.16602533,10.620053,10.640054,1708800
hardzero_plus_depr__c0p50__z1p00__lam0p020__nu0p50__psi0p75,hardzero_plus_depr,0.06,35,534,0.0,2,0.16169189,0.16169189,1.0123653,0.0,0.09719293,0.0,0.0,2.0533533e-05,-26.91627,2.2272482,0.7424161,0.18400002,0.0,0.14331983,10.640054,10.660054,1712000
hardzero_plus_depr__c0p50__z1p00__lam0p020__nu0p50__psi0p75,hardzero_plus_depr,0.06,35,535,0.0,2,0.16169189,0.16169189,1.0483576,0.0,0.08946278,0.0,0.0,2.0227819e-05,-27.98928,2.3064327,0.7688109,0.128,0.0,0.14045338,10.660054,10.680055,1715200
hardzero_plus_depr__c0p50__z1p00__lam0p020__nu0p50__psi0p75,hardzero_plus_depr,0.06,35,536,0.0,2,0.16169189,0.16169189,1.0548245,0.0,0.08814049,0.0,0.0,1.9926661e-05,-27.311476,2.32066,0.7735534,0.128,0.0,0.16353625,10.680055,10.700055,1718400
hardzero_plus_depr__c0p50__z1p00__lam0p020__nu0p50__psi0p75,hardzero_plus_depr,0.06,35,537,0.0,2,0.16169189,0.1616939,0.98975676,0.10238664,0.10238664,1.0,2.0098482e-06,1.9629986e-05,-26.553637,2.1775084,0.72583616,0.23200001,0.0,0.13969111,10.700055,10.720056,1721600
hardzero_plus_depr__c0p50__z1p00__lam0p020__nu0p50__psi0p75,hardzero_plus_depr,0.06,35,538,0.0,2,0.1616939,0.16169596,0.97459656,0.10602382,0.10602382,1.0,2.0502596e-06,1.9337725e-05,-25.69731,2.1441553,0.71471846,0.192,0.0,0.15306516,10.720056,10.740056,1724800
hardzero_plus_depr__c0p50__z1p00__lam0p020__nu0p50__psi0p75,hardzero_plus_depr,0.06,35,539,0.0,2,0.16169596,0.16169596,1.0508078,0.0,0.08895946,0.0,0.0,1.9049818e-05,-27.23462,2.3118234,0.7706078,0.120000005,0.0,0.15449181,10.740056,10.7600565,1728000
hardzero_plus_depr__c0p50__z1p00__lam0p020__nu0p50__psi0p75,hardzero_plus_depr,0.06,35,540,0.0,2,0.16169596,0.16169596,1.0429887,0.0,0.090575635,0.0,0.0,1.8766197e-05,-27.851397,2.2946208,0.7648736,0.16800001,0.0,0.16687168,10.7600565,10.780057,1731200
hardzero_plus_depr__c0p50__z1p00__lam0p020__nu0p50__psi0p75,hardzero_plus_depr,0.06,35,541,0.0,2,0.16169596,0.16169804,0.9481826,0.11267235,0.11267235,1.0,2.0829511e-06,1.8486799e-05,-25.190134,2.0860434,0.6953478,0.16000001,0.0,0.13516422,10.780057,10.800057,1734400
hardzero_plus_depr__c0p50__z1p00__lam0p020__nu0p50__psi0p75,hardzero_plus_depr,0.06,35,542,0.0,2,0.16169804,0.16169804,1.0052261,0.0,0.09880383,0.0,0.0,1.821156e-05,-26.311546,2.2115417,0.7371806,0.16800001,0.0,0.1402025,10.800057,10.820058,1737600
hardzero_plus_depr__c0p50__z1p00__lam0p020__nu0p50__psi0p75,hardzero_plus_depr,0.06,35,543,0.0,2,0.16169804,0.16169804,1.0563377,0.0,0.08783392,0.0,0.0,1.794042e-05,-27.914938,2.3239894,0.77466315,0.15200001,0.0,0.15697217,10.820058,10.840058,1740800
hardzero_plus_depr__c0p50__z1p00__lam0p020__nu0p50__psi0p75,hardzero_plus_depr,0.06,35,544,0.0,2,0.16169804,0.16169804,1.0928847,0.0,0.080744945,0.0,0.0,1.7673314e-05,-27.917025,2.4043941,0.80146474,0.080000006,0.0,0.18364955,10.840058,10.860059,1744000
hardzero_plus_depr__c0p50__z1p00__lam0p020__nu0p50__psi0p75,hardzero_plus_depr,0.06,35,545,0.0,2,0.16169804,0.16169804,1.041498,0.0,0.09088707,0.0,0.0,1.7410186e-05,-27.354385,2.2913413,0.7637805,0.15200001,0.0,0.13848107,10.860059,10.880059,1747200
hardzero_plus_depr__c0p50__z1p00__lam0p020__nu0p50__psi0p75,hardzero_plus_depr,0.06,35,546,0.0,2,0.16169804,0.16169985,0.9766971,0.10551226,0.10551226,1.0,1.8096383e-06,1.7150976e-05,-26.520021,2.1487765,0.7162589,0.25,0.0,0.13111861,10.880059,10.90006,1750400
hardzero_plus_depr__c0p50__z1p00__lam0p020__nu0p50__psi0p75,hardzero_plus_depr,0.06,35,547,0.0,2,0.16169985,0.1617018,0.9362772,0.115803786,0.115803786,1.0,1.9565775e-06,1.6895627e-05,-26.58559,2.059851,0.686617,0.216,0.0,0.13551849,10.90006,10.92006,1753600
hardzero_plus_depr__c0p50__z1p00__lam0p020__nu0p50__psi0p75,hardzero_plus_depr,0.06,35,548,0.0,2,0.1617018,0.1617018,1.0047829,0.0,0.09890474,0.0,0.0,1.6644077e-05,-27.19471,2.2105665,0.7368555,0.216,0.0,0.1713096,10.92006,10.940061,1756800
hardzero_plus_depr__c0p50__z1p00__lam0p020__nu0p50__psi0p75,hardzero_plus_depr,0.06,35,549,0.0,2,0.1617018,0.16170354,0.97242874,0.10655436,0.10655436,1.0,1.7470946e-06,1.6396276e-05,-25.838057,2.139386,0.7131287,0.128,0.0,0.14382812,10.940061,10.960061,1760000
hardzero_plus_depr__c0p50__z1p00__lam0p020__nu0p50__psi0p75,hardzero_plus_depr,0.06,35,550,0.0,2,0.16170354,0.16170354,1.0220554,0.0,0.09504836,0.0,0.0,1.6152158e-05,-28.3813,2.2485669,0.7495223,0.192,0.0,0.13999273,10.960061,10.980062,1763200
hardzero_plus_depr__c0p50__z1p00__lam0p020__nu0p50__psi0p75,hardzero_plus_depr,0.06,35,551,0.0,2,0.16170354,0.16170532,0.9537865,0.11122783,0.11122783,1.0,1.7698218e-06,1.591168e-05,-26.27163,2.0983722,0.6994574,0.24800001,0.0,0.13029397,10.980062,11.000062,1766400
hardzero_plus_depr__c0p50__z1p00__lam0p020__nu0p50__psi0p75,hardzero_plus_depr,0.06,35,552,0.0,2,0.16170532,0.16170532,1.0212263,0.0,0.095229976,0.0,0.0,1.5674781e-05,-27.656897,2.2467427,0.74891424,0.17600001,0.0,0.15175186,11.000062,11.020062,1769600
hardzero_plus_depr__c0p50__z1p00__lam0p020__nu0p50__psi0p75,hardzero_plus_depr,0.06,35,553,0.0,2,0.16170532,0.16170688,0.9953026,0.10108747,0.10108747,1.0,1.5609329e-06,1.5441408e-05,-26.803513,2.1897094,0.72990316,0.17600001,0.0,0.16539983,11.020062,11.040063,1772800
hardzero_plus_depr__c0p50__z1p00__lam0p020__nu0p50__psi0p75,hardzero_plus_depr,0.06,35,554,0.0,2,0.16170688,0.16170846,0.98238736,0.10413881,0.10413881,1.0,1.5841084e-06,1.5211509e-05,-27.437466,2.1612954,0.7204318,0.14400001,0.0,0.15211435,11.040063,11.060063,1776000
hardzero_plus_depr__c0p50__z1p00__lam0p020__nu0p50__psi0p75,hardzero_plus_depr,0.06,35,555,0.0,2,0.16170846,0.16170846,1.0349923,0.0,0.09225877,0.0,0.0,1.4985035e-05,-27.47946,2.2770286,0.75900954,0.208,0.0,0.16788806,11.060063,11.080064,1779200
hardzero_plus_depr__c0p50__z1p00__lam0p020__nu0p50__psi0p75,hardzero_plus_depr,0.06,35,556,0.0,2,0.16170846,0.16170846,1.018145,0.0,0.09590805,0.0,0.0,1.4761933e-05,-26.938437,2.2399635,0.7466545,0.16800001,0.0,0.17930107,11.080064,11.100064,1782400
hardzero_plus_depr__c0p50__z1p00__lam0p020__nu0p50__psi0p75,hardzero_plus_depr,0.06,35,557,0.0,2,0.16170846,0.1617101,0.94971615,0.11227519,0.11227519,1.0,1.6327226e-06,1.454215e-05,-25.51276,2.0894172,0.6964724,0.224,0.0,0.14340933,11.100064,11.120065,1785600
hardzero_plus_depr__c0p50__z1p00__lam0p020__nu0p50__psi0p75,hardzero_plus_depr,0.06,35,558,0.0,2,0.1617101,0.1617116,0.979913,0.10473383,0.10473383,1.0,1.5003793e-06,1.4325641e-05,-26.811705,2.1558516,0.7186172,0.18400002,0.0,0.15883255,11.120065,11.140065,1788800
hardzero_plus_depr__c0p50__z1p00__lam0p020__nu0p50__psi0p75,hardzero_plus_depr,0.06,35,559,0.0,2,0.1617116,0.16171308,0.9789553,0.10496504,0.10496504,1.0,1.4813039e-06,1.41123555e-05,-26.529411,2.1537447,0.71791494,0.17999999,0.0,0.16022484,11.140065,11.160066,1792000
hardzero_plus_depr__c0p50__z1p00__lam0p020__nu0p50__psi0p75,hardzero_plus_depr,0.06,35,560,0.0,2,0.16171308,0.16171308,1.065485,0.0,0.086003274,0.0,0.0,1.3902244e-05,-27.204073,2.3441138,0.7813713,0.15200001,0.0,0.15723807,11.160066,11.180066,1795200
hardzero_plus_depr__c0p50__z1p00__lam0p020__nu0p50__psi0p75,hardzero_plus_depr,0.06,35,561,0.0,2,0.16171308,0.16171446,0.9928401,0.101662286,0.101662286,1.0,1.3922918e-06,1.3695263e-05,-27.25147,2.1842918,0.7280973,0.136,0.0,0.14014791,11.180066,11.200067,1798400
hardzero_plus_depr__c0p50__z1p00__lam0p020__nu0p50__psi0p75,hardzero_plus_depr,0.06,35,562,0.0,2,0.16171446,0.16171588,0.98078924,0.10452274,0.10452274,1.0,1.4101541e-06,1.3491362e-05,-26.574228,2.1577795,0.71925986,0.18400002,0.008,0.16600287,11.200067,11.220067,1801600
hardzero_plus_depr__c0p50__z1p00__lam0p020__nu0p50__psi0p75,hardzero_plus_depr,0.06,35,563,0.0,2,0.16171588,0.16171588,1.0696763,0.0,0.08517726,0.0,0.0,1.3290498e-05,-28.547306,2.353335,0.784445,0.15200001,0.0,0.15447778,11.220067,11.2400675,1804800
hardzero_plus_depr__c0p50__z1p00__lam0p020__nu0p50__psi0p75,hardzero_plus_depr,0.06,35,564,0.0,2,0.16171588,0.16171588,1.0297647,0.0,0.09337602,0.0,0.0,1.3092624e-05,-27.490467,2.2655275,0.7551758,0.120000005,0.0,0.12507978,11.2400675,11.260068,1808000
hardzero_plus_depr__c0p50__z1p00__lam0p020__nu0p50__psi0p75,hardzero_plus_depr,0.06,35,565,0.0,2,0.16171588,0.16171718,0.9987691,0.10028383,0.10028383,1.0,1.2934302e-06,1.2897694e-05,-26.927742,2.197336,0.73244536,0.14400001,0.0,0.13630435,11.260068,11.280068,1811200
hardzero_plus_depr__c0p50__z1p00__lam0p020__nu0p50__psi0p75,hardzero_plus_depr,0.06,35,566,0.0,2,0.16171718,0.16171856,0.9624278,0.10903659,0.10903659,1.0,1.3853828e-06,1.2705669e-05,-26.04071,2.1173835,0.7057945,0.16000001,0.0,0.10651473,11.280068,11.300069,1814400
hardzero_plus_depr__c0p50__z1p00__lam0p020__nu0p50__psi0p75,hardzero_plus_depr,0.06,35,567,0.0,2,0.16171856,0.16171856,1.0157491,0.0,0.096438594,0.0,0.0,1.2516502e-05,-27.322182,2.2346926,0.74489754,0.112,0.008,0.157493,11.300069,11.320069,1817600
hardzero_plus_depr__c0p50__z1p00__lam0p020__nu0p50__psi0p75,hardzero_plus_depr,0.06,35,568,0.0,2,0.16171856,0.16171983,0.98581535,0.10332006,0.10332006,1.0,1.2739521e-06,1.2330152e-05,-26.094261,2.168837,0.7229457,0.216,0.0,0.13650082,11.320069,11.34007,1820800
hardzero_plus_depr__c0p50__z1p00__lam0p020__nu0p50__psi0p75,hardzero_plus_depr,0.06,35,569,0.0,2,0.16171983,0.16172116,0.961507,0.10926799,0.10926799,1.0,1.3272319e-06,1.21465755e-05,-26.567472,2.1153576,0.70511925,0.208,0.0,0.14590845,11.34007,11.36007,1824000
hardzero_plus_depr__c0p50__z1p00__lam0p020__nu0p50__psi0p75,hardzero_plus_depr,0.06,35,570,0.0,2,0.16172116,0.16172239,0.98758113,0.102900825,0.102900825,1.0,1.2312837e-06,1.1965732e-05,-26.78522,2.1727219,0.72424066,0.15200001,0.0,0.1472331,11.36007,11.380071,1827200
hardzero_plus_depr__c0p50__z1p00__lam0p020__nu0p50__psi0p75,hardzero_plus_depr,0.06,35,571,0.0,2,0.16172239,0.16172239,1.0183817,0.0,0.09585577,0.0,0.0,1.1787581e-05,-27.107536,2.2404845,0.7468282,0.128,0.0,0.15168379,11.380071,11.400071,1830400
hardzero_plus_depr__c0p50__z1p00__lam0p020__nu0p50__psi0p75,hardzero_plus_depr,0.06,35,572,0.0,2,0.16172239,0.16172366,0.9637277,0.108710684,0.108710684,1.0,1.2623575e-06,1.1612084e-05,-25.819584,2.1202433,0.7067478,0.14999999,0.0,0.15578711,11.400071,11.420072,1833600
hardzero_plus_depr__c0p50__z1p00__lam0p020__nu0p50__psi0p75,hardzero_plus_depr,0.06,35,573,0.0,2,0.16172366,0.16172366,1.0248672,0.0,0.094434954,0.0,0.0,1.1439198e-05,-27.613281,2.2547529,0.7515843,0.192,0.0,0.13817708,11.420072,11.440072,1836800
hardzero_plus_depr__c0p50__z1p00__lam0p020__nu0p50__psi0p75,hardzero_plus_depr,0.06,35,574,0.0,2,0.16172366,0.16172366,1.0297685,0.0,0.0933752,0.0,0.0,1.1268887e-05,-27.31702,2.2655358,0.75517863,0.17600001,0.0,0.1338018,11.440072,11.4600725,1840000
hardzero_plus_depr__c0p50__z1p00__lam0p020__nu0p50__psi0p75,hardzero_plus_depr,0.06,35,575,0.0,2,0.16172366,0.1617248,0.985392,0.10342084,0.10342084,1.0,1.1480862e-06,1.110111e-05,-26.822744,2.1679056,0.7226352,0.16000001,0.0,0.14197971,11.4600725,11.480073,1843200
hardzero_plus_depr__c0p50__z1p00__lam0p020__nu0p50__psi0p75,hardzero_plus_depr,0.06,35,576,0.0,2,0.1617248,0.16172592,0.99136853,0.10200734,0.10200734,1.0,1.1155353e-06,1.0935833e-05,-26.251984,2.1810544,0.7270181,0.192,0.0,0.16337027,11.480073,11.500073,1846400
hardzero_plus_depr__c0p50__z1p00__lam0p020__nu0p50__psi0p75,hardzero_plus_depr,0.06,35,577,0.0,2,0.16172592,0.16172592,1.0440452,0.0,0.090355545,0.0,0.0,1.0773017e-05,-26.988146,2.2969453,0.7656485,0.14400001,0.0,0.15512021,11.500073,11.520074,1849600
hardzero_plus_depr__c0p50__z1p00__lam0p020__nu0p50__psi0p75,hardzero_plus_depr,0.06,35,578,0.0,2,0.16172592,0.16172707,0.96794534,0.10766008,0.10766008,1.0,1.1425559e-06,1.0612624e-05,-26.427282,2.1295223,0.7098408,0.16000001,0.0,0.13625458,11.520074,11.540074,1852800
hardzero_plus_depr__c0p50__z1p00__lam0p020__nu0p50__psi0p75,hardzero_plus_depr,0.06,35,579,0.0,2,0.16172707,0.16172707,1.0208554,0.0,0.09531134,0.0,0.0,1.0454619e-05,-26.691442,2.2459269,0.7486423,0.104,0.0,0.14257768,11.540074,11.560075,1856000
hardzero_plus_depr__c0p50__z1p00__lam0p020__nu0p50__psi0p75,hardzero_plus_depr,0.06,35,580,0.0,2,0.16172707,0.16172707,1.0127555,0.0,0.09710565,0.0,0.0,1.0298965e-05,-27.028206,2.2281065,0.7427022,0.16800001,0.0,0.15481357,11.560075,11.580075,1859200
hardzero_plus_depr__c0p50__z1p00__lam0p020__nu0p50__psi0p75,hardzero_plus_depr,0.06,35,581,0.0,2,0.16172707,0.1617281,0.99243957,0.101756096,0.101756096,1.0,1.0323798e-06,1.0145631e-05,-27.419535,2.1834106,0.7278036,0.2,0.0,0.16872394,11.580075,11.600076,1862400
hardzero_plus_depr__c0p50__z1p00__lam0p020__nu0p50__psi0p75,hardzero_plus_depr,0.06,35,582,0.0,2,0.1617281,0.1617292,0.9563057,0.1105845,0.1105845,1.0,1.1052454e-06,9.994578e-06,-25.430586,2.1039145,0.70130485,0.112,0.0,0.14419532,11.600076,11.620076,1865600
hardzero_plus_depr__c0p50__z1p00__lam0p020__nu0p50__psi0p75,hardzero_plus_depr,0.06,35,583,0.0,2,0.1617292,0.16173027,0.960254,0.10958369,0.10958369,1.0,1.0789364e-06,9.845775e-06,-26.2396,2.112601,0.7042004,0.18400002,0.0,0.11212359,11.620076,11.640077,1868800
hardzero_plus_depr__c0p50__z1p00__lam0p020__nu0p50__psi0p75,hardzero_plus_depr,0.06,35,584,0.0,2,0.16173027,0.16173126,0.9959089,0.10094646,0.10094646,1.0,9.790987e-07,9.699187e-06,-27.1382,2.1910434,0.7303478,0.17600001,0.0,0.13930482,11.640077,11.660077,1872000
hardzero_plus_depr__c0p50__z1p00__lam0p020__nu0p50__psi0p75,hardzero_plus_depr,0.06,35,585,0.0,2,0.16173126,0.16173126,1.0476475,0.0,0.08960918,0.0,0.0,9.554782e-06,-28.25968,2.3048704,0.76829016,0.17,0.0,0.15816641,11.660077,11.680078,1875200
hardzero_plus_depr__c0p50__z1p00__lam0p020__nu0p50__psi0p75,hardzero_plus_depr,0.06,35,586,0.0,2,0.16173126,0.16173126,1.019237,0.0,0.09566718,0.0,0.0,9.412526e-06,-27.770061,2.2423663,0.7474555,0.16800001,0.008,0.14649568,11.680078,11.700078,1878400
hardzero_plus_depr__c0p50__z1p00__lam0p020__nu0p50__psi0p75,hardzero_plus_depr,0.06,35,587,0.0,2,0.16173126,0.16173227,0.96317697,0.10884863,0.10884863,1.0,1.0092868e-06,9.272389e-06,-26.145576,2.1190317,0.7063439,0.224,0.0,0.119111486,11.700078,11.720078,1881600
hardzero_plus_depr__c0p50__z1p00__lam0p020__nu0p50__psi0p75,hardzero_plus_depr,0.06,35,588,0.0,2,0.16173227,0.16173227,1.0193944,0.0,0.09563252,0.0,0.0,9.134338e-06,-27.131351,2.2427125,0.7475709,0.14400001,0.0,0.16550802,11.720078,11.740079,1884800
hardzero_plus_depr__c0p50__z1p00__lam0p020__nu0p50__psi0p75,hardzero_plus_depr,0.06,35,589,0.0,2,0.16173227,0.16173227,1.04775,0.0,0.08958804,0.0,0.0,8.998342e-06,-28.195757,2.305096,0.7683653,0.112,0.0,0.17666669,11.740079,11.760079,1888000
hardzero_plus_depr__c0p50__z1p00__lam0p020__nu0p50__psi0p75,hardzero_plus_depr,0.06,35,590,0.0,2,0.16173227,0.16173227,1.0330265,0.0,0.09267733,0.0,0.0,8.864371e-06,-28.11042,2.2727036,0.7575679,0.128,0.0,0.15030153,11.760079,11.78008,1891200
hardzero_plus_depr__c0p50__z1p00__lam0p020__nu0p50__psi0p75,hardzero_plus_depr,0.06,35,591,0.0,2,0.16173227,0.16173227,1.0284883,0.0,0.09365086,0.0,0.0,8.732395e-06,-27.798153,2.2627194,0.7542398,0.080000006,0.0,0.17081058,11.78008,11.80008,1894400
hardzero_plus_depr__c0p50__z1p00__lam0p020__nu0p50__psi0p75,hardzero_plus_depr,0.06,35,592,0.0,2,0.16173227,0.16173227,1.0372858,0.0,0.09177283,0.0,0.0,8.602384e-06,-27.9716,2.2820742,0.7606914,0.128,0.0,0.17874353,11.80008,11.820081,1897600
hardzero_plus_depr__c0p50__z1p00__lam0p020__nu0p50__psi0p75,hardzero_plus_depr,0.06,35,593,0.0,2,0.16173227,0.1617332,0.95985967,0.109683245,0.109683245,1.0,9.294896e-07,8.474308e-06,-26.497988,2.1117334,0.7039112,0.16800001,0.0,0.12783517,11.820081,11.840081,1900800
hardzero_plus_depr__c0p50__z1p00__lam0p020__nu0p50__psi0p75,hardzero_plus_depr,0.06,35,594,0.0,2,0.1617332,0.16173406,0.98554236,0.103385024,0.103385024,1.0,8.6307267e-07,8.34814e-06,-27.808842,2.1682365,0.72274554,0.192,0.0,0.15311442,11.840081,11.860082,1904000
hardzero_plus_depr__c0p50__z1p00__lam0p020__nu0p50__psi0p75,hardzero_plus_depr,0.06,35,595,0.0,2,0.16173406,0.16173492,0.978862,0.10498759,0.10498759,1.0,8.6340214e-07,8.223849e-06,-25.966665,2.1535394,0.7178465,0.17600001,0.0,0.11857716,11.860082,11.880082,1907200
hardzero_plus_depr__c0p50__z1p00__lam0p020__nu0p50__psi0p75,hardzero_plus_depr,0.06,35,596,0.0,2,0.16173492,0.16173579,0.9694423,0.107289605,0.107289605,1.0,8.691969e-07,8.101409e-06,-26.283003,2.1328156,0.7109386,0.16800001,0.0,0.12877995,11.880082,11.900083,1910400
hardzero_plus_depr__c0p50__z1p00__lam0p020__nu0p50__psi0p75,hardzero_plus_depr,0.06,35,597,0.0,2,0.16173579,0.16173661,0.985046,0.10350325,0.10350325,1.0,8.2603793e-07,7.980792e-06,-26.780432,2.1671445,0.72238153,0.16800001,0.0,0.13466594,11.900083,11.920083,1913600
hardzero_plus_depr__c0p50__z1p00__lam0p020__nu0p50__psi0p75,hardzero_plus_depr,0.06,35,598,0.0,2,0.16173661,0.16173661,1.0185814,0.0,0.09581172,0.0,0.0,7.8619705e-06,-27.780144,2.240924,0.74697465,0.17,0.0,0.14578965,11.920083,11.9400835,1916800
hardzero_plus_depr__c0p50__z1p00__lam0p020__nu0p50__psi0p75,hardzero_plus_depr,0.06,35,599,0.0,2,0.16173661,0.16173661,1.0198977,0.0,0.09552175,0.0,0.0,7.744919e-06,-28.024122,2.2438197,0.74793994,0.112,0.0,0.17538303,11.9400835,11.960084,1920000
hardzero_plus_depr__c0p50__z1p00__lam0p020__nu0p50__psi0p75,hardzero_plus_depr,0.06,35,600,0.0,2,0.16173661,0.16173746,0.9542512,0.111108884,0.111108884,1.0,8.477174e-07,7.629609e-06,-26.269127,2.0993946,0.6997982,0.192,0.0,0.13899338,11.960084,11.980084,1923200
hardzero_plus_depr__c0p50__z1p00__lam0p020__nu0p50__psi0p75,hardzero_plus_depr,0.06,35,601,0.0,2,0.16173746,0.16173746,1.0489244,0.0,0.08934608,0.0,0.0,7.5160165e-06,-27.568083,2.30768,0.7692267,0.080000006,0.0,0.14551483,11.980084,12.000085,1926400
hardzero_plus_depr__c0p50__z1p00__lam0p020__nu0p50__psi0p75,hardzero_plus_depr,0.06,35,602,0.0,2,0.16173746,0.16173746,1.0276906,0.0,0.09382301,0.0,0.0,7.4041145e-06,-27.238987,2.2609646,0.7536549,0.104,0.0,0.14916337,12.000085,12.020085,1929600
hardzero_plus_depr__c0p50__z1p00__lam0p020__nu0p50__psi0p75,hardzero_plus_depr,0.06,35,603,0.0,2,0.16173746,0.16173823,0.97009194,0.10712924,0.10712924,1.0,7.8138777e-07,7.2938797e-06,-25.761816,2.134245,0.711415,0.224,0.0,0.14084838,12.020085,12.040086,1932800
hardzero_plus_depr__c0p50__z1p00__lam0p020__nu0p50__psi0p75,hardzero_plus_depr,0.06,35,604,0.0,2,0.16173823,0.16173823,1.0134839,0.0,0.096942924,0.0,0.0,7.1852855e-06,-27.324192,2.2297091,0.7432364,0.18400002,0.0,0.16966714,12.040086,12.060086,1936000
hardzero_plus_depr__c0p50__z1p00__lam0p020__nu0p50__psi0p75,hardzero_plus_depr,0.06,35,605,0.0,2,0.16173823,0.16173896,0.98691726,0.10305825,0.10305825,1.0,7.29478e-07,7.078308e-06,-26.92459,2.1712613,0.7237538,0.224,0.0,0.14039867,12.060086,12.080087,1939200
hardzero_plus_depr__c0p50__z1p00__lam0p020__nu0p50__psi0p75,hardzero_plus_depr,0.06,35,606,0.0,2,0.16173896,0.16173896,1.070944,0.0,0.084929004,0.0,0.0,6.972923e-06,-28.135878,2.3561237,0.7853746,0.096,0.0,0.17255862,12.080087,12.100087,1942400
hardzero_plus_depr__c0p50__z1p00__lam0p020__nu0p50__psi0p75,hardzero_plus_depr,0.06,35,607,0.0,2,0.16173896,0.1617397,0.96869,0.10747562,0.10747562,1.0,7.3826163e-07,6.869108e-06,-25.770584,2.1311605,0.7103869,0.16800001,0.0,0.14952089,12.100087,12.120088,1945600
hardzero_plus_depr__c0p50__z1p00__lam0p020__nu0p50__psi0p75,hardzero_plus_depr,0.06,35,608,0.0,2,0.1617397,0.16174042,0.97433996,0.10608648,0.10608648,1.0,7.1787e-07,6.766838e-06,-26.892487,2.1435907,0.7145302,0.216,0.0,0.14779703,12.120088,12.140088,1948800
hardzero_plus_depr__c0p50__z1p00__lam0p020__nu0p50__psi0p75,hardzero_plus_depr,0.06,35,609,0.0,2,0.16174042,0.16174042,1.0040182,0.0,0.09907903,0.0,0.0,6.666091e-06,-27.084888,2.208884,0.7362947,0.17600001,0.0,0.14784777,12.140088,12.160089,1952000
hardzero_plus_depr__c0p50__z1p00__lam0p020__nu0p50__psi0p75,hardzero_plus_depr,0.06,35,610,0.0,2,0.16174042,0.16174042,1.0079919,0.0,0.09817661,0.0,0.0,6.5668423e-06,-26.806034,2.2176266,0.7392089,0.23200001,0.008,0.15777862,12.160089,12.180089,1955200
hardzero_plus_depr__c0p50__z1p00__lam0p020__nu0p50__psi0p75,hardzero_plus_depr,0.06,35,611,0.0,2,0.16174042,0.16174042,1.0347532,0.0,0.092309594,0.0,0.0,6.469073e-06,-27.334753,2.2765026,0.75883424,0.17999999,0.0,0.12747149,12.180089,12.200089,1958400
hardzero_plus_depr__c0p50__z1p00__lam0p020__nu0p50__psi0p75,hardzero_plus_depr,0.06,35,612,0.0,2,0.16174042,0.16174042,1.0003283,0.0,0.09992442,0.0,0.0,6.372759e-06,-26.542496,2.2007663,0.7335888,0.17600001,0.0,0.12480329,12.200089,12.22009,1961600
hardzero_plus_depr__c0p50__z1p00__lam0p020__nu0p50__psi0p75,hardzero_plus_depr,0.06,35,613,0.0,2,0.16174042,0.16174042,1.001171,0.0,0.09973074,0.0,0.0,6.277879e-06,-26.17232,2.2026203,0.7342068,0.14400001,0.0,0.15889347,12.22009,12.24009,1964800
hardzero_plus_depr__c0p50__z1p00__lam0p020__nu0p50__psi0p75,hardzero_plus_depr,0.06,35,614,0.0,2,0.16174042,0.16174108,0.9726543,0.10649904,0.10649904,1.0,6.5863384e-07,6.184411e-06,-26.24602,2.139882,0.713294,0.192,0.0,0.15328018,12.24009,12.260091,1968000
hardzero_plus_depr__c0p50__z1p00__lam0p020__nu0p50__psi0p75,hardzero_plus_depr,0.06,35,615,0.0,2,0.16174108,0.16174108,1.0284064,0.0,0.0936685,0.0,0.0,6.0923353e-06,-28.136799,2.2625391,0.7541797,0.14400001,0.0,0.15570557,12.260091,12.280091,1971200
hardzero_plus_depr__c0p50__z1p00__lam0p020__nu0p50__psi0p75,hardzero_plus_depr,0.06,35,616,0.0,2,0.16174108,0.16174178,0.9335098,0.11654406,0.11654406,1.0,6.994544e-07,6.0016305e-06,-25.50631,2.0537627,0.6845876,0.24800001,0.0,0.121866964,12.280091,12.300092,1974400
hardzero_plus_depr__c0p50__z1p00__lam0p020__nu0p50__psi0p75,hardzero_plus_depr,0.06,35,617,0.0,2,0.16174178,0.16174178,1.0269566,0.0,0.093981735,0.0,0.0,5.9122754e-06,-27.181597,2.2593496,0.75311655,0.17600001,0.0,0.16631784,12.300092,12.320092,1977600
hardzero_plus_depr__c0p50__z1p00__lam0p020__nu0p50__psi0p75,hardzero_plus_depr,0.06,35,618,0.0,2,0.16174178,0.16174178,1.0661212,0.0,0.08587737,0.0,0.0,5.8242513e-06,-27.316908,2.3455136,0.7818379,0.192,0.0,0.15815853,12.320092,12.340093,1980800
hardzero_plus_depr__c0p50__z1p00__lam0p020__nu0p50__psi0p75,hardzero_plus_depr,0.06,35,619,0.0,2,0.16174178,0.16174236,0.9928078,0.10166984,0.10166984,1.0,5.833345e-07,5.7375373e-06,-27.415539,2.1842208,0.7280736,0.18400002,0.0,0.14643884,12.340093,12.360093,1984000
hardzero_plus_depr__c0p50__z1p00__lam0p020__nu0p50__psi0p75,hardzero_plus_depr,0.06,35,620,0.0,2,0.16174236,0.16174236,1.0092766,0.0,0.09788663,0.0,0.0,5.6521144e-06,-27.376148,2.220453,0.74015105,0.14400001,0.0,0.1563679,12.360093,12.380094,1987200
hardzero_plus_depr__c0p50__z1p00__lam0p020__nu0p50__psi0p75,hardzero_plus_depr,0.06,35,621,0.0,2,0.16174236,0.16174236,1.0238059,0.0,0.09466602,0.0,0.0,5.567964e-06,-27.275478,2.2524178,0.750806,0.128,0.0,0.1553373,12.380094,12.400094,1990400
hardzero_plus_depr__c0p50__z1p00__lam0p020__nu0p50__psi0p75,hardzero_plus_depr,0.06,35,622,0.0,2,0.16174236,0.16174236,1.0463697,0.0,0.08987323,0.0,0.0,5.4850657e-06,-28.012568,2.3020592,0.76735306,0.16000001,0.0,0.18183984,12.400094,12.4200945,1993600
hardzero_plus_depr__c0p50__z1p00__lam0p020__nu0p50__psi0p75,hardzero_plus_depr,0.06,35,623,0.0,2,0.16174236,0.16174236,1.0011723,0.0,0.099730425,0.0,0.0,5.403402e-06,-27.172161,2.2026231,0.73420775,0.17600001,0.0,0.16167143,12.4200945,12.440095,1996800
hardzero_plus_depr__c0p50__z1p00__lam0p020__nu0p50__psi0p75,hardzero_plus_depr,0.06,35,624,0.0,2,0.16174236,0.16174236,1.060776,0.0,0.08694087,0.0,0.0,5.322954e-06,-27.421865,2.3337538,0.777918,0.22,0.0,0.16815187,12.440095,12.460095,2000000
hardzero_plus_depr__c0p50__z1p00__lam0p020__nu0p50__psi0p75,hardzero_plus_depr,0.06,35,625,0.0,2,0.16174236,0.16174236,1.018852,0.0,0.09575202,0.0,0.0,5.2437035e-06,-26.704084,2.2415192,0.7471731,0.136,0.0,0.13880776,12.460095,12.480096,2003200
hardzero_plus_depr__c0p50__z1p00__lam0p020__nu0p50__psi0p75,hardzero_plus_depr,0.06,35,626,0.0,2,0.16174236,0.16174236,1.0008057,0.0,0.09981464,0.0,0.0,5.1656334e-06,-27.167282,2.2018166,0.7339389,0.17600001,0.0,0.17168002,12.480096,12.500096,2006400
hardzero_plus_depr__c0p50__z1p00__lam0p020__nu0p50__psi0p75,hardzero_plus_depr,0.06,35,627,0.0,2,0.16174236,0.16174288,0.9911843,0.10205063,0.10205063,1.0,5.1930755e-07,5.0887247e-06,-26.428715,2.180649,0.72688305,0.192,0.0,0.13300662,12.500096,12.520097,2009600
hardzero_plus_depr__c0p50__z1p00__lam0p020__nu0p50__psi0p75,hardzero_plus_depr,0.06,35,628,0.0,2,0.16174288,0.16174288,1.0093862,0.0,0.09786194,0.0,0.0,5.0129624e-06,-26.711346,2.220694,0.7402314,0.18400002,0.0,0.12213939,12.520097,12.540097,2012800
hardzero_plus_depr__c0p50__z1p00__lam0p020__nu0p50__psi0p75,hardzero_plus_depr,0.06,35,629,0.0,2,0.16174288,0.16174288,1.0644226,0.0,0.08621392,0.0,0.0,4.9383275e-06,-27.82725,2.3417766,0.7805922,0.128,0.0,0.16880858,12.540097,12.560098,2016000
hardzero_plus_depr__c0p50__z1p00__lam0p020__nu0p50__psi0p75,hardzero_plus_depr,0.06,35,630,0.0,2,0.16174288,0.16174288,1.0391576,0.0,0.09137815,0.0,0.0,4.864803e-06,-27.698954,2.2861924,0.76206416,0.14400001,0.0,0.13616098,12.560098,12.580098,2019200
hardzero_plus_depr__c0p50__z1p00__lam0p020__nu0p50__psi0p75,hardzero_plus_depr,0.06,35,631,0.0,2,0.16174288,0.16174339,0.970516,0.1070247,0.1070247,1.0,5.1290243e-07,4.7923745e-06,-26.096642,2.1351779,0.71172595,0.18400002,0.0,0.13207208,12.580098,12.600099,2022400
hardzero_plus_depr__c0p50__z1p00__lam0p020__nu0p50__psi0p75,hardzero_plus_depr,0.06,35,632,0.0,2,0.16174339,0.16174386,0.9933296,0.10154777,0.10154777,1.0,4.7940944e-07,4.7210237e-06,-26.784882,2.1853688,0.72845626,0.136,0.0,0.13580893,12.600099,12.620099,2025600
hardzero_plus_depr__c0p50__z1p00__lam0p020__nu0p50__psi0p75,hardzero_plus_depr,0.06,35,633,0.0,2,0.16174386,0.16174386,1.0467862,0.0,0.08978707,0.0,0.0,4.6507353e-06,-27.401136,2.3029757,0.7676586,0.16000001,0.0,0.15136142,12.620099,12.6401,2028800
hardzero_plus_depr__c0p50__z1p00__lam0p020__nu0p50__psi0p75,hardzero_plus_depr,0.06,35,634,0.0,2,0.16174386,0.16174386,1.0079265,0.0,0.09819141,0.0,0.0,4.5814927e-06,-27.311914,2.2174826,0.7391609,0.17600001,0.0,0.14779943,12.6401,12.6601,2032000
hardzero_plus_depr__c0p50__z1p00__lam0p020__nu0p50__psi0p75,hardzero_plus_depr,0.06,35,635,0.0,2,0.16174386,0.16174386,1.0483748,0.0,0.08945924,0.0,0.0,4.513282e-06,-27.446789,2.3064706,0.76882356,0.15200001,0.0,0.15656385,12.6601,12.6801,2035200
hardzero_plus_depr__c0p50__z1p00__lam0p020__nu0p50__psi0p75,hardzero_plus_depr,0.06,35,636,0.0,2,0.16174386,0.16174386,1.047427,0.0,0.08965468,0.0,0.0,4.4460867e-06,-27.464996,2.3043854,0.7681285,0.120000005,0.0,0.12888847,12.6801,12.700101,2038400
hardzero_plus_depr__c0p50__z1p00__lam0p020__nu0p50__psi0p75,hardzero_plus_depr,0.06,35,637,0.0,2,0.16174386,0.16174434,0.9591827,0.109854355,0.109854355,1.0,4.8115015e-07,4.3798914e-06,-27.075766,2.110244,0.7034147,0.22,0.0,0.15083508,12.700101,12.720101,2041600
hardzero_plus_depr__c0p50__z1p00__lam0p020__nu0p50__psi0p75,hardzero_plus_depr,0.06,35,638,0.0,2,0.16174434,0.16174434,1.0405375,0.0,0.09108829,0.0,0.0,4.314682e-06,-28.331152,2.2892282,0.76307607,0.16000001,0.0,0.16136144,12.720101,12.740102,2044800
hardzero_plus_depr__c0p50__z1p00__lam0p020__nu0p50__psi0p75,hardzero_plus_depr,0.06,35,639,0.0,2,0.16174434,0.16174434,1.0132815,0.0,0.09698812,0.0,0.0,4.250443e-06,-26.872974,2.2292638,0.74308795,0.18400002,0.0,0.15025343,12.740102,12.760102,2048000
hardzero_plus_depr__c0p50__z1p00__lam0p020__nu0p50__psi0p75,hardzero_plus_depr,0.06,35,640,0.0,2,0.16174434,0.16174434,1.0225922,0.0,0.09493093,0.0,0.0,4.187161e-06,-27.327036,2.2497478,0.74991596,0.192,0.0,0.1659177,12.760102,12.780103,2051200
hardzero_plus_depr__c0p50__z1p00__lam0p020__nu0p50__psi0p75,hardzero_plus_depr,0.06,35,641,0.0,2,0.16174434,0.16174476,0.99028724,0.10226163,0.10226163,1.0,4.2181088e-07,4.1248204e-06,-26.212132,2.1786754,0.72622514,0.208,0.0,0.17223167,12.780103,12.800103,2054400
hardzero_plus_depr__c0p50__z1p00__lam0p020__nu0p50__psi0p75,hardzero_plus_depr,0.06,35,642,0.0,2,0.16174476,0.16174476,1.0546578,0.0,0.088174336,0.0,0.0,4.0634086e-06,-26.97194,2.3202934,0.7734312,0.104,0.0,0.1826915,12.800103,12.820104,2057600
hardzero_plus_depr__c0p50__z1p00__lam0p020__nu0p50__psi0p75,hardzero_plus_depr,0.06,35,643,0.0,2,0.16174476,0.16174476,1.0168768,0.0,0.0961885,0.0,0.0,4.0029113e-06,-27.68962,2.2371736,0.74572456,0.16800001,0.0,0.15262698,12.820104,12.840104,2060800
hardzero_plus_depr__c0p50__z1p00__lam0p020__nu0p50__psi0p75,hardzero_plus_depr,0.06,35,644,0.0,2,0.16174476,0.16174476,1.0689162,0.0,0.08532647,0.0,0.0,3.943314e-06,-28.324911,2.3516626,0.78388757,0.128,0.0,0.15897423,12.840104,12.860105,2064000
hardzero_plus_depr__c0p50__z1p00__lam0p020__nu0p50__psi0p75,hardzero_plus_depr,0.06,35,645,0.0,2,0.16174476,0.16174476,1.0738618,0.0,0.0843603,0.0,0.0,3.8846047e-06,-28.477587,2.362543,0.7875144,0.16000001,0.0,0.18230464,12.860105,12.880105,2067200
hardzero_plus_depr__c0p50__z1p00__lam0p020__nu0p50__psi0p75,hardzero_plus_depr,0.06,35,646,0.0,2,0.16174476,0.16174476,1.0443735,0.0,0.09028726,0.0,0.0,3.826769e-06,-27.70769,2.2976675,0.76588917,0.16000001,0.0,0.17018895,12.880105,12.900105,2070400
hardzero_plus_depr__c0p50__z1p00__lam0p020__nu0p50__psi0p75,hardzero_plus_depr,0.06,35,647,0.0,2,0.16174476,0.16174476,1.1007609,0.0,0.07929377,0.0,0.0,3.7697944e-06,-29.050076,2.4217224,0.80724084,0.112,0.0,0.17743239,12.900105,12.920106,2073600
hardzero_plus_depr__c0p50__z1p00__lam0p020__nu0p50__psi0p75,hardzero_plus_depr,0.06,35,648,0.0,2,0.16174476,0.16174515,0.9783875,0.10510236,0.10510236,1.0,3.9031528e-07,3.713668e-06,-26.584007,2.1524954,0.7174985,0.192,0.008,0.13604833,12.920106,12.940106,2076800
hardzero_plus_depr__c0p50__z1p00__lam0p020__nu0p50__psi0p75,hardzero_plus_depr,0.06,35,649,0.0,2,0.16174515,0.16174555,0.95833457,0.110069096,0.110069096,1.0,4.0267435e-07,3.6583779e-06,-25.774462,2.1083782,0.70279276,0.2,0.0,0.12176646,12.940106,12.960107,2080000
hardzero_plus_depr__c0p50__z1p00__lam0p020__nu0p50__psi0p75,hardzero_plus_depr,0.06,35,650,0.0,2,0.16174555,0.16174555,1.0128789,0.0,0.09707806,0.0,0.0,3.60391e-06,-27.516893,2.228378,0.7427927,0.16,0.0,0.14363733,12.960107,12.980107,2083200
hardzero_plus_depr__c0p50__z1p00__lam0p020__nu0p50__psi0p75,hardzero_plus_depr,0.06,35,651,0.0,2,0.16174555,0.16174555,1.0347949,0.0,0.09230072,0.0,0.0,3.550254e-06,-26.56801,2.2765944,0.7588648,0.120000005,0.0,0.13707118,12.980107,13.000108,2086400
hardzero_plus_depr__c0p50__z1p00__lam0p020__nu0p50__psi0p75,hardzero_plus_depr,0.06,35,652,0.0,2,0.16174555,0.16174555,1.0377055,0.0,0.0916842,0.0,0.0,3.4973964e-06,-27.603182,2.2829978,0.7609993,0.14400001,0.0,0.12553085,13.000108,13.020108,2089600
hardzero_plus_depr__c0p50__z1p00__lam0p020__nu0p50__psi0p75,hardzero_plus_depr,0.06,35,653,0.0,2,0.16174555,0.16174555,1.0198526,0.0,0.09553166,0.0,0.0,3.4453258e-06,-27.018446,2.2437205,0.74790686,0.120000005,0.0,0.14413711,13.020108,13.040109,2092800
hardzero_plus_depr__c0p50__z1p00__lam0p020__nu0p50__psi0p75,hardzero_plus_depr,0.06,35,654,0.0,2,0.16174555,0.16174592,0.96538883,0.108295694,0.108295694,1.0,3.675589e-07,3.3940305e-06,-26.453512,2.1238978,0.70796597,0.15200001,0.0,0.13215993,13.040109,13.060109,2096000
hardzero_plus_depr__c0p50__z1p00__lam0p020__nu0p50__psi0p75,hardzero_plus_depr,0.06,35,655,0.0,2,0.16174592,0.16174592,1.0214881,0.0,0.0951726,0.0,0.0,3.3434985e-06,-25.826107,2.2473187,0.7491063,0.14400001,0.0,0.14219907,13.060109,13.08011,2099200
hardzero_plus_depr__c0p50__z1p00__lam0p020__nu0p50__psi0p75,hardzero_plus_depr,0.06,35,656,0.0,2,0.16174592,0.16174592,1.0231681,0.0,0.09480515,0.0,0.0,3.2937191e-06,-27.24478,2.2510147,0.75033826,0.17600001,0.0,0.16112627,13.08011,13.10011,2102400
hardzero_plus_depr__c0p50__z1p00__lam0p020__nu0p50__psi0p75,hardzero_plus_depr,0.06,35,657,0.0,2,0.16174592,0.16174592,1.0485507,0.0,0.089423016,0.0,0.0,3.244681e-06,-27.641472,2.3068576,0.76895255,0.120000005,0.0,0.14811543,13.10011,13.1201105,2105600
hardzero_plus_depr__c0p50__z1p00__lam0p020__nu0p50__psi0p75,hardzero_plus_depr,0.06,35,658,0.0,2,0.16174592,0.16174592,1.0699133,0.0,0.08513081,0.0,0.0,3.196373e-06,-28.218346,2.353856,0.78461874,0.120000005,0.0,0.15483648,13.1201105,13.140111,2108800
hardzero_plus_depr__c0p50__z1p00__lam0p020__nu0p50__psi0p75,hardzero_plus_depr,0.06,35,659,0.0,2,0.16174592,0.16174592,1.0449015,0.0,0.090177566,0.0,0.0,3.1487841e-06,-27.29461,2.298829,0.76627636,0.120000005,0.0,0.14201032,13.140111,13.160111,2112000
hardzero_plus_depr__c0p50__z1p00__lam0p020__nu0p50__psi0p75,hardzero_plus_depr,0.06,35,660,0.0,2,0.16174592,0.16174625,0.98479843,0.10356227,0.10356227,1.0,3.212402e-07,3.1019038e-06,-26.768858,2.1665998,0.7221999,0.18400002,0.0,0.17885534,13.160111,13.180112,2115200
hardzero_plus_depr__c0p50__z1p00__lam0p020__nu0p50__psi0p75,hardzero_plus_depr,0.06,35,661,0.0,2,0.16174625,0.16174625,1.0274643,0.0,0.09387192,0.0,0.0,3.0557212e-06,-27.198149,2.2604666,0.7534889,0.104,0.0,0.14822091,13.180112,13.200112,2118400
hardzero_plus_depr__c0p50__z1p00__lam0p020__nu0p50__psi0p75,hardzero_plus_depr,0.06,35,662,0.0,2,0.16174625,0.16174658,0.9619586,0.10915444,0.10915444,1.0,3.285796e-07,3.0102267e-06,-26.265837,2.1163511,0.7054504,0.18400002,0.0,0.14263438,13.200112,13.220113,2121600
hardzero_plus_depr__c0p50__z1p00__lam0p020__nu0p50__psi0p75,hardzero_plus_depr,0.06,35,663,0.0,2,0.16174658,0.16174658,1.0092349,0.0,0.09789603,0.0,0.0,2.9654093e-06,-27.695492,2.2203612,0.7401204,0.14,0.0,0.13721886,13.220113,13.240113,2124800
hardzero_plus_depr__c0p50__z1p00__lam0p020__nu0p50__psi0p75,hardzero_plus_depr,0.06,35,664,0.0,2,0.16174658,0.16174658,1.003679,0.0,0.099156454,0.0,0.0,2.921259e-06,-26.529833,2.208138,0.736046,0.18400002,0.0,0.15844208,13.240113,13.260114,2128000
hardzero_plus_depr__c0p50__z1p00__lam0p020__nu0p50__psi0p75,hardzero_plus_depr,0.06,35,665,0.0,2,0.16174658,0.16174658,1.0035633,0.0,0.09918289,0.0,0.0,2.877766e-06,-26.953585,2.2078834,0.73596114,0.2,0.0,0.16137345,13.260114,13.280114,2131200
hardzero_plus_depr__c0p50__z1p00__lam0p020__nu0p50__psi0p75,hardzero_plus_depr,0.06,35,666,0.0,2,0.16174658,0.16174658,1.007741,0.0,0.09823337,0.0,0.0,2.8349207e-06,-26.736372,2.2170744,0.7390248,0.120000005,0.0,0.15981148,13.280114,13.300115,2134400
hardzero_plus_depr__c0p50__z1p00__lam0p020__nu0p50__psi0p75,hardzero_plus_depr,0.06,35,667,0.0,2,0.16174658,0.16174686,0.9979518,0.10047273,0.10047273,1.0,2.8059154e-07,2.7927133e-06,-27.29497,2.1955378,0.731846,0.17600001,0.0,0.18416177,13.300115,13.320115,2137600
hardzero_plus_depr__c0p50__z1p00__lam0p020__nu0p50__psi0p75,hardzero_plus_depr,0.06,35,668,0.0,2,0.16174686,0.16174686,1.0047523,0.0,0.09891172,0.0,0.0,2.7511344e-06,-26.68572,2.210499,0.73683304,0.17600001,0.0,0.14132549,13.320115,13.340116,2140800
hardzero_plus_depr__c0p50__z1p00__lam0p020__nu0p50__psi0p75,hardzero_plus_depr,0.06,35,669,0.0,2,0.16174686,0.16174686,1.0479829,0.0,0.08953999,0.0,0.0,2.7101744e-06,-27.889544,2.3056085,0.7685362,0.17600001,0.0,0.15871689,13.340116,13.360116,2144000
hardzero_plus_depr__c0p50__z1p00__lam0p020__nu0p50__psi0p75,hardzero_plus_depr,0.06,35,670,0.0,2,0.16174686,0.16174714,0.980515,0.10458875,0.10458875,1.0,2.7923355e-07,2.669824e-06,-26.643368,2.157176,0.7190587,0.208,0.0,0.15173854,13.360116,13.380116,2147200
hardzero_plus_depr__c0p50__z1p00__lam0p020__nu0p50__psi0p75,hardzero_plus_depr,0.06,35,671,0.0,2,0.16174714,0.16174714,1.0830648,0.0,0.08259148,0.0,0.0,2.6300747e-06,-29.797686,2.38279,0.79426336,0.16800001,0.0,0.16944,13.380116,13.400117,2150400
hardzero_plus_depr__c0p50__z1p00__lam0p020__nu0p50__psi0p75,hardzero_plus_depr,0.06,35,672,0.0,2,0.16174714,0.16174714,1.0493531,0.0,0.08925793,0.0,0.0,2.5909171e-06,-27.090227,2.3086228,0.76954097,0.096,0.0,0.16136026,13.400117,13.420117,2153600
hardzero_plus_depr__c0p50__z1p00__lam0p020__nu0p50__psi0p75,hardzero_plus_depr,0.06,35,673,0.0,2,0.16174714,0.16174714,1.0474269,0.0,0.0896547,0.0,0.0,2.5523423e-06,-27.746164,2.3043852,0.7681284,0.16000001,0.0,0.15367742,13.420117,13.440118,2156800
hardzero_plus_depr__c0p50__z1p00__lam0p020__nu0p50__psi0p75,hardzero_plus_depr,0.06,35,674,0.0,2,0.16174714,0.16174714,1.018307,0.0,0.09587227,0.0,0.0,2.5143422e-06,-27.122482,2.24032,0.74677336,0.08800001,0.0,0.14966542,13.440118,13.460118,2160000
hardzero_plus_depr__c0p50__z1p00__lam0p020__nu0p50__psi0p75,hardzero_plus_depr,0.06,35,675,0.0,2,0.16174714,0.16174741,0.9697331,0.1072178,0.1072178,1.0,2.655686e-07,2.4769076e-06,-26.969662,2.1334555,0.71115184,0.16000001,0.0,0.11852041,13.460118,13.480119,2163200
hardzero_plus_depr__c0p50__z1p00__lam0p020__nu0p50__psi0p75,hardzero_plus_depr,0.06,35,676,0.0,2,0.16174741,0.16174741,1.0971605,0.0,0.07995387,0.0,0.0,2.4400304e-06,-28.98409,2.4138012,0.8046004,0.099999994,0.0,0.17529652,13.480119,13.500119,2166400
hardzero_plus_depr__c0p50__z1p00__lam0p020__nu0p50__psi0p75,hardzero_plus_depr,0.06,35,677,0.0,2,0.16174741,0.16174741,1.0325971,0.0,0.092769004,0.0,0.0,2.4037024e-06,-27.879154,2.271759,0.75725305,0.192,0.0,0.13728592,13.500119,13.52012,2169600
hardzero_plus_depr__c0p50__z1p00__lam0p020__nu0p50__psi0p75,hardzero_plus_depr,0.06,35,678,0.0,2,0.16174741,0.16174741,1.0101483,0.0,0.097690344,0.0,0.0,2.367915e-06,-26.01097,2.2223706,0.74079025,0.16800001,0.0,0.1486001,13.52012,13.54012,2172800
hardzero_plus_depr__c0p50__z1p00__lam0p020__nu0p50__psi0p75,hardzero_plus_depr,0.06,35,679,0.0,2,0.16174741,0.16174766,0.9649858,0.108396225,0.108396225,1.0,2.5285158e-07,2.3326604e-06,-26.556818,2.123011,0.7076704,0.2,0.0,0.14713858,13.54012,13.560121,2176000
hardzero_plus_depr__c0p50__z1p00__lam0p020__nu0p50__psi0p75,hardzero_plus_depr,0.06,35,680,0.0,2,0.16174766,0.1617479,0.98786765,0.10283296,0.10283296,1.0,2.3630304e-07,2.297931e-06,-27.096825,2.1733522,0.72445077,0.2,0.0,0.14492041,13.560121,13.580121,2179200
hardzero_plus_depr__c0p50__z1p00__lam0p020__nu0p50__psi0p75,hardzero_plus_depr,0.06,35,681,0.0,2,0.1617479,0.1617479,1.0055945,0.0,0.09872008,0.0,0.0,2.2637184e-06,-27.110567,2.212352,0.7374507,0.2,0.0,0.15736532,13.580121,13.6001215,2182400
hardzero_plus_depr__c0p50__z1p00__lam0p020__nu0p50__psi0p75,hardzero_plus_depr,0.06,35,682,0.0,2,0.1617479,0.1617479,1.0518972,0.0,0.088736616,0.0,0.0,2.2300153e-06,-28.23271,2.31422,0.77140665,0.15200001,0.0,0.1570196,13.6001215,13.620122,2185600
hardzero_plus_depr__c0p50__z1p00__lam0p020__nu0p50__psi0p75,hardzero_plus_depr,0.06,35,683,0.0,2,0.1617479,0.1617479,1.0071716,0.0,0.09836222,0.0,0.0,2.1968137e-06,-27.25075,2.2158217,0.7386073,0.096,0.0,0.14598256,13.620122,13.640122,2188800
hardzero_plus_depr__c0p50__z1p00__lam0p020__nu0p50__psi0p75,hardzero_plus_depr,0.06,35,684,0.0,2,0.1617479,0.1617479,1.0256277,0.0,0.09426972,0.0,0.0,2.164107e-06,-28.15325,2.256426,0.7521421,0.17600001,0.008,0.15919244,13.640122,13.660123,2192000
hardzero_plus_depr__c0p50__z1p00__lam0p020__nu0p50__psi0p75,hardzero_plus_depr,0.06,35,685,0.0,2,0.1617479,0.1617479,1.0076483,0.0,0.09825431,0.0,0.0,2.1318867e-06,-27.113361,2.2168705,0.73895687,0.224,0.0,0.1741465,13.660123,13.680123,2195200
hardzero_plus_depr__c0p50__z1p00__lam0p020__nu0p50__psi0p75,hardzero_plus_depr,0.06,35,686,0.0,2,0.1617479,0.1617479,1.0348401,0.0,0.0922911,0.0,0.0,2.1001465e-06,-28.41422,2.2766936,0.7588979,0.08800001,0.0,0.20256536,13.680123,13.700124,2198400
hardzero_plus_depr__c0p50__z1p00__lam0p020__nu0p50__psi0p75,hardzero_plus_depr,0.06,35,687,0.0,2,0.1617479,0.1617479,1.07058,0.0,0.08500022,0.0,0.0,2.0688788e-06,-28.204988,2.355323,0.78510773,0.16000001,0.0,0.17336495,13.700124,13.720124,2201600
hardzero_plus_depr__c0p50__z1p00__lam0p020__nu0p50__psi0p75,hardzero_plus_depr,0.06,35,688,0.0,2,0.1617479,0.16174811,0.9885429,0.1026732,0.1026732,1.0,2.0925582e-07,2.0380762e-06,-25.437231,2.1748378,0.72494596,0.2,0.0,0.12993023,13.720124,13.740125,2204800
hardzero_plus_depr__c0p50__z1p00__lam0p020__nu0p50__psi0p75,hardzero_plus_depr,0.06,35,689,0.0,2,0.16174811,0.16174811,1.0351517,0.0,0.09222492,0.0,0.0,2.0077325e-06,-27.023794,2.2773793,0.7591264,0.21,0.0,0.16679789,13.740125,13.760125,2208000
hardzero_plus_depr__c0p50__z1p00__lam0p020__nu0p50__psi0p75,hardzero_plus_depr,0.06,35,690,0.0,2,0.16174811,0.16174832,0.98929685,0.102495104,0.102495104,1.0,2.0271901e-07,1.9778408e-06,-27.264698,2.1764965,0.72549886,0.16800001,0.0,0.15089527,13.760125,13.780126,2211200
hardzero_plus_depr__c0p50__z1p00__lam0p020__nu0p50__psi0p75,hardzero_plus_depr,0.06,35,691,0.0,2,0.16174832,0.16174851,0.9947592,0.101214044,0.101214044,1.0,1.9720483e-07,1.948394e-06,-27.332584,2.188514,0.7295047,0.14400001,0.0,0.15702944,13.780126,13.800126,2214400
hardzero_plus_depr__c0p50__z1p00__lam0p020__nu0p50__psi0p75,hardzero_plus_depr,0.06,35,692,0.0,2,0.16174851,0.16174851,1.0808144,0.0,0.08302056,0.0,0.0,1.9193856e-06,-28.970602,2.377839,0.792613,0.104,0.0,0.15905552,13.800126,13.820127,2217600
hardzero_plus_depr__c0p50__z1p00__lam0p020__nu0p50__psi0p75,hardzero_plus_depr,0.06,35,693,0.0,2,0.16174851,0.16174851,1.0301112,0.0,0.093301535,0.0,0.0,1.8908087e-06,-27.588844,2.26629,0.75543,0.14400001,0.0,0.15441506,13.820127,13.840127,2220800
hardzero_plus_depr__c0p50__z1p00__lam0p020__nu0p50__psi0p75,hardzero_plus_depr,0.06,35,694,0.0,2,0.16174851,0.16174851,1.030989,0.0,0.09311314,0.0,0.0,1.8626577e-06,-27.226742,2.2682211,0.7560737,0.18400002,0.0,0.15009433,13.840127,13.860127,2224000
hardzero_plus_depr__c0p50__z1p00__lam0p020__nu0p50__psi0p75,hardzero_plus_depr,0.06,35,695,0.0,2,0.16174851,0.16174851,1.0046034,0.0,0.09894563,0.0,0.0,1.8349258e-06,-27.38158,2.2101715,0.73672384,0.15200001,0.0,0.13761592,13.860127,13.880128,2227200
hardzero_plus_depr__c0p50__z1p00__lam0p020__nu0p50__psi0p75,hardzero_plus_depr,0.06,35,696,0.0,2,0.16174851,0.16174851,1.0735753,0.0,0.08441599,0.0,0.0,1.8076066e-06,-29.034838,2.3619127,0.7873043,0.16000001,0.0,0.16940968,13.880128,13.900128,2230400
hardzero_plus_depr__c0p50__z1p00__lam0p020__nu0p50__psi0p75,hardzero_plus_depr,0.06,35,697,0.0,2,0.16174851,0.16174851,1.0075885,0.0,0.09826785,0.0,0.0,1.7806942e-06,-27.235365,2.216739,0.738913,0.128,0.0,0.13081793,13.900128,13.920129,2233600
hardzero_plus_depr__c0p50__z1p00__lam0p020__nu0p50__psi0p75,hardzero_plus_depr,0.06,35,698,0.0,2,0.16174851,0.16174851,1.0365345,0.0,0.09193174,0.0,0.0,1.7541827e-06,-26.956375,2.2804215,0.76014054,0.112,0.0,0.15037145,13.920129,13.940129,2236800
hardzero_plus_depr__c0p50__z1p00__lam0p020__nu0p50__psi0p75,hardzero_plus_depr,0.06,35,699,0.0,2,0.16174851,0.16174851,1.0066465,0.0,0.09848124,0.0,0.0,1.7280657e-06,-26.692911,2.2146666,0.73822224,0.096,0.0,0.123497546,13.940129,13.96013,2240000
hardzero_plus_depr__c0p50__z1p00__lam0p020__nu0p50__psi0p75,hardzero_plus_depr,0.06,35,700,0.0,2,0.16174851,0.16174869,0.99407625,0.10137334,0.10137334,1.0,1.7257162e-07,1.7023374e-06,-26.90411,2.1870115,0.72900385,0.15200001,0.0,0.15407316,13.96013,13.98013,2243200
hardzero_plus_depr__c0p50__z1p00__lam0p020__nu0p50__psi0p75,hardzero_plus_depr,0.06,35,701,0.0,2,0.16174869,0.16174869,1.0160295,0.0,0.096376345,0.0,0.0,1.6769923e-06,-27.365837,2.2353094,0.7451031,0.128,0.0,0.15952939,13.98013,14.000131,2246400
hardzero_plus_depr__c0p50__z1p00__lam0p020__nu0p50__psi0p75,hardzero_plus_depr,0.06,35,702,0.0,2,0.16174869,0.16174869,1.0130279,0.0,0.097044766,0.0,0.0,1.6520246e-06,-27.445316,2.228706,0.742902,0.16,0.0,0.1595301,14.000131,14.020131,2249600
hardzero_plus_depr__c0p50__z1p00__lam0p020__nu0p50__psi0p75,hardzero_plus_depr,0.06,35,703,0.0,2,0.16174869,0.16174869,1.0258907,0.0,0.09421265,0.0,0.0,1.6274288e-06,-27.599909,2.2570047,0.75233495,0.16800001,0.0,0.15091641,14.020131,14.040132,2252800
hardzero_plus_depr__c0p50__z1p00__lam0p020__nu0p50__psi0p75,hardzero_plus_depr,0.06,35,704,0.0,2,0.16174869,0.16174886,0.98447025,0.10364055,0.10364055,1.0,1.6615641e-07,1.6031989e-06,-26.660387,2.1658778,0.7219593,0.136,0.0,0.13566475,14.040132,14.060132,2256000
hardzero_plus_depr__c0p50__z1p00__lam0p020__nu0p50__psi0p75,hardzero_plus_depr,0.06,35,705,0.0,2,0.16174886,0.16174886,1.0264255,0.0,0.094096735,0.0,0.0,1.5793297e-06,-27.173965,2.258181,0.75272703,0.08800001,0.0,0.16638732,14.060132,14.0801325,2259200
hardzero_plus_depr__c0p50__z1p00__lam0p020__nu0p50__psi0p75,hardzero_plus_depr,0.06,35,706,0.0,2,0.16174886,0.16174902,0.9706623,0.106988646,0.106988646,1.0,1.6645465e-07,1.5558161e-06,-26.888626,2.1354997,0.71183324,0.18400002,0.0,0.13376129,14.0801325,14.100133,2262400
hardzero_plus_depr__c0p50__z1p00__lam0p020__nu0p50__psi0p75,hardzero_plus_depr,0.06,35,707,0.0,2,0.16174902,0.16174902,1.0082818,0.0,0.0981111,0.0,0.0,1.5326526e-06,-27.22075,2.2182643,0.7394215,0.2,0.0,0.15056759,14.100133,14.120133,2265600
hardzero_plus_depr__c0p50__z1p00__lam0p020__nu0p50__psi0p75,hardzero_plus_depr,0.06,35,708,0.0,2,0.16174902,0.16174902,1.0327159,0.0,0.09274362,0.0,0.0,1.5098339e-06,-28.028059,2.2720203,0.75734013,0.16800001,0.0,0.15719828,14.120133,14.140134,2268800
hardzero_plus_depr__c0p50__z1p00__lam0p020__nu0p50__psi0p75,hardzero_plus_depr,0.06,35,709,0.0,2,0.16174902,0.16174918,0.96025467,0.10958354,0.10958354,1.0,1.6298961e-07,1.4873548e-06,-26.749393,2.1126025,0.70420086,0.14400001,0.0,0.14686836,14.140134,14.160134,2272000
hardzero_plus_depr__c0p50__z1p00__lam0p020__nu0p50__psi0p75,hardzero_plus_depr,0.06,35,710,0.0,2,0.16174918,0.16174918,1.0251483,0.0,0.09437385,0.0,0.0,1.4652104e-06,-28.184519,2.2553713,0.75179046,0.112,0.0,0.12866043,14.160134,14.180135,2275200
hardzero_plus_depr__c0p50__z1p00__lam0p020__nu0p50__psi0p75,hardzero_plus_depr,0.06,35,711,0.0,2,0.16174918,0.16174933,0.99123645,0.102038376,0.102038376,1.0,1.4728177e-07,1.4433958e-06,-26.486677,2.1807637,0.72692126,0.16800001,0.0,0.14012009,14.180135,14.200135,2278400
hardzero_plus_depr__c0p50__z1p00__lam0p020__nu0p50__psi0p75,hardzero_plus_depr,0.06,35,712,0.0,2,0.16174933,0.16174933,1.0045682,0.0,0.09895363,0.0,0.0,1.421906e-06,-26.486166,2.2100942,0.7366981,0.080000006,0.0,0.1249349,14.200135,14.220136,2281600
hardzero_plus_depr__c0p50__z1p00__lam0p020__nu0p50__psi0p75,hardzero_plus_depr,0.06,35,713,0.0,2,0.16174933,0.16174948,0.9949455,0.10117064,0.10117064,1.0,1.4171336e-07,1.4007361e-06,-26.57127,2.1889238,0.7296413,0.14400001,0.0,0.15124579,14.220136,14.240136,2284800
hardzero_plus_depr__c0p50__z1p00__lam0p020__nu0p50__psi0p75,hardzero_plus_depr,0.06,35,714,0.0,2,0.16174948,0.16174965,0.9223134,0.11958771,0.11958771,1.0,1.6501686e-07,1.3798814e-06,-25.994751,2.02913,0.6763767,0.256,0.0,0.1394899,14.240136,14.260137,2288000
hardzero_plus_depr__c0p50__z1p00__lam0p020__nu0p50__psi0p75,hardzero_plus_depr,0.06,35,715,0.0,2,0.16174965,0.1617498,0.9718711,0.10669127,0.10669127,1.0,1.4502939e-07,1.359337e-06,-26.63621,2.138159,0.7127197,0.14999999,0.0,0.13779464,14.260137,14.280137,2291200
hardzero_plus_depr__c0p50__z1p00__lam0p020__nu0p50__psi0p75,hardzero_plus_depr,0.06,35,716,0.0,2,0.1617498,0.1617498,1.0033793,0.0,0.09922489,0.0,0.0,1.3390987e-06,-26.280418,2.2074788,0.73582625,0.192,0.0,0.17912883,14.280137,14.3001375,2294400
hardzero_plus_depr__c0p50__z1p00__lam0p020__nu0p50__psi0p75,hardzero_plus_depr,0.06,35,717,0.0,2,0.1617498,0.16174994,0.9543496,0.111083716,0.111083716,1.0,1.465374e-07,1.3191618e-06,-26.515228,2.099611,0.69987035,0.24800001,0.0,0.15803848,14.3001375,14.320138,2297600
hardzero_plus_depr__c0p50__z1p00__lam0p020__nu0p50__psi0p75,hardzero_plus_depr,0.06,35,718,0.0,2,0.16174994,0.16174994,1.0358214,0.0,0.09208281,0.0,0.0,1.2995215e-06,-27.606298,2.2788527,0.75961757,0.16800001,0.0,0.15564893,14.320138,14.340138,2300800
hardzero_plus_depr__c0p50__z1p00__lam0p020__nu0p50__psi0p75,hardzero_plus_depr,0.06,35,719,0.0,2,0.16174994,0.16175008,0.9801513,0.10467639,0.10467639,1.0,1.3400395e-07,1.2801736e-06,-27.187454,2.156376,0.71879196,0.18400002,0.0,0.14269713,14.340138,14.360139,2304000
hardzero_plus_depr__c0p50__z1p00__lam0p020__nu0p50__psi0p75,hardzero_plus_depr,0.06,35,720,0.0,2,0.16175008,0.16175008,1.0055149,0.0,0.098738186,0.0,0.0,1.261114e-06,-27.540237,2.2121768,0.7373923,0.17600001,0.0,0.14306985,14.360139,14.380139,2307200
hardzero_plus_depr__c0p50__z1p00__lam0p020__nu0p50__psi0p75,hardzero_plus_depr,0.06,35,721,0.0,2,0.16175008,0.16175008,1.0023656,0.0,0.09945679,0.0,0.0,1.2423379e-06,-26.718525,2.2052484,0.7350828,0.128,0.0,0.13865018,14.380139,14.40014,2310400
hardzero_plus_depr__c0p50__z1p00__lam0p020__nu0p50__psi0p75,hardzero_plus_depr,0.06,35,722,0.0,2,0.16175008,0.16175008,1.010039,0.0,0.097714946,0.0,0.0,1.2238415e-06,-27.286503,2.22213,0.74071,0.192,0.0,0.16264318,14.40014,14.42014,2313600
hardzero_plus_depr__c0p50__z1p00__lam0p020__nu0p50__psi0p75,hardzero_plus_depr,0.06,35,723,0.0,2,0.16175008,0.1617502,0.9931037,0.10160061,0.10160061,1.0,1.2249178e-07,1.2056205e-06,-26.915586,2.1848717,0.72829056,0.216,0.0,0.13204847,14.42014,14.440141,2316800
hardzero_plus_depr__c0p50__z1p00__lam0p020__nu0p50__psi0p75,hardzero_plus_depr,0.06,35,724,0.0,2,0.1617502,0.1617502,1.0198498,0.0,0.0955323,0.0,0.0,1.1876707e-06,-26.468681,2.2437143,0.7479048,0.15200001,0.0,0.14257757,14.440141,14.460141,2320000
hardzero_plus_depr__c0p50__z1p00__lam0p020__nu0p50__psi0p75,hardzero_plus_depr,0.06,35,725,0.0,2,0.1617502,0.16175032,0.98615295,0.10323977,0.10323977,1.0,1.2078932e-07,1.1699883e-06,-26.554508,2.1695797,0.7231933,0.192,0.0,0.12171407,14.460141,14.480142,2323200
hardzero_plus_depr__c0p50__z1p00__lam0p020__nu0p50__psi0p75,hardzero_plus_depr,0.06,35,726,0.0,2,0.16175032,0.16175032,1.0031863,0.0,0.099269,0.0,0.0,1.152569e-06,-27.586494,2.2070541,0.73568475,0.14400001,0.0,0.1549156,14.480142,14.500142,2326400
hardzero_plus_depr__c0p50__z1p00__lam0p020__nu0p50__psi0p75,hardzero_plus_depr,0.06,35,727,0.0,2,0.16175032,0.16175032,1.0006112,0.0,0.09985936,0.0,0.0,1.1354092e-06,-26.24073,2.2013886,0.73379624,0.104,0.0,0.14078484,14.500142,14.520143,2329600
hardzero_plus_depr__c0p50__z1p00__lam0p020__nu0p50__psi0p75,hardzero_plus_depr,0.06,35,728,0.0,2,0.16175032,0.16175044,0.95611763,0.11063241,0.11063241,1.0,1.2374286e-07,1.1185047e-06,-26.493574,2.1035008,0.701167,0.17999999,0.0,0.14554146,14.520143,14.540143,2332800
hardzero_plus_depr__c0p50__z1p00__lam0p020__nu0p50__psi0p75,hardzero_plus_depr,0.06,35,729,0.0,2,0.16175044,0.16175044,1.0322998,0.0,0.09283253,0.0,0.0,1.1018519e-06,-27.713625,2.2711048,0.75703496,0.15200001,0.008,0.13771261,14.540143,14.560143,2336000
hardzero_plus_depr__c0p50__z1p00__lam0p020__nu0p50__psi0p75,hardzero_plus_depr,0.06,35,730,0.0,2,0.16175044,0.16175044,1.0022255,0.0,0.09948888,0.0,0.0,1.0854471e-06,-26.245872,2.20494,0.73498005,0.14400001,0.0,0.14408287,14.560143,14.580144,2339200
hardzero_plus_depr__c0p50__z1p00__lam0p020__nu0p50__psi0p75,hardzero_plus_depr,0.06,35,731,0.0,2,0.16175044,0.16175056,0.9589486,0.109913595,0.109913595,1.0,1.17529126e-07,1.0692866e-06,-26.945072,2.109729,0.703243,0.16000001,0.0,0.15438604,14.580144,14.600144,2342400
hardzero_plus_depr__c0p50__z1p00__lam0p020__nu0p50__psi0p75,hardzero_plus_depr,0.06,35,732,0.0,2,0.16175056,0.16175056,1.0471902,0.0,0.08970358,0.0,0.0,1.0533666e-06,-27.559904,2.3038645,0.7679548,0.128,0.0,0.1476904,14.600144,14.620145,2345600
hardzero_plus_depr__c0p50__z1p00__lam0p020__nu0p50__psi0p75,hardzero_plus_depr,0.06,35,733,0.0,2,0.16175056,0.16175056,1.0196335,0.0,0.09557987,0.0,0.0,1.0376837e-06,-26.823189,2.2432384,0.74774617,0.16000001,0.0,0.14223264,14.620145,14.640145,2348800
hardzero_plus_depr__c0p50__z1p00__lam0p020__nu0p50__psi0p75,hardzero_plus_depr,0.06,35,734,0.0,2,0.16175056,0.16175066,0.9691226,0.107368626,0.107368626,1.0,1.0975588e-07,1.0222342e-06,-25.82621,2.1321123,0.7107041,0.224,0.0,0.13439557,14.640145,14.660146,2352000
hardzero_plus_depr__c0p50__z1p00__lam0p020__nu0p50__psi0p75,hardzero_plus_depr,0.06,35,735,0.0,2,0.16175066,0.16175066,1.0231321,0.0,0.094813,0.0,0.0,1.0070147e-06,-27.536543,2.2509356,0.75031185,0.2,0.0,0.1579083,14.660146,14.680146,2355200
hardzero_plus_depr__c0p50__z1p00__lam0p020__nu0p50__psi0p75,hardzero_plus_depr,0.06,35,736,0.0,2,0.16175066,0.16175076,0.9833069,0.10391855,0.10391855,1.0,1.0308949e-07,9.92022e-07,-26.702251,2.1633184,0.7211062,0.15200001,0.0,0.12674174,14.680146,14.700147,2358400
hardzero_plus_depr__c0p50__z1p00__lam0p020__nu0p50__psi0p75,hardzero_plus_depr,0.06,35,737,0.0,2,0.16175076,0.16175087,0.97437656,0.10607755,0.10607755,1.0,1.0366453e-07,9.772523e-07,-26.76865,2.1436713,0.7145571,0.16000001,0.0,0.14778647,14.700147,14.720147,2361600
hardzero_plus_depr__c0p50__z1p00__lam0p020__nu0p50__psi0p75,hardzero_plus_depr,0.06,35,738,0.0,2,0.16175087,0.16175087,1.0292461,0.0,0.093487576,0.0,0.0,9.627026e-07,-27.201466,2.2643867,0.75479555,0.136,0.0,0.14178273,14.720147,14.740148,2364800
hardzero_plus_depr__c0p50__z1p00__lam0p020__nu0p50__psi0p75,hardzero_plus_depr,0.06,35,739,0.0,2,0.16175087,0.16175087,1.0506753,0.0,0.08898662,0.0,0.0,9.483694e-07,-28.414602,2.3115318,0.7705106,0.16800001,0.0,0.22614996,14.740148,14.760148,2368000
hardzero_plus_depr__c0p50__z1p00__lam0p020__nu0p50__psi0p75,hardzero_plus_depr,0.06,35,740,0.0,2,0.16175087,0.16175096,0.99831027,0.10038983,0.10038983,1.0,9.378918e-08,9.3424984e-07,-26.356594,2.1963265,0.73210883,0.112,0.0,0.1331529,14.760148,14.7801485,2371200
hardzero_plus_depr__c0p50__z1p00__lam0p020__nu0p50__psi0p75,hardzero_plus_depr,0.06,35,741,0.0,2,0.16175096,0.16175096,1.0413872,0.0,0.09091023,0.0,0.0,9.2034037e-07,-27.699728,2.2910976,0.76369923,0.14999999,0.0,0.15456589,14.7801485,14.800149,2374400
hardzero_plus_depr__c0p50__z1p00__lam0p020__nu0p50__psi0p75,hardzero_plus_depr,0.06,35,742,0.0,2,0.16175096,0.16175105,0.9826024,0.10408725,0.10408725,1.0,9.436944e-08,9.0663787e-07,-26.831863,2.1617684,0.7205895,0.16000001,0.0,0.13252027,14.800149,14.820149,2377600
hardzero_plus_depr__c0p50__z1p00__lam0p020__nu0p50__psi0p75,hardzero_plus_depr,0.06,35,743,0.0,2,0.16175105,0.16175105,1.067935,0.0,0.08551946,0.0,0.0,8.9313943e-07,-27.754772,2.349504,0.783168,0.216,0.0,0.14700662,14.820149,14.84015,2380800
hardzero_plus_depr__c0p50__z1p00__lam0p020__nu0p50__psi0p75,hardzero_plus_depr,0.06,35,744,0.0,2,0.16175105,0.16175114,0.98874533,0.102625355,0.102625355,1.0,9.029411e-08,8.798421e-07,-27.201965,2.1752832,0.72509444,0.192,0.0,0.17582557,14.84015,14.86015,2384000
hardzero_plus_depr__c0p50__z1p00__lam0p020__nu0p50__psi0p75,hardzero_plus_depr,0.06,35,745,0.0,2,0.16175114,0.16175123,0.9990903,0.1002097,0.1002097,1.0,8.685602e-08,8.6674265e-07,-26.41733,2.1980426,0.7326809,0.208,0.0,0.14256458,14.86015,14.880151,2387200
hardzero_plus_depr__c0p50__z1p00__lam0p020__nu0p50__psi0p75,hardzero_plus_depr,0.06,35,746,0.0,2,0.16175123,0.16175131,0.9654238,0.10828697,0.10828697,1.0,9.245956e-08,8.538383e-07,-26.170826,2.1239748,0.7079916,0.256,0.0,0.13383621,14.880151,14.900151,2390400
hardzero_plus_depr__c0p50__z1p00__lam0p020__nu0p50__psi0p75,hardzero_plus_depr,0.06,35,747,0.0,2,0.16175131,0.16175131,1.0878507,0.0,0.08168632,0.0,0.0,8.4112594e-07,-28.498375,2.3933194,0.7977731,0.16800001,0.0,0.18452395,14.900151,14.920152,2393600
hardzero_plus_depr__c0p50__z1p00__lam0p020__nu0p50__psi0p75,hardzero_plus_depr,0.06,35,748,0.0,2,0.16175131,0.16175131,1.0200614,0.0,0.09548575,0.0,0.0,8.286029e-07,-26.88361,2.2441797,0.7480599,0.16000001,0.0,0.13927513,14.920152,14.940152,2396800
hardzero_plus_depr__c0p50__z1p00__lam0p020__nu0p50__psi0p75,hardzero_plus_depr,0.06,35,749,0.0,2,0.16175131,0.16175139,0.998976,0.10023607,0.10023607,1.0,8.181934e-08,8.162664e-07,-26.68256,2.197791,0.73259705,0.15200001,0.0,0.13464992,14.940152,14.960153,2400000
hardzero_plus_depr__c0p50__z1p00__lam0p020__nu0p50__psi0p75,hardzero_plus_depr,0.06,35,750,0.0,2,0.16175139,0.16175139,1.0108151,0.0,0.09754047,0.0,0.0,8.041135e-07,-27.358883,2.2238376,0.74127924,0.16000001,0.0,0.15944462,14.960153,14.980153,2403200
hardzero_plus_depr__c0p50__z1p00__lam0p020__nu0p50__psi0p75,hardzero_plus_depr,0.06,35,751,0.0,2,0.16175139,0.16175139,1.0293921,0.0,0.093456134,0.0,0.0,7.921416e-07,-27.757427,2.2647078,0.7549026,0.224,0.0,0.15054786,14.980153,15.000154,2406400
hardzero_plus_depr__c0p50__z1p00__lam0p020__nu0p50__psi0p75,hardzero_plus_depr,0.06,35,752,0.0,2,0.16175139,0.16175139,1.0300362,0.0,0.09331764,0.0,0.0,7.8034776e-07,-26.635214,2.266125,0.755375,0.16800001,0.0,0.14876343,15.000154,15.020154,2409600
hardzero_plus_depr__c0p50__z1p00__lam0p020__nu0p50__psi0p75,hardzero_plus_depr,0.06,35,753,0.0,2,0.16175139,0.16175139,1.015203,0.0,0.09655993,0.0,0.0,7.6872965e-07,-27.523365,2.2334912,0.74449706,0.112,0.0,0.1654724,15.020154,15.040154,2412800
hardzero_plus_depr__c0p50__z1p00__lam0p020__nu0p50__psi0p75,hardzero_plus_depr,0.06,35,754,0.0,2,0.16175139,0.16175146,0.99072784,0.10215794,0.10215794,1.0,7.736263e-08,7.572845e-07,-26.617739,2.1796448,0.7265483,0.14999999,0.0,0.12498197,15.040154,15.060155,2416000
hardzero_plus_depr__c0p50__z1p00__lam0p020__nu0p50__psi0p75,hardzero_plus_depr,0.06,35,755,0.0,2,0.16175146,0.16175146,1.0578482,0.0,0.08752896,0.0,0.0,7.4600973e-07,-28.088963,2.3273125,0.77577084,0.112,0.0,0.15924633,15.060155,15.080155,2419200
hardzero_plus_depr__c0p50__z1p00__lam0p020__nu0p50__psi0p75,hardzero_plus_depr,0.06,35,756,0.0,2,0.16175146,0.16175146,1.0228399,0.0,0.09487681,0.0,0.0,7.3490287e-07,-27.761997,2.2502928,0.75009763,0.23200001,0.0,0.17520201,15.080155,15.100156,2422400
hardzero_plus_depr__c0p50__z1p00__lam0p020__nu0p50__psi0p75,hardzero_plus_depr,0.06,35,757,0.0,2,0.16175146,0.16175154,0.96987206,0.1071835,0.1071835,1.0,7.759671e-08,7.239613e-07,-26.540295,2.1337612,0.71125376,0.136,0.0,0.15365708,15.100156,15.120156,2425600
hardzero_plus_depr__c0p50__z1p00__lam0p020__nu0p50__psi0p75,hardzero_plus_depr,0.06,35,758,0.0,2,0.16175154,0.16175161,0.96339685,0.10879356,0.10879356,1.0,7.758968e-08,7.131827e-07,-27.319647,2.1195154,0.7065052,0.256,0.0,0.17584634,15.120156,15.140157,2428800
hardzero_plus_depr__c0p50__z1p00__lam0p020__nu0p50__psi0p75,hardzero_plus_depr,0.06,35,759,0.0,2,0.16175161,0.16175161,1.0341338,0.0,0.092441335,0.0,0.0,7.0256453e-07,-27.339115,2.2751398,0.75837994,0.18400002,0.0,0.1842016,15.140157,15.160157,2432000
hardzero_plus_depr__c0p50__z1p00__lam0p020__nu0p50__psi0p75,hardzero_plus_depr,0.06,35,760,0.0,2,0.16175161,0.16175169,0.9759033,0.10570529,0.10570529,1.0,7.315911e-08,6.921045e-07,-26.821768,2.14703,0.7156767,0.23200001,0.0,0.14826778,15.160157,15.180158,2435200
hardzero_plus_depr__c0p50__z1p00__lam0p020__nu0p50__psi0p75,hardzero_plus_depr,0.06,35,761,0.0,2,0.16175169,0.16175169,1.014214,0.0,0.09678006,0.0,0.0,6.818002e-07,-27.569284,2.2313154,0.7437718,0.18400002,0.0,0.15475132,15.180158,15.200158,2438400
hardzero_plus_depr__c0p50__z1p00__lam0p020__nu0p50__psi0p75,hardzero_plus_depr,0.06,35,762,0.0,2,0.16175169,0.16175176,0.99055004,0.10219977,0.10219977,1.0,6.86424e-08,6.716493e-07,-26.499243,2.1792536,0.7264179,0.17600001,0.0,0.1261131,15.200158,15.220159,2441600
hardzero_plus_depr__c0p50__z1p00__lam0p020__nu0p50__psi0p75,hardzero_plus_depr,0.06,35,763,0.0,2,0.16175176,0.16175184,0.9744853,0.106051,0.106051,1.0,7.016859e-08,6.616495e-07,-26.900202,2.1439104,0.7146368,0.2,0.0,0.14936425,15.220159,15.240159,2444800
hardzero_plus_depr__c0p50__z1p00__lam0p020__nu0p50__psi0p75,hardzero_plus_depr,0.06,35,764,0.0,2,0.16175184,0.16175184,1.0247428,0.0,0.094462,0.0,0.0,6.517986e-07,-28.235325,2.2544792,0.7514931,0.14400001,0.0,0.16794932,15.240159,15.2601595,2448000
hardzero_plus_depr__c0p50__z1p00__lam0p020__nu0p50__psi0p75,hardzero_plus_depr,0.06,35,765,0.0,2,0.16175184,0.16175184,1.0041575,0.0,0.099047266,0.0,0.0,6.420944e-07,-27.43371,2.2091906,0.7363969,0.16800001,0.0,0.13314936,15.2601595,15.28016,2451200
hardzero_plus_depr__c0p50__z1p00__lam0p020__nu0p50__psi0p75,hardzero_plus_depr,0.06,35,766,0.0,2,0.16175184,0.16175184,1.0114716,0.0,0.09739314,0.0,0.0,6.325346e-07,-26.827679,2.225282,0.7417607,0.14400001,0.0,0.1412584,15.28016,15.30016,2454400
hardzero_plus_depr__c0p50__z1p00__lam0p020__nu0p50__psi0p75,hardzero_plus_depr,0.06,35,767,0.0,2,0.16175184,0.1617519,0.98858476,0.102663286,0.102663286,1.0,6.397126e-08,6.2311716e-07,-26.838346,2.1749299,0.72497666,0.22,0.0,0.14819537,15.30016,15.320161,2457600
hardzero_plus_depr__c0p50__z1p00__lam0p020__nu0p50__psi0p75,hardzero_plus_depr,0.06,35,768,0.0,2,0.1617519,0.16175196,0.99034315,0.10224847,0.10224847,1.0,6.2764194e-08,6.138399e-07,-26.546291,2.1787984,0.72626615,0.224,0.0,0.13757184,15.320161,15.340161,2460800
hardzero_plus_depr__c0p50__z1p00__lam0p020__nu0p50__psi0p75,hardzero_plus_depr,0.06,35,769,0.0,2,0.16175196,0.16175203,0.95283806,0.11147101,0.11147101,1.0,6.740662e-08,6.0470086e-07,-27.00033,2.0962856,0.6987619,0.18400002,0.0,0.15552735,15.340161,15.360162,2464000
hardzero_plus_depr__c0p50__z1p00__lam0p020__nu0p50__psi0p75,hardzero_plus_depr,0.06,35,770,0.0,2,0.16175203,0.16175209,0.98504764,0.103502855,0.103502855,1.0,6.165642e-08,5.956978e-07,-26.91229,2.167148,0.7223827,0.16000001,0.0,0.16113505,15.360162,15.380162,2467200
hardzero_plus_depr__c0p50__z1p00__lam0p020__nu0p50__psi0p75,hardzero_plus_depr,0.06,35,771,0.0,2,0.16175209,0.16175209,1.0043055,0.0,0.09901352,0.0,0.0,5.868289e-07,-27.194118,2.2095163,0.73650545,0.128,0.0,0.14550586,15.380162,15.400163,2470400
hardzero_plus_depr__c0p50__z1p00__lam0p020__nu0p50__psi0p75,hardzero_plus_depr,0.06,35,772,0.0,2,0.16175209,0.16175209,1.0079308,0.0,0.09819045,0.0,0.0,5.7809194e-07,-27.072037,2.2174919,0.739164,0.18400002,0.0,0.1459913,15.400163,15.420163,2473600
hardzero_plus_depr__c0p50__z1p00__lam0p020__nu0p50__psi0p75,hardzero_plus_depr,0.06,35,773,0.0,2,0.16175209,0.16175215,0.9762377,0.105623916,0.105623916,1.0,6.015124e-08,5.69485e-07,-26.138458,2.1477659,0.715922,0.17600001,0.0,0.13371627,15.420163,15.440164,2476800
hardzero_plus_depr__c0p50__z1p00__lam0p020__nu0p50__psi0p75,hardzero_plus_depr,0.06,35,774,0.0,2,0.16175215,0.16175215,1.0160667,0.0,0.09636809,0.0,0.0,5.6100635e-07,-27.40059,2.2353914,0.7451305,0.128,0.0,0.16886587,15.440164,15.460164,2480000
hardzero_plus_depr__c0p50__z1p00__lam0p020__nu0p50__psi0p75,hardzero_plus_depr,0.06,35,775,0.0,2,0.16175215,0.16175215,1.0172389,0.0,0.09610836,0.0,0.0,5.5265383e-07,-26.876705,2.23797,0.74599004,0.14400001,0.0,0.12000205,15.460164,15.480165,2483200
hardzero_plus_depr__c0p50__z1p00__lam0p020__nu0p50__psi0p75,hardzero_plus_depr,0.06,35,776,0.0,2,0.16175215,0.16175215,1.0051112,0.0,0.09882999,0.0,0.0,5.4442575e-07,-26.715876,2.211289,0.7370963,0.14400001,0.0,0.1382861,15.480165,15.500165,2486400
hardzero_plus_depr__c0p50__z1p00__lam0p020__nu0p50__psi0p75,hardzero_plus_depr,0.06,35,777,0.0,2,0.16175215,0.16175221,0.9852536,0.103453785,0.103453785,1.0,5.548434e-08,5.3632004e-07,-27.173725,2.167601,0.7225337,0.16800001,0.0,0.15931813,15.500165,15.520165,2489600
hardzero_plus_depr__c0p50__z1p00__lam0p020__nu0p50__psi0p75,hardzero_plus_depr,0.06,35,778,0.0,2,0.16175221,0.16175221,1.0726795,0.0,0.084590286,0.0,0.0,5.2833514e-07,-28.656618,2.359942,0.7866473,0.096,0.0,0.15024735,15.520165,15.540166,2492800
hardzero_plus_depr__c0p50__z1p00__lam0p020__nu0p50__psi0p75,hardzero_plus_depr,0.06,35,779,0.0,2,0.16175221,0.16175221,1.0062437,0.0,0.09857262,0.0,0.0,5.2046903e-07,-26.12583,2.2137804,0.73792684,0.16000001,0.0,0.1662256,15.540166,15.560166,2496000
hardzero_plus_depr__c0p50__z1p00__lam0p020__nu0p50__psi0p75,hardzero_plus_depr,0.06,35,780,0.0,2,0.16175221,0.16175227,0.9623703,0.10905101,0.10905101,1.0,5.591265e-08,5.1272013e-07,-26.052225,2.1172569,0.7057523,0.22,0.0,0.13385993,15.560166,15.580167,2499200
hardzero_plus_depr__c0p50__z1p00__lam0p020__nu0p50__psi0p75,hardzero_plus_depr,0.06,35,781,0.0,2,0.16175227,0.16175227,1.0467725,0.0,0.0897899,0.0,0.0,5.050865e-07,-27.27256,2.3029454,0.76764846,0.15200001,0.0,0.15482157,15.580167,15.600167,2502400
hardzero_plus_depr__c0p50__z1p00__lam0p020__nu0p50__psi0p75,hardzero_plus_depr,0.06,35,782,0.0,2,0.16175227,0.16175231,0.9871622,0.10300013,0.10300013,1.0,5.1249422e-08,4.975666e-07,-26.877857,2.1718001,0.7239334,0.208,0.0,0.16313055,15.600167,15.620168,2505600
hardzero_plus_depr__c0p50__z1p00__lam0p020__nu0p50__psi0p75,hardzero_plus_depr,0.06,35,783,0.0,2,0.16175231,0.16175236,0.998981,0.1002349,0.1002349,1.0,4.9131003e-08,4.9015864e-07,-26.7251,2.197802,0.7326007,0.192,0.0,0.15194957,15.620168,15.640168,2508800
hardzero_plus_depr__c0p50__z1p00__lam0p020__nu0p50__psi0p75,hardzero_plus_depr,0.06,35,784,0.0,2,0.16175236,0.16175236,1.0658101,0.0,0.085938916,0.0,0.0,4.8286097e-07,-28.375753,2.344829,0.7816097,0.2,0.0,0.18237074,15.640168,15.660169,2512000
hardzero_plus_depr__c0p50__z1p00__lam0p020__nu0p50__psi0p75,hardzero_plus_depr,0.06,35,785,0.0,2,0.16175236,0.16175236,1.012348,0.0,0.097196795,0.0,0.0,4.7567195e-07,-26.83845,2.2272103,0.74240345,0.17600001,0.0,0.15311715,15.660169,15.680169,2515200
hardzero_plus_depr__c0p50__z1p00__lam0p020__nu0p50__psi0p75,hardzero_plus_depr,0.06,35,786,0.0,2,0.16175236,0.16175236,1.0225451,0.0,0.09494123,0.0,0.0,4.6858995e-07,-27.723759,2.249644,0.7498814,0.136,0.0,0.14559673,15.680169,15.70017,2518400
hardzero_plus_depr__c0p50__z1p00__lam0p020__nu0p50__psi0p75,hardzero_plus_depr,0.06,35,787,0.0,2,0.16175236,0.1617524,0.9871732,0.10299753,0.10299753,1.0,4.7545036e-08,4.6161338e-07,-26.626614,2.1718245,0.7239415,0.16800001,0.0,0.14935733,15.70017,15.72017,2521600
hardzero_plus_depr__c0p50__z1p00__lam0p020__nu0p50__psi0p75,hardzero_plus_depr,0.06,35,788,0.0,2,0.1617524,0.1617524,1.0499419,0.0,0.08913702,0.0,0.0,4.5474067e-07,-27.664541,2.3099184,0.7699728,0.14400001,0.0,0.14959313,15.72017,15.7401705,2524800
hardzero_plus_depr__c0p50__z1p00__lam0p020__nu0p50__psi0p75,hardzero_plus_depr,0.06,35,789,0.0,2,0.1617524,0.16175245,0.9587711,0.109958515,0.109958515,1.0,4.925815e-08,4.4797034e-07,-26.377424,2.1093385,0.70311284,0.136,0.0,0.15517323,15.7401705,15.760171,2528000
hardzero_plus_depr__c0p50__z1p00__lam0p020__nu0p50__psi0p75,hardzero_plus_depr,0.06,35,790,0.0,2,0.16175245,0.16175249,0.9911506,0.102058545,0.102058545,1.0,4.5038515e-08,4.4130078e-07,-27.053274,2.180575,0.7268583,0.17600001,0.0,0.17506011,15.760171,15.780171,2531200
hardzero_plus_depr__c0p50__z1p00__lam0p020__nu0p50__psi0p75,hardzero_plus_depr,0.06,35,791,0.0,2,0.16175249,0.16175249,1.0423914,0.0,0.090700276,0.0,0.0,4.347305e-07,-27.806398,2.2933068,0.76443565,0.136,0.0,0.14665231,15.780171,15.800172,2534400
hardzero_plus_depr__c0p50__z1p00__lam0p020__nu0p50__psi0p75,hardzero_plus_depr,0.06,35,792,0.0,2,0.16175249,0.16175254,0.9955889,0.10102086,0.10102086,1.0,4.3262997e-08,4.2825806e-07,-26.70931,2.1903393,0.73011315,0.17600001,0.0,0.15716794,15.800172,15.820172,2537600
hardzero_plus_depr__c0p50__z1p00__lam0p020__nu0p50__psi0p75,hardzero_plus_depr,0.06,35,793,0.0,2,0.16175254,0.16175254,1.0462302,0.0,0.0899021,0.0,0.0,4.2188196e-07,-27.589151,2.3017523,0.7672508,0.089999996,0.0,0.14073944,15.820172,15.840173,2540800
hardzero_plus_depr__c0p50__z1p00__lam0p020__nu0p50__psi0p75,hardzero_plus_depr,0.06,35,794,0.0,2,0.16175254,0.16175254,1.0522075,0.0,0.088673234,0.0,0.0,4.1560082e-07,-27.848217,2.3149028,0.7716343,0.136,0.0,0.15263607,15.840173,15.860173,2544000
hardzero_plus_depr__c0p50__z1p00__lam0p020__nu0p50__psi0p75,hardzero_plus_depr,0.06,35,795,0.0,2,0.16175254,0.16175258,0.9867685,0.103093565,0.103093565,1.0,4.220787e-08,4.0941325e-07,-27.085814,2.170934,0.7236447,0.14400001,0.0,0.16043058,15.860173,15.880174,2547200
hardzero_plus_depr__c0p50__z1p00__lam0p020__nu0p50__psi0p75,hardzero_plus_depr,0.06,35,796,0.0,2,0.16175258,0.16175263,0.99603885,0.10091626,0.10091626,1.0,4.0701316e-08,4.0331773e-07,-26.5466,2.1913292,0.7304431,0.15200001,0.0,0.14502195,15.880174,15.900174,2550400
hardzero_plus_depr__c0p50__z1p00__lam0p020__nu0p50__psi0p75,hardzero_plus_depr,0.06,35,797,0.0,2,0.16175263,0.16175267,0.99104625,0.10208307,0.10208307,1.0,4.0558923e-08,3.9731293e-07,-27.179094,2.1803453,0.7267818,0.128,0.0,0.14713694,15.900174,15.920175,2553600
hardzero_plus_depr__c0p50__z1p00__lam0p020__nu0p50__psi0p75,hardzero_plus_depr,0.06,35,798,0.0,2,0.16175267,0.16175267,1.0217372,0.0,0.09511802,0.0,0.0,3.9139758e-07,-28.179068,2.2478669,0.749289,0.16000001,0.0,0.15154076,15.920175,15.940175,2556800
hardzero_plus_depr__c0p50__z1p00__lam0p020__nu0p50__psi0p75,hardzero_plus_depr,0.06,35,799,0.0,2,0.16175267,0.16175272,0.9815849,0.1043314,0.1043314,1.0,4.0227093e-08,3.8557033e-07,-26.497154,2.15953,0.7198433,0.16000001,0.0,0.12979841,15.940175,15.9601755,2560000
hardzero_plus_depr__c0p50__z1p00__lam0p020__nu0p50__psi0p75,hardzero_plus_depr,0.06,35,800,0.0,2,0.16175272,0.16175272,1.062256,0.0,0.086645104,0.0,0.0,3.798298e-07,-27.765404,2.33701,0.7790033,0.136,0.0,0.17271292,15.9601755,15.980176,2563200
hardzero_plus_depr__c0p50__z1p00__lam0p020__nu0p50__psi0p75,hardzero_plus_depr,0.06,35,801,0.0,2,0.16175272,0.16175272,1.0130328,0.0,0.09704367,0.0,0.0,3.7417473e-07,-26.84479,2.2287166,0.74290556,0.112,0.0,0.12875584,15.980176,16.000175,2566400
hardzero_plus_depr__c0p50__z1p00__lam0p020__nu0p50__psi0p75,hardzero_plus_depr,0.06,35,802,0.0,2,0.16175272,0.16175275,0.99916315,0.100192875,0.100192875,1.0,3.6931517e-08,3.6860422e-07,-27.3417,2.1982028,0.7327343,0.15200001,0.0,0.15738991,16.000175,16.020176,2569600
hardzero_plus_depr__c0p50__z1p00__lam0p020__nu0p50__psi0p75,hardzero_plus_depr,0.06,35,803,0.0,2,0.16175275,0.16175275,1.0257868,0.0,0.09423521,0.0,0.0,3.6311633e-07,-28.1861,2.2567759,0.75225866,0.15200001,0.0,0.18879917,16.020176,16.040176,2572800
hardzero_plus_depr__c0p50__z1p00__lam0p020__nu0p50__psi0p75,hardzero_plus_depr,0.06,35,804,0.0,2,0.16175275,0.16175279,0.97774243,0.10525859,0.10525859,1.0,3.7652057e-08,3.5771006e-07,-26.723412,2.1510763,0.71702546,0.14400001,0.0,0.15373845,16.040176,16.060177,2576000
hardzero_plus_depr__c0p50__z1p00__lam0p020__nu0p50__psi0p75,hardzero_plus_depr,0.06,35,805,0.0,2,0.16175279,0.16175282,0.983447,0.103885025,0.103885025,1.0,3.6607457e-08,3.5238435e-07,-27.307976,2.1636267,0.72120893,0.192,0.0,0.16066085,16.060177,16.080177,2579200
hardzero_plus_depr__c0p50__z1p00__lam0p020__nu0p50__psi0p75,hardzero_plus_depr,0.06,35,806,0.0,2,0.16175282,0.16175286,0.93918496,0.115031034,0.115031034,1.0,3.993163e-08,3.471379e-07,-25.968506,2.0662482,0.68874943,0.26,0.0,0.12665302,16.080177,16.100178,2582400
hardzero_plus_depr__c0p50__z1p00__lam0p020__nu0p50__psi0p75,hardzero_plus_depr,0.06,35,807,0.0,2,0.16175286,0.1617529,0.9972033,0.10064604,0.10064604,1.0,3.4417884e-08,3.4196958e-07,-27.413185,2.193891,0.731297,0.16800001,0.0,0.18465912,16.100178,16.120178,2585600
hardzero_plus_depr__c0p50__z1p00__lam0p020__nu0p50__psi0p75,hardzero_plus_depr,0.06,35,808,0.0,2,0.1617529,0.1617529,1.0324414,0.0,0.09280228,0.0,0.0,3.368782e-07,-27.505964,2.2714164,0.75713885,0.15200001,0.0,0.15865497,16.120178,16.140179,2588800
hardzero_plus_depr__c0p50__z1p00__lam0p020__nu0p50__psi0p75,hardzero_plus_depr,0.06,35,809,0.0,2,0.1617529,0.16175292,0.9959485,0.10093725,0.10093725,1.0,3.34973e-08,3.3186262e-07,-26.624212,2.1911304,0.73037684,0.15200001,0.0,0.13861991,16.140179,16.16018,2592000
hardzero_plus_depr__c0p50__z1p00__lam0p020__nu0p50__psi0p75,hardzero_plus_depr,0.06,35,810,0.0,2,0.16175292,0.16175295,0.9744748,0.106053546,0.106053546,1.0,3.4671206e-08,3.269217e-07,-26.08931,2.1438873,0.7146291,0.18400002,0.0,0.134239,16.16018,16.18018,2595200
hardzero_plus_depr__c0p50__z1p00__lam0p020__nu0p50__psi0p75,hardzero_plus_depr,0.06,35,811,0.0,2,0.16175295,0.16175295,1.0136956,0.0,0.096895665,0.0,0.0,3.2205438e-07,-27.120344,2.2301748,0.74339163,0.18400002,0.0,0.1318532,16.18018,16.20018,2598400
hardzero_plus_depr__c0p50__z1p00__lam0p020__nu0p50__psi0p75,hardzero_plus_depr,0.06,35,812,0.0,2,0.16175295,0.16175298,0.9517807,0.11174275,0.11174275,1.0,3.5451446e-08,3.172595e-07,-26.025494,2.0939593,0.6979865,0.15200001,0.0,0.13081622,16.20018,16.22018,2601600
hardzero_plus_depr__c0p50__z1p00__lam0p020__nu0p50__psi0p75,hardzero_plus_depr,0.06,35,813,0.0,2,0.16175298,0.16175301,0.9757544,0.10574154,0.10574154,1.0,3.304804e-08,3.1253603e-07,-25.904493,2.1467025,0.7155675,0.208,0.0,0.12981115,16.22018,16.240181,2604800
hardzero_plus_depr__c0p50__z1p00__lam0p020__nu0p50__psi0p75,hardzero_plus_depr,0.06,35,814,0.0,2,0.16175301,0.16175304,0.99302346,0.101619385,0.101619385,1.0,3.1286866e-08,3.0788286e-07,-27.389305,2.1846952,0.7282318,0.14400001,0.0,0.16089933,16.240181,16.260181,2608000
hardzero_plus_depr__c0p50__z1p00__lam0p020__nu0p50__psi0p75,hardzero_plus_depr,0.06,35,815,0.0,2,0.16175304,0.16175307,0.99367994,0.101465896,0.101465896,1.0,3.07745e-08,3.0329898e-07,-26.989212,2.1861396,0.7287132,0.18400002,0.0,0.15648644,16.260181,16.280182,2611200
hardzero_plus_depr__c0p50__z1p00__lam0p020__nu0p50__psi0p75,hardzero_plus_depr,0.06,35,816,0.0,2,0.16175307,0.16175307,1.0198026,0.0,0.095542684,0.0,0.0,2.9878333e-07,-26.834002,2.2436104,0.74787015,0.112,0.0,0.16438273,16.280182,16.300182,2614400
hardzero_plus_depr__c0p50__z1p00__lam0p020__nu0p50__psi0p75,hardzero_plus_depr,0.06,35,817,0.0,2,0.16175307,0.16175307,1.0237827,0.0,0.09467107,0.0,0.0,2.9433494e-07,-27.442957,2.252367,0.75078905,0.2,0.0,0.1643492,16.300182,16.320183,2617600
hardzero_plus_depr__c0p50__z1p00__lam0p020__nu0p50__psi0p75,hardzero_plus_depr,0.06,35,818,0.0,2,0.16175307,0.16175307,1.0232345,0.0,0.09479064,0.0,0.0,2.8995277e-07,-27.34284,2.2511609,0.75038695,0.208,0.0,0.15957555,16.320183,16.340183,2620800
hardzero_plus_depr__c0p50__z1p00__lam0p020__nu0p50__psi0p75,hardzero_plus_depr,0.06,35,819,0.0,2,0.16175307,0.16175307,1.0496633,0.0,0.08919423,0.0,0.0,2.856358e-07,-27.308125,2.3093054,0.7697685,0.12,0.0,0.15359654,16.340183,16.360184,2624000
hardzero_plus_depr__c0p50__z1p00__lam0p020__nu0p50__psi0p75,hardzero_plus_depr,0.06,35,820,0.0,2,0.16175307,0.16175307,1.0167243,0.0,0.09622229,0.0,0.0,2.8138317e-07,-26.72713,2.2368383,0.7456128,0.096,0.0,0.13006438,16.360184,16.380184,2627200
hardzero_plus_depr__c0p50__z1p00__lam0p020__nu0p50__psi0p75,hardzero_plus_depr,0.06,35,821,0.0,2,0.16175307,0.1617531,0.99108356,0.10207431,0.10207431,1.0,2.8294366e-08,2.771938e-07,-26.67976,2.1804273,0.72680914,0.14400001,0.0,0.14128868,16.380184,16.400185,2630400
hardzero_plus_depr__c0p50__z1p00__lam0p020__nu0p50__psi0p75,hardzero_plus_depr,0.06,35,822,0.0,2,0.1617531,0.1617531,1.020799,0.0,0.09532371,0.0,0.0,2.7306686e-07,-26.57504,2.2458026,0.7486009,0.16000001,0.0,0.17947307,16.400185,16.420185,2633600
hardzero_plus_depr__c0p50__z1p00__lam0p020__nu0p50__psi0p75,hardzero_plus_depr,0.06,35,823,0.0,2,0.1617531,0.1617531,1.0383369,0.0,0.091551,0.0,0.0,2.6900133e-07,-26.899498,2.2843866,0.7614622,0.14400001,0.0,0.17348605,16.420185,16.440186,2636800
hardzero_plus_depr__c0p50__z1p00__lam0p020__nu0p50__psi0p75,hardzero_plus_depr,0.06,35,824,0.0,2,0.1617531,0.16175313,0.96129817,0.10932055,0.10932055,1.0,2.8969543e-08,2.6499632e-07,-26.139755,2.1148982,0.70496607,0.128,0.0,0.12425352,16.440186,16.460186,2640000
hardzero_plus_depr__c0p50__z1p00__lam0p020__nu0p50__psi0p75,hardzero_plus_depr,0.06,35,825,0.0,2,0.16175313,0.16175316,0.96955854,0.10726091,0.10726091,1.0,2.800056e-08,2.6105093e-07,-26.665754,2.1330714,0.7110238,0.14400001,0.0,0.13652228,16.460186,16.480186,2643200
hardzero_plus_depr__c0p50__z1p00__lam0p020__nu0p50__psi0p75,hardzero_plus_depr,0.06,35,826,0.0,2,0.16175316,0.16175319,0.9322183,0.11689116,0.11689116,1.0,3.0060235e-08,2.5716432e-07,-25.793407,2.0509212,0.6836404,0.18400002,0.0,0.13899139,16.480186,16.500187,2646400
hardzero_plus_depr__c0p50__z1p00__lam0p020__nu0p50__psi0p75,hardzero_plus_depr,0.06,35,827,0.0,2,0.16175319,0.16175319,1.037831,0.0,0.09165771,0.0,0.0,2.5333554e-07,-26.546432,2.2832737,0.76109123,0.104,0.0,0.14972292,16.500187,16.520187,2649600
hardzero_plus_depr__c0p50__z1p00__lam0p020__nu0p50__psi0p75,hardzero_plus_depr,0.06,35,828,0.0,2,0.16175319,0.16175322,0.98812675,0.10277163,0.10277163,1.0,2.5648077e-08,2.4956378e-07,-26.022667,2.1739223,0.7246408,0.120000005,0.0,0.13792549,16.520187,16.540188,2652800
hardzero_plus_depr__c0p50__z1p00__lam0p020__nu0p50__psi0p75,hardzero_plus_depr,0.06,35,829,0.0,2,0.16175322,0.16175325,0.979582,0.10481369,0.10481369,1.0,2.5768255e-08,2.4584818e-07,-26.756855,2.1551235,0.7183745,0.15200001,0.0,0.14966057,16.540188,16.560188,2656000
hardzero_plus_depr__c0p50__z1p00__lam0p020__nu0p50__psi0p75,hardzero_plus_depr,0.06,35,830,0.0,2,0.16175325,0.16175325,1.0382891,0.0,0.09156109,0.0,0.0,2.4218792e-07,-27.134392,2.2842815,0.76142716,0.14400001,0.0,0.13248178,16.560188,16.580189,2659200
hardzero_plus_depr__c0p50__z1p00__lam0p020__nu0p50__psi0p75,hardzero_plus_depr,0.06,35,831,0.0,2,0.16175325,0.16175328,0.9839258,0.10377056,0.10377056,1.0,2.4757801e-08,2.3858212e-07,-27.273846,2.16468,0.72156,0.15200001,0.0,0.137529,16.580189,16.60019,2662400
hardzero_plus_depr__c0p50__z1p00__lam0p020__nu0p50__psi0p75,hardzero_plus_depr,0.06,35,832,0.0,2,0.16175328,0.16175331,0.9976478,0.10054308,0.10054308,1.0,2.363064e-08,2.3503e-07,-26.612885,2.194869,0.73162305,0.12,0.0,0.1540741,16.60019,16.62019,2665600
hardzero_plus_depr__c0p50__z1p00__lam0p020__nu0p50__psi0p75,hardzero_plus_depr,0.06,35,833,0.0,2,0.16175331,0.16175331,1.0238204,0.0,0.09466286,0.0,0.0,2.3153078e-07,-26.830017,2.2524498,0.7508166,0.14400001,0.0,0.15753525,16.62019,16.64019,2668800
hardzero_plus_depr__c0p50__z1p00__lam0p020__nu0p50__psi0p75,hardzero_plus_depr,0.06,35,834,0.0,2,0.16175331,0.16175331,1.0362357,0.0,0.091995016,0.0,0.0,2.2808366e-07,-27.340412,2.279764,0.7599213,0.14400001,0.008,0.15498264,16.64019,16.66019,2672000
hardzero_plus_depr__c0p50__z1p00__lam0p020__nu0p50__psi0p75,hardzero_plus_depr,0.06,35,835,0.0,2,0.16175331,0.16175334,0.99733347,0.10061588,0.10061588,1.0,2.2607166e-08,2.2468785e-07,-27.19572,2.1941774,0.7313925,0.14400001,0.0,0.14478916,16.66019,16.680191,2675200
hardzero_plus_depr__c0p50__z1p00__lam0p020__nu0p50__psi0p75,hardzero_plus_depr,0.06,35,836,0.0,2,0.16175334,0.16175336,0.99683636,0.10073112,0.10073112,1.0,2.229609e-08,2.2134262e-07,-26.337818,2.1930838,0.73102796,0.208,0.0,0.17853384,16.680191,16.700191,2678400
hardzero_plus_depr__c0p50__z1p00__lam0p020__nu0p50__psi0p75,hardzero_plus_depr,0.06,35,837,0.0,2,0.16175336,0.16175336,1.0410571,0.0,0.09097936,0.0,0.0,2.1804719e-07,-28.037,2.2903714,0.7634572,0.14400001,0.0,0.18968205,16.700191,16.720192,2681600
hardzero_plus_depr__c0p50__z1p00__lam0p020__nu0p50__psi0p75,hardzero_plus_depr,0.06,35,838,0.0,2,0.16175336,0.16175336,1.0326769,0.0,0.09275196,0.0,0.0,2.1480082e-07,-27.433346,2.2719347,0.7573116,0.14400001,0.0,0.1471241,16.720192,16.740192,2684800
hardzero_plus_depr__c0p50__z1p00__lam0p020__nu0p50__psi0p75,hardzero_plus_depr,0.06,35,839,0.0,2,0.16175336,0.16175339,0.96126264,0.109329484,0.109329484,1.0,2.3134422e-08,2.1160278e-07,-25.687107,2.11482,0.70494,0.192,0.0,0.12282864,16.740192,16.760193,2688000
hardzero_plus_depr__c0p50__z1p00__lam0p020__nu0p50__psi0p75,hardzero_plus_depr,0.06,35,840,0.0,2,0.16175339,0.1617534,0.97760266,0.105292484,0.105292484,1.0,2.1948464e-08,2.0845233e-07,-26.032774,2.1507688,0.71692294,0.128,0.0,0.12595373,16.760193,16.780193,2691200
hardzero_plus_depr__c0p50__z1p00__lam0p020__nu0p50__psi0p75,hardzero_plus_depr,0.06,35,841,0.0,2,0.1617534,0.16175343,0.9520421,0.11167549,0.11167549,1.0,2.2932431e-08,2.0534883e-07,-25.5662,2.0945344,0.6981782,0.216,0.0,0.1314074,16.780193,16.800194,2694400
hardzero_plus_depr__c0p50__z1p00__lam0p020__nu0p50__psi0p75,hardzero_plus_depr,0.06,35,842,0.0,2,0.16175343,0.16175343,1.0667167,0.0,0.085759714,0.0,0.0,2.022915e-07,-27.998407,2.3468235,0.7822745,0.16800001,0.0,0.15311387,16.800194,16.820194,2697600
hardzero_plus_depr__c0p50__z1p00__lam0p020__nu0p50__psi0p75,hardzero_plus_depr,0.06,35,843,0.0,2,0.16175343,0.16175343,1.0114199,0.0,0.09740475,0.0,0.0,1.9927971e-07,-26.180912,2.2251682,0.74172276,0.16800001,0.0,0.13859029,16.820194,16.840195,2700800
hardzero_plus_depr__c0p50__z1p00__lam0p020__nu0p50__psi0p75,hardzero_plus_depr,0.06,35,844,0.0,2,0.16175343,0.16175343,1.0091387,0.0,0.09791772,0.0,0.0,1.9631277e-07,-26.240381,2.2201495,0.74004984,0.16800001,0.0,0.14960898,16.840195,16.860195,2704000
hardzero_plus_depr__c0p50__z1p00__lam0p020__nu0p50__psi0p75,hardzero_plus_depr,0.06,35,845,0.0,2,0.16175343,0.16175345,0.9904187,0.10223069,0.10223069,1.0,1.977039e-08,1.9338997e-07,-26.90463,2.1789646,0.7263216,0.14,0.0,0.14089824,16.860195,16.880196,2707200
hardzero_plus_depr__c0p50__z1p00__lam0p020__nu0p50__psi0p75,hardzero_plus_depr,0.06,35,846,0.0,2,0.16175345,0.16175346,0.9795976,0.10480992,0.10480992,1.0,1.9967409e-08,1.9051069e-07,-26.216047,2.1551578,0.71838593,0.192,0.0,0.13796961,16.880196,16.900196,2710400
hardzero_plus_depr__c0p50__z1p00__lam0p020__nu0p50__psi0p75,hardzero_plus_depr,0.06,35,847,0.0,2,0.16175346,0.16175346,1.0377823,0.0,0.09166798,0.0,0.0,1.8767432e-07,-27.680763,2.2831666,0.7610556,0.112,0.0,0.1374983,16.900196,16.920197,2713600
hardzero_plus_depr__c0p50__z1p00__lam0p020__nu0p50__psi0p75,hardzero_plus_depr,0.06,35,848,0.0,2,0.16175346,0.16175348,0.98731965,0.10296281,0.10296281,1.0,1.9035777e-08,1.8488014e-07,-26.727873,2.1721466,0.72404885,0.18400002,0.0,0.14199138,16.920197,16.940197,2716800
hardzero_plus_depr__c0p50__z1p00__lam0p020__nu0p50__psi0p75,hardzero_plus_depr,0.06,35,849,0.0,2,0.16175348,0.16175349,0.9869501,0.103050455,0.103050455,1.0,1.876833e-08,1.8212758e-07,-26.590694,2.1713336,0.7237779,0.18400002,0.0,0.15177348,16.940197,16.960197,2720000
hardzero_plus_depr__c0p50__z1p00__lam0p020__nu0p50__psi0p75,hardzero_plus_depr,0.06,35,850,0.0,2,0.16175349,0.16175349,1.0151523,0.0,0.09657121,0.0,0.0,1.7941598e-07,-26.740902,2.2333796,0.74445987,0.192,0.0,0.17874454,16.960197,16.980198,2723200
hardzero_plus_depr__c0p50__z1p00__lam0p020__nu0p50__psi0p75,hardzero_plus_depr,0.06,35,851,0.0,2,0.16175349,0.16175349,1.029818,0.0,0.09336453,0.0,0.0,1.7674476e-07,-28.231255,2.265645,0.75521505,0.16800001,0.0,0.1824428,16.980198,17.000198,2726400
hardzero_plus_depr__c0p50__z1p00__lam0p020__nu0p50__psi0p75,hardzero_plus_depr,0.06,35,852,0.0,2,0.16175349,0.16175349,1.0567148,0.0,0.08775769,0.0,0.0,1.7411331e-07,-27.242188,2.3248188,0.77493966,0.15200001,0.0,0.15316457,17.000198,17.020199,2729600
hardzero_plus_depr__c0p50__z1p00__lam0p020__nu0p50__psi0p75,hardzero_plus_depr,0.06,35,853,0.0,2,0.16175349,0.16175349,1.0699726,0.0,0.08511915,0.0,0.0,1.7152105e-07,-28.656893,2.3539867,0.78466225,0.096,0.0,0.1434545,17.020199,17.0402,2732800
hardzero_plus_depr__c0p50__z1p00__lam0p020__nu0p50__psi0p75,hardzero_plus_depr,0.06,35,854,0.0,2,0.16175349,0.16175349,1.0116541,0.0,0.09735221,0.0,0.0,1.6896738e-07,-27.65871,2.2256835,0.7418945,0.208,0.0,0.15297002,17.0402,17.0602,2736000
hardzero_plus_depr__c0p50__z1p00__lam0p020__nu0p50__psi0p75,hardzero_plus_depr,0.06,35,855,0.0,2,0.16175349,0.16175349,1.0129235,0.0,0.097068086,0.0,0.0,1.6645171e-07,-27.410435,2.228476,0.7428254,0.136,0.0,0.16304667,17.0602,17.0802,2739200
hardzero_plus_depr__c0p50__z1p00__lam0p020__nu0p50__psi0p75,hardzero_plus_depr,0.06,35,856,0.0,2,0.16175349,0.16175349,1.0077326,0.0,0.09823525,0.0,0.0,1.6397352e-07,-27.400457,2.217056,0.7390187,0.128,0.0,0.14864229,17.0802,17.1002,2742400
hardzero_plus_depr__c0p50__z1p00__lam0p020__nu0p50__psi0p75,hardzero_plus_depr,0.06,35,857,0.0,2,0.16175349,0.1617535,0.96991986,0.1071717,0.1071717,1.0,1.7311681e-08,1.6153221e-07,-25.776299,2.1338663,0.7112888,0.136,0.0,0.12940954,17.1002,17.120201,2745600
hardzero_plus_depr__c0p50__z1p00__lam0p020__nu0p50__psi0p75,hardzero_plus_depr,0.06,35,858,0.0,2,0.1617535,0.16175352,0.960975,0.10940193,0.10940193,1.0,1.740883e-08,1.5912727e-07,-26.141562,2.1141872,0.7047291,0.19,0.0,0.13493219,17.120201,17.140202,2748800
hardzero_plus_depr__c0p50__z1p00__lam0p020__nu0p50__psi0p75,hardzero_plus_depr,0.06,35,859,0.0,2,0.16175352,0.16175352,1.009463,0.0,0.09784463,0.0,0.0,1.567581e-07,-26.829208,2.2208629,0.74028766,0.15200001,0.0,0.1506142,17.140202,17.160202,2752000
hardzero_plus_depr__c0p50__z1p00__lam0p020__nu0p50__psi0p75,hardzero_plus_depr,0.06,35,860,0.0,2,0.16175352,0.16175352,1.0317712,0.0,0.09294559,0.0,0.0,1.5442423e-07,-28.335012,2.269942,0.75664735,0.104,0.0,0.15946694,17.160202,17.180202,2755200
hardzero_plus_depr__c0p50__z1p00__lam0p020__nu0p50__psi0p75,hardzero_plus_depr,0.06,35,861,0.0,2,0.16175352,0.16175352,1.0197446,0.0,0.09555542,0.0,0.0,1.521251e-07,-27.597483,2.243483,0.7478277,0.14400001,0.0,0.1314783,17.180202,17.200203,2758400
hardzero_plus_depr__c0p50__z1p00__lam0p020__nu0p50__psi0p75,hardzero_plus_depr,0.06,35,862,0.0,2,0.16175352,0.16175352,1.0086584,0.0,0.09802605,0.0,0.0,1.4986021e-07,-26.774412,2.2190928,0.73969764,0.18400002,0.0,0.15722844,17.200203,17.220203,2761600
hardzero_plus_depr__c0p50__z1p00__lam0p020__nu0p50__psi0p75,hardzero_plus_depr,0.06,35,863,0.0,2,0.16175352,0.16175352,1.02002,0.0,0.09549485,0.0,0.0,1.4762904e-07,-27.369524,2.244089,0.74802965,0.104,0.0,0.1502802,17.220203,17.240204,2764800
hardzero_plus_depr__c0p50__z1p00__lam0p020__nu0p50__psi0p75,hardzero_plus_depr,0.06,35,864,0.0,2,0.16175352,0.16175352,1.0428231,0.0,0.09061016,0.0,0.0,1.4543106e-07,-27.531536,2.2942564,0.76475215,0.16000001,0.0,0.14776634,17.240204,17.260204,2768000
hardzero_plus_depr__c0p50__z1p00__lam0p020__nu0p50__psi0p75,hardzero_plus_depr,0.06,35,865,0.0,2,0.16175352,0.16175352,1.0393747,0.0,0.09133247,0.0,0.0,1.4326584e-07,-27.728996,2.28667,0.76222336,0.23200001,0.0,0.1589598,17.260204,17.280205,2771200
hardzero_plus_depr__c0p50__z1p00__lam0p020__nu0p50__psi0p75,hardzero_plus_depr,0.06,35,866,0.0,2,0.16175352,0.16175354,0.96597725,0.10814906,0.10814906,1.0,1.5263383e-08,1.4113283e-07,-26.53804,2.1251924,0.7083975,0.192,0.0,0.15207854,17.280205,17.300205,2774400
hardzero_plus_depr__c0p50__z1p00__lam0p020__nu0p50__psi0p75,hardzero_plus_depr,0.06,35,867,0.0,2,0.16175354,0.16175354,1.0404782,0.0,0.091100715,0.0,0.0,1.390316e-07,-27.65607,2.2890978,0.7630326,0.18400002,0.0,0.15930186,17.300205,17.320206,2777600
hardzero_plus_depr__c0p50__z1p00__lam0p020__nu0p50__psi0p75,hardzero_plus_depr,0.06,35,868,0.0,2,0.16175354,0.16175355,0.96068674,0.10947456,0.10947456,1.0,1.4993814e-08,1.3696163e-07,-26.278925,2.113553,0.7045177,0.16000001,0.0,0.16957454,17.320206,17.340206,2780800
hardzero_plus_depr__c0p50__z1p00__lam0p020__nu0p50__psi0p75,hardzero_plus_depr,0.06,35,869,0.0,2,0.16175355,0.16175357,0.9571839,0.11036112,0.11036112,1.0,1.4890197e-08,1.3492249e-07,-26.987911,2.1058466,0.7019489,0.18400002,0.0,0.13541195,17.340206,17.360207,2784000
hardzero_plus_depr__c0p50__z1p00__lam0p020__nu0p50__psi0p75,hardzero_plus_depr,0.06,35,870,0.0,2,0.16175357,0.16175358,0.97064173,0.10699373,0.10699373,1.0,1.4220934e-08,1.3291371e-07,-26.593195,2.1354544,0.71181816,0.216,0.0,0.15333539,17.360207,17.380207,2787200
hardzero_plus_depr__c0p50__z1p00__lam0p020__nu0p50__psi0p75,hardzero_plus_depr,0.06,35,871,0.0,2,0.16175358,0.1617536,0.9757054,0.10575347,0.10575347,1.0,1.3846814e-08,1.3093485e-07,-26.851152,2.1465948,0.7155316,0.19,0.0,0.15004028,17.380207,17.400208,2790400
hardzero_plus_depr__c0p50__z1p00__lam0p020__nu0p50__psi0p75,hardzero_plus_depr,0.06,35,872,0.0,2,0.1617536,0.1617536,1.048699,0.0,0.08939247,0.0,0.0,1.2898543e-07,-28.02584,2.307184,0.7690613,0.128,0.0,0.13982198,17.400208,17.420208,2793600
hardzero_plus_depr__c0p50__z1p00__lam0p020__nu0p50__psi0p75,hardzero_plus_depr,0.06,35,873,0.0,2,0.1617536,0.16175361,0.98338515,0.10389983,0.10389983,1.0,1.3202037e-08,1.2706505e-07,-26.564247,2.1634905,0.7211635,0.17600001,0.008,0.16401397,17.420208,17.440208,2796800
hardzero_plus_depr__c0p50__z1p00__lam0p020__nu0p50__psi0p75,hardzero_plus_depr,0.06,35,874,0.0,2,0.16175361,0.16175361,1.0257026,0.0,0.09425348,0.0,0.0,1.2517324e-07,-28.003862,2.2565908,0.75219697,0.192,0.0,0.18276118,17.440208,17.460209,2800000
hardzero_plus_depr__c0p50__z1p00__lam0p020__nu0p50__psi0p75,hardzero_plus_depr,0.06,35,875,0.0,2,0.16175361,0.16175362,0.97740495,0.105340414,0.105340414,1.0,1.2989486e-08,1.2330962e-07,-26.90226,2.150334,0.716778,0.2,0.0,0.13180286,17.460209,17.48021,2803200
hardzero_plus_depr__c0p50__z1p00__lam0p020__nu0p50__psi0p75,hardzero_plus_depr,0.06,35,876,0.0,2,0.16175362,0.16175362,1.0064914,0.0,0.09851642,0.0,0.0,1.2147375e-07,-27.34242,2.2143254,0.7381085,0.16800001,0.0,0.14400186,17.48021,17.50021,2806400
hardzero_plus_depr__c0p50__z1p00__lam0p020__nu0p50__psi0p75,hardzero_plus_depr,0.06,35,877,0.0,2,0.16175362,0.16175364,0.9926657,0.10170312,0.10170312,1.0,1.2170324e-08,1.196652e-07,-26.24926,2.1839082,0.7279694,0.23200001,0.0,0.15020315,17.50021,17.52021,2809600
hardzero_plus_depr__c0p50__z1p00__lam0p020__nu0p50__psi0p75,hardzero_plus_depr,0.06,35,878,0.0,2,0.16175364,0.16175365,0.9827888,0.10404259,0.10404259,1.0,1.2264912e-08,1.17883566e-07,-26.377985,2.1621785,0.7207262,0.15200001,0.0,0.1475278,17.52021,17.54021,2812800
hardzero_plus_depr__c0p50__z1p00__lam0p020__nu0p50__psi0p75,hardzero_plus_depr,0.06,35,879,0.0,2,0.16175365,0.16175365,1.0181477,0.0,0.095907435,0.0,0.0,1.16128454e-07,-26.699364,2.2399697,0.7466566,0.192,0.0,0.16224025,17.54021,17.560211,2816000
hardzero_plus_depr__c0p50__z1p00__lam0p020__nu0p50__psi0p75,hardzero_plus_depr,0.06,35,880,0.0,2,0.16175365,0.16175367,0.9668417,0.107934,0.107934,1.0,1.2347595e-08,1.143995e-07,-25.50579,2.1270943,0.70903146,0.15200001,0.0,0.14380415,17.560211,17.580212,2819200
hardzero_plus_depr__c0p50__z1p00__lam0p020__nu0p50__psi0p75,hardzero_plus_depr,0.06,35,881,0.0,2,0.16175367,0.16175368,0.98199344,0.104233325,0.104233325,1.0,1.1746708e-08,1.1269628e-07,-27.318378,2.1604288,0.72014296,0.14400001,0.0,0.13234098,17.580212,17.600212,2822400
hardzero_plus_depr__c0p50__z1p00__lam0p020__nu0p50__psi0p75,hardzero_plus_depr,0.06,35,882,0.0,2,0.16175368,0.16175368,1.0096899,0.0,0.097793505,0.0,0.0,1.1101841e-07,-26.6405,2.221362,0.7404541,0.15200001,0.0,0.14671074,17.600212,17.620213,2825600
hardzero_plus_depr__c0p50__z1p00__lam0p020__nu0p50__psi0p75,hardzero_plus_depr,0.06,35,883,0.0,2,0.16175368,0.16175368,1.0321184,0.0,0.0928713,0.0,0.0,1.0936552e-07,-27.389004,2.270706,0.756902,0.136,0.0,0.1533839,17.620213,17.640213,2828800
hardzero_plus_depr__c0p50__z1p00__lam0p020__nu0p50__psi0p75,hardzero_plus_depr,0.06,35,884,0.0,2,0.16175368,0.1617537,0.9894168,0.10246681,0.10246681,1.0,1.1039492e-08,1.0773725e-07,-27.04305,2.1767604,0.72558683,0.12,0.0,0.1383459,17.640213,17.660213,2832000
hardzero_plus_depr__c0p50__z1p00__lam0p020__nu0p50__psi0p75,hardzero_plus_depr,0.06,35,885,0.0,2,0.1617537,0.1617537,1.0511404,0.0,0.088891365,0.0,0.0,1.0613321e-07,-28.063036,2.312555,0.77085173,0.128,0.0,0.13485746,17.660213,17.680214,2835200
hardzero_plus_depr__c0p50__z1p00__lam0p020__nu0p50__psi0p75,hardzero_plus_depr,0.06,35,886,0.0,2,0.1617537,0.1617537,1.0391617,0.0,0.09137731,0.0,0.0,1.0455306e-07,-27.387554,2.2862012,0.7620671,0.16800001,0.0,0.14249735,17.680214,17.700214,2838400
hardzero_plus_depr__c0p50__z1p00__lam0p020__nu0p50__psi0p75,hardzero_plus_depr,0.06,35,887,0.0,2,0.1617537,0.16175371,0.9583099,0.11007535,0.11007535,1.0,1.13373675e-08,1.0299643e-07,-26.04031,2.1083238,0.70277464,0.216,0.0,0.16215985,17.700214,17.720215,2841600
hardzero_plus_depr__c0p50__z1p00__lam0p020__nu0p50__psi0p75,hardzero_plus_depr,0.06,35,888,0.0,2,0.16175371,0.16175373,0.99454767,0.10126336,0.10126336,1.0,1.0274482e-08,1.0146297e-07,-27.151981,2.1880486,0.72934955,0.192,0.0,0.15143804,17.720215,17.740215,2844800
hardzero_plus_depr__c0p50__z1p00__lam0p020__nu0p50__psi0p75,hardzero_plus_depr,0.06,35,889,0.0,2,0.16175373,0.16175373,1.0176964,0.0,0.09600716,0.0,0.0,9.9952366e-08,-27.995642,2.2389767,0.7463256,0.14400001,0.0,0.15463784,17.740215,17.760216,2848000
hardzero_plus_depr__c0p50__z1p00__lam0p020__nu0p50__psi0p75,hardzero_plus_depr,0.06,35,890,0.0,2,0.16175373,0.16175373,1.0105482,0.0,0.09760043,0.0,0.0,9.846422e-08,-27.700603,2.2232506,0.74108356,0.128,0.0,0.15561481,17.760216,17.780216,2851200
hardzero_plus_depr__c0p50__z1p00__lam0p020__nu0p50__psi0p75,hardzero_plus_depr,0.06,35,891,0.0,2,0.16175373,0.16175373,1.0211614,0.0,0.0952442,0.0,0.0,9.699825e-08,-27.664032,2.2466002,0.74886674,0.16000001,0.0,0.14105512,17.780216,17.800217,2854400
hardzero_plus_depr__c0p50__z1p00__lam0p020__nu0p50__psi0p75,hardzero_plus_depr,0.06,35,892,0.0,2,0.16175373,0.16175374,0.9835233,0.10386679,0.10386679,1.0,9.924898e-09,9.55541e-08,-27.369516,2.1637945,0.72126484,0.17600001,0.0,0.14933732,17.800217,17.820217,2857600
hardzero_plus_depr__c0p50__z1p00__lam0p020__nu0p50__psi0p75,hardzero_plus_depr,0.06,35,893,0.0,2,0.16175374,0.16175376,0.9923934,0.10176692,0.10176692,1.0,9.579469e-09,9.413146e-08,-26.546307,2.183309,0.72776973,0.104,0.0,0.13411711,17.820217,17.840218,2860800
hardzero_plus_depr__c0p50__z1p00__lam0p020__nu0p50__psi0p75,hardzero_plus_depr,0.06,35,894,0.0,2,0.16175376,0.16175376,1.0497026,0.0,0.08918614,0.0,0.0,9.272999e-08,-27.971382,2.309392,0.7697973,0.136,0.0,0.15029383,17.840218,17.860218,2864000
hardzero_plus_depr__c0p50__z1p00__lam0p020__nu0p50__psi0p75,hardzero_plus_depr,0.06,35,895,0.0,2,0.16175376,0.16175377,0.9771865,0.10539342,0.10539342,1.0,9.627624e-09,9.1349385e-08,-26.225042,2.1498532,0.71661776,0.2,0.0,0.14968786,17.860218,17.880219,2867200
hardzero_plus_depr__c0p50__z1p00__lam0p020__nu0p50__psi0p75,hardzero_plus_depr,0.06,35,896,0.0,2,0.16175377,0.16175377,1.0242472,0.0,0.09456987,0.0,0.0,8.998934e-08,-26.542213,2.253389,0.7511296,0.128,0.0,0.1370133,17.880219,17.900219,2870400
hardzero_plus_depr__c0p50__z1p00__lam0p020__nu0p50__psi0p75,hardzero_plus_depr,0.06,35,897,0.0,2,0.16175377,0.16175379,0.98460996,0.10360722,0.10360722,1.0,9.184733e-09,8.864954e-08,-27.422705,2.1661851,0.72206175,0.14999999,0.0,0.13955116,17.900219,17.92022,2873600
hardzero_plus_depr__c0p50__z1p00__lam0p020__nu0p50__psi0p75,hardzero_plus_depr,0.06,35,898,0.0,2,0.16175379,0.16175379,1.0328085,0.0,0.092723854,0.0,0.0,8.7329695e-08,-28.039616,2.2722242,0.7574081,0.136,0.0,0.15009359,17.92022,17.94022,2876800
hardzero_plus_depr__c0p50__z1p00__lam0p020__nu0p50__psi0p75,hardzero_plus_depr,0.06,35,899,0.0,2,0.16175379,0.1617538,0.96375805,0.10870309,0.10870309,1.0,9.351672e-09,8.6029495e-08,-26.684544,2.12031,0.70677006,0.18400002,0.0,0.14853686,17.94022,17.96022,2880000
hardzero_plus_depr__c0p50__z1p00__lam0p020__nu0p50__psi0p75,hardzero_plus_depr,0.06,35,900,0.0,2,0.1617538,0.16175382,0.9994748,0.10012099,0.10012099,1.0,8.485118e-09,8.474865e-08,-27.166128,2.1988885,0.73296285,0.14400001,0.0,0.14768714,17.96022,17.98022,2883200
hardzero_plus_depr__c0p50__z1p00__lam0p020__nu0p50__psi0p75,hardzero_plus_depr,0.06,35,901,0.0,2,0.16175382,0.16175383,0.93164027,0.117046855,0.117046855,1.0,9.771876e-09,8.3486874e-08,-24.963419,2.0496495,0.6832165,0.192,0.0,0.11804627,17.98022,18.000221,2886400
hardzero_plus_depr__c0p50__z1p00__lam0p020__nu0p50__psi0p75,hardzero_plus_depr,0.06,35,902,0.0,2,0.16175383,0.16175385,0.9809421,0.104485966,0.104485966,1.0,8.593333e-09,8.22439e-08,-27.000826,2.1581156,0.7193719,0.224,0.0,0.10747333,18.000221,18.020222,2889600
hardzero_plus_depr__c0p50__z1p00__lam0p020__nu0p50__psi0p75,hardzero_plus_depr,0.06,35,903,0.0,2,0.16175385,0.16175386,0.9827068,0.10406223,0.10406223,1.0,8.431061e-09,8.1019415e-08,-26.847363,2.161998,0.72066605,0.14400001,0.0,0.15785962,18.020222,18.040222,2892800
hardzero_plus_depr__c0p50__z1p00__lam0p020__nu0p50__psi0p75,hardzero_plus_depr,0.06,35,904,0.0,2,0.16175386,0.16175386,1.0027155,0.0,0.09937669,0.0,0.0,7.9813155e-08,-26.801575,2.2060182,0.7353394,0.208,0.008,0.19397904,18.040222,18.060223,2896000
hardzero_plus_depr__c0p50__z1p00__lam0p020__nu0p50__psi0p75,hardzero_plus_depr,0.06,35,905,0.0,2,0.16175386,0.16175388,0.99999726,0.10000062,0.10000062,1.0,7.862536e-09,7.862488e-08,-27.648481,2.200038,0.733346,0.16800001,0.0,0.17570603,18.060223,18.080223,2899200
hardzero_plus_depr__c0p50__z1p00__lam0p020__nu0p50__psi0p75,hardzero_plus_depr,0.06,35,906,0.0,2,0.16175388,0.16175388,1.0406486,0.0,0.09106499,0.0,0.0,7.7454274e-08,-27.396997,2.2894726,0.76315755,0.056,0.0,0.14744654,18.080223,18.100224,2902400
hardzero_plus_depr__c0p50__z1p00__lam0p020__nu0p50__psi0p75,hardzero_plus_depr,0.06,35,907,0.0,2,0.16175388,0.1617539,0.9903311,0.10225131,0.10225131,1.0,7.801888e-09,7.6301106e-08,-27.642313,2.178772,0.7262573,0.192,0.0,0.16304593,18.100224,18.120224,2905600
hardzero_plus_depr__c0p50__z1p00__lam0p020__nu0p50__psi0p75,hardzero_plus_depr,0.06,35,908,0.0,2,0.1617539,0.1617539,1.0329154,0.0,0.09270105,0.0,0.0,7.5165104e-08,-27.62712,2.2724593,0.75748646,0.192,0.008,0.16571544,18.120224,18.140224,2908800
hardzero_plus_depr__c0p50__z1p00__lam0p020__nu0p50__psi0p75,hardzero_plus_depr,0.06,35,909,0.0,2,0.1617539,0.1617539,1.009639,0.0,0.09780498,0.0,0.0,7.4046014e-08,-27.015413,2.2212503,0.74041677,0.208,0.008,0.16352737,18.140224,18.160225,2912000
hardzero_plus_depr__c0p50__z1p00__lam0p020__nu0p50__psi0p75,hardzero_plus_depr,0.06,35,910,0.0,2,0.1617539,0.1617539,1.0127217,0.0,0.09711323,0.0,0.0,7.294359e-08,-27.464922,2.228032,0.7426774,0.13,0.0,0.15551117,18.160225,18.180225,2915200
hardzero_plus_depr__c0p50__z1p00__lam0p020__nu0p50__psi0p75,hardzero_plus_depr,0.06,35,911,0.0,2,0.1617539,0.1617539,1.0183975,0.0,0.09585229,0.0,0.0,7.185758e-08,-27.839611,2.240519,0.7468397,0.120000005,0.0,0.1316155,18.180225,18.200226,2918400
hardzero_plus_depr__c0p50__z1p00__lam0p020__nu0p50__psi0p75,hardzero_plus_depr,0.06,35,912,0.0,2,0.1617539,0.1617539,1.0098962,0.0,0.09774707,0.0,0.0,7.0787735e-08,-27.16311,2.2218158,0.7406053,0.120000005,0.0,0.13833201,18.200226,18.220226,2921600
hardzero_plus_depr__c0p50__z1p00__lam0p020__nu0p50__psi0p75,hardzero_plus_depr,0.06,35,913,0.0,2,0.1617539,0.1617539,1.0177906,0.0,0.09598634,0.0,0.0,6.9733815e-08,-27.362993,2.239184,0.74639463,0.128,0.0,0.14319567,18.220226,18.240227,2924800
hardzero_plus_depr__c0p50__z1p00__lam0p020__nu0p50__psi0p75,hardzero_plus_depr,0.06,35,914,0.0,2,0.1617539,0.16175391,0.9306686,0.11730903,0.11730903,1.0,8.058613e-09,6.869559e-08,-25.815575,2.0475118,0.68250394,0.136,0.0,0.117509104,18.240227,18.260227,2928000
hardzero_plus_depr__c0p50__z1p00__lam0p020__nu0p50__psi0p75,hardzero_plus_depr,0.06,35,915,0.0,2,0.16175391,0.16175391,1.0041529,0.0,0.0990483,0.0,0.0,6.767282e-08,-27.076385,2.2091804,0.73639345,0.128,0.0,0.15199807,18.260227,18.280228,2931200
hardzero_plus_depr__c0p50__z1p00__lam0p020__nu0p50__psi0p75,hardzero_plus_depr,0.06,35,916,0.0,2,0.16175391,0.16175391,0.9994825,0.10011923,0.10011923,1.0,6.6744774e-09,6.666529e-08,-26.947096,2.1989055,0.7329685,0.17600001,0.008,0.1376379,18.280228,18.300228,2934400
hardzero_plus_depr__c0p50__z1p00__lam0p020__nu0p50__psi0p75,hardzero_plus_depr,0.06,35,917,0.0,2,0.16175391,0.16175391,1.0495776,0.0,0.089211814,0.0,0.0,6.567275e-08,-27.668194,2.3091168,0.76970565,0.208,0.0,0.15790479,18.300228,18.320229,2937600
hardzero_plus_depr__c0p50__z1p00__lam0p020__nu0p50__psi0p75,hardzero_plus_depr,0.06,35,918,0.0,2,0.16175391,0.16175391,1.0363983,0.0,0.09196059,0.0,0.0,6.469498e-08,-27.778648,2.2801218,0.76004064,0.16800001,0.0,0.17682132,18.320229,18.340229,2940800
hardzero_plus_depr__c0p50__z1p00__lam0p020__nu0p50__psi0p75,hardzero_plus_depr,0.06,35,919,0.0,2,0.16175391,0.16175391,1.0488297,0.0,0.089365594,0.0,0.0,6.373178e-08,-27.590786,2.3074713,0.7691571,0.128,0.0,0.1647063,18.340229,18.36023,2944000
hardzero_plus_depr__c0p50__z1p00__lam0p020__nu0p50__psi0p75,hardzero_plus_depr,0.06,35,920,0.0,2,0.16175391,0.16175391,1.0523794,0.0,0.08863815,0.0,0.0,6.278292e-08,-28.060516,2.315281,0.77176034,0.16800001,0.0,0.17018719,18.36023,18.38023,2947200
hardzero_plus_depr__c0p50__z1p00__lam0p020__nu0p50__psi0p75,hardzero_plus_depr,0.06,35,921,0.0,2,0.16175391,0.16175391,1.005732,0.0,0.0986888,0.0,0.0,6.1848176e-08,-27.020477,2.2126546,0.73755157,0.192,0.0,0.13430654,18.38023,18.40023,2950400
hardzero_plus_depr__c0p50__z1p00__lam0p020__nu0p50__psi0p75,hardzero_plus_depr,0.06,35,922,0.0,2,0.16175391,0.16175391,1.0184509,0.0,0.0958405,0.0,0.0,6.092736e-08,-27.176327,2.2406366,0.74687886,0.192,0.0,0.13800828,18.40023,18.42023,2953600
hardzero_plus_depr__c0p50__z1p00__lam0p020__nu0p50__psi0p75,hardzero_plus_depr,0.06,35,923,0.0,2,0.16175391,0.16175391,1.0678724,0.0,0.0855318,0.0,0.0,6.002024e-08,-28.600805,2.3493662,0.78312206,0.11,0.0,0.18872283,18.42023,18.440231,2956800
hardzero_plus_depr__c0p50__z1p00__lam0p020__nu0p50__psi0p75,hardzero_plus_depr,0.06,35,924,0.0,2,0.16175391,0.16175391,0.9988936,0.10025507,0.10025507,1.0,5.9277454e-09,5.9126638e-08,-27.082745,2.19761,0.7325367,0.15200001,0.0,0.16107465,18.440231,18.460232,2960000
hardzero_plus_depr__c0p50__z1p00__lam0p020__nu0p50__psi0p75,hardzero_plus_depr,0.06,35,925,0.0,2,0.16175391,0.16175391,1.002979,0.0,0.09931639,0.0,0.0,5.824634e-08,-27.43712,2.206598,0.7355327,0.23200001,0.0,0.15724644,18.460232,18.480232,2963200
hardzero_plus_depr__c0p50__z1p00__lam0p020__nu0p50__psi0p75,hardzero_plus_depr,0.06,35,926,0.0,2,0.16175391,0.16175391,0.99053454,0.10220343,0.10220343,1.0,5.8643455e-09,5.7379147e-08,-26.101927,2.1792195,0.7264065,0.128,0.0,0.13962442,18.480232,18.500233,2966400
hardzero_plus_depr__c0p50__z1p00__lam0p020__nu0p50__psi0p75,hardzero_plus_depr,0.06,35,927,0.0,2,0.16175391,0.16175391,0.9950939,0.10113607,0.10113607,1.0,5.7167027e-09,5.652486e-08,-26.88279,2.1892502,0.7297501,0.18400002,0.0,0.16777821,18.500233,18.520233,2969600
hardzero_plus_depr__c0p50__z1p00__lam0p020__nu0p50__psi0p75,hardzero_plus_depr,0.06,35,928,0.0,2,0.16175391,0.16175391,0.97550136,0.10580317,0.10580317,1.0,5.8914695e-09,5.5683298e-08,-25.7058,2.1461458,0.715382,0.120000005,0.0,0.13356103,18.520233,18.540234,2972800
hardzero_plus_depr__c0p50__z1p00__lam0p020__nu0p50__psi0p75,hardzero_plus_depr,0.06,35,929,0.0,2,0.16175391,0.16175391,0.98236203,0.10414489,0.10414489,1.0,5.7127916e-09,5.4854265e-08,-26.308832,2.1612396,0.7204132,0.17600001,0.0,0.14119487,18.540234,18.560234,2976000
hardzero_plus_depr__c0p50__z1p00__lam0p020__nu0p50__psi0p75,hardzero_plus_depr,0.06,35,930,0.0,2,0.16175391,0.16175391,1.0031012,0.0,0.09928845,0.0,0.0,5.4037567e-08,-26.73529,2.2068667,0.7356223,0.104,0.0,0.14494018,18.560234,18.580235,2979200
hardzero_plus_depr__c0p50__z1p00__lam0p020__nu0p50__psi0p75,hardzero_plus_depr,0.06,35,931,0.0,2,0.16175391,0.16175391,0.9790222,0.10494887,0.10494887,1.0,5.586747e-09,5.3233038e-08,-26.275105,2.1538918,0.71796393,0.17600001,0.0,0.13620852,18.580235,18.600235,2982400
hardzero_plus_depr__c0p50__z1p00__lam0p020__nu0p50__psi0p75,hardzero_plus_depr,0.06,35,932,0.0,2,0.16175391,0.16175391,1.0185117,0.0,0.095827095,0.0,0.0,5.2440484e-08,-27.652325,2.2407703,0.74692345,0.18400002,0.0,0.1722638,18.600235,18.620235,2985600
hardzero_plus_depr__c0p50__z1p00__lam0p020__nu0p50__psi0p75,hardzero_plus_depr,0.06,35,933,0.0,2,0.16175391,0.16175391,0.9997257,0.100063175,0.100063175,1.0,5.169236e-09,5.1659725e-08,-26.145164,2.1994405,0.73314685,0.2,0.0,0.14205535,18.620235,18.640236,2988800
hardzero_plus_depr__c0p50__z1p00__lam0p020__nu0p50__psi0p75,hardzero_plus_depr,0.06,35,934,0.0,2,0.16175391,0.16175391,1.0042841,0.0,0.099018395,0.0,0.0,5.0890595e-08,-26.294752,2.2094693,0.7364898,0.128,0.0,0.13539225,18.640236,18.660236,2992000
hardzero_plus_depr__c0p50__z1p00__lam0p020__nu0p50__psi0p75,hardzero_plus_depr,0.06,35,935,0.0,2,0.16175391,0.16175391,0.9996171,0.10008821,0.10008821,1.0,5.017714e-09,5.013292e-08,-26.929308,2.1992016,0.7330672,0.112,0.0,0.13321362,18.660236,18.680237,2995200
hardzero_plus_depr__c0p50__z1p00__lam0p020__nu0p50__psi0p75,hardzero_plus_depr,0.06,35,936,0.0,2,0.16175391,0.16175391,1.0324934,0.0,0.09279118,0.0,0.0,4.9386518e-08,-27.838285,2.2715306,0.7571769,0.12,0.0,0.17051178,18.680237,18.700237,2998400
hardzero_plus_depr__c0p50__z1p00__lam0p020__nu0p50__psi0p75,hardzero_plus_depr,0.06,35,937,0.0,2,0.16175391,0.16175391,1.0603012,0.0,0.08703598,0.0,0.0,4.8651234e-08,-27.99105,2.3327093,0.7775698,0.08800001,0.0,0.159813,18.700237,18.720238,3001600
hardzero_plus_depr__c0p50__z1p00__lam0p020__nu0p50__psi0p75,hardzero_plus_depr,0.06,35,938,0.0,2,0.16175391,0.16175391,1.0215822,0.0,0.09515195,0.0,0.0,4.7926893e-08,-27.270615,2.2475257,0.74917525,0.18400002,0.0,0.15138173,18.720238,18.740238,3004800
hardzero_plus_depr__c0p50__z1p00__lam0p020__nu0p50__psi0p75,hardzero_plus_depr,0.06,35,939,0.0,2,0.16175391,0.16175391,0.9874413,0.10293397,0.10293397,1.0,4.8598565e-09,4.7213337e-08,-26.544416,2.1724143,0.72413814,0.16000001,0.0,0.12837581,18.740238,18.760239,3008000
hardzero_plus_depr__c0p50__z1p00__lam0p020__nu0p50__psi0p75,hardzero_plus_depr,0.06,35,940,0.0,2,0.16175391,0.16175391,1.0538244,0.0,0.0883437,0.0,0.0,4.6510408e-08,-27.153175,2.31846,0.77282,0.120000005,0.0,0.15913467,18.760239,18.78024,3011200
hardzero_plus_depr__c0p50__z1p00__lam0p020__nu0p50__psi0p75,hardzero_plus_depr,0.06,35,941,0.0,2,0.16175391,0.16175391,0.9552754,0.110847145,0.110847145,1.0,5.078788e-09,4.581794e-08,-26.007456,2.1016479,0.7005493,0.192,0.0,0.120961584,18.78024,18.80024,3014400
hardzero_plus_depr__c0p50__z1p00__lam0p020__nu0p50__psi0p75,hardzero_plus_depr,0.06,35,942,0.0,2,0.16175391,0.16175391,0.9929491,0.10163678,0.10163678,1.0,4.587456e-09,4.513579e-08,-26.931978,2.1845317,0.72817725,0.08800001,0.0,0.14183965,18.80024,18.82024,3017600
hardzero_plus_depr__c0p50__z1p00__lam0p020__nu0p50__psi0p75,hardzero_plus_depr,0.06,35,943,0.0,2,0.16175391,0.16175391,1.0032923,0.0,0.09924479,0.0,0.0,4.4463786e-08,-27.170492,2.2072873,0.7357625,0.17600001,0.008,0.14814003,18.82024,18.84024,3020800
hardzero_plus_depr__c0p50__z1p00__lam0p020__nu0p50__psi0p75,hardzero_plus_depr,0.06,35,944,0.0,2,0.16175391,0.16175391,1.007593,0.0,0.09826682,0.0,0.0,4.380179e-08,-27.402462,2.216749,0.73891634,0.192,0.0,0.15592675,18.84024,18.86024,3024000
hardzero_plus_depr__c0p50__z1p00__lam0p020__nu0p50__psi0p75,hardzero_plus_depr,0.06,35,945,0.0,2,0.16175391,0.16175391,1.0338858,0.0,0.092494115,0.0,0.0,4.3149655e-08,-27.91982,2.2745943,0.75819814,0.16000001,0.0,0.14568986,18.86024,18.880241,3027200
hardzero_plus_depr__c0p50__z1p00__lam0p020__nu0p50__psi0p75,hardzero_plus_depr,0.06,35,946,0.0,2,0.16175391,0.16175391,0.9945381,0.10126557,0.10126557,1.0,4.304519e-09,4.2507228e-08,-27.008911,2.1880276,0.7293426,0.2,0.0,0.15504463,18.880241,18.900242,3030400
hardzero_plus_depr__c0p50__z1p00__lam0p020__nu0p50__psi0p75,hardzero_plus_depr,0.06,35,947,0.0,2,0.16175391,0.16175391,0.99578243,0.10097585,0.10097585,1.0,4.228299e-09,4.187436e-08,-27.03582,2.1907651,0.73025507,0.192,0.0,0.16062003,18.900242,18.920242,3033600
hardzero_plus_depr__c0p50__z1p00__lam0p020__nu0p50__psi0p75,hardzero_plus_depr,0.06,35,948,0.0,2,0.16175391,0.16175391,1.0667735,0.0,0.08574847,0.0,0.0,4.1250917e-08,-28.708654,2.3469486,0.7823162,0.136,0.0,0.18508814,18.920242,18.940243,3036800
hardzero_plus_depr__c0p50__z1p00__lam0p020__nu0p50__psi0p75,hardzero_plus_depr,0.06,35,949,0.0,2,0.16175391,0.16175391,0.97523206,0.10586878,0.10586878,1.0,4.302164e-09,4.0636756e-08,-26.12976,2.1455534,0.71518445,0.14999999,0.0,0.12887819,18.940243,18.960243,3040000
hardzero_plus_depr__c0p50__z1p00__lam0p020__nu0p50__psi0p75,hardzero_plus_depr,0.06,35,950,0.0,2,0.16175391,0.16175391,1.0282195,0.0,0.093708836,0.0,0.0,4.0031743e-08,-27.916964,2.262128,0.75404274,0.16000001,0.0,0.17579412,18.960243,18.980244,3043200
hardzero_plus_depr__c0p50__z1p00__lam0p020__nu0p50__psi0p75,hardzero_plus_depr,0.06,35,951,0.0,2,0.16175391,0.16175391,0.9703159,0.10707403,0.10707403,1.0,4.222543e-09,3.9435736e-08,-26.52297,2.1347375,0.7115792,0.192,0.0,0.13657069,18.980244,19.000244,3046400
hardzero_plus_depr__c0p50__z1p00__lam0p020__nu0p50__psi0p75,hardzero_plus_depr,0.06,35,952,0.0,2,0.16175391,0.16175391,1.0487893,0.0,0.08937391,0.0,0.0,3.88486e-08,-27.911154,2.3073823,0.7691275,0.17600001,0.0,0.13128094,19.000244,19.020245,3049600
hardzero_plus_depr__c0p50__z1p00__lam0p020__nu0p50__psi0p75,hardzero_plus_depr,0.06,35,953,0.0,2,0.16175391,0.16175391,0.982828,0.10403321,0.10403321,1.0,3.981372e-09,3.8270205e-08,-26.22162,2.1622648,0.720755,0.18400002,0.0,0.14305858,19.020245,19.040245,3052800
hardzero_plus_depr__c0p50__z1p00__lam0p020__nu0p50__psi0p75,hardzero_plus_depr,0.06,35,954,0.0,2,0.16175391,0.16175391,0.9996568,0.10007907,0.10007907,1.0,3.7730232e-09,3.7700424e-08,-27.63168,2.1992888,0.7330963,0.16000001,0.0,0.17469768,19.040245,19.060246,3056000
hardzero_plus_depr__c0p50__z1p00__lam0p020__nu0p50__psi0p75,hardzero_plus_depr,0.06,35,955,0.0,2,0.16175391,0.16175391,1.0198857,0.0,0.09552439,0.0,0.0,3.7139124e-08,-27.7836,2.2437932,0.7479311,0.112,0.0,0.17176817,19.060246,19.080246,3059200
hardzero_plus_depr__c0p50__z1p00__lam0p020__nu0p50__psi0p75,hardzero_plus_depr,0.06,35,956,0.0,2,0.16175391,0.16175391,1.0340714,0.0,0.092454605,0.0,0.0,3.6586183e-08,-27.185644,2.2750025,0.75833416,0.136,0.008,0.14365368,19.080246,19.100246,3062400
hardzero_plus_depr__c0p50__z1p00__lam0p020__nu0p50__psi0p75,hardzero_plus_depr,0.06,35,957,0.0,2,0.16175391,0.16175391,1.0103301,0.0,0.09764948,0.0,0.0,3.6041474e-08,-26.276302,2.2227707,0.7409236,0.136,0.0,0.14940535,19.100246,19.120247,3065600
hardzero_plus_depr__c0p50__z1p00__lam0p020__nu0p50__psi0p75,hardzero_plus_depr,0.06,35,958,0.0,2,0.16175391,0.16175391,1.0190748,0.0,0.09570293,0.0,0.0,3.5504872e-08,-27.075523,2.2420094,0.7473365,0.16000001,0.0,0.14276779,19.120247,19.140247,3068800
hardzero_plus_depr__c0p50__z1p00__lam0p020__nu0p50__psi0p75,hardzero_plus_depr,0.06,35,959,0.0,2,0.16175391,0.16175391,0.99654514,0.10079868,0.10079868,1.0,3.5255612e-09,3.4976264e-08,-27.197212,2.1924431,0.7308144,0.17600001,0.0,0.13072072,19.140247,19.160248,3072000
hardzero_plus_depr__c0p50__z1p00__lam0p020__nu0p50__psi0p75,hardzero_plus_depr,0.06,35,960,0.0,2,0.16175391,0.16175391,0.99665505,0.10077318,0.10077318,1.0,3.4721923e-09,3.445552e-08,-27.106998,2.192685,0.730895,0.15200001,0.008,0.13709621,19.160248,19.180248,3075200
hardzero_plus_depr__c0p50__z1p00__lam0p020__nu0p50__psi0p75,hardzero_plus_depr,0.06,35,961,0.0,2,0.16175391,0.16175391,0.94790584,0.11274418,0.11274418,1.0,3.8268237e-09,3.3942538e-08,-25.711895,2.0854344,0.69514483,0.2,0.0,0.15512478,19.180248,19.200249,3078400
hardzero_plus_depr__c0p50__z1p00__lam0p020__nu0p50__psi0p75,hardzero_plus_depr,0.06,35,962,0.0,2,0.16175391,0.16175391,1.0925595,0.0,0.080805436,0.0,0.0,3.343718e-08,-28.476675,2.403679,0.8012263,0.14,0.0,0.15769698,19.200249,19.22025,3081600
hardzero_plus_depr__c0p50__z1p00__lam0p020__nu0p50__psi0p75,hardzero_plus_depr,0.06,35,963,0.0,2,0.16175391,0.16175391,1.0130212,0.0,0.09704625,0.0,0.0,3.2939358e-08,-26.564823,2.228691,0.74289703,0.120000005,0.0,0.14373094,19.22025,19.24025,3084800
hardzero_plus_depr__c0p50__z1p00__lam0p020__nu0p50__psi0p75,hardzero_plus_depr,0.06,35,964,0.0,2,0.16175391,0.16175391,0.9957011,0.10099477,0.10099477,1.0,3.2771739e-09,3.2448945e-08,-27.043272,2.190586,0.7301954,0.18400002,0.0,0.13229913,19.24025,19.26025,3088000
hardzero_plus_depr__c0p50__z1p00__lam0p020__nu0p50__psi0p75,hardzero_plus_depr,0.06,35,965,0.0,2,0.16175391,0.16175391,0.99164575,0.10194225,0.10194225,1.0,3.258669e-09,3.1965833e-08,-26.49291,2.1816642,0.7272214,0.17600001,0.0,0.12870933,19.26025,19.28025,3091200
hardzero_plus_depr__c0p50__z1p00__lam0p020__nu0p50__psi0p75,hardzero_plus_depr,0.06,35,966,0.0,2,0.16175391,0.16175391,1.0519406,0.0,0.08872773,0.0,0.0,3.148991e-08,-27.465767,2.3143153,0.7714385,0.14400001,0.0,0.15632708,19.28025,19.300251,3094400
hardzero_plus_depr__c0p50__z1p00__lam0p020__nu0p50__psi0p75,hardzero_plus_depr,0.06,35,967,0.0,2,0.16175391,0.16175391,0.948916,0.11248224,0.11248224,1.0,3.4893204e-09,3.1021077e-08,-26.659615,2.087657,0.69588566,0.2,0.0,0.12624477,19.300251,19.320251,3097600
hardzero_plus_depr__c0p50__z1p00__lam0p020__nu0p50__psi0p75,hardzero_plus_depr,0.06,35,968,0.0,2,0.16175391,0.16175391,0.97286046,0.1064485,0.1064485,1.0,3.252983e-09,3.0559217e-08,-26.282902,2.1403358,0.7134453,0.128,0.0,0.16003932,19.320251,19.340252,3100800
hardzero_plus_depr__c0p50__z1p00__lam0p020__nu0p50__psi0p75,hardzero_plus_depr,0.06,35,969,0.0,2,0.16175391,0.16175391,1.0149006,0.0,0.096627206,0.0,0.0,3.0104243e-08,-27.271662,2.2328258,0.7442753,0.136,0.0,0.15945658,19.340252,19.360252,3104000
hardzero_plus_depr__c0p50__z1p00__lam0p020__nu0p50__psi0p75,hardzero_plus_depr,0.06,35,970,0.0,2,0.16175391,0.16175391,0.9744546,0.10605848,0.10605848,1.0,3.1452745e-09,2.965604e-08,-26.351587,2.143843,0.71461433,0.24000001,0.0,0.13448922,19.360252,19.380253,3107200
hardzero_plus_depr__c0p50__z1p00__lam0p020__nu0p50__psi0p75,hardzero_plus_depr,0.06,35,971,0.0,2,0.16175391,0.16175391,0.9853365,0.10343403,0.10343403,1.0,3.0217746e-09,2.921451e-08,-27.060448,2.1677835,0.7225945,0.16800001,0.0,0.17429325,19.380253,19.400253,3110400
hardzero_plus_depr__c0p50__z1p00__lam0p020__nu0p50__psi0p75,hardzero_plus_depr,0.06,35,972,0.0,2,0.16175391,0.16175391,0.96540076,0.10829273,0.10829273,1.0,3.116616e-09,2.8779551e-08,-26.233135,2.123924,0.7079747,0.24000001,0.0,0.14900023,19.400253,19.420254,3113600
hardzero_plus_depr__c0p50__z1p00__lam0p020__nu0p50__psi0p75,hardzero_plus_depr,0.06,35,973,0.0,2,0.16175391,0.16175391,1.0183394,0.0,0.095865116,0.0,0.0,2.8351069e-08,-26.964333,2.2403915,0.7467972,0.14400001,0.0,0.17201543,19.420254,19.440254,3116800
hardzero_plus_depr__c0p50__z1p00__lam0p020__nu0p50__psi0p75,hardzero_plus_depr,0.06,35,974,0.0,2,0.16175391,0.16175391,1.0038263,0.0,0.09912284,0.0,0.0,2.7928968e-08,-26.74238,2.208462,0.736154,0.18400002,0.0,0.15638022,19.440254,19.460255,3120000
hardzero_plus_depr__c0p50__z1p00__lam0p020__nu0p50__psi0p75,hardzero_plus_depr,0.06,35,975,0.0,2,0.16175391,0.16175391,0.9665255,0.10801262,0.10801262,1.0,2.9717675e-09,2.751315e-08,-25.96605,2.1263986,0.70879954,0.16,0.0,0.1266461,19.460255,19.480255,3123200
hardzero_plus_depr__c0p50__z1p00__lam0p020__nu0p50__psi0p75,hardzero_plus_depr,0.06,35,976,0.0,2,0.16175391,0.16175391,0.976087,0.10566059,0.10566059,1.0,2.8637743e-09,2.7103525e-08,-26.444962,2.1474342,0.71581143,0.15200001,0.0,0.1502564,19.480255,19.500256,3126400
hardzero_plus_depr__c0p50__z1p00__lam0p020__nu0p50__psi0p75,hardzero_plus_depr,0.06,35,977,0.0,2,0.16175391,0.16175391,1.0125444,0.0,0.09715285,0.0,0.0,2.6699997e-08,-26.994816,2.227642,0.7425474,0.192,0.0,0.17577778,19.500256,19.520256,3129600
hardzero_plus_depr__c0p50__z1p00__lam0p020__nu0p50__psi0p75,hardzero_plus_depr,0.06,35,978,0.0,2,0.16175391,0.16175391,1.0183194,0.0,0.09586953,0.0,0.0,2.6302473e-08,-26.92442,2.2403474,0.7467825,0.17600001,0.0,0.13644794,19.520256,19.540257,3132800
hardzero_plus_depr__c0p50__z1p00__lam0p020__nu0p50__psi0p75,hardzero_plus_depr,0.06,35,979,0.0,2,0.16175391,0.16175391,0.9328953,0.11670909,0.11670909,1.0,3.0240346e-09,2.5910873e-08,-25.74193,2.0524106,0.68413687,0.18400002,0.0,0.13747908,19.540257,19.560257,3136000
hardzero_plus_depr__c0p50__z1p00__lam0p020__nu0p50__psi0p75,hardzero_plus_depr,0.06,35,980,0.0,2,0.16175391,0.16175391,1.0435357,0.0,0.0904616,0.0,0.0,2.5525104e-08,-27.283548,2.2958243,0.76527476,0.112,0.0,0.1434326,19.560257,19.580257,3139200
hardzero_plus_depr__c0p50__z1p00__lam0p020__nu0p50__psi0p75,hardzero_plus_depr,0.06,35,981,0.0,2,0.16175391,0.16175391,0.9770012,0.10543841,0.10543841,1.0,2.6512568e-09,2.5145075e-08,-26.56228,2.1494455,0.71648186,0.17600001,0.0,0.1504229,19.580257,19.600258,3142400
hardzero_plus_depr__c0p50__z1p00__lam0p020__nu0p50__psi0p75,hardzero_plus_depr,0.06,35,982,0.0,2,0.16175391,0.16175391,0.9948511,0.10119263,0.10119263,1.0,2.506613e-09,2.4770706e-08,-26.034863,2.1887162,0.72957206,0.15200001,0.0,0.13766699,19.600258,19.620258,3145600
hardzero_plus_depr__c0p50__z1p00__lam0p020__nu0p50__psi0p75,hardzero_plus_depr,0.06,35,983,0.0,2,0.16175391,0.16175391,0.9865958,0.10313454,0.10313454,1.0,2.5166795e-09,2.4401906e-08,-26.604733,2.1705542,0.7235181,0.14400001,0.0,0.12358887,19.620258,19.640259,3148800
hardzero_plus_depr__c0p50__z1p00__lam0p020__nu0p50__psi0p75,hardzero_plus_depr,0.06,35,984,0.0,2,0.16175391,0.16175391,0.94072586,0.11462361,0.11462361,1.0,2.7553915e-09,2.4038602e-08,-26.508059,2.0696383,0.6898794,0.2,0.008,0.14151992,19.640259,19.66026,3152000
hardzero_plus_depr__c0p50__z1p00__lam0p020__nu0p50__psi0p75,hardzero_plus_depr,0.06,35,985,0.0,2,0.16175391,0.16175391,0.98937726,0.10247614,0.10247614,1.0,2.4267075e-09,2.3680707e-08,-27.122562,2.1766734,0.7255578,0.16000001,0.0,0.14319721,19.66026,19.68026,3155200
hardzero_plus_depr__c0p50__z1p00__lam0p020__nu0p50__psi0p75,hardzero_plus_depr,0.06,35,986,0.0,2,0.16175391,0.16175391,0.9903152,0.10225505,0.10225505,1.0,2.38542e-09,2.332814e-08,-27.208668,2.178737,0.72624564,0.16000001,0.0,0.16534838,19.68026,19.70026,3158400
hardzero_plus_depr__c0p50__z1p00__lam0p020__nu0p50__psi0p75,hardzero_plus_depr,0.06,35,987,0.0,2,0.16175391,0.16175391,1.0068092,0.0,0.09844434,0.0,0.0,2.2980823e-08,-26.872393,2.2150245,0.7383415,0.18400002,0.0,0.19278292,19.70026,19.72026,3161600
hardzero_plus_depr__c0p50__z1p00__lam0p020__nu0p50__psi0p75,hardzero_plus_depr,0.06,35,988,0.0,2,0.16175391,0.16175391,1.0014944,0.0,0.09965648,0.0,0.0,2.2638671e-08,-27.491213,2.2033317,0.7344439,0.21,0.0,0.15842307,19.72026,19.740261,3164800
hardzero_plus_depr__c0p50__z1p00__lam0p020__nu0p50__psi0p75,hardzero_plus_depr,0.06,35,989,0.0,2,0.16175391,0.16175391,0.9697753,0.10720737,0.10720737,1.0,2.390898e-09,2.2301618e-08,-26.449717,2.1335483,0.7111828,0.17600001,0.0,0.14511824,19.740261,19.760262,3168000
hardzero_plus_depr__c0p50__z1p00__lam0p020__nu0p50__psi0p75,hardzero_plus_depr,0.06,35,990,0.0,2,0.16175391,0.16175391,1.042214,0.0,0.09073733,0.0,0.0,2.1969585e-08,-28.139814,2.2929168,0.7643056,0.14400001,0.0,0.16590743,19.760262,19.780262,3171200
hardzero_plus_depr__c0p50__z1p00__lam0p020__nu0p50__psi0p75,hardzero_plus_depr,0.06,35,991,0.0,2,0.16175391,0.16175391,0.9955179,0.10103739,0.10103739,1.0,2.186701e-09,2.1642492e-08,-26.959845,2.1901832,0.73006105,0.18400002,0.0,0.15701275,19.780262,19.800262,3174400
hardzero_plus_depr__c0p50__z1p00__lam0p020__nu0p50__psi0p75,hardzero_plus_depr,0.06,35,992,0.0,2,0.16175391,0.16175391,1.0122359,0.0,0.097221896,0.0,0.0,2.132027e-08,-26.756763,2.2269635,0.7423212,0.16000001,0.0,0.13966623,19.800262,19.820263,3177600
hardzero_plus_depr__c0p50__z1p00__lam0p020__nu0p50__psi0p75,hardzero_plus_depr,0.06,35,993,0.0,2,0.16175391,0.16175391,1.0216097,0.0,0.09514595,0.0,0.0,2.1002846e-08,-27.578033,2.2475863,0.74919546,0.216,0.0,0.1834134,19.820263,19.840263,3180800
hardzero_plus_depr__c0p50__z1p00__lam0p020__nu0p50__psi0p75,hardzero_plus_depr,0.06,35,994,0.0,2,0.16175391,0.16175391,1.0231762,0.0,0.09480337,0.0,0.0,2.0690146e-08,-27.299292,2.2510326,0.7503442,0.14400001,0.0,0.1264291,19.840263,19.860264,3184000
hardzero_plus_depr__c0p50__z1p00__lam0p020__nu0p50__psi0p75,hardzero_plus_depr,0.06,35,995,0.0,2,0.16175391,0.16175391,1.0295004,0.0,0.09343285,0.0,0.0,2.0382103e-08,-27.69096,2.264946,0.754982,0.16000001,0.0,0.16637766,19.860264,19.880264,3187200
hardzero_plus_depr__c0p50__z1p00__lam0p020__nu0p50__psi0p75,hardzero_plus_depr,0.06,35,996,0.0,2,0.16175391,0.16175391,1.0181872,0.0,0.095898725,0.0,0.0,2.0078646e-08,-27.931988,2.2400565,0.7466855,0.16800001,0.0,0.13605522,19.880264,19.900265,3190400
hardzero_plus_depr__c0p50__z1p00__lam0p020__nu0p50__psi0p75,hardzero_plus_depr,0.06,35,997,0.0,2,0.16175391,0.16175391,1.0207626,0.0,0.09533173,0.0,0.0,1.9779707e-08,-27.382206,2.2457225,0.7485742,0.16800001,0.0,0.14929779,19.900265,19.920265,3193600
hardzero_plus_depr__c0p50__z1p00__lam0p020__nu0p50__psi0p75,hardzero_plus_depr,0.06,35,998,0.0,2,0.16175391,0.16175391,1.0323278,0.0,0.09282655,0.0,0.0,1.948522e-08,-26.600388,2.2711666,0.7570555,0.18400002,0.0,0.16222966,19.920265,19.940266,3196800
hardzero_plus_depr__c0p50__z1p00__lam0p020__nu0p50__psi0p75,hardzero_plus_depr,0.06,35,999,0.0,2,0.16175391,0.16175391,1.0222265,0.0,0.09501093,0.0,0.0,1.9195115e-08,-27.882233,2.248943,0.74964774,0.16800001,0.0,0.16321254,19.940266,19.960266,3200000
hardzero_plus_depr__c0p50__z1p00__lam0p020__nu0p50__psi0p75,hardzero_plus_depr,0.06,35,1000,0.0,2,0.16175391,0.16175391,0.99389994,0.10141451,0.10141451,1.0,1.9176807e-09,1.8909333e-08,-26.525448,2.1866236,0.72887456,0.224,0.0,0.13848265,19.960266,19.980267,3203200
hardzero_plus_depr__c0p50__z1p00__lam0p020__nu0p50__psi0p75,hardzero_plus_depr,0.06,35,1001,0.0,2,0.16175391,0.16175391,1.0006844,0.0,0.099842526,0.0,0.0,1.8627802e-08,-26.826574,2.2015495,0.7338499,0.13,0.0,0.13715675,19.980267,20.000267,3206400
hardzero_plus_depr__c0p50__z1p00__lam0p020__nu0p50__psi0p75,hardzero_plus_depr,0.06,35,1002,0.0,2,0.16175391,0.16175391,1.0408255,0.0,0.09102789,0.0,0.0,1.8350464e-08,-27.455017,2.289862,0.7632873,0.120000005,0.0,0.14542338,20.000267,20.020267,3209600
hardzero_plus_depr__c0p50__z1p00__lam0p020__nu0p50__psi0p75,hardzero_plus_depr,0.06,35,1003,0.0,2,0.16175391,0.16175391,1.0137069,0.0,0.09689314,0.0,0.0,1.8077253e-08,-26.786097,2.2301998,0.7434,0.208,0.0,0.1572881,20.020267,20.040268,3212800
hardzero_plus_depr__c0p50__z1p00__lam0p020__nu0p50__psi0p75,hardzero_plus_depr,0.06,35,1004,0.0,2,0.16175391,0.16175391,0.9954486,0.1010535,0.1010535,1.0,1.799572e-09,1.7808112e-08,-26.832073,2.1900306,0.7300102,0.192,0.0,0.16556391,20.040268,20.060268,3216000
hardzero_plus_depr__c0p50__z1p00__lam0p020__nu0p50__psi0p75,hardzero_plus_depr,0.06,35,1005,0.0,2,0.16175391,0.16175391,1.0416154,0.0,0.0908625,0.0,0.0,1.7542979e-08,-28.24415,2.2915995,0.76386654,0.2,0.0,0.18206729,20.060268,20.080269,3219200
hardzero_plus_depr__c0p50__z1p00__lam0p020__nu0p50__psi0p75,hardzero_plus_depr,0.06,35,1006,0.0,2,0.16175391,0.16175391,1.0063015,0.0,0.098559506,0.0,0.0,1.7281792e-08,-27.595709,2.2139075,0.73796916,0.136,0.0,0.12783517,20.080269,20.10027,3222400
hardzero_plus_depr__c0p50__z1p00__lam0p020__nu0p50__psi0p75,hardzero_plus_depr,0.06,35,1007,0.0,2,0.16175391,0.16175391,0.9848038,0.103560984,0.103560984,1.0,1.7630734e-09,1.7024494e-08,-26.907293,2.1666117,0.7222039,0.192,0.0,0.13951638,20.10027,20.12027,3225600
hardzero_plus_depr__c0p50__z1p00__lam0p020__nu0p50__psi0p75,hardzero_plus_depr,0.06,35,1008,0.0,2,0.16175391,0.16175391,0.95833975,0.110067785,0.110067785,1.0,1.8459496e-09,1.6771025e-08,-26.175077,2.1083896,0.7027966,0.14400001,0.0,0.1312065,20.12027,20.14027,3228800
hardzero_plus_depr__c0p50__z1p00__lam0p020__nu0p50__psi0p75,hardzero_plus_depr,0.06,35,1009,0.0,2,0.16175391,0.16175391,1.0320714,0.0,0.092881374,0.0,0.0,1.6521332e-08,-27.411161,2.2706022,0.7568674,0.16000001,0.0,0.1766357,20.14027,20.16027,3232000
hardzero_plus_depr__c0p50__z1p00__lam0p020__nu0p50__psi0p75,hardzero_plus_depr,0.06,35,1010,0.0,2,0.16175391,0.16175391,1.0091349,0.0,0.097918585,0.0,0.0,1.6275356e-08,-26.940268,2.2201412,0.7400471,0.18400002,0.0,0.1420789,20.16027,20.180271,3235200
hardzero_plus_depr__c0p50__z1p00__lam0p020__nu0p50__psi0p75,hardzero_plus_depr,0.06,35,1011,0.0,2,0.16175391,0.16175391,1.0103415,0.0,0.09764689,0.0,0.0,1.6033043e-08,-27.168064,2.2227957,0.7409319,0.112,0.0,0.13435169,20.180271,20.200272,3238400
hardzero_plus_depr__c0p50__z1p00__lam0p020__nu0p50__psi0p75,hardzero_plus_depr,0.06,35,1012,0.0,2,0.16175391,0.16175391,0.93647146,0.115752004,0.115752004,1.0,1.8282259e-09,1.5794335e-08,-25.830362,2.0602784,0.6867595,0.18400002,0.0,0.119279824,20.200272,20.220272,3241600
hardzero_plus_depr__c0p50__z1p00__lam0p020__nu0p50__psi0p75,hardzero_plus_depr,0.06,35,1013,0.0,2,0.16175391,0.16175391,1.0309349,0.0,0.09312473,0.0,0.0,1.5559184e-08,-27.265766,2.2681022,0.7560341,0.15200001,0.0,0.16277339,20.220272,20.240273,3244800
hardzero_plus_depr__c0p50__z1p00__lam0p020__nu0p50__psi0p75,hardzero_plus_depr,0.06,35,1014,0.0,2,0.16175391,0.16175391,1.0670844,0.0,0.085687116,0.0,0.0,1.5327531e-08,-27.251167,2.3476326,0.78254426,0.089999996,0.0,0.1652074,20.240273,20.260273,3248000
hardzero_plus_depr__c0p50__z1p00__lam0p020__nu0p50__psi0p75,hardzero_plus_depr,0.06,35,1015,0.0,2,0.16175391,0.16175391,0.963097,0.1088687,0.1088687,1.0,1.6438445e-09,1.509933e-08,-26.676271,2.1188557,0.70628524,0.17600001,0.0,0.13592106,20.260273,20.280273,3251200
hardzero_plus_depr__c0p50__z1p00__lam0p020__nu0p50__psi0p75,hardzero_plus_depr,0.06,35,1016,0.0,2,0.16175391,0.16175391,0.9684873,0.10752579,0.10752579,1.0,1.5993951e-09,1.4874526e-08,-26.030968,2.1307147,0.7102382,0.128,0.0,0.1327533,20.280273,20.300274,3254400
hardzero_plus_depr__c0p50__z1p00__lam0p020__nu0p50__psi0p75,hardzero_plus_depr,0.06,35,1017,0.0,2,0.16175391,0.16175391,0.97295046,0.10642642,0.10642642,1.0,1.5594733e-09,1.4653066e-08,-26.413305,2.1405337,0.7135112,0.15200001,0.0,0.13618499,20.300274,20.320274,3257600
hardzero_plus_depr__c0p50__z1p00__lam0p020__nu0p50__psi0p75,hardzero_plus_depr,0.06,35,1018,0.0,2,0.16175391,0.16175391,1.0082476,0.0,0.09811884,0.0,0.0,1.4434907e-08,-27.474867,2.218189,0.73939633,0.16000001,0.0,0.14114922,20.320274,20.340275,3260800
hardzero_plus_depr__c0p50__z1p00__lam0p020__nu0p50__psi0p75,hardzero_plus_depr,0.06,35,1019,0.0,2,0.16175391,0.16175391,1.03264,0.0,0.09275983,0.0,0.0,1.4219993e-08,-27.093185,2.2718534,0.7572845,0.096,0.0,0.1488248,20.340275,20.360275,3264000
hardzero_plus_depr__c0p50__z1p00__lam0p020__nu0p50__psi0p75,hardzero_plus_depr,0.06,35,1020,0.0,2,0.16175391,0.16175391,0.99817157,0.10042191,0.10042191,1.0,1.4067384e-09,1.4008281e-08,-26.94386,2.1960213,0.73200715,0.14400001,0.0,0.13587846,20.360275,20.380276,3267200
hardzero_plus_depr__c0p50__z1p00__lam0p020__nu0p50__psi0p75,hardzero_plus_depr,0.06,35,1021,0.0,2,0.16175391,0.16175391,0.99779284,0.10050951,0.10050951,1.0,1.3870032e-09,1.37997205e-08,-26.764837,2.195188,0.7317294,0.16800001,0.0,0.14314641,20.380276,20.400276,3270400
hardzero_plus_depr__c0p50__z1p00__lam0p020__nu0p50__psi0p75,hardzero_plus_depr,0.06,35,1022,0.0,2,0.16175391,0.16175391,1.0198019,0.0,0.09554284,0.0,0.0,1.3594264e-08,-26.30243,2.243609,0.7478697,0.216,0.0,0.15243018,20.400276,20.420277,3273600
hardzero_plus_depr__c0p50__z1p00__lam0p020__nu0p50__psi0p75,hardzero_plus_depr,0.06,35,1023,0.0,2,0.16175391,0.16175391,0.9710286,0.106898434,0.106898434,1.0,1.4315696e-09,1.3391867e-08,-26.38168,2.1363056,0.7121019,0.2,0.0,0.13436542,20.420277,20.440277,3276800
hardzero_plus_depr__c0p50__z1p00__lam0p020__nu0p50__psi0p75,hardzero_plus_depr,0.06,35,1024,0.0,2,0.16175391,0.16175391,0.94591355,0.11326258,0.11326258,1.0,1.4942148e-09,1.31924836e-08,-25.949759,2.0810513,0.6936838,0.23200001,0.0,0.14774238,20.440277,20.460278,3280000
hardzero_plus_depr__c0p50__z1p00__lam0p020__nu0p50__psi0p75,hardzero_plus_depr,0.06,35,1025,0.0,2,0.16175391,0.16175391,0.97918755,0.10490892,0.10490892,1.0,1.3634037e-09,1.299607e-08,-26.507168,2.1542556,0.7180852,0.2,0.0,0.14893077,20.460278,20.480278,3283200
hardzero_plus_depr__c0p50__z1p00__lam0p020__nu0p50__psi0p75,hardzero_plus_depr,0.06,35,1026,0.0,2,0.16175391,0.16175391,0.99024683,0.10227116,0.10227116,1.0,1.3093346e-09,1.2802579e-08,-26.765985,2.1785865,0.7261955,0.14400001,0.0,0.1576876,20.480278,20.500278,3286400
hardzero_plus_depr__c0p50__z1p00__lam0p020__nu0p50__psi0p75,hardzero_plus_depr,0.06,35,1027,0.0,2,0.16175391,0.16175391,0.98855776,0.102669686,0.102669686,1.0,1.2948669e-09,1.2611969e-08,-26.97457,2.1748705,0.72495687,0.22999999,0.0,0.13359119,20.500278,20.520279,3289600
hardzero_plus_depr__c0p50__z1p00__lam0p020__nu0p50__psi0p75,hardzero_plus_depr,0.06,35,1028,0.0,2,0.16175391,0.16175391,0.9974503,0.1005888,0.1005888,1.0,1.249735e-09,1.2424197e-08,-26.159214,2.1944344,0.73147815,0.15200001,0.0,0.12202838,20.520279,20.54028,3292800
hardzero_plus_depr__c0p50__z1p00__lam0p020__nu0p50__psi0p75,hardzero_plus_depr,0.06,35,1029,0.0,2,0.16175391,0.16175391,0.97126985,0.10683907,0.10683907,1.0,1.3076268e-09,1.2239219e-08,-26.024498,2.1368363,0.7122788,0.224,0.0,0.16108601,20.54028,20.56028,3296000
hardzero_plus_depr__c0p50__z1p00__lam0p020__nu0p50__psi0p75,hardzero_plus_depr,0.06,35,1030,0.0,2,0.16175391,0.16175391,0.9606783,0.1094767,0.1094767,1.0,1.3199604e-09,1.2056998e-08,-26.494385,2.1135345,0.7045115,0.23200001,0.0,0.15195145,20.56028,20.58028,3299200
hardzero_plus_depr__c0p50__z1p00__lam0p020__nu0p50__psi0p75,hardzero_plus_depr,0.06,35,1031,0.0,2,0.16175391,0.16175391,1.0408626,0.0,0.09102012,0.0,0.0,1.1877488e-08,-27.486162,2.2899435,0.7633145,0.120000005,0.0,0.16836591,20.58028,20.60028,3302400
hardzero_plus_depr__c0p50__z1p00__lam0p020__nu0p50__psi0p75,hardzero_plus_depr,0.06,35,1032,0.0,2,0.16175391,0.16175391,1.0335816,0.0,0.09255893,0.0,0.0,1.1700652e-08,-27.58282,2.273925,0.75797504,0.136,0.0,0.15562133,20.60028,20.620281,3305600
hardzero_plus_depr__c0p50__z1p00__lam0p020__nu0p50__psi0p75,hardzero_plus_depr,0.06,35,1033,0.0,2,0.16175391,0.16175391,1.0199065,0.0,0.09551982,0.0,0.0,1.1526447e-08,-27.527416,2.2438393,0.74794644,0.136,0.0,0.13532116,20.620281,20.640282,3308800
hardzero_plus_depr__c0p50__z1p00__lam0p020__nu0p50__psi0p75,hardzero_plus_depr,0.06,35,1034,0.0,2,0.16175391,0.16175391,1.0509236,0.0,0.088935755,0.0,0.0,1.1354837e-08,-28.377163,2.312078,0.7706927,0.120000005,0.0,0.14716822,20.640282,20.660282,3312000
hardzero_plus_depr__c0p50__z1p00__lam0p020__nu0p50__psi0p75,hardzero_plus_depr,0.06,35,1035,0.0,2,0.16175391,0.16175391,0.996912,0.100713566,0.100713566,1.0,1.12656e-09,1.1185782e-08,-26.439919,2.1932502,0.7310834,0.112,0.0,0.12932031,20.660282,20.680283,3315200
hardzero_plus_depr__c0p50__z1p00__lam0p020__nu0p50__psi0p75,hardzero_plus_depr,0.06,35,1036,0.0,2,0.16175391,0.16175391,1.006204,0.0,0.09858162,0.0,0.0,1.1019243e-08,-27.089048,2.2136931,0.73789775,0.208,0.0,0.15217157,20.680283,20.700283,3318400
hardzero_plus_depr__c0p50__z1p00__lam0p020__nu0p50__psi0p75,hardzero_plus_depr,0.06,35,1037,0.0,2,0.16175391,0.16175391,0.96627486,0.10807498,0.10807498,1.0,1.1731739e-09,1.0855185e-08,-26.518959,2.125847,0.7086157,0.14400001,0.0,0.15851107,20.700283,20.720284,3321600
hardzero_plus_depr__c0p50__z1p00__lam0p020__nu0p50__psi0p75,hardzero_plus_depr,0.06,35,1038,0.0,2,0.16175391,0.16175391,1.0075523,0.0,0.09827605,0.0,0.0,1.0693568e-08,-26.220064,2.2166593,0.7388865,0.096,0.0,0.15038836,20.720284,20.740284,3324800
hardzero_plus_depr__c0p50__z1p00__lam0p020__nu0p50__psi0p75,hardzero_plus_depr,0.06,35,1039,0.0,2,0.16175391,0.16175391,1.0375528,0.0,0.09171642,0.0,0.0,1.0534359e-08,-27.36747,2.282662,0.7608873,0.15200001,0.0,0.1646881,20.740284,20.760284,3328000
hardzero_plus_depr__c0p50__z1p00__lam0p020__nu0p50__psi0p75,hardzero_plus_depr,0.06,35,1040,0.0,2,0.16175391,0.16175391,0.971501,0.10678223,0.10678223,1.0,1.1081346e-09,1.0377518e-08,-26.264399,2.1373448,0.7124483,0.19,0.0,0.15569359,20.760284,20.780285,3331200
hardzero_plus_depr__c0p50__z1p00__lam0p020__nu0p50__psi0p75,hardzero_plus_depr,0.06,35,1041,0.0,2,0.16175391,0.16175391,1.0110106,0.0,0.09749657,0.0,0.0,1.0223014e-08,-26.600784,2.224268,0.74142265,0.18400002,0.0,0.17334206,20.780285,20.800285,3334400
hardzero_plus_depr__c0p50__z1p00__lam0p020__nu0p50__psi0p75,hardzero_plus_depr,0.06,35,1042,0.0,2,0.16175391,0.16175391,0.98914665,0.10253056,0.10253056,1.0,1.0325657e-09,1.0070809e-08,-26.88552,2.176166,0.7253887,0.112,0.0,0.13214877,20.800285,20.820286,3337600
hardzero_plus_depr__c0p50__z1p00__lam0p020__nu0p50__psi0p75,hardzero_plus_depr,0.06,35,1043,0.0,2,0.16175391,0.16175391,0.9999597,0.10000927,0.10000927,1.0,9.921791e-10,9.920871e-09,-26.545454,2.1999552,0.73331845,0.112,0.0,0.14207661,20.820286,20.840286,3340800
hardzero_plus_depr__c0p50__z1p00__lam0p020__nu0p50__psi0p75,hardzero_plus_depr,0.06,35,1044,0.0,2,0.16175391,0.16175391,0.9961612,0.10088783,0.10088783,1.0,9.859934e-10,9.773165e-09,-26.94246,2.1915984,0.7305328,0.15200001,0.0,0.15865918,20.840286,20.860287,3344000
hardzero_plus_depr__c0p50__z1p00__lam0p020__nu0p50__psi0p75,hardzero_plus_depr,0.06,35,1045,0.0,2,0.16175391,0.16175391,0.9691332,0.10736602,0.10736602,1.0,1.0336834e-09,9.627659e-09,-26.788774,2.1321356,0.7107119,0.2,0.0,0.17205751,20.860287,20.880287,3347200
hardzero_plus_depr__c0p50__z1p00__lam0p020__nu0p50__psi0p75,hardzero_plus_depr,0.06,35,1046,0.0,2,0.16175391,0.16175391,1.0040544,0.0,0.099070765,0.0,0.0,9.484318e-09,-27.036102,2.2089639,0.73632133,0.16800001,0.0,0.17876704,20.880287,20.900288,3350400
hardzero_plus_depr__c0p50__z1p00__lam0p020__nu0p50__psi0p75,hardzero_plus_depr,0.06,35,1047,0.0,2,0.16175391,0.16175391,0.98088634,0.10449937,0.10449937,1.0,9.763492e-10,9.343111e-09,-27.094975,2.157993,0.719331,0.192,0.0,0.12777664,20.900288,20.920288,3353600
hardzero_plus_depr__c0p50__z1p00__lam0p020__nu0p50__psi0p75,hardzero_plus_depr,0.06,35,1048,0.0,2,0.16175391,0.16175391,1.0072924,0.0,0.09833488,0.0,0.0,9.204008e-09,-27.31554,2.2160876,0.73869586,0.208,0.0,0.14889646,20.920288,20.940289,3356800
hardzero_plus_depr__c0p50__z1p00__lam0p020__nu0p50__psi0p75,hardzero_plus_depr,0.06,35,1049,0.0,2,0.16175391,0.16175391,1.0549316,0.0,0.08811875,0.0,0.0,9.066975e-09,-28.33617,2.320896,0.773632,0.16000001,0.0,0.15999211,20.940289,20.960289,3360000
hardzero_plus_depr__c0p50__z1p00__lam0p020__nu0p50__psi0p75,hardzero_plus_depr,0.06,35,1050,0.0,2,0.16175391,0.16175391,1.0071603,0.0,0.0983648,0.0,0.0,8.931982e-09,-26.613163,2.215797,0.738599,0.2,0.0,0.15172657,20.960289,20.98029,3363200
hardzero_plus_depr__c0p50__z1p00__lam0p020__nu0p50__psi0p75,hardzero_plus_depr,0.06,35,1051,0.0,2,0.16175391,0.16175391,1.0050974,0.0,0.09883315,0.0,0.0,8.799e-09,-27.312618,2.2112584,0.7370862,0.16000001,0.0,0.16577731,20.98029,21.00029,3366400
hardzero_plus_depr__c0p50__z1p00__lam0p020__nu0p50__psi0p75,hardzero_plus_depr,0.06,35,1052,0.0,2,0.16175391,0.16175391,0.9722564,0.10659664,0.10659664,1.0,9.239793e-10,8.667996e-09,-26.586802,2.1390069,0.7130023,0.14400001,0.0,0.12701103,21.00029,21.02029,3369600
hardzero_plus_depr__c0p50__z1p00__lam0p020__nu0p50__psi0p75,hardzero_plus_depr,0.06,35,1053,0.0,2,0.16175391,0.16175391,0.9495433,0.112319894,0.112319894,1.0,9.590932e-10,8.538944e-09,-26.014093,2.089037,0.6963457,0.16,0.0,0.11335587,21.02029,21.04029,3372800
hardzero_plus_depr__c0p50__z1p00__lam0p020__nu0p50__psi0p75,hardzero_plus_depr,0.06,35,1054,0.0,2,0.16175391,0.16175391,0.97196716,0.106667675,0.106667675,1.0,8.972685e-10,8.411813e-09,-27.176596,2.1383705,0.7127902,0.18400002,0.0,0.15612721,21.04029,21.060291,3376000
hardzero_plus_depr__c0p50__z1p00__lam0p020__nu0p50__psi0p75,hardzero_plus_depr,0.06,35,1055,0.0,2,0.16175391,0.16175391,0.97708136,0.10541893,0.10541893,1.0,8.7356183e-10,8.286575e-09,-26.401379,2.149622,0.7165407,0.208,0.0,0.16735174,21.060291,21.080292,3379200
hardzero_plus_depr__c0p50__z1p00__lam0p020__nu0p50__psi0p75,hardzero_plus_depr,0.06,35,1056,0.0,2,0.16175391,0.16175391,0.9467205,0.11305233,0.11305233,1.0,9.228689e-10,8.163201e-09,-25.784634,2.0828266,0.69427556,0.2,0.0,0.14725035,21.080292,21.100292,3382400
hardzero_plus_depr__c0p50__z1p00__lam0p020__nu0p50__psi0p75,hardzero_plus_depr,0.06,35,1057,0.0,2,0.16175391,0.16175391,0.9620407,0.1091338,0.1091338,1.0,8.776173e-10,8.041663e-09,-25.70986,2.1165318,0.7055106,0.16000001,0.0,0.11570403,21.100292,21.120293,3385600
hardzero_plus_depr__c0p50__z1p00__lam0p020__nu0p50__psi0p75,hardzero_plus_depr,0.06,35,1058,0.0,2,0.16175391,0.16175391,0.98742986,0.10293667,0.10293667,1.0,8.154577e-10,7.921936e-09,-26.755413,2.172389,0.7241297,0.17600001,0.0,0.13858536,21.120293,21.140293,3388800
hardzero_plus_depr__c0p50__z1p00__lam0p020__nu0p50__psi0p75,hardzero_plus_depr,0.06,35,1059,0.0,2,0.16175391,0.16175391,0.95779926,0.11020486,0.11020486,1.0,8.6003776e-10,7.803991e-09,-26.836498,2.1072004,0.70240015,0.16800001,0.0,0.11768015,21.140293,21.160294,3392000
hardzero_plus_depr__c0p50__z1p00__lam0p020__nu0p50__psi0p75,hardzero_plus_depr,0.06,35,1060,0.0,2,0.16175391,0.16175391,1.0016431,0.0,0.09962238,0.0,0.0,7.687802e-09,-27.792345,2.2036588,0.734553,0.16000001,0.0,0.15311326,21.160294,21.180294,3395200
hardzero_plus_depr__c0p50__z1p00__lam0p020__nu0p50__psi0p75,hardzero_plus_depr,0.06,35,1061,0.0,2,0.16175391,0.16175391,1.0360811,0.0,0.09202777,0.0,0.0,7.573343e-09,-27.465076,2.279424,0.759808,0.15200001,0.0,0.15191416,21.180294,21.200294,3398400
hardzero_plus_depr__c0p50__z1p00__lam0p020__nu0p50__psi0p75,hardzero_plus_depr,0.06,35,1062,0.0,2,0.16175391,0.16175391,0.9136741,0.12199046,0.12199046,1.0,9.101205e-10,7.460588e-09,-25.473719,2.0101233,0.6700411,0.15200001,0.0,0.1300314,21.200294,21.220295,3401600
hardzero_plus_depr__c0p50__z1p00__lam0p020__nu0p50__psi0p75,hardzero_plus_depr,0.06,35,1063,0.0,2,0.16175391,0.16175391,0.98213834,0.10419853,0.10419853,1.0,7.6580836e-10,7.349512e-09,-26.432175,2.1607475,0.7202492,0.128,0.0,0.13528201,21.220295,21.240295,3404800
hardzero_plus_depr__c0p50__z1p00__lam0p020__nu0p50__psi0p75,hardzero_plus_depr,0.06,35,1064,0.0,2,0.16175391,0.16175391,1.0090685,0.0,0.097933546,0.0,0.0,7.2400894e-09,-27.63667,2.219995,0.73999834,0.24000001,0.0,0.1594912,21.240295,21.260296,3408000
hardzero_plus_depr__c0p50__z1p00__lam0p020__nu0p50__psi0p75,hardzero_plus_depr,0.06,35,1065,0.0,2,0.16175391,0.16175391,0.9806889,0.10454687,0.10454687,1.0,7.456592e-10,7.132296e-09,-26.60077,2.1575587,0.71918625,0.208,0.0,0.18143027,21.260296,21.280296,3411200
hardzero_plus_depr__c0p50__z1p00__lam0p020__nu0p50__psi0p75,hardzero_plus_depr,0.06,35,1066,0.0,2,0.16175391,0.16175391,0.9836262,0.10384218,0.10384218,1.0,7.296063e-10,7.0261077e-09,-26.309326,2.1640208,0.7213403,0.19,0.0,0.13339059,21.280296,21.300297,3414400
hardzero_plus_depr__c0p50__z1p00__lam0p020__nu0p50__psi0p75,hardzero_plus_depr,0.06,35,1067,0.0,2,0.16175391,0.16175391,1.0445766,0.0,0.09024503,0.0,0.0,6.9215003e-09,-26.966936,2.2981145,0.7660382,0.128,0.0,0.14737572,21.300297,21.320297,3417600
hardzero_plus_depr__c0p50__z1p00__lam0p020__nu0p50__psi0p75,hardzero_plus_depr,0.06,35,1068,0.0,2,0.16175391,0.16175391,0.9747136,0.10599524,0.10599524,1.0,7.227232e-10,6.81845e-09,-25.875385,2.1444128,0.7148043,0.16000001,0.0,0.1411767,21.320297,21.340298,3420800
hardzero_plus_depr__c0p50__z1p00__lam0p020__nu0p50__psi0p75,hardzero_plus_depr,0.06,35,1069,0.0,2,0.16175391,0.16175391,0.99127114,0.102030225,0.102030225,1.0,6.85331e-10,6.7169412e-09,-27.134596,2.18084,0.7269467,0.15200001,0.0,0.13438912,21.340298,21.360298,3424000
hardzero_plus_depr__c0p50__z1p00__lam0p020__nu0p50__psi0p75,hardzero_plus_depr,0.06,35,1070,0.0,2,0.16175391,0.16175391,1.0623024,0.0,0.08663584,0.0,0.0,6.6169297e-09,-28.192259,2.3371117,0.77903724,0.128,0.0,0.17306155,21.360298,21.380299,3427200
hardzero_plus_depr__c0p50__z1p00__lam0p020__nu0p50__psi0p75,hardzero_plus_depr,0.06,35,1071,0.0,2,0.16175391,0.16175391,1.0113223,0.0,0.09742665,0.0,0.0,6.518408e-09,-26.943293,2.2249534,0.7416512,0.16800001,0.0,0.15239795,21.380299,21.4003,3430400
hardzero_plus_depr__c0p50__z1p00__lam0p020__nu0p50__psi0p75,hardzero_plus_depr,0.06,35,1072,0.0,2,0.16175391,0.16175391,0.98844546,0.10269624,0.10269624,1.0,6.594501e-10,6.4213657e-09,-26.993017,2.1746235,0.7248745,0.15200001,0.0,0.15006399,21.4003,21.4203,3433600
hardzero_plus_depr__c0p50__z1p00__lam0p020__nu0p50__psi0p75,hardzero_plus_depr,0.06,35,1073,0.0,2,0.16175391,0.16175391,1.0087485,0.0,0.09800573,0.0,0.0,6.325768e-09,-27.188246,2.219291,0.7397637,0.16000001,0.0,0.16333826,21.4203,21.4403,3436800
hardzero_plus_depr__c0p50__z1p00__lam0p020__nu0p50__psi0p75,hardzero_plus_depr,0.06,35,1074,0.0,2,0.16175391,0.16175391,1.0140104,0.0,0.09682546,0.0,0.0,6.2315815e-09,-27.381893,2.2308674,0.7436225,0.15200001,0.0,0.17371279,21.4403,21.4603,3440000
hardzero_plus_depr__c0p50__z1p00__lam0p020__nu0p50__psi0p75,hardzero_plus_depr,0.06,35,1075,0.0,2,0.16175391,0.16175391,0.9876714,0.10287945,0.10287945,1.0,6.315561e-10,6.138797e-09,-27.08301,2.1729205,0.7243068,0.16000001,0.0,0.1421743,21.4603,21.4803,3443200
hardzero_plus_depr__c0p50__z1p00__lam0p020__nu0p50__psi0p75,hardzero_plus_depr,0.06,35,1076,0.0,2,0.16175391,0.16175391,1.0091276,0.0,0.09792022,0.0,0.0,6.047406e-09,-27.661224,2.220125,0.7400417,0.128,0.008,0.13486099,21.4803,21.500301,3446400
hardzero_plus_depr__c0p50__z1p00__lam0p020__nu0p50__psi0p75,hardzero_plus_depr,0.06,35,1077,0.0,2,0.16175391,0.16175391,0.9896822,0.102404214,0.102404214,1.0,6.1006034e-10,5.9573755e-09,-26.145685,2.1773443,0.72578144,0.18400002,0.0,0.14671992,21.500301,21.520302,3449600
hardzero_plus_depr__c0p50__z1p00__lam0p020__nu0p50__psi0p75,hardzero_plus_depr,0.06,35,1078,0.0,2,0.16175391,0.16175391,0.9934412,0.10152168,0.10152168,1.0,5.9579763e-10,5.868674e-09,-26.737131,2.1856143,0.72853816,0.17600001,0.0,0.13802388,21.520302,21.540302,3452800
hardzero_plus_depr__c0p50__z1p00__lam0p020__nu0p50__psi0p75,hardzero_plus_depr,0.06,35,1079,0.0,2,0.16175391,0.16175391,0.9950817,0.1011389,0.1011389,1.0,5.8471367e-10,5.7812937e-09,-26.67021,2.1892235,0.7297412,0.21,0.0,0.12251152,21.540302,21.560303,3456000
hardzero_plus_depr__c0p50__z1p00__lam0p020__nu0p50__psi0p75,hardzero_plus_depr,0.06,35,1080,0.0,2,0.16175391,0.16175391,0.9796208,0.104804315,0.104804315,1.0,5.968841e-10,5.6952247e-09,-26.726568,2.1552088,0.718403,0.136,0.008,0.1387212,21.560303,21.580303,3459200
hardzero_plus_depr__c0p50__z1p00__lam0p020__nu0p50__psi0p75,hardzero_plus_depr,0.06,35,1081,0.0,2,0.16175391,0.16175391,0.99219596,0.101813175,0.101813175,1.0,5.712164e-10,5.610437e-09,-26.54723,2.1828747,0.7276249,0.16800001,0.0,0.13186707,21.580303,21.600304,3462400
hardzero_plus_depr__c0p50__z1p00__lam0p020__nu0p50__psi0p75,hardzero_plus_depr,0.06,35,1082,0.0,2,0.16175391,0.16175391,0.9838147,0.10379711,0.10379711,1.0,5.736764e-10,5.5269016e-09,-26.395258,2.1644356,0.7214786,0.120000005,0.0,0.16858712,21.600304,21.620304,3465600
hardzero_plus_depr__c0p50__z1p00__lam0p020__nu0p50__psi0p75,hardzero_plus_depr,0.06,35,1083,0.0,2,0.16175391,0.16175391,1.0192326,0.0,0.095668145,0.0,0.0,5.4446097e-09,-27.06962,2.2423565,0.7474522,0.096,0.0,0.13427821,21.620304,21.640305,3468800
hardzero_plus_depr__c0p50__z1p00__lam0p020__nu0p50__psi0p75,hardzero_plus_depr,0.06,35,1084,0.0,2,0.16175391,0.16175391,1.0005955,0.0,0.09986298,0.0,0.0,5.363553e-09,-27.308296,2.201354,0.7337847,0.224,0.0,0.1390491,21.640305,21.660305,3472000
hardzero_plus_depr__c0p50__z1p00__lam0p020__nu0p50__psi0p75,hardzero_plus_depr,0.06,35,1085,0.0,2,0.16175391,0.16175391,0.9978352,0.1004997,0.1004997,1.0,5.3101057e-10,5.2837033e-09,-26.804068,2.1952813,0.73176044,0.120000005,0.0,0.1504007,21.660305,21.680305,3475200
hardzero_plus_depr__c0p50__z1p00__lam0p020__nu0p50__psi0p75,hardzero_plus_depr,0.06,35,1086,0.0,2,0.16175391,0.16175391,1.0060887,0.0,0.09860781,0.0,0.0,5.2050333e-09,-27.021156,2.2134395,0.7378132,0.136,0.0,0.1493002,21.680305,21.700306,3478400
hardzero_plus_depr__c0p50__z1p00__lam0p020__nu0p50__psi0p75,hardzero_plus_depr,0.06,35,1087,0.0,2,0.16175391,0.16175391,1.0166645,0.0,0.09623555,0.0,0.0,5.1275335e-09,-26.970509,2.2367065,0.7455689,0.16000001,0.0,0.15786397,21.700306,21.720306,3481600
hardzero_plus_depr__c0p50__z1p00__lam0p020__nu0p50__psi0p75,hardzero_plus_depr,0.06,35,1088,0.0,2,0.16175391,0.16175391,1.0100788,0.0,0.097706,0.0,0.0,5.0511972e-09,-26.817389,2.2222178,0.7407393,0.2,0.0,0.14361428,21.720306,21.740307,3484800
hardzero_plus_depr__c0p50__z1p00__lam0p020__nu0p50__psi0p75,hardzero_plus_depr,0.06,35,1089,0.0,2,0.16175391,0.16175391,0.98418427,0.103708826,0.103708826,1.0,5.1605487e-10,4.9759974e-09,-26.125372,2.1652486,0.72174954,0.128,0.0,0.1475667,21.740307,21.760307,3488000
hardzero_plus_depr__c0p50__z1p00__lam0p020__nu0p50__psi0p75,hardzero_plus_depr,0.06,35,1090,0.0,2,0.16175391,0.16175391,0.9569199,0.11042821,0.11042821,1.0,5.41309e-10,4.9019087e-09,-25.47249,2.1052659,0.7017553,0.208,0.008,0.1379098,21.760307,21.780308,3491200
hardzero_plus_depr__c0p50__z1p00__lam0p020__nu0p50__psi0p75,hardzero_plus_depr,0.06,35,1091,0.0,2,0.16175391,0.16175391,0.9757345,0.10574637,0.10574637,1.0,5.1064103e-10,4.8289226e-09,-27.034494,2.1466587,0.7155529,0.136,0.0,0.11548895,21.780308,21.800308,3494400
hardzero_plus_depr__c0p50__z1p00__lam0p020__nu0p50__psi0p75,hardzero_plus_depr,0.06,35,1092,0.0,2,0.16175391,0.16175391,0.99736434,0.10060874,0.10060874,1.0,4.7859894e-10,4.7570317e-09,-26.78821,2.1942453,0.73141515,0.089999996,0.0,0.15820073,21.800308,21.820309,3497600
hardzero_plus_depr__c0p50__z1p00__lam0p020__nu0p50__psi0p75,hardzero_plus_depr,0.06,35,1093,0.0,2,0.16175391,0.16175391,1.0162268,0.0,0.09633259,0.0,0.0,4.6862114e-09,-27.179174,2.2357435,0.74524784,0.18400002,0.0,0.14975919,21.820309,21.84031,3500800
hardzero_plus_depr__c0p50__z1p00__lam0p020__nu0p50__psi0p75,hardzero_plus_depr,0.06,35,1094,0.0,2,0.16175391,0.16175391,1.0040059,0.0,0.099081844,0.0,0.0,4.6164375e-09,-26.892551,2.208857,0.7362857,0.136,0.0,0.13532214,21.84031,21.86031,3504000
hardzero_plus_depr__c0p50__z1p00__lam0p020__nu0p50__psi0p75,hardzero_plus_depr,0.06,35,1095,0.0,2,0.16175391,0.16175391,1.026761,0.0,0.094024055,0.0,0.0,4.5477013e-09,-27.247368,2.2589195,0.7529732,0.15200001,0.0,0.15701197,21.86031,21.88031,3507200
hardzero_plus_depr__c0p50__z1p00__lam0p020__nu0p50__psi0p75,hardzero_plus_depr,0.06,35,1096,0.0,2,0.16175391,0.16175391,1.0064179,0.0,0.098533094,0.0,0.0,4.4799977e-09,-26.63058,2.2141635,0.7380545,0.216,0.0,0.15177886,21.88031,21.90031,3510400
hardzero_plus_depr__c0p50__z1p00__lam0p020__nu0p50__psi0p75,hardzero_plus_depr,0.06,35,1097,0.0,2,0.16175391,0.16175391,1.0288473,0.0,0.09357345,0.0,0.0,4.413302e-09,-27.46056,2.2635093,0.75450313,0.16800001,0.0,0.14505911,21.90031,21.920311,3513600
hardzero_plus_depr__c0p50__z1p00__lam0p020__nu0p50__psi0p75,hardzero_plus_depr,0.06,35,1098,0.0,2,0.16175391,0.16175391,1.0234237,0.0,0.09474936,0.0,0.0,4.3475907e-09,-27.493958,2.2515771,0.7505257,0.136,0.0,0.15185377,21.920311,21.940311,3516800
hardzero_plus_depr__c0p50__z1p00__lam0p020__nu0p50__psi0p75,hardzero_plus_depr,0.06,35,1099,0.0,2,0.16175391,0.16175391,1.01928,0.0,0.09565771,0.0,0.0,4.282858e-09,-27.049334,2.2424607,0.74748695,0.16000001,0.0,0.15912019,21.940311,21.960312,3520000
hardzero_plus_depr__c0p50__z1p00__lam0p020__nu0p50__psi0p75,hardzero_plus_depr,0.06,35,1100,0.0,2,0.16175391,0.16175391,1.0053351,0.0,0.09877906,0.0,0.0,4.2190975e-09,-26.98004,2.2117813,0.73726046,0.14400001,0.0,0.1600041,21.960312,21.980312,3523200
hardzero_plus_depr__c0p50__z1p00__lam0p020__nu0p50__psi0p75,hardzero_plus_depr,0.06,35,1101,0.0,2,0.16175391,0.16175391,0.9928416,0.101661935,0.101661935,1.0,4.2253603e-10,4.1562855e-09,-26.72109,2.1842952,0.7280984,0.17600001,0.0,0.13606524,21.980312,22.000313,3526400
hardzero_plus_depr__c0p50__z1p00__lam0p020__nu0p50__psi0p75,hardzero_plus_depr,0.06,35,1102,0.0,2,0.16175391,0.16175391,1.0578936,0.0,0.087519795,0.0,0.0,4.0944013e-09,-27.942118,2.3274124,0.77580416,0.128,0.0,0.19590464,22.000313,22.020313,3529600
hardzero_plus_depr__c0p50__z1p00__lam0p020__nu0p50__psi0p75,hardzero_plus_depr,0.06,35,1103,0.0,2,0.16175391,0.16175391,0.9993784,0.100143224,0.100143224,1.0,4.0392148e-10,4.033438e-09,-27.8302,2.1986763,0.73289216,0.136,0.0,0.12891902,22.020313,22.040314,3532800
hardzero_plus_depr__c0p50__z1p00__lam0p020__nu0p50__psi0p75,hardzero_plus_depr,0.06,35,1104,0.0,2,0.16175391,0.16175391,0.96330315,0.10881703,0.10881703,1.0,4.3237255e-10,3.9733905e-09,-26.822966,2.1193092,0.7064364,0.16000001,0.0,0.13994889,22.040314,22.060314,3536000
hardzero_plus_depr__c0p50__z1p00__lam0p020__nu0p50__psi0p75,hardzero_plus_depr,0.06,35,1105,0.0,2,0.16175391,0.16175391,1.0450711,0.0,0.09014236,0.0,0.0,3.914237e-09,-27.871393,2.2992024,0.7664008,0.22,0.0,0.1644209,22.060314,22.080315,3539200
hardzero_plus_depr__c0p50__z1p00__lam0p020__nu0p50__psi0p75,hardzero_plus_depr,0.06,35,1106,0.0,2,0.16175391,0.16175391,1.0141984,0.0,0.09678355,0.0,0.0,3.8559564e-09,-27.201952,2.231281,0.74376035,0.192,0.008,0.19890769,22.080315,22.100315,3542400
hardzero_plus_depr__c0p50__z1p00__lam0p020__nu0p50__psi0p75,hardzero_plus_depr,0.06,35,1107,0.0,2,0.16175391,0.16175391,1.0045899,0.0,0.0989487,0.0,0.0,3.798544e-09,-27.10634,2.210142,0.736714,0.208,0.0,0.12929292,22.100315,22.120316,3545600
hardzero_plus_depr__c0p50__z1p00__lam0p020__nu0p50__psi0p75,hardzero_plus_depr,0.06,35,1108,0.0,2,0.16175391,0.16175391,0.95129186,0.11186859,0.11186859,1.0,4.1861153e-10,3.7419934e-09,-26.32213,2.0928838,0.69762796,0.192,0.0,0.13424449,22.120316,22.140316,3548800
hardzero_plus_depr__c0p50__z1p00__lam0p020__nu0p50__psi0p75,hardzero_plus_depr,0.06,35,1109,0.0,2,0.16175391,0.16175391,1.0141084,0.0,0.09680363,0.0,0.0,3.6862842e-09,-26.86038,2.2310832,0.7436944,0.264,0.0,0.12925667,22.140316,22.160316,3552000
hardzero_plus_depr__c0p50__z1p00__lam0p020__nu0p50__psi0p75,hardzero_plus_depr,0.06,35,1110,0.0,2,0.16175391,0.16175391,0.9803403,0.10463083,0.10463083,1.0,3.7995615e-10,3.6313978e-09,-26.357203,2.1567917,0.7189306,0.24000001,0.008,0.14201787,22.160316,22.180317,3555200
hardzero_plus_depr__c0p50__z1p00__lam0p020__nu0p50__psi0p75,hardzero_plus_depr,0.06,35,1111,0.0,2,0.16175391,0.16175391,0.97929215,0.10488366,0.10488366,1.0,3.7520337e-10,3.577329e-09,-27.2959,2.1544857,0.71816194,0.192,0.0,0.14156836,22.180317,22.200317,3558400
hardzero_plus_depr__c0p50__z1p00__lam0p020__nu0p50__psi0p75,hardzero_plus_depr,0.06,35,1112,0.0,2,0.16175391,0.16175391,1.0171746,0.0,0.09612257,0.0,0.0,3.524072e-09,-27.126253,2.2378287,0.74594295,0.15200001,0.0,0.15583421,22.200317,22.220318,3561600
hardzero_plus_depr__c0p50__z1p00__lam0p020__nu0p50__psi0p75,hardzero_plus_depr,0.06,35,1113,0.0,2,0.16175391,0.16175391,0.99029905,0.102258846,0.102258846,1.0,3.5500258e-10,3.4716074e-09,-26.797909,2.1787014,0.72623384,0.17600001,0.0,0.15918536,22.220318,22.240318,3564800
hardzero_plus_depr__c0p50__z1p00__lam0p020__nu0p50__psi0p75,hardzero_plus_depr,0.06,35,1114,0.0,2,0.16175391,0.16175391,1.0272379,0.0,0.09392086,0.0,0.0,3.4199172e-09,-27.853394,2.2599685,0.75332284,0.192,0.0,0.15971087,22.240318,22.260319,3568000
hardzero_plus_depr__c0p50__z1p00__lam0p020__nu0p50__psi0p75,hardzero_plus_depr,0.06,35,1115,0.0,2,0.16175391,0.16175391,1.0185937,0.0,0.095809,0.0,0.0,3.3689969e-09,-27.603327,2.2409508,0.74698365,0.080000006,0.0,0.1432993,22.260319,22.28032,3571200
hardzero_plus_depr__c0p50__z1p00__lam0p020__nu0p50__psi0p75,hardzero_plus_depr,0.06,35,1116,0.0,2,0.16175391,0.16175391,0.99456644,0.10125898,0.10125898,1.0,3.3606248e-10,3.3188414e-09,-26.773949,2.1880898,0.7293633,0.128,0.0,0.15386677,22.28032,22.30032,3574400
hardzero_plus_depr__c0p50__z1p00__lam0p020__nu0p50__psi0p75,hardzero_plus_depr,0.06,35,1117,0.0,2,0.16175391,0.16175391,0.99201256,0.1018562,0.1018562,1.0,3.3301195e-10,3.2694323e-09,-26.335888,2.1824713,0.7274904,0.18400002,0.0,0.13644864,22.30032,22.32032,3577600
hardzero_plus_depr__c0p50__z1p00__lam0p020__nu0p50__psi0p75,hardzero_plus_depr,0.06,35,1118,0.0,2,0.16175391,0.16175391,1.0047973,0.0,0.098901466,0.0,0.0,3.2207526e-09,-26.824343,2.2105982,0.7368661,0.13,0.0,0.14575315,22.32032,22.34032,3580800
hardzero_plus_depr__c0p50__z1p00__lam0p020__nu0p50__psi0p75,hardzero_plus_depr,0.06,35,1119,0.0,2,0.16175391,0.16175391,1.0141158,0.0,0.09680196,0.0,0.0,3.1727976e-09,-27.127705,2.2310994,0.7436998,0.15200001,0.0,0.20424806,22.34032,22.360321,3584000
hardzero_plus_depr__c0p50__z1p00__lam0p020__nu0p50__psi0p75,hardzero_plus_depr,0.06,35,1120,0.0,2,0.16175391,0.16175391,1.019593,0.0,0.0955888,0.0,0.0,3.125563e-09,-27.266577,2.2431493,0.7477164,0.128,0.0,0.12992372,22.360321,22.380322,3587200
hardzero_plus_depr__c0p50__z1p00__lam0p020__nu0p50__psi0p75,hardzero_plus_depr,0.06,35,1121,0.0,2,0.16175391,0.16175391,1.0901469,0.0,0.08125557,0.0,0.0,3.079031e-09,-28.203476,2.398371,0.799457,0.136,0.0,0.17712405,22.380322,22.400322,3590400
hardzero_plus_depr__c0p50__z1p00__lam0p020__nu0p50__psi0p75,hardzero_plus_depr,0.06,35,1122,0.0,2,0.16175391,0.16175391,1.0209862,0.0,0.09528265,0.0,0.0,3.0331864e-09,-27.64597,2.2462144,0.74873817,0.15200001,0.0,0.13619326,22.400322,22.420322,3593600
hardzero_plus_depr__c0p50__z1p00__lam0p020__nu0p50__psi0p75,hardzero_plus_depr,0.06,35,1123,0.0,2,0.16175391,0.16175391,0.9588033,0.10995036,0.10995036,1.0,3.2853437e-10,2.9880243e-09,-25.908134,2.1094093,0.70313644,0.23200001,0.0,0.1394204,22.420322,22.440323,3596800
hardzero_plus_depr__c0p50__z1p00__lam0p020__nu0p50__psi0p75,hardzero_plus_depr,0.06,35,1124,0.0,2,0.16175391,0.16175391,0.98210067,0.104207575,0.104207575,1.0,3.0673916e-10,2.9435399e-09,-26.898752,2.1606646,0.7202215,0.2,0.008,0.15637587,22.440323,22.460323,3600000
hardzero_plus_depr__c0p50__z1p00__lam0p020__nu0p50__psi0p75,hardzero_plus_depr,0.06,35,1125,0.0,2,0.16175391,0.16175391,1.0104146,0.0,0.097630456,0.0,0.0,2.8997182e-09,-27.299196,2.2229564,0.7409855,0.17600001,0.0,0.15234257,22.460323,22.480324,3603200
hardzero_plus_depr__c0p50__z1p00__lam0p020__nu0p50__psi0p75,hardzero_plus_depr,0.06,35,1126,0.0,2,0.16175391,0.16175391,0.9541845,0.111125976,0.111125976,1.0,3.174362e-10,2.8565434e-09,-26.070974,2.0992477,0.69974923,0.14400001,0.0,0.13972507,22.480324,22.500324,3606400
hardzero_plus_depr__c0p50__z1p00__lam0p020__nu0p50__psi0p75,hardzero_plus_depr,0.06,35,1127,0.0,2,0.16175391,0.16175391,0.9818049,0.10427859,0.10427859,1.0,2.9344113e-10,2.8140115e-09,-25.888851,2.160014,0.7200047,0.192,0.0,0.12333601,22.500324,22.520325,3609600
hardzero_plus_depr__c0p50__z1p00__lam0p020__nu0p50__psi0p75,hardzero_plus_depr,0.06,35,1128,0.0,2,0.16175391,0.16175391,1.0232406,0.0,0.09478933,0.0,0.0,2.7721179e-09,-27.647062,2.2511742,0.7503914,0.14400001,0.0,0.14081544,22.520325,22.540325,3612800
hardzero_plus_depr__c0p50__z1p00__lam0p020__nu0p50__psi0p75,hardzero_plus_depr,0.06,35,1129,0.0,2,0.16175391,0.16175391,0.9894476,0.10245953,0.10245953,1.0,2.798014e-10,2.7308482e-09,-26.242422,2.1768281,0.7256094,0.16800001,0.0,0.17357902,22.540325,22.560326,3616000
hardzero_plus_depr__c0p50__z1p00__lam0p020__nu0p50__psi0p75,hardzero_plus_depr,0.06,35,1130,0.0,2,0.16175391,0.16175391,1.0831791,0.0,0.08256974,0.0,0.0,2.6901876e-09,-28.587454,2.3830416,0.7943472,0.15200001,0.0,0.17565322,22.560326,22.580326,3619200
hardzero_plus_depr__c0p50__z1p00__lam0p020__nu0p50__psi0p75,hardzero_plus_depr,0.06,35,1131,0.0,2,0.16175391,0.16175391,1.0485307,0.0,0.08942713,0.0,0.0,2.6501323e-09,-27.529594,2.3068137,0.76893795,0.13,0.0,0.15102604,22.580326,22.600327,3622400
hardzero_plus_depr__c0p50__z1p00__lam0p020__nu0p50__psi0p75,hardzero_plus_depr,0.06,35,1132,0.0,2,0.16175391,0.16175391,0.9867818,0.10309039,0.10309039,1.0,2.691359e-10,2.6106788e-09,-26.934656,2.1709633,0.72365445,0.192,0.0,0.13557409,22.600327,22.620327,3625600
hardzero_plus_depr__c0p50__z1p00__lam0p020__nu0p50__psi0p75,hardzero_plus_depr,0.06,35,1133,0.0,2,0.16175391,0.16175391,1.0012655,0.0,0.09970902,0.0,0.0,2.5718123e-09,-27.11895,2.2028282,0.73427606,0.208,0.0,0.16529186,22.620327,22.640327,3628800
hardzero_plus_depr__c0p50__z1p00__lam0p020__nu0p50__psi0p75,hardzero_plus_depr,0.06,35,1134,0.0,2,0.16175391,0.16175391,1.028076,0.0,0.093739785,0.0,0.0,2.5335196e-09,-27.384775,2.2618124,0.7539375,0.15200001,0.0,0.17143595,22.640327,22.660328,3632000
hardzero_plus_depr__c0p50__z1p00__lam0p020__nu0p50__psi0p75,hardzero_plus_depr,0.06,35,1135,0.0,2,0.16175391,0.16175391,1.0545576,0.0,0.08819468,0.0,0.0,2.4957971e-09,-26.834953,2.320073,0.7733576,0.15200001,0.0,0.1438282,22.660328,22.680328,3635200
hardzero_plus_depr__c0p50__z1p00__lam0p020__nu0p50__psi0p75,hardzero_plus_depr,0.06,35,1136,0.0,2,0.16175391,0.16175391,0.9824627,0.10412075,0.10412075,1.0,2.5599556e-10,2.458641e-09,-26.190695,2.161461,0.72048706,0.208,0.008,0.12744147,22.680328,22.700329,3638400
hardzero_plus_depr__c0p50__z1p00__lam0p020__nu0p50__psi0p75,hardzero_plus_depr,0.06,35,1137,0.0,2,0.16175391,0.16175391,1.0482249,0.0,0.089490116,0.0,0.0,2.4220381e-09,-27.572655,2.306141,0.76871365,0.14400001,0.0,0.14678763,22.700329,22.72033,3641600
hardzero_plus_depr__c0p50__z1p00__lam0p020__nu0p50__psi0p75,hardzero_plus_depr,0.06,35,1138,0.0,2,0.16175391,0.16175391,0.989634,0.10241557,0.10241557,1.0,2.4436106e-10,2.3859756e-09,-26.156473,2.1772382,0.7257461,0.192,0.0,0.13125703,22.72033,22.74033,3644800
hardzero_plus_depr__c0p50__z1p00__lam0p020__nu0p50__psi0p75,hardzero_plus_depr,0.06,35,1139,0.0,2,0.16175391,0.16175391,0.99297494,0.101630725,0.101630725,1.0,2.3887795e-10,2.35045e-09,-26.076216,2.1845884,0.72819614,0.16000001,0.0,0.12325747,22.74033,22.76033,3648000
hardzero_plus_depr__c0p50__z1p00__lam0p020__nu0p50__psi0p75,hardzero_plus_depr,0.06,35,1140,0.0,2,0.16175391,0.16175391,0.9957415,0.100985385,0.100985385,1.0,2.3382743e-10,2.315458e-09,-26.502981,2.190675,0.730225,0.192,0.0,0.14118657,22.76033,22.78033,3651200
hardzero_plus_depr__c0p50__z1p00__lam0p020__nu0p50__psi0p75,hardzero_plus_depr,0.06,35,1141,0.0,2,0.16175391,0.16175391,1.0032922,0.0,0.09924482,0.0,0.0,2.2809867e-09,-26.928352,2.2072868,0.7357623,0.16000001,0.0,0.15779084,22.78033,22.800331,3654400
hardzero_plus_depr__c0p50__z1p00__lam0p020__nu0p50__psi0p75,hardzero_plus_depr,0.06,35,1142,0.0,2,0.16175391,0.16175391,0.98578525,0.10332721,0.10332721,1.0,2.3217875e-10,2.2470243e-09,-27.412998,2.1687708,0.72292364,0.192,0.0,0.1521666,22.800331,22.820332,3657600
hardzero_plus_depr__c0p50__z1p00__lam0p020__nu0p50__psi0p75,hardzero_plus_depr,0.06,35,1143,0.0,2,0.16175391,0.16175391,0.96354836,0.10875561,0.10875561,1.0,2.407379e-10,2.2135676e-09,-26.105505,2.1198487,0.7066163,0.18400002,0.0,0.13570742,22.820332,22.840332,3660800
hardzero_plus_depr__c0p50__z1p00__lam0p020__nu0p50__psi0p75,hardzero_plus_depr,0.06,35,1144,0.0,2,0.16175391,0.16175391,1.0349809,0.0,0.09226121,0.0,0.0,2.1806132e-09,-28.075327,2.2770035,0.7590012,0.14999999,0.0,0.16840017,22.840332,22.860332,3664000
hardzero_plus_depr__c0p50__z1p00__lam0p020__nu0p50__psi0p75,hardzero_plus_depr,0.06,35,1145,0.0,2,0.16175391,0.16175391,0.9436448,0.11385581,0.11385581,1.0,2.445793e-10,2.1481494e-09,-26.12659,2.07606,0.69202006,0.17600001,0.0,0.14960669,22.860332,22.880333,3667200
hardzero_plus_depr__c0p50__z1p00__lam0p020__nu0p50__psi0p75,hardzero_plus_depr,0.06,35,1146,0.0,2,0.16175391,0.16175391,1.0226382,0.0,0.09492088,0.0,0.0,2.1161648e-09,-26.98349,2.2498488,0.74994963,0.192,0.008,0.15156525,22.880333,22.900333,3670400
hardzero_plus_depr__c0p50__z1p00__lam0p020__nu0p50__psi0p75,hardzero_plus_depr,0.06,35,1147,0.0,2,0.16175391,0.16175391,1.0022889,0.0,0.09947433,0.0,0.0,2.0846567e-09,-27.27541,2.2050798,0.7350266,0.224,0.008,0.15550101,22.900333,22.920334,3673600
hardzero_plus_depr__c0p50__z1p00__lam0p020__nu0p50__psi0p75,hardzero_plus_depr,0.06,35,1148,0.0,2,0.16175391,0.16175391,0.99707705,0.10067529,0.10067529,1.0,2.0674894e-10,2.0536215e-09,-27.90328,2.1936133,0.73120445,0.14400001,0.0,0.12396162,22.920334,22.940334,3676800
hardzero_plus_depr__c0p50__z1p00__lam0p020__nu0p50__psi0p75,hardzero_plus_depr,0.06,35,1149,0.0,2,0.16175391,0.16175391,1.0425094,0.0,0.09067562,0.0,0.0,2.023048e-09,-27.967285,2.2935665,0.7645222,0.112,0.0,0.1280703,22.940334,22.960335,3680000
hardzero_plus_depr__c0p50__z1p00__lam0p020__nu0p50__psi0p75,hardzero_plus_depr,0.06,35,1150,0.0,2,0.16175391,0.16175391,1.0308403,0.0,0.09314504,0.0,0.0,1.992926e-09,-27.06426,2.2678938,0.75596464,0.112,0.0,0.1510449,22.960335,22.980335,3683200
hardzero_plus_depr__c0p50__z1p00__lam0p020__nu0p50__psi0p75,hardzero_plus_depr,0.06,35,1151,0.0,2,0.16175391,0.16175391,0.9962555,0.100865915,0.100865915,1.0,1.9802528e-10,1.9632527e-09,-27.023289,2.1918058,0.73060197,0.16000001,0.008,0.17357689,22.980335,23.000336,3686400
hardzero_plus_depr__c0p50__z1p00__lam0p020__nu0p50__psi0p75,hardzero_plus_depr,0.06,35,1152,0.0,2,0.16175391,0.16175391,0.98592514,0.10329393,0.10329393,1.0,1.9977305e-10,1.934025e-09,-26.788023,2.1690786,0.7230262,0.2,0.0,0.14662774,23.000336,23.020336,3689600
hardzero_plus_depr__c0p50__z1p00__lam0p020__nu0p50__psi0p75,hardzero_plus_depr,0.06,35,1153,0.0,2,0.16175391,0.16175391,0.9801593,0.10467446,0.10467446,1.0,1.9942915e-10,1.9052322e-09,-26.056208,2.1563935,0.71879786,0.14400001,0.0,0.14717124,23.020336,23.040337,3692800
hardzero_plus_depr__c0p50__z1p00__lam0p020__nu0p50__psi0p75,hardzero_plus_depr,0.06,35,1154,0.0,2,0.16175391,0.16175391,1.0265266,0.0,0.094074816,0.0,0.0,1.8768647e-09,-27.190481,2.2584035,0.7528012,0.136,0.0,0.15661888,23.040337,23.060337,3696000
hardzero_plus_depr__c0p50__z1p00__lam0p020__nu0p50__psi0p75,hardzero_plus_depr,0.06,35,1155,0.0,2,0.16175391,0.16175391,1.0946206,0.0,0.08042285,0.0,0.0,1.8489192e-09,-29.070745,2.4082134,0.80273783,0.096,0.0,0.18321462,23.060337,23.080338,3699200
hardzero_plus_depr__c0p50__z1p00__lam0p020__nu0p50__psi0p75,hardzero_plus_depr,0.06,35,1156,0.0,2,0.16175391,0.16175391,1.0178876,0.0,0.09596489,0.0,0.0,1.8213936e-09,-27.360018,2.2393975,0.74646586,0.128,0.0,0.14795953,23.080338,23.100338,3702400
hardzero_plus_depr__c0p50__z1p00__lam0p020__nu0p50__psi0p75,hardzero_plus_depr,0.06,35,1157,0.0,2,0.16175391,0.16175391,0.99805,0.10045002,0.10045002,1.0,1.8023523e-10,1.7942777e-09,-26.919939,2.1957538,0.731918,0.17,0.0,0.13847426,23.100338,23.120338,3705600
hardzero_plus_depr__c0p50__z1p00__lam0p020__nu0p50__psi0p75,hardzero_plus_depr,0.06,35,1158,0.0,2,0.16175391,0.16175391,1.0081772,0.0,0.09813475,0.0,0.0,1.7675622e-09,-27.146177,2.218034,0.7393447,0.208,0.0,0.14667085,23.120338,23.140339,3708800
hardzero_plus_depr__c0p50__z1p00__lam0p020__nu0p50__psi0p75,hardzero_plus_depr,0.06,35,1159,0.0,2,0.16175391,0.16175391,1.0112011,0.0,0.09745381,0.0,0.0,1.7412443e-09,-26.01551,2.2246869,0.7415623,0.17600001,0.008,0.1528085,23.140339,23.16034,3712000
hardzero_plus_depr__c0p50__z1p00__lam0p020__nu0p50__psi0p75,hardzero_plus_depr,0.06,35,1160,0.0,2,0.16175391,0.16175391,0.9962239,0.100873254,0.100873254,1.0,1.7303006e-10,1.7153216e-09,-26.409678,2.1917365,0.73057884,0.16000001,0.0,0.14693426,23.16034,23.18034,3715200
hardzero_plus_depr__c0p50__z1p00__lam0p020__nu0p50__psi0p75,hardzero_plus_depr,0.06,35,1161,0.0,2,0.16175391,0.16175391,0.9764295,0.10557729,0.10557729,1.0,1.7840289e-10,1.6897848e-09,-26.37519,2.1481879,0.71606266,0.112,0.0,0.12670915,23.18034,23.20034,3718400
hardzero_plus_depr__c0p50__z1p00__lam0p020__nu0p50__psi0p75,hardzero_plus_depr,0.06,35,1162,0.0,2,0.16175391,0.16175391,0.96801627,0.107642494,0.107642494,1.0,1.7918439e-10,1.664625e-09,-26.596987,2.1296782,0.70989275,0.28800002,0.0,0.15797363,23.20034,23.22034,3721600
hardzero_plus_depr__c0p50__z1p00__lam0p020__nu0p50__psi0p75,hardzero_plus_depr,0.06,35,1163,0.0,2,0.16175391,0.16175391,1.1135383,0.0,0.07699486,0.0,0.0,1.6398398e-09,-28.74383,2.4498332,0.81661105,0.112,0.0,0.1552039,23.22034,23.240341,3724800
hardzero_plus_depr__c0p50__z1p00__lam0p020__nu0p50__psi0p75,hardzero_plus_depr,0.06,35,1164,0.0,2,0.16175391,0.16175391,1.0034546,0.0,0.099207714,0.0,0.0,1.6154269e-09,-26.561205,2.2076442,0.73588145,0.112,0.0,0.13697365,23.240341,23.260342,3728000
hardzero_plus_depr__c0p50__z1p00__lam0p020__nu0p50__psi0p75,hardzero_plus_depr,0.06,35,1165,0.0,2,0.16175391,0.16175391,0.98279595,0.104040876,0.104040876,1.0,1.6556828e-10,1.5913773e-09,-27.217178,2.1621943,0.72073144,0.16000001,0.0,0.14759503,23.260342,23.280342,3731200
hardzero_plus_depr__c0p50__z1p00__lam0p020__nu0p50__psi0p75,hardzero_plus_depr,0.06,35,1166,0.0,2,0.16175391,0.16175391,0.9753448,0.10584131,0.10584131,1.0,1.6592556e-10,1.5676825e-09,-26.499624,2.1458013,0.7152671,0.2,0.0,0.12003261,23.280342,23.300343,3734400
hardzero_plus_depr__c0p50__z1p00__lam0p020__nu0p50__psi0p75,hardzero_plus_depr,0.06,35,1167,0.0,2,0.16175391,0.16175391,1.0262575,0.0,0.09413313,0.0,0.0,1.5443409e-09,-27.207808,2.2578115,0.7526039,0.120000005,0.0,0.13189173,23.300343,23.320343,3737600
hardzero_plus_depr__c0p50__z1p00__lam0p020__nu0p50__psi0p75,hardzero_plus_depr,0.06,35,1168,0.0,2,0.16175391,0.16175391,0.9803505,0.10462838,0.10462838,1.0,1.5917634e-10,1.5213496e-09,-26.830875,2.156814,0.71893805,0.18400002,0.0,0.15002106,23.320343,23.340343,3740800
hardzero_plus_depr__c0p50__z1p00__lam0p020__nu0p50__psi0p75,hardzero_plus_depr,0.06,35,1169,0.0,2,0.16175391,0.16175391,1.0321884,0.0,0.09285635,0.0,0.0,1.4987005e-09,-27.478594,2.27086,0.75695336,0.14400001,0.0,0.1530238,23.340343,23.360344,3744000
hardzero_plus_depr__c0p50__z1p00__lam0p020__nu0p50__psi0p75,hardzero_plus_depr,0.06,35,1170,0.0,2,0.16175391,0.16175391,1.0401301,0.0,0.091173746,0.0,0.0,1.4763858e-09,-27.71684,2.288332,0.7627773,0.16,0.0,0.12556435,23.360344,23.380344,3747200
hardzero_plus_depr__c0p50__z1p00__lam0p020__nu0p50__psi0p75,hardzero_plus_depr,0.06,35,1171,0.0,2,0.16175391,0.16175391,1.0831188,0.0,0.0825812,0.0,0.0,1.4544036e-09,-28.433104,2.3829088,0.79430294,0.16000001,0.0,0.16140033,23.380344,23.400345,3750400
hardzero_plus_depr__c0p50__z1p00__lam0p020__nu0p50__psi0p75,hardzero_plus_depr,0.06,35,1172,0.0,2,0.16175391,0.16175391,0.99212164,0.1018306,0.1018306,1.0,1.458979e-10,1.4327511e-09,-26.520979,2.1827111,0.7275704,0.16000001,0.0,0.1615219,23.400345,23.420345,3753600
hardzero_plus_depr__c0p50__z1p00__lam0p020__nu0p50__psi0p75,hardzero_plus_depr,0.06,35,1173,0.0,2,0.16175391,0.16175391,0.97320706,0.106363565,0.106363565,1.0,1.5012376e-10,1.411421e-09,-26.220737,2.1410983,0.71369946,0.17600001,0.0,0.1311074,23.420345,23.440346,3756800
hardzero_plus_depr__c0p50__z1p00__lam0p020__nu0p50__psi0p75,hardzero_plus_depr,0.06,35,1174,0.0,2,0.16175391,0.16175391,1.0356244,0.0,0.092124596,0.0,0.0,1.390406e-09,-26.801052,2.278419,0.759473,0.17600001,0.0,0.15706338,23.440346,23.460346,3760000
hardzero_plus_depr__c0p50__z1p00__lam0p020__nu0p50__psi0p75,hardzero_plus_depr,0.06,35,1175,0.0,2,0.16175391,0.16175391,0.9829316,0.104008384,0.104008384,1.0,1.4246068e-10,1.3697038e-09,-27.072615,2.1624928,0.7208309,0.2,0.0,0.13938588,23.460346,23.480347,3763200
hardzero_plus_depr__c0p50__z1p00__lam0p020__nu0p50__psi0p75,hardzero_plus_depr,0.06,35,1176,0.0,2,0.16175391,0.16175391,0.979278,0.10488706,0.10488706,1.0,1.415254e-10,1.3493123e-09,-26.694632,2.1544547,0.71815157,0.216,0.008,0.15012349,23.480347,23.500347,3766400
hardzero_plus_depr__c0p50__z1p00__lam0p020__nu0p50__psi0p75,hardzero_plus_depr,0.06,35,1177,0.0,2,0.16175391,0.16175391,1.0226315,0.0,0.09492236,0.0,0.0,1.3292246e-09,-26.840515,2.2498343,0.7499448,0.14400001,0.0,0.16063783,23.500347,23.520348,3769600
hardzero_plus_depr__c0p50__z1p00__lam0p020__nu0p50__psi0p75,hardzero_plus_depr,0.06,35,1178,0.0,2,0.16175391,0.16175391,0.97192806,0.106677294,0.106677294,1.0,1.3968679e-10,1.3094332e-09,-26.199326,2.1382844,0.7127615,0.16000001,0.0,0.15667158,23.520348,23.540348,3772800
hardzero_plus_depr__c0p50__z1p00__lam0p020__nu0p50__psi0p75,hardzero_plus_depr,0.06,35,1179,0.0,2,0.16175391,0.16175391,0.98289,0.10401835,0.10401835,1.0,1.3417709e-10,1.2899367e-09,-26.220137,2.1624012,0.7208004,0.16800001,0.0,0.13234146,23.540348,23.560349,3776000
hardzero_plus_depr__c0p50__z1p00__lam0p020__nu0p50__psi0p75,hardzero_plus_depr,0.06,35,1180,0.0,2,0.16175391,0.16175391,0.969361,0.107309684,0.107309684,1.0,1.3636194e-10,1.2707327e-09,-26.533693,2.1326368,0.71087897,0.112,0.0,0.14181916,23.560349,23.580349,3779200
hardzero_plus_depr__c0p50__z1p00__lam0p020__nu0p50__psi0p75,hardzero_plus_depr,0.06,35,1181,0.0,2,0.16175391,0.16175391,0.995902,0.10094805,0.10094805,1.0,1.2636828e-10,1.2518149e-09,-27.204174,2.191028,0.73034275,0.15200001,0.0,0.15551063,23.580349,23.60035,3782400
hardzero_plus_depr__c0p50__z1p00__lam0p020__nu0p50__psi0p75,hardzero_plus_depr,0.06,35,1182,0.0,2,0.16175391,0.16175391,0.996811,0.100737005,0.100737005,1.0,1.2422646e-10,1.2331761e-09,-26.979145,2.193028,0.73100936,0.2,0.0,0.15204741,23.60035,23.62035,3785600
hardzero_plus_depr__c0p50__z1p00__lam0p020__nu0p50__psi0p75,hardzero_plus_depr,0.06,35,1183,0.0,2,0.16175391,0.16175391,0.9422126,0.1142319,0.1142319,1.0,1.3877062e-10,1.2148149e-09,-25.408438,2.072909,0.6909697,0.16,0.0,0.11868766,23.62035,23.64035,3788800
hardzero_plus_depr__c0p50__z1p00__lam0p020__nu0p50__psi0p75,hardzero_plus_depr,0.06,35,1184,0.0,2,0.16175391,0.16175391,1.0133991,0.0,0.096961856,0.0,0.0,1.1967294e-09,-26.699854,2.2295227,0.74317425,0.2,0.0,0.15353742,23.64035,23.66035,3792000
hardzero_plus_depr__c0p50__z1p00__lam0p020__nu0p50__psi0p75,hardzero_plus_depr,0.06,35,1185,0.0,2,0.16175391,0.16175391,0.977251,0.10537776,0.10537776,1.0,1.2423124e-10,1.1789132e-09,-26.49129,2.149995,0.716665,0.208,0.0,0.1378027,23.66035,23.680351,3795200
hardzero_plus_depr__c0p50__z1p00__lam0p020__nu0p50__psi0p75,hardzero_plus_depr,0.06,35,1186,0.0,2,0.16175391,0.16175391,1.0038892,0.0,0.09910847,0.0,0.0,1.1613598e-09,-27.525547,2.2086003,0.7362001,0.120000005,0.0,0.15407954,23.680351,23.700352,3798400
hardzero_plus_depr__c0p50__z1p00__lam0p020__nu0p50__psi0p75,hardzero_plus_depr,0.06,35,1187,0.0,2,0.16175391,0.16175391,0.97481924,0.10596946,0.10596946,1.0,1.2123627e-10,1.1440681e-09,-26.478212,2.1446452,0.7148818,0.216,0.0,0.15311387,23.700352,23.720352,3801600
hardzero_plus_depr__c0p50__z1p00__lam0p020__nu0p50__psi0p75,hardzero_plus_depr,0.06,35,1188,0.0,2,0.16175391,0.16175391,0.99707067,0.10067678,0.10067678,1.0,1.1346634e-10,1.1270358e-09,-27.323221,2.1935992,0.73119974,0.18400002,0.0,0.14381836,23.720352,23.740353,3804800
hardzero_plus_depr__c0p50__z1p00__lam0p020__nu0p50__psi0p75,hardzero_plus_depr,0.06,35,1189,0.0,2,0.16175391,0.16175391,1.028318,0.0,0.09368757,0.0,0.0,1.1102571e-09,-27.713955,2.2623448,0.754115,0.136,0.0,0.16292036,23.740353,23.760353,3808000
hardzero_plus_depr__c0p50__z1p00__lam0p020__nu0p50__psi0p75,hardzero_plus_depr,0.06,35,1190,0.0,2,0.16175391,0.16175391,0.95626265,0.110595465,0.110595465,1.0,1.2096113e-10,1.093726e-09,-25.747925,2.1038198,0.7012733,0.16800001,0.0,0.1463008,23.760353,23.780354,3811200
hardzero_plus_depr__c0p50__z1p00__lam0p020__nu0p50__psi0p75,hardzero_plus_depr,0.06,35,1191,0.0,2,0.16175391,0.16175391,1.0460405,0.0,0.08994136,0.0,0.0,1.0774412e-09,-27.541195,2.301335,0.7671117,0.136,0.0,0.15527454,23.780354,23.800354,3814400
hardzero_plus_depr__c0p50__z1p00__lam0p020__nu0p50__psi0p75,hardzero_plus_depr,0.06,35,1192,0.0,2,0.16175391,0.16175391,0.97010386,0.107126296,0.107126296,1.0,1.1370394e-10,1.0614009e-09,-26.732872,2.1342711,0.71142375,0.15200001,0.0,0.1642139,23.800354,23.820354,3817600
hardzero_plus_depr__c0p50__z1p00__lam0p020__nu0p50__psi0p75,hardzero_plus_depr,0.06,35,1193,0.0,2,0.16175391,0.16175391,1.0363758,0.0,0.09196535,0.0,0.0,1.0455992e-09,-27.95427,2.2800722,0.7600241,0.16800001,0.0,0.17085923,23.820354,23.840355,3820800
hardzero_plus_depr__c0p50__z1p00__lam0p020__nu0p50__psi0p75,hardzero_plus_depr,0.06,35,1194,0.0,2,0.16175391,0.16175391,1.0439497,0.0,0.09037541,0.0,0.0,1.0300311e-09,-27.556776,2.2967353,0.76557845,0.112,0.0,0.15595928,23.840355,23.860355,3824000
hardzero_plus_depr__c0p50__z1p00__lam0p020__nu0p50__psi0p75,hardzero_plus_depr,0.06,35,1195,0.0,2,0.16175391,0.16175391,0.97943044,0.104850285,0.104850285,1.0,1.06391014e-10,1.0146946e-09,-27.34385,2.15479,0.7182633,0.17600001,0.0,0.14549823,23.860355,23.880356,3827200
hardzero_plus_depr__c0p50__z1p00__lam0p020__nu0p50__psi0p75,hardzero_plus_depr,0.06,35,1196,0.0,2,0.16175391,0.16175391,1.1108625,0.0,0.07747071,0.0,0.0,9.995882e-10,-29.115118,2.4439464,0.8146488,0.16,0.0,0.1641524,23.880356,23.900356,3830400
hardzero_plus_depr__c0p50__z1p00__lam0p020__nu0p50__psi0p75,hardzero_plus_depr,0.06,35,1197,0.0,2,0.16175391,0.16175391,1.0194345,0.0,0.095623694,0.0,0.0,9.84707e-10,-27.731619,2.2428005,0.7476002,0.192,0.0,0.17894943,23.900356,23.920357,3833600
hardzero_plus_depr__c0p50__z1p00__lam0p020__nu0p50__psi0p75,hardzero_plus_depr,0.06,35,1198,0.0,2,0.16175391,0.16175391,0.965638,0.108233586,0.108233586,1.0,1.0499149e-10,9.700454e-10,-26.228365,2.124446,0.70814866,0.192,0.0,0.1703571,23.920357,23.940357,3836800
hardzero_plus_depr__c0p50__z1p00__lam0p020__nu0p50__psi0p75,hardzero_plus_depr,0.06,35,1199,0.0,2,0.16175391,0.16175391,1.0543194,0.0,0.08824306,0.0,0.0,9.556019e-10,-27.70039,2.319549,0.77318305,0.136,0.0,0.18859607,23.940357,23.960358,3840000
hardzero_plus_depr__c0p50__z1p00__lam0p020__nu0p50__psi0p75,hardzero_plus_depr,0.06,35,1200,0.0,2,0.16175391,0.16175391,0.9756305,0.10577169,0.10577169,1.0,9.957088e-11,9.413755e-10,-26.589703,2.14643,0.7154767,0.18400002,0.0,0.16354431,23.960358,23.980358,3843200
hardzero_plus_depr__c0p50__z1p00__lam0p020__nu0p50__psi0p75,hardzero_plus_depr,0.06,35,1201,0.0,2,0.16175391,0.16175391,1.0218642,0.0,0.0950902,0.0,0.0,9.273609e-10,-27.296019,2.248146,0.749382,0.136,0.0,0.17199497,23.980358,24.000359,3846400
hardzero_plus_depr__c0p50__z1p00__lam0p020__nu0p50__psi0p75,hardzero_plus_depr,0.06,35,1202,0.0,2,0.16175391,0.16175391,1.0411063,0.0,0.090969056,0.0,0.0,9.1355307e-10,-27.354618,2.2904797,0.76349324,0.128,0.0,0.14684378,24.000359,24.020359,3849600
hardzero_plus_depr__c0p50__z1p00__lam0p020__nu0p50__psi0p75,hardzero_plus_depr,0.06,35,1203,0.0,2,0.16175391,0.16175391,0.96082175,0.10944053,0.10944053,1.0,9.84911e-11,8.9995084e-10,-26.92054,2.11385,0.7046167,0.16800001,0.0,0.15202256,24.020359,24.04036,3852800
hardzero_plus_depr__c0p50__z1p00__lam0p020__nu0p50__psi0p75,hardzero_plus_depr,0.06,35,1204,0.0,2,0.16175391,0.16175391,1.0066198,0.0,0.0984873,0.0,0.0,8.865529e-10,-26.518486,2.2146077,0.7382026,0.16000001,0.0,0.14767732,24.04036,24.06036,3856000
hardzero_plus_depr__c0p50__z1p00__lam0p020__nu0p50__psi0p75,hardzero_plus_depr,0.06,35,1205,0.0,2,0.16175391,0.16175391,1.0095227,0.0,0.09783117,0.0,0.0,8.7335433e-10,-26.87131,2.2209942,0.7403314,0.15200001,0.0,0.15287247,24.06036,24.08036,3859200
hardzero_plus_depr__c0p50__z1p00__lam0p020__nu0p50__psi0p75,hardzero_plus_depr,0.06,35,1206,0.0,2,0.16175391,0.16175391,1.0228145,0.0,0.09488235,0.0,0.0,8.603506e-10,-27.78044,2.2502367,0.7500789,0.16000001,0.0,0.16940942,24.08036,24.10036,3862400
hardzero_plus_depr__c0p50__z1p00__lam0p020__nu0p50__psi0p75,hardzero_plus_depr,0.06,35,1207,0.0,2,0.16175391,0.16175391,1.0519644,0.0,0.08872287,0.0,0.0,8.475406e-10,-28.222952,2.3143678,0.77145594,0.104,0.0,0.18202186,24.10036,24.120361,3865600
hardzero_plus_depr__c0p50__z1p00__lam0p020__nu0p50__psi0p75,hardzero_plus_depr,0.06,35,1208,0.0,2,0.16175391,0.16175391,0.96845967,0.107532635,0.107532635,1.0,8.978146e-11,8.349229e-10,-26.784199,2.1306539,0.71021795,0.17600001,0.0,0.13776048,24.120361,24.140362,3868800
hardzero_plus_depr__c0p50__z1p00__lam0p020__nu0p50__psi0p75,hardzero_plus_depr,0.06,35,1209,0.0,2,0.16175391,0.16175391,0.92561823,0.11868115,0.11868115,1.0,9.761441e-11,8.2249296e-10,-25.07052,2.0364008,0.6788003,0.22,0.0,0.15217964,24.140362,24.160362,3872000
hardzero_plus_depr__c0p50__z1p00__lam0p020__nu0p50__psi0p75,hardzero_plus_depr,0.06,35,1210,0.0,2,0.16175391,0.16175391,1.0245972,0.0,0.094493695,0.0,0.0,8.1024665e-10,-27.992365,2.2541587,0.7513863,0.136,0.0,0.15233931,24.160362,24.180363,3875200
hardzero_plus_depr__c0p50__z1p00__lam0p020__nu0p50__psi0p75,hardzero_plus_depr,0.06,35,1211,0.0,2,0.16175391,0.16175391,0.98167986,0.1043086,0.1043086,1.0,8.325731e-11,7.9818263e-10,-26.356888,2.1597388,0.71991295,0.14400001,0.0,0.1486441,24.180363,24.200363,3878400
hardzero_plus_depr__c0p50__z1p00__lam0p020__nu0p50__psi0p75,hardzero_plus_depr,0.06,35,1212,0.0,2,0.16175391,0.16175391,0.979767,0.10476904,0.10476904,1.0,8.237987e-11,7.862997e-10,-27.300571,2.1555305,0.71851015,0.16800001,0.0,0.1328287,24.200363,24.220364,3881600
hardzero_plus_depr__c0p50__z1p00__lam0p020__nu0p50__psi0p75,hardzero_plus_depr,0.06,35,1213,0.0,2,0.16175391,0.16175391,0.9165169,0.121194534,0.121194534,1.0,9.3876525e-11,7.745937e-10,-25.661945,2.0163774,0.6721258,0.18400002,0.0,0.11946976,24.220364,24.240364,3884800
hardzero_plus_depr__c0p50__z1p00__lam0p020__nu0p50__psi0p75,hardzero_plus_depr,0.06,35,1214,0.0,2,0.16175391,0.16175391,1.0305165,0.0,0.0932145,0.0,0.0,7.630605e-10,-27.117031,2.2671816,0.75572723,0.17600001,0.0,0.15823144,24.240364,24.260365,3888000
hardzero_plus_depr__c0p50__z1p00__lam0p020__nu0p50__psi0p75,hardzero_plus_depr,0.06,35,1215,0.0,2,0.16175391,0.16175391,0.99691945,0.10071184,0.10071184,1.0,7.5704984e-11,7.51699e-10,-27.084639,2.1932666,0.7310889,0.128,0.0,0.14413111,24.260365,24.280365,3891200
hardzero_plus_depr__c0p50__z1p00__lam0p020__nu0p50__psi0p75,hardzero_plus_depr,0.06,35,1216,0.0,2,0.16175391,0.16175391,1.0185741,0.0,0.09581332,0.0,0.0,7.405081e-10,-27.411,2.240908,0.74696934,0.096,0.0,0.13914452,24.280365,24.300365,3894400
hardzero_plus_depr__c0p50__z1p00__lam0p020__nu0p50__psi0p75,hardzero_plus_depr,0.06,35,1217,0.0,2,0.16175391,0.16175391,0.95819414,0.11010469,0.11010469,1.0,8.031959e-11,7.2948386e-10,-26.782103,2.1080692,0.70268977,0.2,0.0,0.14850082,24.300365,24.320366,3897600
hardzero_plus_depr__c0p50__z1p00__lam0p020__nu0p50__psi0p75,hardzero_plus_depr,0.06,35,1218,0.0,2,0.16175391,0.16175391,1.0136794,0.0,0.09689929,0.0,0.0,7.186224e-10,-26.954798,2.2301393,0.7433798,0.16800001,0.0,0.16011155,24.320366,24.340366,3900800
hardzero_plus_depr__c0p50__z1p00__lam0p020__nu0p50__psi0p75,hardzero_plus_depr,0.06,35,1219,0.0,2,0.16175391,0.16175391,0.9965313,0.10080189,0.10080189,1.0,7.1359925e-11,7.079225e-10,-27.02638,2.1924126,0.7308042,0.128,0.0,0.12675418,24.340366,24.360367,3904000
hardzero_plus_depr__c0p50__z1p00__lam0p020__nu0p50__psi0p75,hardzero_plus_depr,0.06,35,1220,0.0,2,0.16175391,0.16175391,1.0468757,0.0,0.08976855,0.0,0.0,6.973833e-10,-27.81442,2.3031726,0.7677242,0.208,0.0,0.18212686,24.360367,24.380367,3907200
hardzero_plus_depr__c0p50__z1p00__lam0p020__nu0p50__psi0p75,hardzero_plus_depr,0.06,35,1221,0.0,2,0.16175391,0.16175391,1.0644512,0.0,0.08620825,0.0,0.0,6.870011e-10,-27.255983,2.3418396,0.7806132,0.14400001,0.0,0.14520717,24.380367,24.400368,3910400
hardzero_plus_depr__c0p50__z1p00__lam0p020__nu0p50__psi0p75,hardzero_plus_depr,0.06,35,1222,0.0,2,0.16175391,0.16175391,0.9869497,0.10305056,0.10305056,1.0,6.974174e-11,6.767721e-10,-27.094503,2.1713326,0.72377753,0.08,0.0,0.13418166,24.400368,24.420368,3913600
hardzero_plus_depr__c0p50__z1p00__lam0p020__nu0p50__psi0p75,hardzero_plus_depr,0.06,35,1223,0.0,2,0.16175391,0.16175391,1.0071114,0.0,0.09837587,0.0,0.0,6.6669537e-10,-26.816393,2.2156894,0.7385632,0.16000001,0.0,0.15228014,24.420368,24.440369,3916800
hardzero_plus_depr__c0p50__z1p00__lam0p020__nu0p50__psi0p75,hardzero_plus_depr,0.06,35,1224,0.0,2,0.16175391,0.16175391,1.0342933,0.0,0.09240738,0.0,0.0,6.5677e-10,-27.721407,2.2754908,0.75849694,0.08800001,0.0,0.14296502,24.440369,24.46037,3920000
hardzero_plus_depr__c0p50__z1p00__lam0p020__nu0p50__psi0p75,hardzero_plus_depr,0.06,35,1225,0.0,2,0.16175391,0.16175391,1.0260669,0.0,0.09417445,0.0,0.0,6.4699235e-10,-27.590666,2.2573922,0.75246406,0.208,0.0,0.18880501,24.46037,24.48037,3923200
hardzero_plus_depr__c0p50__z1p00__lam0p020__nu0p50__psi0p75,hardzero_plus_depr,0.06,35,1226,0.0,2,0.16175391,0.16175391,1.0180018,0.0,0.09593966,0.0,0.0,6.373591e-10,-27.55982,2.2396486,0.74654955,0.17600001,0.0,0.14052035,24.48037,24.50037,3926400
hardzero_plus_depr__c0p50__z1p00__lam0p020__nu0p50__psi0p75,hardzero_plus_depr,0.06,35,1227,0.0,2,0.16175391,0.16175391,1.0099975,0.0,0.09772429,0.0,0.0,6.278692e-10,-27.782562,2.2220387,0.7406796,0.24800001,0.0,0.17415817,24.50037,24.52037,3929600
hardzero_plus_depr__c0p50__z1p00__lam0p020__nu0p50__psi0p75,hardzero_plus_depr,0.06,35,1228,0.0,2,0.16175391,0.16175391,1.0452788,0.0,0.09009926,0.0,0.0,6.1852184e-10,-27.657272,2.2996593,0.7665531,0.14400001,0.0,0.13627657,24.52037,24.54037,3932800
hardzero_plus_depr__c0p50__z1p00__lam0p020__nu0p50__psi0p75,hardzero_plus_depr,0.06,35,1229,0.0,2,0.16175391,0.16175391,1.0461668,0.0,0.089915216,0.0,0.0,6.0931366e-10,-27.319843,2.3016129,0.7672043,0.136,0.0,0.16233186,24.54037,24.560371,3936000
hardzero_plus_depr__c0p50__z1p00__lam0p020__nu0p50__psi0p75,hardzero_plus_depr,0.06,35,1230,0.0,2,0.16175391,0.16175391,0.9680675,0.10762979,0.10762979,1.0,6.460385e-11,6.0024136e-10,-26.3943,2.129791,0.70993036,0.2,0.0,0.14768349,24.560371,24.580372,3939200
hardzero_plus_depr__c0p50__z1p00__lam0p020__nu0p50__psi0p75,hardzero_plus_depr,0.06,35,1231,0.0,2,0.16175391,0.16175391,0.9468788,0.11301112,0.11301112,1.0,6.682395e-11,5.913042e-10,-26.051481,2.083175,0.69439167,0.14400001,0.0,0.1244444,24.580372,24.600372,3942400
hardzero_plus_depr__c0p50__z1p00__lam0p020__nu0p50__psi0p75,hardzero_plus_depr,0.06,35,1232,0.0,2,0.16175391,0.16175391,1.0873661,0.0,0.08177752,0.0,0.0,5.825011e-10,-29.461256,2.3922532,0.79741776,0.120000005,0.0,0.19449441,24.600372,24.620373,3945600
hardzero_plus_depr__c0p50__z1p00__lam0p020__nu0p50__psi0p75,hardzero_plus_depr,0.06,35,1233,0.0,2,0.16175391,0.16175391,0.91987896,0.12025995,0.12025995,1.0,6.9008674e-11,5.738292e-10,-25.282661,2.0237741,0.6745914,0.24000001,0.0,0.14748205,24.620373,24.640373,3948800
hardzero_plus_depr__c0p50__z1p00__lam0p020__nu0p50__psi0p75,hardzero_plus_depr,0.06,35,1234,0.0,2,0.16175391,0.16175391,0.98016524,0.10467302,0.10467302,1.0,5.917011e-11,5.6528526e-10,-26.795555,2.1564066,0.7188022,0.216,0.0,0.14620347,24.640373,24.660374,3952000
hardzero_plus_depr__c0p50__z1p00__lam0p020__nu0p50__psi0p75,hardzero_plus_depr,0.06,35,1235,0.0,2,0.16175391,0.16175391,1.0601646,0.0,0.08706335,0.0,0.0,5.568685e-10,-29.12174,2.3324087,0.7774696,0.14,0.0,0.15314409,24.660374,24.680374,3955200
hardzero_plus_depr__c0p50__z1p00__lam0p020__nu0p50__psi0p75,hardzero_plus_depr,0.06,35,1236,0.0,2,0.16175391,0.16175391,0.9967619,0.10074838,0.10074838,1.0,5.5268366e-11,5.485782e-10,-27.04576,2.19292,0.73097336,0.15200001,0.0,0.13446195,24.680374,24.700375,3958400
hardzero_plus_depr__c0p50__z1p00__lam0p020__nu0p50__psi0p75,hardzero_plus_depr,0.06,35,1237,0.0,2,0.16175391,0.16175391,1.0014274,0.0,0.099671856,0.0,0.0,5.4041116e-10,-26.533224,2.2031844,0.7343948,0.18400002,0.0,0.13435432,24.700375,24.720375,3961600
hardzero_plus_depr__c0p50__z1p00__lam0p020__nu0p50__psi0p75,hardzero_plus_depr,0.06,35,1238,0.0,2,0.16175391,0.16175391,1.0293105,0.0,0.09347372,0.0,0.0,5.323649e-10,-28.126467,2.2645283,0.75484276,0.16800001,0.0,0.16998774,24.720375,24.740376,3964800
hardzero_plus_depr__c0p50__z1p00__lam0p020__nu0p50__psi0p75,hardzero_plus_depr,0.06,35,1239,0.0,2,0.16175391,0.16175391,1.0375684,0.0,0.091713145,0.0,0.0,5.2443827e-10,-27.338549,2.2826962,0.76089877,0.14400001,0.0,0.15901309,24.740376,24.760376,3968000
hardzero_plus_depr__c0p50__z1p00__lam0p020__nu0p50__psi0p75,hardzero_plus_depr,0.06,35,1240,0.0,2,0.16175391,0.16175391,0.9781215,0.10516676,0.10516676,1.0,5.4332382e-11,5.1663074e-10,-26.28594,2.1519103,0.71730345,0.17600001,0.0,0.13780783,24.760376,24.780376,3971200
hardzero_plus_depr__c0p50__z1p00__lam0p020__nu0p50__psi0p75,hardzero_plus_depr,0.06,35,1241,0.0,2,0.16175391,0.16175391,0.99797,0.10046852,0.10046852,1.0,5.113239e-11,5.0893945e-10,-27.30559,2.1955779,0.7318593,0.208,0.0,0.16651113,24.780376,24.800377,3974400
hardzero_plus_depr__c0p50__z1p00__lam0p020__nu0p50__psi0p75,hardzero_plus_depr,0.06,35,1242,0.0,2,0.16175391,0.16175391,1.0017366,0.0,0.09960092,0.0,0.0,5.013617e-10,-28.026468,2.2038646,0.7346215,0.080000006,0.0,0.17527609,24.800377,24.820377,3977600
hardzero_plus_depr__c0p50__z1p00__lam0p020__nu0p50__psi0p75,hardzero_plus_depr,0.06,35,1243,0.0,2,0.16175391,0.16175391,1.0342692,0.0,0.09241252,0.0,0.0,4.938967e-10,-28.00394,2.2754378,0.7584793,0.15200001,0.0,0.15669337,24.820377,24.840378,3980800
hardzero_plus_depr__c0p50__z1p00__lam0p020__nu0p50__psi0p75,hardzero_plus_depr,0.06,35,1244,0.0,2,0.16175391,0.16175391,0.95537,0.11082302,0.11082302,1.0,5.3920254e-11,4.865438e-10,-26.052017,2.101856,0.7006187,0.18400002,0.0,0.12739223,24.840378,24.860378,3984000
hardzero_plus_depr__c0p50__z1p00__lam0p020__nu0p50__psi0p75,hardzero_plus_depr,0.06,35,1245,0.0,2,0.16175391,0.16175391,1.031245,0.0,0.09305828,0.0,0.0,4.7930043e-10,-26.97278,2.2687843,0.75626147,0.136,0.0,0.137297,24.860378,24.880379,3987200
hardzero_plus_depr__c0p50__z1p00__lam0p020__nu0p50__psi0p75,hardzero_plus_depr,0.06,35,1246,0.0,2,0.16175391,0.16175391,0.9882991,0.10273087,0.10273087,1.0,4.8505817e-11,4.72164e-10,-27.040165,2.1743014,0.72476715,0.120000005,0.0,0.13729183,24.880379,24.90038,3990400
hardzero_plus_depr__c0p50__z1p00__lam0p020__nu0p50__psi0p75,hardzero_plus_depr,0.06,35,1247,0.0,2,0.16175391,0.16175391,1.0215876,0.0,0.09515077,0.0,0.0,4.651338e-10,-27.158056,2.2475376,0.74917924,0.128,0.0,0.16660464,24.90038,24.92038,3993600
hardzero_plus_depr__c0p50__z1p00__lam0p020__nu0p50__psi0p75,hardzero_plus_depr,0.06,35,1248,0.0,2,0.16175391,0.16175391,1.091431,0.0,0.08101566,0.0,0.0,4.5820914e-10,-28.224829,2.4011962,0.80039877,0.089999996,0.0,0.17037077,24.92038,24.94038,3996800
hardzero_plus_depr__c0p50__z1p00__lam0p020__nu0p50__psi0p75,hardzero_plus_depr,0.06,35,1249,0.0,2,0.16175391,0.16175391,0.9856375,0.10336237,0.10336237,1.0,4.6656488e-11,4.5138757e-10,-27.529972,2.1684458,0.7228153,0.17600001,0.0,0.1492186,24.94038,24.96038,4000000
hardzero_plus_depr__c0p50__z1p00__lam0p020__nu0p50__psi0p75,hardzero_plus_depr,0.06,36,0,1.0,1,1.0,0.5,1.00588,0.0,0.09865519,0.0,0.0,0.06,-26.322607,2.2129803,0.7376601,0.17,0.0,0.1406561,0.0,0.0,3200
hardzero_plus_depr__c0p50__z1p00__lam0p020__nu0p50__psi0p75,hardzero_plus_depr,0.06,36,1,1.0,2,0.5,0.0,1.0354067,0.0,0.092170775,0.0,0.0,0.06,-27.19927,2.2779403,0.75931346,0.24000001,0.0,0.13793102,0.0,0.0,6400
hardzero_plus_depr__c0p50__z1p00__lam0p020__nu0p50__psi0p75,hardzero_plus_depr,0.06,36,2,0.0,2,0.0,0.0061145504,0.9917867,0.101909176,0.101909176,1.0,0.0061145504,0.06,-26.019754,2.1819744,0.72732484,0.15200001,0.0,0.13082676,0.0,0.02,9600
hardzero_plus_depr__c0p50__z1p00__lam0p020__nu0p50__psi0p75,hardzero_plus_depr,0.06,36,3,0.0,2,0.0061145504,0.012111526,0.99370456,0.10146014,0.10146014,1.0,0.0059969756,0.059106715,-27.323154,2.1861937,0.7287313,0.16000001,0.0,0.13336188,0.02,0.04,12800
hardzero_plus_depr__c0p50__z1p00__lam0p020__nu0p50__psi0p75,hardzero_plus_depr,0.06,36,4,0.0,2,0.012111526,0.012111526,1.0722753,0.0,0.08466905,0.0,0.0,0.058226734,-27.838577,2.3590527,0.7863509,0.096,0.0,0.14840502,0.04,0.06,16000
hardzero_plus_depr__c0p50__z1p00__lam0p020__nu0p50__psi0p75,hardzero_plus_depr,0.06,36,5,0.0,2,0.012111526,0.012111526,1.0094402,0.0,0.097849764,0.0,0.0,0.057359852,-26.561377,2.2208128,0.740271,0.16000001,0.0,0.1580116,0.06,0.08,19200
hardzero_plus_depr__c0p50__z1p00__lam0p020__nu0p50__psi0p75,hardzero_plus_depr,0.06,36,6,0.0,2,0.012111526,0.012111526,1.0201191,0.0,0.09547307,0.0,0.0,0.056505874,-27.306166,2.2443068,0.7481023,0.216,0.008,0.17779735,0.08,0.099999994,22400
hardzero_plus_depr__c0p50__z1p00__lam0p020__nu0p50__psi0p75,hardzero_plus_depr,0.06,36,7,0.0,2,0.012111526,0.012111526,1.0463179,0.0,0.08988393,0.0,0.0,0.055664614,-27.556913,2.3019454,0.76731515,0.17600001,0.008,0.15537989,0.099999994,0.11999999,25600
hardzero_plus_depr__c0p50__z1p00__lam0p020__nu0p50__psi0p75,hardzero_plus_depr,0.06,36,8,0.0,2,0.012111526,0.012111526,1.0234797,0.0,0.09473714,0.0,0.0,0.054835875,-27.525427,2.2517004,0.75056684,0.18400002,0.0,0.14523557,0.11999999,0.13999999,28800
hardzero_plus_depr__c0p50__z1p00__lam0p020__nu0p50__psi0p75,hardzero_plus_depr,0.06,36,9,0.0,2,0.012111526,0.012111526,1.06656,0.0,0.08579064,0.0,0.0,0.054019473,-27.539244,2.346479,0.7821597,0.16000001,0.0,0.14567356,0.13999999,0.15999998,32000
hardzero_plus_depr__c0p50__z1p00__lam0p020__nu0p50__psi0p75,hardzero_plus_depr,0.06,36,10,0.0,2,0.012111526,0.012111526,1.0008522,0.0,0.09980395,0.0,0.0,0.053215224,-27.446363,2.2019188,0.73397297,0.14400001,0.0,0.15912569,0.15999998,0.17999998,35200
hardzero_plus_depr__c0p50__z1p00__lam0p020__nu0p50__psi0p75,hardzero_plus_depr,0.06,36,11,0.0,2,0.012111526,0.012111526,1.0320069,0.0,0.092895165,0.0,0.0,0.052422956,-27.137068,2.2704604,0.75682014,0.16000001,0.0,0.16092224,0.17999998,0.19999997,38400
hardzero_plus_depr__c0p50__z1p00__lam0p020__nu0p50__psi0p75,hardzero_plus_depr,0.06,36,12,0.0,2,0.012111526,0.01759042,0.97431415,0.10609278,0.10609278,1.0,0.005478894,0.051642478,-26.229753,2.143534,0.71451133,0.14400001,0.0,0.13180904,0.19999997,0.21999997,41600
hardzero_plus_depr__c0p50__z1p00__lam0p020__nu0p50__psi0p75,hardzero_plus_depr,0.06,36,13,0.0,2,0.01759042,0.01759042,1.0479963,0.0,0.08953723,0.0,0.0,0.050873626,-27.449257,2.3056378,0.768546,0.19999999,0.0,0.16590956,0.21999997,0.23999996,44800
hardzero_plus_depr__c0p50__z1p00__lam0p020__nu0p50__psi0p75,hardzero_plus_depr,0.06,36,14,0.0,2,0.01759042,0.01759042,1.0546831,0.0,0.0881692,0.0,0.0,0.05011621,-27.634941,2.3203492,0.7734498,0.128,0.0,0.119170584,0.23999996,0.25999996,48000
hardzero_plus_depr__c0p50__z1p00__lam0p020__nu0p50__psi0p75,hardzero_plus_depr,0.06,36,15,0.0,2,0.01759042,0.01759042,1.0366006,0.0,0.09191775,0.0,0.0,0.049370084,-27.87776,2.280567,0.760189,0.16800001,0.0,0.15292893,0.25999996,0.27999997,51200
hardzero_plus_depr__c0p50__z1p00__lam0p020__nu0p50__psi0p75,hardzero_plus_depr,0.06,36,16,0.0,2,0.01759042,0.01759042,1.0461768,0.0,0.089913145,0.0,0.0,0.048635054,-27.744823,2.3016348,0.7672116,0.15200001,0.0,0.15902571,0.27999997,0.29999998,54400
hardzero_plus_depr__c0p50__z1p00__lam0p020__nu0p50__psi0p75,hardzero_plus_depr,0.06,36,17,0.0,2,0.01759042,0.01759042,1.0202899,0.0,0.09543552,0.0,0.0,0.047910973,-27.533455,2.2446826,0.74822754,0.128,0.0,0.13562393,0.29999998,0.32,57600
hardzero_plus_depr__c0p50__z1p00__lam0p020__nu0p50__psi0p75,hardzero_plus_depr,0.06,36,18,0.0,2,0.01759042,0.01759042,1.0110861,0.0,0.09747963,0.0,0.0,0.047197673,-25.957994,2.224434,0.74147797,0.120000005,0.0,0.13911861,0.32,0.34,60800
hardzero_plus_depr__c0p50__z1p00__lam0p020__nu0p50__psi0p75,hardzero_plus_depr,0.06,36,19,0.0,2,0.01759042,0.01759042,1.0445035,0.0,0.090260245,0.0,0.0,0.04649499,-27.162146,2.2979536,0.76598454,0.120000005,0.0,0.15084688,0.34,0.36,64000
hardzero_plus_depr__c0p50__z1p00__lam0p020__nu0p50__psi0p75,hardzero_plus_depr,0.06,36,20,0.0,2,0.01759042,0.01759042,1.0280101,0.0,0.093754,0.0,0.0,0.04580277,-27.520197,2.2616675,0.7538892,0.136,0.0,0.14952008,0.36,0.38000003,67200
hardzero_plus_depr__c0p50__z1p00__lam0p020__nu0p50__psi0p75,hardzero_plus_depr,0.06,36,21,0.0,2,0.01759042,0.022420209,0.97044915,0.10704116,0.10704116,1.0,0.0048297886,0.045120854,-25.925533,2.1350307,0.71167696,0.104,0.0,0.124510564,0.38000003,0.40000004,70400
hardzero_plus_depr__c0p50__z1p00__lam0p020__nu0p50__psi0p75,hardzero_plus_depr,0.06,36,22,0.0,2,0.022420209,0.022420209,1.0127395,0.0,0.09710922,0.0,0.0,0.04444909,-27.047115,2.2280715,0.7426905,0.128,0.0,0.13879384,0.40000004,0.42000005,73600
hardzero_plus_depr__c0p50__z1p00__lam0p020__nu0p50__psi0p75,hardzero_plus_depr,0.06,36,23,0.0,2,0.022420209,0.022420209,1.0334268,0.0,0.09259195,0.0,0.0,0.04378733,-27.38982,2.2735844,0.7578615,0.14400001,0.0,0.1582836,0.42000005,0.44000006,76800
hardzero_plus_depr__c0p50__z1p00__lam0p020__nu0p50__psi0p75,hardzero_plus_depr,0.06,36,24,0.0,2,0.022420209,0.022420209,1.0256956,0.0,0.09425501,0.0,0.0,0.043135423,-27.140642,2.2565753,0.7521918,0.15200001,0.0,0.14205968,0.44000006,0.46000007,80000
hardzero_plus_depr__c0p50__z1p00__lam0p020__nu0p50__psi0p75,hardzero_plus_depr,0.06,36,25,0.0,2,0.022420209,0.022420209,1.0472649,0.0,0.08968814,0.0,0.0,0.042493217,-27.812798,2.304029,0.76800966,0.128,0.0,0.17970642,0.46000007,0.48000008,83200
hardzero_plus_depr__c0p50__z1p00__lam0p020__nu0p50__psi0p75,hardzero_plus_depr,0.06,36,26,0.0,2,0.022420209,0.022420209,1.0835975,0.0,0.08249023,0.0,0.0,0.041860577,-28.738182,2.3839622,0.7946541,0.14,0.0,0.18483953,0.48000008,0.50000006,86400
hardzero_plus_depr__c0p50__z1p00__lam0p020__nu0p50__psi0p75,hardzero_plus_depr,0.06,36,27,0.0,2,0.022420209,0.022420209,1.0524268,0.0,0.08862845,0.0,0.0,0.041237354,-27.207333,2.3153853,0.77179515,0.128,0.0,0.14920563,0.50000006,0.52000004,89600
hardzero_plus_depr__c0p50__z1p00__lam0p020__nu0p50__psi0p75,hardzero_plus_depr,0.06,36,28,0.0,2,0.022420209,0.022420209,1.023423,0.0,0.09474952,0.0,0.0,0.04062341,-27.588003,2.2515755,0.7505252,0.192,0.0,0.14729987,0.52000004,0.54,92800
hardzero_plus_depr__c0p50__z1p00__lam0p020__nu0p50__psi0p75,hardzero_plus_depr,0.06,36,29,0.0,2,0.022420209,0.022420209,1.0489585,0.0,0.08933908,0.0,0.0,0.040018607,-27.535662,2.307755,0.7692517,0.128,0.0,0.1696001,0.54,0.56,96000
hardzero_plus_depr__c0p50__z1p00__lam0p020__nu0p50__psi0p75,hardzero_plus_depr,0.06,36,30,0.0,2,0.022420209,0.022420209,1.0350378,0.0,0.09224911,0.0,0.0,0.039422806,-27.225882,2.2771285,0.75904286,0.15200001,0.0,0.18461117,0.56,0.58,99200
hardzero_plus_depr__c0p50__z1p00__lam0p020__nu0p50__psi0p75,hardzero_plus_depr,0.06,36,31,0.0,2,0.022420209,0.022420209,1.0312897,0.0,0.09304869,0.0,0.0,0.03883588,-27.467876,2.2688828,0.75629425,0.136,0.0,0.1396118,0.58,0.59999996,102400
hardzero_plus_depr__c0p50__z1p00__lam0p020__nu0p50__psi0p75,hardzero_plus_depr,0.06,36,32,0.0,2,0.022420209,0.026406653,0.98213303,0.10419983,0.10419983,1.0,0.0039864443,0.03825769,-26.912268,2.1607358,0.7202453,0.23200001,0.0,0.15328918,0.59999996,0.61999995,105600
hardzero_plus_depr__c0p50__z1p00__lam0p020__nu0p50__psi0p75,hardzero_plus_depr,0.06,36,33,0.0,2,0.026406653,0.030348532,0.980501,0.10459212,0.10459212,1.0,0.003941879,0.037688106,-26.878723,2.1571453,0.71904844,0.17600001,0.0,0.15554637,0.61999995,0.6399999,108800
hardzero_plus_depr__c0p50__z1p00__lam0p020__nu0p50__psi0p75,hardzero_plus_depr,0.06,36,34,0.0,2,0.030348532,0.030348532,1.0601553,0.0,0.08706522,0.0,0.0,0.037127007,-27.720642,2.3323882,0.7774627,0.15200001,0.0,0.165038,0.6399999,0.6599999,112000
hardzero_plus_depr__c0p50__z1p00__lam0p020__nu0p50__psi0p75,hardzero_plus_depr,0.06,36,35,0.0,2,0.030348532,0.034100655,0.98889846,0.10258918,0.10258918,1.0,0.0037521233,0.03657426,-26.48457,2.17562,0.72520673,0.136,0.0,0.124210104,0.6599999,0.6799999,115200
hardzero_plus_depr__c0p50__z1p00__lam0p020__nu0p50__psi0p75,hardzero_plus_depr,0.06,36,36,0.0,2,0.034100655,0.034100655,1.0491619,0.0,0.08929725,0.0,0.0,0.036029737,-27.69292,2.3082023,0.7694008,0.18400002,0.0,0.16494758,0.6799999,0.69999987,118400
hardzero_plus_depr__c0p50__z1p00__lam0p020__nu0p50__psi0p75,hardzero_plus_depr,0.06,36,37,0.0,2,0.034100655,0.034100655,1.0183028,0.0,0.09587319,0.0,0.0,0.035493325,-26.203255,2.240311,0.7467703,0.17600001,0.008,0.13446864,0.69999987,0.71999985,121600
hardzero_plus_depr__c0p50__z1p00__lam0p020__nu0p50__psi0p75,hardzero_plus_depr,0.06,36,38,0.0,2,0.034100655,0.034100655,1.0704364,0.0,0.08502833,0.0,0.0,0.034964897,-27.85397,2.355007,0.78500235,0.14400001,0.0,0.1417829,0.71999985,0.73999983,124800
hardzero_plus_depr__c0p50__z1p00__lam0p020__nu0p50__psi0p75,hardzero_plus_depr,0.06,36,39,0.0,2,0.034100655,0.034100655,1.0937011,0.0,0.080593295,0.0,0.0,0.03444434,-28.211426,2.4061906,0.8020636,0.17,0.0,0.17034175,0.73999983,0.7599998,128000
hardzero_plus_depr__c0p50__z1p00__lam0p020__nu0p50__psi0p75,hardzero_plus_depr,0.06,36,40,0.0,2,0.034100655,0.034100655,1.0313135,0.0,0.09304359,0.0,0.0,0.033931527,-27.07822,2.2689352,0.7563118,0.2,0.0,0.14369659,0.7599998,0.7799998,131200
hardzero_plus_depr__c0p50__z1p00__lam0p020__nu0p50__psi0p75,hardzero_plus_depr,0.06,36,41,0.0,2,0.034100655,0.034100655,1.027266,0.0,0.09391479,0.0,0.0,0.03342635,-27.151579,2.2600303,0.75334346,0.17600001,0.0,0.17774035,0.7799998,0.7999998,134400
hardzero_plus_depr__c0p50__z1p00__lam0p020__nu0p50__psi0p75,hardzero_plus_depr,0.06,36,42,0.0,2,0.034100655,0.034100655,1.0676297,0.0,0.08557961,0.0,0.0,0.0329287,-27.995792,2.3488321,0.7829441,0.104,0.0,0.1795592,0.7999998,0.81999975,137600
hardzero_plus_depr__c0p50__z1p00__lam0p020__nu0p50__psi0p75,hardzero_plus_depr,0.06,36,43,0.0,2,0.034100655,0.034100655,1.043347,0.0,0.09050092,0.0,0.0,0.03243846,-26.761162,2.2954092,0.7651364,0.16000001,0.0,0.15461807,0.81999975,0.83999974,140800
hardzero_plus_depr__c0p50__z1p00__lam0p020__nu0p50__psi0p75,hardzero_plus_depr,0.06,36,44,0.0,2,0.034100655,0.034100655,1.0197979,0.0,0.095543705,0.0,0.0,0.031955514,-27.104008,2.2436001,0.74786675,0.136,0.0,0.15532322,0.83999974,0.8599997,144000
hardzero_plus_depr__c0p50__z1p00__lam0p020__nu0p50__psi0p75,hardzero_plus_depr,0.06,36,45,0.0,2,0.034100655,0.034100655,1.0299808,0.0,0.09332955,0.0,0.0,0.03147976,-27.15986,2.266003,0.7553343,0.16800001,0.0,0.20607153,0.8599997,0.8799997,147200
hardzero_plus_depr__c0p50__z1p00__lam0p020__nu0p50__psi0p75,hardzero_plus_depr,0.06,36,46,0.0,2,0.034100655,0.034100655,1.0194595,0.0,0.09561818,0.0,0.0,0.031011084,-26.772503,2.2428555,0.74761856,0.128,0.0,0.13604645,0.8799997,0.8999997,150400
hardzero_plus_depr__c0p50__z1p00__lam0p020__nu0p50__psi0p75,hardzero_plus_depr,0.06,36,47,0.0,2,0.034100655,0.034100655,1.0254378,0.0,0.094310954,0.0,0.0,0.03054939,-27.474796,2.2560081,0.7520027,0.120000005,0.0,0.15151517,0.8999997,0.91999966,153600
hardzero_plus_depr__c0p50__z1p00__lam0p020__nu0p50__psi0p75,hardzero_plus_depr,0.06,36,48,0.0,2,0.034100655,0.034100655,1.1056261,0.0,0.07841043,0.0,0.0,0.03009457,-28.094688,2.432426,0.81080866,0.080000006,0.0,0.16421995,0.91999966,0.93999964,156800
hardzero_plus_depr__c0p50__z1p00__lam0p020__nu0p50__psi0p75,hardzero_plus_depr,0.06,36,49,0.0,2,0.034100655,0.034100655,1.0090475,0.0,0.09793826,0.0,0.0,0.029646521,-26.886148,2.2199488,0.73998296,0.15200001,0.0,0.1364694,0.93999964,0.9599996,160000
hardzero_plus_depr__c0p50__z1p00__lam0p020__nu0p50__psi0p75,hardzero_plus_depr,0.06,36,50,0.0,2,0.034100655,0.034100655,1.0201452,0.0,0.09546734,0.0,0.0,0.029205143,-27.394615,2.2443643,0.74812144,0.128,0.0,0.13893461,0.9599996,0.9799996,163200
hardzero_plus_depr__c0p50__z1p00__lam0p020__nu0p50__psi0p75,hardzero_plus_depr,0.06,36,51,0.0,2,0.034100655,0.03718242,0.97014546,0.10711603,0.10711603,1.0,0.003081764,0.028770335,-25.8969,2.1343627,0.7114543,0.224,0.0,0.1460924,0.9799996,0.9999996,166400
hardzero_plus_depr__c0p50__z1p00__lam0p020__nu0p50__psi0p75,hardzero_plus_depr,0.06,36,52,0.0,2,0.03718242,0.04012232,0.9840979,0.10372944,0.10372944,1.0,0.0029399,0.028342001,-26.49984,2.1650586,0.72168624,0.24,0.0,0.16621473,0.9999996,1.0199996,169600
hardzero_plus_depr__c0p50__z1p00__lam0p020__nu0p50__psi0p75,hardzero_plus_depr,0.06,36,53,0.0,2,0.04012232,0.04012232,1.0715727,0.0,0.084806144,0.0,0.0,0.027920043,-28.412724,2.357507,0.7858357,0.136,0.0,0.16924763,1.0199996,1.0399996,172800
hardzero_plus_depr__c0p50__z1p00__lam0p020__nu0p50__psi0p75,hardzero_plus_depr,0.06,36,54,0.0,2,0.04012232,0.04012232,1.0290729,0.0,0.09352488,0.0,0.0,0.027504368,-26.88757,2.2640054,0.7546685,0.14400001,0.0,0.15874818,1.0399996,1.0599996,176000
hardzero_plus_depr__c0p50__z1p00__lam0p020__nu0p50__psi0p75,hardzero_plus_depr,0.06,36,55,0.0,2,0.04012232,0.04012232,1.0149016,0.0,0.09662697,0.0,0.0,0.027094882,-26.451118,2.2328281,0.74427605,0.192,0.0,0.13149582,1.0599996,1.0799996,179200
hardzero_plus_depr__c0p50__z1p00__lam0p020__nu0p50__psi0p75,hardzero_plus_depr,0.06,36,56,0.0,2,0.04012232,0.04012232,1.0008615,0.0,0.09980183,0.0,0.0,0.026691493,-27.494608,2.2019393,0.7339798,0.14400001,0.0,0.14260587,1.0799996,1.0999995,182400
hardzero_plus_depr__c0p50__z1p00__lam0p020__nu0p50__psi0p75,hardzero_plus_depr,0.06,36,57,0.0,2,0.04012232,0.042872857,0.9804406,0.10460666,0.10460666,1.0,0.0027505385,0.026294107,-26.695158,2.1570125,0.71900415,0.192,0.0,0.12306125,1.0999995,1.1199995,185600
hardzero_plus_depr__c0p50__z1p00__lam0p020__nu0p50__psi0p75,hardzero_plus_depr,0.06,36,58,0.0,2,0.042872857,0.042872857,1.0365342,0.0,0.091931805,0.0,0.0,0.025902638,-28.143642,2.2804208,0.7601403,0.2,0.0,0.16405918,1.1199995,1.1399995,188800
hardzero_plus_depr__c0p50__z1p00__lam0p020__nu0p50__psi0p75,hardzero_plus_depr,0.06,36,59,0.0,2,0.042872857,0.042872857,1.0414225,0.0,0.09090284,0.0,0.0,0.025517,-27.680103,2.2911751,0.76372504,0.208,0.0,0.16771467,1.1399995,1.1599995,192000
hardzero_plus_depr__c0p50__z1p00__lam0p020__nu0p50__psi0p75,hardzero_plus_depr,0.06,36,60,0.0,2,0.042872857,0.042872857,1.0584874,0.0,0.087400235,0.0,0.0,0.0251371,-27.630686,2.328719,0.77623963,0.136,0.0,0.14960817,1.1599995,1.1799995,195200
hardzero_plus_depr__c0p50__z1p00__lam0p020__nu0p50__psi0p75,hardzero_plus_depr,0.06,36,61,0.0,2,0.042872857,0.042872857,1.0223652,0.0,0.09498058,0.0,0.0,0.024762861,-28.012598,2.2492483,0.7497494,0.112,0.0,0.16388394,1.1799995,1.1999995,198400
hardzero_plus_depr__c0p50__z1p00__lam0p020__nu0p50__psi0p75,hardzero_plus_depr,0.06,36,62,0.0,2,0.042872857,0.042872857,1.0575515,0.0,0.08758877,0.0,0.0,0.02439419,-28.027723,2.3266597,0.7755532,0.16800001,0.0,0.18632938,1.1999995,1.2199994,201600
hardzero_plus_depr__c0p50__z1p00__lam0p020__nu0p50__psi0p75,hardzero_plus_depr,0.06,36,63,0.0,2,0.042872857,0.042872857,1.0807627,0.0,0.08303042,0.0,0.0,0.024031008,-28.695076,2.3777256,0.79257524,0.128,0.0,0.15817189,1.2199994,1.2399994,204800
hardzero_plus_depr__c0p50__z1p00__lam0p020__nu0p50__psi0p75,hardzero_plus_depr,0.06,36,64,0.0,2,0.042872857,0.042872857,1.0483316,0.0,0.089468144,0.0,0.0,0.023673233,-27.723396,2.3063755,0.76879185,0.15200001,0.0,0.15419811,1.2399994,1.2599994,208000
hardzero_plus_depr__c0p50__z1p00__lam0p020__nu0p50__psi0p75,hardzero_plus_depr,0.06,36,65,0.0,2,0.042872857,0.045207545,0.9995146,0.10011183,0.10011183,1.0,0.0023346865,0.023320785,-27.66677,2.198976,0.73299205,0.19,0.0,0.15575127,1.2599994,1.2799994,211200
hardzero_plus_depr__c0p50__z1p00__lam0p020__nu0p50__psi0p75,hardzero_plus_depr,0.06,36,66,0.0,2,0.045207545,0.045207545,1.0258825,0.0,0.094214454,0.0,0.0,0.022973582,-27.971367,2.2569866,0.7523289,0.128,0.0,0.14546098,1.2799994,1.2999994,214400
hardzero_plus_depr__c0p50__z1p00__lam0p020__nu0p50__psi0p75,hardzero_plus_depr,0.06,36,67,0.0,2,0.045207545,0.045207545,1.0422832,0.0,0.09072288,0.0,0.0,0.02263155,-27.845871,2.2930686,0.76435626,0.120000005,0.0,0.15845147,1.2999994,1.3199993,217600
hardzero_plus_depr__c0p50__z1p00__lam0p020__nu0p50__psi0p75,hardzero_plus_depr,0.06,36,68,0.0,2,0.045207545,0.045207545,1.0024339,0.0,0.09944114,0.0,0.0,0.022294613,-26.258492,2.2053986,0.7351329,0.128,0.0,0.14221814,1.3199993,1.3399993,220800
hardzero_plus_depr__c0p50__z1p00__lam0p020__nu0p50__psi0p75,hardzero_plus_depr,0.06,36,69,0.0,2,0.045207545,0.047413595,0.9980705,0.10044528,0.10044528,1.0,0.0022060485,0.02196269,-26.60653,2.1957989,0.731933,0.17600001,0.0,0.14440206,1.3399993,1.3599993,224000
hardzero_plus_depr__c0p50__z1p00__lam0p020__nu0p50__psi0p75,hardzero_plus_depr,0.06,36,70,0.0,2,0.047413595,0.047413595,1.029868,0.0,0.093353786,0.0,0.0,0.021635707,-27.200302,2.265755,0.75525165,0.104,0.0,0.14634654,1.3599993,1.3799993,227200
hardzero_plus_depr__c0p50__z1p00__lam0p020__nu0p50__psi0p75,hardzero_plus_depr,0.06,36,71,0.0,2,0.047413595,0.047413595,1.0029247,0.0,0.09932882,0.0,0.0,0.021313595,-27.483908,2.2064784,0.7354928,0.15200001,0.0,0.13090573,1.3799993,1.3999993,230400
hardzero_plus_depr__c0p50__z1p00__lam0p020__nu0p50__psi0p75,hardzero_plus_depr,0.06,36,72,0.0,2,0.047413595,0.047413595,1.0159806,0.0,0.09638719,0.0,0.0,0.020996276,-26.97778,2.2352018,0.7450673,0.14400001,0.0,0.17848489,1.3999993,1.4199992,233600
hardzero_plus_depr__c0p50__z1p00__lam0p020__nu0p50__psi0p75,hardzero_plus_depr,0.06,36,73,0.0,2,0.047413595,0.047413595,1.0478187,0.0,0.089573875,0.0,0.0,0.020683683,-27.301762,2.305247,0.7684157,0.128,0.0,0.15064578,1.4199992,1.4399992,236800
hardzero_plus_depr__c0p50__z1p00__lam0p020__nu0p50__psi0p75,hardzero_plus_depr,0.06,36,74,0.0,2,0.047413595,0.047413595,1.0338122,0.0,0.09250981,0.0,0.0,0.020375742,-26.905083,2.2744322,0.7581441,0.128,0.0,0.15227541,1.4399992,1.4599992,240000
hardzero_plus_depr__c0p50__z1p00__lam0p020__nu0p50__psi0p75,hardzero_plus_depr,0.06,36,75,0.0,2,0.047413595,0.0494415,0.99555117,0.10102965,0.10102965,1.0,0.0020279062,0.020072388,-27.183973,2.1902564,0.7300855,0.16000001,0.0,0.1516335,1.4599992,1.4799992,243200
hardzero_plus_depr__c0p50__z1p00__lam0p020__nu0p50__psi0p75,hardzero_plus_depr,0.06,36,76,0.0,2,0.0494415,0.0494415,1.0445368,0.0,0.090253316,0.0,0.0,0.019773548,-27.304495,2.2980268,0.766009,0.136,0.0,0.13735543,1.4799992,1.4999992,246400
hardzero_plus_depr__c0p50__z1p00__lam0p020__nu0p50__psi0p75,hardzero_plus_depr,0.06,36,77,0.0,2,0.0494415,0.0494415,1.0523944,0.0,0.088635065,0.0,0.0,0.019479157,-27.436932,2.3153138,0.7717713,0.120000005,0.0,0.17925678,1.4999992,1.5199991,249600
hardzero_plus_depr__c0p50__z1p00__lam0p020__nu0p50__psi0p75,hardzero_plus_depr,0.06,36,78,0.0,2,0.0494415,0.0494415,1.0447565,0.0,0.090207666,0.0,0.0,0.019189153,-27.811308,2.2985103,0.76617014,0.14999999,0.0,0.15189567,1.5199991,1.5399991,252800
hardzero_plus_depr__c0p50__z1p00__lam0p020__nu0p50__psi0p75,hardzero_plus_depr,0.06,36,79,0.0,2,0.0494415,0.0494415,1.0983008,0.0,0.07974421,0.0,0.0,0.018903462,-28.854828,2.41631,0.80543673,0.104,0.0,0.14253163,1.5399991,1.5599991,256000
hardzero_plus_depr__c0p50__z1p00__lam0p020__nu0p50__psi0p75,hardzero_plus_depr,0.06,36,80,0.0,2,0.0494415,0.0494415,1.0303165,0.0,0.093257435,0.0,0.0,0.01862203,-27.476732,2.2667415,0.75558054,0.16800001,0.0,0.17244577,1.5599991,1.5799991,259200
hardzero_plus_depr__c0p50__z1p00__lam0p020__nu0p50__psi0p75,hardzero_plus_depr,0.06,36,81,0.0,2,0.0494415,0.0494415,1.0551299,0.0,0.08807854,0.0,0.0,0.018344784,-27.95189,2.3213322,0.7737774,0.120000005,0.0,0.14193247,1.5799991,1.5999991,262400
hardzero_plus_depr__c0p50__z1p00__lam0p020__nu0p50__psi0p75,hardzero_plus_depr,0.06,36,82,0.0,2,0.0494415,0.0494415,1.0483828,0.0,0.0894576,0.0,0.0,0.018071664,-28.076965,2.306488,0.76882935,0.128,0.0,0.16633332,1.5999991,1.619999,265600
hardzero_plus_depr__c0p50__z1p00__lam0p020__nu0p50__psi0p75,hardzero_plus_depr,0.06,36,83,0.0,2,0.0494415,0.051313847,0.978098,0.105172455,0.105172455,1.0,0.0018723445,0.017802613,-26.52197,2.1518586,0.7172862,0.16800001,0.0,0.1307896,1.619999,1.639999,268800
hardzero_plus_depr__c0p50__z1p00__lam0p020__nu0p50__psi0p75,hardzero_plus_depr,0.06,36,84,0.0,2,0.051313847,0.051313847,1.044239,0.0,0.09031522,0.0,0.0,0.017537566,-27.724264,2.2973719,0.76579064,0.16000001,0.0,0.15968992,1.639999,1.659999,272000
hardzero_plus_depr__c0p50__z1p00__lam0p020__nu0p50__psi0p75,hardzero_plus_depr,0.06,36,85,0.0,2,0.051313847,0.051313847,1.0435579,0.0,0.090456985,0.0,0.0,0.017276466,-28.317375,2.2958732,0.7652911,0.08800001,0.0,0.16321056,1.659999,1.679999,275200
hardzero_plus_depr__c0p50__z1p00__lam0p020__nu0p50__psi0p75,hardzero_plus_depr,0.06,36,86,0.0,2,0.051313847,0.051313847,1.0288352,0.0,0.093576066,0.0,0.0,0.017019253,-27.346613,2.2634826,0.7544942,0.16800001,0.0,0.14316133,1.679999,1.699999,278400
hardzero_plus_depr__c0p50__z1p00__lam0p020__nu0p50__psi0p75,hardzero_plus_depr,0.06,36,87,0.0,2,0.051313847,0.051313847,1.0227726,0.0,0.09489153,0.0,0.0,0.01676587,-27.144556,2.2501445,0.75004816,0.120000005,0.0,0.14279823,1.699999,1.719999,281600
hardzero_plus_depr__c0p50__z1p00__lam0p020__nu0p50__psi0p75,hardzero_plus_depr,0.06,36,88,0.0,2,0.051313847,0.051313847,1.0389966,0.0,0.09141204,0.0,0.0,0.016516259,-26.837255,2.2858381,0.7619461,0.056,0.0,0.14915937,1.719999,1.7399989,284800
hardzero_plus_depr__c0p50__z1p00__lam0p020__nu0p50__psi0p75,hardzero_plus_depr,0.06,36,89,0.0,2,0.051313847,0.051313847,1.0745267,0.0,0.08423127,0.0,0.0,0.016270366,-27.566643,2.3640058,0.78800195,0.128,0.0,0.17146116,1.7399989,1.7599989,288000
hardzero_plus_depr__c0p50__z1p00__lam0p020__nu0p50__psi0p75,hardzero_plus_depr,0.06,36,90,0.0,2,0.051313847,0.05303145,0.9699608,0.107161604,0.107161604,1.0,0.0017176002,0.01602813,-25.49133,2.1339564,0.71131885,0.256,0.008,0.13645178,1.7599989,1.7799989,291200
hardzero_plus_depr__c0p50__z1p00__lam0p020__nu0p50__psi0p75,hardzero_plus_depr,0.06,36,91,0.0,2,0.05303145,0.054633398,0.9937199,0.10145656,0.10145656,1.0,0.0016019486,0.015789503,-26.2789,2.1862273,0.7287425,0.11,0.0,0.15193304,1.7799989,1.7999989,294400
hardzero_plus_depr__c0p50__z1p00__lam0p020__nu0p50__psi0p75,hardzero_plus_depr,0.06,36,92,0.0,2,0.054633398,0.056280643,0.9750953,0.10590212,0.10590212,1.0,0.0016472469,0.015554428,-26.549744,2.1452525,0.7150842,0.216,0.0,0.14450768,1.7999989,1.8199989,297600
hardzero_plus_depr__c0p50__z1p00__lam0p020__nu0p50__psi0p75,hardzero_plus_depr,0.06,36,93,0.0,2,0.056280643,0.056280643,1.0077891,0.0,0.09822248,0.0,0.0,0.015322854,-27.403316,2.2171803,0.7390601,0.14400001,0.0,0.14421523,1.8199989,1.8399988,300800
hardzero_plus_depr__c0p50__z1p00__lam0p020__nu0p50__psi0p75,hardzero_plus_depr,0.06,36,94,0.0,2,0.056280643,0.05781371,0.99326384,0.10156315,0.10156315,1.0,0.0015330679,0.015094726,-26.72736,2.185224,0.72840804,0.18400002,0.0,0.1521714,1.8399988,1.8599988,304000
hardzero_plus_depr__c0p50__z1p00__lam0p020__nu0p50__psi0p75,hardzero_plus_depr,0.06,36,95,0.0,2,0.05781371,0.059385933,0.97579676,0.10573123,0.10573123,1.0,0.0015722228,0.0148699945,-25.97261,2.1467957,0.7155986,0.16000001,0.0,0.13767843,1.8599988,1.8799988,307200
hardzero_plus_depr__c0p50__z1p00__lam0p020__nu0p50__psi0p75,hardzero_plus_depr,0.06,36,96,0.0,2,0.059385933,0.0608684,0.9948108,0.101202026,0.101202026,1.0,0.001482469,0.01464861,-26.809704,2.1886275,0.7295425,0.14400001,0.0,0.15476848,1.8799988,1.8999988,310400
hardzero_plus_depr__c0p50__z1p00__lam0p020__nu0p50__psi0p75,hardzero_plus_depr,0.06,36,97,0.0,2,0.0608684,0.0608684,1.0130479,0.0,0.09704027,0.0,0.0,0.01443052,-26.238586,2.22875,0.7429167,0.15200001,0.0,0.16297771,1.8999988,1.9199988,313600
hardzero_plus_depr__c0p50__z1p00__lam0p020__nu0p50__psi0p75,hardzero_plus_depr,0.06,36,98,0.0,2,0.0608684,0.0608684,1.0271225,0.0,0.09394583,0.0,0.0,0.014215678,-27.539225,2.2597146,0.7532382,0.136,0.0,0.17314866,1.9199988,1.9399987,316800
hardzero_plus_depr__c0p50__z1p00__lam0p020__nu0p50__psi0p75,hardzero_plus_depr,0.06,36,99,0.0,2,0.0608684,0.0608684,1.0552325,0.0,0.088057734,0.0,0.0,0.014004034,-27.972347,2.321558,0.7738527,0.120000005,0.0,0.14151227,1.9399987,1.9599987,320000
hardzero_plus_depr__c0p50__z1p00__lam0p020__nu0p50__psi0p75,hardzero_plus_depr,0.06,36,100,0.0,2,0.0608684,0.0608684,1.0364212,0.0,0.091955744,0.0,0.0,0.0137955425,-27.763699,2.280172,0.7600574,0.136,0.0,0.17123245,1.9599987,1.9799987,323200
hardzero_plus_depr__c0p50__z1p00__lam0p020__nu0p50__psi0p75,hardzero_plus_depr,0.06,36,101,0.0,2,0.0608684,0.0608684,1.073191,0.0,0.08449072,0.0,0.0,0.013590153,-28.158337,2.3610675,0.78702253,0.18400002,0.0,0.15434515,1.9799987,1.9999987,326400
hardzero_plus_depr__c0p50__z1p00__lam0p020__nu0p50__psi0p75,hardzero_plus_depr,0.06,36,102,0.0,2,0.0608684,0.062263273,0.9821762,0.10418947,0.10418947,1.0,0.0013948702,0.0133878235,-25.59984,2.1608307,0.72027695,0.15200001,0.0,0.13663629,1.9999987,2.0199988,329600
hardzero_plus_depr__c0p50__z1p00__lam0p020__nu0p50__psi0p75,hardzero_plus_depr,0.06,36,103,0.0,2,0.062263273,0.062263273,1.0396693,0.0,0.09127055,0.0,0.0,0.013188502,-27.282207,2.287318,0.76243937,0.128,0.0,0.14873423,2.0199988,2.0399988,332800
hardzero_plus_depr__c0p50__z1p00__lam0p020__nu0p50__psi0p75,hardzero_plus_depr,0.06,36,104,0.0,2,0.062263273,0.062263273,1.0649755,0.0,0.08610422,0.0,0.0,0.012992154,-27.647795,2.3429928,0.78099763,0.14,0.0,0.15962295,2.0399988,2.0599988,336000
hardzero_plus_depr__c0p50__z1p00__lam0p020__nu0p50__psi0p75,hardzero_plus_depr,0.06,36,105,0.0,2,0.062263273,0.062263273,1.0221376,0.0,0.095030345,0.0,0.0,0.012798723,-27.297323,2.2487476,0.7495825,0.14400001,0.0,0.14470835,2.0599988,2.0799987,339200
hardzero_plus_depr__c0p50__z1p00__lam0p020__nu0p50__psi0p75,hardzero_plus_depr,0.06,36,106,0.0,2,0.062263273,0.062263273,1.020039,0.0,0.09549069,0.0,0.0,0.012608176,-27.765486,2.2441306,0.74804354,0.18400002,0.0,0.14713155,2.0799987,2.0999987,342400
hardzero_plus_depr__c0p50__z1p00__lam0p020__nu0p50__psi0p75,hardzero_plus_depr,0.06,36,107,0.0,2,0.062263273,0.062263273,1.0114989,0.0,0.097387016,0.0,0.0,0.012420464,-26.573088,2.225342,0.7417807,0.17600001,0.0,0.15629658,2.0999987,2.1199987,345600
hardzero_plus_depr__c0p50__z1p00__lam0p020__nu0p50__psi0p75,hardzero_plus_depr,0.06,36,108,0.0,2,0.062263273,0.062263273,1.0337468,0.0,0.09252374,0.0,0.0,0.012235549,-26.595762,2.2742884,0.75809616,0.120000005,0.0,0.15144852,2.1199987,2.1399987,348800
hardzero_plus_depr__c0p50__z1p00__lam0p020__nu0p50__psi0p75,hardzero_plus_depr,0.06,36,109,0.0,2,0.062263273,0.062263273,1.0380301,0.0,0.09161569,0.0,0.0,0.012053384,-27.317251,2.283712,0.7612373,0.216,0.0,0.15991639,2.1399987,2.1599987,352000
hardzero_plus_depr__c0p50__z1p00__lam0p020__nu0p50__psi0p75,hardzero_plus_depr,0.06,36,110,0.0,2,0.062263273,0.062263273,1.0020489,0.0,0.09952934,0.0,0.0,0.011873934,-27.256615,2.2045515,0.7348505,0.192,0.0,0.15778236,2.1599987,2.1799986,355200
hardzero_plus_depr__c0p50__z1p00__lam0p020__nu0p50__psi0p75,hardzero_plus_depr,0.06,36,111,0.0,2,0.062263273,0.062263273,1.0336894,0.0,0.09253598,0.0,0.0,0.011697154,-27.04777,2.274162,0.758054,0.208,0.0,0.14866853,2.1799986,2.1999986,358400
hardzero_plus_depr__c0p50__z1p00__lam0p020__nu0p50__psi0p75,hardzero_plus_depr,0.06,36,112,0.0,2,0.062263273,0.06347366,0.97864205,0.10504079,0.10504079,1.0,0.0012103858,0.011523007,-25.666138,2.1530554,0.71768516,0.16800001,0.0,0.14624153,2.1999986,2.2199986,361600
hardzero_plus_depr__c0p50__z1p00__lam0p020__nu0p50__psi0p75,hardzero_plus_depr,0.06,36,113,0.0,2,0.06347366,0.06347366,1.0650074,0.0,0.0860979,0.0,0.0,0.011351449,-27.442545,2.343063,0.78102106,0.14400001,0.0,0.13414834,2.2199986,2.2399986,364800
hardzero_plus_depr__c0p50__z1p00__lam0p020__nu0p50__psi0p75,hardzero_plus_depr,0.06,36,114,0.0,2,0.06347366,0.064666405,0.97198755,0.10666266,0.10666266,1.0,0.00119275,0.011182451,-26.548786,2.1384153,0.71280515,0.216,0.0,0.15589331,2.2399986,2.2599986,368000
hardzero_plus_depr__c0p50__z1p00__lam0p020__nu0p50__psi0p75,hardzero_plus_depr,0.06,36,115,0.0,2,0.064666405,0.064666405,1.0130324,0.0,0.097043745,0.0,0.0,0.011015966,-27.451868,2.228716,0.7429053,0.15200001,0.0,0.15407173,2.2599986,2.2799985,371200
hardzero_plus_depr__c0p50__z1p00__lam0p020__nu0p50__psi0p75,hardzero_plus_depr,0.06,36,116,0.0,2,0.064666405,0.064666405,1.0109963,0.0,0.09749977,0.0,0.0,0.01085196,-27.63667,2.2242362,0.7414121,0.16000001,0.0,0.15775532,2.2799985,2.2999985,374400
hardzero_plus_depr__c0p50__z1p00__lam0p020__nu0p50__psi0p75,hardzero_plus_depr,0.06,36,117,0.0,2,0.064666405,0.064666405,1.0134012,0.0,0.09696139,0.0,0.0,0.010690395,-27.186228,2.229527,0.7431757,0.13,0.0,0.14537168,2.2999985,2.3199985,377600
hardzero_plus_depr__c0p50__z1p00__lam0p020__nu0p50__psi0p75,hardzero_plus_depr,0.06,36,118,0.0,2,0.064666405,0.064666405,1.0427365,0.0,0.09062824,0.0,0.0,0.0105312355,-28.261873,2.2940662,0.76468873,0.112,0.0,0.14909363,2.3199985,2.3399985,380800
hardzero_plus_depr__c0p50__z1p00__lam0p020__nu0p50__psi0p75,hardzero_plus_depr,0.06,36,119,0.0,2,0.064666405,0.064666405,1.0131496,0.0,0.09701756,0.0,0.0,0.0103744455,-26.672525,2.2289736,0.7429912,0.208,0.0,0.16386372,2.3399985,2.3599985,384000
hardzero_plus_depr__c0p50__z1p00__lam0p020__nu0p50__psi0p75,hardzero_plus_depr,0.06,36,120,0.0,2,0.064666405,0.06575175,0.97388536,0.10619757,0.10619757,1.0,0.0010853384,0.010219992,-26.72301,2.1425905,0.71419686,0.17600001,0.0,0.14011458,2.3599985,2.3799984,387200
hardzero_plus_depr__c0p50__z1p00__lam0p020__nu0p50__psi0p75,hardzero_plus_depr,0.06,36,121,0.0,2,0.06575175,0.06678973,0.98674625,0.10309882,0.10309882,1.0,0.0010379817,0.010067834,-26.816832,2.170885,0.7236284,0.136,0.0,0.16333929,2.3799984,2.3999984,390400
hardzero_plus_depr__c0p50__z1p00__lam0p020__nu0p50__psi0p75,hardzero_plus_depr,0.06,36,122,0.0,2,0.06678973,0.06678973,1.0539699,0.0,0.08831411,0.0,0.0,0.009917946,-27.933979,2.31878,0.7729267,0.136,0.0,0.15922727,2.3999984,2.4199984,393600
hardzero_plus_depr__c0p50__z1p00__lam0p020__nu0p50__psi0p75,hardzero_plus_depr,0.06,36,123,0.0,2,0.06678973,0.06678973,1.0493206,0.0,0.08926464,0.0,0.0,0.009770286,-28.738008,2.3085513,0.7695171,0.16800001,0.0,0.18606445,2.4199984,2.4399984,396800
hardzero_plus_depr__c0p50__z1p00__lam0p020__nu0p50__psi0p75,hardzero_plus_depr,0.06,36,124,0.0,2,0.06678973,0.06678973,1.0107192,0.0,0.09756202,0.0,0.0,0.009624826,-27.395063,2.2236266,0.7412089,0.14400001,0.0,0.1668255,2.4399984,2.4599984,400000
hardzero_plus_depr__c0p50__z1p00__lam0p020__nu0p50__psi0p75,hardzero_plus_depr,0.06,36,125,0.0,2,0.06678973,0.06678973,1.0187055,0.0,0.09578433,0.0,0.0,0.00948153,-26.84679,2.2411969,0.74706566,0.128,0.0,0.15256862,2.4599984,2.4799984,403200
hardzero_plus_depr__c0p50__z1p00__lam0p020__nu0p50__psi0p75,hardzero_plus_depr,0.06,36,126,0.0,2,0.06678973,0.06678973,1.0032519,0.0,0.09925402,0.0,0.0,0.009340369,-27.125462,2.2071984,0.7357328,0.136,0.0,0.15512569,2.4799984,2.4999983,406400
hardzero_plus_depr__c0p50__z1p00__lam0p020__nu0p50__psi0p75,hardzero_plus_depr,0.06,36,127,0.0,2,0.06678973,0.06773231,0.989532,0.10243962,0.10243962,1.0,0.00094257854,0.009201309,-27.303997,2.1770139,0.7256713,0.192,0.0,0.16041307,2.4999983,2.5199983,409600
hardzero_plus_depr__c0p50__z1p00__lam0p020__nu0p50__psi0p75,hardzero_plus_depr,0.06,36,128,0.0,2,0.06773231,0.06866438,0.9878895,0.10282779,0.10282779,1.0,0.000932064,0.0090643205,-26.830305,2.1734004,0.7244668,0.16000001,0.0,0.13825381,2.5199983,2.5399983,412800
hardzero_plus_depr__c0p50__z1p00__lam0p020__nu0p50__psi0p75,hardzero_plus_depr,0.06,36,129,0.0,2,0.06866438,0.06957847,0.98983043,0.10236926,0.10236926,1.0,0.0009140929,0.008929369,-25.833387,2.1776705,0.72589016,0.216,0.008,0.124975346,2.5399983,2.5599983,416000
hardzero_plus_depr__c0p50__z1p00__lam0p020__nu0p50__psi0p75,hardzero_plus_depr,0.06,36,130,0.0,2,0.06957847,0.06957847,1.031692,0.0,0.09296255,0.0,0.0,0.008796429,-27.603363,2.2697678,0.7565893,0.17999999,0.0,0.16081625,2.5599983,2.5799983,419200
hardzero_plus_depr__c0p50__z1p00__lam0p020__nu0p50__psi0p75,hardzero_plus_depr,0.06,36,131,0.0,2,0.06957847,0.06957847,1.0030408,0.0,0.09930228,0.0,0.0,0.008665467,-26.814201,2.2067337,0.73557794,0.17600001,0.0,0.15539844,2.5799983,2.5999982,422400
hardzero_plus_depr__c0p50__z1p00__lam0p020__nu0p50__psi0p75,hardzero_plus_depr,0.06,36,132,0.0,2,0.06957847,0.07043694,0.9975507,0.100565545,0.100565545,1.0,0.0008584733,0.008536455,-26.210804,2.1946554,0.7315518,0.128,0.0,0.14471227,2.5999982,2.6199982,425600
hardzero_plus_depr__c0p50__z1p00__lam0p020__nu0p50__psi0p75,hardzero_plus_depr,0.06,36,133,0.0,2,0.07043694,0.07043694,1.0480218,0.0,0.08953199,0.0,0.0,0.008409364,-28.346643,2.3056939,0.76856464,0.128,0.0,0.16202782,2.6199982,2.6399982,428800
hardzero_plus_depr__c0p50__z1p00__lam0p020__nu0p50__psi0p75,hardzero_plus_depr,0.06,36,134,0.0,2,0.07043694,0.07043694,1.005325,0.0,0.09878137,0.0,0.0,0.0082841655,-26.702759,2.211759,0.73725307,0.216,0.008,0.15104137,2.6399982,2.6599982,432000
hardzero_plus_depr__c0p50__z1p00__lam0p020__nu0p50__psi0p75,hardzero_plus_depr,0.06,36,135,0.0,2,0.07043694,0.07126781,0.99220073,0.10181206,0.10181206,1.0,0.0008308708,0.00816083,-27.216587,2.1828852,0.7276284,0.18400002,0.008,0.16388036,2.6599982,2.6799982,435200
hardzero_plus_depr__c0p50__z1p00__lam0p020__nu0p50__psi0p75,hardzero_plus_depr,0.06,36,136,0.0,2,0.07126781,0.07126781,1.0104828,0.0,0.097615145,0.0,0.0,0.008039332,-26.656322,2.2231066,0.7410356,0.18400002,0.0,0.15241596,2.6799982,2.6999981,438400
hardzero_plus_depr__c0p50__z1p00__lam0p020__nu0p50__psi0p75,hardzero_plus_depr,0.06,36,137,0.0,2,0.07126781,0.07126781,1.0082573,0.0,0.09811664,0.0,0.0,0.00791964,-26.852873,2.2182102,0.7394034,0.16800001,0.0,0.1376938,2.6999981,2.7199981,441600
hardzero_plus_depr__c0p50__z1p00__lam0p020__nu0p50__psi0p75,hardzero_plus_depr,0.06,36,138,0.0,2,0.07126781,0.07126781,1.021053,0.0,0.095268,0.0,0.0,0.007801734,-26.594414,2.2463613,0.7487871,0.08800001,0.0,0.14186268,2.7199981,2.739998,444800
hardzero_plus_depr__c0p50__z1p00__lam0p020__nu0p50__psi0p75,hardzero_plus_depr,0.06,36,139,0.0,2,0.07126781,0.07126781,1.0307593,0.0,0.09316239,0.0,0.0,0.0076855808,-26.727642,2.2677157,0.7559053,0.17600001,0.0,0.17790858,2.739998,2.759998,448000
hardzero_plus_depr__c0p50__z1p00__lam0p020__nu0p50__psi0p75,hardzero_plus_depr,0.06,36,140,0.0,2,0.07126781,0.07205124,0.9851639,0.10347515,0.10347515,1.0,0.00078342675,0.007571158,-26.49143,2.167404,0.722468,0.224,0.0,0.13677168,2.759998,2.779998,451200
hardzero_plus_depr__c0p50__z1p00__lam0p020__nu0p50__psi0p75,hardzero_plus_depr,0.06,36,141,0.0,2,0.07205124,0.07280744,0.99401486,0.10138767,0.10138767,1.0,0.0007561936,0.0074584372,-27.1177,2.1868763,0.7289588,0.15200001,0.0,0.13604218,2.779998,2.799998,454400
hardzero_plus_depr__c0p50__z1p00__lam0p020__nu0p50__psi0p75,hardzero_plus_depr,0.06,36,142,0.0,2,0.07280744,0.07358552,0.97510886,0.10589881,0.10589881,1.0,0.00077808055,0.0073473966,-25.733528,2.1452823,0.7150941,0.2,0.0,0.14266564,2.799998,2.819998,457600
hardzero_plus_depr__c0p50__z1p00__lam0p020__nu0p50__psi0p75,hardzero_plus_depr,0.06,36,143,0.0,2,0.07358552,0.074330926,0.98722696,0.10298478,0.10298478,1.0,0.0007454046,0.0072380076,-26.459734,2.1719427,0.7239809,0.17999999,0.0,0.13466078,2.819998,2.839998,460800
hardzero_plus_depr__c0p50__z1p00__lam0p020__nu0p50__psi0p75,hardzero_plus_depr,0.06,36,144,0.0,2,0.074330926,0.075061284,0.9895682,0.102431096,0.102431096,1.0,0.00073035917,0.0071302485,-26.648172,2.1770935,0.7256979,0.208,0.0,0.14966825,2.839998,2.859998,464000
hardzero_plus_depr__c0p50__z1p00__lam0p020__nu0p50__psi0p75,hardzero_plus_depr,0.06,36,145,0.0,2,0.075061284,0.075061284,1.0348892,0.0,0.09228068,0.0,0.0,0.007024092,-27.207293,2.2768018,0.75893396,0.14400001,0.0,0.14779857,2.859998,2.879998,467200
hardzero_plus_depr__c0p50__z1p00__lam0p020__nu0p50__psi0p75,hardzero_plus_depr,0.06,36,146,0.0,2,0.075061284,0.075061284,1.0231577,0.0,0.09480741,0.0,0.0,0.006919518,-27.008394,2.2509918,0.7503306,0.17600001,0.0,0.13963778,2.879998,2.899998,470400
hardzero_plus_depr__c0p50__z1p00__lam0p020__nu0p50__psi0p75,hardzero_plus_depr,0.06,36,147,0.0,2,0.075061284,0.07583461,0.94519854,0.113449186,0.113449186,1.0,0.0007733263,0.0068164994,-25.983606,2.0794783,0.69315946,0.216,0.0,0.10729561,2.899998,2.919998,473600
hardzero_plus_depr__c0p50__z1p00__lam0p020__nu0p50__psi0p75,hardzero_plus_depr,0.06,36,148,0.0,2,0.07583461,0.07583461,1.0427375,0.0,0.09062801,0.0,0.0,0.0067150155,-27.06598,2.2940683,0.76468945,0.16800001,0.0,0.1655307,2.919998,2.939998,476800
hardzero_plus_depr__c0p50__z1p00__lam0p020__nu0p50__psi0p75,hardzero_plus_depr,0.06,36,149,0.0,2,0.07583461,0.07583461,1.0074719,0.0,0.098294236,0.0,0.0,0.0066150413,-27.13758,2.2164824,0.73882747,0.208,0.0,0.17587113,2.939998,2.959998,480000
hardzero_plus_depr__c0p50__z1p00__lam0p020__nu0p50__psi0p75,hardzero_plus_depr,0.06,36,150,0.0,2,0.07583461,0.07583461,1.0457331,0.0,0.09000506,0.0,0.0,0.0065165567,-26.847181,2.3006587,0.76688623,0.136,0.0,0.17331338,2.959998,2.9799979,483200
hardzero_plus_depr__c0p50__z1p00__lam0p020__nu0p50__psi0p75,hardzero_plus_depr,0.06,36,151,0.0,2,0.07583461,0.07583461,1.0458202,0.0,0.089987,0.0,0.0,0.006419537,-27.112076,2.3008504,0.76695013,0.16000001,0.0,0.146328,2.9799979,2.9999979,486400
hardzero_plus_depr__c0p50__z1p00__lam0p020__nu0p50__psi0p75,hardzero_plus_depr,0.06,36,152,0.0,2,0.07583461,0.07583461,1.0222657,0.0,0.095002346,0.0,0.0,0.006323964,-27.134888,2.2490294,0.74967647,0.16800001,0.0,0.14377436,2.9999979,3.0199978,489600
hardzero_plus_depr__c0p50__z1p00__lam0p020__nu0p50__psi0p75,hardzero_plus_depr,0.06,36,153,0.0,2,0.07583461,0.07583461,1.0311232,0.0,0.093084395,0.0,0.0,0.006229812,-27.059095,2.2685163,0.7561721,0.136,0.0,0.14637032,3.0199978,3.0399978,492800
hardzero_plus_depr__c0p50__z1p00__lam0p020__nu0p50__psi0p75,hardzero_plus_depr,0.06,36,154,0.0,2,0.07583461,0.07583461,1.0633757,0.0,0.086422,0.0,0.0,0.006137063,-27.765392,2.3394732,0.77982444,0.08800001,0.0,0.16727845,3.0399978,3.0599978,496000
hardzero_plus_depr__c0p50__z1p00__lam0p020__nu0p50__psi0p75,hardzero_plus_depr,0.06,36,155,0.0,2,0.07583461,0.07583461,1.0277439,0.0,0.09381149,0.0,0.0,0.006045693,-27.334793,2.261082,0.753694,0.14400001,0.0,0.17121215,3.0599978,3.0799978,499200
hardzero_plus_depr__c0p50__z1p00__lam0p020__nu0p50__psi0p75,hardzero_plus_depr,0.06,36,156,0.0,2,0.07583461,0.07583461,1.0156618,0.0,0.09645797,0.0,0.0,0.0059556854,-27.544346,2.2345006,0.7448336,0.14,0.0,0.13366853,3.0799978,3.0999978,502400
hardzero_plus_depr__c0p50__z1p00__lam0p020__nu0p50__psi0p75,hardzero_plus_depr,0.06,36,157,0.0,2,0.07583461,0.07583461,1.0178182,0.0,0.09598022,0.0,0.0,0.005867016,-26.936144,2.2392447,0.7464149,0.120000005,0.0,0.15575887,3.0999978,3.1199977,505600
hardzero_plus_depr__c0p50__z1p00__lam0p020__nu0p50__psi0p75,hardzero_plus_depr,0.06,36,158,0.0,2,0.07583461,0.07583461,1.0300953,0.0,0.09330494,0.0,0.0,0.005779668,-27.77325,2.266255,0.7554183,0.15200001,0.0,0.16563678,3.1199977,3.1399977,508800
hardzero_plus_depr__c0p50__z1p00__lam0p020__nu0p50__psi0p75,hardzero_plus_depr,0.06,36,159,0.0,2,0.07583461,0.07583461,1.0734773,0.0,0.084435046,0.0,0.0,0.0056936196,-28.66524,2.3616972,0.7872324,0.192,0.008,0.19699532,3.1399977,3.1599977,512000
hardzero_plus_depr__c0p50__z1p00__lam0p020__nu0p50__psi0p75,hardzero_plus_depr,0.06,36,160,0.0,2,0.07583461,0.076424085,0.9784064,0.10509778,0.10509778,1.0,0.000589478,0.0056088534,-26.242437,2.152537,0.71751237,0.208,0.0,0.13755812,3.1599977,3.1799977,515200
hardzero_plus_depr__c0p50__z1p00__lam0p020__nu0p50__psi0p75,hardzero_plus_depr,0.06,36,161,0.0,2,0.076424085,0.076424085,1.0077928,0.0,0.09822164,0.0,0.0,0.005525348,-26.817287,2.2171886,0.7390629,0.2,0.0,0.16751283,3.1799977,3.1999977,518400
hardzero_plus_depr__c0p50__z1p00__lam0p020__nu0p50__psi0p75,hardzero_plus_depr,0.06,36,162,0.0,2,0.076424085,0.076424085,1.0350002,0.0,0.09225709,0.0,0.0,0.0054430873,-27.054474,2.277046,0.7590153,0.224,0.0,0.17081475,3.1999977,3.2199976,521600
hardzero_plus_depr__c0p50__z1p00__lam0p020__nu0p50__psi0p75,hardzero_plus_depr,0.06,36,163,0.0,2,0.076424085,0.076424085,1.0205574,0.0,0.09537677,0.0,0.0,0.0053620497,-27.945618,2.2452712,0.74842376,0.192,0.0,0.14123717,3.2199976,3.2399976,524800
hardzero_plus_depr__c0p50__z1p00__lam0p020__nu0p50__psi0p75,hardzero_plus_depr,0.06,36,164,0.0,2,0.076424085,0.076424085,1.0440784,0.0,0.09034865,0.0,0.0,0.0052822195,-27.18238,2.2970183,0.7656728,0.096,0.0,0.17290287,3.2399976,3.2599976,528000
hardzero_plus_depr__c0p50__z1p00__lam0p020__nu0p50__psi0p75,hardzero_plus_depr,0.06,36,165,0.0,2,0.076424085,0.076424085,1.0279524,0.0,0.09376647,0.0,0.0,0.005203577,-27.14997,2.2615404,0.7538468,0.136,0.0,0.19437344,3.2599976,3.2799976,531200
hardzero_plus_depr__c0p50__z1p00__lam0p020__nu0p50__psi0p75,hardzero_plus_depr,0.06,36,166,0.0,2,0.076424085,0.07695339,0.986085,0.103255935,0.103255935,1.0,0.00052930095,0.0051261066,-27.726112,2.1694303,0.72314346,0.2,0.0,0.17100532,3.2799976,3.2999976,534400
hardzero_plus_depr__c0p50__z1p00__lam0p020__nu0p50__psi0p75,hardzero_plus_depr,0.06,36,167,0.0,2,0.07695339,0.07695339,1.0763711,0.0,0.08387431,0.0,0.0,0.005049788,-28.297724,2.3680637,0.78935456,0.15200001,0.0,0.16096246,3.2999976,3.3199975,537600
hardzero_plus_depr__c0p50__z1p00__lam0p020__nu0p50__psi0p75,hardzero_plus_depr,0.06,36,168,0.0,2,0.07695339,0.07695339,1.0545592,0.0,0.08819435,0.0,0.0,0.0049746074,-27.736916,2.3200767,0.77335894,0.14400001,0.0,0.1473715,3.3199975,3.3399975,540800
hardzero_plus_depr__c0p50__z1p00__lam0p020__nu0p50__psi0p75,hardzero_plus_depr,0.06,36,169,0.0,2,0.07695339,0.07695339,1.0164822,0.0,0.09627594,0.0,0.0,0.0049005444,-27.56197,2.2363055,0.7454352,0.14999999,0.0,0.16453855,3.3399975,3.3599975,544000
hardzero_plus_depr__c0p50__z1p00__lam0p020__nu0p50__psi0p75,hardzero_plus_depr,0.06,36,170,0.0,2,0.07695339,0.077458605,0.9802551,0.10465136,0.10465136,1.0,0.00050521345,0.004827586,-26.870089,2.1566043,0.71886814,0.16800001,0.0,0.1416308,3.3599975,3.3799975,547200
hardzero_plus_depr__c0p50__z1p00__lam0p020__nu0p50__psi0p75,hardzero_plus_depr,0.06,36,171,0.0,2,0.077458605,0.077458605,1.045971,0.0,0.08995577,0.0,0.0,0.004755712,-28.20633,2.3011823,0.76706076,0.14400001,0.0,0.19198278,3.3799975,3.3999975,550400
hardzero_plus_depr__c0p50__z1p00__lam0p020__nu0p50__psi0p75,hardzero_plus_depr,0.06,36,172,0.0,2,0.077458605,0.077458605,1.0280364,0.0,0.093748346,0.0,0.0,0.004684909,-27.088648,2.2617252,0.7539084,0.16000001,0.0,0.16729355,3.3999975,3.4199975,553600
hardzero_plus_depr__c0p50__z1p00__lam0p020__nu0p50__psi0p75,hardzero_plus_depr,0.06,36,173,0.0,2,0.077458605,0.077458605,1.0701549,0.0,0.08508345,0.0,0.0,0.0046151592,-26.916685,2.3543878,0.78479594,0.136,0.0,0.14191389,3.4199975,3.4399974,556800
hardzero_plus_depr__c0p50__z1p00__lam0p020__nu0p50__psi0p75,hardzero_plus_depr,0.06,36,174,0.0,2,0.077458605,0.0779345,0.98015714,0.104674965,0.104674965,1.0,0.00047589935,0.0045464486,-27.078,2.1563888,0.71879625,0.208,0.0,0.13808095,3.4399974,3.4599974,560000
hardzero_plus_depr__c0p50__z1p00__lam0p020__nu0p50__psi0p75,hardzero_plus_depr,0.06,36,175,0.0,2,0.0779345,0.0779345,1.018166,0.0,0.09590341,0.0,0.0,0.0044787605,-27.418875,2.2400098,0.74666995,0.104,0.0,0.14258237,3.4599974,3.4799974,563200
hardzero_plus_depr__c0p50__z1p00__lam0p020__nu0p50__psi0p75,hardzero_plus_depr,0.06,36,176,0.0,2,0.0779345,0.0779345,1.016326,0.0,0.09631058,0.0,0.0,0.0044120816,-26.823397,2.2359617,0.74532056,0.128,0.0,0.14253326,3.4799974,3.4999974,566400
hardzero_plus_depr__c0p50__z1p00__lam0p020__nu0p50__psi0p75,hardzero_plus_depr,0.06,36,177,0.0,2,0.0779345,0.07837632,0.9928808,0.10165276,0.10165276,1.0,0.0004418229,0.0043463935,-26.775938,2.1843815,0.7281272,0.16000001,0.0,0.15365174,3.4999974,3.5199974,569600
hardzero_plus_depr__c0p50__z1p00__lam0p020__nu0p50__psi0p75,hardzero_plus_depr,0.06,36,178,0.0,2,0.07837632,0.07882542,0.97927153,0.10488863,0.10488863,1.0,0.00044910007,0.0042816848,-26.234173,2.1544404,0.7181468,0.208,0.0,0.14588787,3.5199974,3.5399973,572800
hardzero_plus_depr__c0p50__z1p00__lam0p020__nu0p50__psi0p75,hardzero_plus_depr,0.06,36,179,0.0,2,0.07882542,0.07925358,0.9935003,0.10150788,0.10150788,1.0,0.000428154,0.0042179385,-25.390612,2.1857443,0.7285814,0.15200001,0.0,0.16589364,3.5399973,3.5599973,576000
hardzero_plus_depr__c0p50__z1p00__lam0p020__nu0p50__psi0p75,hardzero_plus_depr,0.06,36,180,0.0,2,0.07925358,0.07925358,1.032901,0.0,0.092704095,0.0,0.0,0.0041551418,-27.554441,2.2724276,0.75747585,0.128,0.0,0.15687506,3.5599973,3.5799973,579200
hardzero_plus_depr__c0p50__z1p00__lam0p020__nu0p50__psi0p75,hardzero_plus_depr,0.06,36,181,0.0,2,0.07925358,0.07925358,1.0179197,0.0,0.095957816,0.0,0.0,0.0040932796,-27.150549,2.239468,0.7464894,0.15200001,0.0,0.11948492,3.5799973,3.5999973,582400
hardzero_plus_depr__c0p50__z1p00__lam0p020__nu0p50__psi0p75,hardzero_plus_depr,0.06,36,182,0.0,2,0.07925358,0.07925358,1.0226406,0.0,0.09492037,0.0,0.0,0.004032339,-27.005392,2.249854,0.74995136,0.12,0.0,0.16104633,3.5999973,3.6199973,585600
hardzero_plus_depr__c0p50__z1p00__lam0p020__nu0p50__psi0p75,hardzero_plus_depr,0.06,36,183,0.0,2,0.07925358,0.07925358,1.0921284,0.0,0.08088568,0.0,0.0,0.003972305,-28.186075,2.4027305,0.8009102,0.048,0.0,0.16152436,3.6199973,3.6399972,588800
hardzero_plus_depr__c0p50__z1p00__lam0p020__nu0p50__psi0p75,hardzero_plus_depr,0.06,36,184,0.0,2,0.07925358,0.07925358,1.020461,0.0,0.095397934,0.0,0.0,0.003913166,-27.58524,2.245059,0.748353,0.16000001,0.0,0.16419032,3.6399972,3.6599972,592000
hardzero_plus_depr__c0p50__z1p00__lam0p020__nu0p50__psi0p75,hardzero_plus_depr,0.06,36,185,0.0,2,0.07925358,0.0796643,0.9724644,0.10654562,0.10654562,1.0,0.0004107233,0.0038549055,-25.807917,2.1394644,0.7131548,0.208,0.0,0.16223872,3.6599972,3.6799972,595200
hardzero_plus_depr__c0p50__z1p00__lam0p020__nu0p50__psi0p75,hardzero_plus_depr,0.06,36,186,0.0,2,0.0796643,0.0796643,1.0179799,0.0,0.09594451,0.0,0.0,0.003797514,-27.918743,2.2396004,0.7465335,0.192,0.0,0.17331928,3.6799972,3.6999972,598400
hardzero_plus_depr__c0p50__z1p00__lam0p020__nu0p50__psi0p75,hardzero_plus_depr,0.06,36,187,0.0,2,0.0796643,0.0796643,1.0218532,0.0,0.0950926,0.0,0.0,0.0037409763,-27.907158,2.248122,0.74937403,0.192,0.0,0.15121622,3.6999972,3.7199972,601600
hardzero_plus_depr__c0p50__z1p00__lam0p020__nu0p50__psi0p75,hardzero_plus_depr,0.06,36,188,0.0,2,0.0796643,0.0796643,1.0130763,0.0,0.09703394,0.0,0.0,0.0036852807,-26.819555,2.2288125,0.7429375,0.120000005,0.0,0.127742,3.7199972,3.7399971,604800
hardzero_plus_depr__c0p50__z1p00__lam0p020__nu0p50__psi0p75,hardzero_plus_depr,0.06,36,189,0.0,2,0.0796643,0.0796643,1.0496738,0.0,0.089192055,0.0,0.0,0.003630414,-27.07939,2.3093286,0.7697762,0.18400002,0.0,0.13400124,3.7399971,3.7599971,608000
hardzero_plus_depr__c0p50__z1p00__lam0p020__nu0p50__psi0p75,hardzero_plus_depr,0.06,36,190,0.0,2,0.0796643,0.0796643,1.0347726,0.0,0.09230546,0.0,0.0,0.0035763644,-27.359127,2.2765453,0.7588484,0.16000001,0.0,0.18039492,3.7599971,3.779997,611200
hardzero_plus_depr__c0p50__z1p00__lam0p020__nu0p50__psi0p75,hardzero_plus_depr,0.06,36,191,0.0,2,0.0796643,0.0796643,1.0023149,0.0,0.09946838,0.0,0.0,0.0035231188,-27.159082,2.2051368,0.7350456,0.208,0.0,0.14369632,3.779997,3.799997,614400
hardzero_plus_depr__c0p50__z1p00__lam0p020__nu0p50__psi0p75,hardzero_plus_depr,0.06,36,192,0.0,2,0.0796643,0.0796643,1.030937,0.0,0.09312431,0.0,0.0,0.0034706672,-27.666014,2.2681067,0.75603557,0.15200001,0.0,0.15639901,3.799997,3.819997,617600
hardzero_plus_depr__c0p50__z1p00__lam0p020__nu0p50__psi0p75,hardzero_plus_depr,0.06,36,193,0.0,2,0.0796643,0.0796643,1.0307947,0.0,0.093154795,0.0,0.0,0.0034189953,-27.004517,2.2677937,0.75593126,0.16000001,0.0,0.150068,3.819997,3.839997,620800
hardzero_plus_depr__c0p50__z1p00__lam0p020__nu0p50__psi0p75,hardzero_plus_depr,0.06,36,194,0.0,2,0.0796643,0.0796643,1.0628887,0.0,0.08651895,0.0,0.0,0.0033680934,-27.857924,2.338402,0.77946734,0.120000005,0.0,0.16016813,3.839997,3.859997,624000
hardzero_plus_depr__c0p50__z1p00__lam0p020__nu0p50__psi0p75,hardzero_plus_depr,0.06,36,195,0.0,2,0.0796643,0.0796643,1.0032295,0.0,0.09925912,0.0,0.0,0.0033179487,-27.021763,2.207149,0.73571634,0.12,0.0,0.12838371,3.859997,3.879997,627200
hardzero_plus_depr__c0p50__z1p00__lam0p020__nu0p50__psi0p75,hardzero_plus_depr,0.06,36,196,0.0,2,0.0796643,0.0796643,1.0100085,0.0,0.097721815,0.0,0.0,0.0032685513,-26.362387,2.222063,0.7406877,0.16000001,0.0,0.13404454,3.879997,3.899997,630400
hardzero_plus_depr__c0p50__z1p00__lam0p020__nu0p50__psi0p75,hardzero_plus_depr,0.06,36,197,0.0,2,0.0796643,0.0796643,1.0018322,0.0,0.09957901,0.0,0.0,0.0032198885,-27.99588,2.2040749,0.7346916,0.17600001,0.0,0.19745034,3.899997,3.919997,633600
hardzero_plus_depr__c0p50__z1p00__lam0p020__nu0p50__psi0p75,hardzero_plus_depr,0.06,36,198,0.0,2,0.0796643,0.0799924,0.98532104,0.10343774,0.10343774,1.0,0.00032809947,0.0031719513,-26.746252,2.1677496,0.72258323,0.16800001,0.0,0.14236529,3.919997,3.939997,636800
hardzero_plus_depr__c0p50__z1p00__lam0p020__nu0p50__psi0p75,hardzero_plus_depr,0.06,36,199,0.0,2,0.0799924,0.0799924,1.021329,0.0,0.09520746,0.0,0.0,0.0031247265,-27.269634,2.2469687,0.7489896,0.216,0.0,0.14463851,3.939997,3.959997,640000
hardzero_plus_depr__c0p50__z1p00__lam0p020__nu0p50__psi0p75,hardzero_plus_depr,0.06,36,200,0.0,2,0.0799924,0.08030704,0.9904834,0.10221546,0.10221546,1.0,0.00031464023,0.0030782057,-26.421206,2.179107,0.726369,0.16800001,0.0,0.12766518,3.959997,3.979997,643200
hardzero_plus_depr__c0p50__z1p00__lam0p020__nu0p50__psi0p75,hardzero_plus_depr,0.06,36,201,0.0,2,0.08030704,0.0806341,0.9671483,0.10785782,0.10785782,1.0,0.00032706562,0.0030323772,-26.477499,2.1277688,0.7092563,0.216,0.0,0.13900533,3.979997,3.999997,646400
hardzero_plus_depr__c0p50__z1p00__lam0p020__nu0p50__psi0p75,hardzero_plus_depr,0.06,36,202,0.0,2,0.0806341,0.0806341,1.029432,0.0,0.09344755,0.0,0.0,0.0029872311,-27.020462,2.2647958,0.7549319,0.112,0.0,0.15685372,3.999997,4.019997,649600
hardzero_plus_depr__c0p50__z1p00__lam0p020__nu0p50__psi0p75,hardzero_plus_depr,0.06,36,203,0.0,2,0.0806341,0.0806341,1.050524,0.0,0.089017615,0.0,0.0,0.002942756,-27.788677,2.311199,0.7703997,0.15200001,0.0,0.16918153,4.019997,4.039997,652800
hardzero_plus_depr__c0p50__z1p00__lam0p020__nu0p50__psi0p75,hardzero_plus_depr,0.06,36,204,0.0,2,0.0806341,0.0806341,1.0093071,0.0,0.09787974,0.0,0.0,0.0028989443,-26.828121,2.22052,0.74017334,0.15200001,0.0,0.13680318,4.039997,4.059997,656000
hardzero_plus_depr__c0p50__z1p00__lam0p020__nu0p50__psi0p75,hardzero_plus_depr,0.06,36,205,0.0,2,0.0806341,0.0806341,1.01121,0.0,0.097451836,0.0,0.0,0.0028557852,-26.54047,2.2247064,0.7415688,0.15200001,0.0,0.152164,4.059997,4.079997,659200
hardzero_plus_depr__c0p50__z1p00__lam0p020__nu0p50__psi0p75,hardzero_plus_depr,0.06,36,206,0.0,2,0.0806341,0.08093728,0.9675106,0.10776789,0.10776789,1.0,0.00030317996,0.002813268,-26.187132,2.1285658,0.70952195,0.15200001,0.0,0.12244062,4.079997,4.099997,662400
hardzero_plus_depr__c0p50__z1p00__lam0p020__nu0p50__psi0p75,hardzero_plus_depr,0.06,36,207,0.0,2,0.08093728,0.08093728,1.0486506,0.0,0.089402445,0.0,0.0,0.0027713832,-27.570526,2.3070774,0.7690258,0.15200001,0.0,0.16205788,4.099997,4.119997,665600
hardzero_plus_depr__c0p50__z1p00__lam0p020__nu0p50__psi0p75,hardzero_plus_depr,0.06,36,208,0.0,2,0.08093728,0.08093728,1.0053666,0.0,0.0987719,0.0,0.0,0.0027301232,-26.298916,2.2118506,0.7372836,0.12,0.0,0.13062318,4.119997,4.139997,668800
hardzero_plus_depr__c0p50__z1p00__lam0p020__nu0p50__psi0p75,hardzero_plus_depr,0.06,36,209,0.0,2,0.08093728,0.08093728,1.0197017,0.0,0.09556487,0.0,0.0,0.0026894775,-27.818287,2.2433887,0.74779624,0.18400002,0.0,0.15855898,4.139997,4.159997,672000
hardzero_plus_depr__c0p50__z1p00__lam0p020__nu0p50__psi0p75,hardzero_plus_depr,0.06,36,210,0.0,2,0.08093728,0.081221774,0.9690777,0.10737974,0.10737974,1.0,0.00028449576,0.002649436,-26.962421,2.1320136,0.7106712,0.16800001,0.0,0.15142296,4.159997,4.179997,675200
hardzero_plus_depr__c0p50__z1p00__lam0p020__nu0p50__psi0p75,hardzero_plus_depr,0.06,36,211,0.0,2,0.081221774,0.08149984,0.9724991,0.10653711,0.10653711,1.0,0.00027806088,0.0026099908,-26.198599,2.1395407,0.71318024,0.224,0.0,0.15194575,4.179997,4.199997,678400
hardzero_plus_depr__c0p50__z1p00__lam0p020__nu0p50__psi0p75,hardzero_plus_depr,0.06,36,212,0.0,2,0.08149984,0.08177102,0.9768535,0.105474256,0.105474256,1.0,0.0002711884,0.0025711334,-26.608185,2.1491206,0.71637356,0.128,0.0,0.12941238,4.199997,4.219997,681600
hardzero_plus_depr__c0p50__z1p00__lam0p020__nu0p50__psi0p75,hardzero_plus_depr,0.06,36,213,0.0,2,0.08177102,0.08177102,1.0325629,0.0,0.09277631,0.0,0.0,0.0025328547,-27.564468,2.2716837,0.7572279,0.14400001,0.0,0.15795371,4.219997,4.239997,684800
hardzero_plus_depr__c0p50__z1p00__lam0p020__nu0p50__psi0p75,hardzero_plus_depr,0.06,36,214,0.0,2,0.08177102,0.08177102,1.0028276,0.0,0.09935102,0.0,0.0,0.002495145,-27.20415,2.206265,0.73542166,0.18400002,0.0,0.16307466,4.239997,4.259997,688000
hardzero_plus_depr__c0p50__z1p00__lam0p020__nu0p50__psi0p75,hardzero_plus_depr,0.06,36,215,0.0,2,0.08177102,0.08202422,0.9871326,0.10300715,0.10300715,1.0,0.00025319125,0.0024579968,-26.968887,2.171735,0.7239117,0.16000001,0.0,0.14072429,4.259997,4.279997,691200
hardzero_plus_depr__c0p50__z1p00__lam0p020__nu0p50__psi0p75,hardzero_plus_depr,0.06,36,216,0.0,2,0.08202422,0.082278654,0.9784852,0.10507871,0.10507871,1.0,0.00025443788,0.0024214026,-26.477098,2.1527104,0.7175702,0.136,0.0,0.11012458,4.279997,4.299997,694400
hardzero_plus_depr__c0p50__z1p00__lam0p020__nu0p50__psi0p75,hardzero_plus_depr,0.06,36,217,0.0,2,0.082278654,0.08252652,0.9833416,0.10391026,0.10391026,1.0,0.0002478626,0.0023853525,-26.068031,2.1633947,0.72113156,0.16000001,0.0,0.14006811,4.299997,4.319997,697600
hardzero_plus_depr__c0p50__z1p00__lam0p020__nu0p50__psi0p75,hardzero_plus_depr,0.06,36,218,0.0,2,0.08252652,0.08252652,1.0707394,0.0,0.08496901,0.0,0.0,0.0023498393,-28.263294,2.3556738,0.7852246,0.14400001,0.0,0.14394748,4.319997,4.339997,700800
hardzero_plus_depr__c0p50__z1p00__lam0p020__nu0p50__psi0p75,hardzero_plus_depr,0.06,36,219,0.0,2,0.08252652,0.08252652,1.0033838,0.0,0.0992239,0.0,0.0,0.0023148544,-26.78475,2.2074883,0.7358295,0.120000005,0.0,0.12745705,4.339997,4.359997,704000
hardzero_plus_depr__c0p50__z1p00__lam0p020__nu0p50__psi0p75,hardzero_plus_depr,0.06,36,220,0.0,2,0.08252652,0.082755074,0.999021,0.10022568,0.10022568,1.0,0.00022855375,0.002280391,-27.596329,2.19789,0.73263,0.2,0.0,0.16746497,4.359997,4.379997,707200
hardzero_plus_depr__c0p50__z1p00__lam0p020__nu0p50__psi0p75,hardzero_plus_depr,0.06,36,221,0.0,2,0.082755074,0.082755074,1.0845697,0.0,0.082305774,0.0,0.0,0.0022464409,-29.172812,2.386101,0.795367,0.14,0.0,0.18547076,4.379997,4.3999968,710400
hardzero_plus_depr__c0p50__z1p00__lam0p020__nu0p50__psi0p75,hardzero_plus_depr,0.06,36,222,0.0,2,0.082755074,0.08298802,0.97772735,0.105262235,0.105262235,1.0,0.00023294485,0.0022129954,-26.761868,2.1510432,0.71701443,0.24800001,0.0,0.14454165,4.3999968,4.4199967,713600
hardzero_plus_depr__c0p50__z1p00__lam0p020__nu0p50__psi0p75,hardzero_plus_depr,0.06,36,223,0.0,2,0.08298802,0.08298802,1.0316918,0.0,0.092962585,0.0,0.0,0.0021800478,-27.541107,2.2697673,0.7565891,0.128,0.0,0.17082813,4.4199967,4.4399967,716800
hardzero_plus_depr__c0p50__z1p00__lam0p020__nu0p50__psi0p75,hardzero_plus_depr,0.06,36,224,0.0,2,0.08298802,0.08320771,0.9901239,0.10230011,0.10230011,1.0,0.00021969884,0.0021475914,-26.267696,2.178316,0.7261054,0.128,0.0,0.15490489,4.4399967,4.4599967,720000
hardzero_plus_depr__c0p50__z1p00__lam0p020__nu0p50__psi0p75,hardzero_plus_depr,0.06,36,225,0.0,2,0.08320771,0.083442345,0.955048,0.110905215,0.110905215,1.0,0.00023463309,0.0021156182,-26.43497,2.1011477,0.7003826,0.224,0.008,0.16388398,4.4599967,4.4799967,723200
hardzero_plus_depr__c0p50__z1p00__lam0p020__nu0p50__psi0p75,hardzero_plus_depr,0.06,36,226,0.0,2,0.083442345,0.08366019,0.9807683,0.10452778,0.10452778,1.0,0.0002178485,0.0020841206,-26.777704,2.1577334,0.7192445,0.2,0.0,0.14797738,4.4799967,4.4999967,726400
hardzero_plus_depr__c0p50__z1p00__lam0p020__nu0p50__psi0p75,hardzero_plus_depr,0.06,36,227,0.0,2,0.08366019,0.08387773,0.9748735,0.10595623,0.10595623,1.0,0.00021753788,0.002053092,-26.734228,2.1447644,0.7149215,0.16000001,0.0,0.1527415,4.4999967,4.5199966,729600
hardzero_plus_depr__c0p50__z1p00__lam0p020__nu0p50__psi0p75,hardzero_plus_depr,0.06,36,228,0.0,2,0.08387773,0.08387773,1.0491321,0.0,0.08930338,0.0,0.0,0.0020225255,-27.73215,2.3081367,0.7693789,0.16000001,0.0,0.14873055,4.5199966,4.5399966,732800
hardzero_plus_depr__c0p50__z1p00__lam0p020__nu0p50__psi0p75,hardzero_plus_depr,0.06,36,229,0.0,2,0.08387773,0.08387773,1.0094913,0.0,0.09783824,0.0,0.0,0.0019924145,-27.452616,2.2209253,0.74030846,0.16800001,0.0,0.16409989,4.5399966,4.5599966,736000
hardzero_plus_depr__c0p50__z1p00__lam0p020__nu0p50__psi0p75,hardzero_plus_depr,0.06,36,230,0.0,2,0.08387773,0.08387773,1.062591,0.0,0.0865783,0.0,0.0,0.0019627512,-27.396414,2.3377469,0.77924895,0.072000004,0.0,0.15113018,4.5599966,4.5799966,739200
hardzero_plus_depr__c0p50__z1p00__lam0p020__nu0p50__psi0p75,hardzero_plus_depr,0.06,36,231,0.0,2,0.08387773,0.08387773,1.0108904,0.0,0.097523585,0.0,0.0,0.0019335294,-27.57952,2.2240033,0.74133444,0.192,0.0,0.18458158,4.5799966,4.5999966,742400
hardzero_plus_depr__c0p50__z1p00__lam0p020__nu0p50__psi0p75,hardzero_plus_depr,0.06,36,232,0.0,2,0.08387773,0.08407585,0.982895,0.10401717,0.10401717,1.0,0.00019812597,0.001904743,-25.87919,2.1624122,0.7208041,0.17600001,0.0,0.13210656,4.5999966,4.6199965,745600
hardzero_plus_depr__c0p50__z1p00__lam0p020__nu0p50__psi0p75,hardzero_plus_depr,0.06,36,233,0.0,2,0.08407585,0.08407585,1.0483418,0.0,0.08946605,0.0,0.0,0.0018763853,-27.852585,2.306398,0.7687993,0.2,0.0,0.1794598,4.6199965,4.6399965,748800
hardzero_plus_depr__c0p50__z1p00__lam0p020__nu0p50__psi0p75,hardzero_plus_depr,0.06,36,234,0.0,2,0.08407585,0.08407585,1.0536366,0.0,0.08838192,0.0,0.0,0.0018484495,-27.966572,2.3180466,0.7726822,0.14999999,0.0,0.1634277,4.6399965,4.6599965,752000
hardzero_plus_depr__c0p50__z1p00__lam0p020__nu0p50__psi0p75,hardzero_plus_depr,0.06,36,235,0.0,2,0.08407585,0.08426794,0.9768062,0.10548575,0.10548575,1.0,0.00019208211,0.0018209295,-26.503538,2.1490166,0.7163389,0.128,0.0,0.14407194,4.6599965,4.6799965,755200
hardzero_plus_depr__c0p50__z1p00__lam0p020__nu0p50__psi0p75,hardzero_plus_depr,0.06,36,236,0.0,2,0.08426794,0.08426794,1.0145195,0.0,0.09671204,0.0,0.0,0.0017938197,-27.18704,2.2319875,0.74399585,0.224,0.0,0.17458117,4.6799965,4.6999965,758400
hardzero_plus_depr__c0p50__z1p00__lam0p020__nu0p50__psi0p75,hardzero_plus_depr,0.06,36,237,0.0,2,0.08426794,0.08444586,0.9970471,0.100682236,0.100682236,1.0,0.00017791693,0.0017671133,-26.7941,2.1935475,0.7311825,0.15200001,0.0,0.16417484,4.6999965,4.7199965,761600
hardzero_plus_depr__c0p50__z1p00__lam0p020__nu0p50__psi0p75,hardzero_plus_depr,0.06,36,238,0.0,2,0.08444586,0.08444586,1.0588942,0.0,0.0873184,0.0,0.0,0.0017408043,-27.983461,2.3296137,0.7765379,0.17600001,0.0,0.16195124,4.7199965,4.7399964,764800
hardzero_plus_depr__c0p50__z1p00__lam0p020__nu0p50__psi0p75,hardzero_plus_depr,0.06,36,239,0.0,2,0.08444586,0.08444586,1.0956491,0.0,0.08023259,0.0,0.0,0.001714887,-27.48623,2.4104762,0.80349207,0.14400001,0.0,0.17334491,4.7399964,4.7599964,768000
hardzero_plus_depr__c0p50__z1p00__lam0p020__nu0p50__psi0p75,hardzero_plus_depr,0.06,36,240,0.0,2,0.08444586,0.08462248,0.9806712,0.10455113,0.10455113,1.0,0.00017662406,0.0016893558,-26.452404,2.1575198,0.7191733,0.136,0.0,0.13090011,4.7599964,4.7799964,771200
hardzero_plus_depr__c0p50__z1p00__lam0p020__nu0p50__psi0p75,hardzero_plus_depr,0.06,36,241,0.0,2,0.08462248,0.08462248,1.0182991,0.0,0.095874004,0.0,0.0,0.0016642049,-27.774914,2.2403028,0.74676764,0.16000001,0.0,0.15588047,4.7799964,4.7999964,774400
hardzero_plus_depr__c0p50__z1p00__lam0p020__nu0p50__psi0p75,hardzero_plus_depr,0.06,36,242,0.0,2,0.08462248,0.08462248,1.0043082,0.0,0.09901289,0.0,0.0,0.0016394279,-27.900879,2.2095222,0.7365074,0.128,0.0,0.1581703,4.7999964,4.8199964,777600
hardzero_plus_depr__c0p50__z1p00__lam0p020__nu0p50__psi0p75,hardzero_plus_depr,0.06,36,243,0.0,2,0.08462248,0.084786266,0.9939016,0.101414114,0.101414114,1.0,0.0001637858,0.0016150197,-27.507055,2.1866271,0.72887576,0.208,0.0,0.13860136,4.8199964,4.8399963,780800
hardzero_plus_depr__c0p50__z1p00__lam0p020__nu0p50__psi0p75,hardzero_plus_depr,0.06,36,244,0.0,2,0.084786266,0.084786266,1.0552684,0.0,0.088050455,0.0,0.0,0.0015909754,-27.246225,2.321637,0.773879,0.072000004,0.0,0.15065077,4.8399963,4.8599963,784000
hardzero_plus_depr__c0p50__z1p00__lam0p020__nu0p50__psi0p75,hardzero_plus_depr,0.06,36,245,0.0,2,0.084786266,0.08494465,0.99544024,0.10105546,0.10105546,1.0,0.00015838312,0.0015672891,-26.829706,2.1900122,0.7300041,0.14400001,0.0,0.12981498,4.8599963,4.8799963,787200
hardzero_plus_depr__c0p50__z1p00__lam0p020__nu0p50__psi0p75,hardzero_plus_depr,0.06,36,246,0.0,2,0.08494465,0.08494465,1.0316373,0.0,0.092974246,0.0,0.0,0.0015439551,-26.954054,2.2696474,0.7565491,0.18400002,0.0,0.14999007,4.8799963,4.8999963,790400
hardzero_plus_depr__c0p50__z1p00__lam0p020__nu0p50__psi0p75,hardzero_plus_depr,0.06,36,247,0.0,2,0.08494465,0.08494465,1.0941734,0.0,0.080505684,0.0,0.0,0.0015209685,-27.821678,2.4072297,0.8024099,0.099999994,0.0,0.16871694,4.8999963,4.9199963,793600
hardzero_plus_depr__c0p50__z1p00__lam0p020__nu0p50__psi0p75,hardzero_plus_depr,0.06,36,248,0.0,2,0.08494465,0.08494465,1.0182567,0.0,0.09588338,0.0,0.0,0.0014983243,-27.846098,2.2402093,0.74673647,0.120000005,0.0,0.14831895,4.9199963,4.9399962,796800
hardzero_plus_depr__c0p50__z1p00__lam0p020__nu0p50__psi0p75,hardzero_plus_depr,0.06,36,249,0.0,2,0.08494465,0.08494465,1.0225277,0.0,0.094945036,0.0,0.0,0.0014760174,-26.840729,2.249606,0.74986863,0.120000005,0.0,0.12724814,4.9399962,4.959996,800000
hardzero_plus_depr__c0p50__z1p00__lam0p020__nu0p50__psi0p75,hardzero_plus_depr,0.06,36,250,0.0,2,0.08494465,0.08494465,1.0296493,0.0,0.09340083,0.0,0.0,0.0014540422,-28.18398,2.2652736,0.7550912,0.216,0.0,0.19595106,4.959996,4.979996,803200
hardzero_plus_depr__c0p50__z1p00__lam0p020__nu0p50__psi0p75,hardzero_plus_depr,0.06,36,251,0.0,2,0.08494465,0.08494465,1.106777,0.0,0.07820293,0.0,0.0,0.0014323941,-29.671677,2.434958,0.81165266,0.18400002,0.0,0.18698932,4.979996,4.999996,806400
hardzero_plus_depr__c0p50__z1p00__lam0p020__nu0p50__psi0p75,hardzero_plus_depr,0.06,36,252,0.0,2,0.08494465,0.08494465,1.033538,0.0,0.09256824,0.0,0.0,0.0014110688,-27.186678,2.273829,0.75794303,0.17600001,0.0,0.13411738,4.999996,5.019996,809600
hardzero_plus_depr__c0p50__z1p00__lam0p020__nu0p50__psi0p75,hardzero_plus_depr,0.06,36,253,0.0,2,0.08494465,0.085090734,0.9784337,0.10509117,0.10509117,1.0,0.00014608313,0.0013900609,-26.711807,2.1525972,0.7175324,0.18400002,0.0,0.13909416,5.019996,5.039996,812800
hardzero_plus_depr__c0p50__z1p00__lam0p020__nu0p50__psi0p75,hardzero_plus_depr,0.06,36,254,0.0,2,0.085090734,0.085090734,1.032876,0.0,0.092709444,0.0,0.0,0.0013693655,-27.373165,2.2723725,0.7574575,0.16800001,0.0,0.17305131,5.039996,5.059996,816000
hardzero_plus_depr__c0p50__z1p00__lam0p020__nu0p50__psi0p75,hardzero_plus_depr,0.06,36,255,0.0,2,0.085090734,0.085090734,1.0216774,0.0,0.09513114,0.0,0.0,0.0013489783,-26.901373,2.247735,0.74924505,0.112,0.0,0.13614428,5.059996,5.079996,819200
hardzero_plus_depr__c0p50__z1p00__lam0p020__nu0p50__psi0p75,hardzero_plus_depr,0.06,36,256,0.0,2,0.085090734,0.085090734,1.0395806,0.0,0.0912892,0.0,0.0,0.0013288946,-27.60448,2.287123,0.76237434,0.18400002,0.0,0.16108511,5.079996,5.099996,822400
hardzero_plus_depr__c0p50__z1p00__lam0p020__nu0p50__psi0p75,hardzero_plus_depr,0.06,36,257,0.0,2,0.085090734,0.08522791,0.979719,0.10478063,0.10478063,1.0,0.00013716938,0.0013091101,-26.422579,2.1554248,0.718475,0.192,0.0,0.14083081,5.099996,5.119996,825600
hardzero_plus_depr__c0p50__z1p00__lam0p020__nu0p50__psi0p75,hardzero_plus_depr,0.06,36,258,0.0,2,0.08522791,0.08522791,1.0318844,0.0,0.092921354,0.0,0.0,0.0012896198,-27.352818,2.270191,0.7567303,0.128,0.0,0.14188808,5.119996,5.139996,828800
hardzero_plus_depr__c0p50__z1p00__lam0p020__nu0p50__psi0p75,hardzero_plus_depr,0.06,36,259,0.0,2,0.08522791,0.08522791,1.0257338,0.0,0.09424669,0.0,0.0,0.0012704198,-26.74529,2.2566595,0.75221986,0.16800001,0.0,0.15121302,5.139996,5.159996,832000
hardzero_plus_depr__c0p50__z1p00__lam0p020__nu0p50__psi0p75,hardzero_plus_depr,0.06,36,260,0.0,2,0.08522791,0.08522791,1.0913212,0.0,0.08103614,0.0,0.0,0.0012515058,-28.391499,2.4009547,0.80031824,0.11,0.0,0.14907055,5.159996,5.179996,835200
hardzero_plus_depr__c0p50__z1p00__lam0p020__nu0p50__psi0p75,hardzero_plus_depr,0.06,36,261,0.0,2,0.08522791,0.08522791,1.0390447,0.0,0.091401905,0.0,0.0,0.0012328735,-27.929224,2.285944,0.76198137,0.112,0.0,0.15104142,5.179996,5.199996,838400
hardzero_plus_depr__c0p50__z1p00__lam0p020__nu0p50__psi0p75,hardzero_plus_depr,0.06,36,262,0.0,2,0.08522791,0.08522791,1.0628873,0.0,0.08651925,0.0,0.0,0.0012145184,-27.598122,2.3383987,0.7794663,0.104,0.0,0.15841785,5.199996,5.219996,841600
hardzero_plus_depr__c0p50__z1p00__lam0p020__nu0p50__psi0p75,hardzero_plus_depr,0.06,36,263,0.0,2,0.08522791,0.08522791,1.0233068,0.0,0.09477484,0.0,0.0,0.0011964364,-27.017378,2.25132,0.75044,0.096,0.0,0.17769353,5.219996,5.239996,844800
hardzero_plus_depr__c0p50__z1p00__lam0p020__nu0p50__psi0p75,hardzero_plus_depr,0.06,36,264,0.0,2,0.08522791,0.08522791,1.0437706,0.0,0.09041269,0.0,0.0,0.001178624,-27.775206,2.2963412,0.7654471,0.16800001,0.0,0.14947368,5.239996,5.259996,848000
hardzero_plus_depr__c0p50__z1p00__lam0p020__nu0p50__psi0p75,hardzero_plus_depr,0.06,36,265,0.0,2,0.08522791,0.08522791,1.0040947,0.0,0.09906158,0.0,0.0,0.0011610766,-26.877817,2.2090526,0.7363509,0.128,0.0,0.14700945,5.259996,5.279996,851200
hardzero_plus_depr__c0p50__z1p00__lam0p020__nu0p50__psi0p75,hardzero_plus_depr,0.06,36,266,0.0,2,0.08522791,0.085347176,0.981809,0.104277596,0.104277596,1.0,0.0001192717,0.0011437903,-26.773338,2.160023,0.72000766,0.208,0.0,0.14327326,5.279996,5.299996,854400
hardzero_plus_depr__c0p50__z1p00__lam0p020__nu0p50__psi0p75,hardzero_plus_depr,0.06,36,267,0.0,2,0.085347176,0.085347176,1.0144134,0.0,0.09673567,0.0,0.0,0.0011267614,-27.202736,2.2317538,0.74391794,0.16800001,0.0,0.14298744,5.299996,5.319996,857600
hardzero_plus_depr__c0p50__z1p00__lam0p020__nu0p50__psi0p75,hardzero_plus_depr,0.06,36,268,0.0,2,0.085347176,0.085463434,0.9798958,0.104737975,0.104737975,1.0,0.00011625771,0.0011099862,-26.126173,2.1558137,0.71860456,0.18400002,0.0,0.14136074,5.319996,5.339996,860800
hardzero_plus_depr__c0p50__z1p00__lam0p020__nu0p50__psi0p75,hardzero_plus_depr,0.06,36,269,0.0,2,0.085463434,0.08558,0.97223735,0.10660134,0.10660134,1.0,0.00011656439,0.0010934608,-26.740852,2.138965,0.7129883,0.16000001,0.0,0.15113598,5.339996,5.359996,864000
hardzero_plus_depr__c0p50__z1p00__lam0p020__nu0p50__psi0p75,hardzero_plus_depr,0.06,36,270,0.0,2,0.08558,0.08558,1.0487674,0.0,0.0893784,0.0,0.0,0.0010771815,-27.01794,2.3073344,0.7691115,0.192,0.0,0.17910627,5.359996,5.379996,867200
hardzero_plus_depr__c0p50__z1p00__lam0p020__nu0p50__psi0p75,hardzero_plus_depr,0.06,36,271,0.0,2,0.08558,0.08558,1.0402218,0.0,0.09115451,0.0,0.0,0.0010611439,-26.821354,2.2885337,0.76284456,0.216,0.0,0.16014782,5.379996,5.399996,870400
hardzero_plus_depr__c0p50__z1p00__lam0p020__nu0p50__psi0p75,hardzero_plus_depr,0.06,36,272,0.0,2,0.08558,0.08558,1.0240945,0.0,0.094603136,0.0,0.0,0.0010453457,-27.260612,2.2530527,0.7510176,0.14400001,0.0,0.14393501,5.399996,5.419996,873600
hardzero_plus_depr__c0p50__z1p00__lam0p020__nu0p50__psi0p75,hardzero_plus_depr,0.06,36,273,0.0,2,0.08558,0.08558,1.0974146,0.0,0.079907104,0.0,0.0,0.0010297826,-28.331852,2.4143603,0.8047868,0.07,0.0,0.15404287,5.419996,5.439996,876800
hardzero_plus_depr__c0p50__z1p00__lam0p020__nu0p50__psi0p75,hardzero_plus_depr,0.06,36,274,0.0,2,0.08558,0.08558,1.0605443,0.0,0.086987264,0.0,0.0,0.0010144509,-28.619055,2.3332438,0.777748,0.14400001,0.0,0.15741962,5.439996,5.4599957,880000
hardzero_plus_depr__c0p50__z1p00__lam0p020__nu0p50__psi0p75,hardzero_plus_depr,0.06,36,275,0.0,2,0.08558,0.08568039,0.9980305,0.100454524,0.100454524,1.0,0.000100389014,0.0009993479,-26.320068,2.195711,0.7319037,0.17600001,0.0,0.14471965,5.4599957,5.4799957,883200
hardzero_plus_depr__c0p50__z1p00__lam0p020__nu0p50__psi0p75,hardzero_plus_depr,0.06,36,276,0.0,2,0.08568039,0.08568039,1.0235218,0.0,0.09472797,0.0,0.0,0.0009844695,-26.712465,2.251793,0.75059766,0.14400001,0.0,0.16377439,5.4799957,5.4999957,886400
hardzero_plus_depr__c0p50__z1p00__lam0p020__nu0p50__psi0p75,hardzero_plus_depr,0.06,36,277,0.0,2,0.08568039,0.08568039,1.0521319,0.0,0.088688664,0.0,0.0,0.0009698129,-27.952599,2.3147364,0.7715788,0.128,0.0,0.1528658,5.4999957,5.5199957,889600
hardzero_plus_depr__c0p50__z1p00__lam0p020__nu0p50__psi0p75,hardzero_plus_depr,0.06,36,278,0.0,2,0.08568039,0.08568039,1.0249503,0.0,0.0944169,0.0,0.0,0.00095537433,-26.9671,2.2549355,0.7516452,0.216,0.0,0.1352281,5.5199957,5.5399957,892800
hardzero_plus_depr__c0p50__z1p00__lam0p020__nu0p50__psi0p75,hardzero_plus_depr,0.06,36,279,0.0,2,0.08568039,0.08568039,1.034781,0.0,0.09230367,0.0,0.0,0.00094115036,-27.310774,2.2765636,0.75885457,0.120000005,0.0,0.16734676,5.5399957,5.5599957,896000
hardzero_plus_depr__c0p50__z1p00__lam0p020__nu0p50__psi0p75,hardzero_plus_depr,0.06,36,280,0.0,2,0.08568039,0.08577689,0.98260456,0.10408675,0.10408675,1.0,9.6502845e-05,0.0009271386,-26.666544,2.1617732,0.72059107,0.224,0.008,0.16469039,5.5599957,5.5799956,899200
hardzero_plus_depr__c0p50__z1p00__lam0p020__nu0p50__psi0p75,hardzero_plus_depr,0.06,36,281,0.0,2,0.08577689,0.08577689,1.0382713,0.0,0.091564834,0.0,0.0,0.0009133355,-27.346415,2.2842424,0.7614142,0.096,0.0,0.15274817,5.5799956,5.5999956,902400
hardzero_plus_depr__c0p50__z1p00__lam0p020__nu0p50__psi0p75,hardzero_plus_depr,0.06,36,282,0.0,2,0.08577689,0.08577689,1.0626642,0.0,0.086563714,0.0,0.0,0.0008997374,-28.092243,2.3379078,0.7793026,0.128,0.0,0.16089663,5.5999956,5.6199956,905600
hardzero_plus_depr__c0p50__z1p00__lam0p020__nu0p50__psi0p75,hardzero_plus_depr,0.06,36,283,0.0,2,0.08577689,0.08577689,1.0052898,0.0,0.09878938,0.0,0.0,0.0008863421,-26.936409,2.2116816,0.7372272,0.16000001,0.0,0.14293456,5.6199956,5.6399956,908800
hardzero_plus_depr__c0p50__z1p00__lam0p020__nu0p50__psi0p75,hardzero_plus_depr,0.06,36,284,0.0,2,0.08577689,0.08586452,0.9984317,0.100361764,0.100361764,1.0,8.7630506e-05,0.00087314635,-26.097391,2.1965935,0.7321979,0.136,0.0,0.14697322,5.6399956,5.6599956,912000
hardzero_plus_depr__c0p50__z1p00__lam0p020__nu0p50__psi0p75,hardzero_plus_depr,0.06,36,285,0.0,2,0.08586452,0.08586452,1.0263087,0.0,0.094122045,0.0,0.0,0.00086014695,-27.030064,2.257924,0.7526414,0.16000001,0.0,0.16516393,5.6599956,5.6799955,915200
hardzero_plus_depr__c0p50__z1p00__lam0p020__nu0p50__psi0p75,hardzero_plus_depr,0.06,36,286,0.0,2,0.08586452,0.08595268,0.9828116,0.10403713,0.10403713,1.0,8.815494e-05,0.0008473412,-25.199821,2.1622288,0.72074294,0.14,0.0,0.1348368,5.6799955,5.6999955,918400
hardzero_plus_depr__c0p50__z1p00__lam0p020__nu0p50__psi0p75,hardzero_plus_depr,0.06,36,287,0.0,2,0.08595268,0.08595268,1.037926,0.0,0.09163767,0.0,0.0,0.0008347257,-26.919342,2.2834828,0.76116097,0.14400001,0.0,0.14617722,5.6999955,5.7199955,921600
hardzero_plus_depr__c0p50__z1p00__lam0p020__nu0p50__psi0p75,hardzero_plus_depr,0.06,36,288,0.0,2,0.08595268,0.08595268,1.0118434,0.0,0.09730979,0.0,0.0,0.0008222983,-27.121712,2.2261,0.74203336,0.16000001,0.0,0.12908027,5.7199955,5.7399955,924800
hardzero_plus_depr__c0p50__z1p00__lam0p020__nu0p50__psi0p75,hardzero_plus_depr,0.06,36,289,0.0,2,0.08595268,0.08595268,1.0282362,0.0,0.09370524,0.0,0.0,0.000810056,-27.881893,2.2621646,0.7540549,0.14400001,0.0,0.14468127,5.7399955,5.7599955,928000
hardzero_plus_depr__c0p50__z1p00__lam0p020__nu0p50__psi0p75,hardzero_plus_depr,0.06,36,290,0.0,2,0.08595268,0.08595268,1.027822,0.0,0.09379462,0.0,0.0,0.00079799554,-26.258799,2.2612536,0.7537512,0.136,0.0,0.13934864,5.7599955,5.7799954,931200
hardzero_plus_depr__c0p50__z1p00__lam0p020__nu0p50__psi0p75,hardzero_plus_depr,0.06,36,291,0.0,2,0.08595268,0.08595268,1.0224646,0.0,0.09495882,0.0,0.0,0.00078611507,-27.283522,2.2494671,0.7498224,0.16800001,0.0,0.17189087,5.7799954,5.7999954,934400
hardzero_plus_depr__c0p50__z1p00__lam0p020__nu0p50__psi0p75,hardzero_plus_depr,0.06,36,292,0.0,2,0.08595268,0.08603045,0.9981137,0.10043527,0.10043527,1.0,7.777822e-05,0.0007744114,-26.813023,2.195894,0.7319647,0.14400001,0.0,0.15164533,5.7999954,5.8199954,937600
hardzero_plus_depr__c0p50__z1p00__lam0p020__nu0p50__psi0p75,hardzero_plus_depr,0.06,36,293,0.0,2,0.08603045,0.08603045,1.0322952,0.0,0.092833504,0.0,0.0,0.000762882,-27.082066,2.2710948,0.7570316,0.08800001,0.0,0.17796601,5.8199954,5.8399954,940800
hardzero_plus_depr__c0p50__z1p00__lam0p020__nu0p50__psi0p75,hardzero_plus_depr,0.06,36,294,0.0,2,0.08603045,0.08611151,0.9671561,0.1078559,0.1078559,1.0,8.1056336e-05,0.00075152435,-25.963705,2.127786,0.709262,0.15200001,0.0,0.12186854,5.8399954,5.8599954,944000
hardzero_plus_depr__c0p50__z1p00__lam0p020__nu0p50__psi0p75,hardzero_plus_depr,0.06,36,295,0.0,2,0.08611151,0.086192764,0.9595728,0.10975574,0.10975574,1.0,8.1256054e-05,0.0007403353,-26.14878,2.1111023,0.7037008,0.15200001,0.0,0.13883446,5.8599954,5.8799953,947200
hardzero_plus_depr__c0p50__z1p00__lam0p020__nu0p50__psi0p75,hardzero_plus_depr,0.06,36,296,0.0,2,0.086192764,0.0862697,0.9768041,0.10548626,0.10548626,1.0,7.693253e-05,0.00072931324,-26.251028,2.1490119,0.7163373,0.15200001,0.0,0.13666247,5.8799953,5.8999953,950400
hardzero_plus_depr__c0p50__z1p00__lam0p020__nu0p50__psi0p75,hardzero_plus_depr,0.06,36,297,0.0,2,0.0862697,0.0862697,1.0389735,0.0,0.091416895,0.0,0.0,0.0007184553,-27.03867,2.285787,0.76192904,0.08800001,0.0,0.15238574,5.8999953,5.9199953,953600
hardzero_plus_depr__c0p50__z1p00__lam0p020__nu0p50__psi0p75,hardzero_plus_depr,0.06,36,298,0.0,2,0.0862697,0.0862697,1.0022519,0.0,0.09948283,0.0,0.0,0.00070775865,-27.047302,2.204998,0.73499936,0.16800001,0.0,0.13352916,5.9199953,5.9399953,956800
hardzero_plus_depr__c0p50__z1p00__lam0p020__nu0p50__psi0p75,hardzero_plus_depr,0.06,36,299,0.0,2,0.0862697,0.0862697,1.0531241,0.0,0.08848626,0.0,0.0,0.00069722155,-27.651987,2.3169193,0.77230644,0.16,0.0,0.18814456,5.9399953,5.9599953,960000
hardzero_plus_depr__c0p50__z1p00__lam0p020__nu0p50__psi0p75,hardzero_plus_depr,0.06,36,300,0.0,2,0.0862697,0.08634728,0.94708353,0.11295787,0.11295787,1.0,7.758414e-05,0.0006868414,-26.40777,2.0836253,0.6945418,0.23200001,0.0,0.1400905,5.9599953,5.9799953,963200
hardzero_plus_depr__c0p50__z1p00__lam0p020__nu0p50__psi0p75,hardzero_plus_depr,0.06,36,301,0.0,2,0.08634728,0.086416304,0.9913343,0.10201538,0.10201538,1.0,6.9025205e-05,0.0006766157,-26.701954,2.180979,0.726993,0.120000005,0.0,0.13227262,5.9799953,5.999995,966400
hardzero_plus_depr__c0p50__z1p00__lam0p020__nu0p50__psi0p75,hardzero_plus_depr,0.06,36,302,0.0,2,0.086416304,0.086416304,1.0578107,0.0,0.08753654,0.0,0.0,0.0006665423,-27.465076,2.32723,0.77574337,0.112,0.0,0.12291289,5.999995,6.019995,969600
hardzero_plus_depr__c0p50__z1p00__lam0p020__nu0p50__psi0p75,hardzero_plus_depr,0.06,36,303,0.0,2,0.086416304,0.086486325,0.97208637,0.10663841,0.10663841,1.0,7.002076e-05,0.00065661856,-26.070185,2.1386328,0.71287763,0.24000001,0.0,0.12742297,6.019995,6.039995,972800
hardzero_plus_depr__c0p50__z1p00__lam0p020__nu0p50__psi0p75,hardzero_plus_depr,0.06,36,304,0.0,2,0.086486325,0.086486325,1.0065687,0.0,0.09849887,0.0,0.0,0.00064684293,-27.480165,2.2144952,0.7381651,0.192,0.0,0.14405037,6.039995,6.059995,976000
hardzero_plus_depr__c0p50__z1p00__lam0p020__nu0p50__psi0p75,hardzero_plus_depr,0.06,36,305,0.0,2,0.086486325,0.086486325,1.1142277,0.0,0.076872736,0.0,0.0,0.0006372127,-28.988087,2.4513497,0.8171166,0.136,0.0,0.16913238,6.059995,6.079995,979200
hardzero_plus_depr__c0p50__z1p00__lam0p020__nu0p50__psi0p75,hardzero_plus_depr,0.06,36,306,0.0,2,0.086486325,0.086486325,1.0188642,0.0,0.095749356,0.0,0.0,0.0006277256,-26.601677,2.241546,0.747182,0.128,0.0,0.14665584,6.079995,6.099995,982400
hardzero_plus_depr__c0p50__z1p00__lam0p020__nu0p50__psi0p75,hardzero_plus_depr,0.06,36,307,0.0,2,0.086486325,0.086486325,1.0131615,0.0,0.0970149,0.0,0.0,0.00061838015,-27.58847,2.2289999,0.743,0.18400002,0.0,0.1571219,6.099995,6.119995,985600
hardzero_plus_depr__c0p50__z1p00__lam0p020__nu0p50__psi0p75,hardzero_plus_depr,0.06,36,308,0.0,2,0.086486325,0.086486325,1.0717463,0.0,0.08477223,0.0,0.0,0.0006091737,-27.727053,2.3578892,0.78596306,0.120000005,0.0,0.16632746,6.119995,6.139995,988800
hardzero_plus_depr__c0p50__z1p00__lam0p020__nu0p50__psi0p75,hardzero_plus_depr,0.06,36,309,0.0,2,0.086486325,0.086486325,1.0480772,0.0,0.089520566,0.0,0.0,0.0006001044,-27.573244,2.305816,0.76860535,0.16000001,0.0,0.14084417,6.139995,6.159995,992000
hardzero_plus_depr__c0p50__z1p00__lam0p020__nu0p50__psi0p75,hardzero_plus_depr,0.06,36,310,0.0,2,0.086486325,0.086486325,1.026465,0.0,0.094088145,0.0,0.0,0.0005911701,-27.70892,2.258268,0.75275606,0.120000005,0.0,0.15328458,6.159995,6.179995,995200
hardzero_plus_depr__c0p50__z1p00__lam0p020__nu0p50__psi0p75,hardzero_plus_depr,0.06,36,311,0.0,2,0.086486325,0.086486325,1.03453,0.0,0.09235703,0.0,0.0,0.00058236846,-27.537968,2.2760115,0.7586705,0.15200001,0.0,0.15358801,6.179995,6.199995,998400
hardzero_plus_depr__c0p50__z1p00__lam0p020__nu0p50__psi0p75,hardzero_plus_depr,0.06,36,312,0.0,2,0.086486325,0.0865457,0.98508507,0.10349395,0.10349395,1.0,5.93743e-05,0.00057369826,-27.28953,2.1672304,0.72241014,0.17999999,0.0,0.1375986,6.199995,6.219995,1001600
hardzero_plus_depr__c0p50__z1p00__lam0p020__nu0p50__psi0p75,hardzero_plus_depr,0.06,36,313,0.0,2,0.0865457,0.0865457,1.0453322,0.0,0.090088174,0.0,0.0,0.0005651571,-27.402185,2.2997768,0.76659226,0.128,0.0,0.15606236,6.219995,6.239995,1004800
hardzero_plus_depr__c0p50__z1p00__lam0p020__nu0p50__psi0p75,hardzero_plus_depr,0.06,36,314,0.0,2,0.0865457,0.0865457,1.0273471,0.0,0.09389725,0.0,0.0,0.0005567428,-27.851397,2.2602088,0.75340295,0.128,0.0,0.16059111,6.239995,6.259995,1008000
hardzero_plus_depr__c0p50__z1p00__lam0p020__nu0p50__psi0p75,hardzero_plus_depr,0.06,36,315,0.0,2,0.0865457,0.0865457,1.0544499,0.0,0.08821656,0.0,0.0,0.000548454,-28.026085,2.3198361,0.7732787,0.208,0.0,0.1517038,6.259995,6.279995,1011200
hardzero_plus_depr__c0p50__z1p00__lam0p020__nu0p50__psi0p75,hardzero_plus_depr,0.06,36,316,0.0,2,0.0865457,0.0865457,1.0548986,0.0,0.088125445,0.0,0.0,0.0005402887,-27.643248,2.3208234,0.77360785,0.14400001,0.0,0.15620117,6.279995,6.299995,1014400
hardzero_plus_depr__c0p50__z1p00__lam0p020__nu0p50__psi0p75,hardzero_plus_depr,0.06,36,317,0.0,2,0.0865457,0.0865457,1.0521954,0.0,0.088675685,0.0,0.0,0.0005322449,-27.858135,2.314876,0.7716254,0.17600001,0.0,0.1961114,6.299995,6.319995,1017600
hardzero_plus_depr__c0p50__z1p00__lam0p020__nu0p50__psi0p75,hardzero_plus_depr,0.06,36,318,0.0,2,0.0865457,0.08659891,0.99356574,0.10149256,0.10149256,1.0,5.321467e-05,0.0005243209,-27.068083,2.1858883,0.72862947,0.15200001,0.0,0.14091186,6.319995,6.339995,1020800
hardzero_plus_depr__c0p50__z1p00__lam0p020__nu0p50__psi0p75,hardzero_plus_depr,0.06,36,319,0.0,2,0.08659891,0.08665093,0.9969071,0.10071469,0.10071469,1.0,5.20206e-05,0.0005165145,-26.852104,2.1932395,0.7310798,0.136,0.0,0.14807035,6.339995,6.359995,1024000
hardzero_plus_depr__c0p50__z1p00__lam0p020__nu0p50__psi0p75,hardzero_plus_depr,0.06,36,320,0.0,2,0.08665093,0.08665093,1.0650313,0.0,0.08609318,0.0,0.0,0.00050882477,-27.841002,2.3431156,0.7810385,0.136,0.0,0.14971098,6.359995,6.379995,1027200
hardzero_plus_depr__c0p50__z1p00__lam0p020__nu0p50__psi0p75,hardzero_plus_depr,0.06,36,321,0.0,2,0.08665093,0.08665093,1.0209587,0.0,0.095288694,0.0,0.0,0.0005012494,-27.398417,2.2461538,0.74871796,0.192,0.0,0.15792616,6.379995,6.399995,1030400
hardzero_plus_depr__c0p50__z1p00__lam0p020__nu0p50__psi0p75,hardzero_plus_depr,0.06,36,322,0.0,2,0.08665093,0.08665093,1.0295615,0.0,0.09341969,0.0,0.0,0.00049378665,-28.072268,2.2650807,0.75502694,0.128,0.0,0.15506895,6.399995,6.419995,1033600
hardzero_plus_depr__c0p50__z1p00__lam0p020__nu0p50__psi0p75,hardzero_plus_depr,0.06,36,323,0.0,2,0.08665093,0.08665093,1.046805,0.0,0.08978318,0.0,0.0,0.00048643514,-27.849642,2.3030171,0.7676724,0.136,0.0,0.16966428,6.419995,6.439995,1036800
hardzero_plus_depr__c0p50__z1p00__lam0p020__nu0p50__psi0p75,hardzero_plus_depr,0.06,36,324,0.0,2,0.08665093,0.086704254,0.9536086,0.1112734,0.1112734,1.0,5.3321448e-05,0.0004791931,-26.19588,2.0979807,0.69932693,0.23200001,0.008,0.1318657,6.439995,6.459995,1040000
hardzero_plus_depr__c0p50__z1p00__lam0p020__nu0p50__psi0p75,hardzero_plus_depr,0.06,36,325,0.0,2,0.086704254,0.086704254,1.1273123,0.0,0.07459122,0.0,0.0,0.00047205895,-28.99159,2.4801366,0.82671225,0.13,0.0,0.17292638,6.459995,6.479995,1043200
hardzero_plus_depr__c0p50__z1p00__lam0p020__nu0p50__psi0p75,hardzero_plus_depr,0.06,36,326,0.0,2,0.086704254,0.086704254,1.020923,0.0,0.09529651,0.0,0.0,0.0004650309,-26.79629,2.2460754,0.7486918,0.128,0.0,0.1464649,6.479995,6.4999948,1046400
hardzero_plus_depr__c0p50__z1p00__lam0p020__nu0p50__psi0p75,hardzero_plus_depr,0.06,36,327,0.0,2,0.086704254,0.086704254,1.042909,0.0,0.090592235,0.0,0.0,0.0004581074,-27.830961,2.2944458,0.7648153,0.16800001,0.0,0.15612628,6.4999948,6.5199947,1049600
hardzero_plus_depr__c0p50__z1p00__lam0p020__nu0p50__psi0p75,hardzero_plus_depr,0.06,36,328,0.0,2,0.086704254,0.086704254,1.004949,0.0,0.098866925,0.0,0.0,0.00045128714,-26.406342,2.2109318,0.7369773,0.15200001,0.0,0.14113927,6.5199947,6.5399947,1052800
hardzero_plus_depr__c0p50__z1p00__lam0p020__nu0p50__psi0p75,hardzero_plus_depr,0.06,36,329,0.0,2,0.086704254,0.0867491,0.9962579,0.100865364,0.100865364,1.0,4.4841552e-05,0.00044456837,-26.872442,2.191811,0.7306037,0.17600001,0.0,0.14360723,6.5399947,6.5599947,1056000
hardzero_plus_depr__c0p50__z1p00__lam0p020__nu0p50__psi0p75,hardzero_plus_depr,0.06,36,330,0.0,2,0.0867491,0.0867491,1.0395744,0.0,0.091290504,0.0,0.0,0.00043794946,-27.497473,2.2871094,0.7623698,0.16000001,0.0,0.15755516,6.5599947,6.5799947,1059200
hardzero_plus_depr__c0p50__z1p00__lam0p020__nu0p50__psi0p75,hardzero_plus_depr,0.06,36,331,0.0,2,0.0867491,0.0867491,1.0202426,0.0,0.09544592,0.0,0.0,0.0004314293,-27.050196,2.2445784,0.7481928,0.16000001,0.0,0.18084255,6.5799947,6.5999947,1062400
hardzero_plus_depr__c0p50__z1p00__lam0p020__nu0p50__psi0p75,hardzero_plus_depr,0.06,36,332,0.0,2,0.0867491,0.0867491,1.0176543,0.0,0.09601645,0.0,0.0,0.0004250062,-26.727568,2.2388842,0.74629474,0.128,0.0,0.14199041,6.5999947,6.6199946,1065600
hardzero_plus_depr__c0p50__z1p00__lam0p020__nu0p50__psi0p75,hardzero_plus_depr,0.06,36,333,0.0,2,0.0867491,0.0867491,1.0990673,0.0,0.07960359,0.0,0.0,0.00041867877,-29.305523,2.4179964,0.8059988,0.136,0.0,0.22102667,6.6199946,6.6399946,1068800
hardzero_plus_depr__c0p50__z1p00__lam0p020__nu0p50__psi0p75,hardzero_plus_depr,0.06,36,334,0.0,2,0.0867491,0.0867491,1.0199969,0.0,0.09549994,0.0,0.0,0.00041244552,-25.675209,2.2440379,0.74801266,0.17600001,0.0,0.15115853,6.6399946,6.6599946,1072000
hardzero_plus_depr__c0p50__z1p00__lam0p020__nu0p50__psi0p75,hardzero_plus_depr,0.06,36,335,0.0,2,0.0867491,0.0867491,1.0409507,0.0,0.09100166,0.0,0.0,0.00040630484,-27.709772,2.290137,0.76337904,0.2,0.0,0.15685244,6.6599946,6.6799946,1075200
hardzero_plus_depr__c0p50__z1p00__lam0p020__nu0p50__psi0p75,hardzero_plus_depr,0.06,36,336,0.0,2,0.0867491,0.0867491,1.0207679,0.0,0.09533055,0.0,0.0,0.0004002558,-26.933184,2.2457342,0.7485781,0.18400002,0.0,0.14089513,6.6799946,6.6999946,1078400
hardzero_plus_depr__c0p50__z1p00__lam0p020__nu0p50__psi0p75,hardzero_plus_depr,0.06,36,337,0.0,2,0.0867491,0.0867491,1.0492142,0.0,0.089286506,0.0,0.0,0.0003942968,-28.187359,2.3083174,0.76943916,0.104,0.0,0.15189804,6.6999946,6.7199945,1081600
hardzero_plus_depr__c0p50__z1p00__lam0p020__nu0p50__psi0p75,hardzero_plus_depr,0.06,36,338,0.0,2,0.0867491,0.08679268,0.95003563,0.11219263,0.11219263,1.0,4.3578577e-05,0.0003884264,-26.155836,2.09012,0.6967067,0.26,0.0,0.14033727,6.7199945,6.7399945,1084800
hardzero_plus_depr__c0p50__z1p00__lam0p020__nu0p50__psi0p75,hardzero_plus_depr,0.06,36,339,0.0,2,0.08679268,0.08683231,0.98479754,0.10356247,0.10356247,1.0,3.9627506e-05,0.0003826435,-26.683176,2.1665978,0.7221993,0.16800001,0.0,0.14334732,6.7399945,6.7599945,1088000
hardzero_plus_depr__c0p50__z1p00__lam0p020__nu0p50__psi0p75,hardzero_plus_depr,0.06,36,340,0.0,2,0.08683231,0.08683231,1.0203904,0.0,0.09541345,0.0,0.0,0.00037694676,-27.817095,2.2449036,0.7483012,0.18400002,0.0,0.14691702,6.7599945,6.7799945,1091200
hardzero_plus_depr__c0p50__z1p00__lam0p020__nu0p50__psi0p75,hardzero_plus_depr,0.06,36,341,0.0,2,0.08683231,0.08683231,1.0454197,0.0,0.090070024,0.0,0.0,0.00037133478,-27.767332,2.2999692,0.7666564,0.2,0.0,0.1689787,6.7799945,6.7999945,1094400
hardzero_plus_depr__c0p50__z1p00__lam0p020__nu0p50__psi0p75,hardzero_plus_depr,0.06,36,342,0.0,2,0.08683231,0.08683231,1.0062354,0.0,0.0985745,0.0,0.0,0.0003658064,-26.812069,2.213762,0.7379207,0.208,0.0,0.14914754,6.7999945,6.8199944,1097600
hardzero_plus_depr__c0p50__z1p00__lam0p020__nu0p50__psi0p75,hardzero_plus_depr,0.06,36,343,0.0,2,0.08683231,0.08683231,1.0104187,0.0,0.09762955,0.0,0.0,0.0003603601,-26.759119,2.2229655,0.7409885,0.15200001,0.0,0.14232707,6.8199944,6.8399944,1100800
hardzero_plus_depr__c0p50__z1p00__lam0p020__nu0p50__psi0p75,hardzero_plus_depr,0.06,36,344,0.0,2,0.08683231,0.08683231,1.0520387,0.0,0.0887077,0.0,0.0,0.0003549951,-27.16964,2.3145313,0.7715105,0.14400001,0.0,0.16654333,6.8399944,6.8599944,1104000
hardzero_plus_depr__c0p50__z1p00__lam0p020__nu0p50__psi0p75,hardzero_plus_depr,0.06,36,345,0.0,2,0.08683231,0.086868145,0.9893416,0.10248455,0.10248455,1.0,3.5839865e-05,0.00034970994,-26.891506,2.176595,0.7255317,0.2,0.0,0.1434741,6.8599944,6.8799944,1107200
hardzero_plus_depr__c0p50__z1p00__lam0p020__nu0p50__psi0p75,hardzero_plus_depr,0.06,36,346,0.0,2,0.086868145,0.086868145,1.0461851,0.0,0.08991142,0.0,0.0,0.00034450335,-28.009071,2.3016531,0.76721776,0.14400001,0.0,0.16276586,6.8799944,6.8999944,1110400
hardzero_plus_depr__c0p50__z1p00__lam0p020__nu0p50__psi0p75,hardzero_plus_depr,0.06,36,347,0.0,2,0.086868145,0.086902626,0.9930654,0.10160955,0.10160955,1.0,3.4483677e-05,0.00033937438,-26.549364,2.1847875,0.72826254,0.17600001,0.0,0.15811728,6.8999944,6.9199944,1113600
hardzero_plus_depr__c0p50__z1p00__lam0p020__nu0p50__psi0p75,hardzero_plus_depr,0.06,36,348,0.0,2,0.086902626,0.086902626,1.0292295,0.0,0.093491144,0.0,0.0,0.0003343218,-27.04218,2.2643502,0.7547834,0.224,0.0,0.14725278,6.9199944,6.9399943,1116800
hardzero_plus_depr__c0p50__z1p00__lam0p020__nu0p50__psi0p75,hardzero_plus_depr,0.06,36,349,0.0,2,0.086902626,0.08693684,0.9834271,0.1038898,0.1038898,1.0,3.4215533e-05,0.00032934448,-27.243643,2.1635828,0.72119427,0.17600001,0.0,0.16541812,6.9399943,6.9599943,1120000
hardzero_plus_depr__c0p50__z1p00__lam0p020__nu0p50__psi0p75,hardzero_plus_depr,0.06,36,350,0.0,2,0.08693684,0.08697254,0.95838594,0.11005608,0.11005608,1.0,3.570673e-05,0.00032444124,-26.83799,2.1084912,0.70283043,0.192,0.0,0.16639337,6.9599943,6.9799943,1123200
hardzero_plus_depr__c0p50__z1p00__lam0p020__nu0p50__psi0p75,hardzero_plus_depr,0.06,36,351,0.0,2,0.08697254,0.087005585,0.98554885,0.10338347,0.10338347,1.0,3.304247e-05,0.0003196108,-27.174335,2.1682508,0.7227503,0.14999999,0.0,0.14886446,6.9799943,6.9999943,1126400
hardzero_plus_depr__c0p50__z1p00__lam0p020__nu0p50__psi0p75,hardzero_plus_depr,0.06,36,352,0.0,2,0.087005585,0.087040156,0.9594093,0.10979707,0.10979707,1.0,3.4569875e-05,0.00031485246,-26.365372,2.1107426,0.70358086,0.23200001,0.0,0.13436691,6.9999943,7.0199943,1129600
hardzero_plus_depr__c0p50__z1p00__lam0p020__nu0p50__psi0p75,hardzero_plus_depr,0.06,36,353,0.0,2,0.087040156,0.087040156,1.0406201,0.0,0.091070965,0.0,0.0,0.00031016496,-27.063326,2.2894099,0.7631366,0.15200001,0.0,0.16334453,7.0199943,7.0399942,1132800
hardzero_plus_depr__c0p50__z1p00__lam0p020__nu0p50__psi0p75,hardzero_plus_depr,0.06,36,354,0.0,2,0.087040156,0.087040156,1.0582575,0.0,0.0874465,0.0,0.0,0.0003055471,-27.575296,2.328213,0.776071,0.18400002,0.0,0.16626044,7.0399942,7.059994,1136000
hardzero_plus_depr__c0p50__z1p00__lam0p020__nu0p50__psi0p75,hardzero_plus_depr,0.06,36,355,0.0,2,0.087040156,0.08707338,0.95715684,0.11036799,0.11036799,1.0,3.322056e-05,0.00030099813,-26.787691,2.105787,0.70192903,0.216,0.0,0.13865867,7.059994,7.079994,1139200
hardzero_plus_depr__c0p50__z1p00__lam0p020__nu0p50__psi0p75,hardzero_plus_depr,0.06,36,356,0.0,2,0.08707338,0.08707338,1.0209526,0.0,0.09529001,0.0,0.0,0.00029651693,-26.991798,2.2461405,0.7487135,0.120000005,0.0,0.12595472,7.079994,7.099994,1142400
hardzero_plus_depr__c0p50__z1p00__lam0p020__nu0p50__psi0p75,hardzero_plus_depr,0.06,36,357,0.0,2,0.08707338,0.08707338,1.0292267,0.0,0.09349175,0.0,0.0,0.00029210237,-27.263405,2.2643437,0.75478125,0.15200001,0.0,0.12939025,7.099994,7.119994,1145600
hardzero_plus_depr__c0p50__z1p00__lam0p020__nu0p50__psi0p75,hardzero_plus_depr,0.06,36,358,0.0,2,0.08707338,0.08707338,1.0237395,0.0,0.09468048,0.0,0.0,0.0002877536,-27.726465,2.2522717,0.7507572,0.136,0.0,0.17268312,7.119994,7.139994,1148800
hardzero_plus_depr__c0p50__z1p00__lam0p020__nu0p50__psi0p75,hardzero_plus_depr,0.06,36,359,0.0,2,0.08707338,0.08707338,1.0318125,0.0,0.09293675,0.0,0.0,0.0002834694,-27.17877,2.270033,0.7566776,0.14400001,0.0,0.16285233,7.139994,7.159994,1152000
hardzero_plus_depr__c0p50__z1p00__lam0p020__nu0p50__psi0p75,hardzero_plus_depr,0.06,36,360,0.0,2,0.08707338,0.08707338,1.0065128,0.0,0.098511554,0.0,0.0,0.0002792491,-26.620413,2.2143724,0.73812413,0.256,0.0,0.17292278,7.159994,7.179994,1155200
hardzero_plus_depr__c0p50__z1p00__lam0p020__nu0p50__psi0p75,hardzero_plus_depr,0.06,36,361,0.0,2,0.08707338,0.08707338,1.0392634,0.0,0.09135591,0.0,0.0,0.00027509165,-28.009396,2.286425,0.7621417,0.15200001,0.0,0.1531146,7.179994,7.199994,1158400
hardzero_plus_depr__c0p50__z1p00__lam0p020__nu0p50__psi0p75,hardzero_plus_depr,0.06,36,362,0.0,2,0.08707338,0.08710166,0.9814589,0.10436168,0.10436168,1.0,2.8281596e-05,0.00027099598,-26.379982,2.1592526,0.7197509,0.192,0.0,0.13123925,7.199994,7.219994,1161600
hardzero_plus_depr__c0p50__z1p00__lam0p020__nu0p50__psi0p75,hardzero_plus_depr,0.06,36,363,0.0,2,0.08710166,0.08712874,0.9937092,0.101459056,0.101459056,1.0,2.7085654e-05,0.00026696143,-26.498001,2.186204,0.7287347,0.18400002,0.0,0.16748002,7.219994,7.239994,1164800
hardzero_plus_depr__c0p50__z1p00__lam0p020__nu0p50__psi0p75,hardzero_plus_depr,0.06,36,364,0.0,2,0.08712874,0.08712874,1.0203999,0.0,0.09541136,0.0,0.0,0.0002629869,-27.139286,2.2449248,0.7483083,0.17999999,0.0,0.14235131,7.239994,7.259994,1168000
hardzero_plus_depr__c0p50__z1p00__lam0p020__nu0p50__psi0p75,hardzero_plus_depr,0.06,36,365,0.0,2,0.08712874,0.08712874,1.0409344,0.0,0.091005065,0.0,0.0,0.00025907156,-27.344723,2.2901015,0.7633672,0.16000001,0.0,0.13347074,7.259994,7.279994,1171200
hardzero_plus_depr__c0p50__z1p00__lam0p020__nu0p50__psi0p75,hardzero_plus_depr,0.06,36,366,0.0,2,0.08712874,0.08715476,0.99163544,0.10194468,0.10194468,1.0,2.6017764e-05,0.00025521455,-26.653494,2.1816416,0.72721386,0.2,0.0,0.14878406,7.279994,7.299994,1174400
hardzero_plus_depr__c0p50__z1p00__lam0p020__nu0p50__psi0p75,hardzero_plus_depr,0.06,36,367,0.0,2,0.08715476,0.0871802,0.9949571,0.10116794,0.10116794,1.0,2.5435118e-05,0.0002514148,-27.081253,2.1889493,0.7296498,0.17600001,0.0,0.13579597,7.299994,7.319994,1177600
hardzero_plus_depr__c0p50__z1p00__lam0p020__nu0p50__psi0p75,hardzero_plus_depr,0.06,36,368,0.0,2,0.0871802,0.08720782,0.95270866,0.11150424,0.11150424,1.0,2.7616452e-05,0.00024767176,-26.332842,2.096001,0.698667,0.16800001,0.0,0.12535682,7.319994,7.339994,1180800
hardzero_plus_depr__c0p50__z1p00__lam0p020__nu0p50__psi0p75,hardzero_plus_depr,0.06,36,369,0.0,2,0.08720782,0.08720782,1.0062672,0.0,0.098567285,0.0,0.0,0.00024398442,-26.434175,2.213832,0.737944,0.208,0.008,0.14415449,7.339994,7.359994,1184000
hardzero_plus_depr__c0p50__z1p00__lam0p020__nu0p50__psi0p75,hardzero_plus_depr,0.06,36,370,0.0,2,0.08720782,0.08720782,1.0229125,0.0,0.094860956,0.0,0.0,0.0002403519,-26.867771,2.2504525,0.75015086,0.16800001,0.0,0.17326142,7.359994,7.379994,1187200
hardzero_plus_depr__c0p50__z1p00__lam0p020__nu0p50__psi0p75,hardzero_plus_depr,0.06,36,371,0.0,2,0.08720782,0.08720782,1.0611801,0.0,0.08686,0.0,0.0,0.00023677356,-27.651138,2.334643,0.77821434,0.112,0.0,0.16250728,7.379994,7.399994,1190400
hardzero_plus_depr__c0p50__z1p00__lam0p020__nu0p50__psi0p75,hardzero_plus_depr,0.06,36,372,0.0,2,0.08720782,0.08720782,1.026884,0.0,0.09399745,0.0,0.0,0.00023324849,-27.511005,2.2591898,0.7530633,0.120000005,0.0,0.18483928,7.399994,7.419994,1193600
hardzero_plus_depr__c0p50__z1p00__lam0p020__nu0p50__psi0p75,hardzero_plus_depr,0.06,36,373,0.0,2,0.08720782,0.08720782,1.0071528,0.0,0.09836649,0.0,0.0,0.0002297759,-26.352705,2.2157805,0.7385935,0.15200001,0.0,0.14989668,7.419994,7.439994,1196800
hardzero_plus_depr__c0p50__z1p00__lam0p020__nu0p50__psi0p75,hardzero_plus_depr,0.06,36,374,0.0,2,0.08720782,0.08720782,1.0192912,0.0,0.095655255,0.0,0.0,0.00022635504,-27.398697,2.2424853,0.7474951,0.136,0.0,0.14510272,7.439994,7.459994,1200000
hardzero_plus_depr__c0p50__z1p00__lam0p020__nu0p50__psi0p75,hardzero_plus_depr,0.06,36,375,0.0,2,0.08720782,0.087231554,0.9727853,0.10646693,0.10646693,1.0,2.3740522e-05,0.00022298495,-26.204302,2.1401703,0.7133901,0.23200001,0.0,0.13229038,7.459994,7.479994,1203200
hardzero_plus_depr__c0p50__z1p00__lam0p020__nu0p50__psi0p75,hardzero_plus_depr,0.06,36,376,0.0,2,0.087231554,0.087231554,1.0060794,0.0,0.0986099,0.0,0.0,0.00021966518,-26.656397,2.213419,0.7378063,0.208,0.0,0.1750763,7.479994,7.499994,1206400
hardzero_plus_depr__c0p50__z1p00__lam0p020__nu0p50__psi0p75,hardzero_plus_depr,0.06,36,377,0.0,2,0.087231554,0.087231554,1.0189943,0.0,0.09572066,0.0,0.0,0.00021639482,-27.399035,2.2418323,0.74727744,0.16,0.0,0.1377745,7.499994,7.519994,1209600
hardzero_plus_depr__c0p50__z1p00__lam0p020__nu0p50__psi0p75,hardzero_plus_depr,0.06,36,378,0.0,2,0.087231554,0.087231554,1.04742,0.0,0.08965614,0.0,0.0,0.00021317304,-27.680496,2.3043702,0.7681234,0.2,0.0,0.17541988,7.519994,7.539994,1212800
hardzero_plus_depr__c0p50__z1p00__lam0p020__nu0p50__psi0p75,hardzero_plus_depr,0.06,36,379,0.0,2,0.087231554,0.08725279,0.9951926,0.101113096,0.101113096,1.0,2.1233684e-05,0.00020999934,-27.054976,2.1894674,0.7298225,0.18400002,0.0,0.17666726,7.539994,7.5599937,1216000
hardzero_plus_depr__c0p50__z1p00__lam0p020__nu0p50__psi0p75,hardzero_plus_depr,0.06,36,380,0.0,2,0.08725279,0.08725279,1.070583,0.0,0.08499963,0.0,0.0,0.00020687288,-27.286737,2.3553295,0.7851099,0.14400001,0.0,0.1873226,7.5599937,7.5799937,1219200
hardzero_plus_depr__c0p50__z1p00__lam0p020__nu0p50__psi0p75,hardzero_plus_depr,0.06,36,381,0.0,2,0.08725279,0.08727396,0.98330927,0.103917986,0.103917986,1.0,2.1177757e-05,0.00020379298,-26.898632,2.1633236,0.7211079,0.14400001,0.0,0.1465844,7.5799937,7.5999937,1222400
hardzero_plus_depr__c0p50__z1p00__lam0p020__nu0p50__psi0p75,hardzero_plus_depr,0.06,36,382,0.0,2,0.08727396,0.087295026,0.979149,0.10491825,0.10491825,1.0,2.1063275e-05,0.00020075892,-26.58833,2.1541708,0.7180569,0.208,0.0,0.1341665,7.5999937,7.6199937,1225600
hardzero_plus_depr__c0p50__z1p00__lam0p020__nu0p50__psi0p75,hardzero_plus_depr,0.06,36,383,0.0,2,0.087295026,0.087295026,1.0206993,0.0,0.09534562,0.0,0.0,0.00019776993,-27.49751,2.2455833,0.74852777,0.17600001,0.0,0.14011164,7.6199937,7.6399937,1228800
hardzero_plus_depr__c0p50__z1p00__lam0p020__nu0p50__psi0p75,hardzero_plus_depr,0.06,36,384,0.0,2,0.087295026,0.087315574,0.97679734,0.10548789,0.10548789,1.0,2.0551737e-05,0.00019482555,-26.161955,2.148997,0.7163324,0.15200001,0.0,0.13390861,7.6399937,7.6599936,1232000
hardzero_plus_depr__c0p50__z1p00__lam0p020__nu0p50__psi0p75,hardzero_plus_depr,0.06,36,385,0.0,2,0.087315574,0.08733577,0.97774017,0.10525915,0.10525915,1.0,2.0201865e-05,0.00019192502,-26.910177,2.1510713,0.7170238,0.16800001,0.0,0.13029999,7.6599936,7.6799936,1235200
hardzero_plus_depr__c0p50__z1p00__lam0p020__nu0p50__psi0p75,hardzero_plus_depr,0.06,36,386,0.0,2,0.08733577,0.08733577,1.0833836,0.0,0.08253087,0.0,0.0,0.00018906753,-29.154459,2.3834915,0.7944972,0.15200001,0.0,0.2354386,7.6799936,7.6999936,1238400
hardzero_plus_depr__c0p50__z1p00__lam0p020__nu0p50__psi0p75,hardzero_plus_depr,0.06,36,387,0.0,2,0.08733577,0.087355375,0.97771645,0.105264895,0.105264895,1.0,1.9605874e-05,0.00018625273,-26.378954,2.151019,0.7170064,0.080000006,0.0,0.12221392,7.6999936,7.7199936,1241600
hardzero_plus_depr__c0p50__z1p00__lam0p020__nu0p50__psi0p75,hardzero_plus_depr,0.06,36,388,0.0,2,0.087355375,0.087355375,1.032186,0.0,0.092856854,0.0,0.0,0.00018347982,-27.88013,2.2708547,0.7569516,0.15200001,0.0,0.18189682,7.7199936,7.7399936,1244800
hardzero_plus_depr__c0p50__z1p00__lam0p020__nu0p50__psi0p75,hardzero_plus_depr,0.06,36,389,0.0,2,0.087355375,0.08737371,0.9938253,0.101431936,0.101431936,1.0,1.8333636e-05,0.00018074816,-26.54412,2.1864593,0.7288198,0.192,0.0,0.13831803,7.7399936,7.7599936,1248000
hardzero_plus_depr__c0p50__z1p00__lam0p020__nu0p50__psi0p75,hardzero_plus_depr,0.06,36,390,0.0,2,0.08737371,0.08737371,1.0225098,0.0,0.09494895,0.0,0.0,0.0001780572,-27.245756,2.2495666,0.7498555,0.12,0.0,0.14226237,7.7599936,7.7799935,1251200
hardzero_plus_depr__c0p50__z1p00__lam0p020__nu0p50__psi0p75,hardzero_plus_depr,0.06,36,391,0.0,2,0.08737371,0.08737371,1.0179331,0.0,0.09595482,0.0,0.0,0.00017540621,-27.57981,2.2394977,0.74649924,0.15200001,0.0,0.14748815,7.7799935,7.7999935,1254400
hardzero_plus_depr__c0p50__z1p00__lam0p020__nu0p50__psi0p75,hardzero_plus_depr,0.06,36,392,0.0,2,0.08737371,0.08737371,1.0444616,0.0,0.09026894,0.0,0.0,0.00017279478,-27.111597,2.2978613,0.7659538,0.08800001,0.0,0.14444485,7.7999935,7.8199935,1257600
hardzero_plus_depr__c0p50__z1p00__lam0p020__nu0p50__psi0p75,hardzero_plus_depr,0.06,36,393,0.0,2,0.08737371,0.08737371,1.0924037,0.0,0.08083442,0.0,0.0,0.00017022222,-28.246557,2.403336,0.80111206,0.096,0.0,0.15040943,7.8199935,7.8399935,1260800
hardzero_plus_depr__c0p50__z1p00__lam0p020__nu0p50__psi0p75,hardzero_plus_depr,0.06,36,394,0.0,2,0.08737371,0.08737371,1.0415397,0.0,0.09087834,0.0,0.0,0.00016768789,-26.994997,2.291433,0.76381105,0.15200001,0.0,0.16737822,7.8399935,7.8599935,1264000
hardzero_plus_depr__c0p50__z1p00__lam0p020__nu0p50__psi0p75,hardzero_plus_depr,0.06,36,395,0.0,2,0.08737371,0.08737371,1.0162445,0.0,0.09632865,0.0,0.0,0.00016519136,-26.678337,2.2357826,0.7452609,0.120000005,0.0,0.15796001,7.8599935,7.8799934,1267200
hardzero_plus_depr__c0p50__z1p00__lam0p020__nu0p50__psi0p75,hardzero_plus_depr,0.06,36,396,0.0,2,0.08737371,0.08737371,1.033079,0.0,0.09266611,0.0,0.0,0.000162732,-27.732786,2.2728193,0.75760645,0.208,0.0,0.1521378,7.8799934,7.8999934,1270400
hardzero_plus_depr__c0p50__z1p00__lam0p020__nu0p50__psi0p75,hardzero_plus_depr,0.06,36,397,0.0,2,0.08737371,0.08737371,1.057496,0.0,0.087599985,0.0,0.0,0.00016030927,-27.771364,2.3265376,0.7755126,0.136,0.0,0.15591645,7.8999934,7.9199934,1273600
hardzero_plus_depr__c0p50__z1p00__lam0p020__nu0p50__psi0p75,hardzero_plus_depr,0.06,36,398,0.0,2,0.08737371,0.08737371,1.0488583,0.0,0.0893597,0.0,0.0,0.00015792261,-27.635311,2.3075342,0.7691781,0.112,0.0,0.14184985,7.9199934,7.9399934,1276800
hardzero_plus_depr__c0p50__z1p00__lam0p020__nu0p50__psi0p75,hardzero_plus_depr,0.06,36,399,0.0,2,0.08737371,0.08737371,1.0300919,0.0,0.09330568,0.0,0.0,0.00015557137,-27.04232,2.2662475,0.75541586,0.16000001,0.0,0.16001453,7.9399934,7.9599934,1280000
hardzero_plus_depr__c0p50__z1p00__lam0p020__nu0p50__psi0p75,hardzero_plus_depr,0.06,36,400,0.0,2,0.08737371,0.08737371,1.0638912,0.0,0.08631949,0.0,0.0,0.00015325524,-27.99009,2.3406074,0.7802025,0.16000001,0.0,0.1687843,7.9599934,7.9799933,1283200
hardzero_plus_depr__c0p50__z1p00__lam0p020__nu0p50__psi0p75,hardzero_plus_depr,0.06,36,401,0.0,2,0.08737371,0.08737371,1.1098723,0.0,0.07764752,0.0,0.0,0.00015097359,-28.416374,2.441768,0.81392264,0.16000001,0.0,0.18281363,7.9799933,7.9999933,1286400
hardzero_plus_depr__c0p50__z1p00__lam0p020__nu0p50__psi0p75,hardzero_plus_depr,0.06,36,402,0.0,2,0.08737371,0.08738943,0.9759307,0.10569861,0.10569861,1.0,1.5720112e-05,0.00014872583,-26.797012,2.1470904,0.7156968,0.24800001,0.0,0.12707454,7.9999933,8.019994,1289600
hardzero_plus_depr__c0p50__z1p00__lam0p020__nu0p50__psi0p75,hardzero_plus_depr,0.06,36,403,0.0,2,0.08738943,0.08738943,1.0107092,0.0,0.09756428,0.0,0.0,0.00014651155,-26.790361,2.2236047,0.7412016,0.22,0.0,0.13259916,8.019994,8.039994,1292800
hardzero_plus_depr__c0p50__z1p00__lam0p020__nu0p50__psi0p75,hardzero_plus_depr,0.06,36,404,0.0,2,0.08738943,0.08740421,0.98974407,0.10238962,0.10238962,1.0,1.4777916e-05,0.00014433022,-26.58429,2.1774805,0.72582686,0.14400001,0.0,0.15109068,8.039994,8.059995,1296000
hardzero_plus_depr__c0p50__z1p00__lam0p020__nu0p50__psi0p75,hardzero_plus_depr,0.06,36,405,0.0,2,0.08740421,0.08740421,1.038963,0.0,0.09141912,0.0,0.0,0.00014218138,-27.717484,2.2857642,0.7619214,0.136,0.0,0.15467715,8.059995,8.079995,1299200
hardzero_plus_depr__c0p50__z1p00__lam0p020__nu0p50__psi0p75,hardzero_plus_depr,0.06,36,406,0.0,2,0.08740421,0.08740421,1.0593476,0.0,0.087227285,0.0,0.0,0.00014006453,-27.494074,2.3306112,0.7768704,0.16800001,0.0,0.1461599,8.079995,8.099996,1302400
hardzero_plus_depr__c0p50__z1p00__lam0p020__nu0p50__psi0p75,hardzero_plus_depr,0.06,36,407,0.0,2,0.08740421,0.08740421,1.0125042,0.0,0.09716184,0.0,0.0,0.00013797918,-27.066883,2.2275538,0.74251795,0.112,0.0,0.1611999,8.099996,8.119996,1305600
hardzero_plus_depr__c0p50__z1p00__lam0p020__nu0p50__psi0p75,hardzero_plus_depr,0.06,36,408,0.0,2,0.08740421,0.08741861,0.9748359,0.10596541,0.10596541,1.0,1.4403338e-05,0.0001359249,-27.068878,2.1446817,0.71489394,0.208,0.0,0.1502831,8.119996,8.139997,1308800
hardzero_plus_depr__c0p50__z1p00__lam0p020__nu0p50__psi0p75,hardzero_plus_depr,0.06,36,409,0.0,2,0.08741861,0.08741861,1.058558,0.0,0.08738603,0.0,0.0,0.0001339012,-27.4942,2.328874,0.7762914,0.208,0.0,0.15809815,8.139997,8.159997,1312000
hardzero_plus_depr__c0p50__z1p00__lam0p020__nu0p50__psi0p75,hardzero_plus_depr,0.06,36,410,0.0,2,0.08741861,0.08743254,0.9762531,0.10562019,0.10562019,1.0,1.3932108e-05,0.00013190763,-26.802267,2.1477997,0.71593326,0.24000001,0.0,0.13558298,8.159997,8.179997,1315200
hardzero_plus_depr__c0p50__z1p00__lam0p020__nu0p50__psi0p75,hardzero_plus_depr,0.06,36,411,0.0,2,0.08743254,0.08743254,1.0243735,0.0,0.09454237,0.0,0.0,0.00012994371,-27.575891,2.2536669,0.7512223,0.15200001,0.0,0.13842438,8.179997,8.199998,1318400
hardzero_plus_depr__c0p50__z1p00__lam0p020__nu0p50__psi0p75,hardzero_plus_depr,0.06,36,412,0.0,2,0.08743254,0.087445565,0.9924878,0.1017448,0.1017448,1.0,1.3024259e-05,0.00012800908,-26.4054,2.1835167,0.72783893,0.17600001,0.0,0.11762075,8.199998,8.219998,1321600
hardzero_plus_depr__c0p50__z1p00__lam0p020__nu0p50__psi0p75,hardzero_plus_depr,0.06,36,413,0.0,2,0.087445565,0.087445565,1.0343013,0.0,0.092405684,0.0,0.0,0.00012610323,-27.846062,2.2755082,0.7585027,0.15200001,0.0,0.1493514,8.219998,8.239999,1324800
hardzero_plus_depr__c0p50__z1p00__lam0p020__nu0p50__psi0p75,hardzero_plus_depr,0.06,36,414,0.0,2,0.087445565,0.087445565,1.0127262,0.0,0.09711221,0.0,0.0,0.00012422576,-26.98969,2.2280421,0.7426807,0.16800001,0.0,0.16257787,8.239999,8.259999,1328000
hardzero_plus_depr__c0p50__z1p00__lam0p020__nu0p50__psi0p75,hardzero_plus_depr,0.06,36,415,0.0,2,0.087445565,0.087445565,1.0300678,0.0,0.09331086,0.0,0.0,0.00012237624,-28.023165,2.2661943,0.75539815,0.112,0.0,0.1456809,8.259999,8.28,1331200
hardzero_plus_depr__c0p50__z1p00__lam0p020__nu0p50__psi0p75,hardzero_plus_depr,0.06,36,416,0.0,2,0.087445565,0.087445565,1.0403279,0.0,0.09113224,0.0,0.0,0.00012055424,-28.142014,2.288767,0.7629224,0.099999994,0.0,0.14336158,8.28,8.3,1334400
hardzero_plus_depr__c0p50__z1p00__lam0p020__nu0p50__psi0p75,hardzero_plus_depr,0.06,36,417,0.0,2,0.087445565,0.087445565,1.0012053,0.0,0.09972284,0.0,0.0,0.000118759366,-26.558632,2.2026956,0.7342319,0.18400002,0.0,0.15363118,8.3,8.320001,1337600
hardzero_plus_depr__c0p50__z1p00__lam0p020__nu0p50__psi0p75,hardzero_plus_depr,0.06,36,418,0.0,2,0.087445565,0.08745727,0.99971575,0.10006546,0.10006546,1.0,1.1706783e-05,0.00011699124,-26.968414,2.1994185,0.7331395,0.24000001,0.0,0.12229744,8.320001,8.340001,1340800
hardzero_plus_depr__c0p50__z1p00__lam0p020__nu0p50__psi0p75,hardzero_plus_depr,0.06,36,419,0.0,2,0.08745727,0.08745727,1.0052308,0.0,0.09880278,0.0,0.0,0.00011524943,-27.000652,2.211552,0.737184,0.128,0.0,0.15126346,8.340001,8.360002,1344000
hardzero_plus_depr__c0p50__z1p00__lam0p020__nu0p50__psi0p75,hardzero_plus_depr,0.06,36,420,0.0,2,0.08745727,0.08745727,1.0331393,0.0,0.09265325,0.0,0.0,0.000113533555,-27.350782,2.272952,0.75765073,0.2,0.0,0.1722193,8.360002,8.380002,1347200
hardzero_plus_depr__c0p50__z1p00__lam0p020__nu0p50__psi0p75,hardzero_plus_depr,0.06,36,421,0.0,2,0.08745727,0.08745727,1.0090991,0.0,0.09792664,0.0,0.0,0.00011184323,-27.10061,2.2200625,0.7400209,0.192,0.0,0.170077,8.380002,8.4000025,1350400
hardzero_plus_depr__c0p50__z1p00__lam0p020__nu0p50__psi0p75,hardzero_plus_depr,0.06,36,422,0.0,2,0.08745727,0.08745727,1.0491016,0.0,0.08930966,0.0,0.0,0.00011017805,-27.197954,2.3080695,0.7693565,0.16800001,0.0,0.14830229,8.4000025,8.420003,1353600
hardzero_plus_depr__c0p50__z1p00__lam0p020__nu0p50__psi0p75,hardzero_plus_depr,0.06,36,423,0.0,2,0.08745727,0.08745727,1.0821635,0.0,0.08276307,0.0,0.0,0.00010853767,-28.225399,2.3808072,0.7936024,0.15200001,0.0,0.17385897,8.420003,8.440003,1356800
hardzero_plus_depr__c0p50__z1p00__lam0p020__nu0p50__psi0p75,hardzero_plus_depr,0.06,36,424,0.0,2,0.08745727,0.08745727,1.0526236,0.0,0.088588305,0.0,0.0,0.000106921725,-27.695814,2.3158183,0.77193946,0.15200001,0.0,0.15424223,8.440003,8.460004,1360000
hardzero_plus_depr__c0p50__z1p00__lam0p020__nu0p50__psi0p75,hardzero_plus_depr,0.06,36,425,0.0,2,0.08745727,0.08745727,1.0001872,0.0,0.0999569,0.0,0.0,0.00010532983,-26.24872,2.2004557,0.7334852,0.216,0.0,0.15389623,8.460004,8.480004,1363200
hardzero_plus_depr__c0p50__z1p00__lam0p020__nu0p50__psi0p75,hardzero_plus_depr,0.06,36,426,0.0,2,0.08745727,0.08745727,1.0195875,0.0,0.09559001,0.0,0.0,0.000103761646,-27.099623,2.2431374,0.7477125,0.208,0.0,0.15846045,8.480004,8.500005,1366400
hardzero_plus_depr__c0p50__z1p00__lam0p020__nu0p50__psi0p75,hardzero_plus_depr,0.06,36,427,0.0,2,0.08745727,0.08745727,1.0049136,0.0,0.09887498,0.0,0.0,0.0001022168,-26.95441,2.210854,0.73695135,0.16800001,0.0,0.16299154,8.500005,8.520005,1369600
hardzero_plus_depr__c0p50__z1p00__lam0p020__nu0p50__psi0p75,hardzero_plus_depr,0.06,36,428,0.0,2,0.08745727,0.08745727,1.0968978,0.0,0.08000225,0.0,0.0,0.00010069495,-28.526373,2.4132235,0.80440784,0.15200001,0.0,0.18614304,8.520005,8.540006,1372800
hardzero_plus_depr__c0p50__z1p00__lam0p020__nu0p50__psi0p75,hardzero_plus_depr,0.06,36,429,0.0,2,0.08745727,0.08746794,0.96827894,0.1075774,0.1075774,1.0,1.0671222e-05,9.9195764e-05,-26.416298,2.1302562,0.7100854,0.25,0.01,0.14396021,8.540006,8.560006,1376000
hardzero_plus_depr__c0p50__z1p00__lam0p020__nu0p50__psi0p75,hardzero_plus_depr,0.06,36,430,0.0,2,0.08746794,0.08746794,1.0179805,0.0,0.095944375,0.0,0.0,9.77189e-05,-26.441149,2.2396019,0.746534,0.16000001,0.0,0.15469685,8.560006,8.580007,1379200
hardzero_plus_depr__c0p50__z1p00__lam0p020__nu0p50__psi0p75,hardzero_plus_depr,0.06,36,431,0.0,2,0.08746794,0.08746794,1.0941049,0.0,0.08051839,0.0,0.0,9.6264026e-05,-28.921766,2.4070787,0.8023596,0.112,0.0,0.16964833,8.580007,8.600007,1382400
hardzero_plus_depr__c0p50__z1p00__lam0p020__nu0p50__psi0p75,hardzero_plus_depr,0.06,36,432,0.0,2,0.08746794,0.08746794,1.0438446,0.0,0.09039728,0.0,0.0,9.48308e-05,-27.84374,2.296504,0.7655014,0.16000001,0.0,0.17080559,8.600007,8.6200075,1385600
hardzero_plus_depr__c0p50__z1p00__lam0p020__nu0p50__psi0p75,hardzero_plus_depr,0.06,36,433,0.0,2,0.08746794,0.08746794,1.0515842,0.0,0.08880057,0.0,0.0,9.341892e-05,-28.219118,2.3135316,0.77117723,0.096,0.0,0.16477759,8.6200075,8.640008,1388800
hardzero_plus_depr__c0p50__z1p00__lam0p020__nu0p50__psi0p75,hardzero_plus_depr,0.06,36,434,0.0,2,0.08746794,0.08746794,1.0072322,0.0,0.098348506,0.0,0.0,9.2028065e-05,-27.705488,2.215955,0.7386517,0.15200001,0.0,0.15254235,8.640008,8.660008,1392000
hardzero_plus_depr__c0p50__z1p00__lam0p020__nu0p50__psi0p75,hardzero_plus_depr,0.06,36,435,0.0,2,0.08746794,0.08746794,1.0502136,0.0,0.08908127,0.0,0.0,9.0657915e-05,-28.115303,2.310516,0.77017206,0.136,0.0,0.1593837,8.660008,8.680009,1395200
hardzero_plus_depr__c0p50__z1p00__lam0p020__nu0p50__psi0p75,hardzero_plus_depr,0.06,36,436,0.0,2,0.08746794,0.08746794,1.064747,0.0,0.086149536,0.0,0.0,8.930817e-05,-27.67483,2.3424902,0.7808301,0.120000005,0.0,0.16446549,8.680009,8.700009,1398400
hardzero_plus_depr__c0p50__z1p00__lam0p020__nu0p50__psi0p75,hardzero_plus_depr,0.06,36,437,0.0,2,0.08746794,0.08746794,1.0256919,0.0,0.09425581,0.0,0.0,8.797851e-05,-26.996792,2.2565672,0.7521891,0.17600001,0.0,0.15298775,8.700009,8.72001,1401600
hardzero_plus_depr__c0p50__z1p00__lam0p020__nu0p50__psi0p75,hardzero_plus_depr,0.06,36,438,0.0,2,0.08746794,0.08747736,0.9636779,0.108723186,0.108723186,1.0,9.422892e-06,8.6668646e-05,-26.045124,2.1201336,0.70671123,0.192,0.0,0.1274826,8.72001,8.74001,1404800
hardzero_plus_depr__c0p50__z1p00__lam0p020__nu0p50__psi0p75,hardzero_plus_depr,0.06,36,439,0.0,2,0.08747736,0.08747736,1.0007691,0.0,0.09982306,0.0,0.0,8.537829e-05,-27.150305,2.201736,0.733912,0.18400002,0.0,0.1648724,8.74001,8.760011,1408000
hardzero_plus_depr__c0p50__z1p00__lam0p020__nu0p50__psi0p75,hardzero_plus_depr,0.06,36,440,0.0,2,0.08747736,0.087486185,0.9792074,0.104904145,0.104904145,1.0,8.823189e-06,8.410715e-05,-27.15292,2.1542993,0.7180998,0.15200001,0.0,0.1539625,8.760011,8.780011,1411200
hardzero_plus_depr__c0p50__z1p00__lam0p020__nu0p50__psi0p75,hardzero_plus_depr,0.06,36,441,0.0,2,0.087486185,0.087486185,1.0380574,0.0,0.091609925,0.0,0.0,8.285493e-05,-26.215216,2.283772,0.76125735,0.136,0.0,0.13329062,8.780011,8.800012,1414400
hardzero_plus_depr__c0p50__z1p00__lam0p020__nu0p50__psi0p75,hardzero_plus_depr,0.06,36,442,0.0,2,0.087486185,0.087486185,1.026071,0.0,0.09417356,0.0,0.0,8.162134e-05,-27.578539,2.2574012,0.7524671,0.089999996,0.0,0.15502037,8.800012,8.820012,1417600
hardzero_plus_depr__c0p50__z1p00__lam0p020__nu0p50__psi0p75,hardzero_plus_depr,0.06,36,443,0.0,2,0.087486185,0.08749504,0.9581562,0.1101143,0.1101143,1.0,8.853865e-06,8.0406135e-05,-25.701012,2.1079857,0.70266193,0.15200001,0.0,0.1176385,8.820012,8.840013,1420800
hardzero_plus_depr__c0p50__z1p00__lam0p020__nu0p50__psi0p75,hardzero_plus_depr,0.06,36,444,0.0,2,0.08749504,0.08749504,1.0839834,0.0,0.08241697,0.0,0.0,7.920902e-05,-27.479372,2.3848112,0.7949371,0.112,0.0,0.14658874,8.840013,8.860013,1424000
hardzero_plus_depr__c0p50__z1p00__lam0p020__nu0p50__psi0p75,hardzero_plus_depr,0.06,36,445,0.0,2,0.08749504,0.08749504,1.0310544,0.0,0.09309913,0.0,0.0,7.802973e-05,-26.459084,2.268365,0.75612164,0.16000001,0.0,0.16245449,8.860013,8.880013,1427200
hardzero_plus_depr__c0p50__z1p00__lam0p020__nu0p50__psi0p75,hardzero_plus_depr,0.06,36,446,0.0,2,0.08749504,0.08749504,1.0263817,0.0,0.094106205,0.0,0.0,7.686799e-05,-27.054888,2.258085,0.752695,0.23200001,0.0,0.16432877,8.880013,8.900014,1430400
hardzero_plus_depr__c0p50__z1p00__lam0p020__nu0p50__psi0p75,hardzero_plus_depr,0.06,36,447,0.0,2,0.08749504,0.08749504,1.1031034,0.0,0.07886723,0.0,0.0,7.572355e-05,-28.773418,2.426876,0.8089587,0.14400001,0.0,0.19391124,8.900014,8.920014,1433600
hardzero_plus_depr__c0p50__z1p00__lam0p020__nu0p50__psi0p75,hardzero_plus_depr,0.06,36,448,0.0,2,0.08749504,0.08749504,1.0166353,0.0,0.096242025,0.0,0.0,7.4596144e-05,-27.288715,2.2366424,0.7455475,0.15200001,0.0,0.13113953,8.920014,8.940015,1436800
hardzero_plus_depr__c0p50__z1p00__lam0p020__nu0p50__psi0p75,hardzero_plus_depr,0.06,36,449,0.0,2,0.08749504,0.08749504,1.0121756,0.0,0.09723541,0.0,0.0,7.348553e-05,-26.812641,2.2268307,0.7422769,0.128,0.0,0.13755724,8.940015,8.960015,1440000
hardzero_plus_depr__c0p50__z1p00__lam0p020__nu0p50__psi0p75,hardzero_plus_depr,0.06,36,450,0.0,2,0.08749504,0.08749504,1.0113723,0.0,0.09741541,0.0,0.0,7.239144e-05,-26.854303,2.2250636,0.7416879,0.128,0.0,0.14603686,8.960015,8.980016,1443200
hardzero_plus_depr__c0p50__z1p00__lam0p020__nu0p50__psi0p75,hardzero_plus_depr,0.06,36,451,0.0,2,0.08749504,0.08749504,1.0551581,0.0,0.088072814,0.0,0.0,7.1313654e-05,-27.287573,2.3213942,0.7737981,0.112,0.0,0.1437955,8.980016,9.000016,1446400
hardzero_plus_depr__c0p50__z1p00__lam0p020__nu0p50__psi0p75,hardzero_plus_depr,0.06,36,452,0.0,2,0.08749504,0.08749504,1.0544938,0.0,0.08820763,0.0,0.0,7.025191e-05,-27.78983,2.3199327,0.7733109,0.16800001,0.0,0.17475232,9.000016,9.020017,1449600
hardzero_plus_depr__c0p50__z1p00__lam0p020__nu0p50__psi0p75,hardzero_plus_depr,0.06,36,453,0.0,2,0.08749504,0.08749504,1.0302794,0.0,0.0932654,0.0,0.0,6.920596e-05,-27.831715,2.26666,0.75555336,0.16000001,0.0,0.14654897,9.020017,9.040017,1452800
hardzero_plus_depr__c0p50__z1p00__lam0p020__nu0p50__psi0p75,hardzero_plus_depr,0.06,36,454,0.0,2,0.08749504,0.08749504,1.029141,0.0,0.0935102,0.0,0.0,6.81756e-05,-27.934237,2.2641554,0.7547185,0.15200001,0.0,0.19492885,9.040017,9.060018,1456000
hardzero_plus_depr__c0p50__z1p00__lam0p020__nu0p50__psi0p75,hardzero_plus_depr,0.06,36,455,0.0,2,0.08749504,0.08749504,1.0663586,0.0,0.08583045,0.0,0.0,6.7160574e-05,-27.700243,2.3460357,0.7820119,0.14999999,0.0,0.16236182,9.060018,9.080018,1459200
hardzero_plus_depr__c0p50__z1p00__lam0p020__nu0p50__psi0p75,hardzero_plus_depr,0.06,36,456,0.0,2,0.08749504,0.08749504,1.0416791,0.0,0.09084915,0.0,0.0,6.616066e-05,-27.749899,2.29174,0.76391333,0.136,0.0,0.15135512,9.080018,9.1000185,1462400
hardzero_plus_depr__c0p50__z1p00__lam0p020__nu0p50__psi0p75,hardzero_plus_depr,0.06,36,457,0.0,2,0.08749504,0.08749504,1.0742025,0.0,0.084294155,0.0,0.0,6.5175635e-05,-28.23549,2.3632927,0.78776425,0.112,0.0,0.17160803,9.1000185,9.120019,1465600
hardzero_plus_depr__c0p50__z1p00__lam0p020__nu0p50__psi0p75,hardzero_plus_depr,0.06,36,458,0.0,2,0.08749504,0.087501675,0.9856671,0.10335532,0.10335532,1.0,6.635956e-06,6.420527e-05,-26.786314,2.168511,0.722837,0.136,0.0,0.14990507,9.120019,9.140019,1468800
hardzero_plus_depr__c0p50__z1p00__lam0p020__nu0p50__psi0p75,hardzero_plus_depr,0.06,36,459,0.0,2,0.087501675,0.087501675,1.0721098,0.0,0.084701315,0.0,0.0,6.324937e-05,-27.294323,2.3586886,0.78622955,0.17600001,0.0,0.16842425,9.140019,9.16002,1472000
hardzero_plus_depr__c0p50__z1p00__lam0p020__nu0p50__psi0p75,hardzero_plus_depr,0.06,36,460,0.0,2,0.087501675,0.087501675,1.0278261,0.0,0.09379376,0.0,0.0,6.2307685e-05,-27.02425,2.2612624,0.75375414,0.16000001,0.0,0.13427341,9.16002,9.18002,1475200
hardzero_plus_depr__c0p50__z1p00__lam0p020__nu0p50__psi0p75,hardzero_plus_depr,0.06,36,461,0.0,2,0.087501675,0.087501675,1.0402538,0.0,0.09114781,0.0,0.0,6.138002e-05,-26.9504,2.288604,0.76286805,0.096,0.0,0.15586244,9.18002,9.200021,1478400
hardzero_plus_depr__c0p50__z1p00__lam0p020__nu0p50__psi0p75,hardzero_plus_depr,0.06,36,462,0.0,2,0.087501675,0.087501675,1.0082169,0.0,0.09812579,0.0,0.0,6.046617e-05,-27.047445,2.2181213,0.7393738,0.15200001,0.0,0.16991349,9.200021,9.220021,1481600
hardzero_plus_depr__c0p50__z1p00__lam0p020__nu0p50__psi0p75,hardzero_plus_depr,0.06,36,463,0.0,2,0.087501675,0.08750774,0.9921814,0.101816595,0.101816595,1.0,6.0647994e-06,5.9565922e-05,-27.880404,2.1828427,0.7276143,0.16000001,0.0,0.13651304,9.220021,9.240022,1484800
hardzero_plus_depr__c0p50__z1p00__lam0p020__nu0p50__psi0p75,hardzero_plus_depr,0.06,36,464,0.0,2,0.08750774,0.08750774,1.0349975,0.0,0.092257686,0.0,0.0,5.8679085e-05,-28.423853,2.27704,0.75901335,0.23200001,0.0,0.16451687,9.240022,9.260022,1488000
hardzero_plus_depr__c0p50__z1p00__lam0p020__nu0p50__psi0p75,hardzero_plus_depr,0.06,36,465,0.0,2,0.08750774,0.08751364,0.9909294,0.10211053,0.10211053,1.0,5.9025447e-06,5.7805446e-05,-26.842743,2.1800883,0.72669613,0.16800001,0.0,0.14869694,9.260022,9.280023,1491200
hardzero_plus_depr__c0p50__z1p00__lam0p020__nu0p50__psi0p75,hardzero_plus_depr,0.06,36,466,0.0,2,0.08751364,0.08751942,0.9933918,0.10153322,0.10153322,1.0,5.7817906e-06,5.6944817e-05,-26.340673,2.1855056,0.7285019,0.128,0.0,0.14509155,9.280023,9.300023,1494400
hardzero_plus_depr__c0p50__z1p00__lam0p020__nu0p50__psi0p75,hardzero_plus_depr,0.06,36,467,0.0,2,0.08751942,0.08752541,0.971435,0.10679845,0.10679845,1.0,5.991072e-06,5.6096997e-05,-26.654898,2.1371996,0.7123999,0.224,0.0,0.15503393,9.300023,9.320024,1497600
hardzero_plus_depr__c0p50__z1p00__lam0p020__nu0p50__psi0p75,hardzero_plus_depr,0.06,36,468,0.0,2,0.08752541,0.08752541,1.043606,0.0,0.09044695,0.0,0.0,5.5261804e-05,-27.15764,2.295979,0.7653264,0.13,0.0,0.14066096,9.320024,9.340024,1500800
hardzero_plus_depr__c0p50__z1p00__lam0p020__nu0p50__psi0p75,hardzero_plus_depr,0.06,36,469,0.0,2,0.08752541,0.0875314,0.9585189,0.110022396,0.110022396,1.0,5.9895137e-06,5.4439042e-05,-26.030003,2.1087837,0.70292795,0.16800001,0.0,0.14170603,9.340024,9.360024,1504000
hardzero_plus_depr__c0p50__z1p00__lam0p020__nu0p50__psi0p75,hardzero_plus_depr,0.06,36,470,0.0,2,0.0875314,0.0875314,1.0284021,0.0,0.09366943,0.0,0.0,5.3628533e-05,-27.601515,2.2625299,0.7541766,0.192,0.0,0.16806255,9.360024,9.380025,1507200
hardzero_plus_depr__c0p50__z1p00__lam0p020__nu0p50__psi0p75,hardzero_plus_depr,0.06,36,471,0.0,2,0.0875314,0.08753721,0.9593502,0.109811984,0.109811984,1.0,5.801377e-06,5.283009e-05,-26.408686,2.1106126,0.7035376,0.208,0.0,0.1371426,9.380025,9.400025,1510400
hardzero_plus_depr__c0p50__z1p00__lam0p020__nu0p50__psi0p75,hardzero_plus_depr,0.06,36,472,0.0,2,0.08753721,0.08753721,1.0120082,0.0,0.09727289,0.0,0.0,5.204353e-05,-26.677197,2.2264626,0.74215424,0.216,0.0,0.1442624,9.400025,9.420026,1513600
hardzero_plus_depr__c0p50__z1p00__lam0p020__nu0p50__psi0p75,hardzero_plus_depr,0.06,36,473,0.0,2,0.08753721,0.08753721,1.0238764,0.0,0.09465065,0.0,0.0,5.126869e-05,-28.13724,2.2525733,0.7508578,0.15200001,0.0,0.16174747,9.420026,9.440026,1516800
hardzero_plus_depr__c0p50__z1p00__lam0p020__nu0p50__psi0p75,hardzero_plus_depr,0.06,36,474,0.0,2,0.08753721,0.08753721,1.0124159,0.0,0.09718162,0.0,0.0,5.050538e-05,-27.466486,2.2273593,0.7424531,0.18400002,0.0,0.15712978,9.440026,9.460027,1520000
hardzero_plus_depr__c0p50__z1p00__lam0p020__nu0p50__psi0p75,hardzero_plus_depr,0.06,36,475,0.0,2,0.08753721,0.08753721,1.0491964,0.0,0.089290164,0.0,0.0,4.975344e-05,-28.32531,2.308278,0.76942605,0.120000005,0.0,0.13148132,9.460027,9.480027,1523200
hardzero_plus_depr__c0p50__z1p00__lam0p020__nu0p50__psi0p75,hardzero_plus_depr,0.06,36,476,0.0,2,0.08753721,0.08753721,1.0210332,0.0,0.09527234,0.0,0.0,4.9012688e-05,-26.938658,2.2463179,0.7487726,0.16800001,0.0,0.16618745,9.480027,9.500028,1526400
hardzero_plus_depr__c0p50__z1p00__lam0p020__nu0p50__psi0p75,hardzero_plus_depr,0.06,36,477,0.0,2,0.08753721,0.08753721,1.0286802,0.0,0.09360947,0.0,0.0,4.8282964e-05,-27.0166,2.2631416,0.7543806,0.136,0.0,0.160749,9.500028,9.520028,1529600
hardzero_plus_depr__c0p50__z1p00__lam0p020__nu0p50__psi0p75,hardzero_plus_depr,0.06,36,478,0.0,2,0.08753721,0.08753721,1.0676452,0.0,0.08557655,0.0,0.0,4.756411e-05,-28.297491,2.3488662,0.7829554,0.08800001,0.0,0.17462875,9.520028,9.540029,1532800
hardzero_plus_depr__c0p50__z1p00__lam0p020__nu0p50__psi0p75,hardzero_plus_depr,0.06,36,479,0.0,2,0.08753721,0.08754244,0.95211726,0.111656174,0.111656174,1.0,5.2317573e-06,4.685596e-05,-25.785217,2.0946999,0.6982333,0.136,0.0,0.13072576,9.540029,9.560029,1536000
hardzero_plus_depr__c0p50__z1p00__lam0p020__nu0p50__psi0p75,hardzero_plus_depr,0.06,36,480,0.0,2,0.08754244,0.08754244,1.0272663,0.0,0.09391472,0.0,0.0,4.615835e-05,-27.441357,2.260031,0.7533437,0.16000001,0.0,0.14962985,9.560029,9.5800295,1539200
hardzero_plus_depr__c0p50__z1p00__lam0p020__nu0p50__psi0p75,hardzero_plus_depr,0.06,36,481,0.0,2,0.08754244,0.08754244,1.0084205,0.0,0.09807978,0.0,0.0,4.5471126e-05,-26.242134,2.2185693,0.7395231,0.14999999,0.0,0.12556829,9.5800295,9.60003,1542400
hardzero_plus_depr__c0p50__z1p00__lam0p020__nu0p50__psi0p75,hardzero_plus_depr,0.06,36,482,0.0,2,0.08754244,0.08754244,1.0282103,0.0,0.0937108,0.0,0.0,4.479413e-05,-27.221235,2.2621078,0.75403595,0.17600001,0.0,0.15613025,9.60003,9.62003,1545600
hardzero_plus_depr__c0p50__z1p00__lam0p020__nu0p50__psi0p75,hardzero_plus_depr,0.06,36,483,0.0,2,0.08754244,0.08754244,1.0304129,0.0,0.09323674,0.0,0.0,4.4127217e-05,-27.900099,2.2669537,0.75565124,0.096,0.0,0.15613969,9.62003,9.640031,1548800
hardzero_plus_depr__c0p50__z1p00__lam0p020__nu0p50__psi0p75,hardzero_plus_depr,0.06,36,484,0.0,2,0.08754244,0.08754244,1.0039093,0.0,0.09910389,0.0,0.0,4.3470234e-05,-27.089622,2.2086446,0.7362149,0.2,0.0,0.15294996,9.640031,9.660031,1552000
hardzero_plus_depr__c0p50__z1p00__lam0p020__nu0p50__psi0p75,hardzero_plus_depr,0.06,36,485,0.0,2,0.08754244,0.08754244,1.0667971,0.0,0.085743815,0.0,0.0,4.2823034e-05,-27.962763,2.3470006,0.78233355,0.096,0.0,0.1554298,9.660031,9.680032,1555200
hardzero_plus_depr__c0p50__z1p00__lam0p020__nu0p50__psi0p75,hardzero_plus_depr,0.06,36,486,0.0,2,0.08754244,0.08754244,1.0738593,0.0,0.0843608,0.0,0.0,4.2185467e-05,-28.379446,2.3625376,0.78751254,0.128,0.0,0.16717716,9.680032,9.700032,1558400
hardzero_plus_depr__c0p50__z1p00__lam0p020__nu0p50__psi0p75,hardzero_plus_depr,0.06,36,487,0.0,2,0.08754244,0.08754244,1.0277402,0.0,0.093812294,0.0,0.0,4.1557392e-05,-27.432549,2.2610736,0.7536912,0.17600001,0.0,0.16806933,9.700032,9.720033,1561600
hardzero_plus_depr__c0p50__z1p00__lam0p020__nu0p50__psi0p75,hardzero_plus_depr,0.06,36,488,0.0,2,0.08754244,0.08754244,1.0339476,0.0,0.09248097,0.0,0.0,4.0938667e-05,-27.36022,2.2747302,0.75824344,0.128,0.0,0.13678679,9.720033,9.740033,1564800
hardzero_plus_depr__c0p50__z1p00__lam0p020__nu0p50__psi0p75,hardzero_plus_depr,0.06,36,489,0.0,2,0.08754244,0.087546505,0.9958713,0.1009552,0.1009552,1.0,4.0714385e-06,4.032916e-05,-26.656683,2.1909606,0.7303202,0.104,0.0,0.13609879,9.740033,9.760034,1568000
hardzero_plus_depr__c0p50__z1p00__lam0p020__nu0p50__psi0p75,hardzero_plus_depr,0.06,36,490,0.0,2,0.087546505,0.087546505,1.048579,0.0,0.08941719,0.0,0.0,3.972872e-05,-27.529774,2.3069198,0.7689733,0.112,0.0,0.13902782,9.760034,9.780034,1571200
hardzero_plus_depr__c0p50__z1p00__lam0p020__nu0p50__psi0p75,hardzero_plus_depr,0.06,36,491,0.0,2,0.087546505,0.087546505,1.0249956,0.0,0.094407044,0.0,0.0,3.9137223e-05,-26.606575,2.2550352,0.7516784,0.16000001,0.0,0.14008273,9.780034,9.8000345,1574400
hardzero_plus_depr__c0p50__z1p00__lam0p020__nu0p50__psi0p75,hardzero_plus_depr,0.06,36,492,0.0,2,0.087546505,0.087550454,0.9893418,0.102484494,0.102484494,1.0,3.9512415e-06,3.855453e-05,-26.932997,2.1765954,0.7255318,0.136,0.0,0.14648807,9.8000345,9.820035,1577600
hardzero_plus_depr__c0p50__z1p00__lam0p020__nu0p50__psi0p75,hardzero_plus_depr,0.06,36,493,0.0,2,0.087550454,0.087550454,1.0415562,0.0,0.090874866,0.0,0.0,3.798052e-05,-27.708517,2.2914696,0.7638232,0.136,0.0,0.15771942,9.820035,9.840035,1580800
hardzero_plus_depr__c0p50__z1p00__lam0p020__nu0p50__psi0p75,hardzero_plus_depr,0.06,36,494,0.0,2,0.087550454,0.087550454,1.0061505,0.0,0.09859377,0.0,0.0,3.741505e-05,-26.33177,2.2135754,0.7378585,0.19999999,0.0,0.1319279,9.840035,9.860036,1584000
hardzero_plus_depr__c0p50__z1p00__lam0p020__nu0p50__psi0p75,hardzero_plus_depr,0.06,36,495,0.0,2,0.087550454,0.087550454,1.0698965,0.0,0.0851341,0.0,0.0,3.6857997e-05,-27.887625,2.3538191,0.7846064,0.080000006,0.0,0.18518423,9.860036,9.880036,1587200
hardzero_plus_depr__c0p50__z1p00__lam0p020__nu0p50__psi0p75,hardzero_plus_depr,0.06,36,496,0.0,2,0.087550454,0.087550454,1.0154741,0.0,0.09649968,0.0,0.0,3.630924e-05,-27.646496,2.2340877,0.7446959,0.192,0.0,0.13775012,9.880036,9.900037,1590400
hardzero_plus_depr__c0p50__z1p00__lam0p020__nu0p50__psi0p75,hardzero_plus_depr,0.06,36,497,0.0,2,0.087550454,0.087550454,1.0527481,0.0,0.08856292,0.0,0.0,3.576866e-05,-27.375374,2.316092,0.7720307,0.224,0.0,0.14970227,9.900037,9.920037,1593600
hardzero_plus_depr__c0p50__z1p00__lam0p020__nu0p50__psi0p75,hardzero_plus_depr,0.06,36,498,0.0,2,0.087550454,0.087550454,1.0834783,0.0,0.08251286,0.0,0.0,3.523612e-05,-28.45938,2.3837,0.79456663,0.104,0.0,0.18250437,9.920037,9.940038,1596800
hardzero_plus_depr__c0p50__z1p00__lam0p020__nu0p50__psi0p75,hardzero_plus_depr,0.06,36,499,0.0,2,0.087550454,0.087550454,1.0339606,0.0,0.0924782,0.0,0.0,3.471151e-05,-27.936443,2.2747586,0.75825286,0.136,0.0,0.15225075,9.940038,9.960038,1600000
hardzero_plus_depr__c0p50__z1p00__lam0p020__nu0p50__psi0p75,hardzero_plus_depr,0.06,36,500,0.0,2,0.087550454,0.087550454,1.0372398,0.0,0.09178257,0.0,0.0,3.4194705e-05,-28.141615,2.2819731,0.7606577,0.136,0.0,0.15006375,9.960038,9.980039,1603200
hardzero_plus_depr__c0p50__z1p00__lam0p020__nu0p50__psi0p75,hardzero_plus_depr,0.06,36,501,0.0,2,0.087550454,0.087550454,1.0589633,0.0,0.08730451,0.0,0.0,3.3685603e-05,-28.216757,2.3297658,0.7765886,0.17600001,0.0,0.15373546,9.980039,10.000039,1606400
hardzero_plus_depr__c0p50__z1p00__lam0p020__nu0p50__psi0p75,hardzero_plus_depr,0.06,36,502,0.0,2,0.087550454,0.087550454,1.0503337,0.0,0.08905664,0.0,0.0,3.318408e-05,-27.153732,2.3107803,0.7702601,0.128,0.0,0.14990614,10.000039,10.02004,1609600
hardzero_plus_depr__c0p50__z1p00__lam0p020__nu0p50__psi0p75,hardzero_plus_depr,0.06,36,503,0.0,2,0.087550454,0.087550454,1.049642,0.0,0.089198604,0.0,0.0,3.2690023e-05,-27.868715,2.3092585,0.76975286,0.096,0.0,0.16287404,10.02004,10.04004,1612800
hardzero_plus_depr__c0p50__z1p00__lam0p020__nu0p50__psi0p75,hardzero_plus_depr,0.06,36,504,0.0,2,0.087550454,0.08755369,0.99817485,0.10042114,0.10042114,1.0,3.233894e-06,3.220332e-05,-27.131413,2.1960285,0.73200953,0.15200001,0.008,0.14179532,10.04004,10.06004,1616000
hardzero_plus_depr__c0p50__z1p00__lam0p020__nu0p50__psi0p75,hardzero_plus_depr,0.06,36,505,0.0,2,0.08755369,0.08755369,1.0115863,0.0,0.09736741,0.0,0.0,3.1723866e-05,-27.11122,2.2255344,0.74184483,0.18400002,0.0,0.14829923,10.06004,10.080041,1619200
hardzero_plus_depr__c0p50__z1p00__lam0p020__nu0p50__psi0p75,hardzero_plus_depr,0.06,36,506,0.0,2,0.08755369,0.08755369,1.0333859,0.0,0.09260067,0.0,0.0,3.1251548e-05,-27.357006,2.2734942,0.75783145,0.15200001,0.0,0.15553068,10.080041,10.100041,1622400
hardzero_plus_depr__c0p50__z1p00__lam0p020__nu0p50__psi0p75,hardzero_plus_depr,0.06,36,507,0.0,2,0.08755369,0.08755369,1.0021161,0.0,0.099513926,0.0,0.0,3.078626e-05,-27.424042,2.2046993,0.73489976,0.21,0.0,0.15570135,10.100041,10.120042,1625600
hardzero_plus_depr__c0p50__z1p00__lam0p020__nu0p50__psi0p75,hardzero_plus_depr,0.06,36,508,0.0,2,0.08755369,0.08755369,1.0053197,0.0,0.09878257,0.0,0.0,3.0327905e-05,-27.063564,2.2117476,0.73724926,0.18400002,0.0,0.15925895,10.120042,10.140042,1628800
hardzero_plus_depr__c0p50__z1p00__lam0p020__nu0p50__psi0p75,hardzero_plus_depr,0.06,36,509,0.0,2,0.08755369,0.08755369,1.0340171,0.0,0.092466176,0.0,0.0,2.9876372e-05,-28.628185,2.274883,0.75829434,0.16000001,0.0,0.15184233,10.140042,10.160043,1632000
hardzero_plus_depr__c0p50__z1p00__lam0p020__nu0p50__psi0p75,hardzero_plus_depr,0.06,36,510,0.0,2,0.08755369,0.08755668,0.99290437,0.10164726,0.10164726,1.0,2.991637e-06,2.9431558e-05,-26.59836,2.1844332,0.7281444,0.15200001,0.008,0.13686472,10.160043,10.180043,1635200
hardzero_plus_depr__c0p50__z1p00__lam0p020__nu0p50__psi0p75,hardzero_plus_depr,0.06,36,511,0.0,2,0.08755668,0.08755668,1.0322851,0.0,0.09283567,0.0,0.0,2.899337e-05,-27.841763,2.2710726,0.7570242,0.14400001,0.0,0.15346569,10.180043,10.200044,1638400
hardzero_plus_depr__c0p50__z1p00__lam0p020__nu0p50__psi0p75,hardzero_plus_depr,0.06,36,512,0.0,2,0.08755668,0.08755955,0.9977959,0.10050881,0.10050881,1.0,2.870703e-06,2.8561704e-05,-26.332994,2.1951947,0.7317316,0.16000001,0.0,0.11502335,10.200044,10.220044,1641600
hardzero_plus_depr__c0p50__z1p00__lam0p020__nu0p50__psi0p75,hardzero_plus_depr,0.06,36,513,0.0,2,0.08755955,0.08756242,0.9916304,0.10194586,0.10194586,1.0,2.8683962e-06,2.8136466e-05,-26.810669,2.1816304,0.72721016,0.18400002,0.0,0.14971866,10.220044,10.240045,1644800
hardzero_plus_depr__c0p50__z1p00__lam0p020__nu0p50__psi0p75,hardzero_plus_depr,0.06,36,514,0.0,2,0.08756242,0.08756242,1.0391583,0.0,0.091378,0.0,0.0,2.771756e-05,-27.165924,2.286194,0.7620647,0.14400001,0.0,0.1548854,10.240045,10.260045,1648000
hardzero_plus_depr__c0p50__z1p00__lam0p020__nu0p50__psi0p75,hardzero_plus_depr,0.06,36,515,0.0,2,0.08756242,0.08756242,1.1023923,0.0,0.07899646,0.0,0.0,2.730489e-05,-28.658615,2.4253116,0.8084372,0.14400001,0.0,0.17635567,10.260045,10.2800455,1651200
hardzero_plus_depr__c0p50__z1p00__lam0p020__nu0p50__psi0p75,hardzero_plus_depr,0.06,36,516,0.0,2,0.08756242,0.08756242,1.0455408,0.0,0.09004492,0.0,0.0,2.6898364e-05,-28.619312,2.3002357,0.76674527,0.192,0.0,0.16941462,10.2800455,10.300046,1654400
hardzero_plus_depr__c0p50__z1p00__lam0p020__nu0p50__psi0p75,hardzero_plus_depr,0.06,36,517,0.0,2,0.08756242,0.08756242,1.0622971,0.0,0.0866369,0.0,0.0,2.649789e-05,-28.621008,2.3371003,0.7790334,0.15200001,0.0,0.16056636,10.300046,10.320046,1657600
hardzero_plus_depr__c0p50__z1p00__lam0p020__nu0p50__psi0p75,hardzero_plus_depr,0.06,36,518,0.0,2,0.08756242,0.08756242,1.0251721,0.0,0.094368674,0.0,0.0,2.610338e-05,-27.954956,2.2554238,0.7518079,0.16800001,0.0,0.17535701,10.320046,10.340047,1660800
hardzero_plus_depr__c0p50__z1p00__lam0p020__nu0p50__psi0p75,hardzero_plus_depr,0.06,36,519,0.0,2,0.08756242,0.08756242,1.0675433,0.0,0.08559664,0.0,0.0,2.5714742e-05,-27.43309,2.348642,0.7828807,0.15200001,0.0,0.14323494,10.340047,10.360047,1664000
hardzero_plus_depr__c0p50__z1p00__lam0p020__nu0p50__psi0p75,hardzero_plus_depr,0.06,36,520,0.0,2,0.08756242,0.08756242,1.1104109,0.0,0.0775513,0.0,0.0,2.533189e-05,-29.094618,2.4429529,0.81431764,0.13,0.0,0.16156068,10.360047,10.380048,1667200
hardzero_plus_depr__c0p50__z1p00__lam0p020__nu0p50__psi0p75,hardzero_plus_depr,0.06,36,521,0.0,2,0.08756242,0.08756503,0.98096436,0.10448059,0.10448059,1.0,2.6072855e-06,2.4954737e-05,-26.850712,2.1581647,0.71938825,0.16800001,0.0,0.1454543,10.380048,10.400048,1670400
hardzero_plus_depr__c0p50__z1p00__lam0p020__nu0p50__psi0p75,hardzero_plus_depr,0.06,36,522,0.0,2,0.08756503,0.08756503,1.0138339,0.0,0.09686483,0.0,0.0,2.4583203e-05,-26.832006,2.230479,0.743493,0.16800001,0.0,0.1514562,10.400048,10.420049,1673600
hardzero_plus_depr__c0p50__z1p00__lam0p020__nu0p50__psi0p75,hardzero_plus_depr,0.06,36,523,0.0,2,0.08756503,0.08756503,1.0748683,0.0,0.08416502,0.0,0.0,2.42172e-05,-26.840197,2.3647575,0.78825253,0.128,0.0,0.16457322,10.420049,10.440049,1676800
hardzero_plus_depr__c0p50__z1p00__lam0p020__nu0p50__psi0p75,hardzero_plus_depr,0.06,36,524,0.0,2,0.08756503,0.08756503,1.0503598,0.0,0.08905129,0.0,0.0,2.3856644e-05,-27.173128,2.3108377,0.7702793,0.17600001,0.0,0.15801227,10.440049,10.46005,1680000
hardzero_plus_depr__c0p50__z1p00__lam0p020__nu0p50__psi0p75,hardzero_plus_depr,0.06,36,525,0.0,2,0.08756503,0.08756503,1.0206478,0.0,0.09535691,0.0,0.0,2.3501456e-05,-27.004786,2.24547,0.74849004,0.16000001,0.0,0.14511561,10.46005,10.48005,1683200
hardzero_plus_depr__c0p50__z1p00__lam0p020__nu0p50__psi0p75,hardzero_plus_depr,0.06,36,526,0.0,2,0.08756503,0.08756503,1.0104852,0.0,0.0976146,0.0,0.0,2.3151557e-05,-26.94554,2.2231119,0.7410373,0.15200001,0.0,0.14371522,10.48005,10.500051,1686400
hardzero_plus_depr__c0p50__z1p00__lam0p020__nu0p50__psi0p75,hardzero_plus_depr,0.06,36,527,0.0,2,0.08756503,0.08756503,1.0480919,0.0,0.089517534,0.0,0.0,2.2806867e-05,-28.197752,2.3058481,0.7686161,0.16000001,0.0,0.1477633,10.500051,10.520051,1689600
hardzero_plus_depr__c0p50__z1p00__lam0p020__nu0p50__psi0p75,hardzero_plus_depr,0.06,36,528,0.0,2,0.08756503,0.08756503,1.0108546,0.0,0.0975316,0.0,0.0,2.246731e-05,-27.453688,2.2239246,0.7413082,0.15200001,0.0,0.15421173,10.520051,10.540051,1692800
hardzero_plus_depr__c0p50__z1p00__lam0p020__nu0p50__psi0p75,hardzero_plus_depr,0.06,36,529,0.0,2,0.08756503,0.087567404,0.9697171,0.10722176,0.10722176,1.0,2.3731186e-06,2.2132808e-05,-25.633516,2.1334202,0.7111401,0.104,0.0,0.11964806,10.540051,10.560052,1696000
hardzero_plus_depr__c0p50__z1p00__lam0p020__nu0p50__psi0p75,hardzero_plus_depr,0.06,36,530,0.0,2,0.087567404,0.087567404,1.0660107,0.0,0.08589924,0.0,0.0,2.1803284e-05,-28.195778,2.3452704,0.7817568,0.16000001,0.0,0.1326209,10.560052,10.580052,1699200
hardzero_plus_depr__c0p50__z1p00__lam0p020__nu0p50__psi0p75,hardzero_plus_depr,0.06,36,531,0.0,2,0.087567404,0.087567404,1.0473808,0.0,0.08966421,0.0,0.0,2.1478669e-05,-28.193893,2.3042839,0.76809466,0.16800001,0.0,0.15353069,10.580052,10.600053,1702400
hardzero_plus_depr__c0p50__z1p00__lam0p020__nu0p50__psi0p75,hardzero_plus_depr,0.06,36,532,0.0,2,0.087567404,0.087567404,1.0322462,0.0,0.09284397,0.0,0.0,2.1158885e-05,-27.357283,2.270987,0.7569957,0.16800001,0.0,0.12456314,10.600053,10.620053,1705600
hardzero_plus_depr__c0p50__z1p00__lam0p020__nu0p50__psi0p75,hardzero_plus_depr,0.06,36,533,0.0,2,0.087567404,0.087567404,1.0850123,0.0,0.082221925,0.0,0.0,2.0843865e-05,-28.29824,2.3870747,0.7956916,0.12,0.0,0.13761829,10.620053,10.640054,1708800
hardzero_plus_depr__c0p50__z1p00__lam0p020__nu0p50__psi0p75,hardzero_plus_depr,0.06,36,534,0.0,2,0.087567404,0.087567404,1.0421757,0.0,0.09074533,0.0,0.0,2.0533533e-05,-27.514149,2.2928321,0.7642774,0.136,0.0,0.14974566,10.640054,10.660054,1712000
hardzero_plus_depr__c0p50__z1p00__lam0p020__nu0p50__psi0p75,hardzero_plus_depr,0.06,36,535,0.0,2,0.087567404,0.087567404,1.037599,0.0,0.09170669,0.0,0.0,2.0227819e-05,-27.658014,2.2827632,0.7609211,0.112,0.0,0.15837836,10.660054,10.680055,1715200
hardzero_plus_depr__c0p50__z1p00__lam0p020__nu0p50__psi0p75,hardzero_plus_depr,0.06,36,536,0.0,2,0.087567404,0.08756941,0.9973788,0.100605376,0.100605376,1.0,2.0047294e-06,1.9926661e-05,-26.301407,2.1942773,0.73142576,0.17600001,0.0,0.1560554,10.680055,10.700055,1718400
hardzero_plus_depr__c0p50__z1p00__lam0p020__nu0p50__psi0p75,hardzero_plus_depr,0.06,36,537,0.0,2,0.08756941,0.08756941,1.0405142,0.0,0.09109316,0.0,0.0,1.9629986e-05,-27.885427,2.289177,0.763059,0.17600001,0.0,0.17682698,10.700055,10.720056,1721600
hardzero_plus_depr__c0p50__z1p00__lam0p020__nu0p50__psi0p75,hardzero_plus_depr,0.06,36,538,0.0,2,0.08756941,0.08756941,1.0797554,0.0,0.08322324,0.0,0.0,1.9337725e-05,-27.77356,2.3755093,0.79183644,0.136,0.0,0.14857592,10.720056,10.740056,1724800
hardzero_plus_depr__c0p50__z1p00__lam0p020__nu0p50__psi0p75,hardzero_plus_depr,0.06,36,539,0.0,2,0.08756941,0.08756941,1.0290163,0.0,0.09353705,0.0,0.0,1.9049818e-05,-27.482477,2.263881,0.754627,0.16000001,0.0,0.15635256,10.740056,10.7600565,1728000
hardzero_plus_depr__c0p50__z1p00__lam0p020__nu0p50__psi0p75,hardzero_plus_depr,0.06,36,540,0.0,2,0.08756941,0.087571494,0.9546475,0.11100755,0.11100755,1.0,2.0831897e-06,1.8766197e-05,-26.574142,2.1002665,0.70008886,0.24800001,0.0,0.1335406,10.7600565,10.780057,1731200
hardzero_plus_depr__c0p50__z1p00__lam0p020__nu0p50__psi0p75,hardzero_plus_depr,0.06,36,541,0.0,2,0.087571494,0.087571494,1.0246941,0.0,0.09447261,0.0,0.0,1.8486799e-05,-27.224201,2.254372,0.75145733,0.14400001,0.0,0.12246196,10.780057,10.800057,1734400
hardzero_plus_depr__c0p50__z1p00__lam0p020__nu0p50__psi0p75,hardzero_plus_depr,0.06,36,542,0.0,2,0.087571494,0.08757335,0.9915301,0.101969406,0.101969406,1.0,1.857022e-06,1.821156e-05,-26.44659,2.1814098,0.7271366,0.192,0.0,0.15390337,10.800057,10.820058,1737600
hardzero_plus_depr__c0p50__z1p00__lam0p020__nu0p50__psi0p75,hardzero_plus_depr,0.06,36,543,0.0,2,0.08757335,0.08757335,1.0260875,0.0,0.09416997,0.0,0.0,1.794042e-05,-27.101034,2.2574377,0.75247926,0.16800001,0.0,0.14186679,10.820058,10.840058,1740800
hardzero_plus_depr__c0p50__z1p00__lam0p020__nu0p50__psi0p75,hardzero_plus_depr,0.06,36,544,0.0,2,0.08757335,0.08757533,0.9506684,0.1120293,0.1120293,1.0,1.979929e-06,1.7673314e-05,-26.384853,2.0915122,0.69717073,0.216,0.0,0.1420195,10.840058,10.860059,1744000
hardzero_plus_depr__c0p50__z1p00__lam0p020__nu0p50__psi0p75,hardzero_plus_depr,0.06,36,545,0.0,2,0.08757533,0.08757533,1.0409251,0.0,0.091007024,0.0,0.0,1.7410186e-05,-27.332535,2.290081,0.7633604,0.14400001,0.0,0.14460315,10.860059,10.880059,1747200
hardzero_plus_depr__c0p50__z1p00__lam0p020__nu0p50__psi0p75,hardzero_plus_depr,0.06,36,546,0.0,2,0.08757533,0.08757533,1.065457,0.0,0.08600881,0.0,0.0,1.7150976e-05,-26.886936,2.344052,0.78135073,0.12,0.0,0.13522439,10.880059,10.90006,1750400
hardzero_plus_depr__c0p50__z1p00__lam0p020__nu0p50__psi0p75,hardzero_plus_depr,0.06,36,547,0.0,2,0.08757533,0.08757533,1.0038334,0.0,0.09912121,0.0,0.0,1.6895627e-05,-27.175838,2.2084777,0.73615927,0.208,0.0,0.14660785,10.90006,10.92006,1753600
hardzero_plus_depr__c0p50__z1p00__lam0p020__nu0p50__psi0p75,hardzero_plus_depr,0.06,36,548,0.0,2,0.08757533,0.08757701,0.99765813,0.10054069,0.10054069,1.0,1.6734069e-06,1.6644077e-05,-27.498817,2.1948917,0.73163056,0.112,0.0,0.1485337,10.92006,10.940061,1756800
hardzero_plus_depr__c0p50__z1p00__lam0p020__nu0p50__psi0p75,hardzero_plus_depr,0.06,36,549,0.0,2,0.08757701,0.08757701,1.0298365,0.0,0.09336055,0.0,0.0,1.6396276e-05,-27.59279,2.2656856,0.7552285,0.216,0.0,0.19985652,10.940061,10.960061,1760000
hardzero_plus_depr__c0p50__z1p00__lam0p020__nu0p50__psi0p75,hardzero_plus_depr,0.06,36,550,0.0,2,0.08757701,0.08757866,0.9903218,0.10225348,0.10225348,1.0,1.6516144e-06,1.6152158e-05,-26.89986,2.1787515,0.7262505,0.14400001,0.0,0.15306263,10.960061,10.980062,1763200
hardzero_plus_depr__c0p50__z1p00__lam0p020__nu0p50__psi0p75,hardzero_plus_depr,0.06,36,551,0.0,2,0.08757866,0.08757866,1.0238241,0.0,0.09466205,0.0,0.0,1.591168e-05,-28.075779,2.2524579,0.7508193,0.15200001,0.0,0.16791677,10.980062,11.000062,1766400
hardzero_plus_depr__c0p50__z1p00__lam0p020__nu0p50__psi0p75,hardzero_plus_depr,0.06,36,552,0.0,2,0.08757866,0.08758031,0.9792967,0.10488256,0.10488256,1.0,1.6440111e-06,1.5674781e-05,-26.573378,2.1544957,0.7181653,0.2,0.0,0.14729972,11.000062,11.020062,1769600
hardzero_plus_depr__c0p50__z1p00__lam0p020__nu0p50__psi0p75,hardzero_plus_depr,0.06,36,553,0.0,2,0.08758031,0.08758031,1.0271653,0.0,0.09393658,0.0,0.0,1.5441408e-05,-26.93915,2.2598088,0.7532696,0.128,0.0,0.1315571,11.020062,11.040063,1772800
hardzero_plus_depr__c0p50__z1p00__lam0p020__nu0p50__psi0p75,hardzero_plus_depr,0.06,36,554,0.0,2,0.08758031,0.08758031,1.0348281,0.0,0.09229368,0.0,0.0,1.5211509e-05,-27.745308,2.276667,0.7588891,0.120000005,0.0,0.14096569,11.040063,11.060063,1776000
hardzero_plus_depr__c0p50__z1p00__lam0p020__nu0p50__psi0p75,hardzero_plus_depr,0.06,36,555,0.0,2,0.08758031,0.08758031,1.0244062,0.0,0.09453525,0.0,0.0,1.4985035e-05,-28.070898,2.2537386,0.7512462,0.192,0.0,0.15701184,11.060063,11.080064,1779200
hardzero_plus_depr__c0p50__z1p00__lam0p020__nu0p50__psi0p75,hardzero_plus_depr,0.06,36,556,0.0,2,0.08758031,0.08758181,0.991071,0.10207725,0.10207725,1.0,1.5068575e-06,1.4761933e-05,-26.785883,2.1803997,0.7267999,0.16800001,0.0,0.14529474,11.080064,11.100064,1782400
hardzero_plus_depr__c0p50__z1p00__lam0p020__nu0p50__psi0p75,hardzero_plus_depr,0.06,36,557,0.0,2,0.08758181,0.08758181,1.0390382,0.0,0.091403276,0.0,0.0,1.454215e-05,-28.214546,2.2859297,0.7619766,0.128,0.0,0.14414464,11.100064,11.120065,1785600
hardzero_plus_depr__c0p50__z1p00__lam0p020__nu0p50__psi0p75,hardzero_plus_depr,0.06,36,558,0.0,2,0.08758181,0.08758181,1.0104195,0.0,0.09762937,0.0,0.0,1.4325641e-05,-27.702988,2.2229671,0.7409891,0.112,0.0,0.16729766,11.120065,11.140065,1788800
hardzero_plus_depr__c0p50__z1p00__lam0p020__nu0p50__psi0p75,hardzero_plus_depr,0.06,36,559,0.0,2,0.08758181,0.08758181,1.0537761,0.0,0.08835352,0.0,0.0,1.41123555e-05,-28.830214,2.318354,0.77278465,0.13,0.0,0.18791471,11.140065,11.160066,1792000
hardzero_plus_depr__c0p50__z1p00__lam0p020__nu0p50__psi0p75,hardzero_plus_depr,0.06,36,560,0.0,2,0.08758181,0.08758181,1.0689532,0.0,0.085319206,0.0,0.0,1.3902244e-05,-28.202103,2.351744,0.7839147,0.192,0.0,0.16016838,11.160066,11.180066,1795200
hardzero_plus_depr__c0p50__z1p00__lam0p020__nu0p50__psi0p75,hardzero_plus_depr,0.06,36,561,0.0,2,0.08758181,0.08758181,1.0225003,0.0,0.09495103,0.0,0.0,1.3695263e-05,-27.074127,2.2495456,0.74984854,0.16000001,0.0,0.16592093,11.180066,11.200067,1798400
hardzero_plus_depr__c0p50__z1p00__lam0p020__nu0p50__psi0p75,hardzero_plus_depr,0.06,36,562,0.0,2,0.08758181,0.08758181,1.0310766,0.0,0.09309438,0.0,0.0,1.3491362e-05,-27.866806,2.2684138,0.75613797,0.112,0.0,0.15461192,11.200067,11.220067,1801600
hardzero_plus_depr__c0p50__z1p00__lam0p020__nu0p50__psi0p75,hardzero_plus_depr,0.06,36,563,0.0,2,0.08758181,0.08758317,0.9909448,0.10210693,0.10210693,1.0,1.3570519e-06,1.3290498e-05,-26.901587,2.1801221,0.7267074,0.216,0.0,0.1344398,11.220067,11.2400675,1804800
hardzero_plus_depr__c0p50__z1p00__lam0p020__nu0p50__psi0p75,hardzero_plus_depr,0.06,36,564,0.0,2,0.08758317,0.08758317,1.0266684,0.0,0.0940441,0.0,0.0,1.3092624e-05,-26.879564,2.2587156,0.75290525,0.18400002,0.0,0.1455129,11.2400675,11.260068,1808000
hardzero_plus_depr__c0p50__z1p00__lam0p020__nu0p50__psi0p75,hardzero_plus_depr,0.06,36,565,0.0,2,0.08758317,0.08758317,1.0192592,0.0,0.09566228,0.0,0.0,1.2897694e-05,-27.092276,2.242415,0.7474717,0.120000005,0.0,0.16038534,11.260068,11.280068,1811200
hardzero_plus_depr__c0p50__z1p00__lam0p020__nu0p50__psi0p75,hardzero_plus_depr,0.06,36,566,0.0,2,0.08758317,0.08758317,1.0005485,0.0,0.09987379,0.0,0.0,1.2705669e-05,-27.16005,2.2012506,0.7337502,0.16000001,0.0,0.15489732,11.280068,11.300069,1814400
hardzero_plus_depr__c0p50__z1p00__lam0p020__nu0p50__psi0p75,hardzero_plus_depr,0.06,36,567,0.0,2,0.08758317,0.08758317,1.0054659,0.0,0.098749325,0.0,0.0,1.2516502e-05,-27.245663,2.212069,0.73735636,0.16800001,0.0,0.14469406,11.300069,11.320069,1817600
hardzero_plus_depr__c0p50__z1p00__lam0p020__nu0p50__psi0p75,hardzero_plus_depr,0.06,36,568,0.0,2,0.08758317,0.08758445,0.9830217,0.103986815,0.103986815,1.0,1.2821732e-06,1.2330152e-05,-25.841791,2.1626909,0.72089696,0.17600001,0.0,0.119922005,11.320069,11.34007,1820800
hardzero_plus_depr__c0p50__z1p00__lam0p020__nu0p50__psi0p75,hardzero_plus_depr,0.06,36,569,0.0,2,0.08758445,0.08758445,1.0248193,0.0,0.09444538,0.0,0.0,1.21465755e-05,-26.774845,2.2546473,0.7515491,0.17600001,0.0,0.13686146,11.34007,11.36007,1824000
hardzero_plus_depr__c0p50__z1p00__lam0p020__nu0p50__psi0p75,hardzero_plus_depr,0.06,36,570,0.0,2,0.08758445,0.08758445,1.0271672,0.0,0.093936145,0.0,0.0,1.1965732e-05,-27.052217,2.259813,0.75327104,0.16800001,0.0,0.14248204,11.36007,11.380071,1827200
hardzero_plus_depr__c0p50__z1p00__lam0p020__nu0p50__psi0p75,hardzero_plus_depr,0.06,36,571,0.0,2,0.08758445,0.08758445,1.0272529,0.0,0.09391761,0.0,0.0,1.1787581e-05,-27.930592,2.2600014,0.7533338,0.15200001,0.0,0.15712479,11.380071,11.400071,1830400
hardzero_plus_depr__c0p50__z1p00__lam0p020__nu0p50__psi0p75,hardzero_plus_depr,0.06,36,572,0.0,2,0.08758445,0.08758566,0.9844021,0.10365681,0.10365681,1.0,1.2036716e-06,1.1612084e-05,-25.925468,2.1657279,0.7219093,0.14999999,0.0,0.12999168,11.400071,11.420072,1833600
hardzero_plus_depr__c0p50__z1p00__lam0p020__nu0p50__psi0p75,hardzero_plus_depr,0.06,36,573,0.0,2,0.08758566,0.08758566,1.0822157,0.0,0.0827531,0.0,0.0,1.1439198e-05,-28.154827,2.380922,0.79364073,0.112,0.0,0.16651751,11.420072,11.440072,1836800
hardzero_plus_depr__c0p50__z1p00__lam0p020__nu0p50__psi0p75,hardzero_plus_depr,0.06,36,574,0.0,2,0.08758566,0.08758566,1.0502737,0.0,0.08906895,0.0,0.0,1.1268887e-05,-27.740223,2.3106482,0.7702161,0.096,0.008,0.14474623,11.440072,11.4600725,1840000
hardzero_plus_depr__c0p50__z1p00__lam0p020__nu0p50__psi0p75,hardzero_plus_depr,0.06,36,575,0.0,2,0.08758566,0.08758678,0.9950854,0.101138055,0.101138055,1.0,1.1227447e-06,1.110111e-05,-26.2619,2.1892316,0.7297439,0.16000001,0.0,0.12534386,11.4600725,11.480073,1843200
hardzero_plus_depr__c0p50__z1p00__lam0p020__nu0p50__psi0p75,hardzero_plus_depr,0.06,36,576,0.0,2,0.08758678,0.08758678,1.0436274,0.0,0.090442516,0.0,0.0,1.0935833e-05,-27.070889,2.296026,0.765342,0.16800001,0.0,0.14458373,11.480073,11.500073,1846400
hardzero_plus_depr__c0p50__z1p00__lam0p020__nu0p50__psi0p75,hardzero_plus_depr,0.06,36,577,0.0,2,0.08758678,0.08758678,1.0397884,0.0,0.091245525,0.0,0.0,1.0773017e-05,-26.685614,2.28758,0.7625267,0.17600001,0.0,0.16723394,11.500073,11.520074,1849600
hardzero_plus_depr__c0p50__z1p00__lam0p020__nu0p50__psi0p75,hardzero_plus_depr,0.06,36,578,0.0,2,0.08758678,0.08758678,1.0325383,0.0,0.09278157,0.0,0.0,1.0612624e-05,-27.463562,2.2716296,0.7572099,0.17600001,0.0,0.1582559,11.520074,11.540074,1852800
hardzero_plus_depr__c0p50__z1p00__lam0p020__nu0p50__psi0p75,hardzero_plus_depr,0.06,36,579,0.0,2,0.08758678,0.08758678,1.0454243,0.0,0.090069056,0.0,0.0,1.0454619e-05,-26.848549,2.2999794,0.76665986,0.192,0.0,0.1701506,11.540074,11.560075,1856000
hardzero_plus_depr__c0p50__z1p00__lam0p020__nu0p50__psi0p75,hardzero_plus_depr,0.06,36,580,0.0,2,0.08758678,0.08758678,1.0375127,0.0,0.0917249,0.0,0.0,1.0298965e-05,-26.960705,2.2825735,0.7608578,0.120000005,0.0,0.1406677,11.560075,11.580075,1859200
hardzero_plus_depr__c0p50__z1p00__lam0p020__nu0p50__psi0p75,hardzero_plus_depr,0.06,36,581,0.0,2,0.08758678,0.08758678,1.0288558,0.0,0.09357162,0.0,0.0,1.0145631e-05,-26.991476,2.2635279,0.7545093,0.16000001,0.0,0.14575134,11.580075,11.600076,1862400
hardzero_plus_depr__c0p50__z1p00__lam0p020__nu0p50__psi0p75,hardzero_plus_depr,0.06,36,582,0.0,2,0.08758678,0.08758678,1.0430269,0.0,0.09056764,0.0,0.0,9.994578e-06,-27.214268,2.2947052,0.76490176,0.136,0.0,0.14291109,11.600076,11.620076,1865600
hardzero_plus_depr__c0p50__z1p00__lam0p020__nu0p50__psi0p75,hardzero_plus_depr,0.06,36,583,0.0,2,0.08758678,0.08758779,0.99139273,0.10200166,0.10200166,1.0,1.0042854e-06,9.845775e-06,-26.116314,2.1811075,0.7270359,0.16800001,0.0,0.1636661,11.620076,11.640077,1868800
hardzero_plus_depr__c0p50__z1p00__lam0p020__nu0p50__psi0p75,hardzero_plus_depr,0.06,36,584,0.0,2,0.08758779,0.08758779,1.0219179,0.0,0.09507843,0.0,0.0,9.699187e-06,-27.165663,2.2482643,0.7494215,0.14400001,0.0,0.138777,11.640077,11.660077,1872000
hardzero_plus_depr__c0p50__z1p00__lam0p020__nu0p50__psi0p75,hardzero_plus_depr,0.06,36,585,0.0,2,0.08758779,0.08758779,1.0150137,0.0,0.096602045,0.0,0.0,9.554782e-06,-27.197544,2.2330747,0.74435824,0.14,0.0,0.14437869,11.660077,11.680078,1875200
hardzero_plus_depr__c0p50__z1p00__lam0p020__nu0p50__psi0p75,hardzero_plus_depr,0.06,36,586,0.0,2,0.08758779,0.08758779,1.0037682,0.0,0.0991361,0.0,0.0,9.412526e-06,-26.94325,2.2083342,0.7361114,0.14400001,0.0,0.14200887,11.680078,11.700078,1878400
hardzero_plus_depr__c0p50__z1p00__lam0p020__nu0p50__psi0p75,hardzero_plus_depr,0.06,36,587,0.0,2,0.08758779,0.08758779,1.0150661,0.0,0.09659037,0.0,0.0,9.272389e-06,-27.379244,2.23319,0.7443967,0.15200001,0.0,0.17436618,11.700078,11.720078,1881600
hardzero_plus_depr__c0p50__z1p00__lam0p020__nu0p50__psi0p75,hardzero_plus_depr,0.06,36,588,0.0,2,0.08758779,0.08758779,1.0004267,0.0,0.09990182,0.0,0.0,9.134338e-06,-26.191885,2.2009826,0.7336609,0.17600001,0.0,0.16863455,11.720078,11.740079,1884800
hardzero_plus_depr__c0p50__z1p00__lam0p020__nu0p50__psi0p75,hardzero_plus_depr,0.06,36,589,0.0,2,0.08758779,0.08758779,1.026362,0.0,0.09411049,0.0,0.0,8.998342e-06,-26.667751,2.2580414,0.7526805,0.112,0.0,0.12596443,11.740079,11.760079,1888000
hardzero_plus_depr__c0p50__z1p00__lam0p020__nu0p50__psi0p75,hardzero_plus_depr,0.06,36,590,0.0,2,0.08758779,0.08758779,1.0143929,0.0,0.096740246,0.0,0.0,8.864371e-06,-27.074259,2.2317088,0.7439029,0.14400001,0.0,0.15360613,11.760079,11.78008,1891200
hardzero_plus_depr__c0p50__z1p00__lam0p020__nu0p50__psi0p75,hardzero_plus_depr,0.06,36,591,0.0,2,0.08758779,0.08758779,1.0073643,0.0,0.098318614,0.0,0.0,8.732395e-06,-26.828497,2.2162457,0.73874855,0.15200001,0.0,0.15393099,11.78008,11.80008,1894400
hardzero_plus_depr__c0p50__z1p00__lam0p020__nu0p50__psi0p75,hardzero_plus_depr,0.06,36,592,0.0,2,0.08758779,0.08758865,0.99879,0.100279,0.100279,1.0,8.626385e-07,8.602384e-06,-27.157797,2.197382,0.7324607,0.16800001,0.0,0.14023718,11.80008,11.820081,1897600
hardzero_plus_depr__c0p50__z1p00__lam0p020__nu0p50__psi0p75,hardzero_plus_depr,0.06,36,593,0.0,2,0.08758865,0.08758951,0.994074,0.101373866,0.101373866,1.0,8.5907334e-07,8.474308e-06,-26.877449,2.1870065,0.7290022,0.136,0.0,0.12456274,11.820081,11.840081,1900800
hardzero_plus_depr__c0p50__z1p00__lam0p020__nu0p50__psi0p75,hardzero_plus_depr,0.06,36,594,0.0,2,0.08758951,0.087590374,0.9854504,0.103406906,0.103406906,1.0,8.632553e-07,8.34814e-06,-27.14693,2.168034,0.72267807,0.216,0.008,0.15374522,11.840081,11.860082,1904000
hardzero_plus_depr__c0p50__z1p00__lam0p020__nu0p50__psi0p75,hardzero_plus_depr,0.06,36,595,0.0,2,0.087590374,0.087590374,1.0139681,0.0,0.096834905,0.0,0.0,8.223849e-06,-26.712175,2.2307744,0.7435915,0.17600001,0.0,0.1417542,11.860082,11.880082,1907200
hardzero_plus_depr__c0p50__z1p00__lam0p020__nu0p50__psi0p75,hardzero_plus_depr,0.06,36,596,0.0,2,0.087590374,0.087590374,1.0516963,0.0,0.08877765,0.0,0.0,8.101409e-06,-27.803762,2.3137782,0.7712594,0.16800001,0.0,0.16279231,11.880082,11.900083,1910400
hardzero_plus_depr__c0p50__z1p00__lam0p020__nu0p50__psi0p75,hardzero_plus_depr,0.06,36,597,0.0,2,0.087590374,0.087590374,1.0841486,0.0,0.0823856,0.0,0.0,7.980792e-06,-27.965605,2.3851748,0.79505825,0.128,0.0,0.20975398,11.900083,11.920083,1913600
hardzero_plus_depr__c0p50__z1p00__lam0p020__nu0p50__psi0p75,hardzero_plus_depr,0.06,36,598,0.0,2,0.087590374,0.087590374,1.0362309,0.0,0.09199603,0.0,0.0,7.8619705e-06,-27.587412,2.2797534,0.75991786,0.12,0.0,0.12908778,11.920083,11.9400835,1916800
hardzero_plus_depr__c0p50__z1p00__lam0p020__nu0p50__psi0p75,hardzero_plus_depr,0.06,36,599,0.0,2,0.087590374,0.087590374,1.0042684,0.0,0.09902198,0.0,0.0,7.744919e-06,-26.457773,2.2094345,0.7364782,0.16000001,0.0,0.15419048,11.9400835,11.960084,1920000
hardzero_plus_depr__c0p50__z1p00__lam0p020__nu0p50__psi0p75,hardzero_plus_depr,0.06,36,600,0.0,2,0.087590374,0.087590374,1.0148973,0.0,0.09662791,0.0,0.0,7.629609e-06,-27.410576,2.2328188,0.74427295,0.136,0.0,0.16099934,11.960084,11.980084,1923200
hardzero_plus_depr__c0p50__z1p00__lam0p020__nu0p50__psi0p75,hardzero_plus_depr,0.06,36,601,0.0,2,0.087590374,0.087590374,1.0164305,0.0,0.09628739,0.0,0.0,7.5160165e-06,-27.402748,2.2361917,0.74539727,0.16800001,0.0,0.15791878,11.980084,12.000085,1926400
hardzero_plus_depr__c0p50__z1p00__lam0p020__nu0p50__psi0p75,hardzero_plus_depr,0.06,36,602,0.0,2,0.087590374,0.087590374,1.0664136,0.0,0.085819565,0.0,0.0,7.4041145e-06,-27.595192,2.3461568,0.7820523,0.16000001,0.0,0.16791861,12.000085,12.020085,1929600
hardzero_plus_depr__c0p50__z1p00__lam0p020__nu0p50__psi0p75,hardzero_plus_depr,0.06,36,603,0.0,2,0.087590374,0.087590374,1.0172722,0.0,0.09610096,0.0,0.0,7.2938797e-06,-27.015495,2.2380435,0.74601454,0.18400002,0.0,0.16871399,12.020085,12.040086,1932800
hardzero_plus_depr__c0p50__z1p00__lam0p020__nu0p50__psi0p75,hardzero_plus_depr,0.06,36,604,0.0,2,0.087590374,0.087590374,1.0085386,0.0,0.098053105,0.0,0.0,7.1852855e-06,-27.026724,2.2188292,0.7396097,0.15200001,0.0,0.17119779,12.040086,12.060086,1936000
hardzero_plus_depr__c0p50__z1p00__lam0p020__nu0p50__psi0p75,hardzero_plus_depr,0.06,36,605,0.0,2,0.087590374,0.087590374,1.0558246,0.0,0.08793775,0.0,0.0,7.078308e-06,-27.27998,2.3228605,0.77428687,0.104,0.0,0.14676657,12.060086,12.080087,1939200
hardzero_plus_depr__c0p50__z1p00__lam0p020__nu0p50__psi0p75,hardzero_plus_depr,0.06,36,606,0.0,2,0.087590374,0.087590374,1.0177021,0.0,0.0960059,0.0,0.0,6.972923e-06,-27.448503,2.2389894,0.7463298,0.16800001,0.0,0.16582343,12.080087,12.100087,1942400
hardzero_plus_depr__c0p50__z1p00__lam0p020__nu0p50__psi0p75,hardzero_plus_depr,0.06,36,607,0.0,2,0.087590374,0.087590374,1.0291914,0.0,0.09349935,0.0,0.0,6.869108e-06,-26.641142,2.2642663,0.75475544,0.15200001,0.0,0.14244199,12.100087,12.120088,1945600
hardzero_plus_depr__c0p50__z1p00__lam0p020__nu0p50__psi0p75,hardzero_plus_depr,0.06,36,608,0.0,2,0.087590374,0.087590374,1.0337812,0.0,0.092516415,0.0,0.0,6.766838e-06,-27.30583,2.274364,0.7581214,0.128,0.0,0.15347731,12.120088,12.140088,1948800
hardzero_plus_depr__c0p50__z1p00__lam0p020__nu0p50__psi0p75,hardzero_plus_depr,0.06,36,609,0.0,2,0.087590374,0.087590374,1.0128286,0.0,0.09708931,0.0,0.0,6.666091e-06,-26.546669,2.2282674,0.74275583,0.18400002,0.0,0.1633708,12.140088,12.160089,1952000
hardzero_plus_depr__c0p50__z1p00__lam0p020__nu0p50__psi0p75,hardzero_plus_depr,0.06,36,610,0.0,2,0.087590374,0.087590374,1.0017922,0.0,0.09958816,0.0,0.0,6.5668423e-06,-26.93815,2.203987,0.7346623,0.2,0.0,0.1410009,12.160089,12.180089,1955200
hardzero_plus_depr__c0p50__z1p00__lam0p020__nu0p50__psi0p75,hardzero_plus_depr,0.06,36,611,0.0,2,0.087590374,0.087590374,1.0246367,0.0,0.09448508,0.0,0.0,6.469073e-06,-26.832006,2.2542458,0.75141525,0.14999999,0.0,0.12866487,12.180089,12.200089,1958400
hardzero_plus_depr__c0p50__z1p00__lam0p020__nu0p50__psi0p75,hardzero_plus_depr,0.06,36,612,0.0,2,0.087590374,0.087590374,1.0070041,0.0,0.098400176,0.0,0.0,6.372759e-06,-26.910688,2.2154534,0.7384845,0.096,0.0,0.16248998,12.200089,12.22009,1961600
hardzero_plus_depr__c0p50__z1p00__lam0p020__nu0p50__psi0p75,hardzero_plus_depr,0.06,36,613,0.0,2,0.087590374,0.087590374,1.074516,0.0,0.08423332,0.0,0.0,6.277879e-06,-27.886559,2.3639824,0.78799415,0.112,0.0,0.16643916,12.22009,12.24009,1964800
hardzero_plus_depr__c0p50__z1p00__lam0p020__nu0p50__psi0p75,hardzero_plus_depr,0.06,36,614,0.0,2,0.087590374,0.08759102,0.9803805,0.10462114,0.10462114,1.0,6.4702016e-07,6.184411e-06,-26.06359,2.1568801,0.71896005,0.17600001,0.0,0.14369555,12.24009,12.260091,1968000
hardzero_plus_depr__c0p50__z1p00__lam0p020__nu0p50__psi0p75,hardzero_plus_depr,0.06,36,615,0.0,2,0.08759102,0.08759102,1.0226122,0.0,0.094926566,0.0,0.0,6.0923353e-06,-26.669302,2.2497919,0.7499306,0.16800001,0.0,0.17157058,12.260091,12.280091,1971200
hardzero_plus_depr__c0p50__z1p00__lam0p020__nu0p50__psi0p75,hardzero_plus_depr,0.06,36,616,0.0,2,0.08759102,0.087591656,0.9786455,0.10503994,0.10503994,1.0,6.304109e-07,6.0016305e-06,-27.01188,2.153063,0.7176877,0.16800001,0.008,0.15169974,12.280091,12.300092,1974400
hardzero_plus_depr__c0p50__z1p00__lam0p020__nu0p50__psi0p75,hardzero_plus_depr,0.06,36,617,0.0,2,0.087591656,0.087591656,1.0442159,0.0,0.09032003,0.0,0.0,5.9122754e-06,-27.309258,2.2973208,0.76577365,0.120000005,0.0,0.13360368,12.300092,12.320092,1977600
hardzero_plus_depr__c0p50__z1p00__lam0p020__nu0p50__psi0p75,hardzero_plus_depr,0.06,36,618,0.0,2,0.087591656,0.087591656,1.0220488,0.0,0.09504978,0.0,0.0,5.8242513e-06,-27.297556,2.2485523,0.74951744,0.136,0.0,0.16280936,12.320092,12.340093,1980800
hardzero_plus_depr__c0p50__z1p00__lam0p020__nu0p50__psi0p75,hardzero_plus_depr,0.06,36,619,0.0,2,0.087591656,0.08759223,0.99977446,0.10005194,0.10005194,1.0,5.7405174e-07,5.7375373e-06,-26.77622,2.1995478,0.7331826,0.15200001,0.0,0.1442884,12.340093,12.360093,1984000
hardzero_plus_depr__c0p50__z1p00__lam0p020__nu0p50__psi0p75,hardzero_plus_depr,0.06,36,620,0.0,2,0.08759223,0.08759284,0.96830225,0.10757163,0.10757163,1.0,6.0800716e-07,5.6521144e-06,-26.833704,2.1303074,0.7101025,0.14400001,0.0,0.1325428,12.360093,12.380094,1987200
hardzero_plus_depr__c0p50__z1p00__lam0p020__nu0p50__psi0p75,hardzero_plus_depr,0.06,36,621,0.0,2,0.08759284,0.08759341,0.9947217,0.101222776,0.101222776,1.0,5.636048e-07,5.567964e-06,-26.65229,2.1884315,0.72947717,0.16800001,0.0,0.13748902,12.380094,12.400094,1990400
hardzero_plus_depr__c0p50__z1p00__lam0p020__nu0p50__psi0p75,hardzero_plus_depr,0.06,36,622,0.0,2,0.08759341,0.08759341,1.0175569,0.0,0.096038,0.0,0.0,5.4850657e-06,-27.632935,2.2386699,0.74622333,0.096,0.0,0.14693855,12.400094,12.4200945,1993600
hardzero_plus_depr__c0p50__z1p00__lam0p020__nu0p50__psi0p75,hardzero_plus_depr,0.06,36,623,0.0,2,0.08759341,0.08759398,0.97516835,0.10588432,0.10588432,1.0,5.7213555e-07,5.403402e-06,-26.244324,2.1454132,0.7151377,0.15200001,0.0,0.11213005,12.4200945,12.440095,1996800
hardzero_plus_depr__c0p50__z1p00__lam0p020__nu0p50__psi0p75,hardzero_plus_depr,0.06,36,624,0.0,2,0.08759398,0.08759398,1.0382876,0.0,0.091561384,0.0,0.0,5.322954e-06,-27.330248,2.2842784,0.76142615,0.19,0.01,0.14880663,12.440095,12.460095,2000000
hardzero_plus_depr__c0p50__z1p00__lam0p020__nu0p50__psi0p75,hardzero_plus_depr,0.06,36,625,0.0,2,0.08759398,0.08759398,1.0128604,0.0,0.09708218,0.0,0.0,5.2437035e-06,-26.643177,2.2283373,0.74277914,0.208,0.0,0.1468621,12.460095,12.480096,2003200
hardzero_plus_depr__c0p50__z1p00__lam0p020__nu0p50__psi0p75,hardzero_plus_depr,0.06,36,626,0.0,2,0.08759398,0.08759398,1.052815,0.0,0.08854928,0.0,0.0,5.1656334e-06,-28.175753,2.316239,0.7720797,0.104,0.0,0.121212006,12.480096,12.500096,2006400
hardzero_plus_depr__c0p50__z1p00__lam0p020__nu0p50__psi0p75,hardzero_plus_depr,0.06,36,627,0.0,2,0.08759398,0.08759398,1.0352253,0.0,0.092209294,0.0,0.0,5.0887247e-06,-27.480497,2.2775412,0.7591804,0.208,0.0,0.17364511,12.500096,12.520097,2009600
hardzero_plus_depr__c0p50__z1p00__lam0p020__nu0p50__psi0p75,hardzero_plus_depr,0.06,36,628,0.0,2,0.08759398,0.08759398,1.0486642,0.0,0.08939965,0.0,0.0,5.0129624e-06,-27.813751,2.3071072,0.76903576,0.2,0.0,0.17960173,12.520097,12.540097,2012800
hardzero_plus_depr__c0p50__z1p00__lam0p020__nu0p50__psi0p75,hardzero_plus_depr,0.06,36,629,0.0,2,0.08759398,0.08759448,0.9968764,0.10072182,0.10072182,1.0,4.9739737e-07,4.9383275e-06,-27.822123,2.193172,0.73105735,0.16000001,0.0,0.15391037,12.540097,12.560098,2016000
hardzero_plus_depr__c0p50__z1p00__lam0p020__nu0p50__psi0p75,hardzero_plus_depr,0.06,36,630,0.0,2,0.08759448,0.08759448,1.0343341,0.0,0.0923987,0.0,0.0,4.864803e-06,-27.130545,2.2755804,0.7585268,0.120000005,0.0,0.14607094,12.560098,12.580098,2019200
hardzero_plus_depr__c0p50__z1p00__lam0p020__nu0p50__psi0p75,hardzero_plus_depr,0.06,36,631,0.0,2,0.08759448,0.08759496,0.9967707,0.10074635,0.10074635,1.0,4.8281424e-07,4.7923745e-06,-26.6666,2.1929393,0.7309798,0.17600001,0.0,0.16156726,12.580098,12.600099,2022400
hardzero_plus_depr__c0p50__z1p00__lam0p020__nu0p50__psi0p75,hardzero_plus_depr,0.06,36,632,0.0,2,0.08759496,0.08759496,1.0193737,0.0,0.09563708,0.0,0.0,4.7210237e-06,-27.850555,2.2426667,0.7475556,0.120000005,0.0,0.16978136,12.600099,12.620099,2025600
hardzero_plus_depr__c0p50__z1p00__lam0p020__nu0p50__psi0p75,hardzero_plus_depr,0.06,36,633,0.0,2,0.08759496,0.08759545,0.9846143,0.10360619,0.10360619,1.0,4.8184495e-07,4.6507353e-06,-25.97654,2.1661947,0.7220649,0.112,0.0,0.128437,12.620099,12.6401,2028800
hardzero_plus_depr__c0p50__z1p00__lam0p020__nu0p50__psi0p75,hardzero_plus_depr,0.06,36,634,0.0,2,0.08759545,0.08759592,0.9867717,0.103092775,0.103092775,1.0,4.723188e-07,4.5814927e-06,-26.306345,2.170941,0.72364706,0.14400001,0.0,0.15184973,12.6401,12.6601,2032000
hardzero_plus_depr__c0p50__z1p00__lam0p020__nu0p50__psi0p75,hardzero_plus_depr,0.06,36,635,0.0,2,0.08759592,0.08759592,1.0549543,0.0,0.088114165,0.0,0.0,4.513282e-06,-28.314562,2.3209457,0.7736486,0.16800001,0.0,0.15674494,12.6601,12.6801,2035200
hardzero_plus_depr__c0p50__z1p00__lam0p020__nu0p50__psi0p75,hardzero_plus_depr,0.06,36,636,0.0,2,0.08759592,0.08759639,0.9764026,0.10558383,0.10558383,1.0,4.6943487e-07,4.4460867e-06,-26.906454,2.1481285,0.7160429,0.15200001,0.0,0.14710711,12.6801,12.700101,2038400
hardzero_plus_depr__c0p50__z1p00__lam0p020__nu0p50__psi0p75,hardzero_plus_depr,0.06,36,637,0.0,2,0.08759639,0.08759685,0.9745687,0.10603061,0.10603061,1.0,4.6440258e-07,4.3798914e-06,-26.680864,2.144094,0.714698,0.17,0.0,0.120928586,12.700101,12.720101,2041600
hardzero_plus_depr__c0p50__z1p00__lam0p020__nu0p50__psi0p75,hardzero_plus_depr,0.06,36,638,0.0,2,0.08759685,0.08759685,1.0378911,0.0,0.09164501,0.0,0.0,4.314682e-06,-28.266,2.283406,0.76113534,0.128,0.0,0.13699427,12.720101,12.740102,2044800
hardzero_plus_depr__c0p50__z1p00__lam0p020__nu0p50__psi0p75,hardzero_plus_depr,0.06,36,639,0.0,2,0.08759685,0.08759728,0.98960936,0.10242138,0.10242138,1.0,4.3533623e-07,4.250443e-06,-26.451721,2.177184,0.72572803,0.136,0.0,0.13015124,12.740102,12.760102,2048000
hardzero_plus_depr__c0p50__z1p00__lam0p020__nu0p50__psi0p75,hardzero_plus_depr,0.06,36,640,0.0,2,0.08759728,0.08759728,1.0510323,0.0,0.08891349,0.0,0.0,4.187161e-06,-27.702547,2.3123171,0.7707724,0.096,0.0,0.14641367,12.760102,12.780103,2051200
hardzero_plus_depr__c0p50__z1p00__lam0p020__nu0p50__psi0p75,hardzero_plus_depr,0.06,36,641,0.0,2,0.08759728,0.08759728,1.009114,0.0,0.09792328,0.0,0.0,4.1248204e-06,-27.147669,2.2200952,0.7400317,0.18400002,0.0,0.15678085,12.780103,12.800103,2054400
hardzero_plus_depr__c0p50__z1p00__lam0p020__nu0p50__psi0p75,hardzero_plus_depr,0.06,36,642,0.0,2,0.08759728,0.08759728,1.0038755,0.0,0.09911159,0.0,0.0,4.0634086e-06,-26.579325,2.2085702,0.7361901,0.17600001,0.0,0.14852422,12.800103,12.820104,2057600
hardzero_plus_depr__c0p50__z1p00__lam0p020__nu0p50__psi0p75,hardzero_plus_depr,0.06,36,643,0.0,2,0.08759728,0.0875977,0.9808405,0.10451038,0.10451038,1.0,4.183458e-07,4.0029113e-06,-26.196075,2.1578922,0.7192974,0.16800001,0.0,0.15001178,12.820104,12.840104,2060800
hardzero_plus_depr__c0p50__z1p00__lam0p020__nu0p50__psi0p75,hardzero_plus_depr,0.06,36,644,0.0,2,0.0875977,0.08759811,0.9861857,0.10323199,0.10323199,1.0,4.0707613e-07,3.943314e-06,-27.231201,2.169652,0.72321737,0.216,0.0,0.13557091,12.840104,12.860105,2064000
hardzero_plus_depr__c0p50__z1p00__lam0p020__nu0p50__psi0p75,hardzero_plus_depr,0.06,36,645,0.0,2,0.08759811,0.08759851,0.9878193,0.10284441,0.10284441,1.0,3.9950987e-07,3.8846047e-06,-26.873941,2.173246,0.7244153,0.136,0.0,0.140109,12.860105,12.880105,2067200
hardzero_plus_depr__c0p50__z1p00__lam0p020__nu0p50__psi0p75,hardzero_plus_depr,0.06,36,646,0.0,2,0.08759851,0.08759851,1.039965,0.0,0.09120842,0.0,0.0,3.826769e-06,-27.297287,2.2879689,0.76265633,0.128,0.0,0.14698042,12.880105,12.900105,2070400
hardzero_plus_depr__c0p50__z1p00__lam0p020__nu0p50__psi0p75,hardzero_plus_depr,0.06,36,647,0.0,2,0.08759851,0.08759851,1.0473564,0.0,0.08966926,0.0,0.0,3.7697944e-06,-26.626095,2.30423,0.76807666,0.15200001,0.0,0.16021995,12.900105,12.920106,2073600
hardzero_plus_depr__c0p50__z1p00__lam0p020__nu0p50__psi0p75,hardzero_plus_depr,0.06,36,648,0.0,2,0.08759851,0.08759851,1.0454907,0.0,0.090055294,0.0,0.0,3.713668e-06,-28.453451,2.3001256,0.76670855,0.16000001,0.0,0.15432218,12.920106,12.940106,2076800
hardzero_plus_depr__c0p50__z1p00__lam0p020__nu0p50__psi0p75,hardzero_plus_depr,0.06,36,649,0.0,2,0.08759851,0.08759851,1.0851557,0.0,0.08219478,0.0,0.0,3.6583779e-06,-28.070097,2.3873904,0.7957968,0.096,0.0,0.14699684,12.940106,12.960107,2080000
hardzero_plus_depr__c0p50__z1p00__lam0p020__nu0p50__psi0p75,hardzero_plus_depr,0.06,36,650,0.0,2,0.08759851,0.08759851,1.0448688,0.0,0.09018434,0.0,0.0,3.60391e-06,-28.020979,2.2987573,0.76625246,0.14999999,0.0,0.17362863,12.960107,12.980107,2083200
hardzero_plus_depr__c0p50__z1p00__lam0p020__nu0p50__psi0p75,hardzero_plus_depr,0.06,36,651,0.0,2,0.08759851,0.087598875,0.9879214,0.10282023,0.10282023,1.0,3.6503795e-07,3.550254e-06,-26.874952,2.1734705,0.72449017,0.16800001,0.0,0.13973586,12.980107,13.000108,2086400
hardzero_plus_depr__c0p50__z1p00__lam0p020__nu0p50__psi0p75,hardzero_plus_depr,0.06,36,652,0.0,2,0.087598875,0.087598875,1.0105518,0.0,0.09759962,0.0,0.0,3.4973964e-06,-27.145424,2.2232583,0.7410861,0.15200001,0.0,0.16655111,13.000108,13.020108,2089600
hardzero_plus_depr__c0p50__z1p00__lam0p020__nu0p50__psi0p75,hardzero_plus_depr,0.06,36,653,0.0,2,0.087598875,0.087598875,1.1078888,0.0,0.07800298,0.0,0.0,3.4453258e-06,-28.661308,2.4374042,0.81246805,0.096,0.0,0.16702299,13.020108,13.040109,2092800
hardzero_plus_depr__c0p50__z1p00__lam0p020__nu0p50__psi0p75,hardzero_plus_depr,0.06,36,654,0.0,2,0.087598875,0.087598875,1.0087909,0.0,0.09799617,0.0,0.0,3.3940305e-06,-26.774734,2.2193842,0.73979473,0.16000001,0.0,0.16086723,13.040109,13.060109,2096000
hardzero_plus_depr__c0p50__z1p00__lam0p020__nu0p50__psi0p75,hardzero_plus_depr,0.06,36,655,0.0,2,0.087598875,0.087598875,1.0446882,0.0,0.09022187,0.0,0.0,3.3434985e-06,-27.622082,2.29836,0.7661201,0.136,0.0,0.14780368,13.060109,13.08011,2099200
hardzero_plus_depr__c0p50__z1p00__lam0p020__nu0p50__psi0p75,hardzero_plus_depr,0.06,36,656,0.0,2,0.087598875,0.0875992,0.9987089,0.10029773,0.10029773,1.0,3.3035255e-07,3.2937191e-06,-26.307528,2.1972034,0.73240113,0.15200001,0.0,0.15683854,13.08011,13.10011,2102400
hardzero_plus_depr__c0p50__z1p00__lam0p020__nu0p50__psi0p75,hardzero_plus_depr,0.06,36,657,0.0,2,0.0875992,0.0875992,1.0352595,0.0,0.09220203,0.0,0.0,3.244681e-06,-27.225727,2.2776163,0.75920546,0.16800001,0.0,0.14207187,13.10011,13.1201105,2105600
hardzero_plus_depr__c0p50__z1p00__lam0p020__nu0p50__psi0p75,hardzero_plus_depr,0.06,36,658,0.0,2,0.0875992,0.0875992,1.02287,0.0,0.09487025,0.0,0.0,3.196373e-06,-27.271011,2.2503588,0.7501196,0.16000001,0.0,0.14577587,13.1201105,13.140111,2108800
hardzero_plus_depr__c0p50__z1p00__lam0p020__nu0p50__psi0p75,hardzero_plus_depr,0.06,36,659,0.0,2,0.0875992,0.08759953,0.9838181,0.10379629,0.10379629,1.0,3.268321e-07,3.1487841e-06,-26.645123,2.164443,0.721481,0.16000001,0.0,0.1253317,13.140111,13.160111,2112000
hardzero_plus_depr__c0p50__z1p00__lam0p020__nu0p50__psi0p75,hardzero_plus_depr,0.06,36,660,0.0,2,0.08759953,0.08759985,0.9875349,0.102911785,0.102911785,1.0,3.1922247e-07,3.1019038e-06,-26.445498,2.17262,0.7242067,0.15200001,0.0,0.11990812,13.160111,13.180112,2115200
hardzero_plus_depr__c0p50__z1p00__lam0p020__nu0p50__psi0p75,hardzero_plus_depr,0.06,36,661,0.0,2,0.08759985,0.08759985,1.0103505,0.0,0.09764489,0.0,0.0,3.0557212e-06,-26.701159,2.2228155,0.74093854,0.15200001,0.0,0.13493581,13.180112,13.200112,2118400
hardzero_plus_depr__c0p50__z1p00__lam0p020__nu0p50__psi0p75,hardzero_plus_depr,0.06,36,662,0.0,2,0.08759985,0.08759985,1.0606229,0.0,0.08697151,0.0,0.0,3.0102267e-06,-27.860914,2.333417,0.7778057,0.120000005,0.0,0.15917057,13.200112,13.220113,2121600
hardzero_plus_depr__c0p50__z1p00__lam0p020__nu0p50__psi0p75,hardzero_plus_depr,0.06,36,663,0.0,2,0.08759985,0.08760019,0.9473607,0.1128858,0.1128858,1.0,3.347526e-07,2.9654093e-06,-25.843935,2.0842352,0.69474506,0.22999999,0.0,0.14564322,13.220113,13.240113,2124800
hardzero_plus_depr__c0p50__z1p00__lam0p020__nu0p50__psi0p75,hardzero_plus_depr,0.06,36,664,0.0,2,0.08760019,0.08760048,0.9975339,0.10056946,0.10056946,1.0,2.9378944e-07,2.921259e-06,-26.689005,2.1946185,0.7315395,0.16000001,0.0,0.13911808,13.240113,13.260114,2128000
hardzero_plus_depr__c0p50__z1p00__lam0p020__nu0p50__psi0p75,hardzero_plus_depr,0.06,36,665,0.0,2,0.08760048,0.08760048,1.0708537,0.0,0.084946655,0.0,0.0,2.877766e-06,-27.758873,2.355925,0.78530836,0.128,0.0,0.15221208,13.260114,13.280114,2131200
hardzero_plus_depr__c0p50__z1p00__lam0p020__nu0p50__psi0p75,hardzero_plus_depr,0.06,36,666,0.0,2,0.08760048,0.08760077,0.9921744,0.10181825,0.10181825,1.0,2.8864665e-07,2.8349207e-06,-26.413591,2.1828272,0.7276091,0.18400002,0.0,0.14125066,13.280114,13.300115,2134400
hardzero_plus_depr__c0p50__z1p00__lam0p020__nu0p50__psi0p75,hardzero_plus_depr,0.06,36,667,0.0,2,0.08760077,0.08760077,1.0588863,0.0,0.08731998,0.0,0.0,2.7927133e-06,-27.92747,2.3295963,0.7765321,0.16000001,0.0,0.16239713,13.300115,13.320115,2137600
hardzero_plus_depr__c0p50__z1p00__lam0p020__nu0p50__psi0p75,hardzero_plus_depr,0.06,36,668,0.0,2,0.08760077,0.08760077,1.036809,0.0,0.09187365,0.0,0.0,2.7511344e-06,-27.68123,2.2810252,0.76034176,0.208,0.0,0.16410433,13.320115,13.340116,2140800
hardzero_plus_depr__c0p50__z1p00__lam0p020__nu0p50__psi0p75,hardzero_plus_depr,0.06,36,669,0.0,2,0.08760077,0.08760077,1.0215696,0.0,0.095154725,0.0,0.0,2.7101744e-06,-27.932594,2.247498,0.749166,0.15200001,0.0,0.17281903,13.340116,13.360116,2144000
hardzero_plus_depr__c0p50__z1p00__lam0p020__nu0p50__psi0p75,hardzero_plus_depr,0.06,36,670,0.0,2,0.08760077,0.08760077,1.00766,0.0,0.09825166,0.0,0.0,2.669824e-06,-27.467115,2.2168963,0.73896545,0.14400001,0.0,0.1753128,13.360116,13.380116,2147200
hardzero_plus_depr__c0p50__z1p00__lam0p020__nu0p50__psi0p75,hardzero_plus_depr,0.06,36,671,0.0,2,0.08760077,0.08760077,1.0513104,0.0,0.08885657,0.0,0.0,2.6300747e-06,-27.93506,2.3129292,0.7709764,0.208,0.0,0.15326777,13.380116,13.400117,2150400
hardzero_plus_depr__c0p50__z1p00__lam0p020__nu0p50__psi0p75,hardzero_plus_depr,0.06,36,672,0.0,2,0.08760077,0.08760077,1.0121168,0.0,0.09724856,0.0,0.0,2.5909171e-06,-26.71561,2.2267015,0.7422339,0.2,0.0,0.12706746,13.400117,13.420117,2153600
hardzero_plus_depr__c0p50__z1p00__lam0p020__nu0p50__psi0p75,hardzero_plus_depr,0.06,36,673,0.0,2,0.08760077,0.08760077,1.0186563,0.0,0.09579521,0.0,0.0,2.5523423e-06,-27.552055,2.2410884,0.7470295,0.128,0.0,0.1472979,13.420117,13.440118,2156800
hardzero_plus_depr__c0p50__z1p00__lam0p020__nu0p50__psi0p75,hardzero_plus_depr,0.06,36,674,0.0,2,0.08760077,0.08760077,1.0426277,0.0,0.09065094,0.0,0.0,2.5143422e-06,-27.540604,2.2938268,0.764609,0.120000005,0.0,0.1417337,13.440118,13.460118,2160000
hardzero_plus_depr__c0p50__z1p00__lam0p020__nu0p50__psi0p75,hardzero_plus_depr,0.06,36,675,0.0,2,0.08760077,0.08760077,1.0354339,0.0,0.09216502,0.0,0.0,2.4769076e-06,-27.781149,2.278,0.7593334,0.16000001,0.0,0.13891318,13.460118,13.480119,2163200
hardzero_plus_depr__c0p50__z1p00__lam0p020__nu0p50__psi0p75,hardzero_plus_depr,0.06,36,676,0.0,2,0.08760077,0.08760077,1.0063126,0.0,0.098556966,0.0,0.0,2.4400304e-06,-26.283531,2.213932,0.7379774,0.17999999,0.0,0.13589264,13.480119,13.500119,2166400
hardzero_plus_depr__c0p50__z1p00__lam0p020__nu0p50__psi0p75,hardzero_plus_depr,0.06,36,677,0.0,2,0.08760077,0.08760077,1.0819331,0.0,0.08280696,0.0,0.0,2.4037024e-06,-27.817848,2.3803005,0.79343355,0.104,0.0,0.17381416,13.500119,13.52012,2169600
hardzero_plus_depr__c0p50__z1p00__lam0p020__nu0p50__psi0p75,hardzero_plus_depr,0.06,36,678,0.0,2,0.08760077,0.08760077,1.0277773,0.0,0.093804285,0.0,0.0,2.367915e-06,-27.757687,2.2611554,0.7537185,0.17600001,0.0,0.1496825,13.52012,13.54012,2172800
hardzero_plus_depr__c0p50__z1p00__lam0p020__nu0p50__psi0p75,hardzero_plus_depr,0.06,36,679,0.0,2,0.08760077,0.08760077,1.1020415,0.0,0.07906031,0.0,0.0,2.3326604e-06,-29.35956,2.4245396,0.80817986,0.15200001,0.0,0.19455938,13.54012,13.560121,2176000
hardzero_plus_depr__c0p50__z1p00__lam0p020__nu0p50__psi0p75,hardzero_plus_depr,0.06,36,680,0.0,2,0.08760077,0.087601,0.99944437,0.10012802,0.10012802,1.0,2.3008727e-07,2.297931e-06,-26.822683,2.1988215,0.73294055,0.23200001,0.0,0.15072279,13.560121,13.580121,2179200
hardzero_plus_depr__c0p50__z1p00__lam0p020__nu0p50__psi0p75,hardzero_plus_depr,0.06,36,681,0.0,2,0.087601,0.08760123,0.9887089,0.102633946,0.102633946,1.0,2.3233436e-07,2.2637184e-06,-26.207733,2.175203,0.72506773,0.14400001,0.0,0.13897486,13.580121,13.6001215,2182400
hardzero_plus_depr__c0p50__z1p00__lam0p020__nu0p50__psi0p75,hardzero_plus_depr,0.06,36,682,0.0,2,0.08760123,0.08760123,1.0116616,0.0,0.097350545,0.0,0.0,2.2300153e-06,-26.87374,2.2257001,0.7419001,0.192,0.0,0.15545106,13.6001215,13.620122,2185600
hardzero_plus_depr__c0p50__z1p00__lam0p020__nu0p50__psi0p75,hardzero_plus_depr,0.06,36,683,0.0,2,0.08760123,0.08760123,1.0276922,0.0,0.093822666,0.0,0.0,2.1968137e-06,-27.128572,2.260968,0.753656,0.192,0.0,0.16556077,13.620122,13.640122,2188800
hardzero_plus_depr__c0p50__z1p00__lam0p020__nu0p50__psi0p75,hardzero_plus_depr,0.06,36,684,0.0,2,0.08760123,0.08760146,0.9723302,0.10657855,0.10657855,1.0,2.3064739e-07,2.164107e-06,-27.07103,2.1391692,0.71305645,0.136,0.0,0.1514471,13.640122,13.660123,2192000
hardzero_plus_depr__c0p50__z1p00__lam0p020__nu0p50__psi0p75,hardzero_plus_depr,0.06,36,685,0.0,2,0.08760146,0.087601684,0.9771967,0.10539093,0.10539093,1.0,2.2468153e-07,2.1318867e-06,-27.247171,2.1498756,0.7166252,0.17600001,0.0,0.13863736,13.660123,13.680123,2195200
hardzero_plus_depr__c0p50__z1p00__lam0p020__nu0p50__psi0p75,hardzero_plus_depr,0.06,36,686,0.0,2,0.087601684,0.087601684,1.0591012,0.0,0.087276794,0.0,0.0,2.1001465e-06,-27.411087,2.3300693,0.77668977,0.16800001,0.0,0.17180261,13.680123,13.700124,2198400
hardzero_plus_depr__c0p50__z1p00__lam0p020__nu0p50__psi0p75,hardzero_plus_depr,0.06,36,687,0.0,2,0.087601684,0.087601684,1.0163774,0.0,0.09629917,0.0,0.0,2.0688788e-06,-26.802628,2.2360752,0.7453584,0.14400001,0.0,0.15324087,13.700124,13.720124,2201600
hardzero_plus_depr__c0p50__z1p00__lam0p020__nu0p50__psi0p75,hardzero_plus_depr,0.06,36,688,0.0,2,0.087601684,0.0876019,0.9729174,0.10643455,0.10643455,1.0,2.1692172e-07,2.0380762e-06,-25.32949,2.140461,0.713487,0.208,0.0,0.11821039,13.720124,13.740125,2204800
hardzero_plus_depr__c0p50__z1p00__lam0p020__nu0p50__psi0p75,hardzero_plus_depr,0.06,36,689,0.0,2,0.0876019,0.0876019,1.0586336,0.0,0.08737081,0.0,0.0,2.0077325e-06,-27.519344,2.3290403,0.7763468,0.14999999,0.0,0.16212858,13.740125,13.760125,2208000
hardzero_plus_depr__c0p50__z1p00__lam0p020__nu0p50__psi0p75,hardzero_plus_depr,0.06,36,690,0.0,2,0.0876019,0.087602116,0.9689556,0.10740992,0.10740992,1.0,2.1243972e-07,1.9778408e-06,-26.953184,2.1317449,0.71058166,0.17600001,0.0,0.14037265,13.760125,13.780126,2211200
hardzero_plus_depr__c0p50__z1p00__lam0p020__nu0p50__psi0p75,hardzero_plus_depr,0.06,36,691,0.0,2,0.087602116,0.087602116,1.0616353,0.0,0.08676904,0.0,0.0,1.948394e-06,-27.801373,2.3356442,0.7785481,0.104,0.0,0.16236521,13.780126,13.800126,2214400
hardzero_plus_depr__c0p50__z1p00__lam0p020__nu0p50__psi0p75,hardzero_plus_depr,0.06,36,692,0.0,2,0.087602116,0.087602116,1.0300984,0.0,0.09330428,0.0,0.0,1.9193856e-06,-27.304853,2.2662618,0.7554206,0.15200001,0.0,0.16410543,13.800126,13.820127,2217600
hardzero_plus_depr__c0p50__z1p00__lam0p020__nu0p50__psi0p75,hardzero_plus_depr,0.06,36,693,0.0,2,0.087602116,0.087602325,0.9624924,0.10902036,0.10902036,1.0,2.0613665e-07,1.8908087e-06,-26.31373,2.1175256,0.7058419,0.216,0.0,0.15411603,13.820127,13.840127,2220800
hardzero_plus_depr__c0p50__z1p00__lam0p020__nu0p50__psi0p75,hardzero_plus_depr,0.06,36,694,0.0,2,0.087602325,0.087602325,1.0024655,0.0,0.09943391,0.0,0.0,1.8626577e-06,-26.876358,2.2054682,0.73515606,0.192,0.0,0.14251949,13.840127,13.860127,2224000
hardzero_plus_depr__c0p50__z1p00__lam0p020__nu0p50__psi0p75,hardzero_plus_depr,0.06,36,695,0.0,2,0.087602325,0.08760252,0.97274095,0.10647779,0.10647779,1.0,1.9537885e-07,1.8349258e-06,-26.605314,2.1400728,0.7133576,0.18400002,0.0,0.13693075,13.860127,13.880128,2227200
hardzero_plus_depr__c0p50__z1p00__lam0p020__nu0p50__psi0p75,hardzero_plus_depr,0.06,36,696,0.0,2,0.08760252,0.08760252,1.0453929,0.0,0.09007558,0.0,0.0,1.8076066e-06,-27.446352,2.2999103,0.7666368,0.17600001,0.0,0.16175684,13.880128,13.900128,2230400
hardzero_plus_depr__c0p50__z1p00__lam0p020__nu0p50__psi0p75,hardzero_plus_depr,0.06,36,697,0.0,2,0.08760252,0.08760252,1.0654545,0.0,0.0860093,0.0,0.0,1.7806942e-06,-27.908764,2.3440466,0.7813489,0.112,0.0,0.15842333,13.900128,13.920129,2233600
hardzero_plus_depr__c0p50__z1p00__lam0p020__nu0p50__psi0p75,hardzero_plus_depr,0.06,36,698,0.0,2,0.08760252,0.087602705,0.9756222,0.10577373,0.10577373,1.0,1.8554645e-07,1.7541827e-06,-26.265217,2.1464117,0.71547055,0.16000001,0.0,0.1263496,13.920129,13.940129,2236800
hardzero_plus_depr__c0p50__z1p00__lam0p020__nu0p50__psi0p75,hardzero_plus_depr,0.06,36,699,0.0,2,0.087602705,0.087602705,1.0407846,0.0,0.09103647,0.0,0.0,1.7280657e-06,-28.321632,2.2897718,0.76325727,0.136,0.0,0.15056916,13.940129,13.96013,2240000
hardzero_plus_depr__c0p50__z1p00__lam0p020__nu0p50__psi0p75,hardzero_plus_depr,0.06,36,700,0.0,2,0.087602705,0.087602705,1.0311692,0.0,0.093074515,0.0,0.0,1.7023374e-06,-27.245146,2.2686174,0.7562058,0.14400001,0.0,0.13534129,13.96013,13.98013,2243200
hardzero_plus_depr__c0p50__z1p00__lam0p020__nu0p50__psi0p75,hardzero_plus_depr,0.06,36,701,0.0,2,0.087602705,0.087602876,0.99762183,0.100549094,0.100549094,1.0,1.6862005e-07,1.6769923e-06,-26.729893,2.1948118,0.731604,0.18400002,0.0,0.14716065,13.98013,14.000131,2246400
hardzero_plus_depr__c0p50__z1p00__lam0p020__nu0p50__psi0p75,hardzero_plus_depr,0.06,36,702,0.0,2,0.087602876,0.08760305,0.9855427,0.10338494,0.10338494,1.0,1.7079446e-07,1.6520246e-06,-26.622427,2.1682372,0.7227458,0.14,0.0,0.12927169,14.000131,14.020131,2249600
hardzero_plus_depr__c0p50__z1p00__lam0p020__nu0p50__psi0p75,hardzero_plus_depr,0.06,36,703,0.0,2,0.08760305,0.08760322,0.9869725,0.10304513,0.10304513,1.0,1.676986e-07,1.6274288e-06,-26.765497,2.171383,0.72379434,0.224,0.0,0.17132503,14.020131,14.040132,2252800
hardzero_plus_depr__c0p50__z1p00__lam0p020__nu0p50__psi0p75,hardzero_plus_depr,0.06,36,704,0.0,2,0.08760322,0.08760338,0.99596876,0.10093255,0.10093255,1.0,1.6181497e-07,1.6031989e-06,-27.042492,2.191175,0.7303917,0.224,0.0,0.16127531,14.040132,14.060132,2256000
hardzero_plus_depr__c0p50__z1p00__lam0p020__nu0p50__psi0p75,hardzero_plus_depr,0.06,36,705,0.0,2,0.08760338,0.08760355,0.9889832,0.10256914,0.10256914,1.0,1.6199049e-07,1.5793297e-06,-26.367924,2.1758065,0.72526884,0.192,0.0,0.17574316,14.060132,14.0801325,2259200
hardzero_plus_depr__c0p50__z1p00__lam0p020__nu0p50__psi0p75,hardzero_plus_depr,0.06,36,706,0.0,2,0.08760355,0.08760355,1.0784082,0.0,0.08348178,0.0,0.0,1.5558161e-06,-28.627682,2.3725455,0.7908485,0.14400001,0.0,0.16109896,14.0801325,14.100133,2262400
hardzero_plus_depr__c0p50__z1p00__lam0p020__nu0p50__psi0p75,hardzero_plus_depr,0.06,36,707,0.0,2,0.08760355,0.08760355,1.024463,0.0,0.09452287,0.0,0.0,1.5326526e-06,-26.946308,2.2538638,0.75128794,0.136,0.0,0.1340468,14.100133,14.120133,2265600
hardzero_plus_depr__c0p50__z1p00__lam0p020__nu0p50__psi0p75,hardzero_plus_depr,0.06,36,708,0.0,2,0.08760355,0.08760355,1.0109034,0.0,0.09752065,0.0,0.0,1.5098339e-06,-26.781723,2.2240317,0.7413439,0.14400001,0.0,0.13408956,14.120133,14.140134,2268800
hardzero_plus_depr__c0p50__z1p00__lam0p020__nu0p50__psi0p75,hardzero_plus_depr,0.06,36,709,0.0,2,0.08760355,0.08760355,1.0125233,0.0,0.097157575,0.0,0.0,1.4873548e-06,-27.098705,2.2275958,0.74253196,0.16000001,0.0,0.1299924,14.140134,14.160134,2272000
hardzero_plus_depr__c0p50__z1p00__lam0p020__nu0p50__psi0p75,hardzero_plus_depr,0.06,36,710,0.0,2,0.08760355,0.087603696,0.9939656,0.101399146,0.101399146,1.0,1.4857109e-07,1.4652104e-06,-27.395802,2.186768,0.7289227,0.136,0.0,0.15333618,14.160134,14.180135,2275200
hardzero_plus_depr__c0p50__z1p00__lam0p020__nu0p50__psi0p75,hardzero_plus_depr,0.06,36,711,0.0,2,0.087603696,0.087603696,1.0238799,0.0,0.09464988,0.0,0.0,1.4433958e-06,-27.495996,2.2525806,0.7508602,0.16800001,0.0,0.15014316,14.180135,14.200135,2278400
hardzero_plus_depr__c0p50__z1p00__lam0p020__nu0p50__psi0p75,hardzero_plus_depr,0.06,36,712,0.0,2,0.087603696,0.087603696,1.0151101,0.0,0.09658059,0.0,0.0,1.421906e-06,-27.22766,2.2332869,0.744429,0.128,0.0,0.1356402,14.200135,14.220136,2281600
hardzero_plus_depr__c0p50__z1p00__lam0p020__nu0p50__psi0p75,hardzero_plus_depr,0.06,36,713,0.0,2,0.087603696,0.087603696,1.0416014,0.0,0.090865396,0.0,0.0,1.4007361e-06,-27.4254,2.291569,0.76385635,0.192,0.0,0.18755463,14.220136,14.240136,2284800
hardzero_plus_depr__c0p50__z1p00__lam0p020__nu0p50__psi0p75,hardzero_plus_depr,0.06,36,714,0.0,2,0.087603696,0.08760384,0.9918642,0.101890974,0.101890974,1.0,1.4059746e-07,1.3798814e-06,-26.37591,2.1821449,0.72738165,0.2,0.008,0.14269497,14.240136,14.260137,2288000
hardzero_plus_depr__c0p50__z1p00__lam0p020__nu0p50__psi0p75,hardzero_plus_depr,0.06,36,715,0.0,2,0.08760384,0.08760398,0.9850082,0.103512265,0.103512265,1.0,1.4070805e-07,1.359337e-06,-25.595161,2.1670613,0.7223538,0.17,0.0,0.14281787,14.260137,14.280137,2291200
hardzero_plus_depr__c0p50__z1p00__lam0p020__nu0p50__psi0p75,hardzero_plus_depr,0.06,36,716,0.0,2,0.08760398,0.08760398,1.0222845,0.0,0.094998226,0.0,0.0,1.3390987e-06,-26.737345,2.249071,0.7496903,0.136,0.0,0.13434899,14.280137,14.3001375,2294400
hardzero_plus_depr__c0p50__z1p00__lam0p020__nu0p50__psi0p75,hardzero_plus_depr,0.06,36,717,0.0,2,0.08760398,0.08760411,0.99893475,0.10024559,0.10024559,1.0,1.3224015e-07,1.3191618e-06,-26.80672,2.1977003,0.7325668,0.18400002,0.0,0.14489813,14.3001375,14.320138,2297600
hardzero_plus_depr__c0p50__z1p00__lam0p020__nu0p50__psi0p75,hardzero_plus_depr,0.06,36,718,0.0,2,0.08760411,0.08760411,1.0432109,0.0,0.0905293,0.0,0.0,1.2995215e-06,-27.14159,2.2951097,0.7650366,0.136,0.0,0.14167939,14.320138,14.340138,2300800
hardzero_plus_depr__c0p50__z1p00__lam0p020__nu0p50__psi0p75,hardzero_plus_depr,0.06,36,719,0.0,2,0.08760411,0.08760411,1.0610366,0.0,0.08688871,0.0,0.0,1.2801736e-06,-27.759935,2.334327,0.778109,0.14400001,0.0,0.14587347,14.340138,14.360139,2304000
hardzero_plus_depr__c0p50__z1p00__lam0p020__nu0p50__psi0p75,hardzero_plus_depr,0.06,36,720,0.0,2,0.08760411,0.08760411,1.0612715,0.0,0.08684171,0.0,0.0,1.261114e-06,-27.83453,2.334844,0.7782814,0.104,0.0,0.15278225,14.360139,14.380139,2307200
hardzero_plus_depr__c0p50__z1p00__lam0p020__nu0p50__psi0p75,hardzero_plus_depr,0.06,36,721,0.0,2,0.08760411,0.08760411,1.0471736,0.0,0.089707,0.0,0.0,1.2423379e-06,-28.486834,2.303828,0.76794267,0.208,0.0,0.15846236,14.380139,14.40014,2310400
hardzero_plus_depr__c0p50__z1p00__lam0p020__nu0p50__psi0p75,hardzero_plus_depr,0.06,36,722,0.0,2,0.08760411,0.08760411,1.0521477,0.0,0.08868544,0.0,0.0,1.2238415e-06,-27.905035,2.3147712,0.7715904,0.16000001,0.0,0.15908028,14.40014,14.42014,2313600
hardzero_plus_depr__c0p50__z1p00__lam0p020__nu0p50__psi0p75,hardzero_plus_depr,0.06,36,723,0.0,2,0.08760411,0.08760411,1.0126749,0.0,0.09712367,0.0,0.0,1.2056205e-06,-27.28007,2.2279294,0.7426431,0.15200001,0.0,0.17605719,14.42014,14.440141,2316800
hardzero_plus_depr__c0p50__z1p00__lam0p020__nu0p50__psi0p75,hardzero_plus_depr,0.06,36,724,0.0,2,0.08760411,0.08760411,1.030951,0.0,0.09312129,0.0,0.0,1.1876707e-06,-26.863735,2.2681375,0.7560458,0.112,0.0,0.1404335,14.440141,14.460141,2320000
hardzero_plus_depr__c0p50__z1p00__lam0p020__nu0p50__psi0p75,hardzero_plus_depr,0.06,36,725,0.0,2,0.08760411,0.08760411,1.0418842,0.0,0.09080625,0.0,0.0,1.1699883e-06,-28.173298,2.292191,0.7640637,0.16000001,0.0,0.21256386,14.460141,14.480142,2323200
hardzero_plus_depr__c0p50__z1p00__lam0p020__nu0p50__psi0p75,hardzero_plus_depr,0.06,36,726,0.0,2,0.08760411,0.08760411,1.0236025,0.0,0.09471036,0.0,0.0,1.152569e-06,-26.91345,2.2519705,0.75065684,0.15200001,0.0,0.13769752,14.480142,14.500142,2326400
hardzero_plus_depr__c0p50__z1p00__lam0p020__nu0p50__psi0p75,hardzero_plus_depr,0.06,36,727,0.0,2,0.08760411,0.08760411,1.0215238,0.0,0.09516475,0.0,0.0,1.1354092e-06,-27.819033,2.2473972,0.7491324,0.128,0.0,0.15524134,14.500142,14.520143,2329600
hardzero_plus_depr__c0p50__z1p00__lam0p020__nu0p50__psi0p75,hardzero_plus_depr,0.06,36,728,0.0,2,0.08760411,0.08760423,0.97758335,0.10529715,0.10529715,1.0,1.1777535e-07,1.1185047e-06,-26.358982,2.1507263,0.7169088,0.17999999,0.0,0.13372742,14.520143,14.540143,2332800
hardzero_plus_depr__c0p50__z1p00__lam0p020__nu0p50__psi0p75,hardzero_plus_depr,0.06,36,729,0.0,2,0.08760423,0.08760423,1.034637,0.0,0.092334285,0.0,0.0,1.1018519e-06,-26.983244,2.2762468,0.75874895,0.17600001,0.0,0.21822022,14.540143,14.560143,2336000
hardzero_plus_depr__c0p50__z1p00__lam0p020__nu0p50__psi0p75,hardzero_plus_depr,0.06,36,730,0.0,2,0.08760423,0.08760423,1.0615209,0.0,0.08679187,0.0,0.0,1.0854471e-06,-28.401302,2.3353927,0.77846426,0.15200001,0.0,0.17357174,14.560143,14.580144,2339200
hardzero_plus_depr__c0p50__z1p00__lam0p020__nu0p50__psi0p75,hardzero_plus_depr,0.06,36,731,0.0,2,0.08760423,0.08760423,1.0544186,0.0,0.08822293,0.0,0.0,1.0692866e-06,-27.917324,2.3197672,0.77325577,0.120000005,0.0,0.18882453,14.580144,14.600144,2342400
hardzero_plus_depr__c0p50__z1p00__lam0p020__nu0p50__psi0p75,hardzero_plus_depr,0.06,36,732,0.0,2,0.08760423,0.087604344,0.9872574,0.10297756,0.10297756,1.0,1.08473124e-07,1.0533666e-06,-26.536968,2.1720097,0.72400326,0.2,0.0,0.13052893,14.600144,14.620145,2345600
hardzero_plus_depr__c0p50__z1p00__lam0p020__nu0p50__psi0p75,hardzero_plus_depr,0.06,36,733,0.0,2,0.087604344,0.087604344,1.0403166,0.0,0.09113463,0.0,0.0,1.0376837e-06,-28.41633,2.2887423,0.7629141,0.2,0.0,0.17015629,14.620145,14.640145,2348800
hardzero_plus_depr__c0p50__z1p00__lam0p020__nu0p50__psi0p75,hardzero_plus_depr,0.06,36,734,0.0,2,0.087604344,0.087604344,1.077463,0.0,0.08366367,0.0,0.0,1.0222342e-06,-27.382172,2.370466,0.79015535,0.15200001,0.0,0.14052415,14.640145,14.660146,2352000
hardzero_plus_depr__c0p50__z1p00__lam0p020__nu0p50__psi0p75,hardzero_plus_depr,0.06,36,735,0.0,2,0.087604344,0.08760445,0.9815008,0.1043516,0.1043516,1.0,1.050836e-07,1.0070147e-06,-27.03844,2.159345,0.71978164,0.15200001,0.0,0.15554634,14.660146,14.680146,2355200
hardzero_plus_depr__c0p50__z1p00__lam0p020__nu0p50__psi0p75,hardzero_plus_depr,0.06,36,736,0.0,2,0.08760445,0.08760445,1.014079,0.0,0.09681018,0.0,0.0,9.92022e-07,-27.605362,2.2310183,0.7436728,0.128,0.0,0.1329968,14.680146,14.700147,2358400
hardzero_plus_depr__c0p50__z1p00__lam0p020__nu0p50__psi0p75,hardzero_plus_depr,0.06,36,737,0.0,2,0.08760445,0.08760445,1.0504607,0.0,0.08903061,0.0,0.0,9.772523e-07,-27.298178,2.3110597,0.77035326,0.17600001,0.0,0.15024574,14.700147,14.720147,2361600
hardzero_plus_depr__c0p50__z1p00__lam0p020__nu0p50__psi0p75,hardzero_plus_depr,0.06,36,738,0.0,2,0.08760445,0.08760455,0.97605836,0.10566754,0.10566754,1.0,1.0172642e-07,9.627026e-07,-26.766735,2.1473713,0.71579045,0.192,0.0,0.13902254,14.720147,14.740148,2364800
hardzero_plus_depr__c0p50__z1p00__lam0p020__nu0p50__psi0p75,hardzero_plus_depr,0.06,36,739,0.0,2,0.08760455,0.08760455,1.0022209,0.0,0.09948992,0.0,0.0,9.483694e-07,-26.53552,2.2049298,0.73497665,0.2,0.0,0.14776282,14.740148,14.760148,2368000
hardzero_plus_depr__c0p50__z1p00__lam0p020__nu0p50__psi0p75,hardzero_plus_depr,0.06,36,740,0.0,2,0.08760455,0.08760455,1.0165356,0.0,0.0962641,0.0,0.0,9.3424984e-07,-26.171381,2.236423,0.74547434,0.112,0.0,0.14039414,14.760148,14.7801485,2371200
hardzero_plus_depr__c0p50__z1p00__lam0p020__nu0p50__psi0p75,hardzero_plus_depr,0.06,36,741,0.0,2,0.08760455,0.08760455,1.0366966,0.0,0.09189744,0.0,0.0,9.2034037e-07,-27.458036,2.280778,0.76025933,0.17,0.0,0.16551438,14.7801485,14.800149,2374400
hardzero_plus_depr__c0p50__z1p00__lam0p020__nu0p50__psi0p75,hardzero_plus_depr,0.06,36,742,0.0,2,0.08760455,0.08760455,1.0280944,0.0,0.09373581,0.0,0.0,9.0663787e-07,-27.423565,2.261853,0.753951,0.136,0.0,0.15863678,14.800149,14.820149,2377600
hardzero_plus_depr__c0p50__z1p00__lam0p020__nu0p50__psi0p75,hardzero_plus_depr,0.06,36,743,0.0,2,0.08760455,0.08760464,0.999625,0.10008637,0.10008637,1.0,8.939108e-08,8.9313943e-07,-26.905981,2.199219,0.733073,0.128,0.0,0.12274127,14.820149,14.84015,2380800
hardzero_plus_depr__c0p50__z1p00__lam0p020__nu0p50__psi0p75,hardzero_plus_depr,0.06,36,744,0.0,2,0.08760464,0.08760464,1.0406744,0.0,0.091059566,0.0,0.0,8.798421e-07,-27.04426,2.2895296,0.76317656,0.136,0.0,0.14695524,14.84015,14.86015,2384000
hardzero_plus_depr__c0p50__z1p00__lam0p020__nu0p50__psi0p75,hardzero_plus_depr,0.06,36,745,0.0,2,0.08760464,0.08760464,1.0034783,0.0,0.099202305,0.0,0.0,8.6674265e-07,-26.914156,2.2076964,0.73589885,0.18400002,0.0,0.15398686,14.86015,14.880151,2387200
hardzero_plus_depr__c0p50__z1p00__lam0p020__nu0p50__psi0p75,hardzero_plus_depr,0.06,36,746,0.0,2,0.08760464,0.08760464,1.0328056,0.0,0.09272447,0.0,0.0,8.538383e-07,-28.207306,2.2722175,0.7574059,0.136,0.0,0.16473038,14.880151,14.900151,2390400
hardzero_plus_depr__c0p50__z1p00__lam0p020__nu0p50__psi0p75,hardzero_plus_depr,0.06,36,747,0.0,2,0.08760464,0.08760464,1.1056445,0.0,0.07840712,0.0,0.0,8.4112594e-07,-28.545477,2.4324665,0.8108222,0.14400001,0.008,0.1673687,14.900151,14.920152,2393600
hardzero_plus_depr__c0p50__z1p00__lam0p020__nu0p50__psi0p75,hardzero_plus_depr,0.06,36,748,0.0,2,0.08760464,0.08760464,1.0149659,0.0,0.09661266,0.0,0.0,8.286029e-07,-26.7601,2.2329695,0.7443232,0.16000001,0.0,0.1344647,14.920152,14.940152,2396800
hardzero_plus_depr__c0p50__z1p00__lam0p020__nu0p50__psi0p75,hardzero_plus_depr,0.06,36,749,0.0,2,0.08760464,0.08760464,1.0016974,0.0,0.09960992,0.0,0.0,8.162664e-07,-26.653929,2.2037783,0.7345928,0.23200001,0.0,0.14097905,14.940152,14.960153,2400000
hardzero_plus_depr__c0p50__z1p00__lam0p020__nu0p50__psi0p75,hardzero_plus_depr,0.06,36,750,0.0,2,0.08760464,0.08760464,1.0284501,0.0,0.09365907,0.0,0.0,8.041135e-07,-27.726969,2.2626355,0.75421184,0.14400001,0.0,0.17033423,14.960153,14.980153,2403200
hardzero_plus_depr__c0p50__z1p00__lam0p020__nu0p50__psi0p75,hardzero_plus_depr,0.06,36,751,0.0,2,0.08760464,0.087604724,0.99080634,0.10213947,0.10213947,1.0,8.0908926e-08,7.921416e-07,-26.83424,2.1798174,0.72660583,0.136,0.0,0.14401488,14.980153,15.000154,2406400
hardzero_plus_depr__c0p50__z1p00__lam0p020__nu0p50__psi0p75,hardzero_plus_depr,0.06,36,752,0.0,2,0.087604724,0.087604724,1.0474563,0.0,0.08964866,0.0,0.0,7.8034776e-07,-27.526022,2.3044498,0.76815,0.112,0.0,0.16294459,15.000154,15.020154,2409600
hardzero_plus_depr__c0p50__z1p00__lam0p020__nu0p50__psi0p75,hardzero_plus_depr,0.06,36,753,0.0,2,0.087604724,0.087604724,1.0335845,0.0,0.09255833,0.0,0.0,7.6872965e-07,-27.556349,2.2739313,0.7579771,0.120000005,0.0,0.13739654,15.020154,15.040154,2412800
hardzero_plus_depr__c0p50__z1p00__lam0p020__nu0p50__psi0p75,hardzero_plus_depr,0.06,36,754,0.0,2,0.087604724,0.087604724,1.042466,0.0,0.09068468,0.0,0.0,7.572845e-07,-27.767668,2.293471,0.76449037,0.17,0.0,0.14169951,15.040154,15.060155,2416000
hardzero_plus_depr__c0p50__z1p00__lam0p020__nu0p50__psi0p75,hardzero_plus_depr,0.06,36,755,0.0,2,0.087604724,0.0876048,0.9830621,0.10397715,0.10397715,1.0,7.756797e-08,7.4600973e-07,-26.72154,2.1627798,0.72092664,0.17600001,0.0,0.14021197,15.060155,15.080155,2419200
hardzero_plus_depr__c0p50__z1p00__lam0p020__nu0p50__psi0p75,hardzero_plus_depr,0.06,36,756,0.0,2,0.0876048,0.0876048,1.0375993,0.0,0.091706604,0.0,0.0,7.3490287e-07,-26.838741,2.2827642,0.7609214,0.136,0.0,0.16872561,15.080155,15.100156,2422400
hardzero_plus_depr__c0p50__z1p00__lam0p020__nu0p50__psi0p75,hardzero_plus_depr,0.06,36,757,0.0,2,0.0876048,0.08760488,0.96177834,0.109199755,0.109199755,1.0,7.90564e-08,7.239613e-07,-26.420937,2.1159546,0.7053182,0.15200001,0.0,0.14965726,15.100156,15.120156,2425600
hardzero_plus_depr__c0p50__z1p00__lam0p020__nu0p50__psi0p75,hardzero_plus_depr,0.06,36,758,0.0,2,0.08760488,0.08760488,1.0642381,0.0,0.08625055,0.0,0.0,7.131827e-07,-27.993275,2.3413706,0.7804569,0.16000001,0.0,0.16447474,15.120156,15.140157,2428800
hardzero_plus_depr__c0p50__z1p00__lam0p020__nu0p50__psi0p75,hardzero_plus_depr,0.06,36,759,0.0,2,0.08760488,0.08760488,1.0502213,0.0,0.08907967,0.0,0.0,7.0256453e-07,-27.441912,2.310533,0.7701777,0.120000005,0.0,0.14814138,15.140157,15.160157,2432000
hardzero_plus_depr__c0p50__z1p00__lam0p020__nu0p50__psi0p75,hardzero_plus_depr,0.06,36,760,0.0,2,0.08760488,0.087604955,0.9654391,0.10828315,0.10828315,1.0,7.494325e-08,6.921045e-07,-26.173277,2.1240084,0.7080028,0.18400002,0.008,0.15431993,15.160157,15.180158,2435200
hardzero_plus_depr__c0p50__z1p00__lam0p020__nu0p50__psi0p75,hardzero_plus_depr,0.06,36,761,0.0,2,0.087604955,0.087604955,1.0346519,0.0,0.09233112,0.0,0.0,6.818002e-07,-27.54173,2.2762794,0.75875986,0.15200001,0.0,0.15958098,15.180158,15.200158,2438400
hardzero_plus_depr__c0p50__z1p00__lam0p020__nu0p50__psi0p75,hardzero_plus_depr,0.06,36,762,0.0,2,0.087604955,0.087604955,1.082914,0.0,0.08262015,0.0,0.0,6.716493e-07,-29.070992,2.3824584,0.79415286,0.224,0.0,0.21417898,15.200158,15.220159,2441600
hardzero_plus_depr__c0p50__z1p00__lam0p020__nu0p50__psi0p75,hardzero_plus_depr,0.06,36,763,0.0,2,0.087604955,0.087604955,1.036518,0.0,0.09193524,0.0,0.0,6.616495e-07,-26.887648,2.280385,0.7601284,0.104,0.0,0.12271411,15.220159,15.240159,2444800
hardzero_plus_depr__c0p50__z1p00__lam0p020__nu0p50__psi0p75,hardzero_plus_depr,0.06,36,764,0.0,2,0.087604955,0.08760502,0.9883217,0.102725506,0.102725506,1.0,6.695634e-08,6.517986e-07,-25.991634,2.1743512,0.7247838,0.15200001,0.0,0.13276939,15.240159,15.2601595,2448000
hardzero_plus_depr__c0p50__z1p00__lam0p020__nu0p50__psi0p75,hardzero_plus_depr,0.06,36,765,0.0,2,0.08760502,0.08760502,1.0254889,0.0,0.094299875,0.0,0.0,6.420944e-07,-26.891954,2.2561204,0.75204015,0.120000005,0.0,0.14233778,15.2601595,15.28016,2451200
hardzero_plus_depr__c0p50__z1p00__lam0p020__nu0p50__psi0p75,hardzero_plus_depr,0.06,36,766,0.0,2,0.08760502,0.08760502,1.0155743,0.0,0.096477404,0.0,0.0,6.325346e-07,-26.716436,2.2343082,0.74476945,0.104,0.0,0.14078486,15.28016,15.30016,2454400
hardzero_plus_depr__c0p50__z1p00__lam0p020__nu0p50__psi0p75,hardzero_plus_depr,0.06,36,767,0.0,2,0.08760502,0.08760502,1.0841705,0.0,0.082381465,0.0,0.0,6.2311716e-07,-28.235962,2.3852227,0.7950742,0.12,0.0,0.16345264,15.30016,15.320161,2457600
hardzero_plus_depr__c0p50__z1p00__lam0p020__nu0p50__psi0p75,hardzero_plus_depr,0.06,36,768,0.0,2,0.08760502,0.08760502,1.038383,0.0,0.09154128,0.0,0.0,6.138399e-07,-27.557951,2.2844882,0.76149607,0.16800001,0.0,0.15842947,15.320161,15.340161,2460800
hardzero_plus_depr__c0p50__z1p00__lam0p020__nu0p50__psi0p75,hardzero_plus_depr,0.06,36,769,0.0,2,0.08760502,0.08760509,0.97780854,0.105242565,0.105242565,1.0,6.364027e-08,6.0470086e-07,-26.224802,2.1512218,0.7170739,0.15200001,0.0,0.14437631,15.340161,15.360162,2464000
hardzero_plus_depr__c0p50__z1p00__lam0p020__nu0p50__psi0p75,hardzero_plus_depr,0.06,36,770,0.0,2,0.08760509,0.08760509,1.0015713,0.0,0.09963885,0.0,0.0,5.956978e-07,-26.525852,2.2035007,0.7345003,0.16000001,0.0,0.13845065,15.360162,15.380162,2467200
hardzero_plus_depr__c0p50__z1p00__lam0p020__nu0p50__psi0p75,hardzero_plus_depr,0.06,36,771,0.0,2,0.08760509,0.08760509,1.0501837,0.0,0.08908741,0.0,0.0,5.868289e-07,-27.905912,2.31045,0.77015007,0.136,0.0,0.15178399,15.380162,15.400163,2470400
hardzero_plus_depr__c0p50__z1p00__lam0p020__nu0p50__psi0p75,hardzero_plus_depr,0.06,36,772,0.0,2,0.08760509,0.08760509,1.0270029,0.0,0.0939717,0.0,0.0,5.7809194e-07,-27.38732,2.2594516,0.7531506,0.18400002,0.0,0.18873622,15.400163,15.420163,2473600
hardzero_plus_depr__c0p50__z1p00__lam0p020__nu0p50__psi0p75,hardzero_plus_depr,0.06,36,773,0.0,2,0.08760509,0.08760509,1.0446022,0.0,0.09023974,0.0,0.0,5.69485e-07,-27.178572,2.2981706,0.7660569,0.2,0.0,0.16730693,15.420163,15.440164,2476800
hardzero_plus_depr__c0p50__z1p00__lam0p020__nu0p50__psi0p75,hardzero_plus_depr,0.06,36,774,0.0,2,0.08760509,0.08760509,1.0425152,0.0,0.09067444,0.0,0.0,5.6100635e-07,-27.313837,2.293579,0.76452637,0.2,0.0,0.16500336,15.440164,15.460164,2480000
hardzero_plus_depr__c0p50__z1p00__lam0p020__nu0p50__psi0p75,hardzero_plus_depr,0.06,36,775,0.0,2,0.08760509,0.087605156,0.93065345,0.11731311,0.11731311,1.0,6.4833536e-08,5.5265383e-07,-25.060469,2.0474784,0.68249285,0.14400001,0.0,0.13597612,15.460164,15.480165,2483200
hardzero_plus_depr__c0p50__z1p00__lam0p020__nu0p50__psi0p75,hardzero_plus_depr,0.06,36,776,0.0,2,0.087605156,0.087605156,1.0484067,0.0,0.089452654,0.0,0.0,5.4442575e-07,-26.987814,2.306541,0.768847,0.14400001,0.0,0.14239644,15.480165,15.500165,2486400
hardzero_plus_depr__c0p50__z1p00__lam0p020__nu0p50__psi0p75,hardzero_plus_depr,0.06,36,777,0.0,2,0.087605156,0.087605156,1.0330206,0.0,0.09267857,0.0,0.0,5.3632004e-07,-27.936602,2.2726908,0.7575636,0.15200001,0.0,0.17927572,15.500165,15.520165,2489600
hardzero_plus_depr__c0p50__z1p00__lam0p020__nu0p50__psi0p75,hardzero_plus_depr,0.06,36,778,0.0,2,0.087605156,0.087605156,1.0598435,0.0,0.087127745,0.0,0.0,5.2833514e-07,-27.468353,2.3317022,0.7772341,0.128,0.0,0.17017825,15.520165,15.540166,2492800
hardzero_plus_depr__c0p50__z1p00__lam0p020__nu0p50__psi0p75,hardzero_plus_depr,0.06,36,779,0.0,2,0.087605156,0.087605156,1.0219758,0.0,0.09506579,0.0,0.0,5.2046903e-07,-26.456154,2.2483916,0.7494639,0.128,0.0,0.14955336,15.540166,15.560166,2496000
hardzero_plus_depr__c0p50__z1p00__lam0p020__nu0p50__psi0p75,hardzero_plus_depr,0.06,36,780,0.0,2,0.087605156,0.08760521,0.98460245,0.10360902,0.10360902,1.0,5.312243e-08,5.1272013e-07,-26.636698,2.1661687,0.72205627,0.17,0.0,0.13300651,15.560166,15.580167,2499200
hardzero_plus_depr__c0p50__z1p00__lam0p020__nu0p50__psi0p75,hardzero_plus_depr,0.06,36,781,0.0,2,0.08760521,0.08760526,0.99581355,0.10096864,0.10096864,1.0,5.0997897e-08,5.050865e-07,-26.145798,2.1908336,0.7302779,0.192,0.0,0.16205326,15.580167,15.600167,2502400
hardzero_plus_depr__c0p50__z1p00__lam0p020__nu0p50__psi0p75,hardzero_plus_depr,0.06,36,782,0.0,2,0.08760526,0.08760531,0.9854718,0.10340183,0.10340183,1.0,5.1449298e-08,4.975666e-07,-27.047934,2.1680813,0.7226938,0.17600001,0.0,0.14434144,15.600167,15.620168,2505600
hardzero_plus_depr__c0p50__z1p00__lam0p020__nu0p50__psi0p75,hardzero_plus_depr,0.06,36,783,0.0,2,0.08760531,0.087605365,0.9768081,0.1054853,0.1054853,1.0,5.170453e-08,4.9015864e-07,-26.747393,2.1490207,0.71634024,0.15200001,0.0,0.13682988,15.620168,15.640168,2508800
hardzero_plus_depr__c0p50__z1p00__lam0p020__nu0p50__psi0p75,hardzero_plus_depr,0.06,36,784,0.0,2,0.087605365,0.08760542,0.9943198,0.101316504,0.101316504,1.0,4.8921784e-08,4.8286097e-07,-26.34472,2.1875472,0.7291824,0.192,0.0,0.15463464,15.640168,15.660169,2512000
hardzero_plus_depr__c0p50__z1p00__lam0p020__nu0p50__psi0p75,hardzero_plus_depr,0.06,36,785,0.0,2,0.08760542,0.08760542,1.0224725,0.0,0.0949571,0.0,0.0,4.7567195e-07,-27.486101,2.2494843,0.7498281,0.16800001,0.0,0.14711872,15.660169,15.680169,2515200
hardzero_plus_depr__c0p50__z1p00__lam0p020__nu0p50__psi0p75,hardzero_plus_depr,0.06,36,786,0.0,2,0.08760542,0.08760542,1.0612792,0.0,0.086840205,0.0,0.0,4.6858995e-07,-27.810848,2.3348608,0.77828693,0.14400001,0.0,0.16559972,15.680169,15.70017,2518400
hardzero_plus_depr__c0p50__z1p00__lam0p020__nu0p50__psi0p75,hardzero_plus_depr,0.06,36,787,0.0,2,0.08760542,0.08760542,1.0241551,0.0,0.09458992,0.0,0.0,4.6161338e-07,-27.20335,2.2531862,0.7510621,0.128,0.0,0.13647935,15.70017,15.72017,2521600
hardzero_plus_depr__c0p50__z1p00__lam0p020__nu0p50__psi0p75,hardzero_plus_depr,0.06,36,788,0.0,2,0.08760542,0.08760542,1.0697926,0.0,0.08515445,0.0,0.0,4.5474067e-07,-27.739393,2.3535907,0.7845303,0.120000005,0.0,0.14477473,15.72017,15.7401705,2524800
hardzero_plus_depr__c0p50__z1p00__lam0p020__nu0p50__psi0p75,hardzero_plus_depr,0.06,36,789,0.0,2,0.08760542,0.08760546,0.992857,0.10165833,0.10165833,1.0,4.5539917e-08,4.4797034e-07,-26.794239,2.184329,0.7281097,0.14400001,0.0,0.12764105,15.7401705,15.760171,2528000
hardzero_plus_depr__c0p50__z1p00__lam0p020__nu0p50__psi0p75,hardzero_plus_depr,0.06,36,790,0.0,2,0.08760546,0.087605506,0.98118514,0.10442749,0.10442749,1.0,4.6083933e-08,4.4130078e-07,-27.071796,2.1586504,0.71955013,0.224,0.008,0.17099017,15.760171,15.780171,2531200
hardzero_plus_depr__c0p50__z1p00__lam0p020__nu0p50__psi0p75,hardzero_plus_depr,0.06,36,791,0.0,2,0.087605506,0.08760555,0.9596788,0.10972892,0.10972892,1.0,4.7702507e-08,4.347305e-07,-26.86924,2.1113355,0.7037785,0.17600001,0.0,0.14009292,15.780171,15.800172,2534400
hardzero_plus_depr__c0p50__z1p00__lam0p020__nu0p50__psi0p75,hardzero_plus_depr,0.06,36,792,0.0,2,0.08760555,0.087605596,0.9905184,0.10220723,0.10220723,1.0,4.377107e-08,4.2825806e-07,-26.610437,2.179184,0.72639465,0.15200001,0.0,0.13244176,15.800172,15.820172,2537600
hardzero_plus_depr__c0p50__z1p00__lam0p020__nu0p50__psi0p75,hardzero_plus_depr,0.06,36,793,0.0,2,0.087605596,0.087605596,1.0372572,0.0,0.091778904,0.0,0.0,4.2188196e-07,-27.346209,2.2820115,0.76067054,0.13,0.0,0.1354979,15.820172,15.840173,2540800
hardzero_plus_depr__c0p50__z1p00__lam0p020__nu0p50__psi0p75,hardzero_plus_depr,0.06,36,794,0.0,2,0.087605596,0.08760564,0.99249053,0.10174417,0.10174417,1.0,4.228496e-08,4.1560082e-07,-27.135807,2.1835227,0.7278409,0.128,0.0,0.1385277,15.840173,15.860173,2544000
hardzero_plus_depr__c0p50__z1p00__lam0p020__nu0p50__psi0p75,hardzero_plus_depr,0.06,36,795,0.0,2,0.08760564,0.087605685,0.99403477,0.10138303,0.10138303,1.0,4.1507555e-08,4.0941325e-07,-26.213057,2.1869202,0.7289734,0.208,0.0,0.13739316,15.860173,15.880174,2547200
hardzero_plus_depr__c0p50__z1p00__lam0p020__nu0p50__psi0p75,hardzero_plus_depr,0.06,36,796,0.0,2,0.087605685,0.087605685,1.0285687,0.0,0.09363349,0.0,0.0,4.0331773e-07,-26.490324,2.2628965,0.75429887,0.14400001,0.0,0.15893215,15.880174,15.900174,2550400
hardzero_plus_depr__c0p50__z1p00__lam0p020__nu0p50__psi0p75,hardzero_plus_depr,0.06,36,797,0.0,2,0.087605685,0.087605685,1.0463465,0.0,0.08987801,0.0,0.0,3.9731293e-07,-27.91001,2.3020084,0.76733613,0.14400001,0.0,0.1434034,15.900174,15.920175,2553600
hardzero_plus_depr__c0p50__z1p00__lam0p020__nu0p50__psi0p75,hardzero_plus_depr,0.06,36,798,0.0,2,0.087605685,0.087605685,1.0792903,0.0,0.083312415,0.0,0.0,3.9139758e-07,-27.831818,2.374486,0.7914953,0.14400001,0.0,0.16764648,15.920175,15.940175,2556800
hardzero_plus_depr__c0p50__z1p00__lam0p020__nu0p50__psi0p75,hardzero_plus_depr,0.06,36,799,0.0,2,0.087605685,0.087605685,1.0327622,0.0,0.09273373,0.0,0.0,3.8557033e-07,-26.95381,2.2721221,0.75737405,0.15200001,0.0,0.15181248,15.940175,15.9601755,2560000
hardzero_plus_depr__c0p50__z1p00__lam0p020__nu0p50__psi0p75,hardzero_plus_depr,0.06,36,800,0.0,2,0.087605685,0.087605685,1.0009085,0.0,0.09979103,0.0,0.0,3.798298e-07,-27.911905,2.2020426,0.7340142,0.112,0.0,0.15803267,15.9601755,15.980176,2563200
hardzero_plus_depr__c0p50__z1p00__lam0p020__nu0p50__psi0p75,hardzero_plus_depr,0.06,36,801,0.0,2,0.087605685,0.08760572,0.9933885,0.101534,0.101534,1.0,3.799146e-08,3.7417473e-07,-26.887192,2.1854982,0.7284994,0.216,0.0,0.135841,15.980176,16.000175,2566400
hardzero_plus_depr__c0p50__z1p00__lam0p020__nu0p50__psi0p75,hardzero_plus_depr,0.06,36,802,0.0,2,0.08760572,0.08760576,0.98404264,0.10374265,0.10374265,1.0,3.823998e-08,3.6860422e-07,-27.078903,2.164937,0.7216457,0.18400002,0.0,0.14082082,16.000175,16.020176,2569600
hardzero_plus_depr__c0p50__z1p00__lam0p020__nu0p50__psi0p75,hardzero_plus_depr,0.06,36,803,0.0,2,0.08760576,0.08760576,1.0530527,0.0,0.08850082,0.0,0.0,3.6311633e-07,-27.960318,2.3167622,0.7722541,0.112,0.0,0.15545528,16.020176,16.040176,2572800
hardzero_plus_depr__c0p50__z1p00__lam0p020__nu0p50__psi0p75,hardzero_plus_depr,0.06,36,804,0.0,2,0.08760576,0.08760576,1.0340059,0.0,0.09246856,0.0,0.0,3.5771006e-07,-27.265646,2.2748585,0.7582862,0.128,0.0,0.1399068,16.040176,16.060177,2576000
hardzero_plus_depr__c0p50__z1p00__lam0p020__nu0p50__psi0p75,hardzero_plus_depr,0.06,36,805,0.0,2,0.08760576,0.08760576,1.0488187,0.0,0.08936786,0.0,0.0,3.5238435e-07,-27.187737,2.3074472,0.76914907,0.136,0.0,0.17540379,16.060177,16.080177,2579200
hardzero_plus_depr__c0p50__z1p00__lam0p020__nu0p50__psi0p75,hardzero_plus_depr,0.06,36,806,0.0,2,0.08760576,0.08760576,1.0104629,0.0,0.097619615,0.0,0.0,3.471379e-07,-26.31891,2.2230628,0.7410209,0.19999999,0.0,0.1370989,16.080177,16.100178,2582400
hardzero_plus_depr__c0p50__z1p00__lam0p020__nu0p50__psi0p75,hardzero_plus_depr,0.06,36,807,0.0,2,0.08760576,0.08760576,1.1026672,0.0,0.078946486,0.0,0.0,3.4196958e-07,-27.603903,2.4259162,0.80863875,0.112,0.0,0.1705628,16.100178,16.120178,2585600
hardzero_plus_depr__c0p50__z1p00__lam0p020__nu0p50__psi0p75,hardzero_plus_depr,0.06,36,808,0.0,2,0.08760576,0.08760576,1.0684643,0.0,0.08541532,0.0,0.0,3.368782e-07,-28.459959,2.3506684,0.78355616,0.14400001,0.0,0.16560552,16.120178,16.140179,2588800
hardzero_plus_depr__c0p50__z1p00__lam0p020__nu0p50__psi0p75,hardzero_plus_depr,0.06,36,809,0.0,2,0.08760576,0.08760576,1.057693,0.0,0.087560244,0.0,0.0,3.3186262e-07,-27.952423,2.326971,0.77565706,0.136,0.0,0.15997033,16.140179,16.16018,2592000
hardzero_plus_depr__c0p50__z1p00__lam0p020__nu0p50__psi0p75,hardzero_plus_depr,0.06,36,810,0.0,2,0.08760576,0.08760576,1.0630076,0.0,0.08649528,0.0,0.0,3.269217e-07,-27.258888,2.3386633,0.7795545,0.14400001,0.0,0.17599986,16.16018,16.18018,2595200
hardzero_plus_depr__c0p50__z1p00__lam0p020__nu0p50__psi0p75,hardzero_plus_depr,0.06,36,811,0.0,2,0.08760576,0.08760576,1.0285785,0.0,0.09363139,0.0,0.0,3.2205438e-07,-27.899094,2.262918,0.754306,0.16000001,0.0,0.15219574,16.18018,16.20018,2598400
hardzero_plus_depr__c0p50__z1p00__lam0p020__nu0p50__psi0p75,hardzero_plus_depr,0.06,36,812,0.0,2,0.08760576,0.08760576,1.0448512,0.0,0.09018801,0.0,0.0,3.172595e-07,-26.84978,2.2987185,0.7662395,0.192,0.0,0.15908583,16.20018,16.22018,2601600
hardzero_plus_depr__c0p50__z1p00__lam0p020__nu0p50__psi0p75,hardzero_plus_depr,0.06,36,813,0.0,2,0.08760576,0.08760576,1.0283419,0.0,0.093682416,0.0,0.0,3.1253603e-07,-26.527744,2.2623973,0.75413245,0.104,0.0,0.1628931,16.22018,16.240181,2604800
hardzero_plus_depr__c0p50__z1p00__lam0p020__nu0p50__psi0p75,hardzero_plus_depr,0.06,36,814,0.0,2,0.08760576,0.08760579,0.9756766,0.10576047,0.10576047,1.0,3.2561836e-08,3.0788286e-07,-26.456837,2.1465313,0.7155105,0.208,0.0,0.14991646,16.240181,16.260181,2608000
hardzero_plus_depr__c0p50__z1p00__lam0p020__nu0p50__psi0p75,hardzero_plus_depr,0.06,36,815,0.0,2,0.08760579,0.08760579,1.0593235,0.0,0.087232105,0.0,0.0,3.0329898e-07,-28.712543,2.3305583,0.7768528,0.15200001,0.0,0.18420967,16.260181,16.280182,2611200
hardzero_plus_depr__c0p50__z1p00__lam0p020__nu0p50__psi0p75,hardzero_plus_depr,0.06,36,816,0.0,2,0.08760579,0.08760579,1.0153201,0.0,0.09653392,0.0,0.0,2.9878333e-07,-27.340054,2.2337487,0.7445829,0.15200001,0.0,0.15447924,16.280182,16.300182,2614400
hardzero_plus_depr__c0p50__z1p00__lam0p020__nu0p50__psi0p75,hardzero_plus_depr,0.06,36,817,0.0,2,0.08760579,0.08760579,1.0201868,0.0,0.09545819,0.0,0.0,2.9433494e-07,-26.801323,2.2444558,0.74815196,0.18400002,0.0,0.13052258,16.300182,16.320183,2617600
hardzero_plus_depr__c0p50__z1p00__lam0p020__nu0p50__psi0p75,hardzero_plus_depr,0.06,36,818,0.0,2,0.08760579,0.08760579,1.0593168,0.0,0.087233484,0.0,0.0,2.8995277e-07,-28.033134,2.3305435,0.77684784,0.128,0.0,0.16331276,16.320183,16.340183,2620800
hardzero_plus_depr__c0p50__z1p00__lam0p020__nu0p50__psi0p75,hardzero_plus_depr,0.06,36,819,0.0,2,0.08760579,0.08760579,1.0057088,0.0,0.09869411,0.0,0.0,2.856358e-07,-27.094957,2.2126036,0.7375345,0.14999999,0.0,0.1284499,16.340183,16.360184,2624000
hardzero_plus_depr__c0p50__z1p00__lam0p020__nu0p50__psi0p75,hardzero_plus_depr,0.06,36,820,0.0,2,0.08760579,0.08760582,0.99327976,0.101559415,0.101559415,1.0,2.857711e-08,2.8138317e-07,-26.649006,2.185259,0.7284197,0.18400002,0.0,0.14291207,16.360184,16.380184,2627200
hardzero_plus_depr__c0p50__z1p00__lam0p020__nu0p50__psi0p75,hardzero_plus_depr,0.06,36,821,0.0,2,0.08760582,0.08760582,1.0246172,0.0,0.09448932,0.0,0.0,2.771938e-07,-27.217321,2.2542028,0.75140095,0.16000001,0.0,0.15813415,16.380184,16.400185,2630400
hardzero_plus_depr__c0p50__z1p00__lam0p020__nu0p50__psi0p75,hardzero_plus_depr,0.06,36,822,0.0,2,0.08760582,0.08760582,1.0349091,0.0,0.092276454,0.0,0.0,2.7306686e-07,-26.87624,2.2768455,0.7589485,0.120000005,0.0,0.14742082,16.400185,16.420185,2633600
hardzero_plus_depr__c0p50__z1p00__lam0p020__nu0p50__psi0p75,hardzero_plus_depr,0.06,36,823,0.0,2,0.08760582,0.08760585,0.9928922,0.10165009,0.10165009,1.0,2.734401e-08,2.6900133e-07,-26.875584,2.1844065,0.7281355,0.23200001,0.0,0.16893528,16.420185,16.440186,2636800
hardzero_plus_depr__c0p50__z1p00__lam0p020__nu0p50__psi0p75,hardzero_plus_depr,0.06,36,824,0.0,2,0.08760585,0.08760588,0.9868391,0.10307677,0.10307677,1.0,2.7314965e-08,2.6499632e-07,-26.863878,2.1710894,0.7236965,0.16000001,0.0,0.16736639,16.440186,16.460186,2640000
hardzero_plus_depr__c0p50__z1p00__lam0p020__nu0p50__psi0p75,hardzero_plus_depr,0.06,36,825,0.0,2,0.08760588,0.08760588,1.0159521,0.0,0.09639354,0.0,0.0,2.6105093e-07,-26.631638,2.2351394,0.7450465,0.14400001,0.0,0.14422987,16.460186,16.480186,2643200
hardzero_plus_depr__c0p50__z1p00__lam0p020__nu0p50__psi0p75,hardzero_plus_depr,0.06,36,826,0.0,2,0.08760588,0.08760588,1.0399402,0.0,0.091213614,0.0,0.0,2.5716432e-07,-27.217216,2.2879143,0.7626381,0.120000005,0.0,0.15396361,16.480186,16.500187,2646400
hardzero_plus_depr__c0p50__z1p00__lam0p020__nu0p50__psi0p75,hardzero_plus_depr,0.06,36,827,0.0,2,0.08760588,0.0876059,0.9948018,0.10120413,0.10120413,1.0,2.5638602e-08,2.5333554e-07,-26.843506,2.1886077,0.72953594,0.112,0.0,0.15479775,16.500187,16.520187,2649600
hardzero_plus_depr__c0p50__z1p00__lam0p020__nu0p50__psi0p75,hardzero_plus_depr,0.06,36,828,0.0,2,0.0876059,0.0876059,1.0194731,0.0,0.09561519,0.0,0.0,2.4956378e-07,-28.095985,2.2428856,0.74762857,0.18400002,0.0,0.17689863,16.520187,16.540188,2652800
hardzero_plus_depr__c0p50__z1p00__lam0p020__nu0p50__psi0p75,hardzero_plus_depr,0.06,36,829,0.0,2,0.0876059,0.0876059,1.0313798,0.0,0.093029395,0.0,0.0,2.4584818e-07,-27.215874,2.2690809,0.7563603,0.120000005,0.0,0.14390717,16.540188,16.560188,2656000
hardzero_plus_depr__c0p50__z1p00__lam0p020__nu0p50__psi0p75,hardzero_plus_depr,0.06,36,830,0.0,2,0.0876059,0.0876059,1.0188444,0.0,0.095753714,0.0,0.0,2.4218792e-07,-27.442389,2.2415023,0.74716747,0.15200001,0.0,0.15863301,16.560188,16.580189,2659200
hardzero_plus_depr__c0p50__z1p00__lam0p020__nu0p50__psi0p75,hardzero_plus_depr,0.06,36,831,0.0,2,0.0876059,0.0876059,1.0374193,0.0,0.09174464,0.0,0.0,2.3858212e-07,-27.430391,2.2823682,0.7607894,0.16000001,0.0,0.15634222,16.580189,16.60019,2662400
hardzero_plus_depr__c0p50__z1p00__lam0p020__nu0p50__psi0p75,hardzero_plus_depr,0.06,36,832,0.0,2,0.0876059,0.0876059,1.0140421,0.0,0.096818395,0.0,0.0,2.3503e-07,-27.60814,2.2309372,0.7436458,0.16,0.0,0.17631415,16.60019,16.62019,2665600
hardzero_plus_depr__c0p50__z1p00__lam0p020__nu0p50__psi0p75,hardzero_plus_depr,0.06,36,833,0.0,2,0.0876059,0.0876059,1.0142583,0.0,0.09677021,0.0,0.0,2.3153078e-07,-26.936369,2.2314126,0.7438042,0.208,0.0,0.14813443,16.62019,16.64019,2668800
hardzero_plus_depr__c0p50__z1p00__lam0p020__nu0p50__psi0p75,hardzero_plus_depr,0.06,36,834,0.0,2,0.0876059,0.08760592,0.9957154,0.10099146,0.10099146,1.0,2.3034502e-08,2.2808366e-07,-27.758049,2.1906176,0.7302059,0.14400001,0.0,0.16666226,16.64019,16.66019,2672000
hardzero_plus_depr__c0p50__z1p00__lam0p020__nu0p50__psi0p75,hardzero_plus_depr,0.06,36,835,0.0,2,0.08760592,0.08760592,1.0265474,0.0,0.09407031,0.0,0.0,2.2468785e-07,-27.75139,2.2584496,0.75281656,0.104,0.0,0.1414204,16.66019,16.680191,2675200
hardzero_plus_depr__c0p50__z1p00__lam0p020__nu0p50__psi0p75,hardzero_plus_depr,0.06,36,836,0.0,2,0.08760592,0.087605946,0.9545685,0.11102775,0.11102775,1.0,2.4575172e-08,2.2134262e-07,-26.473185,2.1000926,0.7000309,0.18400002,0.0,0.14212851,16.680191,16.700191,2678400
hardzero_plus_depr__c0p50__z1p00__lam0p020__nu0p50__psi0p75,hardzero_plus_depr,0.06,36,837,0.0,2,0.087605946,0.087605946,1.0093849,0.0,0.09786222,0.0,0.0,2.1804719e-07,-27.329327,2.220691,0.7402303,0.16800001,0.0,0.13763864,16.700191,16.720192,2681600
hardzero_plus_depr__c0p50__z1p00__lam0p020__nu0p50__psi0p75,hardzero_plus_depr,0.06,36,838,0.0,2,0.087605946,0.087605946,1.0002903,0.0,0.09993319,0.0,0.0,2.1480082e-07,-27.77197,2.2006826,0.7335609,0.192,0.0,0.15133993,16.720192,16.740192,2684800
hardzero_plus_depr__c0p50__z1p00__lam0p020__nu0p50__psi0p75,hardzero_plus_depr,0.06,36,839,0.0,2,0.087605946,0.087605946,1.0581616,0.0,0.087465815,0.0,0.0,2.1160278e-07,-28.126913,2.328002,0.7760007,0.17600001,0.0,0.17277595,16.740192,16.760193,2688000
hardzero_plus_depr__c0p50__z1p00__lam0p020__nu0p50__psi0p75,hardzero_plus_depr,0.06,36,840,0.0,2,0.087605946,0.087605946,1.0106013,0.0,0.097588524,0.0,0.0,2.0845233e-07,-27.009127,2.2233672,0.7411224,0.2,0.0,0.14772187,16.760193,16.780193,2691200
hardzero_plus_depr__c0p50__z1p00__lam0p020__nu0p50__psi0p75,hardzero_plus_depr,0.06,36,841,0.0,2,0.087605946,0.087605946,1.0542579,0.0,0.088255554,0.0,0.0,2.0534883e-07,-27.879814,2.3194137,0.7731379,0.16800001,0.0,0.15395755,16.780193,16.800194,2694400
hardzero_plus_depr__c0p50__z1p00__lam0p020__nu0p50__psi0p75,hardzero_plus_depr,0.06,36,842,0.0,2,0.087605946,0.08760597,0.9828475,0.10402852,0.10402852,1.0,2.1044086e-08,2.022915e-07,-26.271482,2.1623077,0.7207693,0.16000001,0.0,0.12749328,16.800194,16.820194,2697600
hardzero_plus_depr__c0p50__z1p00__lam0p020__nu0p50__psi0p75,hardzero_plus_depr,0.06,36,843,0.0,2,0.08760597,0.08760597,1.037968,0.0,0.09162878,0.0,0.0,1.9927971e-07,-27.274113,2.2835753,0.7611918,0.096,0.0,0.15214728,16.820194,16.840195,2700800
hardzero_plus_depr__c0p50__z1p00__lam0p020__nu0p50__psi0p75,hardzero_plus_depr,0.06,36,844,0.0,2,0.08760597,0.08760597,1.0354626,0.0,0.09215891,0.0,0.0,1.9631277e-07,-27.406435,2.2780633,0.7593545,0.120000005,0.0,0.15417254,16.840195,16.860195,2704000
hardzero_plus_depr__c0p50__z1p00__lam0p020__nu0p50__psi0p75,hardzero_plus_depr,0.06,36,845,0.0,2,0.08760597,0.08760597,1.0706986,0.0,0.08497699,0.0,0.0,1.9338997e-07,-27.490746,2.355584,0.78519464,0.14999999,0.0,0.138956,16.860195,16.880196,2707200
hardzero_plus_depr__c0p50__z1p00__lam0p020__nu0p50__psi0p75,hardzero_plus_depr,0.06,36,846,0.0,2,0.08760597,0.08760597,1.0219085,0.0,0.0950805,0.0,0.0,1.9051069e-07,-27.280424,2.2482436,0.74941456,0.216,0.0,0.15078993,16.880196,16.900196,2710400
hardzero_plus_depr__c0p50__z1p00__lam0p020__nu0p50__psi0p75,hardzero_plus_depr,0.06,36,847,0.0,2,0.08760597,0.08760597,1.0638461,0.0,0.08632844,0.0,0.0,1.8767432e-07,-28.206314,2.3405082,0.7801694,0.104,0.0,0.17628054,16.900196,16.920197,2713600
hardzero_plus_depr__c0p50__z1p00__lam0p020__nu0p50__psi0p75,hardzero_plus_depr,0.06,36,848,0.0,2,0.08760597,0.08760599,0.9825369,0.104102954,0.104102954,1.0,1.9246569e-08,1.8488014e-07,-26.766613,2.1616244,0.7205415,0.192,0.0,0.12732233,16.920197,16.940197,2716800
hardzero_plus_depr__c0p50__z1p00__lam0p020__nu0p50__psi0p75,hardzero_plus_depr,0.06,36,849,0.0,2,0.08760599,0.08760599,1.043213,0.0,0.090528846,0.0,0.0,1.8212758e-07,-27.750965,2.2951145,0.7650382,0.16800001,0.0,0.1524145,16.940197,16.960197,2720000
hardzero_plus_depr__c0p50__z1p00__lam0p020__nu0p50__psi0p75,hardzero_plus_depr,0.06,36,850,0.0,2,0.08760599,0.08760599,1.0357707,0.0,0.09209357,0.0,0.0,1.7941598e-07,-27.089437,2.278741,0.7595803,0.104,0.0,0.14799275,16.960197,16.980198,2723200
hardzero_plus_depr__c0p50__z1p00__lam0p020__nu0p50__psi0p75,hardzero_plus_depr,0.06,36,851,0.0,2,0.08760599,0.08760599,1.0336002,0.0,0.09255498,0.0,0.0,1.7674476e-07,-28.067282,2.2739658,0.75798863,0.15200001,0.0,0.14473644,16.980198,17.000198,2726400
hardzero_plus_depr__c0p50__z1p00__lam0p020__nu0p50__psi0p75,hardzero_plus_depr,0.06,36,852,0.0,2,0.08760599,0.08760599,1.0500641,0.0,0.08911194,0.0,0.0,1.7411331e-07,-27.817102,2.310187,0.7700624,0.136,0.0,0.1789117,17.000198,17.020199,2729600
hardzero_plus_depr__c0p50__z1p00__lam0p020__nu0p50__psi0p75,hardzero_plus_depr,0.06,36,853,0.0,2,0.08760599,0.08760599,1.046399,0.0,0.08986715,0.0,0.0,1.7152105e-07,-28.105381,2.3021238,0.76737463,0.15200001,0.0,0.1605377,17.020199,17.0402,2732800
hardzero_plus_depr__c0p50__z1p00__lam0p020__nu0p50__psi0p75,hardzero_plus_depr,0.06,36,854,0.0,2,0.08760599,0.08760599,1.0403172,0.0,0.091134496,0.0,0.0,1.6896738e-07,-27.51058,2.2887435,0.76291454,0.16800001,0.0,0.15129912,17.0402,17.0602,2736000
hardzero_plus_depr__c0p50__z1p00__lam0p020__nu0p50__psi0p75,hardzero_plus_depr,0.06,36,855,0.0,2,0.08760599,0.08760599,1.0090618,0.0,0.09793504,0.0,0.0,1.6645171e-07,-26.964827,2.2199802,0.73999345,0.136,0.0,0.15847369,17.0602,17.0802,2739200
hardzero_plus_depr__c0p50__z1p00__lam0p020__nu0p50__psi0p75,hardzero_plus_depr,0.06,36,856,0.0,2,0.08760599,0.08760599,1.0063852,0.0,0.09854049,0.0,0.0,1.6397352e-07,-26.636744,2.2140915,0.73803055,0.14400001,0.0,0.16802962,17.0802,17.1002,2742400
hardzero_plus_depr__c0p50__z1p00__lam0p020__nu0p50__psi0p75,hardzero_plus_depr,0.06,36,857,0.0,2,0.08760599,0.087606005,0.96258086,0.108998135,0.108998135,1.0,1.760671e-08,1.6153221e-07,-26.830967,2.1177201,0.70590675,0.216,0.0,0.13431644,17.1002,17.120201,2745600
hardzero_plus_depr__c0p50__z1p00__lam0p020__nu0p50__psi0p75,hardzero_plus_depr,0.06,36,858,0.0,2,0.087606005,0.087606005,1.0394671,0.0,0.09131306,0.0,0.0,1.5912727e-07,-28.476824,2.2868733,0.76229113,0.14,0.0,0.16319372,17.120201,17.140202,2748800
hardzero_plus_depr__c0p50__z1p00__lam0p020__nu0p50__psi0p75,hardzero_plus_depr,0.06,36,859,0.0,2,0.087606005,0.087606005,1.0030638,0.0,0.099297024,0.0,0.0,1.567581e-07,-26.260399,2.2067845,0.73559487,0.192,0.0,0.12245438,17.140202,17.160202,2752000
hardzero_plus_depr__c0p50__z1p00__lam0p020__nu0p50__psi0p75,hardzero_plus_depr,0.06,36,860,0.0,2,0.087606005,0.087606005,1.0080566,0.0,0.09816198,0.0,0.0,1.5442423e-07,-26.725164,2.217769,0.7392563,0.16000001,0.0,0.12717167,17.160202,17.180202,2755200
hardzero_plus_depr__c0p50__z1p00__lam0p020__nu0p50__psi0p75,hardzero_plus_depr,0.06,36,861,0.0,2,0.087606005,0.087606005,1.0251677,0.0,0.09436964,0.0,0.0,1.521251e-07,-27.034689,2.255414,0.7518047,0.128,0.0,0.13904162,17.180202,17.200203,2758400
hardzero_plus_depr__c0p50__z1p00__lam0p020__nu0p50__psi0p75,hardzero_plus_depr,0.06,36,862,0.0,2,0.087606005,0.087606005,1.069705,0.0,0.08517163,0.0,0.0,1.4986021e-07,-28.165642,2.353398,0.784466,0.16000001,0.0,0.14991583,17.200203,17.220203,2761600
hardzero_plus_depr__c0p50__z1p00__lam0p020__nu0p50__psi0p75,hardzero_plus_depr,0.06,36,863,0.0,2,0.087606005,0.08760602,0.9837172,0.10382042,0.10382042,1.0,1.532691e-08,1.4762904e-07,-26.201073,2.164221,0.72140706,0.120000005,0.0,0.14684494,17.220203,17.240204,2764800
hardzero_plus_depr__c0p50__z1p00__lam0p020__nu0p50__psi0p75,hardzero_plus_depr,0.06,36,864,0.0,2,0.08760602,0.087606035,0.95893747,0.1099164,0.1099164,1.0,1.5985258e-08,1.4543106e-07,-26.507454,2.1097045,0.70323485,0.15200001,0.0,0.15679647,17.240204,17.260204,2768000
hardzero_plus_depr__c0p50__z1p00__lam0p020__nu0p50__psi0p75,hardzero_plus_depr,0.06,36,865,0.0,2,0.087606035,0.087606035,1.0243975,0.0,0.09453714,0.0,0.0,1.4326584e-07,-27.04636,2.2537196,0.7512399,0.16800001,0.0,0.16684629,17.260204,17.280205,2771200
hardzero_plus_depr__c0p50__z1p00__lam0p020__nu0p50__psi0p75,hardzero_plus_depr,0.06,36,866,0.0,2,0.087606035,0.087606035,1.0449494,0.0,0.09016761,0.0,0.0,1.4113283e-07,-26.801369,2.2989347,0.7663116,0.120000005,0.0,0.14311033,17.280205,17.300205,2774400
hardzero_plus_depr__c0p50__z1p00__lam0p020__nu0p50__psi0p75,hardzero_plus_depr,0.06,36,867,0.0,2,0.087606035,0.087606035,1.0316567,0.0,0.09297008,0.0,0.0,1.390316e-07,-28.06704,2.2696903,0.7565634,0.18400002,0.0,0.16787528,17.300205,17.320206,2777600
hardzero_plus_depr__c0p50__z1p00__lam0p020__nu0p50__psi0p75,hardzero_plus_depr,0.06,36,868,0.0,2,0.087606035,0.087606035,1.0677216,0.0,0.08556149,0.0,0.0,1.3696163e-07,-27.622883,2.3490345,0.78301156,0.112,0.0,0.1580749,17.320206,17.340206,2780800
hardzero_plus_depr__c0p50__z1p00__lam0p020__nu0p50__psi0p75,hardzero_plus_depr,0.06,36,869,0.0,2,0.087606035,0.087606035,1.0359421,0.0,0.09205724,0.0,0.0,1.3492249e-07,-27.17299,2.279118,0.759706,0.16800001,0.008,0.14722376,17.340206,17.360207,2784000
hardzero_plus_depr__c0p50__z1p00__lam0p020__nu0p50__psi0p75,hardzero_plus_depr,0.06,36,870,0.0,2,0.087606035,0.08760605,0.98263,0.10408065,0.10408065,1.0,1.3833745e-08,1.3291371e-07,-26.396286,2.1618292,0.7206098,0.16000001,0.0,0.1442768,17.360207,17.380207,2787200
hardzero_plus_depr__c0p50__z1p00__lam0p020__nu0p50__psi0p75,hardzero_plus_depr,0.06,36,871,0.0,2,0.08760605,0.087606065,0.97023606,0.10709369,0.10709369,1.0,1.4022296e-08,1.3093485e-07,-26.639973,2.134562,0.7115207,0.17,0.0,0.120618515,17.380207,17.400208,2790400
hardzero_plus_depr__c0p50__z1p00__lam0p020__nu0p50__psi0p75,hardzero_plus_depr,0.06,36,872,0.0,2,0.087606065,0.08760608,0.97810215,0.10517144,0.10517144,1.0,1.3565584e-08,1.2898543e-07,-26.362381,2.1518676,0.7172892,0.16800001,0.0,0.16002694,17.400208,17.420208,2793600
hardzero_plus_depr__c0p50__z1p00__lam0p020__nu0p50__psi0p75,hardzero_plus_depr,0.06,36,873,0.0,2,0.08760608,0.08760608,1.0655155,0.0,0.08599723,0.0,0.0,1.2706505e-07,-28.261654,2.344181,0.7813937,0.18400002,0.0,0.1565411,17.420208,17.440208,2796800
hardzero_plus_depr__c0p50__z1p00__lam0p020__nu0p50__psi0p75,hardzero_plus_depr,0.06,36,874,0.0,2,0.08760608,0.087606095,0.98771244,0.10286972,0.10286972,1.0,1.2876536e-08,1.2517324e-07,-27.382296,2.1730108,0.724337,0.15200001,0.0,0.14650561,17.440208,17.460209,2800000
hardzero_plus_depr__c0p50__z1p00__lam0p020__nu0p50__psi0p75,hardzero_plus_depr,0.06,36,875,0.0,2,0.087606095,0.087606095,1.0360062,0.0,0.09204363,0.0,0.0,1.2330962e-07,-27.47981,2.2792592,0.7597531,0.15200001,0.0,0.15724613,17.460209,17.48021,2803200
hardzero_plus_depr__c0p50__z1p00__lam0p020__nu0p50__psi0p75,hardzero_plus_depr,0.06,36,876,0.0,2,0.087606095,0.08760611,0.98222876,0.10417685,0.10417685,1.0,1.2654752e-08,1.2147375e-07,-26.282354,2.1609464,0.72031546,0.14400001,0.0,0.14277565,17.48021,17.50021,2806400
hardzero_plus_depr__c0p50__z1p00__lam0p020__nu0p50__psi0p75,hardzero_plus_depr,0.06,36,877,0.0,2,0.08760611,0.08760611,1.0524633,0.0,0.088621005,0.0,0.0,1.196652e-07,-27.323671,2.3154655,0.77182186,0.120000005,0.0,0.15249103,17.50021,17.52021,2809600
hardzero_plus_depr__c0p50__z1p00__lam0p020__nu0p50__psi0p75,hardzero_plus_depr,0.06,36,878,0.0,2,0.08760611,0.08760611,1.0056722,0.0,0.09870241,0.0,0.0,1.17883566e-07,-26.286226,2.212523,0.7375077,0.104,0.0,0.14238113,17.52021,17.54021,2812800
hardzero_plus_depr__c0p50__z1p00__lam0p020__nu0p50__psi0p75,hardzero_plus_depr,0.06,36,879,0.0,2,0.08760611,0.087606125,0.9986587,0.10030933,0.10030933,1.0,1.1648767e-08,1.16128454e-07,-27.497047,2.197093,0.73236436,0.2,0.0,0.1631279,17.54021,17.560211,2816000
hardzero_plus_depr__c0p50__z1p00__lam0p020__nu0p50__psi0p75,hardzero_plus_depr,0.06,36,880,0.0,2,0.087606125,0.087606125,1.0606028,0.0,0.08697555,0.0,0.0,1.143995e-07,-27.830553,2.3333728,0.77779096,0.14400001,0.0,0.19002394,17.560211,17.580212,2819200
hardzero_plus_depr__c0p50__z1p00__lam0p020__nu0p50__psi0p75,hardzero_plus_depr,0.06,36,881,0.0,2,0.087606125,0.08760614,0.94589514,0.11326738,0.11326738,1.0,1.2764811e-08,1.1269628e-07,-26.475914,2.0810108,0.6936703,0.18400002,0.0,0.14288384,17.580212,17.600212,2822400
hardzero_plus_depr__c0p50__z1p00__lam0p020__nu0p50__psi0p75,hardzero_plus_depr,0.06,36,882,0.0,2,0.08760614,0.08760614,1.0179653,0.0,0.095947735,0.0,0.0,1.1101841e-07,-27.703455,2.2395685,0.74652284,0.16800001,0.0,0.1361134,17.600212,17.620213,2825600
hardzero_plus_depr__c0p50__z1p00__lam0p020__nu0p50__psi0p75,hardzero_plus_depr,0.06,36,883,0.0,2,0.08760614,0.087606154,0.96348333,0.1087719,0.1087719,1.0,1.1895896e-08,1.0936552e-07,-26.401737,2.1197057,0.7065686,0.18400002,0.0,0.14720134,17.620213,17.640213,2828800
hardzero_plus_depr__c0p50__z1p00__lam0p020__nu0p50__psi0p75,hardzero_plus_depr,0.06,36,884,0.0,2,0.087606154,0.087606154,1.0135512,0.0,0.096927896,0.0,0.0,1.0773725e-07,-26.415459,2.2298572,0.7432858,0.17,0.0,0.14478725,17.640213,17.660213,2832000
hardzero_plus_depr__c0p50__z1p00__lam0p020__nu0p50__psi0p75,hardzero_plus_depr,0.06,36,885,0.0,2,0.087606154,0.087606154,1.0451334,0.0,0.09012944,0.0,0.0,1.0613321e-07,-28.236803,2.2993393,0.7664465,0.128,0.0,0.17063795,17.660213,17.680214,2835200
hardzero_plus_depr__c0p50__z1p00__lam0p020__nu0p50__psi0p75,hardzero_plus_depr,0.06,36,886,0.0,2,0.087606154,0.08760616,0.99748063,0.10058178,0.10058178,1.0,1.0516133e-08,1.0455306e-07,-26.130512,2.1945012,0.7315004,0.16800001,0.0,0.13669544,17.680214,17.700214,2838400
hardzero_plus_depr__c0p50__z1p00__lam0p020__nu0p50__psi0p75,hardzero_plus_depr,0.06,36,887,0.0,2,0.08760616,0.08760617,0.998277,0.10039752,0.10039752,1.0,1.0340586e-08,1.0299643e-07,-26.8081,2.1962533,0.73208445,0.120000005,0.0,0.1577069,17.700214,17.720215,2841600
hardzero_plus_depr__c0p50__z1p00__lam0p020__nu0p50__psi0p75,hardzero_plus_depr,0.06,36,888,0.0,2,0.08760617,0.08760617,1.028005,0.0,0.09375512,0.0,0.0,1.0146297e-07,-26.814087,2.2616563,0.75388545,0.120000005,0.0,0.15883003,17.720215,17.740215,2844800
hardzero_plus_depr__c0p50__z1p00__lam0p020__nu0p50__psi0p75,hardzero_plus_depr,0.06,36,889,0.0,2,0.08760617,0.08760617,1.0289327,0.0,0.09355507,0.0,0.0,9.9952366e-08,-27.48233,2.2636971,0.7545657,0.112,0.0,0.15265855,17.740215,17.760216,2848000
hardzero_plus_depr__c0p50__z1p00__lam0p020__nu0p50__psi0p75,hardzero_plus_depr,0.06,36,890,0.0,2,0.08760617,0.08760617,1.0145385,0.0,0.0967078,0.0,0.0,9.846422e-08,-26.428392,2.2320294,0.74400985,0.15200001,0.0,0.12761869,17.760216,17.780216,2851200
hardzero_plus_depr__c0p50__z1p00__lam0p020__nu0p50__psi0p75,hardzero_plus_depr,0.06,36,891,0.0,2,0.08760617,0.08760618,0.97516096,0.10588612,0.10588612,1.0,1.0270768e-08,9.699825e-08,-25.906733,2.145397,0.71513236,0.136,0.0,0.119901925,17.780216,17.800217,2854400
hardzero_plus_depr__c0p50__z1p00__lam0p020__nu0p50__psi0p75,hardzero_plus_depr,0.06,36,892,0.0,2,0.08760618,0.087606184,0.98207366,0.10421406,0.10421406,1.0,9.958081e-09,9.55541e-08,-26.839808,2.1606052,0.72020173,0.15200001,0.0,0.14970449,17.800217,17.820217,2857600
hardzero_plus_depr__c0p50__z1p00__lam0p020__nu0p50__psi0p75,hardzero_plus_depr,0.06,36,893,0.0,2,0.087606184,0.087606184,1.023671,0.0,0.09469541,0.0,0.0,9.413146e-08,-26.926083,2.2521212,0.7507071,0.192,0.0,0.15128021,17.820217,17.840218,2860800
hardzero_plus_depr__c0p50__z1p00__lam0p020__nu0p50__psi0p75,hardzero_plus_depr,0.06,36,894,0.0,2,0.087606184,0.087606184,1.0234017,0.0,0.094754145,0.0,0.0,9.272999e-08,-27.417532,2.2515287,0.7505096,0.112,0.0,0.16113639,17.840218,17.860218,2864000
hardzero_plus_depr__c0p50__z1p00__lam0p020__nu0p50__psi0p75,hardzero_plus_depr,0.06,36,895,0.0,2,0.087606184,0.08760619,0.9970324,0.10068564,0.10068564,1.0,9.197572e-09,9.1349385e-08,-27.072737,2.193515,0.7311717,0.208,0.0,0.16623795,17.860218,17.880219,2867200
hardzero_plus_depr__c0p50__z1p00__lam0p020__nu0p50__psi0p75,hardzero_plus_depr,0.06,36,896,0.0,2,0.08760619,0.08760619,1.035619,0.0,0.09212574,0.0,0.0,8.998934e-08,-27.561169,2.2784073,0.75946915,0.18400002,0.0,0.1677584,17.880219,17.900219,2870400
hardzero_plus_depr__c0p50__z1p00__lam0p020__nu0p50__psi0p75,hardzero_plus_depr,0.06,36,897,0.0,2,0.08760619,0.08760619,1.0938392,0.0,0.08056769,0.0,0.0,8.864954e-08,-28.626284,2.4064941,0.80216473,0.11,0.0,0.17242613,17.900219,17.92022,2873600
hardzero_plus_depr__c0p50__z1p00__lam0p020__nu0p50__psi0p75,hardzero_plus_depr,0.06,36,898,0.0,2,0.08760619,0.08760619,1.0096103,0.0,0.09781144,0.0,0.0,8.7329695e-08,-27.212503,2.2211869,0.74039567,0.192,0.0,0.1746351,17.92022,17.94022,2876800
hardzero_plus_depr__c0p50__z1p00__lam0p020__nu0p50__psi0p75,hardzero_plus_depr,0.06,36,899,0.0,2,0.08760619,0.08760619,1.0537297,0.0,0.08836298,0.0,0.0,8.6029495e-08,-28.375519,2.3182516,0.77275056,0.192,0.008,0.19112343,17.94022,17.96022,2880000
hardzero_plus_depr__c0p50__z1p00__lam0p020__nu0p50__psi0p75,hardzero_plus_depr,0.06,36,900,0.0,2,0.08760619,0.08760619,1.0054221,0.0,0.09875928,0.0,0.0,8.474865e-08,-26.739794,2.2119727,0.73732424,0.18400002,0.008,0.14804663,17.96022,17.98022,2883200
hardzero_plus_depr__c0p50__z1p00__lam0p020__nu0p50__psi0p75,hardzero_plus_depr,0.06,36,901,0.0,2,0.08760619,0.08760619,1.0150185,0.0,0.09660099,0.0,0.0,8.3486874e-08,-27.360954,2.2330852,0.74436176,0.16800001,0.0,0.1337812,17.98022,18.000221,2886400
hardzero_plus_depr__c0p50__z1p00__lam0p020__nu0p50__psi0p75,hardzero_plus_depr,0.06,36,902,0.0,2,0.08760619,0.0876062,0.9836507,0.10383631,0.10383631,1.0,8.539903e-09,8.22439e-08,-26.297531,2.1640747,0.72135824,0.208,0.0,0.118516214,18.000221,18.020222,2889600
hardzero_plus_depr__c0p50__z1p00__lam0p020__nu0p50__psi0p75,hardzero_plus_depr,0.06,36,903,0.0,2,0.0876062,0.0876062,1.015957,0.0,0.09639243,0.0,0.0,8.1019415e-08,-27.186596,2.23515,0.7450501,0.14400001,0.0,0.15090165,18.020222,18.040222,2892800
hardzero_plus_depr__c0p50__z1p00__lam0p020__nu0p50__psi0p75,hardzero_plus_depr,0.06,36,904,0.0,2,0.0876062,0.0876062,1.0304735,0.0,0.093223736,0.0,0.0,7.9813155e-08,-27.06933,2.267087,0.7556957,0.136,0.0,0.14341149,18.040222,18.060223,2896000
hardzero_plus_depr__c0p50__z1p00__lam0p020__nu0p50__psi0p75,hardzero_plus_depr,0.06,36,905,0.0,2,0.0876062,0.08760621,0.9649548,0.10840398,0.10840398,1.0,8.52325e-09,7.862488e-08,-26.421501,2.122943,0.7076477,0.128,0.0,0.117475286,18.060223,18.080223,2899200
hardzero_plus_depr__c0p50__z1p00__lam0p020__nu0p50__psi0p75,hardzero_plus_depr,0.06,36,906,0.0,2,0.08760621,0.08760621,1.0263194,0.0,0.09411971,0.0,0.0,7.7454274e-08,-26.97277,2.2579477,0.75264925,0.136,0.0,0.13858892,18.080223,18.100224,2902400
hardzero_plus_depr__c0p50__z1p00__lam0p020__nu0p50__psi0p75,hardzero_plus_depr,0.06,36,907,0.0,2,0.08760621,0.08760621,1.0325955,0.0,0.09276935,0.0,0.0,7.6301106e-08,-26.81038,2.2717555,0.75725186,0.17600001,0.0,0.16493398,18.100224,18.120224,2905600
hardzero_plus_depr__c0p50__z1p00__lam0p020__nu0p50__psi0p75,hardzero_plus_depr,0.06,36,908,0.0,2,0.08760621,0.08760621,1.038341,0.0,0.09155012,0.0,0.0,7.5165104e-08,-27.847975,2.284396,0.7614653,0.2,0.0,0.16353211,18.120224,18.140224,2908800
hardzero_plus_depr__c0p50__z1p00__lam0p020__nu0p50__psi0p75,hardzero_plus_depr,0.06,36,909,0.0,2,0.08760621,0.08760621,1.0046679,0.0,0.09893093,0.0,0.0,7.4046014e-08,-27.357092,2.2103136,0.7367712,0.08800001,0.0,0.15531527,18.140224,18.160225,2912000
hardzero_plus_depr__c0p50__z1p00__lam0p020__nu0p50__psi0p75,hardzero_plus_depr,0.06,36,910,0.0,2,0.08760621,0.08760621,1.030765,0.0,0.09316117,0.0,0.0,7.294359e-08,-27.435068,2.2677283,0.75590944,0.17,0.0,0.15331928,18.160225,18.180225,2915200
hardzero_plus_depr__c0p50__z1p00__lam0p020__nu0p50__psi0p75,hardzero_plus_depr,0.06,36,911,0.0,2,0.08760621,0.08760621,1.0153089,0.0,0.096536405,0.0,0.0,7.185758e-08,-26.973965,2.233724,0.7445747,0.18400002,0.0,0.1517641,18.180225,18.200226,2918400
hardzero_plus_depr__c0p50__z1p00__lam0p020__nu0p50__psi0p75,hardzero_plus_depr,0.06,36,912,0.0,2,0.08760621,0.08760621,1.0368937,0.0,0.091855735,0.0,0.0,7.0787735e-08,-27.104568,2.2812119,0.760404,0.14400001,0.0,0.1503996,18.200226,18.220226,2921600
hardzero_plus_depr__c0p50__z1p00__lam0p020__nu0p50__psi0p75,hardzero_plus_depr,0.06,36,913,0.0,2,0.08760621,0.087606214,0.99305904,0.101611055,0.101611055,1.0,7.0857267e-09,6.9733815e-08,-26.99084,2.1847734,0.72825783,0.192,0.0,0.15574163,18.220226,18.240227,2924800
hardzero_plus_depr__c0p50__z1p00__lam0p020__nu0p50__psi0p75,hardzero_plus_depr,0.06,36,914,0.0,2,0.087606214,0.087606214,1.0488694,0.0,0.08935741,0.0,0.0,6.869559e-08,-28.031143,2.3075588,0.76918626,0.136,0.0,0.17228892,18.240227,18.260227,2928000
hardzero_plus_depr__c0p50__z1p00__lam0p020__nu0p50__psi0p75,hardzero_plus_depr,0.06,36,915,0.0,2,0.087606214,0.08760622,0.99675983,0.10074887,0.10074887,1.0,6.81796e-09,6.767282e-08,-26.69433,2.1929154,0.7309718,0.136,0.0,0.1305318,18.260227,18.280228,2931200
hardzero_plus_depr__c0p50__z1p00__lam0p020__nu0p50__psi0p75,hardzero_plus_depr,0.06,36,916,0.0,2,0.08760622,0.08760622,1.0062472,0.0,0.09857184,0.0,0.0,6.666529e-08,-27.225119,2.213788,0.73792934,0.17600001,0.0,0.14943545,18.280228,18.300228,2934400
hardzero_plus_depr__c0p50__z1p00__lam0p020__nu0p50__psi0p75,hardzero_plus_depr,0.06,36,917,0.0,2,0.08760622,0.08760623,0.9588123,0.109948084,0.109948084,1.0,7.220593e-09,6.567275e-08,-25.18279,2.1094291,0.70314306,0.17600001,0.0,0.12650461,18.300228,18.320229,2937600
hardzero_plus_depr__c0p50__z1p00__lam0p020__nu0p50__psi0p75,hardzero_plus_depr,0.06,36,918,0.0,2,0.08760623,0.08760623,1.0251838,0.0,0.09436613,0.0,0.0,6.469498e-08,-26.91256,2.2554493,0.75181645,0.128,0.0,0.15359278,18.320229,18.340229,2940800
hardzero_plus_depr__c0p50__z1p00__lam0p020__nu0p50__psi0p75,hardzero_plus_depr,0.06,36,919,0.0,2,0.08760623,0.08760623,1.0153013,0.0,0.09653808,0.0,0.0,6.373178e-08,-27.408213,2.2337077,0.74456924,0.14400001,0.0,0.14100999,18.340229,18.36023,2944000
hardzero_plus_depr__c0p50__z1p00__lam0p020__nu0p50__psi0p75,hardzero_plus_depr,0.06,36,920,0.0,2,0.08760623,0.08760624,0.98395324,0.103764,0.103764,1.0,6.514606e-09,6.278292e-08,-26.520645,2.1647403,0.72158015,0.14400001,0.0,0.14439954,18.36023,18.38023,2947200
hardzero_plus_depr__c0p50__z1p00__lam0p020__nu0p50__psi0p75,hardzero_plus_depr,0.06,36,921,0.0,2,0.08760624,0.08760624,1.0057081,0.0,0.09869427,0.0,0.0,6.1848176e-08,-27.491009,2.212602,0.737534,0.15200001,0.0,0.16494374,18.38023,18.40023,2950400
hardzero_plus_depr__c0p50__z1p00__lam0p020__nu0p50__psi0p75,hardzero_plus_depr,0.06,36,922,0.0,2,0.08760624,0.08760624,1.0163876,0.0,0.09629692,0.0,0.0,6.092736e-08,-27.381845,2.2360973,0.7453658,0.096,0.0,0.14737968,18.40023,18.42023,2953600
hardzero_plus_depr__c0p50__z1p00__lam0p020__nu0p50__psi0p75,hardzero_plus_depr,0.06,36,923,0.0,2,0.08760624,0.087606244,0.99936754,0.100145735,0.100145735,1.0,6.010771e-09,6.002024e-08,-26.527842,2.1986525,0.73288417,0.19999999,0.0,0.14873376,18.42023,18.440231,2956800
hardzero_plus_depr__c0p50__z1p00__lam0p020__nu0p50__psi0p75,hardzero_plus_depr,0.06,36,924,0.0,2,0.087606244,0.087606244,1.0447954,0.0,0.0901996,0.0,0.0,5.9126638e-08,-27.704123,2.2985957,0.7661986,0.120000005,0.0,0.14943016,18.440231,18.460232,2960000
hardzero_plus_depr__c0p50__z1p00__lam0p020__nu0p50__psi0p75,hardzero_plus_depr,0.06,36,925,0.0,2,0.087606244,0.08760625,0.9819719,0.10423849,0.10423849,1.0,6.0715104e-09,5.824634e-08,-26.953623,2.1603813,0.7201271,0.18400002,0.0,0.12864408,18.460232,18.480232,2963200
hardzero_plus_depr__c0p50__z1p00__lam0p020__nu0p50__psi0p75,hardzero_plus_depr,0.06,36,926,0.0,2,0.08760625,0.08760626,0.9992483,0.10017322,0.10017322,1.0,5.7478537e-09,5.7379147e-08,-26.813583,2.1983902,0.7327968,0.128,0.0,0.15746254,18.480232,18.500233,2966400
hardzero_plus_depr__c0p50__z1p00__lam0p020__nu0p50__psi0p75,hardzero_plus_depr,0.06,36,927,0.0,2,0.08760626,0.08760626,1.0498341,0.0,0.089159146,0.0,0.0,5.652486e-08,-28.156162,2.3096812,0.76989377,0.14400001,0.0,0.1681912,18.500233,18.520233,2969600
hardzero_plus_depr__c0p50__z1p00__lam0p020__nu0p50__psi0p75,hardzero_plus_depr,0.06,36,928,0.0,2,0.08760626,0.08760626,1.0501527,0.0,0.089093775,0.0,0.0,5.5683298e-08,-28.14942,2.310382,0.7701273,0.08800001,0.0,0.15575671,18.520233,18.540234,2972800
hardzero_plus_depr__c0p50__z1p00__lam0p020__nu0p50__psi0p75,hardzero_plus_depr,0.06,36,929,0.0,2,0.08760626,0.08760626,1.0020093,0.0,0.099538416,0.0,0.0,5.4854265e-08,-26.738474,2.2044644,0.7348215,0.17600001,0.0,0.13443856,18.540234,18.560234,2976000
hardzero_plus_depr__c0p50__z1p00__lam0p020__nu0p50__psi0p75,hardzero_plus_depr,0.06,36,930,0.0,2,0.08760626,0.08760626,1.0604883,0.0,0.08699846,0.0,0.0,5.4037567e-08,-27.861547,2.333121,0.77770704,0.128,0.0,0.1573283,18.560234,18.580235,2979200
hardzero_plus_depr__c0p50__z1p00__lam0p020__nu0p50__psi0p75,hardzero_plus_depr,0.06,36,931,0.0,2,0.08760626,0.087606266,0.9930877,0.10160434,0.10160434,1.0,5.4087077e-09,5.3233038e-08,-26.53404,2.1848366,0.7282789,0.08800001,0.0,0.16591187,18.580235,18.600235,2982400
hardzero_plus_depr__c0p50__z1p00__lam0p020__nu0p50__psi0p75,hardzero_plus_depr,0.06,36,932,0.0,2,0.087606266,0.08760627,0.99153274,0.10196879,0.10196879,1.0,5.3472924e-09,5.2440484e-08,-26.282219,2.1814156,0.7271385,0.2,0.0,0.16991574,18.600235,18.620235,2985600
hardzero_plus_depr__c0p50__z1p00__lam0p020__nu0p50__psi0p75,hardzero_plus_depr,0.06,36,933,0.0,2,0.08760627,0.08760627,1.0143086,0.0,0.096759014,0.0,0.0,5.1659725e-08,-26.238348,2.2315235,0.7438412,0.14400001,0.0,0.13973811,18.620235,18.640236,2988800
hardzero_plus_depr__c0p50__z1p00__lam0p020__nu0p50__psi0p75,hardzero_plus_depr,0.06,36,934,0.0,2,0.08760627,0.08760627,1.0084274,0.0,0.098078236,0.0,0.0,5.0890595e-08,-27.492237,2.2185845,0.7395282,0.112,0.0,0.16936669,18.640236,18.660236,2992000
hardzero_plus_depr__c0p50__z1p00__lam0p020__nu0p50__psi0p75,hardzero_plus_depr,0.06,36,935,0.0,2,0.08760627,0.08760627,1.0794603,0.0,0.0832798,0.0,0.0,5.013292e-08,-28.306057,2.37486,0.79162,0.14400001,0.0,0.17457853,18.660236,18.680237,2995200
hardzero_plus_depr__c0p50__z1p00__lam0p020__nu0p50__psi0p75,hardzero_plus_depr,0.06,36,936,0.0,2,0.08760627,0.08760627,1.0632232,0.0,0.086452335,0.0,0.0,4.9386518e-08,-28.319994,2.3391378,0.7797126,0.17999999,0.0,0.18911403,18.680237,18.700237,2998400
hardzero_plus_depr__c0p50__z1p00__lam0p020__nu0p50__psi0p75,hardzero_plus_depr,0.06,36,937,0.0,2,0.08760627,0.08760628,0.9988793,0.10025837,0.10025837,1.0,4.8776934e-09,4.8651234e-08,-27.067204,2.1975784,0.7325262,0.18400002,0.0,0.15390567,18.700237,18.720238,3001600
hardzero_plus_depr__c0p50__z1p00__lam0p020__nu0p50__psi0p75,hardzero_plus_depr,0.06,36,938,0.0,2,0.08760628,0.08760628,1.054127,0.0,0.088282175,0.0,0.0,4.7926893e-08,-28.590597,2.3191257,0.7730419,0.136,0.0,0.17578168,18.720238,18.740238,3004800
hardzero_plus_depr__c0p50__z1p00__lam0p020__nu0p50__psi0p75,hardzero_plus_depr,0.06,36,939,0.0,2,0.08760628,0.08760629,0.982674,0.104070105,0.104070105,1.0,4.913497e-09,4.7213337e-08,-25.901045,2.161926,0.72064203,0.24000001,0.0,0.13965286,18.740238,18.760239,3008000
hardzero_plus_depr__c0p50__z1p00__lam0p020__nu0p50__psi0p75,hardzero_plus_depr,0.06,36,940,0.0,2,0.08760629,0.087606296,0.9859234,0.10329435,0.10329435,1.0,4.8042623e-09,4.6510408e-08,-27.369078,2.1690748,0.72302496,0.24800001,0.008,0.16249831,18.760239,18.78024,3011200
hardzero_plus_depr__c0p50__z1p00__lam0p020__nu0p50__psi0p75,hardzero_plus_depr,0.06,36,941,0.0,2,0.087606296,0.087606296,1.0290521,0.0,0.093529336,0.0,0.0,4.581794e-08,-27.120619,2.26396,0.75465333,0.16800001,0.0,0.15432638,18.78024,18.80024,3014400
hardzero_plus_depr__c0p50__z1p00__lam0p020__nu0p50__psi0p75,hardzero_plus_depr,0.06,36,942,0.0,2,0.087606296,0.087606296,1.0110929,0.0,0.097478114,0.0,0.0,4.513579e-08,-26.78101,2.224449,0.741483,0.16800001,0.0,0.21427873,18.80024,18.82024,3017600
hardzero_plus_depr__c0p50__z1p00__lam0p020__nu0p50__psi0p75,hardzero_plus_depr,0.06,36,943,0.0,2,0.087606296,0.087606296,1.0120462,0.0,0.09726437,0.0,0.0,4.4463786e-08,-27.431492,2.226546,0.742182,0.136,0.0,0.14202408,18.82024,18.84024,3020800
hardzero_plus_depr__c0p50__z1p00__lam0p020__nu0p50__psi0p75,hardzero_plus_depr,0.06,36,944,0.0,2,0.087606296,0.087606296,1.0166253,0.0,0.09624422,0.0,0.0,4.380179e-08,-27.127443,2.2366202,0.7455401,0.096,0.0,0.14734276,18.84024,18.86024,3024000
hardzero_plus_depr__c0p50__z1p00__lam0p020__nu0p50__psi0p75,hardzero_plus_depr,0.06,36,945,0.0,2,0.087606296,0.0876063,0.99710715,0.10066832,0.10066832,1.0,4.343803e-09,4.3149655e-08,-27.558846,2.1936796,0.73122656,0.18400002,0.0,0.14627504,18.86024,18.880241,3027200
hardzero_plus_depr__c0p50__z1p00__lam0p020__nu0p50__psi0p75,hardzero_plus_depr,0.06,36,946,0.0,2,0.0876063,0.0876063,1.0613079,0.0,0.08683445,0.0,0.0,4.2507228e-08,-27.791794,2.334924,0.77830803,0.128,0.0,0.14345315,18.880241,18.900242,3030400
hardzero_plus_depr__c0p50__z1p00__lam0p020__nu0p50__psi0p75,hardzero_plus_depr,0.06,36,947,0.0,2,0.0876063,0.08760631,0.9876993,0.102872826,0.102872826,1.0,4.3077337e-09,4.187436e-08,-26.360064,2.1729817,0.72432727,0.14400001,0.0,0.12876979,18.900242,18.920242,3033600
hardzero_plus_depr__c0p50__z1p00__lam0p020__nu0p50__psi0p75,hardzero_plus_depr,0.06,36,948,0.0,2,0.08760631,0.08760631,1.004662,0.0,0.09893226,0.0,0.0,4.1250917e-08,-26.928186,2.2103007,0.73676693,0.192,0.0,0.1595069,18.920242,18.940243,3036800
hardzero_plus_depr__c0p50__z1p00__lam0p020__nu0p50__psi0p75,hardzero_plus_depr,0.06,36,949,0.0,2,0.08760631,0.08760631,1.0077301,0.0,0.09823581,0.0,0.0,4.0636756e-08,-26.23361,2.2170506,0.7390169,0.21,0.0,0.13423982,18.940243,18.960243,3040000
hardzero_plus_depr__c0p50__z1p00__lam0p020__nu0p50__psi0p75,hardzero_plus_depr,0.06,36,950,0.0,2,0.08760631,0.08760631,1.0025853,0.0,0.09940648,0.0,0.0,4.0031743e-08,-26.571524,2.2057316,0.7352439,0.224,0.0,0.16576368,18.960243,18.980244,3043200
hardzero_plus_depr__c0p50__z1p00__lam0p020__nu0p50__psi0p75,hardzero_plus_depr,0.06,36,951,0.0,2,0.08760631,0.08760631,1.030541,0.0,0.09320925,0.0,0.0,3.9435736e-08,-27.495907,2.2672353,0.7557451,0.136,0.0,0.13845782,18.980244,19.000244,3046400
hardzero_plus_depr__c0p50__z1p00__lam0p020__nu0p50__psi0p75,hardzero_plus_depr,0.06,36,952,0.0,2,0.08760631,0.08760631,1.046519,0.0,0.08984232,0.0,0.0,3.88486e-08,-27.429522,2.302388,0.7674627,0.136,0.0,0.16323669,19.000244,19.020245,3049600
hardzero_plus_depr__c0p50__z1p00__lam0p020__nu0p50__psi0p75,hardzero_plus_depr,0.06,36,953,0.0,2,0.08760631,0.08760631,1.040688,0.0,0.0910567,0.0,0.0,3.8270205e-08,-28.986557,2.2895594,0.76318645,0.128,0.0,0.15804373,19.020245,19.040245,3052800
hardzero_plus_depr__c0p50__z1p00__lam0p020__nu0p50__psi0p75,hardzero_plus_depr,0.06,36,954,0.0,2,0.08760631,0.08760631,1.0003068,0.0,0.09992938,0.0,0.0,3.7700424e-08,-27.033112,2.2007189,0.73357296,0.224,0.0,0.14557561,19.040245,19.060246,3056000
hardzero_plus_depr__c0p50__z1p00__lam0p020__nu0p50__psi0p75,hardzero_plus_depr,0.06,36,955,0.0,2,0.08760631,0.08760631,1.0170926,0.0,0.09614072,0.0,0.0,3.7139124e-08,-26.025778,2.2376482,0.74588275,0.14400001,0.0,0.14673097,19.060246,19.080246,3059200
hardzero_plus_depr__c0p50__z1p00__lam0p020__nu0p50__psi0p75,hardzero_plus_depr,0.06,36,956,0.0,2,0.08760631,0.08760631,1.0432806,0.0,0.09051476,0.0,0.0,3.6586183e-08,-27.777704,2.295263,0.7650877,0.120000005,0.0,0.13792086,19.080246,19.100246,3062400
hardzero_plus_depr__c0p50__z1p00__lam0p020__nu0p50__psi0p75,hardzero_plus_depr,0.06,36,957,0.0,2,0.08760631,0.08760631,1.0173023,0.0,0.09609432,0.0,0.0,3.6041474e-08,-26.515036,2.2381096,0.7460365,0.104,0.0,0.13698164,19.100246,19.120247,3065600
hardzero_plus_depr__c0p50__z1p00__lam0p020__nu0p50__psi0p75,hardzero_plus_depr,0.06,36,958,0.0,2,0.08760631,0.08760631,1.1100782,0.0,0.07761073,0.0,0.0,3.5504872e-08,-28.497726,2.442221,0.8140737,0.14400001,0.0,0.18944226,19.120247,19.140247,3068800
hardzero_plus_depr__c0p50__z1p00__lam0p020__nu0p50__psi0p75,hardzero_plus_depr,0.06,36,959,0.0,2,0.08760631,0.08760631,1.0023726,0.0,0.09945518,0.0,0.0,3.4976264e-08,-26.580114,2.2052639,0.735088,0.096,0.0,0.12153109,19.140247,19.160248,3072000
hardzero_plus_depr__c0p50__z1p00__lam0p020__nu0p50__psi0p75,hardzero_plus_depr,0.06,36,960,0.0,2,0.08760631,0.08760631,1.0011531,0.0,0.09973484,0.0,0.0,3.445552e-08,-27.252613,2.202581,0.7341937,0.23200001,0.0,0.1857898,19.160248,19.180248,3075200
hardzero_plus_depr__c0p50__z1p00__lam0p020__nu0p50__psi0p75,hardzero_plus_depr,0.06,36,961,0.0,2,0.08760631,0.08760631,1.0903699,0.0,0.08121383,0.0,0.0,3.3942538e-08,-27.93512,2.398862,0.7996206,0.128,0.0,0.1521899,19.180248,19.200249,3078400
hardzero_plus_depr__c0p50__z1p00__lam0p020__nu0p50__psi0p75,hardzero_plus_depr,0.06,36,962,0.0,2,0.08760631,0.08760631,1.0167959,0.0,0.09620644,0.0,0.0,3.343718e-08,-27.096325,2.2369957,0.74566525,0.08,0.0,0.15125994,19.200249,19.22025,3081600
hardzero_plus_depr__c0p50__z1p00__lam0p020__nu0p50__psi0p75,hardzero_plus_depr,0.06,36,963,0.0,2,0.08760631,0.08760631,1.0423495,0.0,0.09070903,0.0,0.0,3.2939358e-08,-27.468132,2.2932146,0.7644049,0.16000001,0.0,0.17965971,19.22025,19.24025,3084800
hardzero_plus_depr__c0p50__z1p00__lam0p020__nu0p50__psi0p75,hardzero_plus_depr,0.06,36,964,0.0,2,0.08760631,0.08760631,1.0393561,0.0,0.0913364,0.0,0.0,3.2448945e-08,-27.720114,2.2866292,0.7622098,0.112,0.0,0.15583156,19.24025,19.26025,3088000
hardzero_plus_depr__c0p50__z1p00__lam0p020__nu0p50__psi0p75,hardzero_plus_depr,0.06,36,965,0.0,2,0.08760631,0.08760631,0.99819404,0.10041672,0.10041672,1.0,3.2099041e-09,3.1965833e-08,-26.882347,2.1960707,0.7320236,0.2,0.0,0.13701592,19.26025,19.28025,3091200
hardzero_plus_depr__c0p50__z1p00__lam0p020__nu0p50__psi0p75,hardzero_plus_depr,0.06,36,966,0.0,2,0.08760631,0.08760631,1.0213641,0.0,0.095199764,0.0,0.0,3.148991e-08,-27.496284,2.2470458,0.7490153,0.14400001,0.0,0.14222056,19.28025,19.300251,3094400
hardzero_plus_depr__c0p50__z1p00__lam0p020__nu0p50__psi0p75,hardzero_plus_depr,0.06,36,967,0.0,2,0.08760631,0.08760631,1.0147442,0.0,0.09666202,0.0,0.0,3.1021077e-08,-26.118769,2.2324817,0.7441606,0.120000005,0.0,0.15404233,19.300251,19.320251,3097600
hardzero_plus_depr__c0p50__z1p00__lam0p020__nu0p50__psi0p75,hardzero_plus_depr,0.06,36,968,0.0,2,0.08760631,0.08760631,1.0956804,0.0,0.08022683,0.0,0.0,3.0559217e-08,-29.377684,2.4105449,0.80351496,0.128,0.0,0.19479126,19.320251,19.340252,3100800
hardzero_plus_depr__c0p50__z1p00__lam0p020__nu0p50__psi0p75,hardzero_plus_depr,0.06,36,969,0.0,2,0.08760631,0.08760631,1.076042,0.0,0.08393785,0.0,0.0,3.0104243e-08,-28.742987,2.3673398,0.7891133,0.16000001,0.0,0.1845793,19.340252,19.360252,3104000
hardzero_plus_depr__c0p50__z1p00__lam0p020__nu0p50__psi0p75,hardzero_plus_depr,0.06,36,970,0.0,2,0.08760631,0.08760631,1.0087936,0.0,0.097995564,0.0,0.0,2.965604e-08,-26.834248,2.2193902,0.73979676,0.112,0.0,0.1388458,19.360252,19.380253,3107200
hardzero_plus_depr__c0p50__z1p00__lam0p020__nu0p50__psi0p75,hardzero_plus_depr,0.06,36,971,0.0,2,0.08760631,0.08760631,1.0225542,0.0,0.09493926,0.0,0.0,2.921451e-08,-27.427807,2.249664,0.74988806,0.128,0.0,0.16566458,19.380253,19.400253,3110400
hardzero_plus_depr__c0p50__z1p00__lam0p020__nu0p50__psi0p75,hardzero_plus_depr,0.06,36,972,0.0,2,0.08760631,0.08760631,1.0370091,0.0,0.09183132,0.0,0.0,2.8779551e-08,-27.925343,2.2814655,0.7604885,0.16000001,0.0,0.15839176,19.400253,19.420254,3113600
hardzero_plus_depr__c0p50__z1p00__lam0p020__nu0p50__psi0p75,hardzero_plus_depr,0.06,36,973,0.0,2,0.08760631,0.08760631,0.99871373,0.1002966,0.1002966,1.0,2.8435159e-09,2.8351069e-08,-26.261032,2.1972141,0.7324047,0.136,0.0,0.12193868,19.420254,19.440254,3116800
hardzero_plus_depr__c0p50__z1p00__lam0p020__nu0p50__psi0p75,hardzero_plus_depr,0.06,36,974,0.0,2,0.08760631,0.08760631,0.95758367,0.11025957,0.11025957,1.0,3.079436e-09,2.7928968e-08,-26.361856,2.1067262,0.7022421,0.18400002,0.0,0.12495674,19.440254,19.460255,3120000
hardzero_plus_depr__c0p50__z1p00__lam0p020__nu0p50__psi0p75,hardzero_plus_depr,0.06,36,975,0.0,2,0.08760631,0.08760631,1.0122057,0.0,0.09722865,0.0,0.0,2.751315e-08,-27.496107,2.226897,0.742299,0.12,0.0,0.14754725,19.460255,19.480255,3123200
hardzero_plus_depr__c0p50__z1p00__lam0p020__nu0p50__psi0p75,hardzero_plus_depr,0.06,36,976,0.0,2,0.08760631,0.08760631,0.9923006,0.101788655,0.101788655,1.0,2.7588314e-09,2.7103525e-08,-27.044418,2.183105,0.72770166,0.18400002,0.0,0.14854473,19.480255,19.500256,3126400
hardzero_plus_depr__c0p50__z1p00__lam0p020__nu0p50__psi0p75,hardzero_plus_depr,0.06,36,977,0.0,2,0.08760631,0.08760631,0.9983048,0.1003911,0.1003911,1.0,2.680442e-09,2.6699997e-08,-26.439827,2.1963143,0.7321048,0.16800001,0.0,0.14449684,19.500256,19.520256,3129600
hardzero_plus_depr__c0p50__z1p00__lam0p020__nu0p50__psi0p75,hardzero_plus_depr,0.06,36,978,0.0,2,0.08760631,0.08760631,1.0052847,0.0,0.09879053,0.0,0.0,2.6302473e-08,-25.954155,2.2116704,0.7372235,0.136,0.0,0.14685157,19.520256,19.540257,3132800
hardzero_plus_depr__c0p50__z1p00__lam0p020__nu0p50__psi0p75,hardzero_plus_depr,0.06,36,979,0.0,2,0.08760631,0.08760631,0.997027,0.100686915,0.100686915,1.0,2.608886e-09,2.5910873e-08,-26.702738,2.1935031,0.73116773,0.128,0.0,0.12698893,19.540257,19.560257,3136000
hardzero_plus_depr__c0p50__z1p00__lam0p020__nu0p50__psi0p75,hardzero_plus_depr,0.06,36,980,0.0,2,0.08760631,0.08760631,1.0344923,0.0,0.092365064,0.0,0.0,2.5525104e-08,-27.064583,2.2759285,0.75864285,0.120000005,0.0,0.14138202,19.560257,19.580257,3139200
hardzero_plus_depr__c0p50__z1p00__lam0p020__nu0p50__psi0p75,hardzero_plus_depr,0.06,36,981,0.0,2,0.08760631,0.08760631,1.020198,0.0,0.09545573,0.0,0.0,2.5145075e-08,-27.802498,2.2444804,0.7481601,0.136,0.0,0.16721314,19.580257,19.600258,3142400
hardzero_plus_depr__c0p50__z1p00__lam0p020__nu0p50__psi0p75,hardzero_plus_depr,0.06,36,982,0.0,2,0.08760631,0.08760631,1.032245,0.0,0.09284424,0.0,0.0,2.4770706e-08,-26.950394,2.2709844,0.75699484,0.16800001,0.0,0.1466567,19.600258,19.620258,3145600
hardzero_plus_depr__c0p50__z1p00__lam0p020__nu0p50__psi0p75,hardzero_plus_depr,0.06,36,983,0.0,2,0.08760631,0.08760631,1.0401685,0.0,0.0911657,0.0,0.0,2.4401906e-08,-27.369831,2.2884164,0.76280546,0.15200001,0.0,0.1575562,19.620258,19.640259,3148800
hardzero_plus_depr__c0p50__z1p00__lam0p020__nu0p50__psi0p75,hardzero_plus_depr,0.06,36,984,0.0,2,0.08760631,0.08760631,1.0427202,0.0,0.09063163,0.0,0.0,2.4038602e-08,-27.427925,2.2940302,0.76467675,0.16000001,0.0,0.16422606,19.640259,19.66026,3152000
hardzero_plus_depr__c0p50__z1p00__lam0p020__nu0p50__psi0p75,hardzero_plus_depr,0.06,36,985,0.0,2,0.08760631,0.08760631,0.96788055,0.107676126,0.107676126,1.0,2.5498468e-09,2.3680707e-08,-26.693377,2.1293797,0.70979327,0.2,0.0,0.14718579,19.66026,19.68026,3155200
hardzero_plus_depr__c0p50__z1p00__lam0p020__nu0p50__psi0p75,hardzero_plus_depr,0.06,36,986,0.0,2,0.08760631,0.08760631,0.9803172,0.104636416,0.104636416,1.0,2.440973e-09,2.332814e-08,-26.678637,2.156741,0.7189137,0.18400002,0.0,0.12234014,19.68026,19.70026,3158400
hardzero_plus_depr__c0p50__z1p00__lam0p020__nu0p50__psi0p75,hardzero_plus_depr,0.06,36,987,0.0,2,0.08760631,0.08760631,1.0289253,0.0,0.09355665,0.0,0.0,2.2980823e-08,-27.59291,2.263681,0.75456035,0.16800001,0.0,0.16402014,19.70026,19.72026,3161600
hardzero_plus_depr__c0p50__z1p00__lam0p020__nu0p50__psi0p75,hardzero_plus_depr,0.06,36,988,0.0,2,0.08760631,0.08760631,1.0649538,0.0,0.08610853,0.0,0.0,2.2638671e-08,-27.961472,2.342945,0.7809817,0.19,0.0,0.1644616,19.72026,19.740261,3164800
hardzero_plus_depr__c0p50__z1p00__lam0p020__nu0p50__psi0p75,hardzero_plus_depr,0.06,36,989,0.0,2,0.08760631,0.08760631,0.9860388,0.10326692,0.10326692,1.0,2.3030193e-09,2.2301618e-08,-27.142353,2.1693287,0.7231096,0.16800001,0.0,0.13592371,19.740261,19.760262,3168000
hardzero_plus_depr__c0p50__z1p00__lam0p020__nu0p50__psi0p75,hardzero_plus_depr,0.06,36,990,0.0,2,0.08760631,0.08760631,1.0209903,0.0,0.095281765,0.0,0.0,2.1969585e-08,-27.268959,2.2462234,0.74874115,0.128,0.0,0.15796953,19.760262,19.780262,3171200
hardzero_plus_depr__c0p50__z1p00__lam0p020__nu0p50__psi0p75,hardzero_plus_depr,0.06,36,991,0.0,2,0.08760631,0.08760631,1.0138929,0.0,0.09685166,0.0,0.0,2.1642492e-08,-26.75816,2.230609,0.74353635,0.224,0.0,0.14553718,19.780262,19.800262,3174400
hardzero_plus_depr__c0p50__z1p00__lam0p020__nu0p50__psi0p75,hardzero_plus_depr,0.06,36,992,0.0,2,0.08760631,0.08760631,1.0106038,0.0,0.09758794,0.0,0.0,2.132027e-08,-27.22429,2.2233727,0.7411243,0.16800001,0.0,0.16243254,19.800262,19.820263,3177600
hardzero_plus_depr__c0p50__z1p00__lam0p020__nu0p50__psi0p75,hardzero_plus_depr,0.06,36,993,0.0,2,0.08760631,0.08760631,0.9923491,0.1017773,0.1017773,1.0,2.137613e-09,2.1002846e-08,-26.829699,2.1832116,0.7277372,0.15200001,0.008,0.12649961,19.820263,19.840263,3180800
hardzero_plus_depr__c0p50__z1p00__lam0p020__nu0p50__psi0p75,hardzero_plus_depr,0.06,36,994,0.0,2,0.08760631,0.08760631,0.9785951,0.105052136,0.105052136,1.0,2.173544e-09,2.0690146e-08,-26.28212,2.1529522,0.7176508,0.16800001,0.008,0.1520303,19.840263,19.860264,3184000
hardzero_plus_depr__c0p50__z1p00__lam0p020__nu0p50__psi0p75,hardzero_plus_depr,0.06,36,995,0.0,2,0.08760631,0.08760631,1.0172902,0.0,0.09609698,0.0,0.0,2.0382103e-08,-27.311008,2.2380831,0.7460277,0.120000005,0.0,0.14327972,19.860264,19.880264,3187200
hardzero_plus_depr__c0p50__z1p00__lam0p020__nu0p50__psi0p75,hardzero_plus_depr,0.06,36,996,0.0,2,0.08760631,0.08760631,0.99763155,0.100546844,0.100546844,1.0,2.0188444e-09,2.0078646e-08,-26.262815,2.1948333,0.73161113,0.16800001,0.0,0.15884733,19.880264,19.900265,3190400
hardzero_plus_depr__c0p50__z1p00__lam0p020__nu0p50__psi0p75,hardzero_plus_depr,0.06,36,997,0.0,2,0.08760631,0.08760631,1.0366913,0.0,0.09189856,0.0,0.0,1.9779707e-08,-27.189556,2.2807665,0.7602555,0.16000001,0.0,0.1374517,19.900265,19.920265,3193600
hardzero_plus_depr__c0p50__z1p00__lam0p020__nu0p50__psi0p75,hardzero_plus_depr,0.06,36,998,0.0,2,0.08760631,0.08760631,1.0827682,0.0,0.08264789,0.0,0.0,1.948522e-08,-28.508095,2.3821375,0.79404587,0.17600001,0.0,0.21518598,19.920265,19.940266,3196800
hardzero_plus_depr__c0p50__z1p00__lam0p020__nu0p50__psi0p75,hardzero_plus_depr,0.06,36,999,0.0,2,0.08760631,0.08760631,0.95178765,0.11174094,0.11174094,1.0,2.14488e-09,1.9195115e-08,-26.42622,2.0939746,0.69799155,0.2,0.0,0.14030951,19.940266,19.960266,3200000
hardzero_plus_depr__c0p50__z1p00__lam0p020__nu0p50__psi0p75,hardzero_plus_depr,0.06,36,1000,0.0,2,0.08760631,0.08760631,0.97891814,0.104974024,0.104974024,1.0,1.9849888e-09,1.8909333e-08,-27.031113,2.153663,0.71788764,0.18400002,0.0,0.14686051,19.960266,19.980267,3203200
hardzero_plus_depr__c0p50__z1p00__lam0p020__nu0p50__psi0p75,hardzero_plus_depr,0.06,36,1001,0.0,2,0.08760631,0.08760631,1.0497743,0.0,0.089171425,0.0,0.0,1.8627802e-08,-27.624311,2.3095496,0.7698499,0.13,0.0,0.13265036,19.980267,20.000267,3206400
hardzero_plus_depr__c0p50__z1p00__lam0p020__nu0p50__psi0p75,hardzero_plus_depr,0.06,36,1002,0.0,2,0.08760631,0.08760631,1.0212694,0.0,0.09522051,0.0,0.0,1.8350464e-08,-27.234875,2.2468376,0.7489459,0.136,0.0,0.15123248,20.000267,20.020267,3209600
hardzero_plus_depr__c0p50__z1p00__lam0p020__nu0p50__psi0p75,hardzero_plus_depr,0.06,36,1003,0.0,2,0.08760631,0.08760631,0.98717636,0.10299677,0.10299677,1.0,1.8618986e-09,1.8077253e-08,-26.583374,2.1718314,0.7239438,0.14400001,0.0,0.13484645,20.020267,20.040268,3212800
hardzero_plus_depr__c0p50__z1p00__lam0p020__nu0p50__psi0p75,hardzero_plus_depr,0.06,36,1004,0.0,2,0.08760631,0.08760631,1.0325675,0.0,0.092775315,0.0,0.0,1.7808112e-08,-27.215658,2.271694,0.75723135,0.128,0.0,0.13213305,20.040268,20.060268,3216000
hardzero_plus_depr__c0p50__z1p00__lam0p020__nu0p50__psi0p75,hardzero_plus_depr,0.06,36,1005,0.0,2,0.08760631,0.08760631,1.020622,0.0,0.09536258,0.0,0.0,1.7542979e-08,-27.416006,2.2454133,0.74847114,0.16800001,0.0,0.15613468,20.060268,20.080269,3219200
hardzero_plus_depr__c0p50__z1p00__lam0p020__nu0p50__psi0p75,hardzero_plus_depr,0.06,36,1006,0.0,2,0.08760631,0.08760631,1.0270998,0.0,0.09395073,0.0,0.0,1.7281792e-08,-27.97756,2.2596648,0.75322163,0.208,0.0,0.19666769,20.080269,20.10027,3222400
hardzero_plus_depr__c0p50__z1p00__lam0p020__nu0p50__psi0p75,hardzero_plus_depr,0.06,36,1007,0.0,2,0.08760631,0.08760631,1.0788064,0.0,0.083405286,0.0,0.0,1.7024494e-08,-28.18982,2.3734214,0.7911405,0.120000005,0.0,0.17229998,20.10027,20.12027,3225600
hardzero_plus_depr__c0p50__z1p00__lam0p020__nu0p50__psi0p75,hardzero_plus_depr,0.06,36,1008,0.0,2,0.08760631,0.08760631,0.9541927,0.11112385,0.11112385,1.0,1.863661e-09,1.6771025e-08,-26.237099,2.0992658,0.6997553,0.2,0.0,0.116973095,20.12027,20.14027,3228800
hardzero_plus_depr__c0p50__z1p00__lam0p020__nu0p50__psi0p75,hardzero_plus_depr,0.06,36,1009,0.0,2,0.08760631,0.08760631,0.98751634,0.10291618,0.10291618,1.0,1.7003123e-09,1.6521332e-08,-26.610575,2.1725793,0.7241931,0.192,0.0,0.14166242,20.14027,20.16027,3232000
hardzero_plus_depr__c0p50__z1p00__lam0p020__nu0p50__psi0p75,hardzero_plus_depr,0.06,36,1010,0.0,2,0.08760631,0.08760631,1.0167888,0.0,0.096208,0.0,0.0,1.6275356e-08,-26.831167,2.2369802,0.74566007,0.16000001,0.0,0.1629316,20.16027,20.180271,3235200
hardzero_plus_depr__c0p50__z1p00__lam0p020__nu0p50__psi0p75,hardzero_plus_depr,0.06,36,1011,0.0,2,0.08760631,0.08760631,0.9654375,0.10828356,0.10828356,1.0,1.7361149e-09,1.6033043e-08,-26.151676,2.1240048,0.7080016,0.18400002,0.0,0.14437759,20.180271,20.200272,3238400
hardzero_plus_depr__c0p50__z1p00__lam0p020__nu0p50__psi0p75,hardzero_plus_depr,0.06,36,1012,0.0,2,0.08760631,0.08760631,1.0492314,0.0,0.08928297,0.0,0.0,1.5794335e-08,-27.426283,2.308355,0.76945174,0.128,0.0,0.13796067,20.200272,20.220272,3241600
hardzero_plus_depr__c0p50__z1p00__lam0p020__nu0p50__psi0p75,hardzero_plus_depr,0.06,36,1013,0.0,2,0.08760631,0.08760631,1.0676525,0.0,0.08557512,0.0,0.0,1.5559184e-08,-27.694221,2.3488824,0.78296083,0.16800001,0.0,0.1591285,20.220272,20.240273,3244800
hardzero_plus_depr__c0p50__z1p00__lam0p020__nu0p50__psi0p75,hardzero_plus_depr,0.06,36,1014,0.0,2,0.08760631,0.08760631,1.0067941,0.0,0.09844776,0.0,0.0,1.5327531e-08,-27.318022,2.2149913,0.7383305,0.19999999,0.0,0.1323204,20.240273,20.260273,3248000
hardzero_plus_depr__c0p50__z1p00__lam0p020__nu0p50__psi0p75,hardzero_plus_depr,0.06,36,1015,0.0,2,0.08760631,0.08760631,0.9572875,0.11033478,0.11033478,1.0,1.6659811e-09,1.509933e-08,-26.067572,2.1060746,0.7020249,0.112,0.0,0.11655372,20.260273,20.280273,3251200
hardzero_plus_depr__c0p50__z1p00__lam0p020__nu0p50__psi0p75,hardzero_plus_depr,0.06,36,1016,0.0,2,0.08760631,0.08760631,1.0194073,0.0,0.09562969,0.0,0.0,1.4874526e-08,-27.293627,2.2427409,0.7475803,0.16000001,0.0,0.1645671,20.280273,20.300274,3254400
hardzero_plus_depr__c0p50__z1p00__lam0p020__nu0p50__psi0p75,hardzero_plus_depr,0.06,36,1017,0.0,2,0.08760631,0.08760631,1.0282263,0.0,0.09370737,0.0,0.0,1.4653066e-08,-27.07185,2.262143,0.75404763,0.16800001,0.0,0.1505917,20.300274,20.320274,3257600
hardzero_plus_depr__c0p50__z1p00__lam0p020__nu0p50__psi0p75,hardzero_plus_depr,0.06,36,1018,0.0,2,0.08760631,0.08760631,1.0827872,0.0,0.082644284,0.0,0.0,1.4434907e-08,-28.346888,2.3821793,0.79405975,0.136,0.0,0.16926026,20.320274,20.340275,3260800
hardzero_plus_depr__c0p50__z1p00__lam0p020__nu0p50__psi0p75,hardzero_plus_depr,0.06,36,1019,0.0,2,0.08760631,0.08760631,0.99658006,0.100790575,0.100790575,1.0,1.4332413e-09,1.4219993e-08,-26.850193,2.19252,0.73083997,0.08800001,0.0,0.14315663,20.340275,20.360275,3264000
hardzero_plus_depr__c0p50__z1p00__lam0p020__nu0p50__psi0p75,hardzero_plus_depr,0.06,36,1020,0.0,2,0.08760631,0.08760631,1.0228107,0.0,0.09488319,0.0,0.0,1.4008281e-08,-27.77195,2.2502284,0.7500762,0.14400001,0.0,0.15573092,20.360275,20.380276,3267200
hardzero_plus_depr__c0p50__z1p00__lam0p020__nu0p50__psi0p75,hardzero_plus_depr,0.06,36,1021,0.0,2,0.08760631,0.08760631,1.047905,0.0,0.08955606,0.0,0.0,1.37997205e-08,-27.476759,2.3054368,0.768479,0.136,0.0,0.16036454,20.380276,20.400276,3270400
hardzero_plus_depr__c0p50__z1p00__lam0p020__nu0p50__psi0p75,hardzero_plus_depr,0.06,36,1022,0.0,2,0.08760631,0.08760631,1.0650948,0.0,0.08608057,0.0,0.0,1.3594264e-08,-28.18813,2.3432553,0.78108513,0.192,0.0,0.16992287,20.400276,20.420277,3273600
hardzero_plus_depr__c0p50__z1p00__lam0p020__nu0p50__psi0p75,hardzero_plus_depr,0.06,36,1023,0.0,2,0.08760631,0.08760631,0.9919596,0.10186861,0.10186861,1.0,1.3642109e-09,1.3391867e-08,-26.74516,2.1823547,0.72745156,0.14400001,0.0,0.14139193,20.420277,20.440277,3276800
hardzero_plus_depr__c0p50__z1p00__lam0p020__nu0p50__psi0p75,hardzero_plus_depr,0.06,36,1024,0.0,2,0.08760631,0.08760631,1.0508802,0.0,0.088944644,0.0,0.0,1.31924836e-08,-28.34578,2.3119826,0.7706609,0.16800001,0.0,0.18490674,20.440277,20.460278,3280000
hardzero_plus_depr__c0p50__z1p00__lam0p020__nu0p50__psi0p75,hardzero_plus_depr,0.06,36,1025,0.0,2,0.08760631,0.08760631,1.032835,0.0,0.0927182,0.0,0.0,1.299607e-08,-27.431255,2.2722824,0.75742745,0.14400001,0.0,0.13123704,20.460278,20.480278,3283200
hardzero_plus_depr__c0p50__z1p00__lam0p020__nu0p50__psi0p75,hardzero_plus_depr,0.06,36,1026,0.0,2,0.08760631,0.08760631,1.0525728,0.0,0.08859865,0.0,0.0,1.2802579e-08,-26.779877,2.3157065,0.7719022,0.216,0.0,0.15205963,20.480278,20.500278,3286400
hardzero_plus_depr__c0p50__z1p00__lam0p020__nu0p50__psi0p75,hardzero_plus_depr,0.06,36,1027,0.0,2,0.08760631,0.08760631,1.056937,0.0,0.0877128,0.0,0.0,1.2611969e-08,-28.506771,2.3253078,0.7751026,0.19999999,0.0,0.16106728,20.500278,20.520279,3289600
hardzero_plus_depr__c0p50__z1p00__lam0p020__nu0p50__psi0p75,hardzero_plus_depr,0.06,36,1028,0.0,2,0.08760631,0.08760631,1.0092496,0.0,0.097892724,0.0,0.0,1.2424197e-08,-26.799664,2.2203934,0.74013114,0.136,0.0,0.15198195,20.520279,20.54028,3292800
hardzero_plus_depr__c0p50__z1p00__lam0p020__nu0p50__psi0p75,hardzero_plus_depr,0.06,36,1029,0.0,2,0.08760631,0.08760631,0.9792636,0.10489056,0.10489056,1.0,1.2837786e-09,1.2239219e-08,-25.669552,2.154423,0.718141,0.24000001,0.0,0.13998121,20.54028,20.56028,3296000
hardzero_plus_depr__c0p50__z1p00__lam0p020__nu0p50__psi0p75,hardzero_plus_depr,0.06,36,1030,0.0,2,0.08760631,0.08760631,1.0459113,0.0,0.08996812,0.0,0.0,1.2056998e-08,-27.237375,2.301051,0.767017,0.216,0.0,0.13693067,20.56028,20.58028,3299200
hardzero_plus_depr__c0p50__z1p00__lam0p020__nu0p50__psi0p75,hardzero_plus_depr,0.06,36,1031,0.0,2,0.08760631,0.08760631,1.0136138,0.0,0.09691391,0.0,0.0,1.1877488e-08,-27.206543,2.229995,0.7433317,0.128,0.0,0.16310753,20.58028,20.60028,3302400
hardzero_plus_depr__c0p50__z1p00__lam0p020__nu0p50__psi0p75,hardzero_plus_depr,0.06,36,1032,0.0,2,0.08760631,0.08760631,1.0668557,0.0,0.08573226,0.0,0.0,1.1700652e-08,-28.263931,2.3471293,0.78237647,0.08800001,0.0,0.18311906,20.60028,20.620281,3305600
hardzero_plus_depr__c0p50__z1p00__lam0p020__nu0p50__psi0p75,hardzero_plus_depr,0.06,36,1033,0.0,2,0.08760631,0.08760631,0.9970349,0.10068507,0.10068507,1.0,1.1605411e-09,1.1526447e-08,-26.807444,2.1935205,0.7311735,0.216,0.0,0.16542208,20.620281,20.640282,3308800
hardzero_plus_depr__c0p50__z1p00__lam0p020__nu0p50__psi0p75,hardzero_plus_depr,0.06,36,1034,0.0,2,0.08760631,0.08760631,1.0222306,0.0,0.09501,0.0,0.0,1.1354837e-08,-28.119486,2.2489524,0.74965084,0.17600001,0.0,0.18132584,20.640282,20.660282,3312000
hardzero_plus_depr__c0p50__z1p00__lam0p020__nu0p50__psi0p75,hardzero_plus_depr,0.06,36,1035,0.0,2,0.08760631,0.08760631,1.0255362,0.0,0.0942896,0.0,0.0,1.1185782e-08,-26.829313,2.2562246,0.7520749,0.18400002,0.0,0.1511033,20.660282,20.680283,3315200
hardzero_plus_depr__c0p50__z1p00__lam0p020__nu0p50__psi0p75,hardzero_plus_depr,0.06,36,1036,0.0,2,0.08760631,0.08760631,1.0823033,0.0,0.08273642,0.0,0.0,1.1019243e-08,-28.56993,2.3811147,0.7937049,0.14400001,0.0,0.17779331,20.680283,20.700283,3318400
hardzero_plus_depr__c0p50__z1p00__lam0p020__nu0p50__psi0p75,hardzero_plus_depr,0.06,36,1037,0.0,2,0.08760631,0.08760631,1.069268,0.0,0.08525739,0.0,0.0,1.0855185e-08,-28.907204,2.3524365,0.78414553,0.16000001,0.0,0.17636316,20.700283,20.720284,3321600
hardzero_plus_depr__c0p50__z1p00__lam0p020__nu0p50__psi0p75,hardzero_plus_depr,0.06,36,1038,0.0,2,0.08760631,0.08760631,0.9946865,0.101231,0.101231,1.0,1.0825206e-09,1.0693568e-08,-26.539522,2.188354,0.72945136,0.18400002,0.0,0.14720131,20.720284,20.740284,3324800
hardzero_plus_depr__c0p50__z1p00__lam0p020__nu0p50__psi0p75,hardzero_plus_depr,0.06,36,1039,0.0,2,0.08760631,0.08760631,1.0123601,0.0,0.09719409,0.0,0.0,1.0534359e-08,-26.762999,2.2272367,0.74241227,0.224,0.0,0.15244688,20.740284,20.760284,3328000
hardzero_plus_depr__c0p50__z1p00__lam0p020__nu0p50__psi0p75,hardzero_plus_depr,0.06,36,1040,0.0,2,0.08760631,0.08760631,1.0297892,0.0,0.09337074,0.0,0.0,1.0377518e-08,-26.778402,2.2655814,0.7551938,0.19,0.0,0.13712008,20.760284,20.780285,3331200
hardzero_plus_depr__c0p50__z1p00__lam0p020__nu0p50__psi0p75,hardzero_plus_depr,0.06,36,1041,0.0,2,0.08760631,0.08760631,1.0332345,0.0,0.09263295,0.0,0.0,1.0223014e-08,-27.219704,2.2731612,0.7577204,0.14400001,0.0,0.15643878,20.780285,20.800285,3334400
hardzero_plus_depr__c0p50__z1p00__lam0p020__nu0p50__psi0p75,hardzero_plus_depr,0.06,36,1042,0.0,2,0.08760631,0.08760631,0.9773882,0.10534448,0.10534448,1.0,1.0609041e-09,1.0070809e-08,-26.680212,2.150297,0.71676564,0.192,0.0,0.14510463,20.800285,20.820286,3337600
hardzero_plus_depr__c0p50__z1p00__lam0p020__nu0p50__psi0p75,hardzero_plus_depr,0.06,36,1043,0.0,2,0.08760631,0.08760631,1.0590991,0.0,0.08727721,0.0,0.0,9.920871e-09,-27.676126,2.3300645,0.7766882,0.120000005,0.0,0.13729697,20.820286,20.840286,3340800
hardzero_plus_depr__c0p50__z1p00__lam0p020__nu0p50__psi0p75,hardzero_plus_depr,0.06,36,1044,0.0,2,0.08760631,0.08760631,1.000951,0.0,0.099781245,0.0,0.0,9.773165e-09,-27.300222,2.2021363,0.73404545,0.16800001,0.0,0.1426096,20.840286,20.860287,3344000
hardzero_plus_depr__c0p50__z1p00__lam0p020__nu0p50__psi0p75,hardzero_plus_depr,0.06,36,1045,0.0,2,0.08760631,0.08760631,1.0021379,0.0,0.09950894,0.0,0.0,9.627659e-09,-26.547894,2.2047474,0.73491585,0.208,0.0,0.15233567,20.860287,20.880287,3347200
hardzero_plus_depr__c0p50__z1p00__lam0p020__nu0p50__psi0p75,hardzero_plus_depr,0.06,36,1046,0.0,2,0.08760631,0.08760631,1.0099168,0.0,0.09774243,0.0,0.0,9.484318e-09,-27.186642,2.2218614,0.7406205,0.16800001,0.0,0.14734787,20.880287,20.900288,3350400
hardzero_plus_depr__c0p50__z1p00__lam0p020__nu0p50__psi0p75,hardzero_plus_depr,0.06,36,1047,0.0,2,0.08760631,0.08760631,1.0644581,0.0,0.08620687,0.0,0.0,9.343111e-09,-27.600876,2.3418546,0.7806182,0.120000005,0.0,0.16516182,20.900288,20.920288,3353600
hardzero_plus_depr__c0p50__z1p00__lam0p020__nu0p50__psi0p75,hardzero_plus_depr,0.06,36,1048,0.0,2,0.08760631,0.08760631,0.959346,0.109813064,0.109813064,1.0,1.0107204e-09,9.204008e-09,-25.462547,2.1106033,0.7035345,0.192,0.0,0.13680041,20.920288,20.940289,3356800
hardzero_plus_depr__c0p50__z1p00__lam0p020__nu0p50__psi0p75,hardzero_plus_depr,0.06,36,1049,0.0,2,0.08760631,0.08760631,0.9641917,0.10859463,0.10859463,1.0,9.846248e-10,9.066975e-09,-26.63911,2.121264,0.707088,0.16000001,0.0,0.14367495,20.940289,20.960289,3360000
hardzero_plus_depr__c0p50__z1p00__lam0p020__nu0p50__psi0p75,hardzero_plus_depr,0.06,36,1050,0.0,2,0.08760631,0.08760631,0.9910379,0.10208505,0.10208505,1.0,9.1182184e-10,8.931982e-09,-27.006067,2.180327,0.72677565,0.2,0.0,0.14481673,20.960289,20.98029,3363200
hardzero_plus_depr__c0p50__z1p00__lam0p020__nu0p50__psi0p75,hardzero_plus_depr,0.06,36,1051,0.0,2,0.08760631,0.08760631,0.99726194,0.10063244,0.10063244,1.0,8.8546476e-10,8.799e-09,-26.691872,2.19402,0.73134005,0.216,0.0,0.12566182,20.98029,21.00029,3366400
hardzero_plus_depr__c0p50__z1p00__lam0p020__nu0p50__psi0p75,hardzero_plus_depr,0.06,36,1052,0.0,2,0.08760631,0.08760631,1.0098821,0.0,0.09775025,0.0,0.0,8.667996e-09,-26.537825,2.221785,0.74059504,0.14400001,0.0,0.15318227,21.00029,21.02029,3369600
hardzero_plus_depr__c0p50__z1p00__lam0p020__nu0p50__psi0p75,hardzero_plus_depr,0.06,36,1053,0.0,2,0.08760631,0.08760631,1.0608591,0.0,0.08692425,0.0,0.0,8.538944e-09,-28.006157,2.3339367,0.7779789,0.14,0.0,0.17140421,21.02029,21.04029,3372800
hardzero_plus_depr__c0p50__z1p00__lam0p020__nu0p50__psi0p75,hardzero_plus_depr,0.06,36,1054,0.0,2,0.08760631,0.08760631,1.039486,0.0,0.09130908,0.0,0.0,8.411813e-09,-27.492266,2.286915,0.762305,0.120000005,0.008,0.153849,21.04029,21.060291,3376000
hardzero_plus_depr__c0p50__z1p00__lam0p020__nu0p50__psi0p75,hardzero_plus_depr,0.06,36,1055,0.0,2,0.08760631,0.08760631,1.0271164,0.0,0.09394715,0.0,0.0,8.286575e-09,-26.671173,2.2597013,0.7532338,0.15200001,0.0,0.16661079,21.060291,21.080292,3379200
hardzero_plus_depr__c0p50__z1p00__lam0p020__nu0p50__psi0p75,hardzero_plus_depr,0.06,36,1056,0.0,2,0.08760631,0.08760631,1.0448102,0.0,0.09019653,0.0,0.0,8.163201e-09,-27.669807,2.2986283,0.7662095,0.15200001,0.0,0.15875028,21.080292,21.100292,3382400
hardzero_plus_depr__c0p50__z1p00__lam0p020__nu0p50__psi0p75,hardzero_plus_depr,0.06,36,1057,0.0,2,0.08760631,0.08760631,0.9973201,0.10061897,0.10061897,1.0,8.091439e-10,8.041663e-09,-26.716639,2.194148,0.7313827,0.18400002,0.0,0.15275607,21.100292,21.120293,3385600
hardzero_plus_depr__c0p50__z1p00__lam0p020__nu0p50__psi0p75,hardzero_plus_depr,0.06,36,1058,0.0,2,0.08760631,0.08760631,0.96667,0.107976705,0.107976705,1.0,8.5538454e-10,7.921936e-09,-25.985647,2.1267164,0.70890546,0.192,0.0,0.13608511,21.120293,21.140293,3388800
hardzero_plus_depr__c0p50__z1p00__lam0p020__nu0p50__psi0p75,hardzero_plus_depr,0.06,36,1059,0.0,2,0.08760631,0.08760631,0.9909685,0.10210135,0.10210135,1.0,7.96798e-10,7.803991e-09,-26.33901,2.1801744,0.7267248,0.23200001,0.0,0.13284153,21.140293,21.160294,3392000
hardzero_plus_depr__c0p50__z1p00__lam0p020__nu0p50__psi0p75,hardzero_plus_depr,0.06,36,1060,0.0,2,0.08760631,0.08760631,1.0361882,0.0,0.09200506,0.0,0.0,7.687802e-09,-27.526173,2.2796597,0.7598866,0.096,0.0,0.12282519,21.160294,21.180294,3395200
hardzero_plus_depr__c0p50__z1p00__lam0p020__nu0p50__psi0p75,hardzero_plus_depr,0.06,36,1061,0.0,2,0.08760631,0.08760631,1.0294027,0.0,0.09345386,0.0,0.0,7.573343e-09,-27.364876,2.2647312,0.7549104,0.104,0.0,0.15654697,21.180294,21.200294,3398400
hardzero_plus_depr__c0p50__z1p00__lam0p020__nu0p50__psi0p75,hardzero_plus_depr,0.06,36,1062,0.0,2,0.08760631,0.08760631,1.0594767,0.0,0.08720136,0.0,0.0,7.460588e-09,-27.50628,2.3308954,0.77696514,0.128,0.0,0.15648234,21.200294,21.220295,3401600
hardzero_plus_depr__c0p50__z1p00__lam0p020__nu0p50__psi0p75,hardzero_plus_depr,0.06,36,1063,0.0,2,0.08760631,0.08760631,1.0469038,0.0,0.089762755,0.0,0.0,7.349512e-09,-27.38063,2.3032346,0.7677449,0.15200001,0.0,0.1425573,21.220295,21.240295,3404800
hardzero_plus_depr__c0p50__z1p00__lam0p020__nu0p50__psi0p75,hardzero_plus_depr,0.06,36,1064,0.0,2,0.08760631,0.08760631,1.0447415,0.0,0.09021079,0.0,0.0,7.2400894e-09,-27.406603,2.2984772,0.76615906,0.14400001,0.0,0.14493006,21.240295,21.260296,3408000
hardzero_plus_depr__c0p50__z1p00__lam0p020__nu0p50__psi0p75,hardzero_plus_depr,0.06,36,1065,0.0,2,0.08760631,0.08760631,0.9733586,0.106326476,0.106326476,1.0,7.583519e-10,7.132296e-09,-26.058916,2.1414316,0.71381056,0.128,0.0,0.12699479,21.260296,21.280296,3411200
hardzero_plus_depr__c0p50__z1p00__lam0p020__nu0p50__psi0p75,hardzero_plus_depr,0.06,36,1066,0.0,2,0.08760631,0.08760631,1.0111381,0.0,0.09746796,0.0,0.0,7.0261077e-09,-27.429483,2.224548,0.74151605,0.22,0.0,0.14723414,21.280296,21.300297,3414400
hardzero_plus_depr__c0p50__z1p00__lam0p020__nu0p50__psi0p75,hardzero_plus_depr,0.06,36,1067,0.0,2,0.08760631,0.08760631,1.0761235,0.0,0.08392213,0.0,0.0,6.9215003e-09,-28.098244,2.367519,0.789173,0.15200001,0.0,0.16757095,21.300297,21.320297,3417600
hardzero_plus_depr__c0p50__z1p00__lam0p020__nu0p50__psi0p75,hardzero_plus_depr,0.06,36,1068,0.0,2,0.08760631,0.08760631,1.0160315,0.0,0.096375905,0.0,0.0,6.81845e-09,-26.923086,2.235314,0.7451047,0.18400002,0.0,0.12861326,21.320297,21.340298,3420800
hardzero_plus_depr__c0p50__z1p00__lam0p020__nu0p50__psi0p75,hardzero_plus_depr,0.06,36,1069,0.0,2,0.08760631,0.08760631,0.99871063,0.100297324,0.100297324,1.0,6.736912e-10,6.7169412e-09,-27.383295,2.1972072,0.73240244,0.18400002,0.0,0.13981463,21.340298,21.360298,3424000
hardzero_plus_depr__c0p50__z1p00__lam0p020__nu0p50__psi0p75,hardzero_plus_depr,0.06,36,1070,0.0,2,0.08760631,0.08760631,0.9909131,0.10211438,0.10211438,1.0,6.756837e-10,6.6169297e-09,-26.637533,2.1800523,0.7266841,0.208,0.008,0.13147748,21.360298,21.380299,3427200
hardzero_plus_depr__c0p50__z1p00__lam0p020__nu0p50__psi0p75,hardzero_plus_depr,0.06,36,1071,0.0,2,0.08760631,0.08760631,1.0271558,0.0,0.09393864,0.0,0.0,6.518408e-09,-27.16435,2.2597878,0.75326264,0.17600001,0.0,0.15477036,21.380299,21.4003,3430400
hardzero_plus_depr__c0p50__z1p00__lam0p020__nu0p50__psi0p75,hardzero_plus_depr,0.06,36,1072,0.0,2,0.08760631,0.08760631,1.0322092,0.0,0.0928519,0.0,0.0,6.4213657e-09,-27.588491,2.2709055,0.7569685,0.14400001,0.0,0.15561084,21.4003,21.4203,3433600
hardzero_plus_depr__c0p50__z1p00__lam0p020__nu0p50__psi0p75,hardzero_plus_depr,0.06,36,1073,0.0,2,0.08760631,0.08760631,0.9961378,0.10089327,0.10089327,1.0,6.3822736e-10,6.325768e-09,-26.436293,2.191547,0.73051566,0.17600001,0.0,0.13595372,21.4203,21.4403,3436800
hardzero_plus_depr__c0p50__z1p00__lam0p020__nu0p50__psi0p75,hardzero_plus_depr,0.06,36,1074,0.0,2,0.08760631,0.08760631,1.0225403,0.0,0.09494227,0.0,0.0,6.2315815e-09,-26.965534,2.2496336,0.74987787,0.136,0.0,0.15756075,21.4403,21.4603,3440000
hardzero_plus_depr__c0p50__z1p00__lam0p020__nu0p50__psi0p75,hardzero_plus_depr,0.06,36,1075,0.0,2,0.08760631,0.08760631,1.0533999,0.0,0.088430084,0.0,0.0,6.138797e-09,-27.76101,2.317526,0.77250874,0.15200001,0.0,0.1690465,21.4603,21.4803,3443200
hardzero_plus_depr__c0p50__z1p00__lam0p020__nu0p50__psi0p75,hardzero_plus_depr,0.06,36,1076,0.0,2,0.08760631,0.08760631,1.0520991,0.0,0.08869535,0.0,0.0,6.047406e-09,-27.197838,2.3146644,0.7715548,0.128,0.0,0.1499691,21.4803,21.500301,3446400
hardzero_plus_depr__c0p50__z1p00__lam0p020__nu0p50__psi0p75,hardzero_plus_depr,0.06,36,1077,0.0,2,0.08760631,0.08760631,1.0377012,0.0,0.091685094,0.0,0.0,5.9573755e-09,-28.221155,2.2829883,0.7609961,0.14400001,0.0,0.15926135,21.500301,21.520302,3449600
hardzero_plus_depr__c0p50__z1p00__lam0p020__nu0p50__psi0p75,hardzero_plus_depr,0.06,36,1078,0.0,2,0.08760631,0.08760631,0.995931,0.100941315,0.100941315,1.0,5.923917e-10,5.868674e-09,-26.667625,2.191092,0.730364,0.128,0.0,0.15258496,21.520302,21.540302,3452800
hardzero_plus_depr__c0p50__z1p00__lam0p020__nu0p50__psi0p75,hardzero_plus_depr,0.06,36,1079,0.0,2,0.08760631,0.08760631,1.0274216,0.0,0.09388114,0.0,0.0,5.7812937e-09,-28.223598,2.2603726,0.75345755,0.12,0.0,0.15818784,21.540302,21.560303,3456000
hardzero_plus_depr__c0p50__z1p00__lam0p020__nu0p50__psi0p75,hardzero_plus_depr,0.06,36,1080,0.0,2,0.08760631,0.08760631,0.952237,0.111625396,0.111625396,1.0,6.357317e-10,5.6952247e-09,-25.89986,2.0949633,0.6983211,0.16800001,0.0,0.13657178,21.560303,21.580303,3459200
hardzero_plus_depr__c0p50__z1p00__lam0p020__nu0p50__psi0p75,hardzero_plus_depr,0.06,36,1081,0.0,2,0.08760631,0.08760631,1.0102265,0.0,0.09767276,0.0,0.0,5.610437e-09,-27.469948,2.2225428,0.7408476,0.136,0.0,0.16065928,21.580303,21.600304,3462400
hardzero_plus_depr__c0p50__z1p00__lam0p020__nu0p50__psi0p75,hardzero_plus_depr,0.06,36,1082,0.0,2,0.08760631,0.08760631,1.0711014,0.0,0.08489822,0.0,0.0,5.5269016e-09,-27.96963,2.35647,0.78549004,0.120000005,0.0,0.16884206,21.600304,21.620304,3465600
hardzero_plus_depr__c0p50__z1p00__lam0p020__nu0p50__psi0p75,hardzero_plus_depr,0.06,36,1083,0.0,2,0.08760631,0.08760631,1.0561538,0.0,0.08787113,0.0,0.0,5.4446097e-09,-27.956774,2.3235848,0.77452826,0.18400002,0.0,0.17979161,21.620304,21.640305,3468800
hardzero_plus_depr__c0p50__z1p00__lam0p020__nu0p50__psi0p75,hardzero_plus_depr,0.06,36,1084,0.0,2,0.08760631,0.08760631,1.0419618,0.0,0.09079004,0.0,0.0,5.363553e-09,-27.188976,2.2923617,0.7641206,0.096,0.0,0.14350793,21.640305,21.660305,3472000
hardzero_plus_depr__c0p50__z1p00__lam0p020__nu0p50__psi0p75,hardzero_plus_depr,0.06,36,1085,0.0,2,0.08760631,0.08760631,1.047009,0.0,0.08974102,0.0,0.0,5.2837033e-09,-27.935648,2.3034658,0.76782197,0.096,0.0,0.17666349,21.660305,21.680305,3475200
hardzero_plus_depr__c0p50__z1p00__lam0p020__nu0p50__psi0p75,hardzero_plus_depr,0.06,36,1086,0.0,2,0.08760631,0.08760631,1.0618923,0.0,0.08671768,0.0,0.0,5.2050333e-09,-28.79554,2.3362095,0.77873653,0.136,0.0,0.15839636,21.680305,21.700306,3478400
hardzero_plus_depr__c0p50__z1p00__lam0p020__nu0p50__psi0p75,hardzero_plus_depr,0.06,36,1087,0.0,2,0.08760631,0.08760631,0.9987997,0.10027675,0.10027675,1.0,5.141724e-10,5.1275335e-09,-26.824442,2.1974032,0.7324678,0.112,0.0,0.12681013,21.700306,21.720306,3481600
hardzero_plus_depr__c0p50__z1p00__lam0p020__nu0p50__psi0p75,hardzero_plus_depr,0.06,36,1088,0.0,2,0.08760631,0.08760631,0.9941493,0.101356275,0.101356275,1.0,5.119705e-10,5.0511972e-09,-26.95171,2.1871722,0.72905743,0.16000001,0.0,0.15327248,21.720306,21.740307,3484800
hardzero_plus_depr__c0p50__z1p00__lam0p020__nu0p50__psi0p75,hardzero_plus_depr,0.06,36,1089,0.0,2,0.08760631,0.08760631,1.0251566,0.0,0.09437205,0.0,0.0,4.9759974e-09,-26.82877,2.2553897,0.7517966,0.128,0.0,0.13246597,21.740307,21.760307,3488000
hardzero_plus_depr__c0p50__z1p00__lam0p020__nu0p50__psi0p75,hardzero_plus_depr,0.06,36,1090,0.0,2,0.08760631,0.08760631,0.9851619,0.103475645,0.103475645,1.0,5.0722815e-10,4.9019087e-09,-26.605652,2.1673994,0.72246647,0.2,0.0,0.16558559,21.760307,21.780308,3491200
hardzero_plus_depr__c0p50__z1p00__lam0p020__nu0p50__psi0p75,hardzero_plus_depr,0.06,36,1091,0.0,2,0.08760631,0.08760631,1.005674,0.0,0.098702006,0.0,0.0,4.8289226e-09,-26.569473,2.212527,0.737509,0.15200001,0.0,0.15156198,21.780308,21.800308,3494400
hardzero_plus_depr__c0p50__z1p00__lam0p020__nu0p50__psi0p75,hardzero_plus_depr,0.06,36,1092,0.0,2,0.08760631,0.08760631,1.0541677,0.0,0.08827388,0.0,0.0,4.7570317e-09,-27.996645,2.3192153,0.77307177,0.13,0.0,0.12021433,21.800308,21.820309,3497600
hardzero_plus_depr__c0p50__z1p00__lam0p020__nu0p50__psi0p75,hardzero_plus_depr,0.06,36,1093,0.0,2,0.08760631,0.08760631,1.03622,0.0,0.09199835,0.0,0.0,4.6862114e-09,-27.559946,2.2797294,0.7599098,0.17600001,0.0,0.13951679,21.820309,21.84031,3500800
hardzero_plus_depr__c0p50__z1p00__lam0p020__nu0p50__psi0p75,hardzero_plus_depr,0.06,36,1094,0.0,2,0.08760631,0.08760631,1.0017774,0.0,0.09959156,0.0,0.0,4.6164375e-09,-27.733767,2.2039542,0.73465145,0.17600001,0.0,0.13193554,21.84031,21.86031,3504000
hardzero_plus_depr__c0p50__z1p00__lam0p020__nu0p50__psi0p75,hardzero_plus_depr,0.06,36,1095,0.0,2,0.08760631,0.08760631,0.9678658,0.10767979,0.10767979,1.0,4.896955e-10,4.5477013e-09,-26.645687,2.1293473,0.7097825,0.208,0.0,0.17935792,21.86031,21.88031,3507200
hardzero_plus_depr__c0p50__z1p00__lam0p020__nu0p50__psi0p75,hardzero_plus_depr,0.06,36,1096,0.0,2,0.08760631,0.08760631,0.96710646,0.10786822,0.10786822,1.0,4.832494e-10,4.4799977e-09,-26.543312,2.1276767,0.7092256,0.14400001,0.0,0.16347116,21.88031,21.90031,3510400
hardzero_plus_depr__c0p50__z1p00__lam0p020__nu0p50__psi0p75,hardzero_plus_depr,0.06,36,1097,0.0,2,0.08760631,0.08760631,1.0326544,0.0,0.092756756,0.0,0.0,4.413302e-09,-26.971308,2.2718852,0.7572951,0.16000001,0.0,0.158381,21.90031,21.920311,3513600
hardzero_plus_depr__c0p50__z1p00__lam0p020__nu0p50__psi0p75,hardzero_plus_depr,0.06,36,1098,0.0,2,0.08760631,0.08760631,0.9901289,0.102298945,0.102298945,1.0,4.4475396e-10,4.3475907e-09,-26.459034,2.178327,0.726109,0.16800001,0.0,0.13805814,21.920311,21.940311,3516800
hardzero_plus_depr__c0p50__z1p00__lam0p020__nu0p50__psi0p75,hardzero_plus_depr,0.06,36,1099,0.0,2,0.08760631,0.08760631,1.0371511,0.0,0.09180131,0.0,0.0,4.282858e-09,-27.32601,2.2817779,0.76059264,0.18400002,0.0,0.17900804,21.940311,21.960312,3520000
hardzero_plus_depr__c0p50__z1p00__lam0p020__nu0p50__psi0p75,hardzero_plus_depr,0.06,36,1100,0.0,2,0.08760631,0.08760631,1.0598162,0.0,0.087133214,0.0,0.0,4.2190975e-09,-28.913256,2.3316424,0.77721417,0.16800001,0.0,0.19923608,21.960312,21.980312,3523200
hardzero_plus_depr__c0p50__z1p00__lam0p020__nu0p50__psi0p75,hardzero_plus_depr,0.06,36,1101,0.0,2,0.08760631,0.08760631,1.0827345,0.0,0.08265431,0.0,0.0,4.1562855e-09,-29.160147,2.3820634,0.7940211,0.18400002,0.008,0.18492112,21.980312,22.000313,3526400
hardzero_plus_depr__c0p50__z1p00__lam0p020__nu0p50__psi0p75,hardzero_plus_depr,0.06,36,1102,0.0,2,0.08760631,0.08760631,1.0557915,0.0,0.08794446,0.0,0.0,4.0944013e-09,-28.596798,2.3227878,0.7742626,0.192,0.0,0.17660357,22.000313,22.020313,3529600
hardzero_plus_depr__c0p50__z1p00__lam0p020__nu0p50__psi0p75,hardzero_plus_depr,0.06,36,1103,0.0,2,0.08760631,0.08760631,1.0270557,0.0,0.09396028,0.0,0.0,4.033438e-09,-26.827814,2.2595677,0.75318927,0.104,0.0,0.15426297,22.020313,22.040314,3532800
hardzero_plus_depr__c0p50__z1p00__lam0p020__nu0p50__psi0p75,hardzero_plus_depr,0.06,36,1104,0.0,2,0.08760631,0.08760631,1.0655624,0.0,0.08598796,0.0,0.0,3.9733905e-09,-28.212027,2.344284,0.78142804,0.136,0.0,0.17497018,22.040314,22.060314,3536000
hardzero_plus_depr__c0p50__z1p00__lam0p020__nu0p50__psi0p75,hardzero_plus_depr,0.06,36,1105,0.0,2,0.08760631,0.08760631,1.0767375,0.0,0.083803564,0.0,0.0,3.914237e-09,-27.921207,2.3688698,0.78962326,0.13,0.0,0.12724848,22.060314,22.080315,3539200
hardzero_plus_depr__c0p50__z1p00__lam0p020__nu0p50__psi0p75,hardzero_plus_depr,0.06,36,1106,0.0,2,0.08760631,0.08760631,1.0692499,0.0,0.08526094,0.0,0.0,3.8559564e-09,-27.287594,2.3523967,0.78413224,0.104,0.0,0.1770877,22.080315,22.100315,3542400
hardzero_plus_depr__c0p50__z1p00__lam0p020__nu0p50__psi0p75,hardzero_plus_depr,0.06,36,1107,0.0,2,0.08760631,0.08760631,1.0586307,0.0,0.087371394,0.0,0.0,3.798544e-09,-27.790827,2.329034,0.7763447,0.16000001,0.0,0.13889328,22.100315,22.120316,3545600
hardzero_plus_depr__c0p50__z1p00__lam0p020__nu0p50__psi0p75,hardzero_plus_depr,0.06,36,1108,0.0,2,0.08760631,0.08760631,1.003564,0.0,0.099182725,0.0,0.0,3.7419934e-09,-26.672152,2.2078848,0.7359616,0.192,0.0,0.1399414,22.120316,22.140316,3548800
hardzero_plus_depr__c0p50__z1p00__lam0p020__nu0p50__psi0p75,hardzero_plus_depr,0.06,36,1109,0.0,2,0.08760631,0.08760631,0.9672702,0.10782757,0.10782757,1.0,3.9748305e-10,3.6862842e-09,-26.24107,2.128037,0.7093457,0.216,0.0,0.13868874,22.140316,22.160316,3552000
hardzero_plus_depr__c0p50__z1p00__lam0p020__nu0p50__psi0p75,hardzero_plus_depr,0.06,36,1110,0.0,2,0.08760631,0.08760631,0.93792623,0.1153649,0.1153649,1.0,4.1893586e-10,3.6313978e-09,-25.570782,2.063479,0.68782634,0.208,0.0,0.12428981,22.160316,22.180317,3555200
hardzero_plus_depr__c0p50__z1p00__lam0p020__nu0p50__psi0p75,hardzero_plus_depr,0.06,36,1111,0.0,2,0.08760631,0.08760631,1.0273699,0.0,0.093892336,0.0,0.0,3.577329e-09,-27.240795,2.260259,0.75341964,0.192,0.008,0.1525677,22.180317,22.200317,3558400
hardzero_plus_depr__c0p50__z1p00__lam0p020__nu0p50__psi0p75,hardzero_plus_depr,0.06,36,1112,0.0,2,0.08760631,0.08760631,1.0240493,0.0,0.09461297,0.0,0.0,3.524072e-09,-27.425571,2.2529533,0.75098443,0.120000005,0.0,0.13594994,22.200317,22.220318,3561600
hardzero_plus_depr__c0p50__z1p00__lam0p020__nu0p50__psi0p75,hardzero_plus_depr,0.06,36,1113,0.0,2,0.08760631,0.08760631,0.9588165,0.10994701,0.10994701,1.0,3.8169287e-10,3.4716074e-09,-26.117596,2.1094384,0.70314616,0.14400001,0.0,0.10411577,22.220318,22.240318,3564800
hardzero_plus_depr__c0p50__z1p00__lam0p020__nu0p50__psi0p75,hardzero_plus_depr,0.06,36,1114,0.0,2,0.08760631,0.08760631,1.0694975,0.0,0.085212335,0.0,0.0,3.4199172e-09,-28.043493,2.3529415,0.78431386,0.112,0.0,0.17320767,22.240318,22.260319,3568000
hardzero_plus_depr__c0p50__z1p00__lam0p020__nu0p50__psi0p75,hardzero_plus_depr,0.06,36,1115,0.0,2,0.08760631,0.08760631,1.0008779,0.0,0.09979807,0.0,0.0,3.3689969e-09,-27.212315,2.2019753,0.7339918,0.128,0.0,0.15324932,22.260319,22.28032,3571200
hardzero_plus_depr__c0p50__z1p00__lam0p020__nu0p50__psi0p75,hardzero_plus_depr,0.06,36,1116,0.0,2,0.08760631,0.08760631,1.093974,0.0,0.08054266,0.0,0.0,3.3188414e-09,-28.606363,2.4067907,0.8022636,0.096,0.0,0.15217423,22.28032,22.30032,3574400
hardzero_plus_depr__c0p50__z1p00__lam0p020__nu0p50__psi0p75,hardzero_plus_depr,0.06,36,1117,0.0,2,0.08760631,0.08760631,1.0073434,0.0,0.09832332,0.0,0.0,3.2694323e-09,-25.572788,2.2161996,0.73873323,0.112,0.0,0.12000735,22.30032,22.32032,3577600
hardzero_plus_depr__c0p50__z1p00__lam0p020__nu0p50__psi0p75,hardzero_plus_depr,0.06,36,1118,0.0,2,0.08760631,0.08760631,1.0027584,0.0,0.099366866,0.0,0.0,3.2207526e-09,-27.732347,2.2061126,0.7353709,0.22,0.0,0.15241188,22.32032,22.34032,3580800
hardzero_plus_depr__c0p50__z1p00__lam0p020__nu0p50__psi0p75,hardzero_plus_depr,0.06,36,1119,0.0,2,0.08760631,0.08760631,1.0503802,0.0,0.089047104,0.0,0.0,3.1727976e-09,-26.483679,2.3108826,0.7702942,0.08800001,0.0,0.160623,22.34032,22.360321,3584000
hardzero_plus_depr__c0p50__z1p00__lam0p020__nu0p50__psi0p75,hardzero_plus_depr,0.06,36,1120,0.0,2,0.08760631,0.08760631,1.0478753,0.0,0.0895622,0.0,0.0,3.125563e-09,-27.180023,2.3053718,0.7684573,0.14400001,0.0,0.17578551,22.360321,22.380322,3587200
hardzero_plus_depr__c0p50__z1p00__lam0p020__nu0p50__psi0p75,hardzero_plus_depr,0.06,36,1121,0.0,2,0.08760631,0.08760631,0.9795001,0.10483346,0.10483346,1.0,3.227855e-10,3.079031e-09,-25.684362,2.1549432,0.7183144,0.16000001,0.0,0.15477432,22.380322,22.400322,3590400
hardzero_plus_depr__c0p50__z1p00__lam0p020__nu0p50__psi0p75,hardzero_plus_depr,0.06,36,1122,0.0,2,0.08760631,0.08760631,1.0172803,0.0,0.096099176,0.0,0.0,3.0331864e-09,-27.589083,2.2380614,0.7460205,0.15200001,0.0,0.18421036,22.400322,22.420322,3593600
hardzero_plus_depr__c0p50__z1p00__lam0p020__nu0p50__psi0p75,hardzero_plus_depr,0.06,36,1123,0.0,2,0.08760631,0.08760631,1.0223556,0.0,0.09498268,0.0,0.0,2.9880243e-09,-27.063892,2.249227,0.7497424,0.15200001,0.0,0.14260203,22.420322,22.440323,3596800
hardzero_plus_depr__c0p50__z1p00__lam0p020__nu0p50__psi0p75,hardzero_plus_depr,0.06,36,1124,0.0,2,0.08760631,0.08760631,1.0577843,0.0,0.08754183,0.0,0.0,2.9435399e-09,-27.77934,2.327172,0.77572405,0.2,0.0,0.18585505,22.440323,22.460323,3600000
hardzero_plus_depr__c0p50__z1p00__lam0p020__nu0p50__psi0p75,hardzero_plus_depr,0.06,36,1125,0.0,2,0.08760631,0.08760631,0.98281145,0.10403718,0.10403718,1.0,3.0167852e-10,2.8997182e-09,-27.662281,2.1622283,0.7207428,0.136,0.0,0.13642645,22.460323,22.480324,3603200
hardzero_plus_depr__c0p50__z1p00__lam0p020__nu0p50__psi0p75,hardzero_plus_depr,0.06,36,1126,0.0,2,0.08760631,0.08760631,1.0791821,0.0,0.08333315,0.0,0.0,2.8565434e-09,-28.215147,2.374248,0.79141605,0.096,0.0,0.16933116,22.480324,22.500324,3606400
hardzero_plus_depr__c0p50__z1p00__lam0p020__nu0p50__psi0p75,hardzero_plus_depr,0.06,36,1127,0.0,2,0.08760631,0.08760631,1.0480754,0.0,0.08952093,0.0,0.0,2.8140115e-09,-27.93845,2.3058121,0.76860404,0.192,0.0,0.15607387,22.500324,22.520325,3609600
hardzero_plus_depr__c0p50__z1p00__lam0p020__nu0p50__psi0p75,hardzero_plus_depr,0.06,36,1128,0.0,2,0.08760631,0.08760631,1.0031991,0.0,0.09926609,0.0,0.0,2.7721179e-09,-26.625336,2.207082,0.73569405,0.16000001,0.0,0.11588852,22.520325,22.540325,3612800
hardzero_plus_depr__c0p50__z1p00__lam0p020__nu0p50__psi0p75,hardzero_plus_depr,0.06,36,1129,0.0,2,0.08760631,0.08760631,1.025492,0.0,0.0942992,0.0,0.0,2.7308482e-09,-26.778183,2.2561274,0.7520425,0.192,0.0,0.16356537,22.540325,22.560326,3616000
hardzero_plus_depr__c0p50__z1p00__lam0p020__nu0p50__psi0p75,hardzero_plus_depr,0.06,36,1130,0.0,2,0.08760631,0.08760631,1.0275074,0.0,0.093862586,0.0,0.0,2.6901876e-09,-27.75046,2.2605615,0.7535205,0.128,0.0,0.2038882,22.560326,22.580326,3619200
hardzero_plus_depr__c0p50__z1p00__lam0p020__nu0p50__psi0p75,hardzero_plus_depr,0.06,36,1131,0.0,2,0.08760631,0.08760631,1.0523846,0.0,0.08863707,0.0,0.0,2.6501323e-09,-27.412733,2.3152924,0.77176416,0.17,0.0,0.16329506,22.580326,22.600327,3622400
hardzero_plus_depr__c0p50__z1p00__lam0p020__nu0p50__psi0p75,hardzero_plus_depr,0.06,36,1132,0.0,2,0.08760631,0.08760631,1.0224692,0.0,0.09495784,0.0,0.0,2.6106788e-09,-26.991041,2.2494771,0.7498257,0.23200001,0.0,0.13539228,22.600327,22.620327,3625600
hardzero_plus_depr__c0p50__z1p00__lam0p020__nu0p50__psi0p75,hardzero_plus_depr,0.06,36,1133,0.0,2,0.08760631,0.08760631,1.0473839,0.0,0.08966358,0.0,0.0,2.5718123e-09,-27.443464,2.3042905,0.76809686,0.128,0.0,0.1602106,22.620327,22.640327,3628800
hardzero_plus_depr__c0p50__z1p00__lam0p020__nu0p50__psi0p75,hardzero_plus_depr,0.06,36,1134,0.0,2,0.08760631,0.08760631,1.0016853,0.0,0.0996127,0.0,0.0,2.5335196e-09,-26.845106,2.2037516,0.73458385,0.208,0.0,0.14790086,22.640327,22.660328,3632000
hardzero_plus_depr__c0p50__z1p00__lam0p020__nu0p50__psi0p75,hardzero_plus_depr,0.06,36,1135,0.0,2,0.08760631,0.08760631,1.008964,0.0,0.09795714,0.0,0.0,2.4957971e-09,-27.387922,2.219765,0.7399217,0.192,0.0,0.17086634,22.660328,22.680328,3635200
hardzero_plus_depr__c0p50__z1p00__lam0p020__nu0p50__psi0p75,hardzero_plus_depr,0.06,36,1136,0.0,2,0.08760631,0.08760631,0.99824417,0.100405104,0.100405104,1.0,2.4686012e-10,2.458641e-09,-26.595318,2.196181,0.7320604,0.18400002,0.0,0.14914918,22.680328,22.700329,3638400
hardzero_plus_depr__c0p50__z1p00__lam0p020__nu0p50__psi0p75,hardzero_plus_depr,0.06,36,1137,0.0,2,0.08760631,0.08760631,1.0074598,0.0,0.09829701,0.0,0.0,2.4220381e-09,-27.435488,2.2164557,0.7388186,0.15200001,0.0,0.1286614,22.700329,22.72033,3641600
hardzero_plus_depr__c0p50__z1p00__lam0p020__nu0p50__psi0p75,hardzero_plus_depr,0.06,36,1138,0.0,2,0.08760631,0.08760631,1.0164258,0.0,0.09628843,0.0,0.0,2.3859756e-09,-27.15926,2.2361815,0.7453939,0.17600001,0.0,0.1312633,22.72033,22.74033,3644800
hardzero_plus_depr__c0p50__z1p00__lam0p020__nu0p50__psi0p75,hardzero_plus_depr,0.06,36,1139,0.0,2,0.08760631,0.08760631,1.0189784,0.0,0.09572417,0.0,0.0,2.35045e-09,-26.5379,2.2417972,0.74726576,0.104,0.0,0.15058121,22.74033,22.76033,3648000
hardzero_plus_depr__c0p50__z1p00__lam0p020__nu0p50__psi0p75,hardzero_plus_depr,0.06,36,1140,0.0,2,0.08760631,0.08760631,1.0257344,0.0,0.09424658,0.0,0.0,2.315458e-09,-27.580393,2.2566607,0.7522203,0.18400002,0.0,0.1679461,22.76033,22.78033,3651200
hardzero_plus_depr__c0p50__z1p00__lam0p020__nu0p50__psi0p75,hardzero_plus_depr,0.06,36,1141,0.0,2,0.08760631,0.08760631,1.0304548,0.0,0.09322776,0.0,0.0,2.2809867e-09,-26.675758,2.2670457,0.75568193,0.112,0.0,0.15885605,22.78033,22.800331,3654400
hardzero_plus_depr__c0p50__z1p00__lam0p020__nu0p50__psi0p75,hardzero_plus_depr,0.06,36,1142,0.0,2,0.08760631,0.08760631,1.0148982,0.0,0.09662773,0.0,0.0,2.2470243e-09,-26.947563,2.2328205,0.74427354,0.192,0.0,0.1504089,22.800331,22.820332,3657600
hardzero_plus_depr__c0p50__z1p00__lam0p020__nu0p50__psi0p75,hardzero_plus_depr,0.06,36,1143,0.0,2,0.08760631,0.08760631,1.0152143,0.0,0.09655742,0.0,0.0,2.2135676e-09,-27.425549,2.2335162,0.7445054,0.104,0.0,0.1499845,22.820332,22.840332,3660800
hardzero_plus_depr__c0p50__z1p00__lam0p020__nu0p50__psi0p75,hardzero_plus_depr,0.06,36,1144,0.0,2,0.08760631,0.08760631,1.0218425,0.0,0.09509496,0.0,0.0,2.1806132e-09,-26.846132,2.2480984,0.74936616,0.16,0.0,0.157064,22.840332,22.860332,3664000
hardzero_plus_depr__c0p50__z1p00__lam0p020__nu0p50__psi0p75,hardzero_plus_depr,0.06,36,1145,0.0,2,0.08760631,0.08760631,1.0136192,0.0,0.09691271,0.0,0.0,2.1481494e-09,-26.989016,2.2300067,0.7433356,0.08800001,0.0,0.12559877,22.860332,22.880333,3667200
hardzero_plus_depr__c0p50__z1p00__lam0p020__nu0p50__psi0p75,hardzero_plus_depr,0.06,36,1146,0.0,2,0.08760631,0.08760631,1.0458535,0.0,0.08998012,0.0,0.0,2.1161648e-09,-27.036125,2.3009236,0.76697457,0.16000001,0.0,0.12961806,22.880333,22.900333,3670400
hardzero_plus_depr__c0p50__z1p00__lam0p020__nu0p50__psi0p75,hardzero_plus_depr,0.06,36,1147,0.0,2,0.08760631,0.08760631,0.99526566,0.10109608,0.10109608,1.0,2.1075061e-10,2.0846567e-09,-26.139921,2.1896281,0.72987604,0.16000001,0.0,0.13050684,22.900333,22.920334,3673600
hardzero_plus_depr__c0p50__z1p00__lam0p020__nu0p50__psi0p75,hardzero_plus_depr,0.06,36,1148,0.0,2,0.08760631,0.08760631,1.0353423,0.0,0.09218445,0.0,0.0,2.0536215e-09,-28.101679,2.2777987,0.75926626,0.16000001,0.0,0.13781753,22.920334,22.940334,3676800
hardzero_plus_depr__c0p50__z1p00__lam0p020__nu0p50__psi0p75,hardzero_plus_depr,0.06,36,1149,0.0,2,0.08760631,0.08760631,1.0115893,0.0,0.097366765,0.0,0.0,2.023048e-09,-27.346624,2.2255409,0.741847,0.120000005,0.0,0.15637632,22.940334,22.960335,3680000
hardzero_plus_depr__c0p50__z1p00__lam0p020__nu0p50__psi0p75,hardzero_plus_depr,0.06,36,1150,0.0,2,0.08760631,0.08760631,1.0051122,0.0,0.098829776,0.0,0.0,1.992926e-09,-27.110626,2.2112908,0.73709697,0.096,0.0,0.14456548,22.960335,22.980335,3683200
hardzero_plus_depr__c0p50__z1p00__lam0p020__nu0p50__psi0p75,hardzero_plus_depr,0.06,36,1151,0.0,2,0.08760631,0.08760631,0.97768587,0.1052723,0.1052723,1.0,2.0667612e-10,1.9632527e-09,-25.156418,2.1509519,0.716984,0.136,0.0,0.13710767,22.980335,23.000336,3686400
hardzero_plus_depr__c0p50__z1p00__lam0p020__nu0p50__psi0p75,hardzero_plus_depr,0.06,36,1152,0.0,2,0.08760631,0.08760631,1.0086643,0.0,0.09802475,0.0,0.0,1.934025e-09,-26.70646,2.2191057,0.7397019,0.192,0.0,0.18815537,23.000336,23.020336,3689600
hardzero_plus_depr__c0p50__z1p00__lam0p020__nu0p50__psi0p75,hardzero_plus_depr,0.06,36,1153,0.0,2,0.08760631,0.08760631,1.0826617,0.0,0.082668155,0.0,0.0,1.9052322e-09,-28.18949,2.3819034,0.79396784,0.120000005,0.0,0.16476385,23.020336,23.040337,3692800
hardzero_plus_depr__c0p50__z1p00__lam0p020__nu0p50__psi0p75,hardzero_plus_depr,0.06,36,1154,0.0,2,0.08760631,0.08760631,1.07132,0.0,0.08485548,0.0,0.0,1.8768647e-09,-28.876373,2.3569512,0.78565043,0.128,0.0,0.16287261,23.040337,23.060337,3696000
hardzero_plus_depr__c0p50__z1p00__lam0p020__nu0p50__psi0p75,hardzero_plus_depr,0.06,36,1155,0.0,2,0.08760631,0.08760631,1.0004003,0.0,0.09990787,0.0,0.0,1.8489192e-09,-26.721758,2.2009246,0.73364156,0.17600001,0.0,0.15037562,23.060337,23.080338,3699200
hardzero_plus_depr__c0p50__z1p00__lam0p020__nu0p50__psi0p75,hardzero_plus_depr,0.06,36,1156,0.0,2,0.08760631,0.08760631,1.036738,0.0,0.09188868,0.0,0.0,1.8213936e-09,-28.085953,2.2808692,0.7602898,0.136,0.0,0.15707266,23.080338,23.100338,3702400
hardzero_plus_depr__c0p50__z1p00__lam0p020__nu0p50__psi0p75,hardzero_plus_depr,0.06,36,1157,0.0,2,0.08760631,0.08760631,1.0569375,0.0,0.08771271,0.0,0.0,1.7942777e-09,-27.526815,2.3253088,0.775103,0.11,0.0,0.17936756,23.100338,23.120338,3705600
hardzero_plus_depr__c0p50__z1p00__lam0p020__nu0p50__psi0p75,hardzero_plus_depr,0.06,36,1158,0.0,2,0.08760631,0.08760631,1.0151032,0.0,0.09658213,0.0,0.0,1.7675622e-09,-26.477564,2.2332716,0.74442387,0.16800001,0.0,0.14472385,23.120338,23.140339,3708800
hardzero_plus_depr__c0p50__z1p00__lam0p020__nu0p50__psi0p75,hardzero_plus_depr,0.06,36,1159,0.0,2,0.08760631,0.08760631,1.0113261,0.0,0.09742579,0.0,0.0,1.7412443e-09,-26.378296,2.2249618,0.7416539,0.072000004,0.0,0.16889726,23.140339,23.16034,3712000
hardzero_plus_depr__c0p50__z1p00__lam0p020__nu0p50__psi0p75,hardzero_plus_depr,0.06,36,1160,0.0,2,0.08760631,0.08760631,0.98998576,0.10233265,0.10233265,1.0,1.7553341e-10,1.7153216e-09,-26.69674,2.1780121,0.72600406,0.18400002,0.0,0.13985364,23.16034,23.18034,3715200
hardzero_plus_depr__c0p50__z1p00__lam0p020__nu0p50__psi0p75,hardzero_plus_depr,0.06,36,1161,0.0,2,0.08760631,0.08760631,1.0404389,0.0,0.09110897,0.0,0.0,1.6897848e-09,-27.05533,2.2890112,0.76300377,0.136,0.0,0.15629528,23.18034,23.20034,3718400
hardzero_plus_depr__c0p50__z1p00__lam0p020__nu0p50__psi0p75,hardzero_plus_depr,0.06,36,1162,0.0,2,0.08760631,0.08760631,0.98997045,0.10233626,0.10233626,1.0,1.703515e-10,1.664625e-09,-26.675585,2.1779785,0.72599286,0.112,0.0,0.14729907,23.20034,23.22034,3721600
hardzero_plus_depr__c0p50__z1p00__lam0p020__nu0p50__psi0p75,hardzero_plus_depr,0.06,36,1163,0.0,2,0.08760631,0.08760631,1.0583885,0.0,0.087420136,0.0,0.0,1.6398398e-09,-28.324114,2.3285012,0.7761671,0.14400001,0.0,0.14746061,23.22034,23.240341,3724800
hardzero_plus_depr__c0p50__z1p00__lam0p020__nu0p50__psi0p75,hardzero_plus_depr,0.06,36,1164,0.0,2,0.08760631,0.08760631,1.0565801,0.0,0.087784916,0.0,0.0,1.6154269e-09,-27.754812,2.3245225,0.77484083,0.16000001,0.0,0.16341282,23.240341,23.260342,3728000
hardzero_plus_depr__c0p50__z1p00__lam0p020__nu0p50__psi0p75,hardzero_plus_depr,0.06,36,1165,0.0,2,0.08760631,0.08760631,1.0009902,0.0,0.09977226,0.0,0.0,1.5913773e-09,-26.600912,2.2022223,0.7340741,0.192,0.0,0.1291962,23.260342,23.280342,3731200
hardzero_plus_depr__c0p50__z1p00__lam0p020__nu0p50__psi0p75,hardzero_plus_depr,0.06,36,1166,0.0,2,0.08760631,0.08760631,1.0642577,0.0,0.08624665,0.0,0.0,1.5676825e-09,-27.349567,2.3414137,0.78047127,0.096,0.0,0.18267952,23.280342,23.300343,3734400
hardzero_plus_depr__c0p50__z1p00__lam0p020__nu0p50__psi0p75,hardzero_plus_depr,0.06,36,1167,0.0,2,0.08760631,0.08760631,1.0410912,0.0,0.09097222,0.0,0.0,1.5443409e-09,-27.447275,2.2904463,0.7634821,0.08800001,0.0,0.1569365,23.300343,23.320343,3737600
hardzero_plus_depr__c0p50__z1p00__lam0p020__nu0p50__psi0p75,hardzero_plus_depr,0.06,36,1168,0.0,2,0.08760631,0.08760631,1.020113,0.0,0.095474415,0.0,0.0,1.5213496e-09,-27.562973,2.2442935,0.74809784,0.14400001,0.0,0.1479526,23.320343,23.340343,3740800
hardzero_plus_depr__c0p50__z1p00__lam0p020__nu0p50__psi0p75,hardzero_plus_depr,0.06,36,1169,0.0,2,0.08760631,0.08760631,0.96660256,0.10799346,0.10799346,1.0,1.6184985e-10,1.4987005e-09,-25.884466,2.126568,0.70885605,0.16000001,0.0,0.14133313,23.340343,23.360344,3744000
hardzero_plus_depr__c0p50__z1p00__lam0p020__nu0p50__psi0p75,hardzero_plus_depr,0.06,36,1170,0.0,2,0.08760631,0.08760631,1.0302644,0.0,0.093268625,0.0,0.0,1.4763858e-09,-27.076017,2.2666268,0.7555423,0.14,0.0,0.15931766,23.360344,23.380344,3747200
hardzero_plus_depr__c0p50__z1p00__lam0p020__nu0p50__psi0p75,hardzero_plus_depr,0.06,36,1171,0.0,2,0.08760631,0.08760631,1.0367446,0.0,0.09188727,0.0,0.0,1.4544036e-09,-27.288992,2.2808836,0.76029456,0.096,0.0,0.17087905,23.380344,23.400345,3750400
hardzero_plus_depr__c0p50__z1p00__lam0p020__nu0p50__psi0p75,hardzero_plus_depr,0.06,36,1172,0.0,2,0.08760631,0.08760631,1.0427587,0.0,0.09062358,0.0,0.0,1.4327511e-09,-27.765177,2.294115,0.76470506,0.16000001,0.0,0.12737635,23.400345,23.420345,3753600
hardzero_plus_depr__c0p50__z1p00__lam0p020__nu0p50__psi0p75,hardzero_plus_depr,0.06,36,1173,0.0,2,0.08760631,0.08760631,1.0026957,0.0,0.099381216,0.0,0.0,1.411421e-09,-26.962572,2.2059746,0.73532486,0.18400002,0.0,0.1633415,23.420345,23.440346,3756800
hardzero_plus_depr__c0p50__z1p00__lam0p020__nu0p50__psi0p75,hardzero_plus_depr,0.06,36,1174,0.0,2,0.08760631,0.08760631,1.0780606,0.0,0.08354864,0.0,0.0,1.390406e-09,-28.924173,2.3717806,0.79059356,0.16800001,0.0,0.15442024,23.440346,23.460346,3760000
hardzero_plus_depr__c0p50__z1p00__lam0p020__nu0p50__psi0p75,hardzero_plus_depr,0.06,36,1175,0.0,2,0.08760631,0.08760631,0.998335,0.100384116,0.100384116,1.0,1.374965e-10,1.3697038e-09,-26.41474,2.1963809,0.73212695,0.208,0.0,0.15378292,23.460346,23.480347,3763200
hardzero_plus_depr__c0p50__z1p00__lam0p020__nu0p50__psi0p75,hardzero_plus_depr,0.06,36,1176,0.0,2,0.08760631,0.08760631,1.0726664,0.0,0.08459284,0.0,0.0,1.3493123e-09,-28.557129,2.359913,0.7866377,0.112,0.0,0.17923066,23.480347,23.500347,3766400
hardzero_plus_depr__c0p50__z1p00__lam0p020__nu0p50__psi0p75,hardzero_plus_depr,0.06,36,1177,0.0,2,0.08760631,0.08760631,1.0724766,0.0,0.0846298,0.0,0.0,1.3292246e-09,-28.092533,2.3594956,0.78649855,0.15200001,0.0,0.15012772,23.500347,23.520348,3769600
hardzero_plus_depr__c0p50__z1p00__lam0p020__nu0p50__psi0p75,hardzero_plus_depr,0.06,36,1178,0.0,2,0.08760631,0.08760631,0.9927674,0.10167932,0.10167932,1.0,1.3314227e-10,1.3094332e-09,-26.339777,2.1841319,0.728044,0.224,0.0,0.15311456,23.520348,23.540348,3772800
hardzero_plus_depr__c0p50__z1p00__lam0p020__nu0p50__psi0p75,hardzero_plus_depr,0.06,36,1179,0.0,2,0.08760631,0.08760631,0.9918541,0.10189336,0.10189336,1.0,1.3143599e-10,1.2899367e-09,-27.03459,2.1821225,0.7273742,0.16800001,0.0,0.17332657,23.540348,23.560349,3776000
hardzero_plus_depr__c0p50__z1p00__lam0p020__nu0p50__psi0p75,hardzero_plus_depr,0.06,36,1180,0.0,2,0.08760631,0.08760631,1.0578941,0.0,0.08751972,0.0,0.0,1.2707327e-09,-27.652658,2.3274136,0.7758045,0.128,0.0,0.13558063,23.560349,23.580349,3779200
hardzero_plus_depr__c0p50__z1p00__lam0p020__nu0p50__psi0p75,hardzero_plus_depr,0.06,36,1181,0.0,2,0.08760631,0.08760631,0.94963473,0.11229626,0.11229626,1.0,1.4057414e-10,1.2518149e-09,-25.747126,2.0892382,0.69641274,0.192,0.0,0.14462227,23.580349,23.60035,3782400
hardzero_plus_depr__c0p50__z1p00__lam0p020__nu0p50__psi0p75,hardzero_plus_depr,0.06,36,1182,0.0,2,0.08760631,0.08760631,0.9654273,0.10828609,0.10828609,1.0,1.3353582e-10,1.2331761e-09,-26.340334,2.1239824,0.70799416,0.216,0.008,0.13866343,23.60035,23.62035,3785600
hardzero_plus_depr__c0p50__z1p00__lam0p020__nu0p50__psi0p75,hardzero_plus_depr,0.06,36,1183,0.0,2,0.08760631,0.08760631,1.0225298,0.0,0.09494458,0.0,0.0,1.2148149e-09,-27.42438,2.2496107,0.74987024,0.14999999,0.01,0.16202007,23.62035,23.64035,3788800
hardzero_plus_depr__c0p50__z1p00__lam0p020__nu0p50__psi0p75,hardzero_plus_depr,0.06,36,1184,0.0,2,0.08760631,0.08760631,1.0166657,0.0,0.09623527,0.0,0.0,1.1967294e-09,-26.774738,2.236709,0.7455697,0.16800001,0.0,0.14205173,23.64035,23.66035,3792000
hardzero_plus_depr__c0p50__z1p00__lam0p020__nu0p50__psi0p75,hardzero_plus_depr,0.06,36,1185,0.0,2,0.08760631,0.08760631,1.0502894,0.0,0.08906572,0.0,0.0,1.1789132e-09,-26.817547,2.3106828,0.7702276,0.128,0.0,0.1374609,23.66035,23.680351,3795200
hardzero_plus_depr__c0p50__z1p00__lam0p020__nu0p50__psi0p75,hardzero_plus_depr,0.06,36,1186,0.0,2,0.08760631,0.08760631,0.9430363,0.11401545,0.11401545,1.0,1.3241296e-10,1.1613598e-09,-26.079659,2.0747213,0.6915738,0.17600001,0.0,0.14420065,23.680351,23.700352,3798400
hardzero_plus_depr__c0p50__z1p00__lam0p020__nu0p50__psi0p75,hardzero_plus_depr,0.06,36,1187,0.0,2,0.08760631,0.08760631,1.0884293,0.0,0.08157755,0.0,0.0,1.1440681e-09,-28.831709,2.3945923,0.79819745,0.15200001,0.0,0.17004114,23.700352,23.720352,3801600
hardzero_plus_depr__c0p50__z1p00__lam0p020__nu0p50__psi0p75,hardzero_plus_depr,0.06,36,1188,0.0,2,0.08760631,0.08760631,1.043385,0.0,0.090493,0.0,0.0,1.1270358e-09,-27.546993,2.295493,0.7651643,0.14400001,0.0,0.13292496,23.720352,23.740353,3804800
hardzero_plus_depr__c0p50__z1p00__lam0p020__nu0p50__psi0p75,hardzero_plus_depr,0.06,36,1189,0.0,2,0.08760631,0.08760631,0.9599727,0.109654725,0.109654725,1.0,1.2174493e-10,1.1102571e-09,-26.469297,2.111982,0.70399404,0.24000001,0.0,0.13914523,23.740353,23.760353,3808000
hardzero_plus_depr__c0p50__z1p00__lam0p020__nu0p50__psi0p75,hardzero_plus_depr,0.06,36,1190,0.0,2,0.08760631,0.08760631,1.0183266,0.0,0.09586793,0.0,0.0,1.093726e-09,-26.562025,2.2403634,0.7467878,0.16800001,0.0,0.17597826,23.760353,23.780354,3811200
hardzero_plus_depr__c0p50__z1p00__lam0p020__nu0p50__psi0p75,hardzero_plus_depr,0.06,36,1191,0.0,2,0.08760631,0.08760631,0.9981974,0.10041592,0.10041592,1.0,1.08192254e-10,1.0774412e-09,-26.015587,2.196078,0.73202604,0.16800001,0.0,0.12469795,23.780354,23.800354,3814400
hardzero_plus_depr__c0p50__z1p00__lam0p020__nu0p50__psi0p75,hardzero_plus_depr,0.06,36,1192,0.0,2,0.08760631,0.08760631,1.0058233,0.0,0.098668106,0.0,0.0,1.0614009e-09,-27.213945,2.2128553,0.73761845,0.192,0.0,0.16014834,23.800354,23.820354,3817600
hardzero_plus_depr__c0p50__z1p00__lam0p020__nu0p50__psi0p75,hardzero_plus_depr,0.06,36,1193,0.0,2,0.08760631,0.08760631,1.0632117,0.0,0.086454645,0.0,0.0,1.0455992e-09,-27.373705,2.3391123,0.7797041,0.120000005,0.0,0.16397406,23.820354,23.840355,3820800
hardzero_plus_depr__c0p50__z1p00__lam0p020__nu0p50__psi0p75,hardzero_plus_depr,0.06,36,1194,0.0,2,0.08760631,0.08760631,1.0378354,0.0,0.0916568,0.0,0.0,1.0300311e-09,-27.300009,2.2832835,0.7610945,0.16800001,0.0,0.18166696,23.840355,23.860355,3824000
hardzero_plus_depr__c0p50__z1p00__lam0p020__nu0p50__psi0p75,hardzero_plus_depr,0.06,36,1195,0.0,2,0.08760631,0.08760631,0.96255094,0.109005645,0.109005645,1.0,1.1060743e-10,1.0146946e-09,-26.592333,2.1176543,0.7058848,0.17600001,0.0,0.13019046,23.860355,23.880356,3827200
hardzero_plus_depr__c0p50__z1p00__lam0p020__nu0p50__psi0p75,hardzero_plus_depr,0.06,36,1196,0.0,2,0.08760631,0.08760631,1.0106282,0.0,0.09758245,0.0,0.0,9.995882e-10,-27.645853,2.2234266,0.7411422,0.17,0.0,0.14892663,23.880356,23.900356,3830400
hardzero_plus_depr__c0p50__z1p00__lam0p020__nu0p50__psi0p75,hardzero_plus_depr,0.06,36,1197,0.0,2,0.08760631,0.08760631,1.0251771,0.0,0.0943676,0.0,0.0,9.84707e-10,-27.180616,2.2554348,0.7518116,0.15200001,0.0,0.1427522,23.900356,23.920357,3833600
hardzero_plus_depr__c0p50__z1p00__lam0p020__nu0p50__psi0p75,hardzero_plus_depr,0.06,36,1198,0.0,2,0.08760631,0.08760631,0.98085785,0.104506224,0.104506224,1.0,1.0137578e-10,9.700454e-10,-25.983671,2.1579304,0.71931016,0.17600001,0.0,0.1252505,23.920357,23.940357,3836800
hardzero_plus_depr__c0p50__z1p00__lam0p020__nu0p50__psi0p75,hardzero_plus_depr,0.06,36,1199,0.0,2,0.08760631,0.08760631,0.98717105,0.10299805,0.10299805,1.0,9.8425136e-11,9.556019e-10,-26.42819,2.1718197,0.7239399,0.16800001,0.0,0.13351664,23.940357,23.960358,3840000
hardzero_plus_depr__c0p50__z1p00__lam0p020__nu0p50__psi0p75,hardzero_plus_depr,0.06,36,1200,0.0,2,0.08760631,0.08760631,1.0014764,0.0,0.09966061,0.0,0.0,9.413755e-10,-27.01487,2.2032921,0.73443073,0.16800001,0.0,0.15965001,23.960358,23.980358,3843200
hardzero_plus_depr__c0p50__z1p00__lam0p020__nu0p50__psi0p75,hardzero_plus_depr,0.06,36,1201,0.0,2,0.08760631,0.08760631,1.0043408,0.0,0.099005476,0.0,0.0,9.273609e-10,-27.19106,2.2095938,0.73653126,0.224,0.0,0.1479215,23.980358,24.000359,3846400
hardzero_plus_depr__c0p50__z1p00__lam0p020__nu0p50__psi0p75,hardzero_plus_depr,0.06,36,1202,0.0,2,0.08760631,0.08760631,1.0428349,0.0,0.0906077,0.0,0.0,9.1355307e-10,-27.291185,2.2942824,0.76476085,0.096,0.0,0.16126934,24.000359,24.020359,3849600
hardzero_plus_depr__c0p50__z1p00__lam0p020__nu0p50__psi0p75,hardzero_plus_depr,0.06,36,1203,0.0,2,0.08760631,0.08760631,1.0646338,0.0,0.08617199,0.0,0.0,8.9995084e-10,-28.504663,2.3422413,0.7807471,0.2,0.008,0.16729592,24.020359,24.04036,3852800
hardzero_plus_depr__c0p50__z1p00__lam0p020__nu0p50__psi0p75,hardzero_plus_depr,0.06,36,1204,0.0,2,0.08760631,0.08760631,0.99326664,0.10156249,0.10156249,1.0,9.0040524e-11,8.865529e-10,-27.421034,2.1852303,0.7284101,0.17600001,0.0,0.14972232,24.04036,24.06036,3856000
hardzero_plus_depr__c0p50__z1p00__lam0p020__nu0p50__psi0p75,hardzero_plus_depr,0.06,36,1205,0.0,2,0.08760631,0.08760631,1.0288805,0.0,0.09356631,0.0,0.0,8.7335433e-10,-27.66757,2.2635822,0.75452745,0.18400002,0.0,0.15122078,24.06036,24.08036,3859200
hardzero_plus_depr__c0p50__z1p00__lam0p020__nu0p50__psi0p75,hardzero_plus_depr,0.06,36,1206,0.0,2,0.08760631,0.08760631,1.030137,0.0,0.09329599,0.0,0.0,8.603506e-10,-27.492516,2.2663465,0.7554488,0.15200001,0.0,0.14832333,24.08036,24.10036,3862400
hardzero_plus_depr__c0p50__z1p00__lam0p020__nu0p50__psi0p75,hardzero_plus_depr,0.06,36,1207,0.0,2,0.08760631,0.08760631,1.0562762,0.0,0.08784636,0.0,0.0,8.475406e-10,-27.166239,2.323854,0.774618,0.15200001,0.0,0.172062,24.10036,24.120361,3865600
hardzero_plus_depr__c0p50__z1p00__lam0p020__nu0p50__psi0p75,hardzero_plus_depr,0.06,36,1208,0.0,2,0.08760631,0.08760631,0.99953747,0.10010656,0.10010656,1.0,8.358126e-11,8.349229e-10,-26.678673,2.1990263,0.7330088,0.192,0.008,0.1568553,24.120361,24.140362,3868800
hardzero_plus_depr__c0p50__z1p00__lam0p020__nu0p50__psi0p75,hardzero_plus_depr,0.06,36,1209,0.0,2,0.08760631,0.08760631,1.0008239,0.0,0.09981047,0.0,0.0,8.2249296e-10,-26.917484,2.2018564,0.73395216,0.14999999,0.0,0.14377806,24.140362,24.160362,3872000
hardzero_plus_depr__c0p50__z1p00__lam0p020__nu0p50__psi0p75,hardzero_plus_depr,0.06,36,1210,0.0,2,0.08760631,0.08760631,1.0292407,0.0,0.09348874,0.0,0.0,8.1024665e-10,-27.516212,2.2643747,0.7547916,0.14400001,0.0,0.14198238,24.160362,24.180363,3875200
hardzero_plus_depr__c0p50__z1p00__lam0p020__nu0p50__psi0p75,hardzero_plus_depr,0.06,36,1211,0.0,2,0.08760631,0.08760631,1.0023241,0.0,0.09946627,0.0,0.0,7.9818263e-10,-26.831884,2.205157,0.73505235,0.136,0.0,0.14005919,24.180363,24.200363,3878400
hardzero_plus_depr__c0p50__z1p00__lam0p020__nu0p50__psi0p75,hardzero_plus_depr,0.06,36,1212,0.0,2,0.08760631,0.08760631,1.0243859,0.0,0.094539665,0.0,0.0,7.862997e-10,-27.319113,2.253694,0.7512314,0.18400002,0.0,0.14942259,24.200363,24.220364,3881600
hardzero_plus_depr__c0p50__z1p00__lam0p020__nu0p50__psi0p75,hardzero_plus_depr,0.06,36,1213,0.0,2,0.08760631,0.08760631,1.0427514,0.0,0.090625115,0.0,0.0,7.745937e-10,-27.817936,2.2940989,0.76469964,0.15200001,0.0,0.16226855,24.220364,24.240364,3884800
hardzero_plus_depr__c0p50__z1p00__lam0p020__nu0p50__psi0p75,hardzero_plus_depr,0.06,36,1214,0.0,2,0.08760631,0.08760631,1.035026,0.0,0.09225162,0.0,0.0,7.630605e-10,-27.242764,2.2771025,0.75903416,0.14400001,0.0,0.16787288,24.240364,24.260365,3888000
hardzero_plus_depr__c0p50__z1p00__lam0p020__nu0p50__psi0p75,hardzero_plus_depr,0.06,36,1215,0.0,2,0.08760631,0.08760631,0.99979335,0.100047596,0.100047596,1.0,7.5205675e-11,7.51699e-10,-26.832947,2.1995893,0.73319644,0.18400002,0.0,0.15096942,24.260365,24.280365,3891200
hardzero_plus_depr__c0p50__z1p00__lam0p020__nu0p50__psi0p75,hardzero_plus_depr,0.06,36,1216,0.0,2,0.08760631,0.08760631,1.0590763,0.0,0.08728179,0.0,0.0,7.405081e-10,-27.898966,2.3300145,0.7766715,0.15200001,0.0,0.1544531,24.280365,24.300365,3894400
hardzero_plus_depr__c0p50__z1p00__lam0p020__nu0p50__psi0p75,hardzero_plus_depr,0.06,36,1217,0.0,2,0.08760631,0.08760631,1.0209496,0.0,0.09529067,0.0,0.0,7.2948386e-10,-27.83436,2.246134,0.74871135,0.120000005,0.0,0.14447322,24.300365,24.320366,3897600
hardzero_plus_depr__c0p50__z1p00__lam0p020__nu0p50__psi0p75,hardzero_plus_depr,0.06,36,1218,0.0,2,0.08760631,0.08760631,1.0569485,0.0,0.08771048,0.0,0.0,7.186224e-10,-27.747345,2.325333,0.7751111,0.072000004,0.0,0.14999358,24.320366,24.340366,3900800
hardzero_plus_depr__c0p50__z1p00__lam0p020__nu0p50__psi0p75,hardzero_plus_depr,0.06,36,1219,0.0,2,0.08760631,0.08760631,1.043426,0.0,0.09048446,0.0,0.0,7.079225e-10,-26.962069,2.295583,0.76519436,0.14400001,0.0,0.15745647,24.340366,24.360367,3904000
hardzero_plus_depr__c0p50__z1p00__lam0p020__nu0p50__psi0p75,hardzero_plus_depr,0.06,36,1220,0.0,2,0.08760631,0.08760631,1.0052155,0.0,0.09880627,0.0,0.0,6.973833e-10,-26.60227,2.2115183,0.7371728,0.18400002,0.0,0.12375471,24.360367,24.380367,3907200
hardzero_plus_depr__c0p50__z1p00__lam0p020__nu0p50__psi0p75,hardzero_plus_depr,0.06,36,1221,0.0,2,0.08760631,0.08760631,1.0236777,0.0,0.094693966,0.0,0.0,6.870011e-10,-27.225485,2.252136,0.75071204,0.18400002,0.0,0.15848778,24.380367,24.400368,3910400
hardzero_plus_depr__c0p50__z1p00__lam0p020__nu0p50__psi0p75,hardzero_plus_depr,0.06,36,1222,0.0,2,0.08760631,0.08760631,0.9780497,0.10518414,0.10518414,1.0,7.118569e-11,6.767721e-10,-26.822153,2.1517522,0.71725076,0.17999999,0.0,0.16584352,24.400368,24.420368,3913600
hardzero_plus_depr__c0p50__z1p00__lam0p020__nu0p50__psi0p75,hardzero_plus_depr,0.06,36,1223,0.0,2,0.08760631,0.08760631,0.97844845,0.10508761,0.10508761,1.0,7.006142e-11,6.6669537e-10,-26.31796,2.1526296,0.71754324,0.128,0.0,0.14929032,24.420368,24.440369,3916800
hardzero_plus_depr__c0p50__z1p00__lam0p020__nu0p50__psi0p75,hardzero_plus_depr,0.06,36,1224,0.0,2,0.08760631,0.08760631,1.0196908,0.0,0.095567286,0.0,0.0,6.5677e-10,-27.130459,2.2433643,0.74778813,0.224,0.0,0.14679529,24.440369,24.46037,3920000
hardzero_plus_depr__c0p50__z1p00__lam0p020__nu0p50__psi0p75,hardzero_plus_depr,0.06,36,1225,0.0,2,0.08760631,0.08760631,1.0379193,0.0,0.09163907,0.0,0.0,6.4699235e-10,-27.32434,2.283468,0.761156,0.16800001,0.0,0.15020308,24.46037,24.48037,3923200
hardzero_plus_depr__c0p50__z1p00__lam0p020__nu0p50__psi0p75,hardzero_plus_depr,0.06,36,1226,0.0,2,0.08760631,0.08760631,1.0039299,0.0,0.09909919,0.0,0.0,6.373591e-10,-27.840467,2.2086897,0.7362299,0.216,0.0,0.17645857,24.48037,24.50037,3926400
hardzero_plus_depr__c0p50__z1p00__lam0p020__nu0p50__psi0p75,hardzero_plus_depr,0.06,36,1227,0.0,2,0.08760631,0.08760631,1.0071009,0.0,0.09837824,0.0,0.0,6.278692e-10,-26.16386,2.2156663,0.73855543,0.136,0.0,0.13289706,24.50037,24.52037,3929600
hardzero_plus_depr__c0p50__z1p00__lam0p020__nu0p50__psi0p75,hardzero_plus_depr,0.06,36,1228,0.0,2,0.08760631,0.08760631,0.96941745,0.10729575,0.10729575,1.0,6.636477e-11,6.1852184e-10,-26.539186,2.132761,0.71092033,0.15200001,0.0,0.1342927,24.52037,24.54037,3932800
hardzero_plus_depr__c0p50__z1p00__lam0p020__nu0p50__psi0p75,hardzero_plus_depr,0.06,36,1229,0.0,2,0.08760631,0.08760631,1.0213401,0.0,0.09520503,0.0,0.0,6.0931366e-10,-27.297739,2.246993,0.7489977,0.16000001,0.0,0.15358867,24.54037,24.560371,3936000
hardzero_plus_depr__c0p50__z1p00__lam0p020__nu0p50__psi0p75,hardzero_plus_depr,0.06,36,1230,0.0,2,0.08760631,0.08760631,1.0197932,0.0,0.095544755,0.0,0.0,6.0024136e-10,-26.126808,2.2435896,0.74786323,0.128,0.0,0.15212525,24.560371,24.580372,3939200
hardzero_plus_depr__c0p50__z1p00__lam0p020__nu0p50__psi0p75,hardzero_plus_depr,0.06,36,1231,0.0,2,0.08760631,0.08760631,1.0130702,0.0,0.0970353,0.0,0.0,5.913042e-10,-26.824867,2.228799,0.74293303,0.14400001,0.0,0.14440875,24.580372,24.600372,3942400
hardzero_plus_depr__c0p50__z1p00__lam0p020__nu0p50__psi0p75,hardzero_plus_depr,0.06,36,1232,0.0,2,0.08760631,0.08760631,0.9835462,0.10386132,0.10386132,1.0,6.0499335e-11,5.825011e-10,-26.055727,2.1638448,0.72128165,0.15200001,0.0,0.13322666,24.600372,24.620373,3945600
hardzero_plus_depr__c0p50__z1p00__lam0p020__nu0p50__psi0p75,hardzero_plus_depr,0.06,36,1233,0.0,2,0.08760631,0.08760631,1.0382365,0.0,0.09157217,0.0,0.0,5.738292e-10,-26.771763,2.2841659,0.76138866,0.128,0.0,0.1612881,24.620373,24.640373,3948800
hardzero_plus_depr__c0p50__z1p00__lam0p020__nu0p50__psi0p75,hardzero_plus_depr,0.06,36,1234,0.0,2,0.08760631,0.08760631,0.9734564,0.106302515,0.106302515,1.0,6.0091244e-11,5.6528526e-10,-27.28055,2.1416469,0.7138823,0.23200001,0.0,0.16191141,24.640373,24.660374,3952000
hardzero_plus_depr__c0p50__z1p00__lam0p020__nu0p50__psi0p75,hardzero_plus_depr,0.06,36,1235,0.0,2,0.08760631,0.08760631,1.0103323,0.0,0.09764896,0.0,0.0,5.568685e-10,-27.515846,2.2227755,0.7409252,0.17,0.0,0.14165632,24.660374,24.680374,3955200
hardzero_plus_depr__c0p50__z1p00__lam0p020__nu0p50__psi0p75,hardzero_plus_depr,0.06,36,1236,0.0,2,0.08760631,0.08760631,1.0585334,0.0,0.08739097,0.0,0.0,5.485782e-10,-27.984571,2.32882,0.77627337,0.112,0.0,0.14919609,24.680374,24.700375,3958400
hardzero_plus_depr__c0p50__z1p00__lam0p020__nu0p50__psi0p75,hardzero_plus_depr,0.06,36,1237,0.0,2,0.08760631,0.08760631,1.0136269,0.0,0.096911006,0.0,0.0,5.4041116e-10,-26.82308,2.2300239,0.7433413,0.136,0.0,0.13542254,24.700375,24.720375,3961600
hardzero_plus_depr__c0p50__z1p00__lam0p020__nu0p50__psi0p75,hardzero_plus_depr,0.06,36,1238,0.0,2,0.08760631,0.08760631,0.987816,0.10284519,0.10284519,1.0,5.475117e-11,5.323649e-10,-26.30434,2.1732385,0.72441286,0.24000001,0.0,0.16597901,24.720375,24.740376,3964800
hardzero_plus_depr__c0p50__z1p00__lam0p020__nu0p50__psi0p75,hardzero_plus_depr,0.06,36,1239,0.0,2,0.08760631,0.08760631,1.0323814,0.0,0.09281509,0.0,0.0,5.2443827e-10,-28.527555,2.2712843,0.7570948,0.112,0.0,0.1543658,24.740376,24.760376,3968000
hardzero_plus_depr__c0p50__z1p00__lam0p020__nu0p50__psi0p75,hardzero_plus_depr,0.06,36,1240,0.0,2,0.08760631,0.08760631,1.0595783,0.0,0.08718096,0.0,0.0,5.1663074e-10,-28.084484,2.3311188,0.77703965,0.17600001,0.0,0.15622967,24.760376,24.780376,3971200
hardzero_plus_depr__c0p50__z1p00__lam0p020__nu0p50__psi0p75,hardzero_plus_depr,0.06,36,1241,0.0,2,0.08760631,0.08760631,1.0138592,0.0,0.096859194,0.0,0.0,5.0893945e-10,-26.993906,2.2305346,0.74351156,0.192,0.0,0.17447661,24.780376,24.800377,3974400
hardzero_plus_depr__c0p50__z1p00__lam0p020__nu0p50__psi0p75,hardzero_plus_depr,0.06,36,1242,0.0,2,0.08760631,0.08760631,1.0415448,0.0,0.09087725,0.0,0.0,5.013617e-10,-27.506575,2.2914443,0.7638148,0.136,0.0,0.14005026,24.800377,24.820377,3977600
hardzero_plus_depr__c0p50__z1p00__lam0p020__nu0p50__psi0p75,hardzero_plus_depr,0.06,36,1243,0.0,2,0.08760631,0.08760631,1.0395032,0.0,0.091305465,0.0,0.0,4.938967e-10,-26.79265,2.2869527,0.7623176,0.136,0.0,0.15657037,24.820377,24.840378,3980800
hardzero_plus_depr__c0p50__z1p00__lam0p020__nu0p50__psi0p75,hardzero_plus_depr,0.06,36,1244,0.0,2,0.08760631,0.08760631,0.9947282,0.10122128,0.10122128,1.0,4.9248584e-11,4.865438e-10,-26.072783,2.1884458,0.72948194,0.14400001,0.0,0.14245673,24.840378,24.860378,3984000
hardzero_plus_depr__c0p50__z1p00__lam0p020__nu0p50__psi0p75,hardzero_plus_depr,0.06,36,1245,0.0,2,0.08760631,0.08760631,0.9924608,0.10175113,0.10175113,1.0,4.876936e-11,4.7930043e-10,-26.14349,2.1834574,0.72781914,0.208,0.0,0.14570895,24.860378,24.880379,3987200
hardzero_plus_depr__c0p50__z1p00__lam0p020__nu0p50__psi0p75,hardzero_plus_depr,0.06,36,1246,0.0,2,0.08760631,0.08760631,0.9834425,0.10388611,0.10388611,1.0,4.905128e-11,4.72164e-10,-26.67231,2.1636167,0.7212056,0.16000001,0.0,0.14135177,24.880379,24.90038,3990400
hardzero_plus_depr__c0p50__z1p00__lam0p020__nu0p50__psi0p75,hardzero_plus_depr,0.06,36,1247,0.0,2,0.08760631,0.08760631,1.0020869,0.0,0.099520616,0.0,0.0,4.651338e-10,-26.692472,2.2046351,0.7348784,0.15200001,0.0,0.15184312,24.90038,24.92038,3993600
hardzero_plus_depr__c0p50__z1p00__lam0p020__nu0p50__psi0p75,hardzero_plus_depr,0.06,36,1248,0.0,2,0.08760631,0.08760631,1.0337554,0.0,0.09252191,0.0,0.0,4.5820914e-10,-27.468618,2.2743073,0.7581024,0.16,0.0,0.16232897,24.92038,24.94038,3996800
hardzero_plus_depr__c0p50__z1p00__lam0p020__nu0p50__psi0p75,hardzero_plus_depr,0.06,36,1249,0.0,2,0.08760631,0.08760631,1.1289167,0.0,0.07431615,0.0,0.0,4.5138757e-10,-29.064949,2.4836664,0.82788885,0.104,0.0,0.1772572,24.94038,24.96038,4000000
hardzero_plus_depr__c0p50__z1p00__lam0p020__nu0p50__psi0p75,hardzero_plus_depr,0.06,37,0,1.0,1,1.0,0.5,1.0714711,0.0,0.084825985,0.0,0.0,0.06,-28.596724,2.3572836,0.78576124,0.16,0.0,0.20661528,0.0,0.0,3200
hardzero_plus_depr__c0p50__z1p00__lam0p020__nu0p50__psi0p75,hardzero_plus_depr,0.06,37,1,1.0,2,0.5,0.006017499,0.9987352,0.100291654,0.100291654,1.0,0.006017499,0.06,-26.705421,2.1972613,0.73242044,0.15200001,0.0,0.17359541,0.0,0.0,6400
hardzero_plus_depr__c0p50__z1p00__lam0p020__nu0p50__psi0p75,hardzero_plus_depr,0.06,37,2,0.0,2,0.006017499,0.01229732,0.9802039,0.104663685,0.104663685,1.0,0.006279821,0.06,-26.368305,2.1564918,0.7188306,0.192,0.0,0.17402472,0.0,0.02,9600
hardzero_plus_depr__c0p50__z1p00__lam0p020__nu0p50__psi0p75,hardzero_plus_depr,0.06,37,3,0.0,2,0.01229732,0.01229732,1.0447015,0.0,0.09021911,0.0,0.0,0.059106715,-27.291965,2.2983892,0.76612973,0.14400001,0.0,0.1880549,0.02,0.04,12800
hardzero_plus_depr__c0p50__z1p00__lam0p020__nu0p50__psi0p75,hardzero_plus_depr,0.06,37,4,0.0,2,0.01229732,0.01229732,1.0057464,0.0,0.09868556,0.0,0.0,0.058226734,-27.038681,2.2126863,0.7375621,0.16800001,0.0,0.17569123,0.04,0.06,16000
hardzero_plus_depr__c0p50__z1p00__lam0p020__nu0p50__psi0p75,hardzero_plus_depr,0.06,37,5,0.0,2,0.01229732,0.01229732,1.03755,0.0,0.09171704,0.0,0.0,0.057359852,-27.635225,2.2826555,0.7608852,0.16000001,0.0,0.19194125,0.06,0.08,19200
hardzero_plus_depr__c0p50__z1p00__lam0p020__nu0p50__psi0p75,hardzero_plus_depr,0.06,37,6,0.0,2,0.01229732,0.01229732,1.0291572,0.0,0.09350673,0.0,0.0,0.056505874,-27.189045,2.264191,0.75473034,0.18400002,0.0,0.17723767,0.08,0.099999994,22400
hardzero_plus_depr__c0p50__z1p00__lam0p020__nu0p50__psi0p75,hardzero_plus_depr,0.06,37,7,0.0,2,0.01229732,0.01828193,0.96854335,0.107511915,0.107511915,1.0,0.005984609,0.055664614,-26.286991,2.130838,0.71027935,0.15200001,0.0,0.16504024,0.099999994,0.11999999,25600
hardzero_plus_depr__c0p50__z1p00__lam0p020__nu0p50__psi0p75,hardzero_plus_depr,0.06,37,8,0.0,2,0.01828193,0.024567472,0.940722,0.11462464,0.11462464,1.0,0.0062855426,0.054835875,-25.444342,2.0696297,0.68987656,0.17600001,0.0,0.16271915,0.11999999,0.13999999,28800
hardzero_plus_depr__c0p50__z1p00__lam0p020__nu0p50__psi0p75,hardzero_plus_depr,0.06,37,9,0.0,2,0.024567472,0.030155912,0.98525983,0.10345231,0.10345231,1.0,0.0055884393,0.054019473,-26.73149,2.167615,0.72253835,0.14400001,0.0,0.18458743,0.13999999,0.15999998,32000
hardzero_plus_depr__c0p50__z1p00__lam0p020__nu0p50__psi0p75,hardzero_plus_depr,0.06,37,10,0.0,2,0.030155912,0.030155912,1.0121857,0.0,0.09723315,0.0,0.0,0.053215224,-26.841904,2.226853,0.7422843,0.18400002,0.0,0.19718307,0.15999998,0.17999998,35200
hardzero_plus_depr__c0p50__z1p00__lam0p020__nu0p50__psi0p75,hardzero_plus_depr,0.06,37,11,0.0,2,0.030155912,0.030155912,1.003838,0.0,0.09912017,0.0,0.0,0.052422956,-27.367075,2.2084875,0.73616254,0.2,0.0,0.1837497,0.17999998,0.19999997,38400
hardzero_plus_depr__c0p50__z1p00__lam0p020__nu0p50__psi0p75,hardzero_plus_depr,0.06,37,12,0.0,2,0.030155912,0.030155912,1.0401037,0.0,0.09117931,0.0,0.0,0.051642478,-27.547323,2.2882738,0.76275796,0.120000005,0.0,0.1697134,0.19999997,0.21999997,41600
hardzero_plus_depr__c0p50__z1p00__lam0p020__nu0p50__psi0p75,hardzero_plus_depr,0.06,37,13,0.0,2,0.030155912,0.03534802,0.99114877,0.10205898,0.10205898,1.0,0.0051921103,0.050873626,-27.158379,2.1805708,0.72685695,0.14999999,0.0,0.1677838,0.21999997,0.23999996,44800
hardzero_plus_depr__c0p50__z1p00__lam0p020__nu0p50__psi0p75,hardzero_plus_depr,0.06,37,14,0.0,2,0.03534802,0.03534802,1.0095893,0.0,0.09781618,0.0,0.0,0.05011621,-26.95429,2.2211409,0.7403803,0.17600001,0.0,0.15925154,0.23999996,0.25999996,48000
hardzero_plus_depr__c0p50__z1p00__lam0p020__nu0p50__psi0p75,hardzero_plus_depr,0.06,37,15,0.0,2,0.03534802,0.040570557,0.97558254,0.105783395,0.105783395,1.0,0.005222535,0.049370084,-26.054504,2.1463244,0.71544147,0.16800001,0.0,0.16995366,0.25999996,0.27999997,51200
hardzero_plus_depr__c0p50__z1p00__lam0p020__nu0p50__psi0p75,hardzero_plus_depr,0.06,37,16,0.0,2,0.040570557,0.040570557,1.0002111,0.0,0.099951394,0.0,0.0,0.048635054,-27.414324,2.2005084,0.7335028,0.16800001,0.0,0.17689064,0.27999997,0.29999998,54400
hardzero_plus_depr__c0p50__z1p00__lam0p020__nu0p50__psi0p75,hardzero_plus_depr,0.06,37,17,0.0,2,0.040570557,0.040570557,1.0032846,0.0,0.09924654,0.0,0.0,0.047910973,-26.447046,2.2072701,0.73575675,0.15200001,0.0,0.18939914,0.29999998,0.32,57600
hardzero_plus_depr__c0p50__z1p00__lam0p020__nu0p50__psi0p75,hardzero_plus_depr,0.06,37,18,0.0,2,0.040570557,0.045428276,0.98748803,0.10292288,0.10292288,1.0,0.0048577203,0.047197673,-27.427145,2.172517,0.72417235,0.16800001,0.0,0.17703566,0.32,0.34,60800
hardzero_plus_depr__c0p50__z1p00__lam0p020__nu0p50__psi0p75,hardzero_plus_depr,0.06,37,19,0.0,2,0.045428276,0.050201178,0.98862356,0.10265414,0.10265414,1.0,0.004772903,0.04649499,-25.997078,2.1750152,0.7250051,0.136,0.0,0.18997397,0.34,0.36,64000
hardzero_plus_depr__c0p50__z1p00__lam0p020__nu0p50__psi0p75,hardzero_plus_depr,0.06,37,20,0.0,2,0.050201178,0.050201178,1.0105139,0.0,0.097608134,0.0,0.0,0.04580277,-26.475092,2.223175,0.74105835,0.16800001,0.0,0.17015542,0.36,0.38000003,67200
hardzero_plus_depr__c0p50__z1p00__lam0p020__nu0p50__psi0p75,hardzero_plus_depr,0.06,37,21,0.0,2,0.050201178,0.050201178,1.0062941,0.0,0.09856117,0.0,0.0,0.045120854,-26.621067,2.2138913,0.7379638,0.208,0.0,0.18757646,0.38000003,0.40000004,70400
hardzero_plus_depr__c0p50__z1p00__lam0p020__nu0p50__psi0p75,hardzero_plus_depr,0.06,37,22,0.0,2,0.050201178,0.050201178,1.0033631,0.0,0.099228606,0.0,0.0,0.04444909,-27.049854,2.207443,0.73581433,0.14400001,0.0,0.17374863,0.40000004,0.42000005,73600
hardzero_plus_depr__c0p50__z1p00__lam0p020__nu0p50__psi0p75,hardzero_plus_depr,0.06,37,23,0.0,2,0.050201178,0.050201178,1.0175171,0.0,0.09604679,0.0,0.0,0.04378733,-27.327911,2.2385824,0.7461941,0.16800001,0.0,0.21456224,0.42000005,0.44000006,76800
hardzero_plus_depr__c0p50__z1p00__lam0p020__nu0p50__psi0p75,hardzero_plus_depr,0.06,37,24,0.0,2,0.050201178,0.050201178,1.0476873,0.0,0.08960096,0.0,0.0,0.043135423,-28.085016,2.304958,0.76831937,0.14400001,0.0,0.1931061,0.44000006,0.46000007,80000
hardzero_plus_depr__c0p50__z1p00__lam0p020__nu0p50__psi0p75,hardzero_plus_depr,0.06,37,25,0.0,2,0.050201178,0.050201178,1.0343165,0.0,0.09240245,0.0,0.0,0.042493217,-27.880587,2.2755418,0.7585139,0.120000005,0.0,0.17894085,0.46000007,0.48000008,83200
hardzero_plus_depr__c0p50__z1p00__lam0p020__nu0p50__psi0p75,hardzero_plus_depr,0.06,37,26,0.0,2,0.050201178,0.054507244,0.98772436,0.102866895,0.102866895,1.0,0.0043060677,0.041860577,-26.482744,2.173037,0.7243457,0.17999999,0.0,0.15008378,0.48000008,0.50000006,86400
hardzero_plus_depr__c0p50__z1p00__lam0p020__nu0p50__psi0p75,hardzero_plus_depr,0.06,37,27,0.0,2,0.054507244,0.058649387,0.9980658,0.10044636,0.10044636,1.0,0.004142142,0.041237354,-26.058144,2.1957886,0.73192954,0.208,0.0,0.16518329,0.50000006,0.52000004,89600
hardzero_plus_depr__c0p50__z1p00__lam0p020__nu0p50__psi0p75,hardzero_plus_depr,0.06,37,28,0.0,2,0.058649387,0.058649387,1.0028539,0.0,0.09934503,0.0,0.0,0.04062341,-27.353935,2.2063227,0.7354409,0.15200001,0.0,0.18627344,0.52000004,0.54,92800
hardzero_plus_depr__c0p50__z1p00__lam0p020__nu0p50__psi0p75,hardzero_plus_depr,0.06,37,29,0.0,2,0.058649387,0.058649387,1.0251848,0.0,0.09436593,0.0,0.0,0.040018607,-27.392525,2.2554514,0.75181717,0.2,0.0,0.19174603,0.54,0.56,96000
hardzero_plus_depr__c0p50__z1p00__lam0p020__nu0p50__psi0p75,hardzero_plus_depr,0.06,37,30,0.0,2,0.058649387,0.058649387,1.0179302,0.0,0.09595548,0.0,0.0,0.039422806,-27.198599,2.239491,0.74649704,0.16000001,0.0,0.19398654,0.56,0.58,99200
hardzero_plus_depr__c0p50__z1p00__lam0p020__nu0p50__psi0p75,hardzero_plus_depr,0.06,37,31,0.0,2,0.058649387,0.063107386,0.94009346,0.114790656,0.114790656,1.0,0.004457996,0.03883588,-25.452833,2.0682468,0.68941563,0.18400002,0.0,0.15619782,0.58,0.59999996,102400
hardzero_plus_depr__c0p50__z1p00__lam0p020__nu0p50__psi0p75,hardzero_plus_depr,0.06,37,32,0.0,2,0.063107386,0.063107386,1.0213752,0.0,0.095197335,0.0,0.0,0.03825769,-27.387497,2.2470703,0.74902344,0.14400001,0.0,0.18654068,0.59999996,0.61999995,105600
hardzero_plus_depr__c0p50__z1p00__lam0p020__nu0p50__psi0p75,hardzero_plus_depr,0.06,37,33,0.0,2,0.063107386,0.063107386,1.0141653,0.0,0.09679093,0.0,0.0,0.037688106,-27.20702,2.231208,0.743736,0.192,0.0,0.20246321,0.61999995,0.6399999,108800
hardzero_plus_depr__c0p50__z1p00__lam0p020__nu0p50__psi0p75,hardzero_plus_depr,0.06,37,34,0.0,2,0.063107386,0.06721219,0.9563979,0.110561036,0.110561036,1.0,0.0041048005,0.037127007,-26.2544,2.1041174,0.7013725,0.15200001,0.0,0.15773372,0.6399999,0.6599999,112000
hardzero_plus_depr__c0p50__z1p00__lam0p020__nu0p50__psi0p75,hardzero_plus_depr,0.06,37,35,0.0,2,0.06721219,0.06721219,1.0289118,0.0,0.09355955,0.0,0.0,0.03657426,-26.693556,2.2636511,0.7545504,0.16000001,0.0,0.19358905,0.6599999,0.6799999,115200
hardzero_plus_depr__c0p50__z1p00__lam0p020__nu0p50__psi0p75,hardzero_plus_depr,0.06,37,36,0.0,2,0.06721219,0.06721219,1.0363203,0.0,0.091977105,0.0,0.0,0.036029737,-27.729298,2.2799501,0.7599834,0.15200001,0.0,0.17553954,0.6799999,0.69999987,118400
hardzero_plus_depr__c0p50__z1p00__lam0p020__nu0p50__psi0p75,hardzero_plus_depr,0.06,37,37,0.0,2,0.06721219,0.07110346,0.96005464,0.10963402,0.10963402,1.0,0.003891276,0.035493325,-26.460892,2.1121624,0.7040541,0.2,0.0,0.17053889,0.69999987,0.71999985,121600
hardzero_plus_depr__c0p50__z1p00__lam0p020__nu0p50__psi0p75,hardzero_plus_depr,0.06,37,38,0.0,2,0.07110346,0.07110346,1.0320253,0.0,0.09289123,0.0,0.0,0.034964897,-26.540247,2.2705011,0.75683373,0.17600001,0.0,0.17679045,0.71999985,0.73999983,124800
hardzero_plus_depr__c0p50__z1p00__lam0p020__nu0p50__psi0p75,hardzero_plus_depr,0.06,37,39,0.0,2,0.07110346,0.07110346,1.0158224,0.0,0.096422315,0.0,0.0,0.03444434,-27.54776,2.234854,0.74495137,0.17999999,0.0,0.18448521,0.73999983,0.7599998,128000
hardzero_plus_depr__c0p50__z1p00__lam0p020__nu0p50__psi0p75,hardzero_plus_depr,0.06,37,40,0.0,2,0.07110346,0.07110346,1.0413951,0.0,0.09090859,0.0,0.0,0.033931527,-28.016144,2.2911148,0.76370496,0.136,0.0,0.19087799,0.7599998,0.7799998,131200
hardzero_plus_depr__c0p50__z1p00__lam0p020__nu0p50__psi0p75,hardzero_plus_depr,0.06,37,41,0.0,2,0.07110346,0.07110346,1.0254653,0.0,0.094304994,0.0,0.0,0.03342635,-26.889668,2.2560687,0.7520229,0.16800001,0.008,0.18903977,0.7799998,0.7999998,134400
hardzero_plus_depr__c0p50__z1p00__lam0p020__nu0p50__psi0p75,hardzero_plus_depr,0.06,37,42,0.0,2,0.07110346,0.07110346,1.0362531,0.0,0.09199133,0.0,0.0,0.0329287,-26.91461,2.2798023,0.7599341,0.16000001,0.0,0.18481077,0.7999998,0.81999975,137600
hardzero_plus_depr__c0p50__z1p00__lam0p020__nu0p50__psi0p75,hardzero_plus_depr,0.06,37,43,0.0,2,0.07110346,0.07110346,1.0695108,0.0,0.08520971,0.0,0.0,0.03243846,-28.154106,2.3529708,0.78432363,0.096,0.0,0.20570719,0.81999975,0.83999974,140800
hardzero_plus_depr__c0p50__z1p00__lam0p020__nu0p50__psi0p75,hardzero_plus_depr,0.06,37,44,0.0,2,0.07110346,0.07110346,1.002539,0.0,0.099417076,0.0,0.0,0.031955514,-26.699463,2.2056298,0.73520994,0.15200001,0.0,0.16803229,0.83999974,0.8599997,144000
hardzero_plus_depr__c0p50__z1p00__lam0p020__nu0p50__psi0p75,hardzero_plus_depr,0.06,37,45,0.0,2,0.07110346,0.0742772,0.9964606,0.10081829,0.10081829,1.0,0.0031737357,0.03147976,-26.749424,2.1922572,0.7307524,0.15200001,0.0,0.1681092,0.8599997,0.8799997,147200
hardzero_plus_depr__c0p50__z1p00__lam0p020__nu0p50__psi0p75,hardzero_plus_depr,0.06,37,46,0.0,2,0.0742772,0.0742772,1.0213649,0.0,0.095199585,0.0,0.0,0.031011084,-27.493898,2.2470477,0.7490159,0.18400002,0.0,0.21628879,0.8799997,0.8999997,150400
hardzero_plus_depr__c0p50__z1p00__lam0p020__nu0p50__psi0p75,hardzero_plus_depr,0.06,37,47,0.0,2,0.0742772,0.0742772,1.0699352,0.0,0.085126504,0.0,0.0,0.03054939,-28.48643,2.3539045,0.7846348,0.112,0.0,0.2134128,0.8999997,0.91999966,153600
hardzero_plus_depr__c0p50__z1p00__lam0p020__nu0p50__psi0p75,hardzero_plus_depr,0.06,37,48,0.0,2,0.0742772,0.07751377,0.9684027,0.107546754,0.107546754,1.0,0.0032365732,0.03009457,-26.72261,2.1305285,0.71017617,0.16000001,0.0,0.17365134,0.91999966,0.93999964,156800
hardzero_plus_depr__c0p50__z1p00__lam0p020__nu0p50__psi0p75,hardzero_plus_depr,0.06,37,49,0.0,2,0.07751377,0.07751377,1.0128572,0.0,0.0970829,0.0,0.0,0.029646521,-28.125753,2.2283304,0.7427768,0.15200001,0.0,0.2403447,0.93999964,0.9599996,160000
hardzero_plus_depr__c0p50__z1p00__lam0p020__nu0p50__psi0p75,hardzero_plus_depr,0.06,37,50,0.0,2,0.07751377,0.07751377,1.0486771,0.0,0.08939698,0.0,0.0,0.029205143,-27.885305,2.3071356,0.76904523,0.16000001,0.0,0.19865835,0.9599996,0.9799996,163200
hardzero_plus_depr__c0p50__z1p00__lam0p020__nu0p50__psi0p75,hardzero_plus_depr,0.06,37,51,0.0,2,0.07751377,0.080582835,0.97193867,0.10667466,0.10667466,1.0,0.0030690657,0.028770335,-25.927645,2.1383078,0.71276927,0.136,0.0,0.17562205,0.9799996,0.9999996,166400
hardzero_plus_depr__c0p50__z1p00__lam0p020__nu0p50__psi0p75,hardzero_plus_depr,0.06,37,52,0.0,2,0.080582835,0.080582835,1.0439421,0.0,0.090377,0.0,0.0,0.028342001,-27.427677,2.2967184,0.7655728,0.14,0.0,0.22412817,0.9999996,1.0199996,169600
hardzero_plus_depr__c0p50__z1p00__lam0p020__nu0p50__psi0p75,hardzero_plus_depr,0.06,37,53,0.0,2,0.080582835,0.08355214,0.9732611,0.106350325,0.106350325,1.0,0.0029693057,0.027920043,-26.232264,2.1412172,0.7137391,0.24800001,0.0,0.18591136,1.0199996,1.0399996,172800
hardzero_plus_depr__c0p50__z1p00__lam0p020__nu0p50__psi0p75,hardzero_plus_depr,0.06,37,54,0.0,2,0.08355214,0.08642756,0.9806994,0.10454434,0.10454434,1.0,0.002875426,0.027504368,-27.090673,2.1575818,0.71919394,0.16800001,0.0,0.15385908,1.0399996,1.0599996,176000
hardzero_plus_depr__c0p50__z1p00__lam0p020__nu0p50__psi0p75,hardzero_plus_depr,0.06,37,55,0.0,2,0.08642756,0.08921485,0.9877062,0.10287119,0.10287119,1.0,0.0027872827,0.027094882,-26.541883,2.172997,0.72433233,0.15200001,0.0,0.17767406,1.0599996,1.0799996,179200
hardzero_plus_depr__c0p50__z1p00__lam0p020__nu0p50__psi0p75,hardzero_plus_depr,0.06,37,56,0.0,2,0.08921485,0.08921485,1.047594,0.0,0.08962023,0.0,0.0,0.026691493,-27.408937,2.3047526,0.7682509,0.18400002,0.0,0.19542694,1.0799996,1.0999995,182400
hardzero_plus_depr__c0p50__z1p00__lam0p020__nu0p50__psi0p75,hardzero_plus_depr,0.06,37,57,0.0,2,0.08921485,0.092187434,0.9467238,0.113051474,0.113051474,1.0,0.0029725875,0.026294107,-25.79531,2.082834,0.694278,0.192,0.0,0.16989875,1.0999995,1.1199995,185600
hardzero_plus_depr__c0p50__z1p00__lam0p020__nu0p50__psi0p75,hardzero_plus_depr,0.06,37,58,0.0,2,0.092187434,0.092187434,1.0189409,0.0,0.09573241,0.0,0.0,0.025902638,-27.053957,2.2417147,0.7472383,0.15200001,0.0,0.1644241,1.1199995,1.1399995,188800
hardzero_plus_depr__c0p50__z1p00__lam0p020__nu0p50__psi0p75,hardzero_plus_depr,0.06,37,59,0.0,2,0.092187434,0.092187434,1.0232021,0.0,0.09479771,0.0,0.0,0.025517,-27.512087,2.2510896,0.75036323,0.16000001,0.0,0.20251401,1.1399995,1.1599995,192000
hardzero_plus_depr__c0p50__z1p00__lam0p020__nu0p50__psi0p75,hardzero_plus_depr,0.06,37,60,0.0,2,0.092187434,0.092187434,1.0477638,0.0,0.08958517,0.0,0.0,0.0251371,-27.553673,2.3051264,0.7683755,0.2,0.0,0.20003109,1.1599995,1.1799995,195200
hardzero_plus_depr__c0p50__z1p00__lam0p020__nu0p50__psi0p75,hardzero_plus_depr,0.06,37,61,0.0,2,0.092187434,0.09487926,0.9637533,0.108704284,0.108704284,1.0,0.002691829,0.024762861,-26.520628,2.1202996,0.70676655,0.224,0.0,0.17777812,1.1799995,1.1999995,198400
hardzero_plus_depr__c0p50__z1p00__lam0p020__nu0p50__psi0p75,hardzero_plus_depr,0.06,37,62,0.0,2,0.09487926,0.09746785,0.9742237,0.10611489,0.10611489,1.0,0.0025885866,0.02439419,-26.877092,2.1433349,0.714445,0.24000001,0.0,0.16531138,1.1999995,1.2199994,201600
hardzero_plus_depr__c0p50__z1p00__lam0p020__nu0p50__psi0p75,hardzero_plus_depr,0.06,37,63,0.0,2,0.09746785,0.099922106,0.99085236,0.10212866,0.10212866,1.0,0.0024542548,0.024031008,-26.367657,2.1799188,0.7266396,0.17600001,0.0,0.16684833,1.2199994,1.2399994,204800
hardzero_plus_depr__c0p50__z1p00__lam0p020__nu0p50__psi0p75,hardzero_plus_depr,0.06,37,64,0.0,2,0.099922106,0.10233271,0.99213177,0.10182823,0.10182823,1.0,0.0024106035,0.023673233,-26.336002,2.1827335,0.72757787,0.15200001,0.0,0.16462654,1.2399994,1.2599994,208000
hardzero_plus_depr__c0p50__z1p00__lam0p020__nu0p50__psi0p75,hardzero_plus_depr,0.06,37,65,0.0,2,0.10233271,0.10233271,1.0130332,0.0,0.09704358,0.0,0.0,0.023320785,-27.018711,2.2287176,0.74290586,0.14,0.0,0.1814458,1.2599994,1.2799994,211200
hardzero_plus_depr__c0p50__z1p00__lam0p020__nu0p50__psi0p75,hardzero_plus_depr,0.06,37,66,0.0,2,0.10233271,0.10233271,1.1113937,0.0,0.07737599,0.0,0.0,0.022973582,-29.349865,2.4451149,0.8150383,0.112,0.0,0.23474042,1.2799994,1.2999994,214400
hardzero_plus_depr__c0p50__z1p00__lam0p020__nu0p50__psi0p75,hardzero_plus_depr,0.06,37,67,0.0,2,0.10233271,0.104795665,0.96325815,0.10882829,0.10882829,1.0,0.0024629529,0.02263155,-26.80068,2.1192102,0.70640343,0.136,0.0,0.18023884,1.2999994,1.3199993,217600
hardzero_plus_depr__c0p50__z1p00__lam0p020__nu0p50__psi0p75,hardzero_plus_depr,0.06,37,68,0.0,2,0.104795665,0.104795665,1.0515122,0.0,0.08881529,0.0,0.0,0.022294613,-28.43584,2.313373,0.77112436,0.16000001,0.0,0.22257055,1.3199993,1.3399993,220800
hardzero_plus_depr__c0p50__z1p00__lam0p020__nu0p50__psi0p75,hardzero_plus_depr,0.06,37,69,0.0,2,0.104795665,0.104795665,1.0035642,0.0,0.09918267,0.0,0.0,0.02196269,-27.732649,2.2078855,0.73596185,0.16000001,0.0,0.18714039,1.3399993,1.3599993,224000
hardzero_plus_depr__c0p50__z1p00__lam0p020__nu0p50__psi0p75,hardzero_plus_depr,0.06,37,70,0.0,2,0.104795665,0.107028365,0.98634064,0.10319517,0.10319517,1.0,0.0022327004,0.021635707,-27.252167,2.1699927,0.7233309,0.192,0.0,0.18670845,1.3599993,1.3799993,227200
hardzero_plus_depr__c0p50__z1p00__lam0p020__nu0p50__psi0p75,hardzero_plus_depr,0.06,37,71,0.0,2,0.107028365,0.1091854,0.99480027,0.101204485,0.101204485,1.0,0.0021570313,0.021313595,-26.551405,2.1886044,0.7295348,0.18400002,0.0,0.17187962,1.3799993,1.3999993,230400
hardzero_plus_depr__c0p50__z1p00__lam0p020__nu0p50__psi0p75,hardzero_plus_depr,0.06,37,72,0.0,2,0.1091854,0.1091854,1.0154451,0.0,0.09650612,0.0,0.0,0.020996276,-27.573975,2.2340238,0.7446746,0.120000005,0.0,0.19125354,1.3999993,1.4199992,233600
hardzero_plus_depr__c0p50__z1p00__lam0p020__nu0p50__psi0p75,hardzero_plus_depr,0.06,37,73,0.0,2,0.1091854,0.1091854,1.0675036,0.0,0.08560446,0.0,0.0,0.020683683,-28.280088,2.3485548,0.78285164,0.192,0.0,0.20529976,1.4199992,1.4399992,236800
hardzero_plus_depr__c0p50__z1p00__lam0p020__nu0p50__psi0p75,hardzero_plus_depr,0.06,37,74,0.0,2,0.1091854,0.11135137,0.97346056,0.10630151,0.10630151,1.0,0.002165972,0.020375742,-26.884054,2.141656,0.7138853,0.17600001,0.0,0.17283034,1.4399992,1.4599992,240000
hardzero_plus_depr__c0p50__z1p00__lam0p020__nu0p50__psi0p75,hardzero_plus_depr,0.06,37,75,0.0,2,0.11135137,0.11135137,1.0442771,0.0,0.0903073,0.0,0.0,0.020072388,-27.906776,2.2974555,0.76581854,0.15200001,0.0,0.19780271,1.4599992,1.4799992,243200
hardzero_plus_depr__c0p50__z1p00__lam0p020__nu0p50__psi0p75,hardzero_plus_depr,0.06,37,76,0.0,2,0.11135137,0.11135137,1.0059445,0.0,0.09864056,0.0,0.0,0.019773548,-27.094275,2.2131221,0.7377074,0.14400001,0.0,0.18566512,1.4799992,1.4999992,246400
hardzero_plus_depr__c0p50__z1p00__lam0p020__nu0p50__psi0p75,hardzero_plus_depr,0.06,37,77,0.0,2,0.11135137,0.113376096,0.9832043,0.10394309,0.10394309,1.0,0.0020247237,0.019479157,-26.432516,2.1630926,0.7210309,0.16800001,0.0,0.17393784,1.4999992,1.5199991,249600
hardzero_plus_depr__c0p50__z1p00__lam0p020__nu0p50__psi0p75,hardzero_plus_depr,0.06,37,78,0.0,2,0.113376096,0.113376096,1.0448257,0.0,0.0901933,0.0,0.0,0.019189153,-27.036407,2.2986624,0.7662208,0.099999994,0.0,0.14651835,1.5199991,1.5399991,252800
hardzero_plus_depr__c0p50__z1p00__lam0p020__nu0p50__psi0p75,hardzero_plus_depr,0.06,37,79,0.0,2,0.113376096,0.113376096,1.0304548,0.0,0.09322776,0.0,0.0,0.018903462,-27.58862,2.2670457,0.75568193,0.216,0.0,0.21631353,1.5399991,1.5599991,256000
hardzero_plus_depr__c0p50__z1p00__lam0p020__nu0p50__psi0p75,hardzero_plus_depr,0.06,37,80,0.0,2,0.113376096,0.1152643,0.9939793,0.10139598,0.10139598,1.0,0.0018881989,0.01862203,-27.363005,2.186798,0.72893274,0.208,0.0,0.19620554,1.5599991,1.5799991,259200
hardzero_plus_depr__c0p50__z1p00__lam0p020__nu0p50__psi0p75,hardzero_plus_depr,0.06,37,81,0.0,2,0.1152643,0.117173515,0.9826567,0.10407425,0.10407425,1.0,0.0019092195,0.018344784,-26.632545,2.161888,0.72062933,0.216,0.0,0.20312986,1.5799991,1.5999991,262400
hardzero_plus_depr__c0p50__z1p00__lam0p020__nu0p50__psi0p75,hardzero_plus_depr,0.06,37,82,0.0,2,0.117173515,0.11911979,0.9677935,0.10769771,0.10769771,1.0,0.0019462769,0.018071664,-26.567785,2.1291883,0.70972943,0.18400002,0.0,0.17287426,1.5999991,1.619999,265600
hardzero_plus_depr__c0p50__z1p00__lam0p020__nu0p50__psi0p75,hardzero_plus_depr,0.06,37,83,0.0,2,0.11911979,0.11911979,1.0062757,0.0,0.098565355,0.0,0.0,0.017802613,-27.311422,2.2138507,0.73795027,0.17600001,0.0,0.17302355,1.619999,1.639999,268800
hardzero_plus_depr__c0p50__z1p00__lam0p020__nu0p50__psi0p75,hardzero_plus_depr,0.06,37,84,0.0,2,0.11911979,0.12090383,0.9925669,0.101726264,0.101726264,1.0,0.001784031,0.017537566,-27.314203,2.1836908,0.7278969,0.16800001,0.0,0.1991605,1.639999,1.659999,272000
hardzero_plus_depr__c0p50__z1p00__lam0p020__nu0p50__psi0p75,hardzero_plus_depr,0.06,37,85,0.0,2,0.12090383,0.12090383,1.0078394,0.0,0.0982111,0.0,0.0,0.017276466,-27.09779,2.217291,0.73909706,0.208,0.0,0.19010694,1.659999,1.679999,275200
hardzero_plus_depr__c0p50__z1p00__lam0p020__nu0p50__psi0p75,hardzero_plus_depr,0.06,37,86,0.0,2,0.12090383,0.12090383,1.070284,0.0,0.08505815,0.0,0.0,0.017019253,-28.220947,2.354672,0.78489065,0.16000001,0.0,0.17224668,1.679999,1.699999,278400
hardzero_plus_depr__c0p50__z1p00__lam0p020__nu0p50__psi0p75,hardzero_plus_depr,0.06,37,87,0.0,2,0.12090383,0.12259513,0.99620414,0.100877844,0.100877844,1.0,0.0016913048,0.01676587,-25.928474,2.1916928,0.7305643,0.16800001,0.0,0.17100377,1.699999,1.719999,281600
hardzero_plus_depr__c0p50__z1p00__lam0p020__nu0p50__psi0p75,hardzero_plus_depr,0.06,37,88,0.0,2,0.12259513,0.12259513,1.0402418,0.0,0.09115031,0.0,0.0,0.016516259,-27.22294,2.2885778,0.7628593,0.16000001,0.0,0.188738,1.719999,1.7399989,284800
hardzero_plus_depr__c0p50__z1p00__lam0p020__nu0p50__psi0p75,hardzero_plus_depr,0.06,37,89,0.0,2,0.12259513,0.124281645,0.98440814,0.103655376,0.103655376,1.0,0.0016865109,0.016270366,-27.099733,2.1657412,0.72191375,0.192,0.0,0.19332765,1.7399989,1.7599989,288000
hardzero_plus_depr__c0p50__z1p00__lam0p020__nu0p50__psi0p75,hardzero_plus_depr,0.06,37,90,0.0,2,0.124281645,0.12589791,0.9963696,0.10083941,0.10083941,1.0,0.0016162673,0.01602813,-27.18707,2.192057,0.73068565,0.2,0.0,0.1988327,1.7599989,1.7799989,291200
hardzero_plus_depr__c0p50__z1p00__lam0p020__nu0p50__psi0p75,hardzero_plus_depr,0.06,37,91,0.0,2,0.12589791,0.12589791,1.015474,0.0,0.0964997,0.0,0.0,0.015789503,-26.677664,2.2340872,0.7446958,0.12,0.0,0.17729296,1.7799989,1.7999989,294400
hardzero_plus_depr__c0p50__z1p00__lam0p020__nu0p50__psi0p75,hardzero_plus_depr,0.06,37,92,0.0,2,0.12589791,0.12761779,0.9563563,0.11057164,0.11057164,1.0,0.0017198786,0.015554428,-25.135715,2.1040258,0.701342,0.17600001,0.0,0.17752546,1.7999989,1.8199989,297600
hardzero_plus_depr__c0p50__z1p00__lam0p020__nu0p50__psi0p75,hardzero_plus_depr,0.06,37,93,0.0,2,0.12761779,0.12761779,1.0181451,0.0,0.09590801,0.0,0.0,0.015322854,-27.449438,2.239964,0.7466547,0.2,0.0,0.17893219,1.8199989,1.8399988,300800
hardzero_plus_depr__c0p50__z1p00__lam0p020__nu0p50__psi0p75,hardzero_plus_depr,0.06,37,94,0.0,2,0.12761779,0.12930378,0.95196956,0.111694165,0.111694165,1.0,0.0016859928,0.015094726,-26.495232,2.094375,0.698125,0.14400001,0.0,0.15756516,1.8399988,1.8599988,304000
hardzero_plus_depr__c0p50__z1p00__lam0p020__nu0p50__psi0p75,hardzero_plus_depr,0.06,37,95,0.0,2,0.12930378,0.12930378,1.0037435,0.0,0.099141724,0.0,0.0,0.0148699945,-26.59188,2.2082798,0.7360933,0.15200001,0.0,0.16686267,1.8599988,1.8799988,307200
hardzero_plus_depr__c0p50__z1p00__lam0p020__nu0p50__psi0p75,hardzero_plus_depr,0.06,37,96,0.0,2,0.12930378,0.12930378,1.0361631,0.0,0.092010394,0.0,0.0,0.01464861,-27.721806,2.2796042,0.7598681,0.136,0.0,0.17967273,1.8799988,1.8999988,310400
hardzero_plus_depr__c0p50__z1p00__lam0p020__nu0p50__psi0p75,hardzero_plus_depr,0.06,37,97,0.0,2,0.12930378,0.12930378,1.0219048,0.0,0.09508131,0.0,0.0,0.01443052,-27.125149,2.2482355,0.7494118,0.080000006,0.0,0.19250262,1.8999988,1.9199988,313600
hardzero_plus_depr__c0p50__z1p00__lam0p020__nu0p50__psi0p75,hardzero_plus_depr,0.06,37,98,0.0,2,0.12930378,0.13074932,0.9927377,0.101686254,0.101686254,1.0,0.0014455391,0.014215678,-26.203346,2.1840665,0.7280222,0.15200001,0.0,0.17598891,1.9199988,1.9399987,316800
hardzero_plus_depr__c0p50__z1p00__lam0p020__nu0p50__psi0p75,hardzero_plus_depr,0.06,37,99,0.0,2,0.13074932,0.13074932,1.0526423,0.0,0.08858448,0.0,0.0,0.014004034,-27.532604,2.3158593,0.7719531,0.104,0.0,0.18599825,1.9399987,1.9599987,320000
hardzero_plus_depr__c0p50__z1p00__lam0p020__nu0p50__psi0p75,hardzero_plus_depr,0.06,37,100,0.0,2,0.13074932,0.13219431,0.9798729,0.10474351,0.10474351,1.0,0.0014449935,0.0137955425,-26.427107,2.1557634,0.7185878,0.24800001,0.0,0.20949951,1.9599987,1.9799987,323200
hardzero_plus_depr__c0p50__z1p00__lam0p020__nu0p50__psi0p75,hardzero_plus_depr,0.06,37,101,0.0,2,0.13219431,0.13219431,1.0005094,0.0,0.09988278,0.0,0.0,0.013590153,-26.761187,2.2011645,0.7337215,0.23200001,0.0,0.16521001,1.9799987,1.9999987,326400
hardzero_plus_depr__c0p50__z1p00__lam0p020__nu0p50__psi0p75,hardzero_plus_depr,0.06,37,102,0.0,2,0.13219431,0.13366371,0.95956933,0.109756604,0.109756604,1.0,0.001469402,0.0133878235,-26.010057,2.1110947,0.7036983,0.18400002,0.0,0.17489436,1.9999987,2.0199988,329600
hardzero_plus_depr__c0p50__z1p00__lam0p020__nu0p50__psi0p75,hardzero_plus_depr,0.06,37,103,0.0,2,0.13366371,0.13366371,1.0004011,0.0,0.09990768,0.0,0.0,0.013188502,-26.742798,2.2009265,0.7336422,0.112,0.0,0.18312606,2.0199988,2.0399988,332800
hardzero_plus_depr__c0p50__z1p00__lam0p020__nu0p50__psi0p75,hardzero_plus_depr,0.06,37,104,0.0,2,0.13366371,0.13366371,1.0322932,0.0,0.09283395,0.0,0.0,0.012992154,-26.423536,2.2710905,0.7570302,0.14,0.0,0.19175369,2.0399988,2.0599988,336000
hardzero_plus_depr__c0p50__z1p00__lam0p020__nu0p50__psi0p75,hardzero_plus_depr,0.06,37,105,0.0,2,0.13366371,0.13505286,0.9644169,0.10853831,0.10853831,1.0,0.0013891517,0.012798723,-25.58224,2.1217597,0.7072532,0.16000001,0.0,0.16754611,2.0599988,2.0799987,339200
hardzero_plus_depr__c0p50__z1p00__lam0p020__nu0p50__psi0p75,hardzero_plus_depr,0.06,37,106,0.0,2,0.13505286,0.13505286,1.0456275,0.0,0.09002695,0.0,0.0,0.012608176,-27.780323,2.3004265,0.76680887,0.136,0.0,0.19918905,2.0799987,2.0999987,342400
hardzero_plus_depr__c0p50__z1p00__lam0p020__nu0p50__psi0p75,hardzero_plus_depr,0.06,37,107,0.0,2,0.13505286,0.13505286,1.006818,0.0,0.09844234,0.0,0.0,0.012420464,-26.314945,2.215044,0.738348,0.2,0.0,0.19253884,2.0999987,2.1199987,345600
hardzero_plus_depr__c0p50__z1p00__lam0p020__nu0p50__psi0p75,hardzero_plus_depr,0.06,37,108,0.0,2,0.13505286,0.13505286,1.0276546,0.0,0.093830794,0.0,0.0,0.012235549,-27.256136,2.2608855,0.7536285,0.192,0.0,0.18540138,2.1199987,2.1399987,348800
hardzero_plus_depr__c0p50__z1p00__lam0p020__nu0p50__psi0p75,hardzero_plus_depr,0.06,37,109,0.0,2,0.13505286,0.13633269,0.97395825,0.10617975,0.10617975,1.0,0.0012798253,0.012053384,-25.964777,2.142751,0.7142503,0.224,0.0,0.18662353,2.1399987,2.1599987,352000
hardzero_plus_depr__c0p50__z1p00__lam0p020__nu0p50__psi0p75,hardzero_plus_depr,0.06,37,110,0.0,2,0.13633269,0.13633269,1.0477548,0.0,0.089587055,0.0,0.0,0.011873934,-28.641764,2.3051066,0.7683689,0.224,0.0,0.20230569,2.1599987,2.1799986,355200
hardzero_plus_depr__c0p50__z1p00__lam0p020__nu0p50__psi0p75,hardzero_plus_depr,0.06,37,111,0.0,2,0.13633269,0.13760608,0.96311986,0.10886296,0.10886296,1.0,0.0012733868,0.011697154,-26.793133,2.118906,0.70630205,0.18400002,0.0,0.17766732,2.1799986,2.1999986,358400
hardzero_plus_depr__c0p50__z1p00__lam0p020__nu0p50__psi0p75,hardzero_plus_depr,0.06,37,112,0.0,2,0.13760608,0.13760608,1.0467002,0.0,0.08980484,0.0,0.0,0.011523007,-29.374506,2.3027866,0.7675955,0.104,0.0,0.19631661,2.1999986,2.2199986,361600
hardzero_plus_depr__c0p50__z1p00__lam0p020__nu0p50__psi0p75,hardzero_plus_depr,0.06,37,113,0.0,2,0.13760608,0.13760608,1.0397375,0.0,0.09125623,0.0,0.0,0.011351449,-28.066757,2.2874682,0.76248944,0.136,0.0,0.17997168,2.2199986,2.2399986,364800
hardzero_plus_depr__c0p50__z1p00__lam0p020__nu0p50__psi0p75,hardzero_plus_depr,0.06,37,114,0.0,2,0.13760608,0.13874927,0.99041736,0.10223101,0.10223101,1.0,0.0011431932,0.011182451,-26.390059,2.1789618,0.7263206,0.096,0.0,0.16596188,2.2399986,2.2599986,368000
hardzero_plus_depr__c0p50__z1p00__lam0p020__nu0p50__psi0p75,hardzero_plus_depr,0.06,37,115,0.0,2,0.13874927,0.13874927,1.0174959,0.0,0.096051484,0.0,0.0,0.011015966,-27.716885,2.2385356,0.74617857,0.15200001,0.0,0.16480856,2.2599986,2.2799985,371200
hardzero_plus_depr__c0p50__z1p00__lam0p020__nu0p50__psi0p75,hardzero_plus_depr,0.06,37,116,0.0,2,0.13874927,0.13874927,1.0018712,0.0,0.09957005,0.0,0.0,0.01085196,-26.937752,2.2041607,0.73472023,0.128,0.0,0.18076867,2.2799985,2.2999985,374400
hardzero_plus_depr__c0p50__z1p00__lam0p020__nu0p50__psi0p75,hardzero_plus_depr,0.06,37,117,0.0,2,0.13874927,0.13874927,1.0049673,0.0,0.09886275,0.0,0.0,0.010690395,-27.30197,2.2109723,0.7369908,0.19999999,0.0,0.18496472,2.2999985,2.3199985,377600
hardzero_plus_depr__c0p50__z1p00__lam0p020__nu0p50__psi0p75,hardzero_plus_depr,0.06,37,118,0.0,2,0.13874927,0.1399199,0.95405895,0.11115809,0.11115809,1.0,0.001170632,0.0105312355,-25.62988,2.0989716,0.6996572,0.18400002,0.0,0.16974635,2.3199985,2.3399985,380800
hardzero_plus_depr__c0p50__z1p00__lam0p020__nu0p50__psi0p75,hardzero_plus_depr,0.06,37,119,0.0,2,0.1399199,0.1399199,1.0221266,0.0,0.09503277,0.0,0.0,0.0103744455,-27.91644,2.2487233,0.7495744,0.14400001,0.0,0.16306181,2.3399985,2.3599985,384000
hardzero_plus_depr__c0p50__z1p00__lam0p020__nu0p50__psi0p75,hardzero_plus_depr,0.06,37,120,0.0,2,0.1399199,0.14094889,0.9970428,0.10068324,0.10068324,1.0,0.001028982,0.010219992,-26.382458,2.193538,0.73117936,0.120000005,0.0,0.17175266,2.3599985,2.3799984,387200
hardzero_plus_depr__c0p50__z1p00__lam0p020__nu0p50__psi0p75,hardzero_plus_depr,0.06,37,121,0.0,2,0.14094889,0.14197475,0.9918488,0.101894595,0.101894595,1.0,0.0010258579,0.010067834,-26.517443,2.182111,0.7273704,0.224,0.0,0.17292663,2.3799984,2.3999984,390400
hardzero_plus_depr__c0p50__z1p00__lam0p020__nu0p50__psi0p75,hardzero_plus_depr,0.06,37,122,0.0,2,0.14197475,0.14303039,0.9729057,0.106437415,0.106437415,1.0,0.0010556405,0.009917946,-26.827915,2.1404352,0.71347845,0.192,0.0,0.18430097,2.3999984,2.4199984,393600
hardzero_plus_depr__c0p50__z1p00__lam0p020__nu0p50__psi0p75,hardzero_plus_depr,0.06,37,123,0.0,2,0.14303039,0.14303039,1.0752673,0.0,0.084087744,0.0,0.0,0.009770286,-27.599825,2.3656354,0.78854513,0.112,0.0,0.1817456,2.4199984,2.4399984,396800
hardzero_plus_depr__c0p50__z1p00__lam0p020__nu0p50__psi0p75,hardzero_plus_depr,0.06,37,124,0.0,2,0.14303039,0.1440625,0.96966577,0.107234426,0.107234426,1.0,0.0010321126,0.009624826,-27.010633,2.1333072,0.7111024,0.192,0.0,0.18564726,2.4399984,2.4599984,400000
hardzero_plus_depr__c0p50__z1p00__lam0p020__nu0p50__psi0p75,hardzero_plus_depr,0.06,37,125,0.0,2,0.1440625,0.14510246,0.95986724,0.109681346,0.109681346,1.0,0.0010399469,0.00948153,-26.129765,2.1117501,0.7039167,0.16800001,0.0,0.16026421,2.4599984,2.4799984,403200
hardzero_plus_depr__c0p50__z1p00__lam0p020__nu0p50__psi0p75,hardzero_plus_depr,0.06,37,126,0.0,2,0.14510246,0.14612128,0.96226287,0.109077975,0.109077975,1.0,0.0010188286,0.009340369,-27.017492,2.1170206,0.7056736,0.16000001,0.0,0.17545073,2.4799984,2.4999983,406400
hardzero_plus_depr__c0p50__z1p00__lam0p020__nu0p50__psi0p75,hardzero_plus_depr,0.06,37,127,0.0,2,0.14612128,0.14612128,1.0350127,0.0,0.09225443,0.0,0.0,0.009201309,-27.478292,2.2770734,0.7590245,0.136,0.0,0.19906694,2.4999983,2.5199983,409600
hardzero_plus_depr__c0p50__z1p00__lam0p020__nu0p50__psi0p75,hardzero_plus_depr,0.06,37,128,0.0,2,0.14612128,0.14707561,0.9776385,0.10528379,0.10528379,1.0,0.000954326,0.0090643205,-26.689552,2.1508477,0.7169492,0.15200001,0.0,0.15497115,2.5199983,2.5399983,412800
hardzero_plus_depr__c0p50__z1p00__lam0p020__nu0p50__psi0p75,hardzero_plus_depr,0.06,37,129,0.0,2,0.14707561,0.14707561,1.0849279,0.0,0.08223791,0.0,0.0,0.008929369,-28.349514,2.386889,0.7956297,0.15200001,0.0,0.19716156,2.5399983,2.5599983,416000
hardzero_plus_depr__c0p50__z1p00__lam0p020__nu0p50__psi0p75,hardzero_plus_depr,0.06,37,130,0.0,2,0.14707561,0.14798035,0.98778343,0.102852896,0.102852896,1.0,0.0009047382,0.008796429,-26.162992,2.173167,0.724389,0.14,0.0,0.18709703,2.5599983,2.5799983,419200
hardzero_plus_depr__c0p50__z1p00__lam0p020__nu0p50__psi0p75,hardzero_plus_depr,0.06,37,131,0.0,2,0.14798035,0.14798035,1.0349375,0.0,0.09227043,0.0,0.0,0.008665467,-27.003105,2.276908,0.7589693,0.14400001,0.0,0.16641204,2.5799983,2.5999982,422400
hardzero_plus_depr__c0p50__z1p00__lam0p020__nu0p50__psi0p75,hardzero_plus_depr,0.06,37,132,0.0,2,0.14798035,0.14798035,1.0459362,0.0,0.089962974,0.0,0.0,0.008536455,-27.435364,2.3011057,0.76703525,0.120000005,0.0,0.19877544,2.5999982,2.6199982,425600
hardzero_plus_depr__c0p50__z1p00__lam0p020__nu0p50__psi0p75,hardzero_plus_depr,0.06,37,133,0.0,2,0.14798035,0.14798035,1.0144742,0.0,0.09672212,0.0,0.0,0.008409364,-27.656271,2.2318876,0.7439625,0.24000001,0.0,0.2049093,2.6199982,2.6399982,428800
hardzero_plus_depr__c0p50__z1p00__lam0p020__nu0p50__psi0p75,hardzero_plus_depr,0.06,37,134,0.0,2,0.14798035,0.14881346,0.9975469,0.10056643,0.10056643,1.0,0.00083310896,0.0082841655,-26.458202,2.194647,0.731549,0.192,0.0,0.17878576,2.6399982,2.6599982,432000
hardzero_plus_depr__c0p50__z1p00__lam0p020__nu0p50__psi0p75,hardzero_plus_depr,0.06,37,135,0.0,2,0.14881346,0.14964396,0.99239296,0.10176702,0.10176702,1.0,0.0008305033,0.00816083,-26.685497,2.1833081,0.7277694,0.120000005,0.0,0.17768967,2.6599982,2.6799982,435200
hardzero_plus_depr__c0p50__z1p00__lam0p020__nu0p50__psi0p75,hardzero_plus_depr,0.06,37,136,0.0,2,0.14964396,0.14964396,1.012238,0.0,0.09722142,0.0,0.0,0.008039332,-27.505243,2.226968,0.7423227,0.128,0.0,0.20580985,2.6799982,2.6999981,438400
hardzero_plus_depr__c0p50__z1p00__lam0p020__nu0p50__psi0p75,hardzero_plus_depr,0.06,37,137,0.0,2,0.14964396,0.15046549,0.9840828,0.103733055,0.103733055,1.0,0.0008215285,0.00791964,-27.284588,2.1650255,0.72167516,0.192,0.008,0.19501871,2.6999981,2.7199981,441600
hardzero_plus_depr__c0p50__z1p00__lam0p020__nu0p50__psi0p75,hardzero_plus_depr,0.06,37,138,0.0,2,0.15046549,0.1512656,0.98904085,0.10255555,0.10255555,1.0,0.0008001111,0.007801734,-26.41523,2.1759334,0.72531116,0.136,0.0,0.19130662,2.7199981,2.739998,444800
hardzero_plus_depr__c0p50__z1p00__lam0p020__nu0p50__psi0p75,hardzero_plus_depr,0.06,37,139,0.0,2,0.1512656,0.15205997,0.98565704,0.10335774,0.10335774,1.0,0.00079436426,0.0076855808,-26.86638,2.1684887,0.7228296,0.18400002,0.0,0.17255771,2.739998,2.759998,448000
hardzero_plus_depr__c0p50__z1p00__lam0p020__nu0p50__psi0p75,hardzero_plus_depr,0.06,37,140,0.0,2,0.15205997,0.15205997,1.0569564,0.0,0.08770889,0.0,0.0,0.007571158,-27.641363,2.3253505,0.77511686,0.120000005,0.0,0.19074115,2.759998,2.779998,451200
hardzero_plus_depr__c0p50__z1p00__lam0p020__nu0p50__psi0p75,hardzero_plus_depr,0.06,37,141,0.0,2,0.15205997,0.152806,0.9998942,0.10002437,0.10002437,1.0,0.00074602553,0.0074584372,-26.698557,2.1998112,0.7332704,0.15200001,0.0,0.18950386,2.779998,2.799998,454400
hardzero_plus_depr__c0p50__z1p00__lam0p020__nu0p50__psi0p75,hardzero_plus_depr,0.06,37,142,0.0,2,0.152806,0.152806,1.0262573,0.0,0.094133176,0.0,0.0,0.0073473966,-27.544947,2.257811,0.7526037,0.16800001,0.0,0.20696539,2.799998,2.819998,457600
hardzero_plus_depr__c0p50__z1p00__lam0p020__nu0p50__psi0p75,hardzero_plus_depr,0.06,37,143,0.0,2,0.152806,0.15355365,0.9859169,0.1032959,0.1032959,1.0,0.0007476565,0.0072380076,-27.194221,2.1690605,0.7230202,0.16,0.0,0.15930773,2.819998,2.839998,460800
hardzero_plus_depr__c0p50__z1p00__lam0p020__nu0p50__psi0p75,hardzero_plus_depr,0.06,37,144,0.0,2,0.15355365,0.154298,0.98132765,0.10439324,0.10439324,1.0,0.00074434973,0.0071302485,-27.3043,2.158964,0.7196547,0.18400002,0.0,0.16826226,2.839998,2.859998,464000
hardzero_plus_depr__c0p50__z1p00__lam0p020__nu0p50__psi0p75,hardzero_plus_depr,0.06,37,145,0.0,2,0.154298,0.15505417,0.9679701,0.107653946,0.107653946,1.0,0.00075617124,0.007024092,-26.266823,2.1295767,0.7098589,0.08800001,0.0,0.1563796,2.859998,2.879998,467200
hardzero_plus_depr__c0p50__z1p00__lam0p020__nu0p50__psi0p75,hardzero_plus_depr,0.06,37,146,0.0,2,0.15505417,0.1558089,0.96228284,0.10907298,0.10907298,1.0,0.00075473246,0.006919518,-27.02671,2.1170645,0.7056882,0.14400001,0.0,0.19024643,2.879998,2.899998,470400
hardzero_plus_depr__c0p50__z1p00__lam0p020__nu0p50__psi0p75,hardzero_plus_depr,0.06,37,147,0.0,2,0.1558089,0.1565734,0.95018536,0.11215396,0.11215396,1.0,0.00076449744,0.0068164994,-26.213676,2.0904496,0.69681656,0.23200001,0.008,0.17347747,2.899998,2.919998,473600
hardzero_plus_depr__c0p50__z1p00__lam0p020__nu0p50__psi0p75,hardzero_plus_depr,0.06,37,148,0.0,2,0.1565734,0.157253,0.99479717,0.10120521,0.10120521,1.0,0.0006795945,0.0067150155,-26.932169,2.1885974,0.7295325,0.192,0.0,0.19188479,2.919998,2.939998,476800
hardzero_plus_depr__c0p50__z1p00__lam0p020__nu0p50__psi0p75,hardzero_plus_depr,0.06,37,149,0.0,2,0.157253,0.157253,1.0538725,0.0,0.08833393,0.0,0.0,0.0066150413,-28.052292,2.3185658,0.7728553,0.2,0.0,0.18873383,2.939998,2.959998,480000
hardzero_plus_depr__c0p50__z1p00__lam0p020__nu0p50__psi0p75,hardzero_plus_depr,0.06,37,150,0.0,2,0.157253,0.157253,1.0315866,0.0,0.092985086,0.0,0.0,0.0065165567,-27.16049,2.269536,0.75651205,0.16000001,0.0,0.18308167,2.959998,2.9799979,483200
hardzero_plus_depr__c0p50__z1p00__lam0p020__nu0p50__psi0p75,hardzero_plus_depr,0.06,37,151,0.0,2,0.157253,0.157253,1.0412369,0.0,0.09094171,0.0,0.0,0.006419537,-27.486498,2.290767,0.763589,0.112,0.0,0.1817427,2.9799979,2.9999979,486400
hardzero_plus_depr__c0p50__z1p00__lam0p020__nu0p50__psi0p75,hardzero_plus_depr,0.06,37,152,0.0,2,0.157253,0.157253,1.0125797,0.0,0.097144976,0.0,0.0,0.006323964,-27.351597,2.2277198,0.74257326,0.208,0.0,0.18237217,2.9999979,3.0199978,489600
hardzero_plus_depr__c0p50__z1p00__lam0p020__nu0p50__psi0p75,hardzero_plus_depr,0.06,37,153,0.0,2,0.157253,0.157253,1.0106088,0.0,0.09758682,0.0,0.0,0.006229812,-26.579361,2.2233837,0.7411279,0.120000005,0.0,0.19416308,3.0199978,3.0399978,492800
hardzero_plus_depr__c0p50__z1p00__lam0p020__nu0p50__psi0p75,hardzero_plus_depr,0.06,37,154,0.0,2,0.157253,0.157253,1.0086699,0.0,0.09802349,0.0,0.0,0.006137063,-27.188677,2.2191179,0.739706,0.15200001,0.0,0.17728959,3.0399978,3.0599978,496000
hardzero_plus_depr__c0p50__z1p00__lam0p020__nu0p50__psi0p75,hardzero_plus_depr,0.06,37,155,0.0,2,0.157253,0.15790376,0.9680221,0.10764103,0.10764103,1.0,0.0006507646,0.006045693,-26.182182,2.1296911,0.70989704,0.18400002,0.0,0.15445922,3.0599978,3.0799978,499200
hardzero_plus_depr__c0p50__z1p00__lam0p020__nu0p50__psi0p75,hardzero_plus_depr,0.06,37,156,0.0,2,0.15790376,0.15853803,0.97265416,0.10649907,0.10649907,1.0,0.00063427497,0.0059556854,-26.471798,2.1398818,0.71329397,0.17,0.0,0.14823215,3.0799978,3.0999978,502400
hardzero_plus_depr__c0p50__z1p00__lam0p020__nu0p50__psi0p75,hardzero_plus_depr,0.06,37,157,0.0,2,0.15853803,0.15853803,1.0484697,0.0,0.089439705,0.0,0.0,0.005867016,-27.41181,2.3066792,0.7688931,0.136,0.0,0.18298681,3.0999978,3.1199977,505600
hardzero_plus_depr__c0p50__z1p00__lam0p020__nu0p50__psi0p75,hardzero_plus_depr,0.06,37,158,0.0,2,0.15853803,0.15853803,1.0177498,0.0,0.095995344,0.0,0.0,0.005779668,-27.611258,2.2390943,0.7463648,0.16000001,0.0,0.1781598,3.1199977,3.1399977,508800
hardzero_plus_depr__c0p50__z1p00__lam0p020__nu0p50__psi0p75,hardzero_plus_depr,0.06,37,159,0.0,2,0.15853803,0.15853803,1.0191404,0.0,0.09568847,0.0,0.0,0.0056936196,-27.53286,2.2421536,0.74738455,0.2,0.0,0.17296885,3.1399977,3.1599977,512000
hardzero_plus_depr__c0p50__z1p00__lam0p020__nu0p50__psi0p75,hardzero_plus_depr,0.06,37,160,0.0,2,0.15853803,0.15912935,0.9770539,0.10542561,0.10542561,1.0,0.0005913168,0.0056088534,-26.971914,2.1495614,0.7165205,0.18400002,0.0,0.18391764,3.1599977,3.1799977,515200
hardzero_plus_depr__c0p50__z1p00__lam0p020__nu0p50__psi0p75,hardzero_plus_depr,0.06,37,161,0.0,2,0.15912935,0.15912935,1.0693681,0.0,0.085237734,0.0,0.0,0.005525348,-28.23732,2.3526568,0.78421897,0.14400001,0.0,0.19051023,3.1799977,3.1999977,518400
hardzero_plus_depr__c0p50__z1p00__lam0p020__nu0p50__psi0p75,hardzero_plus_depr,0.06,37,162,0.0,2,0.15912935,0.15970054,0.9790624,0.104939155,0.104939155,1.0,0.000571193,0.0054430873,-26.578857,2.1539803,0.71799344,0.2,0.0,0.14944038,3.1999977,3.2199976,521600
hardzero_plus_depr__c0p50__z1p00__lam0p020__nu0p50__psi0p75,hardzero_plus_depr,0.06,37,163,0.0,2,0.15970054,0.16024601,0.99255246,0.10172963,0.10172963,1.0,0.00054547936,0.0053620497,-27.003529,2.183659,0.7278864,0.112,0.0,0.18738206,3.2199976,3.2399976,524800
hardzero_plus_depr__c0p50__z1p00__lam0p020__nu0p50__psi0p75,hardzero_plus_depr,0.06,37,164,0.0,2,0.16024601,0.16077481,0.9995259,0.10010923,0.10010923,1.0,0.0005287989,0.0052822195,-27.824831,2.1990008,0.7330003,0.16800001,0.0,0.20850058,3.2399976,3.2599976,528000
hardzero_plus_depr__c0p50__z1p00__lam0p020__nu0p50__psi0p75,hardzero_plus_depr,0.06,37,165,0.0,2,0.16077481,0.16130579,0.9912272,0.10204054,0.10204054,1.0,0.0005309758,0.005203577,-27.144295,2.1807435,0.7269145,0.208,0.0,0.17368537,3.2599976,3.2799976,531200
hardzero_plus_depr__c0p50__z1p00__lam0p020__nu0p50__psi0p75,hardzero_plus_depr,0.06,37,166,0.0,2,0.16130579,0.16182207,0.99690753,0.1007146,0.1007146,1.0,0.0005162738,0.0051261066,-26.942066,2.1932404,0.7310802,0.16000001,0.008,0.1890619,3.2799976,3.2999976,534400
hardzero_plus_depr__c0p50__z1p00__lam0p020__nu0p50__psi0p75,hardzero_plus_depr,0.06,37,167,0.0,2,0.16182207,0.16182207,1.0060989,0.0,0.0986055,0.0,0.0,0.005049788,-27.120745,2.2134616,0.73782057,0.192,0.0,0.19837044,3.2999976,3.3199975,537600
hardzero_plus_depr__c0p50__z1p00__lam0p020__nu0p50__psi0p75,hardzero_plus_depr,0.06,37,168,0.0,2,0.16182207,0.16182207,1.0057786,0.0,0.098678246,0.0,0.0,0.0049746074,-27.250822,2.212757,0.7375857,0.104,0.0,0.17501204,3.3199975,3.3399975,540800
hardzero_plus_depr__c0p50__z1p00__lam0p020__nu0p50__psi0p75,hardzero_plus_depr,0.06,37,169,0.0,2,0.16182207,0.16182207,1.0375268,0.0,0.091721915,0.0,0.0,0.0049005444,-26.960697,2.2826047,0.76086825,0.19,0.0,0.16212869,3.3399975,3.3599975,544000
hardzero_plus_depr__c0p50__z1p00__lam0p020__nu0p50__psi0p75,hardzero_plus_depr,0.06,37,170,0.0,2,0.16182207,0.16182207,1.0027052,0.0,0.09937904,0.0,0.0,0.004827586,-26.980228,2.2059956,0.7353319,0.17600001,0.0,0.19112471,3.3599975,3.3799975,547200
hardzero_plus_depr__c0p50__z1p00__lam0p020__nu0p50__psi0p75,hardzero_plus_depr,0.06,37,171,0.0,2,0.16182207,0.16182207,1.0957197,0.0,0.08021956,0.0,0.0,0.004755712,-28.647005,2.4106314,0.8035438,0.120000005,0.0,0.18607737,3.3799975,3.3999975,550400
hardzero_plus_depr__c0p50__z1p00__lam0p020__nu0p50__psi0p75,hardzero_plus_depr,0.06,37,172,0.0,2,0.16182207,0.16231082,0.98161364,0.10432451,0.10432451,1.0,0.0004887508,0.004684909,-26.609447,2.159593,0.71986437,0.18400002,0.0,0.1888992,3.3999975,3.4199975,553600
hardzero_plus_depr__c0p50__z1p00__lam0p020__nu0p50__psi0p75,hardzero_plus_depr,0.06,37,173,0.0,2,0.16231082,0.16231082,1.0282086,0.0,0.09371116,0.0,0.0,0.0046151592,-27.806553,2.262104,0.7540347,0.18400002,0.0,0.19392474,3.4199975,3.4399974,556800
hardzero_plus_depr__c0p50__z1p00__lam0p020__nu0p50__psi0p75,hardzero_plus_depr,0.06,37,174,0.0,2,0.16231082,0.16231082,1.0182552,0.0,0.095883705,0.0,0.0,0.0045464486,-27.406685,2.2402062,0.74673545,0.136,0.0,0.16069524,3.4399974,3.4599974,560000
hardzero_plus_depr__c0p50__z1p00__lam0p020__nu0p50__psi0p75,hardzero_plus_depr,0.06,37,175,0.0,2,0.16231082,0.16231082,1.0054942,0.0,0.098742865,0.0,0.0,0.0044787605,-27.076628,2.2121315,0.73737717,0.2,0.0,0.17873225,3.4599974,3.4799974,563200
hardzero_plus_depr__c0p50__z1p00__lam0p020__nu0p50__psi0p75,hardzero_plus_depr,0.06,37,176,0.0,2,0.16231082,0.16279987,0.9553001,0.11084086,0.11084086,1.0,0.0004890389,0.0044120816,-26.828314,2.1017022,0.7005674,0.256,0.0,0.18157503,3.4799974,3.4999974,566400
hardzero_plus_depr__c0p50__z1p00__lam0p020__nu0p50__psi0p75,hardzero_plus_depr,0.06,37,177,0.0,2,0.16279987,0.16279987,1.0332375,0.0,0.09263231,0.0,0.0,0.0043463935,-27.536345,2.2731678,0.7577226,0.15200001,0.0,0.1642028,3.4999974,3.5199974,569600
hardzero_plus_depr__c0p50__z1p00__lam0p020__nu0p50__psi0p75,hardzero_plus_depr,0.06,37,178,0.0,2,0.16279987,0.16279987,1.0569328,0.0,0.08771366,0.0,0.0,0.0042816848,-28.876284,2.3252985,0.7750995,0.16000001,0.0,0.21730609,3.5199974,3.5399973,572800
hardzero_plus_depr__c0p50__z1p00__lam0p020__nu0p50__psi0p75,hardzero_plus_depr,0.06,37,179,0.0,2,0.16279987,0.16279987,1.0083042,0.0,0.09810604,0.0,0.0,0.0042179385,-26.71326,2.2183137,0.73943794,0.096,0.0,0.17632483,3.5399973,3.5599973,576000
hardzero_plus_depr__c0p50__z1p00__lam0p020__nu0p50__psi0p75,hardzero_plus_depr,0.06,37,180,0.0,2,0.16279987,0.16279987,1.0027946,0.0,0.09935857,0.0,0.0,0.0041551418,-26.66818,2.2061923,0.73539746,0.16000001,0.0,0.16940293,3.5599973,3.5799973,579200
hardzero_plus_depr__c0p50__z1p00__lam0p020__nu0p50__psi0p75,hardzero_plus_depr,0.06,37,181,0.0,2,0.16279987,0.16279987,1.0061907,0.0,0.09858465,0.0,0.0,0.0040932796,-26.516394,2.2136636,0.73788786,0.16000001,0.0,0.17305157,3.5799973,3.5999973,582400
hardzero_plus_depr__c0p50__z1p00__lam0p020__nu0p50__psi0p75,hardzero_plus_depr,0.06,37,182,0.0,2,0.16279987,0.16279987,1.0011196,0.0,0.099742524,0.0,0.0,0.004032339,-25.716627,2.2025073,0.7341691,0.13,0.0,0.15879807,3.5999973,3.6199973,585600
hardzero_plus_depr__c0p50__z1p00__lam0p020__nu0p50__psi0p75,hardzero_plus_depr,0.06,37,183,0.0,2,0.16279987,0.16279987,1.0400976,0.0,0.09118059,0.0,0.0,0.003972305,-27.525658,2.2882605,0.7627535,0.15200001,0.0,0.17222886,3.6199973,3.6399972,588800
hardzero_plus_depr__c0p50__z1p00__lam0p020__nu0p50__psi0p75,hardzero_plus_depr,0.06,37,184,0.0,2,0.16279987,0.16279987,1.0184829,0.0,0.09583344,0.0,0.0,0.003913166,-27.408123,2.2407072,0.7469024,0.104,0.0,0.19265427,3.6399972,3.6599972,592000
hardzero_plus_depr__c0p50__z1p00__lam0p020__nu0p50__psi0p75,hardzero_plus_depr,0.06,37,185,0.0,2,0.16279987,0.16319816,0.9858139,0.103320405,0.103320405,1.0,0.0003982904,0.0038549055,-26.258915,2.168834,0.7229447,0.16800001,0.0,0.16730717,3.6599972,3.6799972,595200
hardzero_plus_depr__c0p50__z1p00__lam0p020__nu0p50__psi0p75,hardzero_plus_depr,0.06,37,186,0.0,2,0.16319816,0.16319816,1.0284555,0.0,0.09365791,0.0,0.0,0.003797514,-27.616385,2.2626472,0.7542157,0.15200001,0.0,0.18255197,3.6799972,3.6999972,598400
hardzero_plus_depr__c0p50__z1p00__lam0p020__nu0p50__psi0p75,hardzero_plus_depr,0.06,37,187,0.0,2,0.16319816,0.16357647,0.99512875,0.10112795,0.10112795,1.0,0.0003783173,0.0037409763,-27.349318,2.189327,0.72977567,0.2,0.0,0.18794937,3.6999972,3.7199972,601600
hardzero_plus_depr__c0p50__z1p00__lam0p020__nu0p50__psi0p75,hardzero_plus_depr,0.06,37,188,0.0,2,0.16357647,0.16397676,0.96410257,0.1086169,0.1086169,1.0,0.00040028378,0.0036852807,-26.447706,2.121068,0.70702267,0.23200001,0.0,0.168774,3.7199972,3.7399971,604800
hardzero_plus_depr__c0p50__z1p00__lam0p020__nu0p50__psi0p75,hardzero_plus_depr,0.06,37,189,0.0,2,0.16397676,0.16397676,1.0325085,0.0,0.09278792,0.0,0.0,0.003630414,-27.226753,2.271564,0.757188,0.2,0.008,0.20851395,3.7399971,3.7599971,608000
hardzero_plus_depr__c0p50__z1p00__lam0p020__nu0p50__psi0p75,hardzero_plus_depr,0.06,37,190,0.0,2,0.16397676,0.16397676,1.0614419,0.0,0.08680767,0.0,0.0,0.0035763644,-27.650778,2.335219,0.7784063,0.136,0.0,0.19796926,3.7599971,3.779997,611200
hardzero_plus_depr__c0p50__z1p00__lam0p020__nu0p50__psi0p75,hardzero_plus_depr,0.06,37,191,0.0,2,0.16397676,0.16433568,0.99192977,0.1018756,0.1018756,1.0,0.00035891985,0.0035231188,-25.924488,2.1822891,0.72742975,0.224,0.0,0.17853901,3.779997,3.799997,614400
hardzero_plus_depr__c0p50__z1p00__lam0p020__nu0p50__psi0p75,hardzero_plus_depr,0.06,37,192,0.0,2,0.16433568,0.16433568,1.0170954,0.0,0.0961401,0.0,0.0,0.0034706672,-27.262653,2.2376547,0.7458849,0.136,0.0,0.17133935,3.799997,3.819997,617600
hardzero_plus_depr__c0p50__z1p00__lam0p020__nu0p50__psi0p75,hardzero_plus_depr,0.06,37,193,0.0,2,0.16433568,0.16433568,1.0066162,0.0,0.0984881,0.0,0.0,0.0034189953,-27.0369,2.2145998,0.73819995,0.14400001,0.0,0.2025824,3.819997,3.839997,620800
hardzero_plus_depr__c0p50__z1p00__lam0p020__nu0p50__psi0p75,hardzero_plus_depr,0.06,37,194,0.0,2,0.16433568,0.16433568,1.0044391,0.0,0.09898306,0.0,0.0,0.0033680934,-27.221207,2.2098103,0.73660344,0.136,0.0,0.19890295,3.839997,3.859997,624000
hardzero_plus_depr__c0p50__z1p00__lam0p020__nu0p50__psi0p75,hardzero_plus_depr,0.06,37,195,0.0,2,0.16433568,0.16433568,1.0385293,0.0,0.09151045,0.0,0.0,0.0033179487,-27.720747,2.28481,0.76160336,0.16,0.0,0.19014904,3.859997,3.879997,627200
hardzero_plus_depr__c0p50__z1p00__lam0p020__nu0p50__psi0p75,hardzero_plus_depr,0.06,37,196,0.0,2,0.16433568,0.16467106,0.9888211,0.10260745,0.10260745,1.0,0.00033537773,0.0032685513,-26.94318,2.1754498,0.72515,0.136,0.0,0.16614835,3.879997,3.899997,630400
hardzero_plus_depr__c0p50__z1p00__lam0p020__nu0p50__psi0p75,hardzero_plus_depr,0.06,37,197,0.0,2,0.16467106,0.16499971,0.991115,0.10206691,0.10206691,1.0,0.0003286441,0.0032198885,-26.865082,2.1804965,0.72683215,0.128,0.0,0.18020025,3.899997,3.919997,633600
hardzero_plus_depr__c0p50__z1p00__lam0p020__nu0p50__psi0p75,hardzero_plus_depr,0.06,37,198,0.0,2,0.16499971,0.16499971,1.0379015,0.0,0.09164283,0.0,0.0,0.0031719513,-26.963076,2.283429,0.76114297,0.17600001,0.008,0.20174901,3.919997,3.939997,636800
hardzero_plus_depr__c0p50__z1p00__lam0p020__nu0p50__psi0p75,hardzero_plus_depr,0.06,37,199,0.0,2,0.16499971,0.16499971,1.0255995,0.0,0.09427586,0.0,0.0,0.0031247265,-28.155136,2.2563639,0.7521213,0.136,0.0,0.19383216,3.939997,3.959997,640000
hardzero_plus_depr__c0p50__z1p00__lam0p020__nu0p50__psi0p75,hardzero_plus_depr,0.06,37,200,0.0,2,0.16499971,0.16499971,1.0196853,0.0,0.09556849,0.0,0.0,0.0030782057,-27.051775,2.2433524,0.74778414,0.15200001,0.0,0.19491297,3.959997,3.979997,643200
hardzero_plus_depr__c0p50__z1p00__lam0p020__nu0p50__psi0p75,hardzero_plus_depr,0.06,37,201,0.0,2,0.16499971,0.16499971,1.0228288,0.0,0.094879225,0.0,0.0,0.0030323772,-27.096794,2.2502685,0.7500895,0.15200001,0.0,0.17839226,3.979997,3.999997,646400
hardzero_plus_depr__c0p50__z1p00__lam0p020__nu0p50__psi0p75,hardzero_plus_depr,0.06,37,202,0.0,2,0.16499971,0.16499971,1.0295184,0.0,0.09342898,0.0,0.0,0.0029872311,-27.063324,2.2649856,0.7549952,0.14400001,0.0,0.18006268,3.999997,4.019997,649600
hardzero_plus_depr__c0p50__z1p00__lam0p020__nu0p50__psi0p75,hardzero_plus_depr,0.06,37,203,0.0,2,0.16499971,0.16529422,0.999669,0.10007625,0.10007625,1.0,0.0002945,0.002942756,-27.396336,2.1993158,0.7331053,0.23200001,0.0,0.18002814,4.019997,4.039997,652800
hardzero_plus_depr__c0p50__z1p00__lam0p020__nu0p50__psi0p75,hardzero_plus_depr,0.06,37,204,0.0,2,0.16529422,0.16560721,0.9667017,0.10796882,0.10796882,1.0,0.0003129956,0.0028989443,-26.51331,2.1267862,0.70892876,0.16800001,0.0,0.16753772,4.039997,4.059997,656000
hardzero_plus_depr__c0p50__z1p00__lam0p020__nu0p50__psi0p75,hardzero_plus_depr,0.06,37,205,0.0,2,0.16560721,0.165919,0.9618591,0.109179445,0.109179445,1.0,0.00031179303,0.0028557852,-26.097612,2.1161323,0.70537746,0.216,0.0,0.17997368,4.059997,4.079997,659200
hardzero_plus_depr__c0p50__z1p00__lam0p020__nu0p50__psi0p75,hardzero_plus_depr,0.06,37,206,0.0,2,0.165919,0.165919,1.0243464,0.0,0.09454828,0.0,0.0,0.002813268,-26.969088,2.253607,0.75120234,0.120000005,0.0,0.17041565,4.079997,4.099997,662400
hardzero_plus_depr__c0p50__z1p00__lam0p020__nu0p50__psi0p75,hardzero_plus_depr,0.06,37,207,0.0,2,0.165919,0.166215,0.9714091,0.10680484,0.10680484,1.0,0.00029599713,0.0027713832,-26.108488,2.1371427,0.7123809,0.17600001,0.0,0.16906998,4.099997,4.119997,665600
hardzero_plus_depr__c0p50__z1p00__lam0p020__nu0p50__psi0p75,hardzero_plus_depr,0.06,37,208,0.0,2,0.166215,0.166215,1.0784055,0.0,0.08348231,0.0,0.0,0.0027301232,-29.05074,2.3725395,0.7908465,0.099999994,0.0,0.18517856,4.119997,4.139997,668800
hardzero_plus_depr__c0p50__z1p00__lam0p020__nu0p50__psi0p75,hardzero_plus_depr,0.06,37,209,0.0,2,0.166215,0.166215,1.0223064,0.0,0.09499342,0.0,0.0,0.0026894775,-27.942028,2.249119,0.7497064,0.18400002,0.0,0.20248891,4.139997,4.159997,672000
hardzero_plus_depr__c0p50__z1p00__lam0p020__nu0p50__psi0p75,hardzero_plus_depr,0.06,37,210,0.0,2,0.166215,0.166215,1.032234,0.0,0.09284662,0.0,0.0,0.002649436,-27.640057,2.27096,0.75698674,0.17600001,0.0,0.19669597,4.159997,4.179997,675200
hardzero_plus_depr__c0p50__z1p00__lam0p020__nu0p50__psi0p75,hardzero_plus_depr,0.06,37,211,0.0,2,0.166215,0.166215,1.0367082,0.0,0.09189497,0.0,0.0,0.0026099908,-27.724915,2.2808037,0.7602679,0.120000005,0.0,0.18778382,4.179997,4.199997,678400
hardzero_plus_depr__c0p50__z1p00__lam0p020__nu0p50__psi0p75,hardzero_plus_depr,0.06,37,212,0.0,2,0.166215,0.166215,1.0669442,0.0,0.08571479,0.0,0.0,0.0025711334,-27.16525,2.3473241,0.7824414,0.15200001,0.0,0.18436249,4.199997,4.219997,681600
hardzero_plus_depr__c0p50__z1p00__lam0p020__nu0p50__psi0p75,hardzero_plus_depr,0.06,37,213,0.0,2,0.166215,0.166215,1.0238642,0.0,0.09465331,0.0,0.0,0.0025328547,-26.842083,2.252546,0.7508487,0.112,0.0,0.1850719,4.219997,4.239997,684800
hardzero_plus_depr__c0p50__z1p00__lam0p020__nu0p50__psi0p75,hardzero_plus_depr,0.06,37,214,0.0,2,0.166215,0.166215,1.0538943,0.0,0.08832949,0.0,0.0,0.002495145,-27.121347,2.3186138,0.77287126,0.16800001,0.0,0.20419371,4.239997,4.259997,688000
hardzero_plus_depr__c0p50__z1p00__lam0p020__nu0p50__psi0p75,hardzero_plus_depr,0.06,37,215,0.0,2,0.166215,0.16646284,0.9964293,0.10082557,0.10082557,1.0,0.00024782892,0.0024579968,-26.965595,2.1921883,0.73072946,0.17600001,0.0,0.16650033,4.259997,4.279997,691200
hardzero_plus_depr__c0p50__z1p00__lam0p020__nu0p50__psi0p75,hardzero_plus_depr,0.06,37,216,0.0,2,0.16646284,0.16646284,1.059475,0.0,0.08720171,0.0,0.0,0.0024214026,-27.716496,2.3308914,0.77696383,0.16800001,0.0,0.19313516,4.279997,4.299997,694400
hardzero_plus_depr__c0p50__z1p00__lam0p020__nu0p50__psi0p75,hardzero_plus_depr,0.06,37,217,0.0,2,0.16646284,0.16646284,1.0369645,0.0,0.09184076,0.0,0.0,0.0023853525,-28.055138,2.2813675,0.76045585,0.17600001,0.0,0.18359506,4.299997,4.319997,697600
hardzero_plus_depr__c0p50__z1p00__lam0p020__nu0p50__psi0p75,hardzero_plus_depr,0.06,37,218,0.0,2,0.16646284,0.16646284,1.0113465,0.0,0.09742122,0.0,0.0,0.0023498393,-26.542912,2.2250066,0.7416689,0.2,0.0,0.18332072,4.319997,4.339997,700800
hardzero_plus_depr__c0p50__z1p00__lam0p020__nu0p50__psi0p75,hardzero_plus_depr,0.06,37,219,0.0,2,0.16646284,0.16646284,1.0090153,0.0,0.09794553,0.0,0.0,0.0023148544,-27.204172,2.219878,0.73995936,0.16800001,0.0,0.16552195,4.339997,4.359997,704000
hardzero_plus_depr__c0p50__z1p00__lam0p020__nu0p50__psi0p75,hardzero_plus_depr,0.06,37,220,0.0,2,0.16646284,0.16646284,1.0648134,0.0,0.08613638,0.0,0.0,0.002280391,-27.368572,2.342636,0.7808787,0.136,0.0,0.17382093,4.359997,4.379997,707200
hardzero_plus_depr__c0p50__z1p00__lam0p020__nu0p50__psi0p75,hardzero_plus_depr,0.06,37,221,0.0,2,0.16646284,0.16646284,1.019577,0.0,0.095592305,0.0,0.0,0.0022464409,-27.498186,2.2431142,0.74770474,0.17999999,0.0,0.18381917,4.379997,4.3999968,710400
hardzero_plus_depr__c0p50__z1p00__lam0p020__nu0p50__psi0p75,hardzero_plus_depr,0.06,37,222,0.0,2,0.16646284,0.16669865,0.97241247,0.10655835,0.10655835,1.0,0.00023581315,0.0022129954,-26.06866,2.1393502,0.71311677,0.18400002,0.0,0.16682482,4.3999968,4.4199967,713600
hardzero_plus_depr__c0p50__z1p00__lam0p020__nu0p50__psi0p75,hardzero_plus_depr,0.06,37,223,0.0,2,0.16669865,0.16669865,1.023606,0.0,0.094709605,0.0,0.0,0.0021800478,-27.052937,2.251978,0.75065935,0.128,0.0,0.1782999,4.4199967,4.4399967,716800
hardzero_plus_depr__c0p50__z1p00__lam0p020__nu0p50__psi0p75,hardzero_plus_depr,0.06,37,224,0.0,2,0.16669865,0.16692935,0.96889806,0.10742416,0.10742416,1.0,0.00023070321,0.0021475914,-25.78531,2.1316183,0.71053946,0.136,0.0,0.19049042,4.4399967,4.4599967,720000
hardzero_plus_depr__c0p50__z1p00__lam0p020__nu0p50__psi0p75,hardzero_plus_depr,0.06,37,225,0.0,2,0.16692935,0.16692935,1.007417,0.0,0.09830668,0.0,0.0,0.0021156182,-26.455282,2.2163615,0.7387872,0.14400001,0.0,0.15438733,4.4599967,4.4799967,723200
hardzero_plus_depr__c0p50__z1p00__lam0p020__nu0p50__psi0p75,hardzero_plus_depr,0.06,37,226,0.0,2,0.16692935,0.16692935,1.0155994,0.0,0.096471846,0.0,0.0,0.0020841206,-27.34867,2.2343633,0.7447878,0.16800001,0.0,0.16715331,4.4799967,4.4999967,726400
hardzero_plus_depr__c0p50__z1p00__lam0p020__nu0p50__psi0p75,hardzero_plus_depr,0.06,37,227,0.0,2,0.16692935,0.16692935,1.0511816,0.0,0.08888295,0.0,0.0,0.002053092,-27.408224,2.3126457,0.7708819,0.2,0.0,0.21465449,4.4999967,4.5199966,729600
hardzero_plus_depr__c0p50__z1p00__lam0p020__nu0p50__psi0p75,hardzero_plus_depr,0.06,37,228,0.0,2,0.16692935,0.16713707,0.98842436,0.10270124,0.10270124,1.0,0.00020771587,0.0020225255,-26.422886,2.174577,0.724859,0.128,0.0,0.15706109,4.5199966,4.5399966,732800
hardzero_plus_depr__c0p50__z1p00__lam0p020__nu0p50__psi0p75,hardzero_plus_depr,0.06,37,229,0.0,2,0.16713707,0.16713707,1.0671083,0.0,0.08568242,0.0,0.0,0.0019924145,-28.054064,2.347685,0.7825617,0.128,0.0,0.15609248,4.5399966,4.5599966,736000
hardzero_plus_depr__c0p50__z1p00__lam0p020__nu0p50__psi0p75,hardzero_plus_depr,0.06,37,230,0.0,2,0.16713707,0.16713707,1.0032068,0.0,0.09926431,0.0,0.0,0.0019627512,-27.677689,2.2070992,0.7356998,0.2,0.0,0.22621043,4.5599966,4.5799966,739200
hardzero_plus_depr__c0p50__z1p00__lam0p020__nu0p50__psi0p75,hardzero_plus_depr,0.06,37,231,0.0,2,0.16713707,0.16713707,1.0782154,0.0,0.08351887,0.0,0.0,0.0019335294,-28.402416,2.372121,0.79070705,0.120000005,0.0,0.17811011,4.5799966,4.5999966,742400
hardzero_plus_depr__c0p50__z1p00__lam0p020__nu0p50__psi0p75,hardzero_plus_depr,0.06,37,232,0.0,2,0.16713707,0.16713707,1.0322866,0.0,0.092835344,0.0,0.0,0.001904743,-28.819126,2.271076,0.75702536,0.224,0.0,0.22430713,4.5999966,4.6199965,745600
hardzero_plus_depr__c0p50__z1p00__lam0p020__nu0p50__psi0p75,hardzero_plus_depr,0.06,37,233,0.0,2,0.16713707,0.16713707,1.0160649,0.0,0.09636851,0.0,0.0,0.0018763853,-26.955275,2.2353873,0.7451291,0.17600001,0.008,0.17806344,4.6199965,4.6399965,748800
hardzero_plus_depr__c0p50__z1p00__lam0p020__nu0p50__psi0p75,hardzero_plus_depr,0.06,37,234,0.0,2,0.16713707,0.16713707,1.0339161,0.0,0.09248767,0.0,0.0,0.0018484495,-27.296705,2.2746608,0.7582203,0.19999999,0.0,0.19088638,4.6399965,4.6599965,752000
hardzero_plus_depr__c0p50__z1p00__lam0p020__nu0p50__psi0p75,hardzero_plus_depr,0.06,37,235,0.0,2,0.16713707,0.16713707,1.0039922,0.0,0.099084966,0.0,0.0,0.0018209295,-26.957603,2.208827,0.7362757,0.17600001,0.0,0.16734429,4.6599965,4.6799965,755200
hardzero_plus_depr__c0p50__z1p00__lam0p020__nu0p50__psi0p75,hardzero_plus_depr,0.06,37,236,0.0,2,0.16713707,0.16732512,0.9794951,0.10483465,0.10483465,1.0,0.00018805447,0.0017938197,-25.774311,2.1549323,0.7183108,0.15200001,0.0,0.19292468,4.6799965,4.6999965,758400
hardzero_plus_depr__c0p50__z1p00__lam0p020__nu0p50__psi0p75,hardzero_plus_depr,0.06,37,237,0.0,2,0.16732512,0.16732512,1.0075371,0.0,0.09827947,0.0,0.0,0.0017671133,-26.275236,2.216626,0.7388753,0.17600001,0.0,0.16775954,4.6999965,4.7199965,761600
hardzero_plus_depr__c0p50__z1p00__lam0p020__nu0p50__psi0p75,hardzero_plus_depr,0.06,37,238,0.0,2,0.16732512,0.16750647,0.98222643,0.104177415,0.104177415,1.0,0.00018135249,0.0017408043,-26.534496,2.1609414,0.7203138,0.192,0.0,0.18073025,4.7199965,4.7399964,764800
hardzero_plus_depr__c0p50__z1p00__lam0p020__nu0p50__psi0p75,hardzero_plus_depr,0.06,37,239,0.0,2,0.16750647,0.16750647,1.0167525,0.0,0.09621605,0.0,0.0,0.001714887,-27.551361,2.2369,0.74563336,0.18400002,0.0,0.20301506,4.7399964,4.7599964,768000
hardzero_plus_depr__c0p50__z1p00__lam0p020__nu0p50__psi0p75,hardzero_plus_depr,0.06,37,240,0.0,2,0.16750647,0.16769353,0.95576805,0.11072149,0.11072149,1.0,0.00018704799,0.0016893558,-26.297304,2.1027317,0.70091057,0.224,0.0,0.17041214,4.7599964,4.7799964,771200
hardzero_plus_depr__c0p50__z1p00__lam0p020__nu0p50__psi0p75,hardzero_plus_depr,0.06,37,241,0.0,2,0.16769353,0.16769353,1.0383667,0.0,0.09154473,0.0,0.0,0.0016642049,-27.445631,2.2844522,0.7614841,0.2,0.0,0.19994918,4.7799964,4.7999964,774400
hardzero_plus_depr__c0p50__z1p00__lam0p020__nu0p50__psi0p75,hardzero_plus_depr,0.06,37,242,0.0,2,0.16769353,0.16769353,1.0197712,0.0,0.09554958,0.0,0.0,0.0016394279,-26.851257,2.2435415,0.7478472,0.096,0.0,0.1785687,4.7999964,4.8199964,777600
hardzero_plus_depr__c0p50__z1p00__lam0p020__nu0p50__psi0p75,hardzero_plus_depr,0.06,37,243,0.0,2,0.16769353,0.16769353,1.0375373,0.0,0.09171971,0.0,0.0,0.0016150197,-27.080767,2.2826278,0.76087594,0.192,0.0,0.18480705,4.8199964,4.8399963,780800
hardzero_plus_depr__c0p50__z1p00__lam0p020__nu0p50__psi0p75,hardzero_plus_depr,0.06,37,244,0.0,2,0.16769353,0.16785836,0.9845966,0.10361041,0.10361041,1.0,0.00016484162,0.0015909754,-26.76274,2.1661558,0.722052,0.192,0.0,0.17424011,4.8399963,4.8599963,784000
hardzero_plus_depr__c0p50__z1p00__lam0p020__nu0p50__psi0p75,hardzero_plus_depr,0.06,37,245,0.0,2,0.16785836,0.16785836,1.054731,0.0,0.08815947,0.0,0.0,0.0015672891,-28.112722,2.3204546,0.7734849,0.18400002,0.0,0.18412429,4.8599963,4.8799963,787200
hardzero_plus_depr__c0p50__z1p00__lam0p020__nu0p50__psi0p75,hardzero_plus_depr,0.06,37,246,0.0,2,0.16785836,0.16785836,1.0414234,0.0,0.09090265,0.0,0.0,0.0015439551,-27.05311,2.2911773,0.76372576,0.120000005,0.0,0.17142,4.8799963,4.8999963,790400
hardzero_plus_depr__c0p50__z1p00__lam0p020__nu0p50__psi0p75,hardzero_plus_depr,0.06,37,247,0.0,2,0.16785836,0.16785836,1.0065757,0.0,0.0984973,0.0,0.0,0.0015209685,-26.816729,2.2145107,0.73817027,0.17,0.0,0.16503157,4.8999963,4.9199963,793600
hardzero_plus_depr__c0p50__z1p00__lam0p020__nu0p50__psi0p75,hardzero_plus_depr,0.06,37,248,0.0,2,0.16785836,0.16800949,0.9962746,0.10086149,0.10086149,1.0,0.00015112323,0.0014983243,-26.300438,2.1918478,0.730616,0.136,0.0,0.18811885,4.9199963,4.9399962,796800
hardzero_plus_depr__c0p50__z1p00__lam0p020__nu0p50__psi0p75,hardzero_plus_depr,0.06,37,249,0.0,2,0.16800949,0.16800949,1.0224917,0.0,0.09495291,0.0,0.0,0.0014760174,-27.388771,2.2495267,0.7498423,0.096,0.0,0.18918732,4.9399962,4.959996,800000
hardzero_plus_depr__c0p50__z1p00__lam0p020__nu0p50__psi0p75,hardzero_plus_depr,0.06,37,250,0.0,2,0.16800949,0.16800949,1.0044947,0.0,0.09897041,0.0,0.0,0.0014540422,-27.037813,2.2099323,0.73664415,0.2,0.0,0.18407543,4.959996,4.979996,803200
hardzero_plus_depr__c0p50__z1p00__lam0p020__nu0p50__psi0p75,hardzero_plus_depr,0.06,37,251,0.0,2,0.16800949,0.16800949,1.0080208,0.0,0.09817011,0.0,0.0,0.0014323941,-26.91275,2.21769,0.73923004,0.216,0.0,0.18799216,4.979996,4.999996,806400
hardzero_plus_depr__c0p50__z1p00__lam0p020__nu0p50__psi0p75,hardzero_plus_depr,0.06,37,252,0.0,2,0.16800949,0.16815408,0.9894103,0.10246834,0.10246834,1.0,0.00014458988,0.0014110688,-26.942532,2.1767461,0.72558206,0.14400001,0.0,0.18844292,4.999996,5.019996,809600
hardzero_plus_depr__c0p50__z1p00__lam0p020__nu0p50__psi0p75,hardzero_plus_depr,0.06,37,253,0.0,2,0.16815408,0.16815408,1.0283623,0.0,0.093678005,0.0,0.0,0.0013900609,-27.79592,2.262442,0.7541474,0.16000001,0.0,0.2150461,5.019996,5.039996,812800
hardzero_plus_depr__c0p50__z1p00__lam0p020__nu0p50__psi0p75,hardzero_plus_depr,0.06,37,254,0.0,2,0.16815408,0.16829772,0.9792156,0.10490214,0.10490214,1.0,0.00014364938,0.0013693655,-26.12112,2.1543174,0.7181058,0.192,0.0,0.19371423,5.039996,5.059996,816000
hardzero_plus_depr__c0p50__z1p00__lam0p020__nu0p50__psi0p75,hardzero_plus_depr,0.06,37,255,0.0,2,0.16829772,0.16829772,1.0297794,0.0,0.093372844,0.0,0.0,0.0013489783,-27.717281,2.26556,0.7551867,0.096,0.0,0.18486351,5.059996,5.079996,819200
hardzero_plus_depr__c0p50__z1p00__lam0p020__nu0p50__psi0p75,hardzero_plus_depr,0.06,37,256,0.0,2,0.16829772,0.16829772,1.0210599,0.0,0.095266476,0.0,0.0,0.0013288946,-27.749283,2.2463765,0.7487922,0.15200001,0.0,0.18131986,5.079996,5.099996,822400
hardzero_plus_depr__c0p50__z1p00__lam0p020__nu0p50__psi0p75,hardzero_plus_depr,0.06,37,257,0.0,2,0.16829772,0.16829772,1.0573751,0.0,0.087624356,0.0,0.0,0.0013091101,-27.956,2.3262715,0.7754239,0.128,0.0,0.1829231,5.099996,5.119996,825600
hardzero_plus_depr__c0p50__z1p00__lam0p020__nu0p50__psi0p75,hardzero_plus_depr,0.06,37,258,0.0,2,0.16829772,0.16842836,0.9943933,0.10129936,0.10129936,1.0,0.00013063767,0.0012896198,-26.834892,2.1877089,0.7292363,0.16800001,0.0,0.17921111,5.119996,5.139996,828800
hardzero_plus_depr__c0p50__z1p00__lam0p020__nu0p50__psi0p75,hardzero_plus_depr,0.06,37,259,0.0,2,0.16842836,0.16842836,1.0289752,0.0,0.093545906,0.0,0.0,0.0012704198,-27.734974,2.2637908,0.75459695,0.18400002,0.0,0.19807146,5.139996,5.159996,832000
hardzero_plus_depr__c0p50__z1p00__lam0p020__nu0p50__psi0p75,hardzero_plus_depr,0.06,37,260,0.0,2,0.16842836,0.16842836,1.0090823,0.0,0.097930424,0.0,0.0,0.0012515058,-26.053507,2.2200253,0.7400085,0.17999999,0.01,0.17477597,5.159996,5.179996,835200
hardzero_plus_depr__c0p50__z1p00__lam0p020__nu0p50__psi0p75,hardzero_plus_depr,0.06,37,261,0.0,2,0.16842836,0.16842836,1.0119207,0.0,0.09729248,0.0,0.0,0.0012328735,-26.6519,2.22627,0.74209,0.192,0.0,0.17294802,5.179996,5.199996,838400
hardzero_plus_depr__c0p50__z1p00__lam0p020__nu0p50__psi0p75,hardzero_plus_depr,0.06,37,262,0.0,2,0.16842836,0.16842836,1.0190594,0.0,0.09570631,0.0,0.0,0.0012145184,-27.713055,2.2419755,0.7473252,0.080000006,0.0,0.15997218,5.199996,5.219996,841600
hardzero_plus_depr__c0p50__z1p00__lam0p020__nu0p50__psi0p75,hardzero_plus_depr,0.06,37,263,0.0,2,0.16842836,0.1685487,0.9974686,0.10058459,0.10058459,1.0,0.00012034306,0.0011964364,-26.756533,2.1944747,0.73149157,0.18400002,0.0,0.20338717,5.219996,5.239996,844800
hardzero_plus_depr__c0p50__z1p00__lam0p020__nu0p50__psi0p75,hardzero_plus_depr,0.06,37,264,0.0,2,0.1685487,0.16867064,0.98524773,0.10345519,0.10345519,1.0,0.000121934776,0.001178624,-26.034702,2.1675882,0.7225294,0.14400001,0.0,0.16886441,5.239996,5.259996,848000
hardzero_plus_depr__c0p50__z1p00__lam0p020__nu0p50__psi0p75,hardzero_plus_depr,0.06,37,265,0.0,2,0.16867064,0.16879803,0.95971054,0.10972091,0.10972091,1.0,0.00012739438,0.0011610766,-27.020502,2.1114054,0.7038018,0.18400002,0.0,0.18109787,5.259996,5.279996,851200
hardzero_plus_depr__c0p50__z1p00__lam0p020__nu0p50__psi0p75,hardzero_plus_depr,0.06,37,266,0.0,2,0.16879803,0.16879803,1.0209807,0.0,0.09528386,0.0,0.0,0.0011437903,-27.785603,2.2462025,0.7487342,0.14400001,0.0,0.1885434,5.279996,5.299996,854400
hardzero_plus_depr__c0p50__z1p00__lam0p020__nu0p50__psi0p75,hardzero_plus_depr,0.06,37,267,0.0,2,0.16879803,0.16879803,1.06302,0.0,0.08649281,0.0,0.0,0.0011267614,-27.885557,2.3386908,0.7795636,0.16000001,0.0,0.18950365,5.299996,5.319996,857600
hardzero_plus_depr__c0p50__z1p00__lam0p020__nu0p50__psi0p75,hardzero_plus_depr,0.06,37,268,0.0,2,0.16879803,0.16879803,1.0095706,0.0,0.097820394,0.0,0.0,0.0011099862,-26.225407,2.2210996,0.7403666,0.120000005,0.0,0.1753819,5.319996,5.339996,860800
hardzero_plus_depr__c0p50__z1p00__lam0p020__nu0p50__psi0p75,hardzero_plus_depr,0.06,37,269,0.0,2,0.16879803,0.16891527,0.969721,0.1072208,0.1072208,1.0,0.00011724175,0.0010934608,-26.215328,2.1334288,0.71114296,0.224,0.0,0.18053709,5.339996,5.359996,864000
hardzero_plus_depr__c0p50__z1p00__lam0p020__nu0p50__psi0p75,hardzero_plus_depr,0.06,37,270,0.0,2,0.16891527,0.16902348,0.99800014,0.10046154,0.10046154,1.0,0.00010821532,0.0010771815,-27.129454,2.1956441,0.7318814,0.2,0.0,0.18977356,5.359996,5.379996,867200
hardzero_plus_depr__c0p50__z1p00__lam0p020__nu0p50__psi0p75,hardzero_plus_depr,0.06,37,271,0.0,2,0.16902348,0.16902348,1.0116361,0.0,0.097356245,0.0,0.0,0.0010611439,-27.94411,2.2256439,0.7418813,0.104,0.0,0.18137705,5.379996,5.399996,870400
hardzero_plus_depr__c0p50__z1p00__lam0p020__nu0p50__psi0p75,hardzero_plus_depr,0.06,37,272,0.0,2,0.16902348,0.16913281,0.98054194,0.104582265,0.104582265,1.0,0.00010932462,0.0010453457,-26.352991,2.1572354,0.7190785,0.15200001,0.0,0.16749562,5.399996,5.419996,873600
hardzero_plus_depr__c0p50__z1p00__lam0p020__nu0p50__psi0p75,hardzero_plus_depr,0.06,37,273,0.0,2,0.16913281,0.16913281,1.0046707,0.0,0.098930284,0.0,0.0,0.0010297826,-26.565104,2.2103198,0.73677325,0.13,0.0,0.18798159,5.419996,5.439996,876800
hardzero_plus_depr__c0p50__z1p00__lam0p020__nu0p50__psi0p75,hardzero_plus_depr,0.06,37,274,0.0,2,0.16913281,0.16923697,0.9885212,0.10267832,0.10267832,1.0,0.000104162114,0.0010144509,-26.336353,2.1747901,0.72493005,0.120000005,0.0,0.15926147,5.439996,5.4599957,880000
hardzero_plus_depr__c0p50__z1p00__lam0p020__nu0p50__psi0p75,hardzero_plus_depr,0.06,37,275,0.0,2,0.16923697,0.16923697,1.0378145,0.0,0.091661185,0.0,0.0,0.0009993479,-27.61186,2.2832375,0.7610792,0.096,0.0,0.16051415,5.4599957,5.4799957,883200
hardzero_plus_depr__c0p50__z1p00__lam0p020__nu0p50__psi0p75,hardzero_plus_depr,0.06,37,276,0.0,2,0.16923697,0.16934358,0.9654347,0.10828426,0.10828426,1.0,0.00010660255,0.0009844695,-27.136597,2.1239986,0.7079996,0.15200001,0.0,0.18417355,5.4799957,5.4999957,886400
hardzero_plus_depr__c0p50__z1p00__lam0p020__nu0p50__psi0p75,hardzero_plus_depr,0.06,37,277,0.0,2,0.16934358,0.16934358,1.0375539,0.0,0.09171621,0.0,0.0,0.0009698129,-26.844212,2.282664,0.76088804,0.192,0.0,0.16514151,5.4999957,5.5199957,889600
hardzero_plus_depr__c0p50__z1p00__lam0p020__nu0p50__psi0p75,hardzero_plus_depr,0.06,37,278,0.0,2,0.16934358,0.16934358,1.020947,0.0,0.095291235,0.0,0.0,0.00095537433,-27.274576,2.246128,0.7487094,0.136,0.0,0.18655883,5.5199957,5.5399957,892800
hardzero_plus_depr__c0p50__z1p00__lam0p020__nu0p50__psi0p75,hardzero_plus_depr,0.06,37,279,0.0,2,0.16934358,0.16944626,0.96215594,0.10910484,0.10910484,1.0,0.00010268406,0.00094115036,-25.605272,2.1167853,0.70559514,0.24000001,0.008,0.17174572,5.5399957,5.5599957,896000
hardzero_plus_depr__c0p50__z1p00__lam0p020__nu0p50__psi0p75,hardzero_plus_depr,0.06,37,280,0.0,2,0.16944626,0.16944626,1.0396634,0.0,0.09127179,0.0,0.0,0.0009271386,-27.158718,2.287305,0.7624351,0.17600001,0.0,0.1721357,5.5599957,5.5799956,899200
hardzero_plus_depr__c0p50__z1p00__lam0p020__nu0p50__psi0p75,hardzero_plus_depr,0.06,37,281,0.0,2,0.16944626,0.16944626,1.0242321,0.0,0.09457315,0.0,0.0,0.0009133355,-27.382141,2.2533557,0.7511186,0.136,0.0,0.15883046,5.5799956,5.5999956,902400
hardzero_plus_depr__c0p50__z1p00__lam0p020__nu0p50__psi0p75,hardzero_plus_depr,0.06,37,282,0.0,2,0.16944626,0.16944626,1.0587388,0.0,0.08734965,0.0,0.0,0.0008997374,-28.204428,2.329272,0.77642405,0.16800001,0.008,0.20808418,5.5999956,5.6199956,905600
hardzero_plus_depr__c0p50__z1p00__lam0p020__nu0p50__psi0p75,hardzero_plus_depr,0.06,37,283,0.0,2,0.16944626,0.16944626,1.017177,0.0,0.09612204,0.0,0.0,0.0008863421,-27.687569,2.237834,0.7459447,0.14400001,0.0,0.18881196,5.6199956,5.6399956,908800
hardzero_plus_depr__c0p50__z1p00__lam0p020__nu0p50__psi0p75,hardzero_plus_depr,0.06,37,284,0.0,2,0.16944626,0.16944626,1.0005153,0.0,0.0998814,0.0,0.0,0.00087314635,-26.7813,2.2011776,0.7337259,0.16800001,0.0,0.21702038,5.6399956,5.6599956,912000
hardzero_plus_depr__c0p50__z1p00__lam0p020__nu0p50__psi0p75,hardzero_plus_depr,0.06,37,285,0.0,2,0.16944626,0.16944626,1.0133166,0.0,0.09698026,0.0,0.0,0.00086014695,-26.596771,2.229341,0.7431137,0.16800001,0.0,0.17740326,5.6599956,5.6799955,915200
hardzero_plus_depr__c0p50__z1p00__lam0p020__nu0p50__psi0p75,hardzero_plus_depr,0.06,37,286,0.0,2,0.16944626,0.16944626,1.0016783,0.0,0.099614285,0.0,0.0,0.0008473412,-26.475399,2.2037363,0.7345788,0.16,0.0,0.1666346,5.6799955,5.6999955,918400
hardzero_plus_depr__c0p50__z1p00__lam0p020__nu0p50__psi0p75,hardzero_plus_depr,0.06,37,287,0.0,2,0.16944626,0.16944626,1.0534065,0.0,0.08842875,0.0,0.0,0.0008347257,-27.075907,2.3175404,0.7725135,0.17600001,0.0,0.18900074,5.6999955,5.7199955,921600
hardzero_plus_depr__c0p50__z1p00__lam0p020__nu0p50__psi0p75,hardzero_plus_depr,0.06,37,288,0.0,2,0.16944626,0.16944626,1.0604203,0.0,0.08701212,0.0,0.0,0.0008222983,-27.366611,2.332971,0.77765703,0.15200001,0.0,0.18573886,5.7199955,5.7399955,924800
hardzero_plus_depr__c0p50__z1p00__lam0p020__nu0p50__psi0p75,hardzero_plus_depr,0.06,37,289,0.0,2,0.16944626,0.16944626,1.0304956,0.0,0.093218975,0.0,0.0,0.000810056,-26.98026,2.2671356,0.7557119,0.17600001,0.0,0.18827996,5.7399955,5.7599955,928000
hardzero_plus_depr__c0p50__z1p00__lam0p020__nu0p50__psi0p75,hardzero_plus_depr,0.06,37,290,0.0,2,0.16944626,0.16944626,1.0358222,0.0,0.09208266,0.0,0.0,0.00079799554,-27.116543,2.2788544,0.75961816,0.120000005,0.0,0.18756934,5.7599955,5.7799954,931200
hardzero_plus_depr__c0p50__z1p00__lam0p020__nu0p50__psi0p75,hardzero_plus_depr,0.06,37,291,0.0,2,0.16944626,0.16944626,1.026032,0.0,0.09418203,0.0,0.0,0.00078611507,-28.203493,2.2573154,0.7524385,0.192,0.008,0.17073274,5.7799954,5.7999954,934400
hardzero_plus_depr__c0p50__z1p00__lam0p020__nu0p50__psi0p75,hardzero_plus_depr,0.06,37,292,0.0,2,0.16944626,0.16953091,0.9613142,0.109316505,0.109316505,1.0,8.465595e-05,0.0007744114,-25.643568,2.1149335,0.70497787,0.216,0.0,0.17511557,5.7999954,5.8199954,937600
hardzero_plus_depr__c0p50__z1p00__lam0p020__nu0p50__psi0p75,hardzero_plus_depr,0.06,37,293,0.0,2,0.16953091,0.16953091,1.0182703,0.0,0.09588038,0.0,0.0,0.000762882,-27.56617,2.2402394,0.7467465,0.17600001,0.0,0.17472377,5.8199954,5.8399954,940800
hardzero_plus_depr__c0p50__z1p00__lam0p020__nu0p50__psi0p75,hardzero_plus_depr,0.06,37,294,0.0,2,0.16953091,0.16953091,1.0093576,0.0,0.097868375,0.0,0.0,0.00075152435,-27.12163,2.220631,0.7402103,0.15200001,0.0,0.2046715,5.8399954,5.8599954,944000
hardzero_plus_depr__c0p50__z1p00__lam0p020__nu0p50__psi0p75,hardzero_plus_depr,0.06,37,295,0.0,2,0.16953091,0.16953091,1.0344576,0.0,0.09237245,0.0,0.0,0.0007403353,-27.810411,2.275852,0.75861734,0.112,0.0,0.16464067,5.8599954,5.8799953,947200
hardzero_plus_depr__c0p50__z1p00__lam0p020__nu0p50__psi0p75,hardzero_plus_depr,0.06,37,296,0.0,2,0.16953091,0.16960473,0.9947262,0.10122174,0.10122174,1.0,7.382235e-05,0.00072931324,-27.338013,2.1884413,0.72948045,0.216,0.0,0.18287031,5.8799953,5.8999953,950400
hardzero_plus_depr__c0p50__z1p00__lam0p020__nu0p50__psi0p75,hardzero_plus_depr,0.06,37,297,0.0,2,0.16960473,0.16960473,1.0148523,0.0,0.096637934,0.0,0.0,0.0007184553,-27.082674,2.2327197,0.7442399,0.136,0.0,0.1816596,5.8999953,5.9199953,953600
hardzero_plus_depr__c0p50__z1p00__lam0p020__nu0p50__psi0p75,hardzero_plus_depr,0.06,37,298,0.0,2,0.16960473,0.16960473,1.0480386,0.0,0.08952852,0.0,0.0,0.00070775865,-27.273916,2.305731,0.76857704,0.15200001,0.0,0.2075034,5.9199953,5.9399953,956800
hardzero_plus_depr__c0p50__z1p00__lam0p020__nu0p50__psi0p75,hardzero_plus_depr,0.06,37,299,0.0,2,0.16960473,0.16960473,1.0134696,0.0,0.09694611,0.0,0.0,0.00069722155,-26.278816,2.2296777,0.74322593,0.14,0.0,0.16440447,5.9399953,5.9599953,960000
hardzero_plus_depr__c0p50__z1p00__lam0p020__nu0p50__psi0p75,hardzero_plus_depr,0.06,37,300,0.0,2,0.16960473,0.16967368,0.99833286,0.100384615,0.100384615,1.0,6.8948306e-05,0.0006868414,-26.921598,2.196376,0.7321254,0.18400002,0.0,0.17944366,5.9599953,5.9799953,963200
hardzero_plus_depr__c0p50__z1p00__lam0p020__nu0p50__psi0p75,hardzero_plus_depr,0.06,37,301,0.0,2,0.16967368,0.1697414,0.9995765,0.10009756,0.10009756,1.0,6.772758e-05,0.0006766157,-26.79523,2.1991122,0.7330374,0.16800001,0.0,0.1834623,5.9799953,5.999995,966400
hardzero_plus_depr__c0p50__z1p00__lam0p020__nu0p50__psi0p75,hardzero_plus_depr,0.06,37,302,0.0,2,0.1697414,0.16980894,0.9943009,0.10132091,0.10132091,1.0,6.7534675e-05,0.0006665423,-27.116253,2.1875057,0.7291686,0.15200001,0.0,0.2146401,5.999995,6.019995,969600
hardzero_plus_depr__c0p50__z1p00__lam0p020__nu0p50__psi0p75,hardzero_plus_depr,0.06,37,303,0.0,2,0.16980894,0.16980894,1.0312827,0.0,0.093050204,0.0,0.0,0.00065661856,-27.32065,2.2688673,0.7562891,0.2,0.0,0.2080786,6.019995,6.039995,972800
hardzero_plus_depr__c0p50__z1p00__lam0p020__nu0p50__psi0p75,hardzero_plus_depr,0.06,37,304,0.0,2,0.16980894,0.16980894,1.068236,0.0,0.08546021,0.0,0.0,0.00064684293,-28.596949,2.350166,0.78338873,0.16000001,0.0,0.22332233,6.039995,6.059995,976000
hardzero_plus_depr__c0p50__z1p00__lam0p020__nu0p50__psi0p75,hardzero_plus_depr,0.06,37,305,0.0,2,0.16980894,0.16980894,1.0178303,0.0,0.09597757,0.0,0.0,0.0006372127,-28.006575,2.2392712,0.7464237,0.192,0.0,0.15710646,6.059995,6.079995,979200
hardzero_plus_depr__c0p50__z1p00__lam0p020__nu0p50__psi0p75,hardzero_plus_depr,0.06,37,306,0.0,2,0.16980894,0.16988309,0.9276414,0.118129574,0.118129574,1.0,7.415296e-05,0.0006277256,-25.964838,2.0408518,0.68028396,0.15200001,0.0,0.15552117,6.079995,6.099995,982400
hardzero_plus_depr__c0p50__z1p00__lam0p020__nu0p50__psi0p75,hardzero_plus_depr,0.06,37,307,0.0,2,0.16988309,0.16988309,1.0360616,0.0,0.09203189,0.0,0.0,0.00061838015,-27.318098,2.279381,0.7597937,0.2,0.0,0.17646554,6.099995,6.119995,985600
hardzero_plus_depr__c0p50__z1p00__lam0p020__nu0p50__psi0p75,hardzero_plus_depr,0.06,37,308,0.0,2,0.16988309,0.16988309,1.0301578,0.0,0.09329152,0.0,0.0,0.0006091737,-26.68817,2.2663925,0.7554642,0.16000001,0.0,0.20188096,6.119995,6.139995,988800
hardzero_plus_depr__c0p50__z1p00__lam0p020__nu0p50__psi0p75,hardzero_plus_depr,0.06,37,309,0.0,2,0.16988309,0.16988309,1.005746,0.0,0.09868566,0.0,0.0,0.0006001044,-26.9926,2.2126853,0.7375618,0.136,0.0,0.17915267,6.139995,6.159995,992000
hardzero_plus_depr__c0p50__z1p00__lam0p020__nu0p50__psi0p75,hardzero_plus_depr,0.06,37,310,0.0,2,0.16988309,0.16988309,1.0652685,0.0,0.08604616,0.0,0.0,0.0005911701,-28.397678,2.3436375,0.7812125,0.18400002,0.0,0.20396417,6.159995,6.179995,995200
hardzero_plus_depr__c0p50__z1p00__lam0p020__nu0p50__psi0p75,hardzero_plus_depr,0.06,37,311,0.0,2,0.16988309,0.16988309,1.0275185,0.0,0.093860194,0.0,0.0,0.00058236846,-27.495283,2.2605858,0.7535286,0.136,0.0,0.17635573,6.179995,6.199995,998400
hardzero_plus_depr__c0p50__z1p00__lam0p020__nu0p50__psi0p75,hardzero_plus_depr,0.06,37,312,0.0,2,0.16988309,0.16988309,1.0112717,0.0,0.097437985,0.0,0.0,0.00057369826,-27.577671,2.224842,0.74161404,0.17,0.0,0.18669091,6.199995,6.219995,1001600
hardzero_plus_depr__c0p50__z1p00__lam0p020__nu0p50__psi0p75,hardzero_plus_depr,0.06,37,313,0.0,2,0.16988309,0.16988309,1.026757,0.0,0.09402493,0.0,0.0,0.0005651571,-26.657616,2.2589104,0.75297016,0.16800001,0.0,0.17275427,6.219995,6.239995,1004800
hardzero_plus_depr__c0p50__z1p00__lam0p020__nu0p50__psi0p75,hardzero_plus_depr,0.06,37,314,0.0,2,0.16988309,0.16988309,1.0488423,0.0,0.089363,0.0,0.0,0.0005567428,-28.789526,2.3074992,0.7691664,0.08800001,0.0,0.18970332,6.239995,6.259995,1008000
hardzero_plus_depr__c0p50__z1p00__lam0p020__nu0p50__psi0p75,hardzero_plus_depr,0.06,37,315,0.0,2,0.16988309,0.16988309,1.0310175,0.0,0.09310703,0.0,0.0,0.000548454,-27.507492,2.2682838,0.75609463,0.128,0.0,0.19374649,6.259995,6.279995,1011200
hardzero_plus_depr__c0p50__z1p00__lam0p020__nu0p50__psi0p75,hardzero_plus_depr,0.06,37,316,0.0,2,0.16988309,0.16988309,1.0119098,0.0,0.09729492,0.0,0.0,0.0005402887,-26.786606,2.226246,0.74208206,0.17600001,0.0,0.17423826,6.279995,6.299995,1014400
hardzero_plus_depr__c0p50__z1p00__lam0p020__nu0p50__psi0p75,hardzero_plus_depr,0.06,37,317,0.0,2,0.16988309,0.16988309,1.0155358,0.0,0.096485965,0.0,0.0,0.0005322449,-27.16004,2.2342234,0.74474114,0.136,0.0,0.17226867,6.299995,6.319995,1017600
hardzero_plus_depr__c0p50__z1p00__lam0p020__nu0p50__psi0p75,hardzero_plus_depr,0.06,37,318,0.0,2,0.16988309,0.16993603,0.99577844,0.100976795,0.100976795,1.0,5.294424e-05,0.0005243209,-26.871174,2.1907563,0.73025215,0.112,0.0,0.1705251,6.319995,6.339995,1020800
hardzero_plus_depr__c0p50__z1p00__lam0p020__nu0p50__psi0p75,hardzero_plus_depr,0.06,37,319,0.0,2,0.16993603,0.16998951,0.98491794,0.10353379,0.10353379,1.0,5.3476706e-05,0.0005165145,-26.858282,2.1668627,0.7222876,0.136,0.0,0.17623083,6.339995,6.359995,1024000
hardzero_plus_depr__c0p50__z1p00__lam0p020__nu0p50__psi0p75,hardzero_plus_depr,0.06,37,320,0.0,2,0.16998951,0.17004332,0.9757071,0.105753034,0.105753034,1.0,5.3809763e-05,0.00050882477,-26.86747,2.1465986,0.7155329,0.23200001,0.0,0.16260363,6.359995,6.379995,1027200
hardzero_plus_depr__c0p50__z1p00__lam0p020__nu0p50__psi0p75,hardzero_plus_depr,0.06,37,321,0.0,2,0.17004332,0.17009361,0.99861753,0.10031884,0.10031884,1.0,5.0284758e-05,0.0005012494,-26.586857,2.1970024,0.73233414,0.216,0.0,0.18734126,6.379995,6.399995,1030400
hardzero_plus_depr__c0p50__z1p00__lam0p020__nu0p50__psi0p75,hardzero_plus_depr,0.06,37,322,0.0,2,0.17009361,0.17009361,1.0463997,0.0,0.08986702,0.0,0.0,0.00049378665,-27.474106,2.3021252,0.7673751,0.136,0.0,0.1970469,6.399995,6.419995,1033600
hardzero_plus_depr__c0p50__z1p00__lam0p020__nu0p50__psi0p75,hardzero_plus_depr,0.06,37,323,0.0,2,0.17009361,0.1701444,0.98134077,0.10439007,0.10439007,1.0,5.0779e-05,0.00048643514,-27.054697,2.1589928,0.7196643,0.16000001,0.0,0.1815581,6.419995,6.439995,1036800
hardzero_plus_depr__c0p50__z1p00__lam0p020__nu0p50__psi0p75,hardzero_plus_depr,0.06,37,324,0.0,2,0.1701444,0.17019413,0.98373973,0.10381503,0.10381503,1.0,4.9747447e-05,0.0004791931,-26.779354,2.1642706,0.72142357,0.14400001,0.0,0.17363137,6.439995,6.459995,1040000
hardzero_plus_depr__c0p50__z1p00__lam0p020__nu0p50__psi0p75,hardzero_plus_depr,0.06,37,325,0.0,2,0.17019413,0.17019413,1.0048974,0.0,0.09887868,0.0,0.0,0.00047205895,-27.034193,2.2108183,0.73693943,0.14,0.0,0.15700008,6.459995,6.479995,1043200
hardzero_plus_depr__c0p50__z1p00__lam0p020__nu0p50__psi0p75,hardzero_plus_depr,0.06,37,326,0.0,2,0.17019413,0.17019413,1.0448698,0.0,0.090184145,0.0,0.0,0.0004650309,-27.750957,2.2987595,0.7662532,0.136,0.0,0.21319515,6.479995,6.4999948,1046400
hardzero_plus_depr__c0p50__z1p00__lam0p020__nu0p50__psi0p75,hardzero_plus_depr,0.06,37,327,0.0,2,0.17019413,0.17019413,1.0171881,0.0,0.0961196,0.0,0.0,0.0004581074,-26.449442,2.2378585,0.74595284,0.128,0.0,0.16707844,6.4999948,6.5199947,1049600
hardzero_plus_depr__c0p50__z1p00__lam0p020__nu0p50__psi0p75,hardzero_plus_depr,0.06,37,328,0.0,2,0.17019413,0.17019413,1.0139196,0.0,0.09684571,0.0,0.0,0.00045128714,-26.139055,2.2306676,0.7435559,0.16800001,0.0,0.20541053,6.5199947,6.5399947,1052800
hardzero_plus_depr__c0p50__z1p00__lam0p020__nu0p50__psi0p75,hardzero_plus_depr,0.06,37,329,0.0,2,0.17019413,0.17019413,1.0000666,0.0,0.09998464,0.0,0.0,0.00044456837,-26.93814,2.2001905,0.7333969,0.104,0.0,0.16776466,6.5399947,6.5599947,1056000
hardzero_plus_depr__c0p50__z1p00__lam0p020__nu0p50__psi0p75,hardzero_plus_depr,0.06,37,330,0.0,2,0.17019413,0.17019413,1.0141603,0.0,0.09679206,0.0,0.0,0.00043794946,-26.744658,2.231197,0.7437324,0.15200001,0.0,0.18360142,6.5599947,6.5799947,1059200
hardzero_plus_depr__c0p50__z1p00__lam0p020__nu0p50__psi0p75,hardzero_plus_depr,0.06,37,331,0.0,2,0.17019413,0.1702377,0.995755,0.100982234,0.100982234,1.0,4.3566695e-05,0.0004314293,-26.988422,2.1907048,0.730235,0.14400001,0.0,0.1672095,6.5799947,6.5999947,1062400
hardzero_plus_depr__c0p50__z1p00__lam0p020__nu0p50__psi0p75,hardzero_plus_depr,0.06,37,332,0.0,2,0.1702377,0.1702377,1.0021937,0.0,0.099496156,0.0,0.0,0.0004250062,-26.126507,2.2048702,0.73495674,0.136,0.0,0.17092957,6.5999947,6.6199946,1065600
hardzero_plus_depr__c0p50__z1p00__lam0p020__nu0p50__psi0p75,hardzero_plus_depr,0.06,37,333,0.0,2,0.1702377,0.17027995,0.99607104,0.10090878,0.10090878,1.0,4.2248364e-05,0.00041867877,-26.915045,2.1914,0.7304667,0.192,0.0,0.18784936,6.6199946,6.6399946,1068800
hardzero_plus_depr__c0p50__z1p00__lam0p020__nu0p50__psi0p75,hardzero_plus_depr,0.06,37,334,0.0,2,0.17027995,0.1703243,0.9684808,0.107527405,0.107527405,1.0,4.4349195e-05,0.00041244552,-26.739243,2.1307003,0.71023345,0.16800001,0.0,0.18832739,6.6399946,6.6599946,1072000
hardzero_plus_depr__c0p50__z1p00__lam0p020__nu0p50__psi0p75,hardzero_plus_depr,0.06,37,335,0.0,2,0.1703243,0.17036572,0.9915183,0.10197217,0.10197217,1.0,4.1431787e-05,0.00040630484,-26.696474,2.1813838,0.72712797,0.17600001,0.0,0.19281177,6.6599946,6.6799946,1075200
hardzero_plus_depr__c0p50__z1p00__lam0p020__nu0p50__psi0p75,hardzero_plus_depr,0.06,37,336,0.0,2,0.17036572,0.17036572,1.022604,0.0,0.09492837,0.0,0.0,0.0004002558,-27.280884,2.2497737,0.7499246,0.14400001,0.0,0.18431133,6.6799946,6.6999946,1078400
hardzero_plus_depr__c0p50__z1p00__lam0p020__nu0p50__psi0p75,hardzero_plus_depr,0.06,37,337,0.0,2,0.17036572,0.17036572,1.0338761,0.0,0.09249621,0.0,0.0,0.0003942968,-27.298431,2.2745728,0.758191,0.072000004,0.0,0.18187828,6.6999946,6.7199945,1081600
hardzero_plus_depr__c0p50__z1p00__lam0p020__nu0p50__psi0p75,hardzero_plus_depr,0.06,37,338,0.0,2,0.17036572,0.17036572,1.029951,0.0,0.093335964,0.0,0.0,0.0003884264,-28.371975,2.2659373,0.75531244,0.22999999,0.0,0.19387694,6.7199945,6.7399945,1084800
hardzero_plus_depr__c0p50__z1p00__lam0p020__nu0p50__psi0p75,hardzero_plus_depr,0.06,37,339,0.0,2,0.17036572,0.17040814,0.9551357,0.11088283,0.11088283,1.0,4.2428597e-05,0.0003826435,-25.461199,2.1013405,0.70044684,0.15200001,0.0,0.18551816,6.7399945,6.7599945,1088000
hardzero_plus_depr__c0p50__z1p00__lam0p020__nu0p50__psi0p75,hardzero_plus_depr,0.06,37,340,0.0,2,0.17040814,0.17040814,1.0342036,0.0,0.092426464,0.0,0.0,0.00037694676,-28.168304,2.2752934,0.75843114,0.136,0.0,0.17830709,6.7599945,6.7799945,1091200
hardzero_plus_depr__c0p50__z1p00__lam0p020__nu0p50__psi0p75,hardzero_plus_depr,0.06,37,341,0.0,2,0.17040814,0.17044851,0.9637644,0.108701505,0.108701505,1.0,4.0364648e-05,0.00037133478,-25.967974,2.1203241,0.7067747,0.24000001,0.0,0.1601341,6.7799945,6.7999945,1094400
hardzero_plus_depr__c0p50__z1p00__lam0p020__nu0p50__psi0p75,hardzero_plus_depr,0.06,37,342,0.0,2,0.17044851,0.17044851,1.0250077,0.0,0.09440441,0.0,0.0,0.0003658064,-27.077057,2.255062,0.7516874,0.16000001,0.0,0.18668553,6.7999945,6.8199944,1097600
hardzero_plus_depr__c0p50__z1p00__lam0p020__nu0p50__psi0p75,hardzero_plus_depr,0.06,37,343,0.0,2,0.17044851,0.17044851,1.0061948,0.0,0.09858371,0.0,0.0,0.0003603601,-27.365828,2.2136729,0.73789096,0.24000001,0.0,0.19689266,6.8199944,6.8399944,1100800
hardzero_plus_depr__c0p50__z1p00__lam0p020__nu0p50__psi0p75,hardzero_plus_depr,0.06,37,344,0.0,2,0.17044851,0.17044851,1.02524,0.0,0.09435394,0.0,0.0,0.0003549951,-26.331434,2.255573,0.7518577,0.192,0.0,0.15824205,6.8399944,6.8599944,1104000
hardzero_plus_depr__c0p50__z1p00__lam0p020__nu0p50__psi0p75,hardzero_plus_depr,0.06,37,345,0.0,2,0.17044851,0.17044851,1.0187457,0.0,0.09577548,0.0,0.0,0.00034970994,-26.729385,2.241285,0.74709505,0.128,0.0,0.18350747,6.8599944,6.8799944,1107200
hardzero_plus_depr__c0p50__z1p00__lam0p020__nu0p50__psi0p75,hardzero_plus_depr,0.06,37,346,0.0,2,0.17044851,0.17044851,1.0580989,0.0,0.08747846,0.0,0.0,0.00034450335,-27.603104,2.3278642,0.7759547,0.16000001,0.0,0.20278236,6.8799944,6.8999944,1110400
hardzero_plus_depr__c0p50__z1p00__lam0p020__nu0p50__psi0p75,hardzero_plus_depr,0.06,37,347,0.0,2,0.17044851,0.17044851,1.05062,0.0,0.08899795,0.0,0.0,0.00033937438,-27.661661,2.3114102,0.7704701,0.104,0.0,0.18740715,6.8999944,6.9199944,1113600
hardzero_plus_depr__c0p50__z1p00__lam0p020__nu0p50__psi0p75,hardzero_plus_depr,0.06,37,348,0.0,2,0.17044851,0.17044851,1.0035144,0.0,0.09919405,0.0,0.0,0.0003343218,-26.894772,2.2077758,0.7359253,0.15200001,0.0,0.18982764,6.9199944,6.9399943,1116800
hardzero_plus_depr__c0p50__z1p00__lam0p020__nu0p50__psi0p75,hardzero_plus_depr,0.06,37,349,0.0,2,0.17044851,0.17044851,1.0176225,0.0,0.0960235,0.0,0.0,0.00032934448,-27.327524,2.238814,0.7462714,0.16000001,0.008,0.20609258,6.9399943,6.9599943,1120000
hardzero_plus_depr__c0p50__z1p00__lam0p020__nu0p50__psi0p75,hardzero_plus_depr,0.06,37,350,0.0,2,0.17044851,0.17044851,1.0692226,0.0,0.08526629,0.0,0.0,0.00032444124,-28.72247,2.3523366,0.7841122,0.120000005,0.0,0.22530971,6.9599943,6.9799943,1123200
hardzero_plus_depr__c0p50__z1p00__lam0p020__nu0p50__psi0p75,hardzero_plus_depr,0.06,37,351,0.0,2,0.17044851,0.17048134,0.988381,0.10271148,0.10271148,1.0,3.2827695e-05,0.0003196108,-26.08947,2.1744816,0.72482723,0.22,0.0,0.14535324,6.9799943,6.9999943,1126400
hardzero_plus_depr__c0p50__z1p00__lam0p020__nu0p50__psi0p75,hardzero_plus_depr,0.06,37,352,0.0,2,0.17048134,0.17048134,1.0009235,0.0,0.09978758,0.0,0.0,0.00031485246,-27.45434,2.2020757,0.73402524,0.216,0.0,0.19464813,6.9999943,7.0199943,1129600
hardzero_plus_depr__c0p50__z1p00__lam0p020__nu0p50__psi0p75,hardzero_plus_depr,0.06,37,353,0.0,2,0.17048134,0.17048134,1.044189,0.0,0.090325624,0.0,0.0,0.00031016496,-27.426472,2.2972617,0.7657539,0.16800001,0.0,0.18426304,7.0199943,7.0399942,1132800
hardzero_plus_depr__c0p50__z1p00__lam0p020__nu0p50__psi0p75,hardzero_plus_depr,0.06,37,354,0.0,2,0.17048134,0.17048134,1.0699152,0.0,0.08513042,0.0,0.0,0.0003055471,-28.000162,2.3538604,0.78462017,0.16000001,0.0,0.18689397,7.0399942,7.059994,1136000
hardzero_plus_depr__c0p50__z1p00__lam0p020__nu0p50__psi0p75,hardzero_plus_depr,0.06,37,355,0.0,2,0.17048134,0.170513,0.97791713,0.10521627,0.10521627,1.0,3.16699e-05,0.00030099813,-26.461103,2.1514606,0.71715355,0.216,0.0,0.16531342,7.059994,7.079994,1139200
hardzero_plus_depr__c0p50__z1p00__lam0p020__nu0p50__psi0p75,hardzero_plus_depr,0.06,37,356,0.0,2,0.170513,0.170513,1.0328571,0.0,0.09271349,0.0,0.0,0.00029651693,-27.72824,2.272331,0.75744367,0.14400001,0.0,0.18496084,7.079994,7.099994,1142400
hardzero_plus_depr__c0p50__z1p00__lam0p020__nu0p50__psi0p75,hardzero_plus_depr,0.06,37,357,0.0,2,0.170513,0.170513,1.0598185,0.0,0.08713275,0.0,0.0,0.00029210237,-28.311462,2.3316472,0.7772157,0.14400001,0.0,0.20038994,7.099994,7.119994,1145600
hardzero_plus_depr__c0p50__z1p00__lam0p020__nu0p50__psi0p75,hardzero_plus_depr,0.06,37,358,0.0,2,0.170513,0.17054345,0.9754783,0.105808765,0.105808765,1.0,3.0446852e-05,0.0002877536,-26.841345,2.146095,0.71536505,0.16800001,0.0,0.18632548,7.119994,7.139994,1148800
hardzero_plus_depr__c0p50__z1p00__lam0p020__nu0p50__psi0p75,hardzero_plus_depr,0.06,37,359,0.0,2,0.17054345,0.17054345,1.0133538,0.0,0.09697196,0.0,0.0,0.0002834694,-27.808716,2.229423,0.74314106,0.16800001,0.0,0.18067372,7.139994,7.159994,1152000
hardzero_plus_depr__c0p50__z1p00__lam0p020__nu0p50__psi0p75,hardzero_plus_depr,0.06,37,360,0.0,2,0.17054345,0.17054345,1.0277183,0.0,0.09381703,0.0,0.0,0.0002792491,-27.46598,2.2610254,0.75367516,0.136,0.0,0.16342656,7.159994,7.179994,1155200
hardzero_plus_depr__c0p50__z1p00__lam0p020__nu0p50__psi0p75,hardzero_plus_depr,0.06,37,361,0.0,2,0.17054345,0.17057148,0.9918948,0.10188381,0.10188381,1.0,2.8027383e-05,0.00027509165,-26.438158,2.182212,0.72740406,0.16800001,0.0,0.18123336,7.179994,7.199994,1158400
hardzero_plus_depr__c0p50__z1p00__lam0p020__nu0p50__psi0p75,hardzero_plus_depr,0.06,37,362,0.0,2,0.17057148,0.17057148,1.0632749,0.0,0.08644207,0.0,0.0,0.00027099598,-28.452002,2.3392515,0.7797505,0.2,0.0,0.20321417,7.199994,7.219994,1161600
hardzero_plus_depr__c0p50__z1p00__lam0p020__nu0p50__psi0p75,hardzero_plus_depr,0.06,37,363,0.0,2,0.17057148,0.17060071,0.9604568,0.10953254,0.10953254,1.0,2.9240964e-05,0.00026696143,-26.590698,2.1130471,0.70434904,0.16000001,0.0,0.18032402,7.219994,7.239994,1164800
hardzero_plus_depr__c0p50__z1p00__lam0p020__nu0p50__psi0p75,hardzero_plus_depr,0.06,37,364,0.0,2,0.17060071,0.17062755,0.99128324,0.10202737,0.10202737,1.0,2.6831862e-05,0.0002629869,-27.06089,2.1808667,0.7269556,0.22,0.0,0.19096391,7.239994,7.259994,1168000
hardzero_plus_depr__c0p50__z1p00__lam0p020__nu0p50__psi0p75,hardzero_plus_depr,0.06,37,365,0.0,2,0.17062755,0.17065372,0.9957587,0.10098137,0.10098137,1.0,2.61614e-05,0.00025907156,-26.931866,2.190713,0.73023766,0.17600001,0.0,0.17572269,7.259994,7.279994,1171200
hardzero_plus_depr__c0p50__z1p00__lam0p020__nu0p50__psi0p75,hardzero_plus_depr,0.06,37,366,0.0,2,0.17065372,0.1706805,0.9790409,0.10494434,0.10494434,1.0,2.6783322e-05,0.00025521455,-27.738668,2.153933,0.7179777,0.224,0.0,0.15350151,7.279994,7.299994,1174400
hardzero_plus_depr__c0p50__z1p00__lam0p020__nu0p50__psi0p75,hardzero_plus_depr,0.06,37,367,0.0,2,0.1706805,0.1706805,1.0387383,0.0,0.091466434,0.0,0.0,0.0002514148,-27.272009,2.2852697,0.7617566,0.15200001,0.008,0.19683333,7.299994,7.319994,1177600
hardzero_plus_depr__c0p50__z1p00__lam0p020__nu0p50__psi0p75,hardzero_plus_depr,0.06,37,368,0.0,2,0.1706805,0.1706805,1.0108967,0.0,0.09752217,0.0,0.0,0.00024767176,-27.09966,2.2240171,0.7413391,0.15200001,0.0,0.18575008,7.319994,7.339994,1180800
hardzero_plus_depr__c0p50__z1p00__lam0p020__nu0p50__psi0p75,hardzero_plus_depr,0.06,37,369,0.0,2,0.1706805,0.17070495,0.9990536,0.10021815,0.10021815,1.0,2.4451667e-05,0.00024398442,-26.27565,2.1979618,0.732654,0.216,0.0,0.16577421,7.339994,7.359994,1184000
hardzero_plus_depr__c0p50__z1p00__lam0p020__nu0p50__psi0p75,hardzero_plus_depr,0.06,37,370,0.0,2,0.17070495,0.17070495,1.0662022,0.0,0.08586138,0.0,0.0,0.0002403519,-27.606253,2.3456917,0.78189725,0.16000001,0.0,0.18769369,7.359994,7.379994,1187200
hardzero_plus_depr__c0p50__z1p00__lam0p020__nu0p50__psi0p75,hardzero_plus_depr,0.06,37,371,0.0,2,0.17070495,0.17072912,0.9911947,0.10204817,0.10204817,1.0,2.416231e-05,0.00023677356,-26.312521,2.180672,0.7268907,0.208,0.0,0.15978375,7.379994,7.399994,1190400
hardzero_plus_depr__c0p50__z1p00__lam0p020__nu0p50__psi0p75,hardzero_plus_depr,0.06,37,372,0.0,2,0.17072912,0.17072912,1.0251834,0.0,0.09436622,0.0,0.0,0.00023324849,-28.124086,2.2554486,0.7518162,0.17600001,0.0,0.2108989,7.399994,7.419994,1193600
hardzero_plus_depr__c0p50__z1p00__lam0p020__nu0p50__psi0p75,hardzero_plus_depr,0.06,37,373,0.0,2,0.17072912,0.17075291,0.98487294,0.103544496,0.103544496,1.0,2.379203e-05,0.0002297759,-26.863396,2.1667638,0.72225463,0.16800001,0.0,0.18717825,7.419994,7.439994,1196800
hardzero_plus_depr__c0p50__z1p00__lam0p020__nu0p50__psi0p75,hardzero_plus_depr,0.06,37,374,0.0,2,0.17075291,0.17075291,1.0373069,0.0,0.0917684,0.0,0.0,0.00022635504,-27.261986,2.2821207,0.7607069,0.120000005,0.0,0.17608272,7.439994,7.459994,1200000
hardzero_plus_depr__c0p50__z1p00__lam0p020__nu0p50__psi0p75,hardzero_plus_depr,0.06,37,375,0.0,2,0.17075291,0.17075291,1.0360485,0.0,0.09203468,0.0,0.0,0.00022298495,-27.322018,2.2793522,0.7597841,0.112,0.0,0.18540917,7.459994,7.479994,1203200
hardzero_plus_depr__c0p50__z1p00__lam0p020__nu0p50__psi0p75,hardzero_plus_depr,0.06,37,376,0.0,2,0.17075291,0.17075291,1.0265207,0.0,0.0940761,0.0,0.0,0.00021966518,-26.800146,2.2583907,0.7527969,0.18400002,0.0,0.18874156,7.479994,7.499994,1206400
hardzero_plus_depr__c0p50__z1p00__lam0p020__nu0p50__psi0p75,hardzero_plus_depr,0.06,37,377,0.0,2,0.17075291,0.17075291,1.0183177,0.0,0.0958699,0.0,0.0,0.00021639482,-27.972982,2.2403436,0.74678123,0.11,0.0,0.17586325,7.499994,7.519994,1209600
hardzero_plus_depr__c0p50__z1p00__lam0p020__nu0p50__psi0p75,hardzero_plus_depr,0.06,37,378,0.0,2,0.17075291,0.17077462,0.9919454,0.10187193,0.10187193,1.0,2.1716349e-05,0.00021317304,-26.055721,2.1823235,0.7274412,0.18400002,0.0,0.16777638,7.519994,7.539994,1212800
hardzero_plus_depr__c0p50__z1p00__lam0p020__nu0p50__psi0p75,hardzero_plus_depr,0.06,37,379,0.0,2,0.17077462,0.17077462,1.0351001,0.0,0.09223587,0.0,0.0,0.00020999934,-27.418556,2.2772658,0.75908864,0.16000001,0.0,0.18309505,7.539994,7.5599937,1216000
hardzero_plus_depr__c0p50__z1p00__lam0p020__nu0p50__psi0p75,hardzero_plus_depr,0.06,37,380,0.0,2,0.17077462,0.17079596,0.9866387,0.10312436,0.10312436,1.0,2.1333633e-05,0.00020687288,-26.65253,2.1706486,0.72354954,0.208,0.0,0.17305467,7.5599937,7.5799937,1219200
hardzero_plus_depr__c0p50__z1p00__lam0p020__nu0p50__psi0p75,hardzero_plus_depr,0.06,37,381,0.0,2,0.17079596,0.17079596,1.0235223,0.0,0.09472786,0.0,0.0,0.00020379298,-27.918816,2.2517939,0.75059795,0.16000001,0.0,0.18421197,7.5799937,7.5999937,1222400
hardzero_plus_depr__c0p50__z1p00__lam0p020__nu0p50__psi0p75,hardzero_plus_depr,0.06,37,382,0.0,2,0.17079596,0.17079596,1.0320274,0.0,0.092890784,0.0,0.0,0.00020075892,-27.697407,2.2705054,0.75683516,0.15200001,0.0,0.19366038,7.5999937,7.6199937,1225600
hardzero_plus_depr__c0p50__z1p00__lam0p020__nu0p50__psi0p75,hardzero_plus_depr,0.06,37,383,0.0,2,0.17079596,0.17081642,0.9854234,0.10341334,0.10341334,1.0,2.045205e-05,0.00019776993,-26.420105,2.1679747,0.7226583,0.08800001,0.0,0.17355037,7.6199937,7.6399937,1228800
hardzero_plus_depr__c0p50__z1p00__lam0p020__nu0p50__psi0p75,hardzero_plus_depr,0.06,37,384,0.0,2,0.17081642,0.17083728,0.9701583,0.10711289,0.10711289,1.0,2.0868329e-05,0.00019482555,-26.03127,2.1343908,0.71146363,0.16000001,0.0,0.17020293,7.6399937,7.6599936,1232000
hardzero_plus_depr__c0p50__z1p00__lam0p020__nu0p50__psi0p75,hardzero_plus_depr,0.06,37,385,0.0,2,0.17083728,0.17085679,0.9929693,0.101632066,0.101632066,1.0,1.9505736e-05,0.00019192502,-26.987173,2.184576,0.72819203,0.16000001,0.0,0.2012979,7.6599936,7.6799936,1235200
hardzero_plus_depr__c0p50__z1p00__lam0p020__nu0p50__psi0p75,hardzero_plus_depr,0.06,37,386,0.0,2,0.17085679,0.17087772,0.95580184,0.11071286,0.11071286,1.0,2.0932208e-05,0.00018906753,-25.749498,2.102806,0.70093536,0.216,0.0,0.17460963,7.6799936,7.6999936,1238400
hardzero_plus_depr__c0p50__z1p00__lam0p020__nu0p50__psi0p75,hardzero_plus_depr,0.06,37,387,0.0,2,0.17087772,0.17089787,0.96595937,0.10815352,0.10815352,1.0,2.0143889e-05,0.00018625273,-26.508017,2.125153,0.7083844,0.16000001,0.0,0.17386772,7.6999936,7.7199936,1241600
hardzero_plus_depr__c0p50__z1p00__lam0p020__nu0p50__psi0p75,hardzero_plus_depr,0.06,37,388,0.0,2,0.17089787,0.17089787,1.0506507,0.0,0.08899165,0.0,0.0,0.00018347982,-27.56034,2.3114777,0.77049255,0.128,0.0,0.18359706,7.7199936,7.7399936,1244800
hardzero_plus_depr__c0p50__z1p00__lam0p020__nu0p50__psi0p75,hardzero_plus_depr,0.06,37,389,0.0,2,0.17089787,0.17089787,1.0102609,0.0,0.097665004,0.0,0.0,0.00018074816,-27.78495,2.2226183,0.7408728,0.16800001,0.0,0.17879151,7.7399936,7.7599936,1248000
hardzero_plus_depr__c0p50__z1p00__lam0p020__nu0p50__psi0p75,hardzero_plus_depr,0.06,37,390,0.0,2,0.17089787,0.17089787,1.0904949,0.0,0.08119048,0.0,0.0,0.0001780572,-28.117088,2.3991365,0.7997122,0.07,0.0,0.21961488,7.7599936,7.7799935,1251200
hardzero_plus_depr__c0p50__z1p00__lam0p020__nu0p50__psi0p75,hardzero_plus_depr,0.06,37,391,0.0,2,0.17089787,0.17091642,0.9756549,0.10576577,0.10576577,1.0,1.8551973e-05,0.00017540621,-26.05829,2.1464837,0.7154946,0.2,0.0,0.16483848,7.7799935,7.7999935,1254400
hardzero_plus_depr__c0p50__z1p00__lam0p020__nu0p50__psi0p75,hardzero_plus_depr,0.06,37,392,0.0,2,0.17091642,0.17093466,0.9766968,0.10551231,0.10551231,1.0,1.8231976e-05,0.00017279478,-26.370825,2.1487758,0.71625865,0.16800001,0.0,0.18024969,7.7999935,7.8199935,1257600
hardzero_plus_depr__c0p50__z1p00__lam0p020__nu0p50__psi0p75,hardzero_plus_depr,0.06,37,393,0.0,2,0.17093466,0.17093466,1.0542336,0.0,0.0882605,0.0,0.0,0.00017022222,-27.761202,2.31936,0.77312005,0.136,0.0,0.18205675,7.8199935,7.8399935,1260800
hardzero_plus_depr__c0p50__z1p00__lam0p020__nu0p50__psi0p75,hardzero_plus_depr,0.06,37,394,0.0,2,0.17093466,0.17093466,1.0337492,0.0,0.09252323,0.0,0.0,0.00016768789,-27.056435,2.2742937,0.7580979,0.16800001,0.0,0.18122403,7.8399935,7.8599935,1264000
hardzero_plus_depr__c0p50__z1p00__lam0p020__nu0p50__psi0p75,hardzero_plus_depr,0.06,37,395,0.0,2,0.17093466,0.17093466,1.0462984,0.0,0.08988798,0.0,0.0,0.00016519136,-27.063498,2.3019025,0.76730084,0.136,0.0,0.18639016,7.8599935,7.8799934,1267200
hardzero_plus_depr__c0p50__z1p00__lam0p020__nu0p50__psi0p75,hardzero_plus_depr,0.06,37,396,0.0,2,0.17093466,0.17095247,0.9610212,0.10939029,0.10939029,1.0,1.7801302e-05,0.000162732,-26.37565,2.1142888,0.70476294,0.224,0.0,0.16692272,7.8799934,7.8999934,1270400
hardzero_plus_depr__c0p50__z1p00__lam0p020__nu0p50__psi0p75,hardzero_plus_depr,0.06,37,397,0.0,2,0.17095247,0.17095247,1.0273126,0.0,0.09390471,0.0,0.0,0.00016030927,-27.305056,2.260133,0.7533777,0.15200001,0.0,0.17834699,7.8999934,7.9199934,1273600
hardzero_plus_depr__c0p50__z1p00__lam0p020__nu0p50__psi0p75,hardzero_plus_depr,0.06,37,398,0.0,2,0.17095247,0.17095247,1.0530738,0.0,0.08849652,0.0,0.0,0.00015792261,-26.85517,2.3168085,0.7722695,0.17600001,0.0,0.16961674,7.9199934,7.9399934,1276800
hardzero_plus_depr__c0p50__z1p00__lam0p020__nu0p50__psi0p75,hardzero_plus_depr,0.06,37,399,0.0,2,0.17095247,0.17095247,1.0045378,0.0,0.09896056,0.0,0.0,0.00015557137,-26.929317,2.2100275,0.73667586,0.16000001,0.0,0.21421388,7.9399934,7.9599934,1280000
hardzero_plus_depr__c0p50__z1p00__lam0p020__nu0p50__psi0p75,hardzero_plus_depr,0.06,37,400,0.0,2,0.17095247,0.17095247,1.0110836,0.0,0.097480185,0.0,0.0,0.00015325524,-26.825678,2.2244284,0.7414762,0.17600001,0.0,0.17728133,7.9599934,7.9799933,1283200
hardzero_plus_depr__c0p50__z1p00__lam0p020__nu0p50__psi0p75,hardzero_plus_depr,0.06,37,401,0.0,2,0.17095247,0.17095247,1.0437589,0.0,0.09041513,0.0,0.0,0.00015097359,-27.65812,2.2963154,0.7654385,0.15200001,0.0,0.1881697,7.9799933,7.9999933,1286400
hardzero_plus_depr__c0p50__z1p00__lam0p020__nu0p50__psi0p75,hardzero_plus_depr,0.06,37,402,0.0,2,0.17095247,0.17095247,1.0271993,0.0,0.09392921,0.0,0.0,0.00014872583,-26.92505,2.2598834,0.75329447,0.208,0.0,0.1978976,7.9999933,8.019994,1289600
hardzero_plus_depr__c0p50__z1p00__lam0p020__nu0p50__psi0p75,hardzero_plus_depr,0.06,37,403,0.0,2,0.17095247,0.17095247,1.0041164,0.0,0.099056646,0.0,0.0,0.00014651155,-27.164598,2.2091002,0.73636675,0.16,0.0,0.2050443,8.019994,8.039994,1292800
hardzero_plus_depr__c0p50__z1p00__lam0p020__nu0p50__psi0p75,hardzero_plus_depr,0.06,37,404,0.0,2,0.17095247,0.1709678,0.9737943,0.10621985,0.10621985,1.0,1.5330734e-05,0.00014433022,-26.32895,2.1423903,0.7141301,0.192,0.0,0.16260423,8.039994,8.059995,1296000
hardzero_plus_depr__c0p50__z1p00__lam0p020__nu0p50__psi0p75,hardzero_plus_depr,0.06,37,405,0.0,2,0.1709678,0.1709678,1.0118864,0.0,0.09730019,0.0,0.0,0.00014218138,-27.60186,2.2261944,0.74206483,0.16000001,0.0,0.177405,8.059995,8.079995,1299200
hardzero_plus_depr__c0p50__z1p00__lam0p020__nu0p50__psi0p75,hardzero_plus_depr,0.06,37,406,0.0,2,0.1709678,0.1709678,1.059974,0.0,0.08710158,0.0,0.0,0.00014006453,-28.499596,2.3319893,0.7773298,0.136,0.0,0.1833538,8.079995,8.099996,1302400
hardzero_plus_depr__c0p50__z1p00__lam0p020__nu0p50__psi0p75,hardzero_plus_depr,0.06,37,407,0.0,2,0.1709678,0.1709678,1.0250039,0.0,0.09440524,0.0,0.0,0.00013797918,-27.405952,2.2550535,0.75168455,0.15200001,0.0,0.18434836,8.099996,8.119996,1305600
hardzero_plus_depr__c0p50__z1p00__lam0p020__nu0p50__psi0p75,hardzero_plus_depr,0.06,37,408,0.0,2,0.1709678,0.1709678,1.0160849,0.0,0.09636406,0.0,0.0,0.0001359249,-26.134727,2.2354314,0.74514383,0.15200001,0.0,0.18358733,8.119996,8.139997,1308800
hardzero_plus_depr__c0p50__z1p00__lam0p020__nu0p50__psi0p75,hardzero_plus_depr,0.06,37,409,0.0,2,0.1709678,0.1709678,1.0535232,0.0,0.088405,0.0,0.0,0.0001339012,-28.103962,2.3177972,0.7725991,0.120000005,0.0,0.19085158,8.139997,8.159997,1312000
hardzero_plus_depr__c0p50__z1p00__lam0p020__nu0p50__psi0p75,hardzero_plus_depr,0.06,37,410,0.0,2,0.1709678,0.1709678,1.0410861,0.0,0.09097329,0.0,0.0,0.00013190763,-27.514032,2.290435,0.7634784,0.128,0.0,0.18410926,8.159997,8.179997,1315200
hardzero_plus_depr__c0p50__z1p00__lam0p020__nu0p50__psi0p75,hardzero_plus_depr,0.06,37,411,0.0,2,0.1709678,0.1709678,1.031472,0.0,0.09300965,0.0,0.0,0.00012994371,-28.195747,2.2692838,0.75642794,0.16000001,0.0,0.20138176,8.179997,8.199998,1318400
hardzero_plus_depr__c0p50__z1p00__lam0p020__nu0p50__psi0p75,hardzero_plus_depr,0.06,37,412,0.0,2,0.1709678,0.1709678,1.0016662,0.0,0.09961707,0.0,0.0,0.00012800908,-27.179367,2.2037096,0.7345699,0.128,0.0,0.1943215,8.199998,8.219998,1321600
hardzero_plus_depr__c0p50__z1p00__lam0p020__nu0p50__psi0p75,hardzero_plus_depr,0.06,37,413,0.0,2,0.1709678,0.17098123,0.9728,0.1064633,0.1064633,1.0,1.3425366e-05,0.00012610323,-27.0577,2.1402028,0.71340096,0.192,0.0,0.1711161,8.219998,8.239999,1324800
hardzero_plus_depr__c0p50__z1p00__lam0p020__nu0p50__psi0p75,hardzero_plus_depr,0.06,37,414,0.0,2,0.17098123,0.17098123,1.0133051,0.0,0.096982844,0.0,0.0,0.00012422576,-27.048517,2.2293158,0.7431053,0.17600001,0.0,0.16790779,8.239999,8.259999,1328000
hardzero_plus_depr__c0p50__z1p00__lam0p020__nu0p50__psi0p75,hardzero_plus_depr,0.06,37,415,0.0,2,0.17098123,0.17098123,1.0313419,0.0,0.09303751,0.0,0.0,0.00012237624,-28.148426,2.2689974,0.7563325,0.15200001,0.0,0.18468082,8.259999,8.28,1331200
hardzero_plus_depr__c0p50__z1p00__lam0p020__nu0p50__psi0p75,hardzero_plus_depr,0.06,37,416,0.0,2,0.17098123,0.17098123,1.0707446,0.0,0.084968,0.0,0.0,0.00012055424,-27.707102,2.3556852,0.78522843,0.11,0.0,0.19418496,8.28,8.3,1334400
hardzero_plus_depr__c0p50__z1p00__lam0p020__nu0p50__psi0p75,hardzero_plus_depr,0.06,37,417,0.0,2,0.17098123,0.17098123,1.0278412,0.0,0.09379049,0.0,0.0,0.000118759366,-27.550264,2.2612958,0.7537653,0.128,0.0,0.20846154,8.3,8.320001,1337600
hardzero_plus_depr__c0p50__z1p00__lam0p020__nu0p50__psi0p75,hardzero_plus_depr,0.06,37,418,0.0,2,0.17098123,0.17098123,1.0065522,0.0,0.098502606,0.0,0.0,0.00011699124,-27.178825,2.2144592,0.7381531,0.15200001,0.0,0.18711865,8.320001,8.340001,1340800
hardzero_plus_depr__c0p50__z1p00__lam0p020__nu0p50__psi0p75,hardzero_plus_depr,0.06,37,419,0.0,2,0.17098123,0.17099282,0.9977094,0.10052882,0.10052882,1.0,1.1585889e-05,0.00011524943,-26.525629,2.1950045,0.7316682,0.136,0.0,0.15881705,8.340001,8.360002,1344000
hardzero_plus_depr__c0p50__z1p00__lam0p020__nu0p50__psi0p75,hardzero_plus_depr,0.06,37,420,0.0,2,0.17099282,0.17099282,1.0318884,0.0,0.09292051,0.0,0.0,0.000113533555,-27.724348,2.2701998,0.7567333,0.14400001,0.0,0.17373075,8.360002,8.380002,1347200
hardzero_plus_depr__c0p50__z1p00__lam0p020__nu0p50__psi0p75,hardzero_plus_depr,0.06,37,421,0.0,2,0.17099282,0.17100592,0.931549,0.11707144,0.11707144,1.0,1.3093648e-05,0.00011184323,-25.821568,2.0494487,0.6831496,0.24000001,0.0,0.17298149,8.380002,8.4000025,1350400
hardzero_plus_depr__c0p50__z1p00__lam0p020__nu0p50__psi0p75,hardzero_plus_depr,0.06,37,422,0.0,2,0.17100592,0.17100592,1.0309259,0.0,0.093126684,0.0,0.0,0.00011017805,-27.578283,2.2680821,0.7560274,0.216,0.0,0.17168541,8.4000025,8.420003,1353600
hardzero_plus_depr__c0p50__z1p00__lam0p020__nu0p50__psi0p75,hardzero_plus_depr,0.06,37,423,0.0,2,0.17100592,0.17100592,1.0483109,0.0,0.089472406,0.0,0.0,0.00010853767,-28.18056,2.30633,0.76877666,0.08800001,0.0,0.21191701,8.420003,8.440003,1356800
hardzero_plus_depr__c0p50__z1p00__lam0p020__nu0p50__psi0p75,hardzero_plus_depr,0.06,37,424,0.0,2,0.17100592,0.17100592,1.0309395,0.0,0.09312377,0.0,0.0,0.000106921725,-27.382614,2.2681122,0.7560374,0.216,0.0,0.20446426,8.440003,8.460004,1360000
hardzero_plus_depr__c0p50__z1p00__lam0p020__nu0p50__psi0p75,hardzero_plus_depr,0.06,37,425,0.0,2,0.17100592,0.17100592,1.0134429,0.0,0.09695207,0.0,0.0,0.00010532983,-27.333162,2.2296188,0.74320626,0.16800001,0.0,0.21097952,8.460004,8.480004,1363200
hardzero_plus_depr__c0p50__z1p00__lam0p020__nu0p50__psi0p75,hardzero_plus_depr,0.06,37,426,0.0,2,0.17100592,0.17100592,1.015061,0.0,0.09659152,0.0,0.0,0.000103761646,-27.16207,2.2331789,0.744393,0.120000005,0.0,0.19233562,8.480004,8.500005,1366400
hardzero_plus_depr__c0p50__z1p00__lam0p020__nu0p50__psi0p75,hardzero_plus_depr,0.06,37,427,0.0,2,0.17100592,0.1710171,0.96131337,0.10931674,0.10931674,1.0,1.1174007e-05,0.0001022168,-25.508955,2.1149316,0.7049772,0.17600001,0.0,0.15113056,8.500005,8.520005,1369600
hardzero_plus_depr__c0p50__z1p00__lam0p020__nu0p50__psi0p75,hardzero_plus_depr,0.06,37,428,0.0,2,0.1710171,0.1710171,1.0478593,0.0,0.089565486,0.0,0.0,0.00010069495,-27.88397,2.3053365,0.7684455,0.136,0.0,0.17575558,8.520005,8.540006,1372800
hardzero_plus_depr__c0p50__z1p00__lam0p020__nu0p50__psi0p75,hardzero_plus_depr,0.06,37,429,0.0,2,0.1710171,0.17102714,0.99474686,0.10121691,0.10121691,1.0,1.00402885e-05,9.9195764e-05,-26.351852,2.1884868,0.72949564,0.22999999,0.0,0.17734736,8.540006,8.560006,1376000
hardzero_plus_depr__c0p50__z1p00__lam0p020__nu0p50__psi0p75,hardzero_plus_depr,0.06,37,430,0.0,2,0.17102714,0.17103715,0.98940444,0.10246972,0.10246972,1.0,1.0013228e-05,9.77189e-05,-26.649942,2.1767333,0.7255778,0.15200001,0.0,0.1898153,8.560006,8.580007,1379200
hardzero_plus_depr__c0p50__z1p00__lam0p020__nu0p50__psi0p75,hardzero_plus_depr,0.06,37,431,0.0,2,0.17103715,0.17103715,1.0744944,0.0,0.08423754,0.0,0.0,9.6264026e-05,-28.523346,2.3639348,0.7879783,0.112,0.0,0.19085768,8.580007,8.600007,1382400
hardzero_plus_depr__c0p50__z1p00__lam0p020__nu0p50__psi0p75,hardzero_plus_depr,0.06,37,432,0.0,2,0.17103715,0.17104693,0.9871267,0.10300855,0.10300855,1.0,9.768383e-06,9.48308e-05,-26.63977,2.1717222,0.7239074,0.216,0.0,0.19672537,8.600007,8.6200075,1385600
hardzero_plus_depr__c0p50__z1p00__lam0p020__nu0p50__psi0p75,hardzero_plus_depr,0.06,37,433,0.0,2,0.17104693,0.17105663,0.983698,0.103824995,0.103824995,1.0,9.699219e-06,9.341892e-05,-26.92249,2.1641788,0.721393,0.16000001,0.0,0.16863823,8.6200075,8.640008,1388800
hardzero_plus_depr__c0p50__z1p00__lam0p020__nu0p50__psi0p75,hardzero_plus_depr,0.06,37,434,0.0,2,0.17105663,0.17105663,1.0346507,0.0,0.09233139,0.0,0.0,9.2028065e-05,-27.771755,2.2762768,0.75875896,0.128,0.0,0.1925324,8.640008,8.660008,1392000
hardzero_plus_depr__c0p50__z1p00__lam0p020__nu0p50__psi0p75,hardzero_plus_depr,0.06,37,435,0.0,2,0.17105663,0.17106596,0.98747504,0.10292596,0.10292596,1.0,9.331054e-06,9.0657915e-05,-27.360977,2.1724885,0.7241628,0.17600001,0.0,0.1718042,8.660008,8.680009,1395200
hardzero_plus_depr__c0p50__z1p00__lam0p020__nu0p50__psi0p75,hardzero_plus_depr,0.06,37,436,0.0,2,0.17106596,0.17106596,1.0008221,0.0,0.0998109,0.0,0.0,8.930817e-05,-27.016718,2.2018526,0.73395085,0.16000001,0.0,0.161698,8.680009,8.700009,1398400
hardzero_plus_depr__c0p50__z1p00__lam0p020__nu0p50__psi0p75,hardzero_plus_depr,0.06,37,437,0.0,2,0.17106596,0.17107585,0.9490634,0.11244406,0.11244406,1.0,9.89266e-06,8.797851e-05,-25.994036,2.0879812,0.6959938,0.23200001,0.0,0.17624593,8.700009,8.72001,1401600
hardzero_plus_depr__c0p50__z1p00__lam0p020__nu0p50__psi0p75,hardzero_plus_depr,0.06,37,438,0.0,2,0.17107585,0.17108561,0.94848907,0.112592876,0.112592876,1.0,9.758272e-06,8.6668646e-05,-25.141638,2.0867176,0.69557256,0.128,0.0,0.16009,8.72001,8.74001,1404800
hardzero_plus_depr__c0p50__z1p00__lam0p020__nu0p50__psi0p75,hardzero_plus_depr,0.06,37,439,0.0,2,0.17108561,0.17109443,0.98585206,0.10331132,0.10331132,1.0,8.820544e-06,8.537829e-05,-26.377098,2.168918,0.72297263,0.2,0.0,0.1719042,8.74001,8.760011,1408000
hardzero_plus_depr__c0p50__z1p00__lam0p020__nu0p50__psi0p75,hardzero_plus_depr,0.06,37,440,0.0,2,0.17109443,0.17110348,0.9686937,0.10747471,0.10747471,1.0,9.039391e-06,8.410715e-05,-26.125624,2.1311686,0.71038955,0.136,0.0,0.18802577,8.760011,8.780011,1411200
hardzero_plus_depr__c0p50__z1p00__lam0p020__nu0p50__psi0p75,hardzero_plus_depr,0.06,37,441,0.0,2,0.17110348,0.17110348,1.0294102,0.0,0.09345223,0.0,0.0,8.285493e-05,-27.187704,2.2647479,0.75491595,0.16000001,0.0,0.16520101,8.780011,8.800012,1414400
hardzero_plus_depr__c0p50__z1p00__lam0p020__nu0p50__psi0p75,hardzero_plus_depr,0.06,37,442,0.0,2,0.17110348,0.17111216,0.97259617,0.106513284,0.106513284,1.0,8.693757e-06,8.162134e-05,-26.291603,2.1397543,0.7132515,0.16,0.0,0.17227054,8.800012,8.820012,1417600
hardzero_plus_depr__c0p50__z1p00__lam0p020__nu0p50__psi0p75,hardzero_plus_depr,0.06,37,443,0.0,2,0.17111216,0.17111216,1.0110401,0.0,0.09748997,0.0,0.0,8.0406135e-05,-26.633612,2.2243326,0.74144423,0.216,0.0,0.18932311,8.820012,8.840013,1420800
hardzero_plus_depr__c0p50__z1p00__lam0p020__nu0p50__psi0p75,hardzero_plus_depr,0.06,37,444,0.0,2,0.17111216,0.17111216,1.0002974,0.0,0.099931546,0.0,0.0,7.920902e-05,-26.67956,2.2006984,0.73356616,0.23200001,0.0,0.14795494,8.840013,8.860013,1424000
hardzero_plus_depr__c0p50__z1p00__lam0p020__nu0p50__psi0p75,hardzero_plus_depr,0.06,37,445,0.0,2,0.17111216,0.17112017,0.98868746,0.102639034,0.102639034,1.0,8.008896e-06,7.802973e-05,-27.255245,2.1751559,0.725052,0.24000001,0.0,0.18400976,8.860013,8.880013,1427200
hardzero_plus_depr__c0p50__z1p00__lam0p020__nu0p50__psi0p75,hardzero_plus_depr,0.06,37,446,0.0,2,0.17112017,0.17112017,1.0028228,0.0,0.09935215,0.0,0.0,7.686799e-05,-26.553738,2.206254,0.735418,0.23200001,0.0,0.17616786,8.880013,8.900014,1430400
hardzero_plus_depr__c0p50__z1p00__lam0p020__nu0p50__psi0p75,hardzero_plus_depr,0.06,37,447,0.0,2,0.17112017,0.17112848,0.9595185,0.109769456,0.109769456,1.0,8.312132e-06,7.572355e-05,-25.910482,2.110983,0.70366096,0.16800001,0.0,0.16211976,8.900014,8.920014,1433600
hardzero_plus_depr__c0p50__z1p00__lam0p020__nu0p50__psi0p75,hardzero_plus_depr,0.06,37,448,0.0,2,0.17112848,0.17113595,0.9999923,0.10000176,0.10000176,1.0,7.4597456e-06,7.4596144e-05,-27.376797,2.200027,0.73334235,0.136,0.0,0.17495258,8.920014,8.940015,1436800
hardzero_plus_depr__c0p50__z1p00__lam0p020__nu0p50__psi0p75,hardzero_plus_depr,0.06,37,449,0.0,2,0.17113595,0.17113595,1.0451843,0.0,0.09011887,0.0,0.0,7.348553e-05,-27.818037,2.2994514,0.7664838,0.17600001,0.0,0.19288366,8.940015,8.960015,1440000
hardzero_plus_depr__c0p50__z1p00__lam0p020__nu0p50__psi0p75,hardzero_plus_depr,0.06,37,450,0.0,2,0.17113595,0.17114335,0.99002165,0.10232419,0.10232419,1.0,7.4073955e-06,7.239144e-05,-26.761524,2.178091,0.72603035,0.2,0.0,0.1660163,8.960015,8.980016,1443200
hardzero_plus_depr__c0p50__z1p00__lam0p020__nu0p50__psi0p75,hardzero_plus_depr,0.06,37,451,0.0,2,0.17114335,0.17115131,0.9526896,0.11150913,0.11150913,1.0,7.952123e-06,7.1313654e-05,-25.619022,2.095959,0.698653,0.208,0.0,0.19173639,8.980016,9.000016,1446400
hardzero_plus_depr__c0p50__z1p00__lam0p020__nu0p50__psi0p75,hardzero_plus_depr,0.06,37,452,0.0,2,0.17115131,0.17115895,0.96290964,0.10891566,0.10891566,1.0,7.6515325e-06,7.025191e-05,-25.766607,2.1184435,0.70614785,0.17600001,0.0,0.16846466,9.000016,9.020017,1449600
hardzero_plus_depr__c0p50__z1p00__lam0p020__nu0p50__psi0p75,hardzero_plus_depr,0.06,37,453,0.0,2,0.17115895,0.17115895,1.0113115,0.0,0.097429045,0.0,0.0,6.920596e-05,-26.209232,2.2249298,0.7416433,0.17600001,0.0,0.21158464,9.020017,9.040017,1452800
hardzero_plus_depr__c0p50__z1p00__lam0p020__nu0p50__psi0p75,hardzero_plus_depr,0.06,37,454,0.0,2,0.17115895,0.17115895,1.0020474,0.0,0.09952968,0.0,0.0,6.81756e-05,-26.66982,2.2045484,0.73484945,0.14400001,0.0,0.18439846,9.040017,9.060018,1456000
hardzero_plus_depr__c0p50__z1p00__lam0p020__nu0p50__psi0p75,hardzero_plus_depr,0.06,37,455,0.0,2,0.17115895,0.1711658,0.9917304,0.10192239,0.10192239,1.0,6.8451664e-06,6.7160574e-05,-26.6201,2.1818504,0.7272835,0.11,0.0,0.16738284,9.060018,9.080018,1459200
hardzero_plus_depr__c0p50__z1p00__lam0p020__nu0p50__psi0p75,hardzero_plus_depr,0.06,37,456,0.0,2,0.1711658,0.1711658,1.0255163,0.0,0.094293915,0.0,0.0,6.616066e-05,-28.222824,2.2561808,0.7520603,0.128,0.0,0.18025419,9.080018,9.1000185,1462400
hardzero_plus_depr__c0p50__z1p00__lam0p020__nu0p50__psi0p75,hardzero_plus_depr,0.06,37,457,0.0,2,0.1711658,0.1711658,1.0333664,0.0,0.092604816,0.0,0.0,6.5175635e-05,-26.771852,2.2734516,0.7578172,0.192,0.0,0.18634458,9.1000185,9.120019,1465600
hardzero_plus_depr__c0p50__z1p00__lam0p020__nu0p50__psi0p75,hardzero_plus_depr,0.06,37,458,0.0,2,0.1711658,0.17117232,0.99332595,0.10154861,0.10154861,1.0,6.519956e-06,6.420527e-05,-26.38612,2.1853607,0.7284536,0.15200001,0.0,0.19746935,9.120019,9.140019,1468800
hardzero_plus_depr__c0p50__z1p00__lam0p020__nu0p50__psi0p75,hardzero_plus_depr,0.06,37,459,0.0,2,0.17117232,0.17117232,1.0007609,0.0,0.099824935,0.0,0.0,6.324937e-05,-27.626314,2.2017179,0.733906,0.136,0.0,0.19721211,9.140019,9.16002,1472000
hardzero_plus_depr__c0p50__z1p00__lam0p020__nu0p50__psi0p75,hardzero_plus_depr,0.06,37,460,0.0,2,0.17117232,0.17117232,1.0231051,0.0,0.09481887,0.0,0.0,6.2307685e-05,-27.599045,2.2508762,0.75029206,0.2,0.0,0.1928333,9.16002,9.18002,1475200
hardzero_plus_depr__c0p50__z1p00__lam0p020__nu0p50__psi0p75,hardzero_plus_depr,0.06,37,461,0.0,2,0.17117232,0.17117232,1.0071268,0.0,0.09837238,0.0,0.0,6.138002e-05,-26.27886,2.2157233,0.73857445,0.16000001,0.0,0.21172512,9.18002,9.200021,1478400
hardzero_plus_depr__c0p50__z1p00__lam0p020__nu0p50__psi0p75,hardzero_plus_depr,0.06,37,462,0.0,2,0.17117232,0.17117845,0.99475044,0.10121609,0.10121609,1.0,6.1201495e-06,6.046617e-05,-27.06123,2.1884947,0.72949827,0.224,0.0,0.17699496,9.200021,9.220021,1481600
hardzero_plus_depr__c0p50__z1p00__lam0p020__nu0p50__psi0p75,hardzero_plus_depr,0.06,37,463,0.0,2,0.17117845,0.17117845,1.0185854,0.0,0.09581082,0.0,0.0,5.9565922e-05,-27.854727,2.2409327,0.74697757,0.16800001,0.0,0.18935631,9.220021,9.240022,1484800
hardzero_plus_depr__c0p50__z1p00__lam0p020__nu0p50__psi0p75,hardzero_plus_depr,0.06,37,464,0.0,2,0.17117845,0.17117845,1.0271758,0.0,0.0939343,0.0,0.0,5.8679085e-05,-27.839777,2.259832,0.7532773,0.096,0.0,0.1612897,9.240022,9.260022,1488000
hardzero_plus_depr__c0p50__z1p00__lam0p020__nu0p50__psi0p75,hardzero_plus_depr,0.06,37,465,0.0,2,0.17117845,0.17118484,0.95616424,0.11062052,0.11062052,1.0,6.3944685e-06,5.7805446e-05,-25.536879,2.1036034,0.70120114,0.15200001,0.0,0.13564418,9.260022,9.280023,1491200
hardzero_plus_depr__c0p50__z1p00__lam0p020__nu0p50__psi0p75,hardzero_plus_depr,0.06,37,466,0.0,2,0.17118484,0.17118484,1.0485283,0.0,0.08942762,0.0,0.0,5.6944817e-05,-27.119877,2.3068082,0.7689361,0.16800001,0.0,0.18792404,9.280023,9.300023,1494400
hardzero_plus_depr__c0p50__z1p00__lam0p020__nu0p50__psi0p75,hardzero_plus_depr,0.06,37,467,0.0,2,0.17118484,0.17118484,1.0245279,0.0,0.09450877,0.0,0.0,5.6096997e-05,-26.612648,2.2540064,0.7513355,0.128,0.0,0.1807082,9.300023,9.320024,1497600
hardzero_plus_depr__c0p50__z1p00__lam0p020__nu0p50__psi0p75,hardzero_plus_depr,0.06,37,468,0.0,2,0.17118484,0.17118484,1.0330256,0.0,0.09267751,0.0,0.0,5.5261804e-05,-27.633617,2.2727017,0.7575673,0.099999994,0.0,0.15452401,9.320024,9.340024,1500800
hardzero_plus_depr__c0p50__z1p00__lam0p020__nu0p50__psi0p75,hardzero_plus_depr,0.06,37,469,0.0,2,0.17118484,0.17119075,0.9640517,0.108629614,0.108629614,1.0,5.9136923e-06,5.4439042e-05,-25.537033,2.1209562,0.7069854,0.112,0.0,0.16462398,9.340024,9.360024,1504000
hardzero_plus_depr__c0p50__z1p00__lam0p020__nu0p50__psi0p75,hardzero_plus_depr,0.06,37,470,0.0,2,0.17119075,0.17119075,1.0402652,0.0,0.0911454,0.0,0.0,5.3628533e-05,-27.352577,2.288629,0.7628764,0.136,0.0,0.193916,9.360024,9.380025,1507200
hardzero_plus_depr__c0p50__z1p00__lam0p020__nu0p50__psi0p75,hardzero_plus_depr,0.06,37,471,0.0,2,0.17119075,0.17119075,1.0293095,0.0,0.09347392,0.0,0.0,5.283009e-05,-27.456455,2.2645261,0.75484204,0.15200001,0.0,0.19240068,9.380025,9.400025,1510400
hardzero_plus_depr__c0p50__z1p00__lam0p020__nu0p50__psi0p75,hardzero_plus_depr,0.06,37,472,0.0,2,0.17119075,0.1711961,0.98842347,0.10270143,0.10270143,1.0,5.3449453e-06,5.204353e-05,-27.645771,2.174575,0.7248584,0.16800001,0.0,0.18059696,9.400025,9.420026,1513600
hardzero_plus_depr__c0p50__z1p00__lam0p020__nu0p50__psi0p75,hardzero_plus_depr,0.06,37,473,0.0,2,0.1711961,0.1711961,1.0310503,0.0,0.0931,0.0,0.0,5.126869e-05,-27.316944,2.268356,0.7561187,0.16000001,0.0,0.23579209,9.420026,9.440026,1516800
hardzero_plus_depr__c0p50__z1p00__lam0p020__nu0p50__psi0p75,hardzero_plus_depr,0.06,37,474,0.0,2,0.1711961,0.1711961,1.052685,0.0,0.08857578,0.0,0.0,5.050538e-05,-28.453337,2.3159533,0.77198446,0.136,0.0,0.19046167,9.440026,9.460027,1520000
hardzero_plus_depr__c0p50__z1p00__lam0p020__nu0p50__psi0p75,hardzero_plus_depr,0.06,37,475,0.0,2,0.1711961,0.1711961,1.0079262,0.0,0.09819148,0.0,0.0,4.975344e-05,-26.24809,2.2174819,0.73916066,0.15200001,0.0,0.18299735,9.460027,9.480027,1523200
hardzero_plus_depr__c0p50__z1p00__lam0p020__nu0p50__psi0p75,hardzero_plus_depr,0.06,37,476,0.0,2,0.1711961,0.1711961,1.0511932,0.0,0.088880554,0.0,0.0,4.9012688e-05,-27.916468,2.3126714,0.7708905,0.16800001,0.0,0.19868289,9.480027,9.500028,1526400
hardzero_plus_depr__c0p50__z1p00__lam0p020__nu0p50__psi0p75,hardzero_plus_depr,0.06,37,477,0.0,2,0.1711961,0.1711961,1.0251724,0.0,0.09436863,0.0,0.0,4.8282964e-05,-27.778189,2.2554243,0.7518081,0.17600001,0.0,0.19355054,9.500028,9.520028,1529600
hardzero_plus_depr__c0p50__z1p00__lam0p020__nu0p50__psi0p75,hardzero_plus_depr,0.06,37,478,0.0,2,0.1711961,0.1711961,1.0213978,0.0,0.095192365,0.0,0.0,4.756411e-05,-27.051088,2.2471201,0.74904007,0.23200001,0.0,0.19633596,9.520028,9.540029,1532800
hardzero_plus_depr__c0p50__z1p00__lam0p020__nu0p50__psi0p75,hardzero_plus_depr,0.06,37,479,0.0,2,0.1711961,0.1711961,1.0340841,0.0,0.092451915,0.0,0.0,4.685596e-05,-27.521173,2.2750304,0.75834346,0.120000005,0.0,0.18132754,9.540029,9.560029,1536000
hardzero_plus_depr__c0p50__z1p00__lam0p020__nu0p50__psi0p75,hardzero_plus_depr,0.06,37,480,0.0,2,0.1711961,0.17120077,0.9955893,0.10102077,0.10102077,1.0,4.662952e-06,4.615835e-05,-27.27964,2.1903403,0.73011345,0.15200001,0.0,0.17096472,9.560029,9.5800295,1539200
hardzero_plus_depr__c0p50__z1p00__lam0p020__nu0p50__psi0p75,hardzero_plus_depr,0.06,37,481,0.0,2,0.17120077,0.17120561,0.97252727,0.106530204,0.106530204,1.0,4.8440484e-06,4.5471126e-05,-27.015087,2.1396027,0.7132009,0.17,0.0,0.17390785,9.5800295,9.60003,1542400
hardzero_plus_depr__c0p50__z1p00__lam0p020__nu0p50__psi0p75,hardzero_plus_depr,0.06,37,482,0.0,2,0.17120561,0.17120561,1.0156384,0.0,0.096463196,0.0,0.0,4.479413e-05,-26.684772,2.234449,0.7448163,0.128,0.0,0.19775458,9.60003,9.62003,1545600
hardzero_plus_depr__c0p50__z1p00__lam0p020__nu0p50__psi0p75,hardzero_plus_depr,0.06,37,483,0.0,2,0.17120561,0.17121029,0.97485894,0.10595979,0.10595979,1.0,4.6757104e-06,4.4127217e-05,-26.797297,2.1447325,0.71491086,0.16800001,0.0,0.1892216,9.62003,9.640031,1548800
hardzero_plus_depr__c0p50__z1p00__lam0p020__nu0p50__psi0p75,hardzero_plus_depr,0.06,37,484,0.0,2,0.17121029,0.17121466,0.99801683,0.10045769,0.10045769,1.0,4.3669193e-06,4.3470234e-05,-26.778847,2.1956809,0.73189366,0.16000001,0.0,0.16893035,9.640031,9.660031,1552000
hardzero_plus_depr__c0p50__z1p00__lam0p020__nu0p50__psi0p75,hardzero_plus_depr,0.06,37,485,0.0,2,0.17121466,0.17121918,0.9753493,0.1058402,0.1058402,1.0,4.5323986e-06,4.2823034e-05,-27.050476,2.1458113,0.71527046,0.192,0.0,0.18618287,9.660031,9.680032,1555200
hardzero_plus_depr__c0p50__z1p00__lam0p020__nu0p50__psi0p75,hardzero_plus_depr,0.06,37,486,0.0,2,0.17121918,0.17122343,0.99786025,0.1004939,0.1004939,1.0,4.239382e-06,4.2185467e-05,-27.186197,2.1953363,0.7317788,0.16000001,0.0,0.17918941,9.680032,9.700032,1558400
hardzero_plus_depr__c0p50__z1p00__lam0p020__nu0p50__psi0p75,hardzero_plus_depr,0.06,37,487,0.0,2,0.17122343,0.17122343,1.029365,0.0,0.093462,0.0,0.0,4.1557392e-05,-27.812687,2.2646482,0.75488275,0.104,0.0,0.19817194,9.700032,9.720033,1561600
hardzero_plus_depr__c0p50__z1p00__lam0p020__nu0p50__psi0p75,hardzero_plus_depr,0.06,37,488,0.0,2,0.17122343,0.17122343,1.0025932,0.0,0.09940468,0.0,0.0,4.0938667e-05,-27.70265,2.205749,0.7352497,0.16000001,0.0,0.17991824,9.720033,9.740033,1564800
hardzero_plus_depr__c0p50__z1p00__lam0p020__nu0p50__psi0p75,hardzero_plus_depr,0.06,37,489,0.0,2,0.17122343,0.17122343,1.0249327,0.0,0.09442071,0.0,0.0,4.032916e-05,-27.667418,2.254897,0.7516324,0.128,0.0,0.18939601,9.740033,9.760034,1568000
hardzero_plus_depr__c0p50__z1p00__lam0p020__nu0p50__psi0p75,hardzero_plus_depr,0.06,37,490,0.0,2,0.17122343,0.17122343,1.0045202,0.0,0.09896458,0.0,0.0,3.972872e-05,-26.694662,2.2099886,0.73666286,0.16000001,0.0,0.165705,9.760034,9.780034,1571200
hardzero_plus_depr__c0p50__z1p00__lam0p020__nu0p50__psi0p75,hardzero_plus_depr,0.06,37,491,0.0,2,0.17122343,0.17122343,1.0171472,0.0,0.09612864,0.0,0.0,3.9137223e-05,-27.899982,2.2377684,0.7459228,0.136,0.0,0.20436761,9.780034,9.8000345,1574400
hardzero_plus_depr__c0p50__z1p00__lam0p020__nu0p50__psi0p75,hardzero_plus_depr,0.06,37,492,0.0,2,0.17122343,0.17122343,1.0143937,0.0,0.09674004,0.0,0.0,3.855453e-05,-27.14991,2.2317107,0.7439036,0.136,0.0,0.20885995,9.8000345,9.820035,1577600
hardzero_plus_depr__c0p50__z1p00__lam0p020__nu0p50__psi0p75,hardzero_plus_depr,0.06,37,493,0.0,2,0.17122343,0.17122726,0.9963049,0.10085445,0.10085445,1.0,3.8305043e-06,3.798052e-05,-27.23961,2.1919146,0.7306382,0.14400001,0.0,0.18093061,9.820035,9.840035,1580800
hardzero_plus_depr__c0p50__z1p00__lam0p020__nu0p50__psi0p75,hardzero_plus_depr,0.06,37,494,0.0,2,0.17122726,0.17122726,1.0017151,0.0,0.09960586,0.0,0.0,3.741505e-05,-27.110308,2.2038171,0.7346057,0.14,0.0,0.14813215,9.840035,9.860036,1584000
hardzero_plus_depr__c0p50__z1p00__lam0p020__nu0p50__psi0p75,hardzero_plus_depr,0.06,37,495,0.0,2,0.17122726,0.17122726,1.0479585,0.0,0.089545034,0.0,0.0,3.6857997e-05,-27.964111,2.3055546,0.7685182,0.14400001,0.0,0.20756266,9.860036,9.880036,1587200
hardzero_plus_depr__c0p50__z1p00__lam0p020__nu0p50__psi0p75,hardzero_plus_depr,0.06,37,496,0.0,2,0.17122726,0.17123099,0.9880658,0.10278607,0.10278607,1.0,3.7320842e-06,3.630924e-05,-27.116377,2.173788,0.724596,0.14400001,0.0,0.16230752,9.880036,9.900037,1590400
hardzero_plus_depr__c0p50__z1p00__lam0p020__nu0p50__psi0p75,hardzero_plus_depr,0.06,37,497,0.0,2,0.17123099,0.17123461,0.99429953,0.10132124,0.10132124,1.0,3.624125e-06,3.576866e-05,-27.374908,2.1875026,0.7291676,0.15200001,0.0,0.17585795,9.900037,9.920037,1593600
hardzero_plus_depr__c0p50__z1p00__lam0p020__nu0p50__psi0p75,hardzero_plus_depr,0.06,37,498,0.0,2,0.17123461,0.17123833,0.9750293,0.105918236,0.105918236,1.0,3.7321477e-06,3.523612e-05,-26.245544,2.1451073,0.7150358,0.23200001,0.0,0.17609966,9.920037,9.940038,1596800
hardzero_plus_depr__c0p50__z1p00__lam0p020__nu0p50__psi0p75,hardzero_plus_depr,0.06,37,499,0.0,2,0.17123833,0.17123833,1.026944,0.0,0.093984425,0.0,0.0,3.471151e-05,-27.84786,2.259322,0.7531073,0.17600001,0.008,0.1965274,9.940038,9.960038,1600000
hardzero_plus_depr__c0p50__z1p00__lam0p020__nu0p50__psi0p75,hardzero_plus_depr,0.06,37,500,0.0,2,0.17123833,0.17124192,0.9792518,0.10489341,0.10489341,1.0,3.5867993e-06,3.4194705e-05,-27.308138,2.154397,0.7181324,0.2,0.0,0.19882277,9.960038,9.980039,1603200
hardzero_plus_depr__c0p50__z1p00__lam0p020__nu0p50__psi0p75,hardzero_plus_depr,0.06,37,501,0.0,2,0.17124192,0.17124192,1.0195383,0.0,0.09560083,0.0,0.0,3.3685603e-05,-27.333725,2.243029,0.7476764,0.136,0.0,0.17734161,9.980039,10.000039,1606400
hardzero_plus_depr__c0p50__z1p00__lam0p020__nu0p50__psi0p75,hardzero_plus_depr,0.06,37,502,0.0,2,0.17124192,0.17124544,0.9750314,0.10591772,0.10591772,1.0,3.514782e-06,3.318408e-05,-25.953447,2.1451118,0.7150373,0.192,0.0,0.17643349,10.000039,10.02004,1609600
hardzero_plus_depr__c0p50__z1p00__lam0p020__nu0p50__psi0p75,hardzero_plus_depr,0.06,37,503,0.0,2,0.17124544,0.17124544,1.0765846,0.0,0.083833076,0.0,0.0,3.2690023e-05,-28.391514,2.3685334,0.78951114,0.14400001,0.0,0.19225556,10.02004,10.04004,1612800
hardzero_plus_depr__c0p50__z1p00__lam0p020__nu0p50__psi0p75,hardzero_plus_depr,0.06,37,504,0.0,2,0.17124544,0.17124544,1.0570067,0.0,0.08769873,0.0,0.0,3.220332e-05,-28.0561,2.3254611,0.77515376,0.104,0.0,0.17953612,10.04004,10.06004,1616000
hardzero_plus_depr__c0p50__z1p00__lam0p020__nu0p50__psi0p75,hardzero_plus_depr,0.06,37,505,0.0,2,0.17124544,0.1712488,0.97525287,0.105863705,0.105863705,1.0,3.358406e-06,3.1723866e-05,-26.921158,2.1455991,0.7151997,0.18400002,0.0,0.17253263,10.06004,10.080041,1619200
hardzero_plus_depr__c0p50__z1p00__lam0p020__nu0p50__psi0p75,hardzero_plus_depr,0.06,37,506,0.0,2,0.1712488,0.1712488,1.0073773,0.0,0.098315656,0.0,0.0,3.1251548e-05,-27.548328,2.2162743,0.7387581,0.08800001,0.0,0.18526635,10.080041,10.100041,1622400
hardzero_plus_depr__c0p50__z1p00__lam0p020__nu0p50__psi0p75,hardzero_plus_depr,0.06,37,507,0.0,2,0.1712488,0.1712488,1.0353907,0.0,0.092174165,0.0,0.0,3.078626e-05,-27.70499,2.2779052,0.7593018,0.089999996,0.0,0.17147686,10.100041,10.120042,1625600
hardzero_plus_depr__c0p50__z1p00__lam0p020__nu0p50__psi0p75,hardzero_plus_depr,0.06,37,508,0.0,2,0.1712488,0.1712488,1.0194618,0.0,0.095617674,0.0,0.0,3.0327905e-05,-27.253109,2.2428606,0.7476202,0.128,0.0,0.18013595,10.120042,10.140042,1628800
hardzero_plus_depr__c0p50__z1p00__lam0p020__nu0p50__psi0p75,hardzero_plus_depr,0.06,37,509,0.0,2,0.1712488,0.17125183,0.99159545,0.101954065,0.101954065,1.0,3.0460176e-06,2.9876372e-05,-27.049,2.1815536,0.72718453,0.14400001,0.0,0.16611513,10.140042,10.160043,1632000
hardzero_plus_depr__c0p50__z1p00__lam0p020__nu0p50__psi0p75,hardzero_plus_depr,0.06,37,510,0.0,2,0.17125183,0.17125183,1.0024474,0.0,0.09943806,0.0,0.0,2.9431558e-05,-27.170649,2.2054284,0.7351428,0.208,0.0,0.18289928,10.160043,10.180043,1635200
hardzero_plus_depr__c0p50__z1p00__lam0p020__nu0p50__psi0p75,hardzero_plus_depr,0.06,37,511,0.0,2,0.17125183,0.17125183,1.0887767,0.0,0.08151232,0.0,0.0,2.899337e-05,-28.810308,2.3953567,0.79845226,0.112,0.0,0.18708642,10.180043,10.200044,1638400
hardzero_plus_depr__c0p50__z1p00__lam0p020__nu0p50__psi0p75,hardzero_plus_depr,0.06,37,512,0.0,2,0.17125183,0.17125183,1.0131111,0.0,0.09702616,0.0,0.0,2.8561704e-05,-27.034588,2.228889,0.742963,0.16000001,0.0,0.17527553,10.200044,10.220044,1641600
hardzero_plus_depr__c0p50__z1p00__lam0p020__nu0p50__psi0p75,hardzero_plus_depr,0.06,37,513,0.0,2,0.17125183,0.17125472,0.9874896,0.10292251,0.10292251,1.0,2.8958757e-06,2.8136466e-05,-26.5101,2.1725204,0.7241735,0.16800001,0.0,0.1638257,10.220044,10.240045,1644800
hardzero_plus_depr__c0p50__z1p00__lam0p020__nu0p50__psi0p75,hardzero_plus_depr,0.06,37,514,0.0,2,0.17125472,0.17125472,1.0291255,0.0,0.09351355,0.0,0.0,2.771756e-05,-27.322226,2.2641213,0.7547071,0.18400002,0.0,0.18774562,10.240045,10.260045,1648000
hardzero_plus_depr__c0p50__z1p00__lam0p020__nu0p50__psi0p75,hardzero_plus_depr,0.06,37,515,0.0,2,0.17125472,0.17125472,1.044206,0.0,0.09032209,0.0,0.0,2.730489e-05,-27.789412,2.2972991,0.7657664,0.136,0.0,0.16811983,10.260045,10.2800455,1651200
hardzero_plus_depr__c0p50__z1p00__lam0p020__nu0p50__psi0p75,hardzero_plus_depr,0.06,37,516,0.0,2,0.17125472,0.17125472,1.0349796,0.0,0.09226148,0.0,0.0,2.6898364e-05,-27.46868,2.2770007,0.75900024,0.136,0.0,0.18694992,10.2800455,10.300046,1654400
hardzero_plus_depr__c0p50__z1p00__lam0p020__nu0p50__psi0p75,hardzero_plus_depr,0.06,37,517,0.0,2,0.17125472,0.17125472,1.0076678,0.0,0.098249935,0.0,0.0,2.649789e-05,-27.308025,2.2169135,0.7389712,0.15200001,0.0,0.18509822,10.300046,10.320046,1657600
hardzero_plus_depr__c0p50__z1p00__lam0p020__nu0p50__psi0p75,hardzero_plus_depr,0.06,37,518,0.0,2,0.17125472,0.17125735,0.9972405,0.10063743,0.10063743,1.0,2.626977e-06,2.610338e-05,-26.983252,2.1939728,0.7313243,0.216,0.0,0.18080415,10.320046,10.340047,1660800
hardzero_plus_depr__c0p50__z1p00__lam0p020__nu0p50__psi0p75,hardzero_plus_depr,0.06,37,519,0.0,2,0.17125735,0.17126001,0.9829146,0.10401245,0.10401245,1.0,2.6746534e-06,2.5714742e-05,-26.203762,2.1624553,0.72081846,0.192,0.0,0.1613428,10.340047,10.360047,1664000
hardzero_plus_depr__c0p50__z1p00__lam0p020__nu0p50__psi0p75,hardzero_plus_depr,0.06,37,520,0.0,2,0.17126001,0.17126256,0.99645394,0.100819856,0.100819856,1.0,2.5539575e-06,2.533189e-05,-26.43269,2.1922424,0.73074746,0.14999999,0.0,0.15947866,10.360047,10.380048,1667200
hardzero_plus_depr__c0p50__z1p00__lam0p020__nu0p50__psi0p75,hardzero_plus_depr,0.06,37,521,0.0,2,0.17126256,0.17126513,0.98820347,0.102753475,0.102753475,1.0,2.564186e-06,2.4954737e-05,-26.294834,2.174091,0.72469705,0.192,0.0,0.19654587,10.380048,10.400048,1670400
hardzero_plus_depr__c0p50__z1p00__lam0p020__nu0p50__psi0p75,hardzero_plus_depr,0.06,37,522,0.0,2,0.17126513,0.17126513,1.0329736,0.0,0.0926886,0.0,0.0,2.4583203e-05,-27.954863,2.2725873,0.75752914,0.104,0.0,0.17224711,10.400048,10.420049,1673600
hardzero_plus_depr__c0p50__z1p00__lam0p020__nu0p50__psi0p75,hardzero_plus_depr,0.06,37,523,0.0,2,0.17126513,0.1712677,0.9735129,0.10628871,0.10628871,1.0,2.5740148e-06,2.42172e-05,-26.152653,2.141771,0.7139237,0.17600001,0.0,0.17267738,10.420049,10.440049,1676800
hardzero_plus_depr__c0p50__z1p00__lam0p020__nu0p50__psi0p75,hardzero_plus_depr,0.06,37,524,0.0,2,0.1712677,0.17127013,0.9929434,0.101638116,0.101638116,1.0,2.4247445e-06,2.3856644e-05,-26.850725,2.184519,0.728173,0.16000001,0.0,0.17552945,10.440049,10.46005,1680000
hardzero_plus_depr__c0p50__z1p00__lam0p020__nu0p50__psi0p75,hardzero_plus_depr,0.06,37,525,0.0,2,0.17127013,0.17127249,0.99882925,0.10026994,0.10026994,1.0,2.3564896e-06,2.3501456e-05,-27.044004,2.1974683,0.73248947,0.216,0.0,0.16843617,10.46005,10.48005,1683200
hardzero_plus_depr__c0p50__z1p00__lam0p020__nu0p50__psi0p75,hardzero_plus_depr,0.06,37,526,0.0,2,0.17127249,0.17127483,0.9944201,0.101293094,0.101293094,1.0,2.3450928e-06,2.3151557e-05,-26.614258,2.187768,0.72925603,0.2,0.0,0.17717914,10.48005,10.500051,1686400
hardzero_plus_depr__c0p50__z1p00__lam0p020__nu0p50__psi0p75,hardzero_plus_depr,0.06,37,527,0.0,2,0.17127483,0.17127483,1.0971326,0.0,0.07995902,0.0,0.0,2.2806867e-05,-29.437853,2.41374,0.80458,0.14400001,0.0,0.20132902,10.500051,10.520051,1689600
hardzero_plus_depr__c0p50__z1p00__lam0p020__nu0p50__psi0p75,hardzero_plus_depr,0.06,37,528,0.0,2,0.17127483,0.17127483,1.0214076,0.0,0.095190234,0.0,0.0,2.246731e-05,-27.542442,2.2471416,0.7490472,0.128,0.008,0.21858709,10.520051,10.540051,1692800
hardzero_plus_depr__c0p50__z1p00__lam0p020__nu0p50__psi0p75,hardzero_plus_depr,0.06,37,529,0.0,2,0.17127483,0.17127483,1.0038546,0.0,0.09911636,0.0,0.0,2.2132808e-05,-27.286648,2.2085242,0.73617476,0.192,0.0,0.16903567,10.540051,10.560052,1696000
hardzero_plus_depr__c0p50__z1p00__lam0p020__nu0p50__psi0p75,hardzero_plus_depr,0.06,37,530,0.0,2,0.17127483,0.17127483,1.0252998,0.0,0.094340935,0.0,0.0,2.1803284e-05,-27.44456,2.2557046,0.75190157,0.192,0.0,0.17382678,10.560052,10.580052,1699200
hardzero_plus_depr__c0p50__z1p00__lam0p020__nu0p50__psi0p75,hardzero_plus_depr,0.06,37,531,0.0,2,0.17127483,0.17127483,1.0466496,0.0,0.08981531,0.0,0.0,2.1478669e-05,-27.013266,2.302675,0.76755834,0.14400001,0.0,0.18297356,10.580052,10.600053,1702400
hardzero_plus_depr__c0p50__z1p00__lam0p020__nu0p50__psi0p75,hardzero_plus_depr,0.06,37,532,0.0,2,0.17127483,0.17127483,1.0305649,0.0,0.09320411,0.0,0.0,2.1158885e-05,-26.632126,2.267288,0.7557627,0.17600001,0.0,0.16461243,10.600053,10.620053,1705600
hardzero_plus_depr__c0p50__z1p00__lam0p020__nu0p50__psi0p75,hardzero_plus_depr,0.06,37,533,0.0,2,0.17127483,0.17127483,1.0917276,0.0,0.08096034,0.0,0.0,2.0843865e-05,-28.901394,2.4018488,0.80061626,0.099999994,0.0,0.17078346,10.620053,10.640054,1708800
hardzero_plus_depr__c0p50__z1p00__lam0p020__nu0p50__psi0p75,hardzero_plus_depr,0.06,37,534,0.0,2,0.17127483,0.17127699,0.9790769,0.10493565,0.10493565,1.0,2.1546996e-06,2.0533533e-05,-26.64156,2.1540122,0.7180041,0.16800001,0.0,0.1548097,10.640054,10.660054,1712000
hardzero_plus_depr__c0p50__z1p00__lam0p020__nu0p50__psi0p75,hardzero_plus_depr,0.06,37,535,0.0,2,0.17127699,0.17127906,0.9902257,0.10227614,0.10227614,1.0,2.0688233e-06,2.0227819e-05,-26.939363,2.17854,0.72618,0.264,0.0,0.17180866,10.660054,10.680055,1715200
hardzero_plus_depr__c0p50__z1p00__lam0p020__nu0p50__psi0p75,hardzero_plus_depr,0.06,37,536,0.0,2,0.17127906,0.17128122,0.9657615,0.10820281,0.10820281,1.0,2.1561207e-06,1.9926661e-05,-25.80084,2.1247177,0.70823926,0.18400002,0.0,0.18638797,10.680055,10.700055,1718400
hardzero_plus_depr__c0p50__z1p00__lam0p020__nu0p50__psi0p75,hardzero_plus_depr,0.06,37,537,0.0,2,0.17128122,0.17128122,1.0688881,0.0,0.085332006,0.0,0.0,1.9629986e-05,-28.083466,2.3516006,0.7838669,0.072000004,0.0,0.18144904,10.700055,10.720056,1721600
hardzero_plus_depr__c0p50__z1p00__lam0p020__nu0p50__psi0p75,hardzero_plus_depr,0.06,37,538,0.0,2,0.17128122,0.17128329,0.9691719,0.107356444,0.107356444,1.0,2.0760294e-06,1.9337725e-05,-25.76172,2.1322207,0.71074027,0.2,0.008,0.16073267,10.720056,10.740056,1724800
hardzero_plus_depr__c0p50__z1p00__lam0p020__nu0p50__psi0p75,hardzero_plus_depr,0.06,37,539,0.0,2,0.17128329,0.17128329,1.0310211,0.0,0.093106255,0.0,0.0,1.9049818e-05,-27.384306,2.2682917,0.75609726,0.15200001,0.0,0.1817113,10.740056,10.7600565,1728000
hardzero_plus_depr__c0p50__z1p00__lam0p020__nu0p50__psi0p75,hardzero_plus_depr,0.06,37,540,0.0,2,0.17128329,0.17128535,0.96015745,0.10960807,0.10960807,1.0,2.0569266e-06,1.8766197e-05,-25.985598,2.1123886,0.7041296,0.17600001,0.0,0.1628617,10.7600565,10.780057,1731200
hardzero_plus_depr__c0p50__z1p00__lam0p020__nu0p50__psi0p75,hardzero_plus_depr,0.06,37,541,0.0,2,0.17128535,0.17128535,1.0696192,0.0,0.08518847,0.0,0.0,1.8486799e-05,-28.612741,2.3532093,0.7844031,0.16800001,0.008,0.20592849,10.780057,10.800057,1734400
hardzero_plus_depr__c0p50__z1p00__lam0p020__nu0p50__psi0p75,hardzero_plus_depr,0.06,37,542,0.0,2,0.17128535,0.17128535,1.0395135,0.0,0.091303304,0.0,0.0,1.821156e-05,-27.54851,2.2869754,0.76232517,0.18400002,0.0,0.20040676,10.800057,10.820058,1737600
hardzero_plus_depr__c0p50__z1p00__lam0p020__nu0p50__psi0p75,hardzero_plus_depr,0.06,37,543,0.0,2,0.17128535,0.17128535,1.0399599,0.0,0.09120951,0.0,0.0,1.794042e-05,-27.549864,2.2879574,0.7626525,0.16000001,0.0,0.20403296,10.820058,10.840058,1740800
hardzero_plus_depr__c0p50__z1p00__lam0p020__nu0p50__psi0p75,hardzero_plus_depr,0.06,37,544,0.0,2,0.17128535,0.17128712,0.997829,0.10050114,0.10050114,1.0,1.7761882e-06,1.7673314e-05,-27.546673,2.1952677,0.7317559,0.2,0.0,0.20075257,10.840058,10.860059,1744000
hardzero_plus_depr__c0p50__z1p00__lam0p020__nu0p50__psi0p75,hardzero_plus_depr,0.06,37,545,0.0,2,0.17128712,0.17128712,1.0299324,0.0,0.093339965,0.0,0.0,1.7410186e-05,-27.522251,2.2658966,0.75529885,0.120000005,0.0,0.18996194,10.860059,10.880059,1747200
hardzero_plus_depr__c0p50__z1p00__lam0p020__nu0p50__psi0p75,hardzero_plus_depr,0.06,37,546,0.0,2,0.17128712,0.17128712,1.0043576,0.0,0.09900165,0.0,0.0,1.7150976e-05,-26.623955,2.2096307,0.7365436,0.12,0.0,0.16803676,10.880059,10.90006,1750400
hardzero_plus_depr__c0p50__z1p00__lam0p020__nu0p50__psi0p75,hardzero_plus_depr,0.06,37,547,0.0,2,0.17128712,0.17128712,1.0564395,0.0,0.08781334,0.0,0.0,1.6895627e-05,-27.9298,2.3242133,0.7747378,0.128,0.0,0.18428974,10.90006,10.92006,1753600
hardzero_plus_depr__c0p50__z1p00__lam0p020__nu0p50__psi0p75,hardzero_plus_depr,0.06,37,548,0.0,2,0.17128712,0.17128712,1.0041742,0.0,0.099043444,0.0,0.0,1.6644077e-05,-26.72347,2.2092273,0.7364091,0.15200001,0.0,0.16939893,10.92006,10.940061,1756800
hardzero_plus_depr__c0p50__z1p00__lam0p020__nu0p50__psi0p75,hardzero_plus_depr,0.06,37,549,0.0,2,0.17128712,0.17128712,1.0072353,0.0,0.0983478,0.0,0.0,1.6396276e-05,-27.14597,2.215962,0.738654,0.14400001,0.0,0.17424163,10.940061,10.960061,1760000
hardzero_plus_depr__c0p50__z1p00__lam0p020__nu0p50__psi0p75,hardzero_plus_depr,0.06,37,550,0.0,2,0.17128712,0.17128712,1.0254027,0.0,0.0943186,0.0,0.0,1.6152158e-05,-28.16281,2.255931,0.75197697,0.18400002,0.0,0.21579248,10.960061,10.980062,1763200
hardzero_plus_depr__c0p50__z1p00__lam0p020__nu0p50__psi0p75,hardzero_plus_depr,0.06,37,551,0.0,2,0.17128712,0.17128882,0.97320455,0.1063642,0.1063642,1.0,1.6924332e-06,1.591168e-05,-26.539568,2.1410928,0.7136976,0.17600001,0.0,0.18735327,10.980062,11.000062,1766400
hardzero_plus_depr__c0p50__z1p00__lam0p020__nu0p50__psi0p75,hardzero_plus_depr,0.06,37,552,0.0,2,0.17128882,0.17128882,1.0256004,0.0,0.09427566,0.0,0.0,1.5674781e-05,-28.220303,2.256366,0.75212204,0.23200001,0.0,0.16903844,11.000062,11.020062,1769600
hardzero_plus_depr__c0p50__z1p00__lam0p020__nu0p50__psi0p75,hardzero_plus_depr,0.06,37,553,0.0,2,0.17128882,0.17128882,1.0366808,0.0,0.09190077,0.0,0.0,1.5441408e-05,-27.297796,2.2807434,0.7602478,0.112,0.0,0.1677613,11.020062,11.040063,1772800
hardzero_plus_depr__c0p50__z1p00__lam0p020__nu0p50__psi0p75,hardzero_plus_depr,0.06,37,554,0.0,2,0.17128882,0.17128882,1.0455265,0.0,0.09004789,0.0,0.0,1.5211509e-05,-27.689228,2.3002043,0.7667348,0.14400001,0.0,0.19968422,11.040063,11.060063,1776000
hardzero_plus_depr__c0p50__z1p00__lam0p020__nu0p50__psi0p75,hardzero_plus_depr,0.06,37,555,0.0,2,0.17128882,0.17128882,1.0081865,0.0,0.09813264,0.0,0.0,1.4985035e-05,-27.016598,2.2180545,0.7393515,0.208,0.0,0.18244182,11.060063,11.080064,1779200
hardzero_plus_depr__c0p50__z1p00__lam0p020__nu0p50__psi0p75,hardzero_plus_depr,0.06,37,556,0.0,2,0.17128882,0.1712904,0.97252303,0.10653122,0.10653122,1.0,1.5726067e-06,1.4761933e-05,-26.77582,2.1395934,0.7131978,0.216,0.0,0.17032596,11.080064,11.100064,1782400
hardzero_plus_depr__c0p50__z1p00__lam0p020__nu0p50__psi0p75,hardzero_plus_depr,0.06,37,557,0.0,2,0.1712904,0.1712904,1.0072172,0.0,0.0983519,0.0,0.0,1.454215e-05,-27.069622,2.215922,0.7386407,0.17600001,0.0,0.16923644,11.100064,11.120065,1785600
hardzero_plus_depr__c0p50__z1p00__lam0p020__nu0p50__psi0p75,hardzero_plus_depr,0.06,37,558,0.0,2,0.1712904,0.1712904,1.0652981,0.0,0.086040296,0.0,0.0,1.4325641e-05,-28.540134,2.3437026,0.7812342,0.104,0.0,0.22656293,11.120065,11.140065,1788800
hardzero_plus_depr__c0p50__z1p00__lam0p020__nu0p50__psi0p75,hardzero_plus_depr,0.06,37,559,0.0,2,0.1712904,0.1712904,1.0582523,0.0,0.08744755,0.0,0.0,1.41123555e-05,-28.424543,2.3282015,0.7760672,0.16,0.0,0.19524471,11.140065,11.160066,1792000
hardzero_plus_depr__c0p50__z1p00__lam0p020__nu0p50__psi0p75,hardzero_plus_depr,0.06,37,560,0.0,2,0.1712904,0.1712904,1.0203165,0.0,0.09542969,0.0,0.0,1.3902244e-05,-27.67142,2.244741,0.748247,0.18400002,0.0,0.18569449,11.160066,11.180066,1795200
hardzero_plus_depr__c0p50__z1p00__lam0p020__nu0p50__psi0p75,hardzero_plus_depr,0.06,37,561,0.0,2,0.1712904,0.17129183,0.9809952,0.10447319,0.10447319,1.0,1.4307878e-06,1.3695263e-05,-27.7864,2.1582325,0.71941084,0.17600001,0.0,0.18256089,11.180066,11.200067,1798400
hardzero_plus_depr__c0p50__z1p00__lam0p020__nu0p50__psi0p75,hardzero_plus_depr,0.06,37,562,0.0,2,0.17129183,0.17129183,1.059865,0.0,0.08712343,0.0,0.0,1.3491362e-05,-28.500462,2.3317497,0.77724993,0.16000001,0.0,0.1986383,11.200067,11.220067,1801600
hardzero_plus_depr__c0p50__z1p00__lam0p020__nu0p50__psi0p75,hardzero_plus_depr,0.06,37,563,0.0,2,0.17129183,0.17129317,0.9956559,0.10100527,0.10100527,1.0,1.3424103e-06,1.3290498e-05,-27.854275,2.1904867,0.73016226,0.17600001,0.0,0.17461956,11.220067,11.2400675,1804800
hardzero_plus_depr__c0p50__z1p00__lam0p020__nu0p50__psi0p75,hardzero_plus_depr,0.06,37,564,0.0,2,0.17129317,0.17129317,1.0399413,0.0,0.091213405,0.0,0.0,1.3092624e-05,-27.23622,2.2879167,0.7626389,0.120000005,0.0,0.17416593,11.2400675,11.260068,1808000
hardzero_plus_depr__c0p50__z1p00__lam0p020__nu0p50__psi0p75,hardzero_plus_depr,0.06,37,565,0.0,2,0.17129317,0.17129317,1.0563643,0.0,0.08782855,0.0,0.0,1.2897694e-05,-28.198257,2.3240478,0.77468264,0.080000006,0.0,0.21750611,11.260068,11.280068,1811200
hardzero_plus_depr__c0p50__z1p00__lam0p020__nu0p50__psi0p75,hardzero_plus_depr,0.06,37,566,0.0,2,0.17129317,0.17129456,0.9614672,0.10927802,0.10927802,1.0,1.3884504e-06,1.2705669e-05,-25.861221,2.1152701,0.70509005,0.18400002,0.0,0.16718318,11.280068,11.300069,1814400
hardzero_plus_depr__c0p50__z1p00__lam0p020__nu0p50__psi0p75,hardzero_plus_depr,0.06,37,567,0.0,2,0.17129456,0.17129456,1.0060786,0.0,0.09861009,0.0,0.0,1.2516502e-05,-26.910656,2.213417,0.7378057,0.16800001,0.0,0.17759183,11.300069,11.320069,1817600
hardzero_plus_depr__c0p50__z1p00__lam0p020__nu0p50__psi0p75,hardzero_plus_depr,0.06,37,568,0.0,2,0.17129456,0.17129456,1.0334004,0.0,0.09259756,0.0,0.0,1.2330152e-05,-27.57144,2.2735264,0.7578422,0.136,0.0,0.19960158,11.320069,11.34007,1820800
hardzero_plus_depr__c0p50__z1p00__lam0p020__nu0p50__psi0p75,hardzero_plus_depr,0.06,37,569,0.0,2,0.17129456,0.17129456,1.0168415,0.0,0.09619632,0.0,0.0,1.21465755e-05,-26.858768,2.237096,0.7456987,0.216,0.0,0.19445391,11.34007,11.36007,1824000
hardzero_plus_depr__c0p50__z1p00__lam0p020__nu0p50__psi0p75,hardzero_plus_depr,0.06,37,570,0.0,2,0.17129456,0.17129582,0.97317594,0.1063712,0.1063712,1.0,1.2728093e-06,1.1965732e-05,-25.847712,2.1410298,0.71367663,0.15200001,0.0,0.15078034,11.36007,11.380071,1827200
hardzero_plus_depr__c0p50__z1p00__lam0p020__nu0p50__psi0p75,hardzero_plus_depr,0.06,37,571,0.0,2,0.17129582,0.17129582,1.0318412,0.0,0.092930615,0.0,0.0,1.1787581e-05,-26.641682,2.2700958,0.7566986,0.2,0.0,0.18148117,11.380071,11.400071,1830400
hardzero_plus_depr__c0p50__z1p00__lam0p020__nu0p50__psi0p75,hardzero_plus_depr,0.06,37,572,0.0,2,0.17129582,0.17129698,0.9986718,0.10030629,0.10030629,1.0,1.164765e-06,1.1612084e-05,-27.087246,2.1971219,0.73237395,0.14,0.0,0.16974707,11.400071,11.420072,1833600
hardzero_plus_depr__c0p50__z1p00__lam0p020__nu0p50__psi0p75,hardzero_plus_depr,0.06,37,573,0.0,2,0.17129698,0.17129824,0.9608857,0.109424435,0.109424435,1.0,1.2517278e-06,1.1439198e-05,-26.505974,2.1139908,0.70466363,0.208,0.008,0.1709833,11.420072,11.440072,1836800
hardzero_plus_depr__c0p50__z1p00__lam0p020__nu0p50__psi0p75,hardzero_plus_depr,0.06,37,574,0.0,2,0.17129824,0.17129824,1.0098045,0.0,0.097767726,0.0,0.0,1.1268887e-05,-26.278736,2.2216144,0.7405381,0.112,0.0,0.19925754,11.440072,11.4600725,1840000
hardzero_plus_depr__c0p50__z1p00__lam0p020__nu0p50__psi0p75,hardzero_plus_depr,0.06,37,575,0.0,2,0.17129824,0.17129824,1.030841,0.0,0.09314489,0.0,0.0,1.110111e-05,-27.668552,2.2678955,0.7559652,0.16000001,0.0,0.19067325,11.4600725,11.480073,1843200
hardzero_plus_depr__c0p50__z1p00__lam0p020__nu0p50__psi0p75,hardzero_plus_depr,0.06,37,576,0.0,2,0.17129824,0.17129824,1.0135994,0.0,0.096917145,0.0,0.0,1.0935833e-05,-27.610271,2.2299633,0.7433211,0.17600001,0.0,0.18054125,11.480073,11.500073,1846400
hardzero_plus_depr__c0p50__z1p00__lam0p020__nu0p50__psi0p75,hardzero_plus_depr,0.06,37,577,0.0,2,0.17129824,0.17129932,0.993113,0.101598434,0.101598434,1.0,1.0945216e-06,1.0773017e-05,-26.667595,2.1848922,0.7282974,0.2,0.0,0.18975268,11.500073,11.520074,1849600
hardzero_plus_depr__c0p50__z1p00__lam0p020__nu0p50__psi0p75,hardzero_plus_depr,0.06,37,578,0.0,2,0.17129932,0.17129932,1.0435863,0.0,0.09045107,0.0,0.0,1.0612624e-05,-27.967173,2.2959356,0.7653119,0.15200001,0.0,0.19893749,11.520074,11.540074,1852800
hardzero_plus_depr__c0p50__z1p00__lam0p020__nu0p50__psi0p75,hardzero_plus_depr,0.06,37,579,0.0,2,0.17129932,0.1713004,0.98836756,0.10271466,0.10271466,1.0,1.0738426e-06,1.0454619e-05,-26.82803,2.174452,0.7248174,0.2,0.0,0.19414788,11.540074,11.560075,1856000
hardzero_plus_depr__c0p50__z1p00__lam0p020__nu0p50__psi0p75,hardzero_plus_depr,0.06,37,580,0.0,2,0.1713004,0.17130144,0.99746877,0.10058454,0.10058454,1.0,1.0359166e-06,1.0298965e-05,-27.162968,2.1944752,0.73149174,0.216,0.0,0.1767126,11.560075,11.580075,1859200
hardzero_plus_depr__c0p50__z1p00__lam0p020__nu0p50__psi0p75,hardzero_plus_depr,0.06,37,581,0.0,2,0.17130144,0.17130144,1.0540141,0.0,0.08830512,0.0,0.0,1.0145631e-05,-27.962955,2.3188772,0.7729591,0.16000001,0.0,0.18709971,11.580075,11.600076,1862400
hardzero_plus_depr__c0p50__z1p00__lam0p020__nu0p50__psi0p75,hardzero_plus_depr,0.06,37,582,0.0,2,0.17130144,0.17130144,1.036347,0.0,0.09197144,0.0,0.0,9.994578e-06,-26.6438,2.280009,0.76000303,0.192,0.0,0.17508098,11.600076,11.620076,1865600
hardzero_plus_depr__c0p50__z1p00__lam0p020__nu0p50__psi0p75,hardzero_plus_depr,0.06,37,583,0.0,2,0.17130144,0.17130144,1.0091809,0.0,0.0979082,0.0,0.0,9.845775e-06,-27.415709,2.2202423,0.7400808,0.18400002,0.0,0.1916776,11.620076,11.640077,1868800
hardzero_plus_depr__c0p50__z1p00__lam0p020__nu0p50__psi0p75,hardzero_plus_depr,0.06,37,584,0.0,2,0.17130144,0.17130242,0.993353,0.101542294,0.101542294,1.0,9.848777e-07,9.699187e-06,-26.914377,2.1854203,0.7284734,0.16000001,0.0,0.15576933,11.640077,11.660077,1872000
hardzero_plus_depr__c0p50__z1p00__lam0p020__nu0p50__psi0p75,hardzero_plus_depr,0.06,37,585,0.0,2,0.17130242,0.17130242,1.0881306,0.0,0.08163367,0.0,0.0,9.554782e-06,-28.773657,2.3939352,0.7979784,0.099999994,0.0,0.20388444,11.660077,11.680078,1875200
hardzero_plus_depr__c0p50__z1p00__lam0p020__nu0p50__psi0p75,hardzero_plus_depr,0.06,37,586,0.0,2,0.17130242,0.17130242,1.041942,0.0,0.090794176,0.0,0.0,9.412526e-06,-27.812775,2.292318,0.76410604,0.14400001,0.0,0.1778468,11.680078,11.700078,1878400
hardzero_plus_depr__c0p50__z1p00__lam0p020__nu0p50__psi0p75,hardzero_plus_depr,0.06,37,587,0.0,2,0.17130242,0.17130242,1.0230414,0.0,0.0948328,0.0,0.0,9.272389e-06,-27.577986,2.250736,0.75024533,0.18400002,0.0,0.18944672,11.700078,11.720078,1881600
hardzero_plus_depr__c0p50__z1p00__lam0p020__nu0p50__psi0p75,hardzero_plus_depr,0.06,37,588,0.0,2,0.17130242,0.17130342,0.961327,0.1093133,0.1093133,1.0,9.985047e-07,9.134338e-06,-25.957626,2.1149616,0.7049872,0.216,0.0,0.17442383,11.720078,11.740079,1884800
hardzero_plus_depr__c0p50__z1p00__lam0p020__nu0p50__psi0p75,hardzero_plus_depr,0.06,37,589,0.0,2,0.17130342,0.17130342,1.0498405,0.0,0.08915785,0.0,0.0,8.998342e-06,-28.153585,2.309695,0.76989836,0.15200001,0.0,0.20318732,11.740079,11.760079,1888000
hardzero_plus_depr__c0p50__z1p00__lam0p020__nu0p50__psi0p75,hardzero_plus_depr,0.06,37,590,0.0,2,0.17130342,0.17130342,1.0551742,0.0,0.08806955,0.0,0.0,8.864371e-06,-28.910622,2.3214297,0.7738099,0.16000001,0.0,0.20643657,11.760079,11.78008,1891200
hardzero_plus_depr__c0p50__z1p00__lam0p020__nu0p50__psi0p75,hardzero_plus_depr,0.06,37,591,0.0,2,0.17130342,0.17130342,1.0066652,0.0,0.09847699,0.0,0.0,8.732395e-06,-27.107325,2.2147079,0.73823595,0.16000001,0.0,0.16850097,11.78008,11.80008,1894400
hardzero_plus_depr__c0p50__z1p00__lam0p020__nu0p50__psi0p75,hardzero_plus_depr,0.06,37,592,0.0,2,0.17130342,0.17130342,1.0113972,0.0,0.097409815,0.0,0.0,8.602384e-06,-26.726562,2.2251184,0.74170613,0.15200001,0.0,0.18573734,11.80008,11.820081,1897600
hardzero_plus_depr__c0p50__z1p00__lam0p020__nu0p50__psi0p75,hardzero_plus_depr,0.06,37,593,0.0,2,0.17130342,0.17130342,1.0094858,0.0,0.097839475,0.0,0.0,8.474308e-06,-27.090918,2.2209132,0.7403044,0.15200001,0.0,0.17464219,11.820081,11.840081,1900800
hardzero_plus_depr__c0p50__z1p00__lam0p020__nu0p50__psi0p75,hardzero_plus_depr,0.06,37,594,0.0,2,0.17130342,0.17130429,0.98481804,0.10355758,0.10355758,1.0,8.645132e-07,8.34814e-06,-26.678497,2.166643,0.72221434,0.14400001,0.0,0.16880481,11.840081,11.860082,1904000
hardzero_plus_depr__c0p50__z1p00__lam0p020__nu0p50__psi0p75,hardzero_plus_depr,0.06,37,595,0.0,2,0.17130429,0.17130429,1.0910608,0.0,0.08108476,0.0,0.0,8.223849e-06,-28.71284,2.4003816,0.8001272,0.14400001,0.0,0.19335191,11.860082,11.880082,1907200
hardzero_plus_depr__c0p50__z1p00__lam0p020__nu0p50__psi0p75,hardzero_plus_depr,0.06,37,596,0.0,2,0.17130429,0.17130512,0.9856903,0.103349805,0.103349805,1.0,8.37279e-07,8.101409e-06,-26.519613,2.168562,0.722854,0.14400001,0.0,0.16177216,11.880082,11.900083,1910400
hardzero_plus_depr__c0p50__z1p00__lam0p020__nu0p50__psi0p75,hardzero_plus_depr,0.06,37,597,0.0,2,0.17130512,0.17130512,1.0053338,0.0,0.098779365,0.0,0.0,7.980792e-06,-27.4971,2.2117784,0.7372595,0.104,0.0,0.17329316,11.900083,11.920083,1913600
hardzero_plus_depr__c0p50__z1p00__lam0p020__nu0p50__psi0p75,hardzero_plus_depr,0.06,37,598,0.0,2,0.17130512,0.171306,0.9499154,0.11222369,0.11222369,1.0,8.8229933e-07,7.8619705e-06,-26.102451,2.0898557,0.69661856,0.22,0.0,0.16797277,11.920083,11.9400835,1916800
hardzero_plus_depr__c0p50__z1p00__lam0p020__nu0p50__psi0p75,hardzero_plus_depr,0.06,37,599,0.0,2,0.171306,0.171306,1.0221027,0.0,0.095038004,0.0,0.0,7.744919e-06,-27.984755,2.2486708,0.74955696,0.18400002,0.0,0.19782293,11.9400835,11.960084,1920000
hardzero_plus_depr__c0p50__z1p00__lam0p020__nu0p50__psi0p75,hardzero_plus_depr,0.06,37,600,0.0,2,0.171306,0.171306,1.0649457,0.0,0.08611013,0.0,0.0,7.629609e-06,-27.819017,2.3429272,0.78097576,0.192,0.0,0.19362734,11.960084,11.980084,1923200
hardzero_plus_depr__c0p50__z1p00__lam0p020__nu0p50__psi0p75,hardzero_plus_depr,0.06,37,601,0.0,2,0.171306,0.171306,1.0187557,0.0,0.09577328,0.0,0.0,7.5160165e-06,-26.574715,2.2413073,0.74710244,0.15200001,0.0,0.17141414,11.980084,12.000085,1926400
hardzero_plus_depr__c0p50__z1p00__lam0p020__nu0p50__psi0p75,hardzero_plus_depr,0.06,37,602,0.0,2,0.171306,0.1713068,0.9660774,0.10812413,0.10812413,1.0,8.0056344e-07,7.4041145e-06,-26.532953,2.1254127,0.70847094,0.18400002,0.0,0.15275213,12.000085,12.020085,1929600
hardzero_plus_depr__c0p50__z1p00__lam0p020__nu0p50__psi0p75,hardzero_plus_depr,0.06,37,603,0.0,2,0.1713068,0.17130761,0.9591543,0.10986154,0.10986154,1.0,8.0131684e-07,7.2938797e-06,-26.072556,2.1101816,0.7033939,0.16800001,0.0,0.14900726,12.020085,12.040086,1932800
hardzero_plus_depr__c0p50__z1p00__lam0p020__nu0p50__psi0p75,hardzero_plus_depr,0.06,37,604,0.0,2,0.17130761,0.17130841,0.9533368,0.11134306,0.11134306,1.0,8.000317e-07,7.1852855e-06,-25.989346,2.0973828,0.6991276,0.14400001,0.0,0.19327118,12.040086,12.060086,1936000
hardzero_plus_depr__c0p50__z1p00__lam0p020__nu0p50__psi0p75,hardzero_plus_depr,0.06,37,605,0.0,2,0.17130841,0.17130841,1.0175761,0.0,0.09603376,0.0,0.0,7.078308e-06,-27.26954,2.238712,0.7462374,0.136,0.0,0.18422018,12.060086,12.080087,1939200
hardzero_plus_depr__c0p50__z1p00__lam0p020__nu0p50__psi0p75,hardzero_plus_depr,0.06,37,606,0.0,2,0.17130841,0.17130917,0.964279,0.10857278,0.10857278,1.0,7.5706964e-07,6.972923e-06,-26.908945,2.1214561,0.70715207,0.16000001,0.0,0.1958038,12.080087,12.100087,1942400
hardzero_plus_depr__c0p50__z1p00__lam0p020__nu0p50__psi0p75,hardzero_plus_depr,0.06,37,607,0.0,2,0.17130917,0.17130917,1.072119,0.0,0.08469952,0.0,0.0,6.869108e-06,-28.369396,2.3587089,0.7862363,0.128,0.0,0.18679205,12.100087,12.120088,1945600
hardzero_plus_depr__c0p50__z1p00__lam0p020__nu0p50__psi0p75,hardzero_plus_depr,0.06,37,608,0.0,2,0.17130917,0.17130987,0.9885776,0.102665,0.102665,1.0,6.947174e-07,6.766838e-06,-25.655296,2.1749141,0.7249714,0.16800001,0.0,0.16107611,12.120088,12.140088,1948800
hardzero_plus_depr__c0p50__z1p00__lam0p020__nu0p50__psi0p75,hardzero_plus_depr,0.06,37,609,0.0,2,0.17130987,0.17130987,1.0678076,0.0,0.085544564,0.0,0.0,6.666091e-06,-28.586596,2.3492236,0.78307456,0.14400001,0.0,0.22928126,12.140088,12.160089,1952000
hardzero_plus_depr__c0p50__z1p00__lam0p020__nu0p50__psi0p75,hardzero_plus_depr,0.06,37,610,0.0,2,0.17130987,0.17131059,0.95927,0.10983229,0.10983229,1.0,7.212513e-07,6.5668423e-06,-25.75183,2.1104362,0.70347875,0.192,0.0,0.15285052,12.160089,12.180089,1955200
hardzero_plus_depr__c0p50__z1p00__lam0p020__nu0p50__psi0p75,hardzero_plus_depr,0.06,37,611,0.0,2,0.17131059,0.17131059,1.0291698,0.0,0.093504004,0.0,0.0,6.469073e-06,-27.204857,2.2642188,0.75473964,0.12,0.0,0.1641347,12.180089,12.200089,1958400
hardzero_plus_depr__c0p50__z1p00__lam0p020__nu0p50__psi0p75,hardzero_plus_depr,0.06,37,612,0.0,2,0.17131059,0.17131129,0.9600977,0.10962315,0.10962315,1.0,6.986019e-07,6.372759e-06,-26.717997,2.112257,0.7040857,0.216,0.0,0.17995463,12.200089,12.22009,1961600
hardzero_plus_depr__c0p50__z1p00__lam0p020__nu0p50__psi0p75,hardzero_plus_depr,0.06,37,613,0.0,2,0.17131129,0.17131202,0.9360694,0.11585921,0.11585921,1.0,7.273501e-07,6.277879e-06,-25.386873,2.059394,0.68646467,0.216,0.0,0.17869121,12.22009,12.24009,1964800
hardzero_plus_depr__c0p50__z1p00__lam0p020__nu0p50__psi0p75,hardzero_plus_depr,0.06,37,614,0.0,2,0.17131202,0.17131202,1.0155194,0.0,0.09648963,0.0,0.0,6.184411e-06,-26.383244,2.2341871,0.74472904,0.15200001,0.0,0.18224299,12.24009,12.260091,1968000
hardzero_plus_depr__c0p50__z1p00__lam0p020__nu0p50__psi0p75,hardzero_plus_depr,0.06,37,615,0.0,2,0.17131202,0.17131202,1.0060251,0.0,0.09862225,0.0,0.0,6.0923353e-06,-27.219173,2.2132993,0.73776644,0.17600001,0.0,0.18107644,12.260091,12.280091,1971200
hardzero_plus_depr__c0p50__z1p00__lam0p020__nu0p50__psi0p75,hardzero_plus_depr,0.06,37,616,0.0,2,0.17131202,0.17131272,0.93471396,0.11622138,0.11622138,1.0,6.975178e-07,6.0016305e-06,-26.102947,2.0564117,0.6854706,0.224,0.008,0.17583995,12.280091,12.300092,1974400
hardzero_plus_depr__c0p50__z1p00__lam0p020__nu0p50__psi0p75,hardzero_plus_depr,0.06,37,617,0.0,2,0.17131272,0.17131272,1.0907383,0.0,0.08114498,0.0,0.0,5.9122754e-06,-28.282166,2.3996723,0.79989076,0.136,0.0,0.22346802,12.300092,12.320092,1977600
hardzero_plus_depr__c0p50__z1p00__lam0p020__nu0p50__psi0p75,hardzero_plus_depr,0.06,37,618,0.0,2,0.17131272,0.17131335,0.97105116,0.10689288,0.10689288,1.0,6.2257095e-07,5.8242513e-06,-26.401718,2.1363552,0.7121184,0.15200001,0.0,0.1949223,12.320092,12.340093,1980800
hardzero_plus_depr__c0p50__z1p00__lam0p020__nu0p50__psi0p75,hardzero_plus_depr,0.06,37,619,0.0,2,0.17131335,0.17131335,1.0805303,0.0,0.08307487,0.0,0.0,5.7375373e-06,-28.455479,2.3772142,0.7924048,0.14400001,0.0,0.20209356,12.340093,12.360093,1984000
hardzero_plus_depr__c0p50__z1p00__lam0p020__nu0p50__psi0p75,hardzero_plus_depr,0.06,37,620,0.0,2,0.17131335,0.17131394,0.979025,0.10494819,0.10494819,1.0,5.931792e-07,5.6521144e-06,-25.895674,2.153898,0.717966,0.208,0.0,0.18355988,12.360093,12.380094,1987200
hardzero_plus_depr__c0p50__z1p00__lam0p020__nu0p50__psi0p75,hardzero_plus_depr,0.06,37,621,0.0,2,0.17131394,0.17131394,1.011828,0.0,0.09731328,0.0,0.0,5.567964e-06,-28.135883,2.2260659,0.742022,0.16800001,0.0,0.17207259,12.380094,12.400094,1990400
hardzero_plus_depr__c0p50__z1p00__lam0p020__nu0p50__psi0p75,hardzero_plus_depr,0.06,37,622,0.0,2,0.17131394,0.17131394,1.0227723,0.0,0.094891585,0.0,0.0,5.4850657e-06,-27.295319,2.250144,0.75004804,0.120000005,0.0,0.18988223,12.400094,12.4200945,1993600
hardzero_plus_depr__c0p50__z1p00__lam0p020__nu0p50__psi0p75,hardzero_plus_depr,0.06,37,623,0.0,2,0.17131394,0.17131452,0.9681386,0.10761216,0.10761216,1.0,5.814718e-07,5.403402e-06,-26.307177,2.1299474,0.7099825,0.136,0.0,0.1963197,12.4200945,12.440095,1996800
hardzero_plus_depr__c0p50__z1p00__lam0p020__nu0p50__psi0p75,hardzero_plus_depr,0.06,37,624,0.0,2,0.17131452,0.17131452,1.0151054,0.0,0.09658164,0.0,0.0,5.322954e-06,-26.73668,2.2332764,0.7444255,0.21,0.0,0.15992959,12.440095,12.460095,2000000
hardzero_plus_depr__c0p50__z1p00__lam0p020__nu0p50__psi0p75,hardzero_plus_depr,0.06,37,625,0.0,2,0.17131452,0.17131452,1.0172449,0.0,0.09610701,0.0,0.0,5.2437035e-06,-27.810282,2.2379835,0.7459945,0.128,0.0,0.18297148,12.460095,12.480096,2003200
hardzero_plus_depr__c0p50__z1p00__lam0p020__nu0p50__psi0p75,hardzero_plus_depr,0.06,37,626,0.0,2,0.17131452,0.17131452,1.0276155,0.0,0.09383923,0.0,0.0,5.1656334e-06,-26.585154,2.2607994,0.7535998,0.15200001,0.0,0.18530358,12.480096,12.500096,2006400
hardzero_plus_depr__c0p50__z1p00__lam0p020__nu0p50__psi0p75,hardzero_plus_depr,0.06,37,627,0.0,2,0.17131452,0.17131452,1.0407206,0.0,0.09104988,0.0,0.0,5.0887247e-06,-28.06236,2.289631,0.7632103,0.120000005,0.0,0.17670491,12.500096,12.520097,2009600
hardzero_plus_depr__c0p50__z1p00__lam0p020__nu0p50__psi0p75,hardzero_plus_depr,0.06,37,628,0.0,2,0.17131452,0.17131452,1.0620214,0.0,0.08669192,0.0,0.0,5.0129624e-06,-28.019537,2.3364937,0.77883124,0.17600001,0.0,0.21600139,12.520097,12.540097,2012800
hardzero_plus_depr__c0p50__z1p00__lam0p020__nu0p50__psi0p75,hardzero_plus_depr,0.06,37,629,0.0,2,0.17131452,0.17131503,0.98825693,0.10274083,0.10274083,1.0,5.073679e-07,4.9383275e-06,-26.591326,2.1742086,0.7247362,0.128,0.0,0.18189484,12.540097,12.560098,2016000
hardzero_plus_depr__c0p50__z1p00__lam0p020__nu0p50__psi0p75,hardzero_plus_depr,0.06,37,630,0.0,2,0.17131503,0.17131503,1.064573,0.0,0.086184055,0.0,0.0,4.864803e-06,-27.52695,2.3421075,0.78070253,0.15200001,0.0,0.18284896,12.560098,12.580098,2019200
hardzero_plus_depr__c0p50__z1p00__lam0p020__nu0p50__psi0p75,hardzero_plus_depr,0.06,37,631,0.0,2,0.17131503,0.17131503,1.0043043,0.0,0.09901379,0.0,0.0,4.7923745e-06,-27.834364,2.2095137,0.73650455,0.14400001,0.0,0.20912905,12.580098,12.600099,2022400
hardzero_plus_depr__c0p50__z1p00__lam0p020__nu0p50__psi0p75,hardzero_plus_depr,0.06,37,632,0.0,2,0.17131503,0.1713155,0.9926054,0.10171724,0.10171724,1.0,4.802095e-07,4.7210237e-06,-27.5796,2.1837754,0.7279252,0.2,0.0,0.19701846,12.600099,12.620099,2025600
hardzero_plus_depr__c0p50__z1p00__lam0p020__nu0p50__psi0p75,hardzero_plus_depr,0.06,37,633,0.0,2,0.1713155,0.1713155,1.01927,0.0,0.09565993,0.0,0.0,4.6507353e-06,-27.751196,2.2424386,0.74747956,0.18400002,0.0,0.17184418,12.620099,12.6401,2028800
hardzero_plus_depr__c0p50__z1p00__lam0p020__nu0p50__psi0p75,hardzero_plus_depr,0.06,37,634,0.0,2,0.1713155,0.1713155,1.026637,0.0,0.09405091,0.0,0.0,4.5814927e-06,-26.856659,2.2586465,0.7528822,0.17600001,0.0,0.16578825,12.6401,12.6601,2032000
hardzero_plus_depr__c0p50__z1p00__lam0p020__nu0p50__psi0p75,hardzero_plus_depr,0.06,37,635,0.0,2,0.1713155,0.17131595,0.99736804,0.10060787,0.10060787,1.0,4.5407168e-07,4.513282e-06,-27.148857,2.1942534,0.73141783,0.208,0.0,0.19059151,12.6601,12.6801,2035200
hardzero_plus_depr__c0p50__z1p00__lam0p020__nu0p50__psi0p75,hardzero_plus_depr,0.06,37,636,0.0,2,0.17131595,0.17131595,1.0579455,0.0,0.08750935,0.0,0.0,4.4460867e-06,-27.37757,2.3275266,0.7758422,0.128,0.0,0.15517502,12.6801,12.700101,2038400
hardzero_plus_depr__c0p50__z1p00__lam0p020__nu0p50__psi0p75,hardzero_plus_depr,0.06,37,637,0.0,2,0.17131595,0.17131643,0.9607482,0.10945909,0.10945909,1.0,4.7941893e-07,4.3798914e-06,-25.849928,2.1136882,0.7045628,0.099999994,0.0,0.13751736,12.700101,12.720101,2041600
hardzero_plus_depr__c0p50__z1p00__lam0p020__nu0p50__psi0p75,hardzero_plus_depr,0.06,37,638,0.0,2,0.17131643,0.17131643,1.0190073,0.0,0.09571778,0.0,0.0,4.314682e-06,-26.77225,2.2418609,0.747287,0.16000001,0.0,0.18144938,12.720101,12.740102,2044800
hardzero_plus_depr__c0p50__z1p00__lam0p020__nu0p50__psi0p75,hardzero_plus_depr,0.06,37,639,0.0,2,0.17131643,0.17131643,1.0216987,0.0,0.095126435,0.0,0.0,4.250443e-06,-26.735952,2.247782,0.74926066,0.136,0.0,0.15604419,12.740102,12.760102,2048000
hardzero_plus_depr__c0p50__z1p00__lam0p020__nu0p50__psi0p75,hardzero_plus_depr,0.06,37,640,0.0,2,0.17131643,0.17131689,0.9621048,0.109117694,0.109117694,1.0,4.5689333e-07,4.187161e-06,-25.974825,2.1166728,0.7055576,0.2,0.008,0.18597578,12.760102,12.780103,2051200
hardzero_plus_depr__c0p50__z1p00__lam0p020__nu0p50__psi0p75,hardzero_plus_depr,0.06,37,641,0.0,2,0.17131689,0.17131689,1.0207428,0.0,0.09533607,0.0,0.0,4.1248204e-06,-26.515263,2.245679,0.74855965,0.17600001,0.0,0.17983836,12.780103,12.800103,2054400
hardzero_plus_depr__c0p50__z1p00__lam0p020__nu0p50__psi0p75,hardzero_plus_depr,0.06,37,642,0.0,2,0.17131689,0.17131689,1.0238837,0.0,0.09464905,0.0,0.0,4.0634086e-06,-27.013079,2.2525892,0.7508631,0.18400002,0.0,0.19950506,12.800103,12.820104,2057600
hardzero_plus_depr__c0p50__z1p00__lam0p020__nu0p50__psi0p75,hardzero_plus_depr,0.06,37,643,0.0,2,0.17131689,0.1713173,0.9935125,0.101505004,0.101505004,1.0,4.0631554e-07,4.0029113e-06,-26.116821,2.1857712,0.7285904,0.128,0.0,0.15531495,12.820104,12.840104,2060800
hardzero_plus_depr__c0p50__z1p00__lam0p020__nu0p50__psi0p75,hardzero_plus_depr,0.06,37,644,0.0,2,0.1713173,0.17131774,0.94759244,0.11282558,0.11282558,1.0,4.4490668e-07,3.943314e-06,-26.478876,2.084745,0.694915,0.16800001,0.0,0.16453777,12.840104,12.860105,2064000
hardzero_plus_depr__c0p50__z1p00__lam0p020__nu0p50__psi0p75,hardzero_plus_depr,0.06,37,645,0.0,2,0.17131774,0.17131774,1.0707251,0.0,0.08497181,0.0,0.0,3.8846047e-06,-27.970339,2.3556423,0.7852141,0.15200001,0.0,0.1967682,12.860105,12.880105,2067200
hardzero_plus_depr__c0p50__z1p00__lam0p020__nu0p50__psi0p75,hardzero_plus_depr,0.06,37,646,0.0,2,0.17131774,0.17131774,1.0226835,0.0,0.094910994,0.0,0.0,3.826769e-06,-26.971645,2.2499487,0.74998295,0.112,0.0,0.16034888,12.880105,12.900105,2070400
hardzero_plus_depr__c0p50__z1p00__lam0p020__nu0p50__psi0p75,hardzero_plus_depr,0.06,37,647,0.0,2,0.17131774,0.17131813,0.9953029,0.10108741,0.10108741,1.0,3.8107873e-07,3.7697944e-06,-27.50945,2.1897101,0.7299034,0.224,0.008,0.18988393,12.900105,12.920106,2073600
hardzero_plus_depr__c0p50__z1p00__lam0p020__nu0p50__psi0p75,hardzero_plus_depr,0.06,37,648,0.0,2,0.17131813,0.17131813,1.0714897,0.0,0.08482235,0.0,0.0,3.713668e-06,-28.0648,2.3573244,0.7857748,0.16800001,0.008,0.21867712,12.920106,12.940106,2076800
hardzero_plus_depr__c0p50__z1p00__lam0p020__nu0p50__psi0p75,hardzero_plus_depr,0.06,37,649,0.0,2,0.17131813,0.1713185,0.99585265,0.10095953,0.10095953,1.0,3.6934813e-07,3.6583779e-06,-26.95355,2.1909196,0.73030657,0.136,0.0,0.18892242,12.940106,12.960107,2080000
hardzero_plus_depr__c0p50__z1p00__lam0p020__nu0p50__psi0p75,hardzero_plus_depr,0.06,37,650,0.0,2,0.1713185,0.1713185,1.0323296,0.0,0.09282616,0.0,0.0,3.60391e-06,-27.285719,2.2711704,0.75705683,0.17,0.0,0.1897947,12.960107,12.980107,2083200
hardzero_plus_depr__c0p50__z1p00__lam0p020__nu0p50__psi0p75,hardzero_plus_depr,0.06,37,651,0.0,2,0.1713185,0.1713185,1.0386331,0.0,0.09148857,0.0,0.0,3.550254e-06,-27.471045,2.2850385,0.76167953,0.128,0.0,0.20029256,12.980107,13.000108,2086400
hardzero_plus_depr__c0p50__z1p00__lam0p020__nu0p50__psi0p75,hardzero_plus_depr,0.06,37,652,0.0,2,0.1713185,0.1713185,1.0468794,0.0,0.089767806,0.0,0.0,3.4973964e-06,-28.093725,2.3031807,0.7677269,0.2,0.0,0.17806599,13.000108,13.020108,2089600
hardzero_plus_depr__c0p50__z1p00__lam0p020__nu0p50__psi0p75,hardzero_plus_depr,0.06,37,653,0.0,2,0.1713185,0.17131884,0.9966712,0.10076943,0.10076943,1.0,3.4718352e-07,3.4453258e-06,-26.413637,2.1927204,0.73090684,0.15200001,0.0,0.1682836,13.020108,13.040109,2092800
hardzero_plus_depr__c0p50__z1p00__lam0p020__nu0p50__psi0p75,hardzero_plus_depr,0.06,37,654,0.0,2,0.17131884,0.1713192,0.9713953,0.10680822,0.10680822,1.0,3.6251038e-07,3.3940305e-06,-26.315802,2.1371124,0.7123708,0.136,0.0,0.17579702,13.040109,13.060109,2096000
hardzero_plus_depr__c0p50__z1p00__lam0p020__nu0p50__psi0p75,hardzero_plus_depr,0.06,37,655,0.0,2,0.1713192,0.17131954,0.9924365,0.1017568,0.1017568,1.0,3.4022372e-07,3.3434985e-06,-26.385284,2.183404,0.7278013,0.136,0.0,0.15584433,13.060109,13.08011,2099200
hardzero_plus_depr__c0p50__z1p00__lam0p020__nu0p50__psi0p75,hardzero_plus_depr,0.06,37,656,0.0,2,0.17131954,0.17131954,1.0235252,0.0,0.0947272,0.0,0.0,3.2937191e-06,-27.323647,2.2518005,0.7506002,0.14400001,0.0,0.18652332,13.08011,13.10011,2102400
hardzero_plus_depr__c0p50__z1p00__lam0p020__nu0p50__psi0p75,hardzero_plus_depr,0.06,37,657,0.0,2,0.17131954,0.17131954,1.0220859,0.0,0.09504168,0.0,0.0,3.244681e-06,-27.41515,2.2486339,0.7495446,0.15200001,0.0,0.19835202,13.10011,13.1201105,2105600
hardzero_plus_depr__c0p50__z1p00__lam0p020__nu0p50__psi0p75,hardzero_plus_depr,0.06,37,658,0.0,2,0.17131954,0.17131954,1.0124993,0.0,0.097162955,0.0,0.0,3.196373e-06,-26.578377,2.227543,0.7425144,0.14400001,0.0,0.17244284,13.1201105,13.140111,2108800
hardzero_plus_depr__c0p50__z1p00__lam0p020__nu0p50__psi0p75,hardzero_plus_depr,0.06,37,659,0.0,2,0.17131954,0.17131954,1.0018555,0.0,0.09957366,0.0,0.0,3.1487841e-06,-26.949482,2.2041261,0.7347087,0.128,0.0,0.15017146,13.140111,13.160111,2112000
hardzero_plus_depr__c0p50__z1p00__lam0p020__nu0p50__psi0p75,hardzero_plus_depr,0.06,37,660,0.0,2,0.17131954,0.17131989,0.9520125,0.111683115,0.111683115,1.0,3.4643028e-07,3.1019038e-06,-26.580074,2.0944693,0.6981565,0.16800001,0.0,0.16770686,13.160111,13.180112,2115200
hardzero_plus_depr__c0p50__z1p00__lam0p020__nu0p50__psi0p75,hardzero_plus_depr,0.06,37,661,0.0,2,0.17131989,0.17131989,1.0163702,0.0,0.09630077,0.0,0.0,3.0557212e-06,-27.529438,2.236059,0.745353,0.120000005,0.0,0.1790385,13.180112,13.200112,2118400
hardzero_plus_depr__c0p50__z1p00__lam0p020__nu0p50__psi0p75,hardzero_plus_depr,0.06,37,662,0.0,2,0.17131989,0.17131989,1.030352,0.0,0.093249805,0.0,0.0,3.0102267e-06,-26.461493,2.2668197,0.7556066,0.17600001,0.0,0.17441936,13.200112,13.220113,2121600
hardzero_plus_depr__c0p50__z1p00__lam0p020__nu0p50__psi0p75,hardzero_plus_depr,0.06,37,663,0.0,2,0.17131989,0.17131989,1.059209,0.0,0.087255135,0.0,0.0,2.9654093e-06,-27.754904,2.3303063,0.7767688,0.13,0.0,0.20427099,13.220113,13.240113,2124800
hardzero_plus_depr__c0p50__z1p00__lam0p020__nu0p50__psi0p75,hardzero_plus_depr,0.06,37,664,0.0,2,0.17131989,0.17132019,0.9874055,0.10294246,0.10294246,1.0,3.0072158e-07,2.921259e-06,-26.189695,2.1723354,0.7241118,0.192,0.0,0.16714913,13.240113,13.260114,2128000
hardzero_plus_depr__c0p50__z1p00__lam0p020__nu0p50__psi0p75,hardzero_plus_depr,0.06,37,665,0.0,2,0.17132019,0.17132019,1.084696,0.0,0.08228182,0.0,0.0,2.877766e-06,-27.967232,2.386379,0.7954597,0.128,0.0,0.19206488,13.260114,13.280114,2131200
hardzero_plus_depr__c0p50__z1p00__lam0p020__nu0p50__psi0p75,hardzero_plus_depr,0.06,37,666,0.0,2,0.17132019,0.17132019,1.035338,0.0,0.09218535,0.0,0.0,2.8349207e-06,-27.035622,2.277789,0.75926304,0.120000005,0.0,0.18483211,13.280114,13.300115,2134400
hardzero_plus_depr__c0p50__z1p00__lam0p020__nu0p50__psi0p75,hardzero_plus_depr,0.06,37,667,0.0,2,0.17132019,0.17132051,0.93491423,0.116167806,0.116167806,1.0,3.2442338e-07,2.7927133e-06,-26.560385,2.0568523,0.68561745,0.208,0.0,0.16807108,13.300115,13.320115,2137600
hardzero_plus_depr__c0p50__z1p00__lam0p020__nu0p50__psi0p75,hardzero_plus_depr,0.06,37,668,0.0,2,0.17132051,0.1713208,0.9990091,0.10022843,0.10022843,1.0,2.7574188e-07,2.7511344e-06,-26.764648,2.1978638,0.7326213,0.14400001,0.0,0.18969537,13.320115,13.340116,2140800
hardzero_plus_depr__c0p50__z1p00__lam0p020__nu0p50__psi0p75,hardzero_plus_depr,0.06,37,669,0.0,2,0.1713208,0.17132108,0.98890907,0.10258666,0.10258666,1.0,2.7802773e-07,2.7101744e-06,-26.237316,2.1756434,0.7252145,0.208,0.0,0.17097081,13.340116,13.360116,2144000
hardzero_plus_depr__c0p50__z1p00__lam0p020__nu0p50__psi0p75,hardzero_plus_depr,0.06,37,670,0.0,2,0.17132108,0.17132108,1.0864394,0.0,0.0819522,0.0,0.0,2.669824e-06,-27.87562,2.3902144,0.79673815,0.17600001,0.0,0.1855955,13.360116,13.380116,2147200
hardzero_plus_depr__c0p50__z1p00__lam0p020__nu0p50__psi0p75,hardzero_plus_depr,0.06,37,671,0.0,2,0.17132108,0.17132108,1.037697,0.0,0.09168601,0.0,0.0,2.6300747e-06,-27.429537,2.2829788,0.76099294,0.08800001,0.0,0.18803863,13.380116,13.400117,2150400
hardzero_plus_depr__c0p50__z1p00__lam0p020__nu0p50__psi0p75,hardzero_plus_depr,0.06,37,672,0.0,2,0.17132108,0.17132135,0.9937971,0.10143852,0.10143852,1.0,2.6281882e-07,2.5909171e-06,-26.715723,2.1863973,0.7287991,0.136,0.0,0.19261391,13.400117,13.420117,2153600
hardzero_plus_depr__c0p50__z1p00__lam0p020__nu0p50__psi0p75,hardzero_plus_depr,0.06,37,673,0.0,2,0.17132135,0.17132163,0.9632943,0.10881923,0.10881923,1.0,2.7774394e-07,2.5523423e-06,-27.197708,2.1192899,0.70642996,0.16800001,0.0,0.18036312,13.420117,13.440118,2156800
hardzero_plus_depr__c0p50__z1p00__lam0p020__nu0p50__psi0p75,hardzero_plus_depr,0.06,37,674,0.0,2,0.17132163,0.17132163,1.0316826,0.0,0.09296456,0.0,0.0,2.5143422e-06,-27.47336,2.269747,0.7565824,0.15200001,0.008,0.18203115,13.440118,13.460118,2160000
hardzero_plus_depr__c0p50__z1p00__lam0p020__nu0p50__psi0p75,hardzero_plus_depr,0.06,37,675,0.0,2,0.17132163,0.17132163,1.020204,0.0,0.09545441,0.0,0.0,2.4769076e-06,-27.352514,2.2444935,0.74816453,0.15200001,0.0,0.19246854,13.460118,13.480119,2163200
hardzero_plus_depr__c0p50__z1p00__lam0p020__nu0p50__psi0p75,hardzero_plus_depr,0.06,37,676,0.0,2,0.17132163,0.17132163,1.0061313,0.0,0.098598145,0.0,0.0,2.4400304e-06,-26.5182,2.2135332,0.7378444,0.21,0.0,0.1794601,13.480119,13.500119,2166400
hardzero_plus_depr__c0p50__z1p00__lam0p020__nu0p50__psi0p75,hardzero_plus_depr,0.06,37,677,0.0,2,0.17132163,0.17132163,1.0105083,0.0,0.097609416,0.0,0.0,2.4037024e-06,-26.921305,2.2231627,0.74105424,0.18400002,0.0,0.16724974,13.500119,13.52012,2169600
hardzero_plus_depr__c0p50__z1p00__lam0p020__nu0p50__psi0p75,hardzero_plus_depr,0.06,37,678,0.0,2,0.17132163,0.17132187,0.9945243,0.10126881,0.10126881,1.0,2.3979592e-07,2.367915e-06,-26.242254,2.187997,0.7293324,0.18400002,0.0,0.1705805,13.52012,13.54012,2172800
hardzero_plus_depr__c0p50__z1p00__lam0p020__nu0p50__psi0p75,hardzero_plus_depr,0.06,37,679,0.0,2,0.17132187,0.17132187,1.0257171,0.0,0.09425033,0.0,0.0,2.3326604e-06,-27.474258,2.2566228,0.75220764,0.192,0.0,0.18245502,13.54012,13.560121,2176000
hardzero_plus_depr__c0p50__z1p00__lam0p020__nu0p50__psi0p75,hardzero_plus_depr,0.06,37,680,0.0,2,0.17132187,0.1713221,0.99235135,0.10177677,0.10177677,1.0,2.33876e-07,2.297931e-06,-26.678078,2.1832166,0.72773886,0.192,0.0,0.20614746,13.560121,13.580121,2179200
hardzero_plus_depr__c0p50__z1p00__lam0p020__nu0p50__psi0p75,hardzero_plus_depr,0.06,37,681,0.0,2,0.1713221,0.1713221,1.0725366,0.0,0.084618114,0.0,0.0,2.2637184e-06,-27.121746,2.3596275,0.78654253,0.16000001,0.0,0.1739325,13.580121,13.6001215,2182400
hardzero_plus_depr__c0p50__z1p00__lam0p020__nu0p50__psi0p75,hardzero_plus_depr,0.06,37,682,0.0,2,0.1713221,0.1713221,1.0297788,0.0,0.09337297,0.0,0.0,2.2300153e-06,-28.049517,2.2655587,0.75518626,0.136,0.0,0.19539261,13.6001215,13.620122,2185600
hardzero_plus_depr__c0p50__z1p00__lam0p020__nu0p50__psi0p75,hardzero_plus_depr,0.06,37,683,0.0,2,0.1713221,0.1713221,1.0342759,0.0,0.092411086,0.0,0.0,2.1968137e-06,-26.595615,2.2754524,0.7584841,0.112,0.0,0.16157803,13.620122,13.640122,2188800
hardzero_plus_depr__c0p50__z1p00__lam0p020__nu0p50__psi0p75,hardzero_plus_depr,0.06,37,684,0.0,2,0.1713221,0.17132233,0.99663913,0.10077686,0.10077686,1.0,2.180919e-07,2.164107e-06,-26.803799,2.1926498,0.7308833,0.216,0.0,0.16940257,13.640122,13.660123,2192000
hardzero_plus_depr__c0p50__z1p00__lam0p020__nu0p50__psi0p75,hardzero_plus_depr,0.06,37,685,0.0,2,0.17132233,0.17132233,1.0539035,0.0,0.08832762,0.0,0.0,2.1318867e-06,-27.950188,2.3186338,0.77287793,0.136,0.0,0.1910799,13.660123,13.680123,2195200
hardzero_plus_depr__c0p50__z1p00__lam0p020__nu0p50__psi0p75,hardzero_plus_depr,0.06,37,686,0.0,2,0.17132233,0.17132233,1.0165273,0.0,0.09626596,0.0,0.0,2.1001465e-06,-27.715034,2.2364047,0.74546826,0.216,0.0,0.2005608,13.680123,13.700124,2198400
hardzero_plus_depr__c0p50__z1p00__lam0p020__nu0p50__psi0p75,hardzero_plus_depr,0.06,37,687,0.0,2,0.17132233,0.17132233,1.0700816,0.0,0.08509781,0.0,0.0,2.0688788e-06,-27.49103,2.3542266,0.78474224,0.128,0.0,0.19584493,13.700124,13.720124,2201600
hardzero_plus_depr__c0p50__z1p00__lam0p020__nu0p50__psi0p75,hardzero_plus_depr,0.06,37,688,0.0,2,0.17132233,0.17132233,1.0339812,0.0,0.09247381,0.0,0.0,2.0380762e-06,-27.389187,2.274804,0.75826806,0.112,0.0,0.18295853,13.720124,13.740125,2204800
hardzero_plus_depr__c0p50__z1p00__lam0p020__nu0p50__psi0p75,hardzero_plus_depr,0.06,37,689,0.0,2,0.17132233,0.17132233,1.0155612,0.0,0.09648033,0.0,0.0,2.0077325e-06,-28.206062,2.2342794,0.7447598,0.099999994,0.0,0.18008864,13.740125,13.760125,2208000
hardzero_plus_depr__c0p50__z1p00__lam0p020__nu0p50__psi0p75,hardzero_plus_depr,0.06,37,690,0.0,2,0.17132233,0.17132233,1.007278,0.0,0.098338135,0.0,0.0,1.9778408e-06,-27.645748,2.2160559,0.7386853,0.112,0.0,0.16117765,13.760125,13.780126,2211200
hardzero_plus_depr__c0p50__z1p00__lam0p020__nu0p50__psi0p75,hardzero_plus_depr,0.06,37,691,0.0,2,0.17132233,0.17132252,0.98986685,0.102360666,0.102360666,1.0,1.994389e-07,1.948394e-06,-26.87438,2.1777506,0.72591686,0.14400001,0.0,0.14971462,13.780126,13.800126,2214400
hardzero_plus_depr__c0p50__z1p00__lam0p020__nu0p50__psi0p75,hardzero_plus_depr,0.06,37,692,0.0,2,0.17132252,0.17132252,1.0070415,0.0,0.09839171,0.0,0.0,1.9193856e-06,-27.322336,2.2155354,0.7385118,0.24000001,0.0,0.20901644,13.800126,13.820127,2217600
hardzero_plus_depr__c0p50__z1p00__lam0p020__nu0p50__psi0p75,hardzero_plus_depr,0.06,37,693,0.0,2,0.17132252,0.17132252,1.0566502,0.0,0.087770745,0.0,0.0,1.8908087e-06,-27.710083,2.3246768,0.7748923,0.096,0.0,0.21170725,13.820127,13.840127,2220800
hardzero_plus_depr__c0p50__z1p00__lam0p020__nu0p50__psi0p75,hardzero_plus_depr,0.06,37,694,0.0,2,0.17132252,0.17132272,0.9962868,0.10085866,0.10085866,1.0,1.8786515e-07,1.8626577e-06,-27.037533,2.1918747,0.7306249,0.14400001,0.0,0.18285915,13.840127,13.860127,2224000
hardzero_plus_depr__c0p50__z1p00__lam0p020__nu0p50__psi0p75,hardzero_plus_depr,0.06,37,695,0.0,2,0.17132272,0.17132272,1.0610412,0.0,0.08688777,0.0,0.0,1.8349258e-06,-27.992514,2.3343372,0.7781124,0.18400002,0.0,0.18722735,13.860127,13.880128,2227200
hardzero_plus_depr__c0p50__z1p00__lam0p020__nu0p50__psi0p75,hardzero_plus_depr,0.06,37,696,0.0,2,0.17132272,0.17132272,1.0506359,0.0,0.088994674,0.0,0.0,1.8076066e-06,-27.916716,2.3114452,0.77048177,0.18400002,0.0,0.20706168,13.880128,13.900128,2230400
hardzero_plus_depr__c0p50__z1p00__lam0p020__nu0p50__psi0p75,hardzero_plus_depr,0.06,37,697,0.0,2,0.17132272,0.17132272,1.0317819,0.0,0.09294328,0.0,0.0,1.7806942e-06,-27.242037,2.2699654,0.75665516,0.16800001,0.0,0.18283926,13.900128,13.920129,2233600
hardzero_plus_depr__c0p50__z1p00__lam0p020__nu0p50__psi0p75,hardzero_plus_depr,0.06,37,698,0.0,2,0.17132272,0.17132272,1.0188214,0.0,0.09575879,0.0,0.0,1.7541827e-06,-26.651634,2.2414517,0.7471506,0.120000005,0.0,0.18216686,13.920129,13.940129,2236800
hardzero_plus_depr__c0p50__z1p00__lam0p020__nu0p50__psi0p75,hardzero_plus_depr,0.06,37,699,0.0,2,0.17132272,0.1713229,0.9682064,0.107595354,0.107595354,1.0,1.8593184e-07,1.7280657e-06,-26.046095,2.1300967,0.7100322,0.208,0.0,0.17067403,13.940129,13.96013,2240000
hardzero_plus_depr__c0p50__z1p00__lam0p020__nu0p50__psi0p75,hardzero_plus_depr,0.06,37,700,0.0,2,0.1713229,0.17132308,0.96922,0.10734454,0.10734454,1.0,1.8273661e-07,1.7023374e-06,-26.564138,2.1323266,0.71077555,0.23200001,0.0,0.18481661,13.96013,13.98013,2243200
hardzero_plus_depr__c0p50__z1p00__lam0p020__nu0p50__psi0p75,hardzero_plus_depr,0.06,37,701,0.0,2,0.17132308,0.17132325,0.9794314,0.10485003,0.10485003,1.0,1.758327e-07,1.6769923e-06,-26.32129,2.154792,0.71826404,0.128,0.0,0.1719759,13.98013,14.000131,2246400
hardzero_plus_depr__c0p50__z1p00__lam0p020__nu0p50__psi0p75,hardzero_plus_depr,0.06,37,702,0.0,2,0.17132325,0.17132342,0.9991005,0.10020733,0.10020733,1.0,1.6554498e-07,1.6520246e-06,-25.531773,2.198065,0.73268837,0.12,0.0,0.15982635,14.000131,14.020131,2249600
hardzero_plus_depr__c0p50__z1p00__lam0p020__nu0p50__psi0p75,hardzero_plus_depr,0.06,37,703,0.0,2,0.17132342,0.17132342,1.0166069,0.0,0.09624831,0.0,0.0,1.6274288e-06,-27.369207,2.23658,0.7455267,0.14400001,0.0,0.17355043,14.020131,14.040132,2252800
hardzero_plus_depr__c0p50__z1p00__lam0p020__nu0p50__psi0p75,hardzero_plus_depr,0.06,37,704,0.0,2,0.17132342,0.17132342,1.0546781,0.0,0.08817021,0.0,0.0,1.6031989e-06,-27.516544,2.320338,0.773446,0.16800001,0.0,0.19908231,14.040132,14.060132,2256000
hardzero_plus_depr__c0p50__z1p00__lam0p020__nu0p50__psi0p75,hardzero_plus_depr,0.06,37,705,0.0,2,0.17132342,0.17132358,0.98987293,0.10235925,0.10235925,1.0,1.61659e-07,1.5793297e-06,-26.893019,2.177764,0.72592133,0.128,0.0,0.15251513,14.060132,14.0801325,2259200
hardzero_plus_depr__c0p50__z1p00__lam0p020__nu0p50__psi0p75,hardzero_plus_depr,0.06,37,706,0.0,2,0.17132358,0.17132375,0.9691756,0.10735552,0.10735552,1.0,1.6702545e-07,1.5558161e-06,-26.555038,2.1322289,0.71074295,0.208,0.0,0.1718141,14.0801325,14.100133,2262400
hardzero_plus_depr__c0p50__z1p00__lam0p020__nu0p50__psi0p75,hardzero_plus_depr,0.06,37,707,0.0,2,0.17132375,0.17132391,0.9649164,0.108413555,0.108413555,1.0,1.6616032e-07,1.5326526e-06,-25.657825,2.1228585,0.70761955,0.192,0.0,0.17030078,14.100133,14.120133,2265600
hardzero_plus_depr__c0p50__z1p00__lam0p020__nu0p50__psi0p75,hardzero_plus_depr,0.06,37,708,0.0,2,0.17132391,0.17132407,0.955723,0.11073299,0.11073299,1.0,1.6718842e-07,1.5098339e-06,-25.193926,2.1026325,0.70087755,0.16000001,0.0,0.14864731,14.120133,14.140134,2268800
hardzero_plus_depr__c0p50__z1p00__lam0p020__nu0p50__psi0p75,hardzero_plus_depr,0.06,37,709,0.0,2,0.17132407,0.17132407,1.059068,0.0,0.08728347,0.0,0.0,1.4873548e-06,-27.605314,2.329996,0.7766654,0.128,0.0,0.17637171,14.140134,14.160134,2272000
hardzero_plus_depr__c0p50__z1p00__lam0p020__nu0p50__psi0p75,hardzero_plus_depr,0.06,37,710,0.0,2,0.17132407,0.17132407,1.000591,0.0,0.099864,0.0,0.0,1.4652104e-06,-26.903297,2.2013443,0.73378146,0.17600001,0.0,0.17611355,14.160134,14.180135,2275200
hardzero_plus_depr__c0p50__z1p00__lam0p020__nu0p50__psi0p75,hardzero_plus_depr,0.06,37,711,0.0,2,0.17132407,0.17132422,0.98585916,0.10330964,0.10330964,1.0,1.491167e-07,1.4433958e-06,-26.6592,2.1689334,0.7229778,0.16000001,0.0,0.19703695,14.180135,14.200135,2278400
hardzero_plus_depr__c0p50__z1p00__lam0p020__nu0p50__psi0p75,hardzero_plus_depr,0.06,37,712,0.0,2,0.17132422,0.17132437,0.97062165,0.10699867,0.10699867,1.0,1.5214204e-07,1.421906e-06,-25.860357,2.1354103,0.71180344,0.2,0.0,0.17722698,14.200135,14.220136,2281600
hardzero_plus_depr__c0p50__z1p00__lam0p020__nu0p50__psi0p75,hardzero_plus_depr,0.06,37,713,0.0,2,0.17132437,0.17132452,0.98309296,0.10396976,0.10396976,1.0,1.4563419e-07,1.4007361e-06,-26.8858,2.1628478,0.7209493,0.192,0.0,0.1961587,14.220136,14.240136,2284800
hardzero_plus_depr__c0p50__z1p00__lam0p020__nu0p50__psi0p75,hardzero_plus_depr,0.06,37,714,0.0,2,0.17132452,0.17132452,1.0161989,0.0,0.096338764,0.0,0.0,1.3798814e-06,-26.305698,2.2356822,0.74522746,0.120000005,0.0,0.16523705,14.240136,14.260137,2288000
hardzero_plus_depr__c0p50__z1p00__lam0p020__nu0p50__psi0p75,hardzero_plus_depr,0.06,37,715,0.0,2,0.17132452,0.17132452,1.0826756,0.0,0.08266553,0.0,0.0,1.359337e-06,-28.673027,2.381934,0.793978,0.11,0.0,0.19526888,14.260137,14.280137,2291200
hardzero_plus_depr__c0p50__z1p00__lam0p020__nu0p50__psi0p75,hardzero_plus_depr,0.06,37,716,0.0,2,0.17132452,0.17132452,1.0137948,0.0,0.09687356,0.0,0.0,1.3390987e-06,-26.735876,2.230393,0.74346435,0.14400001,0.0,0.20484546,14.280137,14.3001375,2294400
hardzero_plus_depr__c0p50__z1p00__lam0p020__nu0p50__psi0p75,hardzero_plus_depr,0.06,37,717,0.0,2,0.17132452,0.17132466,0.9846672,0.10359356,0.10359356,1.0,1.3665667e-07,1.3191618e-06,-26.030437,2.166311,0.7221037,0.192,0.008,0.17895384,14.3001375,14.320138,2297600
hardzero_plus_depr__c0p50__z1p00__lam0p020__nu0p50__psi0p75,hardzero_plus_depr,0.06,37,718,0.0,2,0.17132466,0.17132479,0.98997414,0.10233538,0.10233538,1.0,1.3298703e-07,1.2995215e-06,-25.591148,2.1779866,0.72599554,0.216,0.0,0.15112045,14.320138,14.340138,2300800
hardzero_plus_depr__c0p50__z1p00__lam0p020__nu0p50__psi0p75,hardzero_plus_depr,0.06,37,719,0.0,2,0.17132479,0.17132479,1.0224674,0.0,0.09495823,0.0,0.0,1.2801736e-06,-26.408329,2.249473,0.7498244,0.16800001,0.0,0.17701314,14.340138,14.360139,2304000
hardzero_plus_depr__c0p50__z1p00__lam0p020__nu0p50__psi0p75,hardzero_plus_depr,0.06,37,720,0.0,2,0.17132479,0.17132492,0.9877426,0.102862574,0.102862574,1.0,1.2972143e-07,1.261114e-06,-26.528294,2.173077,0.72435904,0.16800001,0.0,0.15829206,14.360139,14.380139,2307200
hardzero_plus_depr__c0p50__z1p00__lam0p020__nu0p50__psi0p75,hardzero_plus_depr,0.06,37,721,0.0,2,0.17132492,0.17132492,1.0389475,0.0,0.09142237,0.0,0.0,1.2423379e-06,-26.988825,2.2857301,0.7619101,0.192,0.0,0.19773544,14.380139,14.40014,2310400
hardzero_plus_depr__c0p50__z1p00__lam0p020__nu0p50__psi0p75,hardzero_plus_depr,0.06,37,722,0.0,2,0.17132492,0.17132492,1.0065932,0.0,0.098493315,0.0,0.0,1.2238415e-06,-27.193516,2.2145493,0.73818314,0.136,0.0,0.19314386,14.40014,14.42014,2313600
hardzero_plus_depr__c0p50__z1p00__lam0p020__nu0p50__psi0p75,hardzero_plus_depr,0.06,37,723,0.0,2,0.17132492,0.17132492,1.0162722,0.0,0.0963225,0.0,0.0,1.2056205e-06,-26.685041,2.2358434,0.74528116,0.136,0.0,0.16630171,14.42014,14.440141,2316800
hardzero_plus_depr__c0p50__z1p00__lam0p020__nu0p50__psi0p75,hardzero_plus_depr,0.06,37,724,0.0,2,0.17132492,0.17132504,0.9892427,0.10250788,0.10250788,1.0,1.2174561e-07,1.1876707e-06,-26.663614,2.1763773,0.7254591,0.16800001,0.0,0.20122854,14.440141,14.460141,2320000
hardzero_plus_depr__c0p50__z1p00__lam0p020__nu0p50__psi0p75,hardzero_plus_depr,0.06,37,725,0.0,2,0.17132504,0.17132516,0.9905381,0.10220257,0.10220257,1.0,1.1957582e-07,1.1699883e-06,-26.507391,2.1792274,0.72640914,0.15200001,0.0,0.1929218,14.460141,14.480142,2323200
hardzero_plus_depr__c0p50__z1p00__lam0p020__nu0p50__psi0p75,hardzero_plus_depr,0.06,37,726,0.0,2,0.17132516,0.1713253,0.94347274,0.11390093,0.11390093,1.0,1.3127868e-07,1.152569e-06,-25.990805,2.0756814,0.6918938,0.16800001,0.0,0.16012524,14.480142,14.500142,2326400
hardzero_plus_depr__c0p50__z1p00__lam0p020__nu0p50__psi0p75,hardzero_plus_depr,0.06,37,727,0.0,2,0.1713253,0.1713253,1.0448165,0.0,0.090195216,0.0,0.0,1.1354092e-06,-28.263033,2.2986422,0.7662141,0.14400001,0.0,0.20834613,14.500142,14.520143,2329600
hardzero_plus_depr__c0p50__z1p00__lam0p020__nu0p50__psi0p75,hardzero_plus_depr,0.06,37,728,0.0,2,0.1713253,0.17132542,0.94821,0.11266524,0.11266524,1.0,1.260166e-07,1.1185047e-06,-25.852114,2.0861037,0.69536793,0.16,0.0,0.16399822,14.520143,14.540143,2332800
hardzero_plus_depr__c0p50__z1p00__lam0p020__nu0p50__psi0p75,hardzero_plus_depr,0.06,37,729,0.0,2,0.17132542,0.17132542,1.029544,0.0,0.09342347,0.0,0.0,1.1018519e-06,-28.184551,2.265042,0.75501406,0.128,0.0,0.20176421,14.540143,14.560143,2336000
hardzero_plus_depr__c0p50__z1p00__lam0p020__nu0p50__psi0p75,hardzero_plus_depr,0.06,37,730,0.0,2,0.17132542,0.17132542,1.0019399,0.0,0.099554315,0.0,0.0,1.0854471e-06,-26.145187,2.2043118,0.73477066,0.18400002,0.0,0.1572844,14.560143,14.580144,2339200
hardzero_plus_depr__c0p50__z1p00__lam0p020__nu0p50__psi0p75,hardzero_plus_depr,0.06,37,731,0.0,2,0.17132542,0.17132542,1.0168034,0.0,0.096204765,0.0,0.0,1.0692866e-06,-27.808844,2.2370121,0.74567074,0.192,0.0,0.17614959,14.580144,14.600144,2342400
hardzero_plus_depr__c0p50__z1p00__lam0p020__nu0p50__psi0p75,hardzero_plus_depr,0.06,37,732,0.0,2,0.17132542,0.17132542,1.0221615,0.0,0.09502514,0.0,0.0,1.0533666e-06,-27.241554,2.2488,0.74960005,0.18400002,0.0,0.20736699,14.600144,14.620145,2345600
hardzero_plus_depr__c0p50__z1p00__lam0p020__nu0p50__psi0p75,hardzero_plus_depr,0.06,37,733,0.0,2,0.17132542,0.17132553,0.95888877,0.10992874,0.10992874,1.0,1.1407126e-07,1.0376837e-06,-26.535421,2.1095974,0.70319915,0.128,0.0,0.16693652,14.620145,14.640145,2348800
hardzero_plus_depr__c0p50__z1p00__lam0p020__nu0p50__psi0p75,hardzero_plus_depr,0.06,37,734,0.0,2,0.17132553,0.17132553,1.0040045,0.0,0.09908217,0.0,0.0,1.0222342e-06,-26.943691,2.208854,0.7362847,0.080000006,0.0,0.18010442,14.640145,14.660146,2352000
hardzero_plus_depr__c0p50__z1p00__lam0p020__nu0p50__psi0p75,hardzero_plus_depr,0.06,37,735,0.0,2,0.17132553,0.17132553,1.0055631,0.0,0.09872721,0.0,0.0,1.0070147e-06,-26.524775,2.2122831,0.7374277,0.14400001,0.0,0.18725055,14.660146,14.680146,2355200
hardzero_plus_depr__c0p50__z1p00__lam0p020__nu0p50__psi0p75,hardzero_plus_depr,0.06,37,736,0.0,2,0.17132553,0.17132553,1.0007081,0.0,0.09983707,0.0,0.0,9.92022e-07,-27.200777,2.2016017,0.7338673,0.136,0.0,0.17467761,14.680146,14.700147,2358400
hardzero_plus_depr__c0p50__z1p00__lam0p020__nu0p50__psi0p75,hardzero_plus_depr,0.06,37,737,0.0,2,0.17132553,0.17132564,0.9888289,0.10260562,0.10260562,1.0,1.0027158e-07,9.772523e-07,-27.779732,2.175467,0.7251557,0.192,0.0,0.17844233,14.700147,14.720147,2361600
hardzero_plus_depr__c0p50__z1p00__lam0p020__nu0p50__psi0p75,hardzero_plus_depr,0.06,37,738,0.0,2,0.17132564,0.17132564,1.0409017,0.0,0.09101193,0.0,0.0,9.627026e-07,-27.04562,2.2900293,0.7633431,0.16000001,0.0,0.18163252,14.720147,14.740148,2364800
hardzero_plus_depr__c0p50__z1p00__lam0p020__nu0p50__psi0p75,hardzero_plus_depr,0.06,37,739,0.0,2,0.17132564,0.17132564,1.0422537,0.0,0.09072902,0.0,0.0,9.483694e-07,-27.648413,2.293004,0.7643347,0.16800001,0.008,0.19676939,14.740148,14.760148,2368000
hardzero_plus_depr__c0p50__z1p00__lam0p020__nu0p50__psi0p75,hardzero_plus_depr,0.06,37,740,0.0,2,0.17132564,0.17132574,0.9772408,0.10538022,0.10538022,1.0,9.845146e-08,9.3424984e-07,-27.519718,2.1499727,0.7166576,0.2,0.008,0.18543217,14.760148,14.7801485,2371200
hardzero_plus_depr__c0p50__z1p00__lam0p020__nu0p50__psi0p75,hardzero_plus_depr,0.06,37,741,0.0,2,0.17132574,0.17132574,1.0575742,0.0,0.08758422,0.0,0.0,9.2034037e-07,-27.56727,2.3267095,0.77556986,0.16,0.0,0.18221578,14.7801485,14.800149,2374400
hardzero_plus_depr__c0p50__z1p00__lam0p020__nu0p50__psi0p75,hardzero_plus_depr,0.06,37,742,0.0,2,0.17132574,0.17132574,1.0413156,0.0,0.09092524,0.0,0.0,9.0663787e-07,-27.41061,2.29094,0.7636467,0.120000005,0.0,0.20181584,14.800149,14.820149,2377600
hardzero_plus_depr__c0p50__z1p00__lam0p020__nu0p50__psi0p75,hardzero_plus_depr,0.06,37,743,0.0,2,0.17132574,0.17132574,1.0551748,0.0,0.08806943,0.0,0.0,8.9313943e-07,-28.514431,2.321431,0.7738103,0.14400001,0.0,0.17977011,14.820149,14.84015,2380800
hardzero_plus_depr__c0p50__z1p00__lam0p020__nu0p50__psi0p75,hardzero_plus_depr,0.06,37,744,0.0,2,0.17132574,0.17132574,1.0261036,0.0,0.09416649,0.0,0.0,8.798421e-07,-27.843458,2.257473,0.752491,0.128,0.0,0.16723701,14.84015,14.86015,2384000
hardzero_plus_depr__c0p50__z1p00__lam0p020__nu0p50__psi0p75,hardzero_plus_depr,0.06,37,745,0.0,2,0.17132574,0.17132574,1.0046341,0.0,0.09893863,0.0,0.0,8.6674265e-07,-27.248137,2.2102392,0.73674643,0.17600001,0.0,0.16568568,14.86015,14.880151,2387200
hardzero_plus_depr__c0p50__z1p00__lam0p020__nu0p50__psi0p75,hardzero_plus_depr,0.06,37,746,0.0,2,0.17132574,0.17132574,1.0269955,0.0,0.09397329,0.0,0.0,8.538383e-07,-28.166557,2.2594352,0.7531451,0.18400002,0.0,0.17670433,14.880151,14.900151,2390400
hardzero_plus_depr__c0p50__z1p00__lam0p020__nu0p50__psi0p75,hardzero_plus_depr,0.06,37,747,0.0,2,0.17132574,0.17132574,1.0050652,0.0,0.098840475,0.0,0.0,8.4112594e-07,-26.764935,2.2111876,0.7370626,0.15200001,0.0,0.18741003,14.900151,14.920152,2393600
hardzero_plus_depr__c0p50__z1p00__lam0p020__nu0p50__psi0p75,hardzero_plus_depr,0.06,37,748,0.0,2,0.17132574,0.17132574,1.0380795,0.0,0.091605276,0.0,0.0,8.286029e-07,-27.571327,2.2838206,0.76127356,0.128,0.0,0.16941833,14.920152,14.940152,2396800
hardzero_plus_depr__c0p50__z1p00__lam0p020__nu0p50__psi0p75,hardzero_plus_depr,0.06,37,749,0.0,2,0.17132574,0.17132574,1.0155333,0.0,0.09648652,0.0,0.0,8.162664e-07,-27.042997,2.234218,0.7447393,0.15200001,0.0,0.16028003,14.940152,14.960153,2400000
hardzero_plus_depr__c0p50__z1p00__lam0p020__nu0p50__psi0p75,hardzero_plus_depr,0.06,37,750,0.0,2,0.17132574,0.17132574,1.0055208,0.0,0.09873682,0.0,0.0,8.041135e-07,-26.770834,2.21219,0.73739666,0.16000001,0.0,0.16472085,14.960153,14.980153,2403200
hardzero_plus_depr__c0p50__z1p00__lam0p020__nu0p50__psi0p75,hardzero_plus_depr,0.06,37,751,0.0,2,0.17132574,0.17132574,1.0281532,0.0,0.09372314,0.0,0.0,7.921416e-07,-27.61813,2.2619822,0.7539941,0.18400002,0.0,0.19146915,14.980153,15.000154,2406400
hardzero_plus_depr__c0p50__z1p00__lam0p020__nu0p50__psi0p75,hardzero_plus_depr,0.06,37,752,0.0,2,0.17132574,0.17132574,1.0524554,0.0,0.088622615,0.0,0.0,7.8034776e-07,-27.423586,2.315448,0.771816,0.120000005,0.0,0.17891079,15.000154,15.020154,2409600
hardzero_plus_depr__c0p50__z1p00__lam0p020__nu0p50__psi0p75,hardzero_plus_depr,0.06,37,753,0.0,2,0.17132574,0.17132583,0.9565699,0.11051726,0.11051726,1.0,8.49579e-08,7.6872965e-07,-25.699125,2.1044958,0.7014986,0.208,0.0,0.16502701,15.020154,15.040154,2412800
hardzero_plus_depr__c0p50__z1p00__lam0p020__nu0p50__psi0p75,hardzero_plus_depr,0.06,37,754,0.0,2,0.17132583,0.17132583,1.0084585,0.0,0.098071195,0.0,0.0,7.572845e-07,-26.476494,2.218653,0.739551,0.14,0.0,0.17844996,15.040154,15.060155,2416000
hardzero_plus_depr__c0p50__z1p00__lam0p020__nu0p50__psi0p75,hardzero_plus_depr,0.06,37,755,0.0,2,0.17132583,0.17132583,1.05702,0.0,0.087696046,0.0,0.0,7.4600973e-07,-27.891594,2.3254902,0.7751634,0.112,0.0,0.18691203,15.060155,15.080155,2419200
hardzero_plus_depr__c0p50__z1p00__lam0p020__nu0p50__psi0p75,hardzero_plus_depr,0.06,37,756,0.0,2,0.17132583,0.1713259,0.97277343,0.10646982,0.10646982,1.0,7.824497e-08,7.3490287e-07,-26.1637,2.1401443,0.71338147,0.216,0.0,0.17541645,15.080155,15.100156,2422400
hardzero_plus_depr__c0p50__z1p00__lam0p020__nu0p50__psi0p75,hardzero_plus_depr,0.06,37,757,0.0,2,0.1713259,0.17132598,0.97578126,0.10573498,0.10573498,1.0,7.6548034e-08,7.239613e-07,-26.234598,2.1467617,0.71558726,0.2,0.0,0.18211664,15.100156,15.120156,2425600
hardzero_plus_depr__c0p50__z1p00__lam0p020__nu0p50__psi0p75,hardzero_plus_depr,0.06,37,758,0.0,2,0.17132598,0.17132598,1.0395259,0.0,0.091300696,0.0,0.0,7.131827e-07,-27.551094,2.2870026,0.7623342,0.17600001,0.008,0.19475093,15.120156,15.140157,2428800
hardzero_plus_depr__c0p50__z1p00__lam0p020__nu0p50__psi0p75,hardzero_plus_depr,0.06,37,759,0.0,2,0.17132598,0.17132598,1.021004,0.0,0.09527874,0.0,0.0,7.0256453e-07,-26.39963,2.2462535,0.74875116,0.17600001,0.0,0.18705572,15.140157,15.160157,2432000
hardzero_plus_depr__c0p50__z1p00__lam0p020__nu0p50__psi0p75,hardzero_plus_depr,0.06,37,760,0.0,2,0.17132598,0.17132598,1.0024185,0.0,0.09944467,0.0,0.0,6.921045e-07,-26.665285,2.2053647,0.7351216,0.192,0.0,0.17706165,15.160157,15.180158,2435200
hardzero_plus_depr__c0p50__z1p00__lam0p020__nu0p50__psi0p75,hardzero_plus_depr,0.06,37,761,0.0,2,0.17132598,0.17132598,1.0488542,0.0,0.08936053,0.0,0.0,6.818002e-07,-28.444815,2.3075254,0.7691752,0.136,0.0,0.19150798,15.180158,15.200158,2438400
hardzero_plus_depr__c0p50__z1p00__lam0p020__nu0p50__psi0p75,hardzero_plus_depr,0.06,37,762,0.0,2,0.17132598,0.17132606,0.986316,0.103201,0.103201,1.0,6.931488e-08,6.716493e-07,-27.198145,2.1699386,0.72331285,0.192,0.0,0.17987877,15.200158,15.220159,2441600
hardzero_plus_depr__c0p50__z1p00__lam0p020__nu0p50__psi0p75,hardzero_plus_depr,0.06,37,763,0.0,2,0.17132606,0.17132606,1.0156381,0.0,0.09646324,0.0,0.0,6.616495e-07,-27.550287,2.2344484,0.7448162,0.17600001,0.0,0.19729006,15.220159,15.240159,2444800
hardzero_plus_depr__c0p50__z1p00__lam0p020__nu0p50__psi0p75,hardzero_plus_depr,0.06,37,764,0.0,2,0.17132606,0.17132612,0.993557,0.10149462,0.10149462,1.0,6.615405e-08,6.517986e-07,-26.76704,2.185869,0.72862303,0.128,0.0,0.17703816,15.240159,15.2601595,2448000
hardzero_plus_depr__c0p50__z1p00__lam0p020__nu0p50__psi0p75,hardzero_plus_depr,0.06,37,765,0.0,2,0.17132612,0.17132612,1.0038954,0.0,0.09910705,0.0,0.0,6.420944e-07,-27.600935,2.2086139,0.7362046,0.2,0.0,0.1959819,15.2601595,15.28016,2451200
hardzero_plus_depr__c0p50__z1p00__lam0p020__nu0p50__psi0p75,hardzero_plus_depr,0.06,37,766,0.0,2,0.17132612,0.17132612,1.0576942,0.0,0.08756,0.0,0.0,6.325346e-07,-27.457268,2.3269737,0.7756579,0.080000006,0.0,0.20957756,15.28016,15.30016,2454400
hardzero_plus_depr__c0p50__z1p00__lam0p020__nu0p50__psi0p75,hardzero_plus_depr,0.06,37,767,0.0,2,0.17132612,0.17132612,1.026925,0.0,0.093988575,0.0,0.0,6.2311716e-07,-27.028286,2.25928,0.75309336,0.19,0.0,0.17685178,15.30016,15.320161,2457600
hardzero_plus_depr__c0p50__z1p00__lam0p020__nu0p50__psi0p75,hardzero_plus_depr,0.06,37,768,0.0,2,0.17132612,0.17132619,0.94098496,0.11455525,0.11455525,1.0,7.0318585e-08,6.138399e-07,-25.71492,2.0702083,0.69006944,0.16000001,0.0,0.1689876,15.320161,15.340161,2460800
hardzero_plus_depr__c0p50__z1p00__lam0p020__nu0p50__psi0p75,hardzero_plus_depr,0.06,37,769,0.0,2,0.17132619,0.17132626,0.95376515,0.1112333,0.1112333,1.0,6.7262874e-08,6.0470086e-07,-26.369442,2.0983253,0.6994418,0.14400001,0.0,0.16687019,15.340161,15.360162,2464000
hardzero_plus_depr__c0p50__z1p00__lam0p020__nu0p50__psi0p75,hardzero_plus_depr,0.06,37,770,0.0,2,0.17132626,0.17132632,0.99350834,0.10150599,0.10150599,1.0,6.0466895e-08,5.956978e-07,-27.112896,2.185762,0.7285873,0.192,0.0,0.22517172,15.360162,15.380162,2467200
hardzero_plus_depr__c0p50__z1p00__lam0p020__nu0p50__psi0p75,hardzero_plus_depr,0.06,37,771,0.0,2,0.17132632,0.17132632,1.0213236,0.0,0.09520867,0.0,0.0,5.868289e-07,-27.55376,2.2469566,0.7489855,0.15200001,0.0,0.21230844,15.380162,15.400163,2470400
hardzero_plus_depr__c0p50__z1p00__lam0p020__nu0p50__psi0p75,hardzero_plus_depr,0.06,37,772,0.0,2,0.17132632,0.17132638,0.97622633,0.10562669,0.10562669,1.0,6.106194e-08,5.7809194e-07,-26.724947,2.1477408,0.71591365,0.208,0.0,0.16044615,15.400163,15.420163,2473600
hardzero_plus_depr__c0p50__z1p00__lam0p020__nu0p50__psi0p75,hardzero_plus_depr,0.06,37,773,0.0,2,0.17132638,0.17132644,0.98037916,0.10462147,0.10462147,1.0,5.958036e-08,5.69485e-07,-26.728079,2.1568773,0.7189591,0.16800001,0.0,0.1548486,15.420163,15.440164,2476800
hardzero_plus_depr__c0p50__z1p00__lam0p020__nu0p50__psi0p75,hardzero_plus_depr,0.06,37,774,0.0,2,0.17132644,0.1713265,0.9997294,0.10006232,0.10006232,1.0,5.6135594e-08,5.6100635e-07,-27.56559,2.1994486,0.7331495,0.16800001,0.0,0.18675797,15.440164,15.460164,2480000
hardzero_plus_depr__c0p50__z1p00__lam0p020__nu0p50__psi0p75,hardzero_plus_depr,0.06,37,775,0.0,2,0.1713265,0.17132656,0.99927145,0.100167885,0.100167885,1.0,5.5358164e-08,5.5265383e-07,-26.253181,2.198441,0.7328137,0.096,0.0,0.17188409,15.460164,15.480165,2483200
hardzero_plus_depr__c0p50__z1p00__lam0p020__nu0p50__psi0p75,hardzero_plus_depr,0.06,37,776,0.0,2,0.17132656,0.17132656,1.0080527,0.0,0.098162875,0.0,0.0,5.4442575e-07,-26.410007,2.2177603,0.73925346,0.15200001,0.0,0.16893817,15.480165,15.500165,2486400
hardzero_plus_depr__c0p50__z1p00__lam0p020__nu0p50__psi0p75,hardzero_plus_depr,0.06,37,777,0.0,2,0.17132656,0.17132662,0.9720931,0.10663675,0.10663675,1.0,5.7191425e-08,5.3632004e-07,-26.952116,2.1386476,0.7128825,0.16000001,0.0,0.18779759,15.500165,15.520165,2489600
hardzero_plus_depr__c0p50__z1p00__lam0p020__nu0p50__psi0p75,hardzero_plus_depr,0.06,37,778,0.0,2,0.17132662,0.17132662,1.0038139,0.0,0.099125676,0.0,0.0,5.2833514e-07,-26.506634,2.2084346,0.7361449,0.2,0.0,0.16016248,15.520165,15.540166,2492800
hardzero_plus_depr__c0p50__z1p00__lam0p020__nu0p50__psi0p75,hardzero_plus_depr,0.06,37,779,0.0,2,0.17132662,0.17132662,1.0066221,0.0,0.09848678,0.0,0.0,5.2046903e-07,-26.387781,2.2146127,0.73820424,0.120000005,0.0,0.15236929,15.540166,15.560166,2496000
hardzero_plus_depr__c0p50__z1p00__lam0p020__nu0p50__psi0p75,hardzero_plus_depr,0.06,37,780,0.0,2,0.17132662,0.17132662,1.0107446,0.0,0.09755632,0.0,0.0,5.1272013e-07,-27.430529,2.2236824,0.7412275,0.22999999,0.0,0.18364023,15.560166,15.580167,2499200
hardzero_plus_depr__c0p50__z1p00__lam0p020__nu0p50__psi0p75,hardzero_plus_depr,0.06,37,781,0.0,2,0.17132662,0.17132662,1.0487262,0.0,0.08938688,0.0,0.0,5.050865e-07,-27.34616,2.3072438,0.7690813,0.128,0.0,0.1681458,15.580167,15.600167,2502400
hardzero_plus_depr__c0p50__z1p00__lam0p020__nu0p50__psi0p75,hardzero_plus_depr,0.06,37,782,0.0,2,0.17132662,0.17132662,1.0129899,0.0,0.09705326,0.0,0.0,4.975666e-07,-27.00531,2.2286222,0.7428741,0.15200001,0.0,0.16166224,15.600167,15.620168,2505600
hardzero_plus_depr__c0p50__z1p00__lam0p020__nu0p50__psi0p75,hardzero_plus_depr,0.06,37,783,0.0,2,0.17132662,0.17132662,1.0571445,0.0,0.0876709,0.0,0.0,4.9015864e-07,-27.555834,2.3257644,0.77525485,0.14400001,0.0,0.17491387,15.620168,15.640168,2508800
hardzero_plus_depr__c0p50__z1p00__lam0p020__nu0p50__psi0p75,hardzero_plus_depr,0.06,37,784,0.0,2,0.17132662,0.17132662,1.0387598,0.0,0.0914619,0.0,0.0,4.8286097e-07,-27.508217,2.2853172,0.7617724,0.15200001,0.0,0.17983182,15.640168,15.660169,2512000
hardzero_plus_depr__c0p50__z1p00__lam0p020__nu0p50__psi0p75,hardzero_plus_depr,0.06,37,785,0.0,2,0.17132662,0.17132662,1.0278653,0.0,0.09378528,0.0,0.0,4.7567195e-07,-27.73656,2.2613487,0.7537829,0.15200001,0.0,0.24036753,15.660169,15.680169,2515200
hardzero_plus_depr__c0p50__z1p00__lam0p020__nu0p50__psi0p75,hardzero_plus_depr,0.06,37,786,0.0,2,0.17132662,0.17132662,1.0199438,0.0,0.095511615,0.0,0.0,4.6858995e-07,-27.055431,2.2439213,0.7479738,0.17600001,0.0,0.1676349,15.680169,15.70017,2518400
hardzero_plus_depr__c0p50__z1p00__lam0p020__nu0p50__psi0p75,hardzero_plus_depr,0.06,37,787,0.0,2,0.17132662,0.17132662,1.0401418,0.0,0.09117132,0.0,0.0,4.6161338e-07,-27.14752,2.2883577,0.7627859,0.15200001,0.0,0.18183741,15.70017,15.72017,2521600
hardzero_plus_depr__c0p50__z1p00__lam0p020__nu0p50__psi0p75,hardzero_plus_depr,0.06,37,788,0.0,2,0.17132662,0.17132667,0.993131,0.101594225,0.101594225,1.0,4.6199027e-08,4.5474067e-07,-26.739391,2.1849318,0.7283106,0.224,0.0,0.18446912,15.72017,15.7401705,2524800
hardzero_plus_depr__c0p50__z1p00__lam0p020__nu0p50__psi0p75,hardzero_plus_depr,0.06,37,789,0.0,2,0.17132667,0.17132667,1.0093383,0.0,0.09787272,0.0,0.0,4.4797034e-07,-27.217644,2.2205884,0.74019617,0.16800001,0.0,0.18255934,15.7401705,15.760171,2528000
hardzero_plus_depr__c0p50__z1p00__lam0p020__nu0p50__psi0p75,hardzero_plus_depr,0.06,37,790,0.0,2,0.17132667,0.17132667,1.0389143,0.0,0.09142937,0.0,0.0,4.4130078e-07,-27.256138,2.2856572,0.76188576,0.112,0.0,0.18136546,15.760171,15.780171,2531200
hardzero_plus_depr__c0p50__z1p00__lam0p020__nu0p50__psi0p75,hardzero_plus_depr,0.06,37,791,0.0,2,0.17132667,0.17132671,0.980963,0.10448093,0.10448093,1.0,4.5421046e-08,4.347305e-07,-27.486038,2.1581616,0.71938723,0.136,0.0,0.18140133,15.780171,15.800172,2534400
hardzero_plus_depr__c0p50__z1p00__lam0p020__nu0p50__psi0p75,hardzero_plus_depr,0.06,37,792,0.0,2,0.17132671,0.17132671,1.0000306,0.0,0.099992946,0.0,0.0,4.2825806e-07,-26.52775,2.2001114,0.7333705,0.14400001,0.0,0.1718521,15.800172,15.820172,2537600
hardzero_plus_depr__c0p50__z1p00__lam0p020__nu0p50__psi0p75,hardzero_plus_depr,0.06,37,793,0.0,2,0.17132671,0.17132671,1.0152379,0.0,0.09655217,0.0,0.0,4.2188196e-07,-27.170546,2.233568,0.7445227,0.19,0.0,0.18234132,15.820172,15.840173,2540800
hardzero_plus_depr__c0p50__z1p00__lam0p020__nu0p50__psi0p75,hardzero_plus_depr,0.06,37,794,0.0,2,0.17132671,0.17132676,0.98702985,0.103031516,0.103031516,1.0,4.2819984e-08,4.1560082e-07,-26.225002,2.171509,0.72383636,0.16800001,0.0,0.20377338,15.840173,15.860173,2544000
hardzero_plus_depr__c0p50__z1p00__lam0p020__nu0p50__psi0p75,hardzero_plus_depr,0.06,37,795,0.0,2,0.17132676,0.17132676,1.0223823,0.0,0.09497684,0.0,0.0,4.0941325e-07,-27.44265,2.249286,0.749762,0.192,0.0,0.17952304,15.860173,15.880174,2547200
hardzero_plus_depr__c0p50__z1p00__lam0p020__nu0p50__psi0p75,hardzero_plus_depr,0.06,37,796,0.0,2,0.17132676,0.17132676,1.008495,0.0,0.09806296,0.0,0.0,4.0331773e-07,-26.958162,2.2187333,0.7395778,0.216,0.0,0.17819759,15.880174,15.900174,2550400
hardzero_plus_depr__c0p50__z1p00__lam0p020__nu0p50__psi0p75,hardzero_plus_depr,0.06,37,797,0.0,2,0.17132676,0.1713268,0.97032547,0.10707166,0.10707166,1.0,4.2540954e-08,3.9731293e-07,-25.68015,2.1347587,0.71158624,0.23200001,0.0,0.18308656,15.900174,15.920175,2553600
hardzero_plus_depr__c0p50__z1p00__lam0p020__nu0p50__psi0p75,hardzero_plus_depr,0.06,37,798,0.0,2,0.1713268,0.1713268,1.074237,0.0,0.084287465,0.0,0.0,3.9139758e-07,-28.432552,2.3633685,0.7877895,0.18400002,0.0,0.22204624,15.920175,15.940175,2556800
hardzero_plus_depr__c0p50__z1p00__lam0p020__nu0p50__psi0p75,hardzero_plus_depr,0.06,37,799,0.0,2,0.1713268,0.1713268,1.0752109,0.0,0.08409866,0.0,0.0,3.8557033e-07,-28.536573,2.3655112,0.78850377,0.208,0.0,0.21849354,15.940175,15.9601755,2560000
hardzero_plus_depr__c0p50__z1p00__lam0p020__nu0p50__psi0p75,hardzero_plus_depr,0.06,37,800,0.0,2,0.1713268,0.1713268,1.0078214,0.0,0.09821517,0.0,0.0,3.798298e-07,-26.634523,2.2172515,0.7390839,0.17600001,0.0,0.16871108,15.9601755,15.980176,2563200
hardzero_plus_depr__c0p50__z1p00__lam0p020__nu0p50__psi0p75,hardzero_plus_depr,0.06,37,801,0.0,2,0.1713268,0.1713268,1.0265775,0.0,0.0940638,0.0,0.0,3.7417473e-07,-27.41128,2.2585156,0.75283855,0.16000001,0.0,0.16494782,15.980176,16.000175,2566400
hardzero_plus_depr__c0p50__z1p00__lam0p020__nu0p50__psi0p75,hardzero_plus_depr,0.06,37,802,0.0,2,0.1713268,0.1713268,1.0118608,0.0,0.097305894,0.0,0.0,3.6860422e-07,-27.068913,2.2261384,0.7420461,0.16000001,0.0,0.18891127,16.000175,16.020176,2569600
hardzero_plus_depr__c0p50__z1p00__lam0p020__nu0p50__psi0p75,hardzero_plus_depr,0.06,37,803,0.0,2,0.1713268,0.1713268,1.0240964,0.0,0.094602704,0.0,0.0,3.6311633e-07,-27.759813,2.253057,0.751019,0.14400001,0.0,0.22370331,16.020176,16.040176,2572800
hardzero_plus_depr__c0p50__z1p00__lam0p020__nu0p50__psi0p75,hardzero_plus_depr,0.06,37,804,0.0,2,0.1713268,0.1713268,1.020713,0.0,0.09534259,0.0,0.0,3.5771006e-07,-26.832108,2.2456133,0.7485378,0.15200001,0.0,0.18833287,16.040176,16.060177,2576000
hardzero_plus_depr__c0p50__z1p00__lam0p020__nu0p50__psi0p75,hardzero_plus_depr,0.06,37,805,0.0,2,0.1713268,0.1713268,1.0231314,0.0,0.09481315,0.0,0.0,3.5238435e-07,-27.154251,2.250934,0.7503113,0.14400001,0.0,0.18136524,16.060177,16.080177,2579200
hardzero_plus_depr__c0p50__z1p00__lam0p020__nu0p50__psi0p75,hardzero_plus_depr,0.06,37,806,0.0,2,0.1713268,0.1713268,1.0935696,0.0,0.080617696,0.0,0.0,3.471379e-07,-28.127863,2.4059012,0.8019671,0.11,0.0,0.17992695,16.080177,16.100178,2582400
hardzero_plus_depr__c0p50__z1p00__lam0p020__nu0p50__psi0p75,hardzero_plus_depr,0.06,37,807,0.0,2,0.1713268,0.1713268,1.051925,0.0,0.088730924,0.0,0.0,3.4196958e-07,-27.35436,2.314281,0.77142704,0.096,0.0,0.17097715,16.100178,16.120178,2585600
hardzero_plus_depr__c0p50__z1p00__lam0p020__nu0p50__psi0p75,hardzero_plus_depr,0.06,37,808,0.0,2,0.1713268,0.1713268,1.0151352,0.0,0.09657501,0.0,0.0,3.368782e-07,-27.032782,2.233342,0.74444735,0.16800001,0.0,0.15958871,16.120178,16.140179,2588800
hardzero_plus_depr__c0p50__z1p00__lam0p020__nu0p50__psi0p75,hardzero_plus_depr,0.06,37,809,0.0,2,0.1713268,0.1713268,1.0173402,0.0,0.096085936,0.0,0.0,3.3186262e-07,-27.127201,2.238193,0.74606436,0.16000001,0.0,0.17041145,16.140179,16.16018,2592000
hardzero_plus_depr__c0p50__z1p00__lam0p020__nu0p50__psi0p75,hardzero_plus_depr,0.06,37,810,0.0,2,0.1713268,0.1713268,1.0344602,0.0,0.09237187,0.0,0.0,3.269217e-07,-27.372808,2.275858,0.7586193,0.2,0.008,0.16318673,16.16018,16.18018,2595200
hardzero_plus_depr__c0p50__z1p00__lam0p020__nu0p50__psi0p75,hardzero_plus_depr,0.06,37,811,0.0,2,0.1713268,0.1713268,1.0073255,0.0,0.098327376,0.0,0.0,3.2205438e-07,-26.882673,2.2161605,0.7387202,0.16000001,0.0,0.16714747,16.18018,16.20018,2598400
hardzero_plus_depr__c0p50__z1p00__lam0p020__nu0p50__psi0p75,hardzero_plus_depr,0.06,37,812,0.0,2,0.1713268,0.1713268,1.00367,0.0,0.09915851,0.0,0.0,3.172595e-07,-26.837334,2.208118,0.73603934,0.2,0.0,0.18858857,16.20018,16.22018,2601600
hardzero_plus_depr__c0p50__z1p00__lam0p020__nu0p50__psi0p75,hardzero_plus_depr,0.06,37,813,0.0,2,0.1713268,0.17132683,0.98865986,0.10264555,0.10264555,1.0,3.2080433e-08,3.1253603e-07,-27.273111,2.175095,0.72503173,0.14400001,0.0,0.16113815,16.22018,16.240181,2604800
hardzero_plus_depr__c0p50__z1p00__lam0p020__nu0p50__psi0p75,hardzero_plus_depr,0.06,37,814,0.0,2,0.17132683,0.17132683,1.0215313,0.0,0.095163114,0.0,0.0,3.0788286e-07,-27.21671,2.2474139,0.749138,0.192,0.0,0.19142866,16.240181,16.260181,2608000
hardzero_plus_depr__c0p50__z1p00__lam0p020__nu0p50__psi0p75,hardzero_plus_depr,0.06,37,815,0.0,2,0.17132683,0.17132683,1.0759588,0.0,0.08395395,0.0,0.0,3.0329898e-07,-28.1785,2.3671567,0.78905225,0.16000001,0.0,0.17666458,16.260181,16.280182,2611200
hardzero_plus_depr__c0p50__z1p00__lam0p020__nu0p50__psi0p75,hardzero_plus_depr,0.06,37,816,0.0,2,0.17132683,0.17132683,1.0110412,0.0,0.097489715,0.0,0.0,2.9878333e-07,-26.49779,2.224335,0.741445,0.136,0.0,0.15429026,16.280182,16.300182,2614400
hardzero_plus_depr__c0p50__z1p00__lam0p020__nu0p50__psi0p75,hardzero_plus_depr,0.06,37,817,0.0,2,0.17132683,0.17132686,0.99202204,0.10185396,0.10185396,1.0,2.997918e-08,2.9433494e-07,-26.115726,2.182492,0.72749734,0.15200001,0.0,0.1753362,16.300182,16.320183,2617600
hardzero_plus_depr__c0p50__z1p00__lam0p020__nu0p50__psi0p75,hardzero_plus_depr,0.06,37,818,0.0,2,0.17132686,0.17132686,1.0487894,0.0,0.08937389,0.0,0.0,2.8995277e-07,-27.554049,2.3073828,0.7691276,0.2,0.0,0.18516159,16.320183,16.340183,2620800
hardzero_plus_depr__c0p50__z1p00__lam0p020__nu0p50__psi0p75,hardzero_plus_depr,0.06,37,819,0.0,2,0.17132686,0.17132689,0.9950033,0.10115718,0.10115718,1.0,2.8894112e-08,2.856358e-07,-26.615332,2.189051,0.72968364,0.089999996,0.0,0.15629382,16.340183,16.360184,2624000
hardzero_plus_depr__c0p50__z1p00__lam0p020__nu0p50__psi0p75,hardzero_plus_depr,0.06,37,820,0.0,2,0.17132689,0.17132689,1.0307533,0.0,0.09316371,0.0,0.0,2.8138317e-07,-26.803799,2.2677023,0.7559008,0.128,0.0,0.22339381,16.360184,16.380184,2627200
hardzero_plus_depr__c0p50__z1p00__lam0p020__nu0p50__psi0p75,hardzero_plus_depr,0.06,37,821,0.0,2,0.17132689,0.17132689,1.0510724,0.0,0.08890529,0.0,0.0,2.771938e-07,-27.486689,2.3124053,0.7708018,0.18400002,0.0,0.19374119,16.380184,16.400185,2630400
hardzero_plus_depr__c0p50__z1p00__lam0p020__nu0p50__psi0p75,hardzero_plus_depr,0.06,37,822,0.0,2,0.17132689,0.17132692,0.9917152,0.10192596,0.10192596,1.0,2.7832602e-08,2.7306686e-07,-26.358397,2.181817,0.7272724,0.120000005,0.0,0.1835149,16.400185,16.420185,2633600
hardzero_plus_depr__c0p50__z1p00__lam0p020__nu0p50__psi0p75,hardzero_plus_depr,0.06,37,823,0.0,2,0.17132692,0.17132695,0.9952664,0.101095915,0.101095915,1.0,2.7194936e-08,2.6900133e-07,-26.382565,2.1896298,0.72987664,0.17600001,0.0,0.17704405,16.420185,16.440186,2636800
hardzero_plus_depr__c0p50__z1p00__lam0p020__nu0p50__psi0p75,hardzero_plus_depr,0.06,37,824,0.0,2,0.17132695,0.17132695,1.012446,0.0,0.09717486,0.0,0.0,2.6499632e-07,-26.648346,2.2274258,0.7424753,0.17600001,0.0,0.17980617,16.440186,16.460186,2640000
hardzero_plus_depr__c0p50__z1p00__lam0p020__nu0p50__psi0p75,hardzero_plus_depr,0.06,37,825,0.0,2,0.17132695,0.17132695,1.067307,0.0,0.08564321,0.0,0.0,2.6105093e-07,-28.23532,2.3481224,0.78270745,0.128,0.0,0.20945154,16.460186,16.480186,2643200
hardzero_plus_depr__c0p50__z1p00__lam0p020__nu0p50__psi0p75,hardzero_plus_depr,0.06,37,826,0.0,2,0.17132695,0.17132695,1.0737473,0.0,0.084382564,0.0,0.0,2.5716432e-07,-28.370573,2.362291,0.7874304,0.14400001,0.0,0.18176952,16.480186,16.500187,2646400
hardzero_plus_depr__c0p50__z1p00__lam0p020__nu0p50__psi0p75,hardzero_plus_depr,0.06,37,827,0.0,2,0.17132695,0.17132698,0.99158496,0.10195652,0.10195652,1.0,2.5829209e-08,2.5333554e-07,-26.715677,2.1815305,0.72717685,0.15200001,0.0,0.16744238,16.500187,16.520187,2649600
hardzero_plus_depr__c0p50__z1p00__lam0p020__nu0p50__psi0p75,hardzero_plus_depr,0.06,37,828,0.0,2,0.17132698,0.17132698,1.0148507,0.0,0.096638285,0.0,0.0,2.4956378e-07,-27.348923,2.232716,0.74423873,0.15200001,0.0,0.2051754,16.520187,16.540188,2652800
hardzero_plus_depr__c0p50__z1p00__lam0p020__nu0p50__psi0p75,hardzero_plus_depr,0.06,37,829,0.0,2,0.17132698,0.17132701,0.9930691,0.1016087,0.1016087,1.0,2.4980315e-08,2.4584818e-07,-26.815203,2.1847956,0.7282652,0.18400002,0.0,0.17011364,16.540188,16.560188,2656000
hardzero_plus_depr__c0p50__z1p00__lam0p020__nu0p50__psi0p75,hardzero_plus_depr,0.06,37,830,0.0,2,0.17132701,0.17132701,1.0144266,0.0,0.09673273,0.0,0.0,2.4218792e-07,-27.97242,2.2317832,0.7439277,0.224,0.0,0.17971031,16.560188,16.580189,2659200
hardzero_plus_depr__c0p50__z1p00__lam0p020__nu0p50__psi0p75,hardzero_plus_depr,0.06,37,831,0.0,2,0.17132701,0.17132701,1.024139,0.0,0.09459342,0.0,0.0,2.3858212e-07,-27.298458,2.253151,0.75105035,0.2,0.0,0.2035654,16.580189,16.60019,2662400
hardzero_plus_depr__c0p50__z1p00__lam0p020__nu0p50__psi0p75,hardzero_plus_depr,0.06,37,832,0.0,2,0.17132701,0.17132701,1.011467,0.0,0.09739418,0.0,0.0,2.3503e-07,-27.36146,2.2252717,0.7417573,0.17999999,0.0,0.20145503,16.60019,16.62019,2665600
hardzero_plus_depr__c0p50__z1p00__lam0p020__nu0p50__psi0p75,hardzero_plus_depr,0.06,37,833,0.0,2,0.17132701,0.17132701,1.042393,0.0,0.09069995,0.0,0.0,2.3153078e-07,-27.054743,2.2933104,0.76443684,0.208,0.008,0.20328493,16.62019,16.64019,2668800
hardzero_plus_depr__c0p50__z1p00__lam0p020__nu0p50__psi0p75,hardzero_plus_depr,0.06,37,834,0.0,2,0.17132701,0.17132701,1.0434766,0.0,0.09047391,0.0,0.0,2.2808366e-07,-28.556328,2.2956944,0.7652315,0.208,0.0,0.20984899,16.64019,16.66019,2672000
hardzero_plus_depr__c0p50__z1p00__lam0p020__nu0p50__psi0p75,hardzero_plus_depr,0.06,37,835,0.0,2,0.17132701,0.17132701,1.005062,0.0,0.09884121,0.0,0.0,2.2468785e-07,-27.222164,2.2111804,0.7370602,0.208,0.0,0.20690657,16.66019,16.680191,2675200
hardzero_plus_depr__c0p50__z1p00__lam0p020__nu0p50__psi0p75,hardzero_plus_depr,0.06,37,836,0.0,2,0.17132701,0.17132701,1.016649,0.0,0.09623897,0.0,0.0,2.2134262e-07,-27.213314,2.2366724,0.7455575,0.16800001,0.0,0.18658692,16.680191,16.700191,2678400
hardzero_plus_depr__c0p50__z1p00__lam0p020__nu0p50__psi0p75,hardzero_plus_depr,0.06,37,837,0.0,2,0.17132701,0.17132702,0.99567604,0.10100061,0.10100061,1.0,2.2022899e-08,2.1804719e-07,-27.318449,2.190531,0.73017704,0.23200001,0.0,0.21222346,16.700191,16.720192,2681600
hardzero_plus_depr__c0p50__z1p00__lam0p020__nu0p50__psi0p75,hardzero_plus_depr,0.06,37,838,0.0,2,0.17132702,0.17132702,1.1015538,0.0,0.07914915,0.0,0.0,2.1480082e-07,-28.644089,2.4234667,0.8078222,0.120000005,0.0,0.22907166,16.720192,16.740192,2684800
hardzero_plus_depr__c0p50__z1p00__lam0p020__nu0p50__psi0p75,hardzero_plus_depr,0.06,37,839,0.0,2,0.17132702,0.17132704,0.9967555,0.10074987,0.10074987,1.0,2.1318954e-08,2.1160278e-07,-26.739544,2.192906,0.73096865,0.192,0.0,0.1717934,16.740192,16.760193,2688000
hardzero_plus_depr__c0p50__z1p00__lam0p020__nu0p50__psi0p75,hardzero_plus_depr,0.06,37,840,0.0,2,0.17132704,0.17132705,0.996246,0.10086813,0.10086813,1.0,2.1026198e-08,2.0845233e-07,-26.935389,2.1917849,0.730595,0.080000006,0.0,0.15617707,16.760193,16.780193,2691200
hardzero_plus_depr__c0p50__z1p00__lam0p020__nu0p50__psi0p75,hardzero_plus_depr,0.06,37,841,0.0,2,0.17132705,0.17132707,0.98905224,0.10255286,0.10255286,1.0,2.105911e-08,2.0534883e-07,-26.12043,2.1759584,0.7253195,0.16000001,0.0,0.16403043,16.780193,16.800194,2694400
hardzero_plus_depr__c0p50__z1p00__lam0p020__nu0p50__psi0p75,hardzero_plus_depr,0.06,37,842,0.0,2,0.17132707,0.17132707,1.0240856,0.0,0.09460505,0.0,0.0,2.022915e-07,-28.415388,2.2530334,0.75101113,0.136,0.0,0.1611029,16.800194,16.820194,2697600
hardzero_plus_depr__c0p50__z1p00__lam0p020__nu0p50__psi0p75,hardzero_plus_depr,0.06,37,843,0.0,2,0.17132707,0.17132708,0.9772174,0.10538593,0.10538593,1.0,2.1001277e-08,1.9927971e-07,-25.877396,2.1499212,0.7166404,0.15200001,0.0,0.16806757,16.820194,16.840195,2700800
hardzero_plus_depr__c0p50__z1p00__lam0p020__nu0p50__psi0p75,hardzero_plus_depr,0.06,37,844,0.0,2,0.17132708,0.1713271,0.9958461,0.10096105,0.10096105,1.0,1.9819943e-08,1.9631277e-07,-26.672966,2.190905,0.73030174,0.15200001,0.0,0.16224274,16.840195,16.860195,2704000
hardzero_plus_depr__c0p50__z1p00__lam0p020__nu0p50__psi0p75,hardzero_plus_depr,0.06,37,845,0.0,2,0.1713271,0.17132711,0.98567826,0.10335268,0.10335268,1.0,1.9987372e-08,1.9338997e-07,-27.239729,2.1685355,0.7228452,0.13,0.0,0.1749463,16.860195,16.880196,2707200
hardzero_plus_depr__c0p50__z1p00__lam0p020__nu0p50__psi0p75,hardzero_plus_depr,0.06,37,846,0.0,2,0.17132711,0.17132711,1.0230873,0.0,0.09482278,0.0,0.0,1.9051069e-07,-26.505367,2.2508368,0.75027895,0.120000005,0.0,0.1767969,16.880196,16.900196,2710400
hardzero_plus_depr__c0p50__z1p00__lam0p020__nu0p50__psi0p75,hardzero_plus_depr,0.06,37,847,0.0,2,0.17132711,0.17132711,1.0245445,0.0,0.09450516,0.0,0.0,1.8767432e-07,-28.324116,2.2540429,0.75134766,0.224,0.0,0.20071056,16.900196,16.920197,2713600
hardzero_plus_depr__c0p50__z1p00__lam0p020__nu0p50__psi0p75,hardzero_plus_depr,0.06,37,848,0.0,2,0.17132711,0.17132711,1.0762657,0.0,0.08389466,0.0,0.0,1.8488014e-07,-28.178415,2.3678317,0.78927726,0.14400001,0.0,0.18970288,16.920197,16.940197,2716800
hardzero_plus_depr__c0p50__z1p00__lam0p020__nu0p50__psi0p75,hardzero_plus_depr,0.06,37,849,0.0,2,0.17132711,0.17132713,0.96390945,0.108665206,0.108665206,1.0,1.9790932e-08,1.8212758e-07,-27.24349,2.1206431,0.70688105,0.208,0.0,0.19952486,16.940197,16.960197,2720000
hardzero_plus_depr__c0p50__z1p00__lam0p020__nu0p50__psi0p75,hardzero_plus_depr,0.06,37,850,0.0,2,0.17132713,0.17132713,1.0047951,0.0,0.09890195,0.0,0.0,1.7941598e-07,-26.580442,2.2105932,0.73686445,0.224,0.0,0.18352054,16.960197,16.980198,2723200
hardzero_plus_depr__c0p50__z1p00__lam0p020__nu0p50__psi0p75,hardzero_plus_depr,0.06,37,851,0.0,2,0.17132713,0.17132713,1.0431291,0.0,0.09054633,0.0,0.0,1.7674476e-07,-27.182804,2.2949297,0.7649766,0.16000001,0.0,0.20855774,16.980198,17.000198,2726400
hardzero_plus_depr__c0p50__z1p00__lam0p020__nu0p50__psi0p75,hardzero_plus_depr,0.06,37,852,0.0,2,0.17132713,0.17132713,1.047852,0.0,0.089566976,0.0,0.0,1.7411331e-07,-27.424559,2.3053205,0.7684402,0.18400002,0.0,0.22140679,17.000198,17.020199,2729600
hardzero_plus_depr__c0p50__z1p00__lam0p020__nu0p50__psi0p75,hardzero_plus_depr,0.06,37,853,0.0,2,0.17132713,0.17132714,0.98283356,0.104031876,0.104031876,1.0,1.7843657e-08,1.7152105e-07,-26.816702,2.162277,0.72075903,0.256,0.0,0.20194405,17.020199,17.0402,2732800
hardzero_plus_depr__c0p50__z1p00__lam0p020__nu0p50__psi0p75,hardzero_plus_depr,0.06,37,854,0.0,2,0.17132714,0.17132716,0.99410903,0.10136567,0.10136567,1.0,1.712749e-08,1.6896738e-07,-26.538757,2.1870835,0.72902787,0.16800001,0.0,0.15404862,17.0402,17.0602,2736000
hardzero_plus_depr__c0p50__z1p00__lam0p020__nu0p50__psi0p75,hardzero_plus_depr,0.06,37,855,0.0,2,0.17132716,0.17132716,1.0579677,0.0,0.08750488,0.0,0.0,1.6645171e-07,-27.937733,2.3275752,0.7758584,0.128,0.0,0.20758784,17.0602,17.0802,2739200
hardzero_plus_depr__c0p50__z1p00__lam0p020__nu0p50__psi0p75,hardzero_plus_depr,0.06,37,856,0.0,2,0.17132716,0.17132717,0.97429055,0.10609855,0.10609855,1.0,1.7397353e-08,1.6397352e-07,-26.191404,2.143482,0.714494,0.16800001,0.0,0.17655098,17.0802,17.1002,2742400
hardzero_plus_depr__c0p50__z1p00__lam0p020__nu0p50__psi0p75,hardzero_plus_depr,0.06,37,857,0.0,2,0.17132717,0.17132717,1.0348002,0.0,0.0922996,0.0,0.0,1.6153221e-07,-27.61241,2.2766058,0.75886863,0.136,0.0,0.17651384,17.1002,17.120201,2745600
hardzero_plus_depr__c0p50__z1p00__lam0p020__nu0p50__psi0p75,hardzero_plus_depr,0.06,37,858,0.0,2,0.17132717,0.17132717,1.0362854,0.0,0.09198449,0.0,0.0,1.5912727e-07,-27.524834,2.2798734,0.7599578,0.17999999,0.0,0.18170965,17.120201,17.140202,2748800
hardzero_plus_depr__c0p50__z1p00__lam0p020__nu0p50__psi0p75,hardzero_plus_depr,0.06,37,859,0.0,2,0.17132717,0.17132717,1.0130322,0.0,0.09704379,0.0,0.0,1.567581e-07,-27.50689,2.2287154,0.74290514,0.128,0.0,0.18530366,17.140202,17.160202,2752000
hardzero_plus_depr__c0p50__z1p00__lam0p020__nu0p50__psi0p75,hardzero_plus_depr,0.06,37,860,0.0,2,0.17132717,0.17132719,0.9874141,0.1029404,0.1029404,1.0,1.5896493e-08,1.5442423e-07,-27.076788,2.1723545,0.7241182,0.18400002,0.0,0.18384396,17.160202,17.180202,2755200
hardzero_plus_depr__c0p50__z1p00__lam0p020__nu0p50__psi0p75,hardzero_plus_depr,0.06,37,861,0.0,2,0.17132719,0.17132719,1.0218804,0.0,0.095086664,0.0,0.0,1.521251e-07,-27.052404,2.2481818,0.74939394,0.14400001,0.0,0.17594856,17.180202,17.200203,2758400
hardzero_plus_depr__c0p50__z1p00__lam0p020__nu0p50__psi0p75,hardzero_plus_depr,0.06,37,862,0.0,2,0.17132719,0.17132719,1.0206801,0.0,0.095349826,0.0,0.0,1.4986021e-07,-27.174376,2.245541,0.7485137,0.15200001,0.0,0.17026563,17.200203,17.220203,2761600
hardzero_plus_depr__c0p50__z1p00__lam0p020__nu0p50__psi0p75,hardzero_plus_depr,0.06,37,863,0.0,2,0.17132719,0.17132719,1.0386139,0.0,0.09149262,0.0,0.0,1.4762904e-07,-27.52783,2.2849963,0.76166546,0.136,0.0,0.18929832,17.220203,17.240204,2764800
hardzero_plus_depr__c0p50__z1p00__lam0p020__nu0p50__psi0p75,hardzero_plus_depr,0.06,37,864,0.0,2,0.17132719,0.17132719,1.0073289,0.0,0.09832663,0.0,0.0,1.4543106e-07,-27.104437,2.2161677,0.73872256,0.18400002,0.0,0.1588863,17.240204,17.260204,2768000
hardzero_plus_depr__c0p50__z1p00__lam0p020__nu0p50__psi0p75,hardzero_plus_depr,0.06,37,865,0.0,2,0.17132719,0.1713272,0.976257,0.10561923,0.10561923,1.0,1.5131628e-08,1.4326584e-07,-26.567955,2.1478083,0.7159361,0.136,0.0,0.19088723,17.260204,17.280205,2771200
hardzero_plus_depr__c0p50__z1p00__lam0p020__nu0p50__psi0p75,hardzero_plus_depr,0.06,37,866,0.0,2,0.1713272,0.17132722,0.9978702,0.100491606,0.100491606,1.0,1.4182665e-08,1.4113283e-07,-26.595783,2.1953583,0.73178613,0.16800001,0.0,0.18043637,17.280205,17.300205,2774400
hardzero_plus_depr__c0p50__z1p00__lam0p020__nu0p50__psi0p75,hardzero_plus_depr,0.06,37,867,0.0,2,0.17132722,0.17132722,1.0681752,0.0,0.08547219,0.0,0.0,1.390316e-07,-28.385145,2.3500323,0.78334415,0.14400001,0.0,0.22148898,17.300205,17.320206,2777600
hardzero_plus_depr__c0p50__z1p00__lam0p020__nu0p50__psi0p75,hardzero_plus_depr,0.06,37,868,0.0,2,0.17132722,0.17132723,0.95749,0.110283345,0.110283345,1.0,1.5104586e-08,1.3696163e-07,-26.365292,2.1065202,0.7021734,0.16800001,0.0,0.16322319,17.320206,17.340206,2780800
hardzero_plus_depr__c0p50__z1p00__lam0p020__nu0p50__psi0p75,hardzero_plus_depr,0.06,37,869,0.0,2,0.17132723,0.17132723,1.0670791,0.0,0.08568819,0.0,0.0,1.3492249e-07,-28.227158,2.3476207,0.78254026,0.15200001,0.0,0.21459024,17.340206,17.360207,2784000
hardzero_plus_depr__c0p50__z1p00__lam0p020__nu0p50__psi0p75,hardzero_plus_depr,0.06,37,870,0.0,2,0.17132723,0.17132723,1.0423663,0.0,0.09070553,0.0,0.0,1.3291371e-07,-28.244926,2.2932515,0.7644172,0.17600001,0.0,0.17619157,17.360207,17.380207,2787200
hardzero_plus_depr__c0p50__z1p00__lam0p020__nu0p50__psi0p75,hardzero_plus_depr,0.06,37,871,0.0,2,0.17132723,0.17132725,0.9756607,0.10576435,0.10576435,1.0,1.384824e-08,1.3093485e-07,-27.04346,2.1464963,0.7154988,0.19,0.0,0.19176759,17.380207,17.400208,2790400
hardzero_plus_depr__c0p50__z1p00__lam0p020__nu0p50__psi0p75,hardzero_plus_depr,0.06,37,872,0.0,2,0.17132725,0.17132725,1.0423878,0.0,0.090701014,0.0,0.0,1.2898543e-07,-27.85062,2.293299,0.764433,0.16000001,0.0,0.16805376,17.400208,17.420208,2793600
hardzero_plus_depr__c0p50__z1p00__lam0p020__nu0p50__psi0p75,hardzero_plus_depr,0.06,37,873,0.0,2,0.17132725,0.17132725,1.040092,0.0,0.09118176,0.0,0.0,1.2706505e-07,-28.106504,2.288248,0.7627494,0.14400001,0.0,0.20890562,17.420208,17.440208,2796800
hardzero_plus_depr__c0p50__z1p00__lam0p020__nu0p50__psi0p75,hardzero_plus_depr,0.06,37,874,0.0,2,0.17132725,0.17132726,0.97430795,0.10609429,0.10609429,1.0,1.3280167e-08,1.2517324e-07,-26.592134,2.1435204,0.7145068,0.17600001,0.0,0.17531939,17.440208,17.460209,2800000
hardzero_plus_depr__c0p50__z1p00__lam0p020__nu0p50__psi0p75,hardzero_plus_depr,0.06,37,875,0.0,2,0.17132726,0.17132726,1.0414002,0.0,0.09090752,0.0,0.0,1.2330962e-07,-27.370226,2.2911263,0.7637088,0.15200001,0.0,0.17933817,17.460209,17.48021,2803200
hardzero_plus_depr__c0p50__z1p00__lam0p020__nu0p50__psi0p75,hardzero_plus_depr,0.06,37,876,0.0,2,0.17132726,0.17132726,1.0124065,0.0,0.097183734,0.0,0.0,1.2147375e-07,-26.808775,2.2273388,0.7424463,0.18400002,0.0,0.17207713,17.48021,17.50021,2806400
hardzero_plus_depr__c0p50__z1p00__lam0p020__nu0p50__psi0p75,hardzero_plus_depr,0.06,37,877,0.0,2,0.17132726,0.17132726,1.004552,0.0,0.09895734,0.0,0.0,1.196652e-07,-26.628244,2.2100585,0.73668617,0.16000001,0.0,0.17704247,17.50021,17.52021,2809600
hardzero_plus_depr__c0p50__z1p00__lam0p020__nu0p50__psi0p75,hardzero_plus_depr,0.06,37,878,0.0,2,0.17132726,0.17132726,1.0510657,0.0,0.08890667,0.0,0.0,1.17883566e-07,-28.126558,2.3123906,0.7707969,0.136,0.0,0.19027476,17.52021,17.54021,2812800
hardzero_plus_depr__c0p50__z1p00__lam0p020__nu0p50__psi0p75,hardzero_plus_depr,0.06,37,879,0.0,2,0.17132726,0.17132726,1.0052577,0.0,0.09879665,0.0,0.0,1.16128454e-07,-26.38195,2.2116113,0.7372038,0.14400001,0.0,0.17230967,17.54021,17.560211,2816000
hardzero_plus_depr__c0p50__z1p00__lam0p020__nu0p50__psi0p75,hardzero_plus_depr,0.06,37,880,0.0,2,0.17132726,0.17132726,1.0211595,0.0,0.09524463,0.0,0.0,1.143995e-07,-28.330353,2.2465959,0.7488653,0.112,0.0,0.19743425,17.560211,17.580212,2819200
hardzero_plus_depr__c0p50__z1p00__lam0p020__nu0p50__psi0p75,hardzero_plus_depr,0.06,37,881,0.0,2,0.17132726,0.17132726,1.0375822,0.0,0.09171023,0.0,0.0,1.1269628e-07,-27.337849,2.2827263,0.7609088,0.136,0.0,0.17704469,17.580212,17.600212,2822400
hardzero_plus_depr__c0p50__z1p00__lam0p020__nu0p50__psi0p75,hardzero_plus_depr,0.06,37,882,0.0,2,0.17132726,0.17132726,1.003397,0.0,0.09922087,0.0,0.0,1.1101841e-07,-26.656548,2.2075174,0.7358391,0.2,0.0,0.18430784,17.600212,17.620213,2825600
hardzero_plus_depr__c0p50__z1p00__lam0p020__nu0p50__psi0p75,hardzero_plus_depr,0.06,37,883,0.0,2,0.17132726,0.17132728,0.97670394,0.10551058,0.10551058,1.0,1.1539219e-08,1.0936552e-07,-26.912466,2.1487916,0.7162639,0.17600001,0.0,0.17317387,17.620213,17.640213,2828800
hardzero_plus_depr__c0p50__z1p00__lam0p020__nu0p50__psi0p75,hardzero_plus_depr,0.06,37,884,0.0,2,0.17132728,0.17132728,1.0632625,0.0,0.08644452,0.0,0.0,1.0773725e-07,-27.33956,2.339224,0.7797414,0.089999996,0.0,0.16925555,17.640213,17.660213,2832000
hardzero_plus_depr__c0p50__z1p00__lam0p020__nu0p50__psi0p75,hardzero_plus_depr,0.06,37,885,0.0,2,0.17132728,0.1713273,0.9992659,0.10016918,0.10016918,1.0,1.0631276e-08,1.0613321e-07,-27.04525,2.1984289,0.73280966,0.216,0.0,0.1758339,17.660213,17.680214,2835200
hardzero_plus_depr__c0p50__z1p00__lam0p020__nu0p50__psi0p75,hardzero_plus_depr,0.06,37,886,0.0,2,0.1713273,0.1713273,1.0386957,0.0,0.0914754,0.0,0.0,1.0455306e-07,-27.648897,2.285176,0.76172537,0.136,0.0,0.21483237,17.680214,17.700214,2838400
hardzero_plus_depr__c0p50__z1p00__lam0p020__nu0p50__psi0p75,hardzero_plus_depr,0.06,37,887,0.0,2,0.1713273,0.1713273,1.0232824,0.0,0.0947802,0.0,0.0,1.0299643e-07,-27.638397,2.2512662,0.7504221,0.15200001,0.0,0.19818287,17.700214,17.720215,2841600
hardzero_plus_depr__c0p50__z1p00__lam0p020__nu0p50__psi0p75,hardzero_plus_depr,0.06,37,888,0.0,2,0.1713273,0.1713273,1.013118,0.0,0.09702461,0.0,0.0,1.0146297e-07,-26.559654,2.2289042,0.7429681,0.112,0.0,0.15365258,17.720215,17.740215,2844800
hardzero_plus_depr__c0p50__z1p00__lam0p020__nu0p50__psi0p75,hardzero_plus_depr,0.06,37,889,0.0,2,0.1713273,0.17132731,0.93894255,0.11509526,0.11509526,1.0,1.1504043e-08,9.9952366e-08,-25.803133,2.0657148,0.68857163,0.18400002,0.0,0.15693472,17.740215,17.760216,2848000
hardzero_plus_depr__c0p50__z1p00__lam0p020__nu0p50__psi0p75,hardzero_plus_depr,0.06,37,890,0.0,2,0.17132731,0.17132732,0.9728596,0.10644871,0.10644871,1.0,1.0481389e-08,9.846422e-08,-26.766619,2.140334,0.71344465,0.14400001,0.0,0.15823865,17.760216,17.780216,2851200
hardzero_plus_depr__c0p50__z1p00__lam0p020__nu0p50__psi0p75,hardzero_plus_depr,0.06,37,891,0.0,2,0.17132732,0.17132732,1.0266262,0.0,0.09405324,0.0,0.0,9.699825e-08,-28.190191,2.258623,0.7528743,0.15200001,0.0,0.18366379,17.780216,17.800217,2854400
hardzero_plus_depr__c0p50__z1p00__lam0p020__nu0p50__psi0p75,hardzero_plus_depr,0.06,37,892,0.0,2,0.17132732,0.17132734,0.96570104,0.10821785,0.10821785,1.0,1.0340659e-08,9.55541e-08,-26.12402,2.1245847,0.7081949,0.104,0.0,0.17553854,17.800217,17.820217,2857600
hardzero_plus_depr__c0p50__z1p00__lam0p020__nu0p50__psi0p75,hardzero_plus_depr,0.06,37,893,0.0,2,0.17132734,0.17132734,1.0409361,0.0,0.09100472,0.0,0.0,9.413146e-08,-27.806995,2.290105,0.76336837,0.18400002,0.0,0.18346696,17.820217,17.840218,2860800
hardzero_plus_depr__c0p50__z1p00__lam0p020__nu0p50__psi0p75,hardzero_plus_depr,0.06,37,894,0.0,2,0.17132734,0.17132734,1.0018572,0.0,0.09957328,0.0,0.0,9.272999e-08,-27.35785,2.2041297,0.7347099,0.216,0.0,0.18901093,17.840218,17.860218,2864000
hardzero_plus_depr__c0p50__z1p00__lam0p020__nu0p50__psi0p75,hardzero_plus_depr,0.06,37,895,0.0,2,0.17132734,0.17132734,1.0074025,0.0,0.098309934,0.0,0.0,9.1349385e-08,-27.088888,2.2163298,0.7387766,0.14400001,0.0,0.15766445,17.860218,17.880219,2867200
hardzero_plus_depr__c0p50__z1p00__lam0p020__nu0p50__psi0p75,hardzero_plus_depr,0.06,37,896,0.0,2,0.17132734,0.17132735,0.96184945,0.10918187,0.10918187,1.0,9.825205e-09,8.998934e-08,-25.681522,2.116111,0.70537037,0.136,0.0,0.17274573,17.880219,17.900219,2870400
hardzero_plus_depr__c0p50__z1p00__lam0p020__nu0p50__psi0p75,hardzero_plus_depr,0.06,37,897,0.0,2,0.17132735,0.17132737,0.99286914,0.1016555,0.1016555,1.0,9.011713e-09,8.864954e-08,-27.16118,2.1843557,0.7281186,0.17,0.0,0.17220014,17.900219,17.92022,2873600
hardzero_plus_depr__c0p50__z1p00__lam0p020__nu0p50__psi0p75,hardzero_plus_depr,0.06,37,898,0.0,2,0.17132737,0.17132737,1.0110145,0.0,0.097495705,0.0,0.0,8.7329695e-08,-27.399008,2.2242763,0.74142545,0.136,0.0,0.1832069,17.92022,17.94022,2876800
hardzero_plus_depr__c0p50__z1p00__lam0p020__nu0p50__psi0p75,hardzero_plus_depr,0.06,37,899,0.0,2,0.17132737,0.17132737,1.0640337,0.0,0.08629116,0.0,0.0,8.6029495e-08,-28.70767,2.340921,0.780307,0.17600001,0.0,0.21536395,17.94022,17.96022,2880000
hardzero_plus_depr__c0p50__z1p00__lam0p020__nu0p50__psi0p75,hardzero_plus_depr,0.06,37,900,0.0,2,0.17132737,0.17132737,1.0619552,0.0,0.08670513,0.0,0.0,8.474865e-08,-27.86526,2.336348,0.7787827,0.112,0.0,0.20088862,17.96022,17.98022,2883200
hardzero_plus_depr__c0p50__z1p00__lam0p020__nu0p50__psi0p75,hardzero_plus_depr,0.06,37,901,0.0,2,0.17132737,0.17132738,0.99785686,0.10049469,0.10049469,1.0,8.389987e-09,8.3486874e-08,-26.46542,2.195329,0.73177636,0.16800001,0.0,0.15892215,17.98022,18.000221,2886400
hardzero_plus_depr__c0p50__z1p00__lam0p020__nu0p50__psi0p75,hardzero_plus_depr,0.06,37,902,0.0,2,0.17132738,0.17132738,1.0259752,0.0,0.09419433,0.0,0.0,8.22439e-08,-27.833258,2.2571905,0.7523968,0.120000005,0.0,0.20137869,18.000221,18.020222,2889600
hardzero_plus_depr__c0p50__z1p00__lam0p020__nu0p50__psi0p75,hardzero_plus_depr,0.06,37,903,0.0,2,0.17132738,0.17132738,1.0304227,0.0,0.09323465,0.0,0.0,8.1019415e-08,-26.944248,2.2669752,0.7556584,0.16800001,0.0,0.17357707,18.020222,18.040222,2892800
hardzero_plus_depr__c0p50__z1p00__lam0p020__nu0p50__psi0p75,hardzero_plus_depr,0.06,37,904,0.0,2,0.17132738,0.17132738,1.0486331,0.0,0.08940604,0.0,0.0,7.9813155e-08,-27.470392,2.3070388,0.7690129,0.136,0.0,0.17661777,18.040222,18.060223,2896000
hardzero_plus_depr__c0p50__z1p00__lam0p020__nu0p50__psi0p75,hardzero_plus_depr,0.06,37,905,0.0,2,0.17132738,0.1713274,0.9974676,0.100584805,0.100584805,1.0,7.9084685e-09,7.862488e-08,-27.163467,2.1944726,0.73149085,0.14400001,0.0,0.16512316,18.060223,18.080223,2899200
hardzero_plus_depr__c0p50__z1p00__lam0p020__nu0p50__psi0p75,hardzero_plus_depr,0.06,37,906,0.0,2,0.1713274,0.1713274,1.0395263,0.0,0.09130061,0.0,0.0,7.7454274e-08,-26.934732,2.2870035,0.7623345,0.096,0.0,0.20597105,18.080223,18.100224,2902400
hardzero_plus_depr__c0p50__z1p00__lam0p020__nu0p50__psi0p75,hardzero_plus_depr,0.06,37,907,0.0,2,0.1713274,0.1713274,1.0378368,0.0,0.09165648,0.0,0.0,7.6301106e-08,-27.243526,2.2832866,0.7610955,0.14400001,0.0,0.17255764,18.100224,18.120224,2905600
hardzero_plus_depr__c0p50__z1p00__lam0p020__nu0p50__psi0p75,hardzero_plus_depr,0.06,37,908,0.0,2,0.1713274,0.1713274,1.0581073,0.0,0.08747677,0.0,0.0,7.5165104e-08,-28.567032,2.3278825,0.77596086,0.16000001,0.0,0.19399412,18.120224,18.140224,2908800
hardzero_plus_depr__c0p50__z1p00__lam0p020__nu0p50__psi0p75,hardzero_plus_depr,0.06,37,909,0.0,2,0.1713274,0.1713274,1.0185283,0.0,0.095823415,0.0,0.0,7.4046014e-08,-27.219711,2.240807,0.7469357,0.104,0.0,0.16886953,18.140224,18.160225,2912000
hardzero_plus_depr__c0p50__z1p00__lam0p020__nu0p50__psi0p75,hardzero_plus_depr,0.06,37,910,0.0,2,0.1713274,0.1713274,1.0250708,0.0,0.094390705,0.0,0.0,7.294359e-08,-26.827911,2.2552009,0.75173366,0.14999999,0.0,0.17836533,18.160225,18.180225,2915200
hardzero_plus_depr__c0p50__z1p00__lam0p020__nu0p50__psi0p75,hardzero_plus_depr,0.06,37,911,0.0,2,0.1713274,0.1713274,1.0232744,0.0,0.094781935,0.0,0.0,7.185758e-08,-27.104855,2.2512486,0.7504162,0.104,0.0,0.18680231,18.180225,18.200226,2918400
hardzero_plus_depr__c0p50__z1p00__lam0p020__nu0p50__psi0p75,hardzero_plus_depr,0.06,37,912,0.0,2,0.1713274,0.1713274,1.0319867,0.0,0.09289949,0.0,0.0,7.0787735e-08,-27.454264,2.270416,0.75680536,0.136,0.0,0.206043,18.200226,18.220226,2921600
hardzero_plus_depr__c0p50__z1p00__lam0p020__nu0p50__psi0p75,hardzero_plus_depr,0.06,37,913,0.0,2,0.1713274,0.1713274,1.0513949,0.0,0.088839285,0.0,0.0,6.9733815e-08,-27.479269,2.3131151,0.7710384,0.16800001,0.0,0.19640462,18.220226,18.240227,2924800
hardzero_plus_depr__c0p50__z1p00__lam0p020__nu0p50__psi0p75,hardzero_plus_depr,0.06,37,914,0.0,2,0.1713274,0.1713274,1.0527815,0.0,0.0885561,0.0,0.0,6.869559e-08,-28.018293,2.3161654,0.77205515,0.128,0.0,0.21285412,18.240227,18.260227,2928000
hardzero_plus_depr__c0p50__z1p00__lam0p020__nu0p50__psi0p75,hardzero_plus_depr,0.06,37,915,0.0,2,0.1713274,0.1713274,1.0358233,0.0,0.092082396,0.0,0.0,6.767282e-08,-27.39183,2.2788568,0.75961894,0.08800001,0.0,0.19765016,18.260227,18.280228,2931200
hardzero_plus_depr__c0p50__z1p00__lam0p020__nu0p50__psi0p75,hardzero_plus_depr,0.06,37,916,0.0,2,0.1713274,0.1713274,1.0081397,0.0,0.09814321,0.0,0.0,6.666529e-08,-27.592411,2.2179518,0.7393173,0.136,0.0,0.17352903,18.280228,18.300228,2934400
hardzero_plus_depr__c0p50__z1p00__lam0p020__nu0p50__psi0p75,hardzero_plus_depr,0.06,37,917,0.0,2,0.1713274,0.1713274,1.0084391,0.0,0.0980756,0.0,0.0,6.567275e-08,-26.538883,2.2186103,0.73953676,0.2,0.0,0.1833152,18.300228,18.320229,2937600
hardzero_plus_depr__c0p50__z1p00__lam0p020__nu0p50__psi0p75,hardzero_plus_depr,0.06,37,918,0.0,2,0.1713274,0.1713274,0.9872598,0.102977,0.102977,1.0,6.662095e-09,6.469498e-08,-25.97365,2.172015,0.724005,0.136,0.0,0.16159032,18.320229,18.340229,2940800
hardzero_plus_depr__c0p50__z1p00__lam0p020__nu0p50__psi0p75,hardzero_plus_depr,0.06,37,919,0.0,2,0.1713274,0.1713274,0.998735,0.1002917,0.1002917,1.0,6.391769e-09,6.373178e-08,-26.46407,2.1972609,0.7324203,0.17600001,0.008,0.17403974,18.340229,18.36023,2944000
hardzero_plus_depr__c0p50__z1p00__lam0p020__nu0p50__psi0p75,hardzero_plus_depr,0.06,37,920,0.0,2,0.1713274,0.1713274,1.0075328,0.0,0.09828046,0.0,0.0,6.278292e-08,-26.657957,2.2166164,0.7388722,0.18400002,0.0,0.19657941,18.36023,18.38023,2947200
hardzero_plus_depr__c0p50__z1p00__lam0p020__nu0p50__psi0p75,hardzero_plus_depr,0.06,37,921,0.0,2,0.1713274,0.1713274,0.9590738,0.10988191,0.10988191,1.0,6.7959958e-09,6.1848176e-08,-25.69932,2.1100044,0.7033348,0.104,0.0,0.16065015,18.38023,18.40023,2950400
hardzero_plus_depr__c0p50__z1p00__lam0p020__nu0p50__psi0p75,hardzero_plus_depr,0.06,37,922,0.0,2,0.1713274,0.1713274,1.0429842,0.0,0.09057654,0.0,0.0,6.092736e-08,-27.54753,2.2946112,0.7648704,0.16800001,0.0,0.20577236,18.40023,18.42023,2953600
hardzero_plus_depr__c0p50__z1p00__lam0p020__nu0p50__psi0p75,hardzero_plus_depr,0.06,37,923,0.0,2,0.1713274,0.1713274,0.9867367,0.10310108,0.10310108,1.0,6.1881518e-09,6.002024e-08,-27.172054,2.170864,0.72362137,0.22999999,0.0,0.16175176,18.42023,18.440231,2956800
hardzero_plus_depr__c0p50__z1p00__lam0p020__nu0p50__psi0p75,hardzero_plus_depr,0.06,37,924,0.0,2,0.1713274,0.1713274,1.0250913,0.0,0.09438625,0.0,0.0,5.9126638e-08,-27.421726,2.255246,0.7517487,0.128,0.0,0.18130694,18.440231,18.460232,2960000
hardzero_plus_depr__c0p50__z1p00__lam0p020__nu0p50__psi0p75,hardzero_plus_depr,0.06,37,925,0.0,2,0.1713274,0.1713274,1.0455974,0.0,0.09003318,0.0,0.0,5.824634e-08,-28.559544,2.3003602,0.76678675,0.14400001,0.0,0.18747875,18.460232,18.480232,2963200
hardzero_plus_depr__c0p50__z1p00__lam0p020__nu0p50__psi0p75,hardzero_plus_depr,0.06,37,926,0.0,2,0.1713274,0.1713274,1.0349196,0.0,0.092274204,0.0,0.0,5.7379147e-08,-27.84407,2.2768686,0.7589562,0.136,0.0,0.20889948,18.480232,18.500233,2966400
hardzero_plus_depr__c0p50__z1p00__lam0p020__nu0p50__psi0p75,hardzero_plus_depr,0.06,37,927,0.0,2,0.1713274,0.1713274,1.0274823,0.0,0.093868025,0.0,0.0,5.652486e-08,-27.667437,2.2605062,0.7535021,0.16000001,0.0,0.18479851,18.500233,18.520233,2969600
hardzero_plus_depr__c0p50__z1p00__lam0p020__nu0p50__psi0p75,hardzero_plus_depr,0.06,37,928,0.0,2,0.1713274,0.1713274,1.0589114,0.0,0.087314926,0.0,0.0,5.5683298e-08,-28.2984,2.3296516,0.77655053,0.128,0.0,0.18604694,18.520233,18.540234,2972800
hardzero_plus_depr__c0p50__z1p00__lam0p020__nu0p50__psi0p75,hardzero_plus_depr,0.06,37,929,0.0,2,0.1713274,0.1713274,0.97709036,0.105416745,0.105416745,1.0,5.782558e-09,5.4854265e-08,-26.862267,2.1496418,0.71654725,0.216,0.0,0.21013965,18.540234,18.560234,2976000
hardzero_plus_depr__c0p50__z1p00__lam0p020__nu0p50__psi0p75,hardzero_plus_depr,0.06,37,930,0.0,2,0.1713274,0.1713274,1.0516851,0.0,0.08877995,0.0,0.0,5.4037567e-08,-28.436357,2.3137534,0.77125114,0.17600001,0.0,0.19576958,18.560234,18.580235,2979200
hardzero_plus_depr__c0p50__z1p00__lam0p020__nu0p50__psi0p75,hardzero_plus_depr,0.06,37,931,0.0,2,0.1713274,0.1713274,1.0413235,0.0,0.09092357,0.0,0.0,5.3233038e-08,-27.649248,2.2909575,0.7636525,0.16000001,0.0,0.1881359,18.580235,18.600235,2982400
hardzero_plus_depr__c0p50__z1p00__lam0p020__nu0p50__psi0p75,hardzero_plus_depr,0.06,37,932,0.0,2,0.1713274,0.1713274,1.0285351,0.0,0.09364074,0.0,0.0,5.2440484e-08,-26.860725,2.2628224,0.75427413,0.16000001,0.0,0.18847777,18.600235,18.620235,2985600
hardzero_plus_depr__c0p50__z1p00__lam0p020__nu0p50__psi0p75,hardzero_plus_depr,0.06,37,933,0.0,2,0.1713274,0.1713274,1.0159371,0.0,0.09639687,0.0,0.0,5.1659725e-08,-27.226936,2.2351062,0.7450354,0.128,0.0,0.16849642,18.620235,18.640236,2988800
hardzero_plus_depr__c0p50__z1p00__lam0p020__nu0p50__psi0p75,hardzero_plus_depr,0.06,37,934,0.0,2,0.1713274,0.1713274,1.0569077,0.0,0.08771874,0.0,0.0,5.0890595e-08,-27.941326,2.3252432,0.7750811,0.136,0.0,0.20048267,18.640236,18.660236,2992000
hardzero_plus_depr__c0p50__z1p00__lam0p020__nu0p50__psi0p75,hardzero_plus_depr,0.06,37,935,0.0,2,0.1713274,0.1713274,1.0312961,0.0,0.09304732,0.0,0.0,5.013292e-08,-27.042192,2.2688968,0.75629896,0.18400002,0.0,0.1725058,18.660236,18.680237,2995200
hardzero_plus_depr__c0p50__z1p00__lam0p020__nu0p50__psi0p75,hardzero_plus_depr,0.06,37,936,0.0,2,0.1713274,0.1713274,1.033201,0.0,0.09264011,0.0,0.0,4.9386518e-08,-27.480703,2.2730875,0.75769585,0.099999994,0.0,0.1845283,18.680237,18.700237,2998400
hardzero_plus_depr__c0p50__z1p00__lam0p020__nu0p50__psi0p75,hardzero_plus_depr,0.06,37,937,0.0,2,0.1713274,0.1713274,0.9650455,0.108381316,0.108381316,1.0,5.272885e-09,4.8651234e-08,-25.48559,2.1231425,0.7077142,0.16000001,0.0,0.16502172,18.700237,18.720238,3001600
hardzero_plus_depr__c0p50__z1p00__lam0p020__nu0p50__psi0p75,hardzero_plus_depr,0.06,37,938,0.0,2,0.1713274,0.1713274,1.0345485,0.0,0.09235309,0.0,0.0,4.7926893e-08,-27.164467,2.2760522,0.7586841,0.15200001,0.0,0.18263902,18.720238,18.740238,3004800
hardzero_plus_depr__c0p50__z1p00__lam0p020__nu0p50__psi0p75,hardzero_plus_depr,0.06,37,939,0.0,2,0.1713274,0.1713274,0.99605274,0.10091303,0.10091303,1.0,4.764441e-09,4.7213337e-08,-26.452587,2.1913598,0.73045325,0.23200001,0.0,0.16853346,18.740238,18.760239,3008000
hardzero_plus_depr__c0p50__z1p00__lam0p020__nu0p50__psi0p75,hardzero_plus_depr,0.06,37,940,0.0,2,0.1713274,0.1713274,0.9722976,0.10658655,0.10658655,1.0,4.9573843e-09,4.6510408e-08,-25.793844,2.1390975,0.7130325,0.216,0.0,0.17850406,18.760239,18.78024,3011200
hardzero_plus_depr__c0p50__z1p00__lam0p020__nu0p50__psi0p75,hardzero_plus_depr,0.06,37,941,0.0,2,0.1713274,0.1713274,1.0345062,0.0,0.0923621,0.0,0.0,4.581794e-08,-27.105196,2.275959,0.75865304,0.17600001,0.0,0.1950492,18.78024,18.80024,3014400
hardzero_plus_depr__c0p50__z1p00__lam0p020__nu0p50__psi0p75,hardzero_plus_depr,0.06,37,942,0.0,2,0.1713274,0.1713274,1.0360999,0.0,0.092023775,0.0,0.0,4.513579e-08,-26.574814,2.2794652,0.7598218,0.128,0.0,0.16981193,18.80024,18.82024,3017600
hardzero_plus_depr__c0p50__z1p00__lam0p020__nu0p50__psi0p75,hardzero_plus_depr,0.06,37,943,0.0,2,0.1713274,0.1713274,1.0162929,0.0,0.09631791,0.0,0.0,4.4463786e-08,-27.30934,2.2358892,0.7452964,0.16800001,0.0,0.1886764,18.82024,18.84024,3020800
hardzero_plus_depr__c0p50__z1p00__lam0p020__nu0p50__psi0p75,hardzero_plus_depr,0.06,37,944,0.0,2,0.1713274,0.1713274,1.0645831,0.0,0.086182065,0.0,0.0,4.380179e-08,-27.522459,2.3421295,0.78070986,0.120000005,0.0,0.17028476,18.84024,18.86024,3024000
hardzero_plus_depr__c0p50__z1p00__lam0p020__nu0p50__psi0p75,hardzero_plus_depr,0.06,37,945,0.0,2,0.1713274,0.1713274,1.0385313,0.0,0.091510035,0.0,0.0,4.3149655e-08,-26.687717,2.2848146,0.7616049,0.08800001,0.0,0.18219483,18.86024,18.880241,3027200
hardzero_plus_depr__c0p50__z1p00__lam0p020__nu0p50__psi0p75,hardzero_plus_depr,0.06,37,946,0.0,2,0.1713274,0.1713274,0.99348986,0.1015103,0.1015103,1.0,4.3149213e-09,4.2507228e-08,-26.394968,2.1857214,0.7285738,0.136,0.0,0.18442559,18.880241,18.900242,3030400
hardzero_plus_depr__c0p50__z1p00__lam0p020__nu0p50__psi0p75,hardzero_plus_depr,0.06,37,947,0.0,2,0.1713274,0.1713274,1.0023354,0.0,0.09946369,0.0,0.0,4.187436e-08,-27.230436,2.205182,0.7350607,0.120000005,0.0,0.17539161,18.900242,18.920242,3033600
hardzero_plus_depr__c0p50__z1p00__lam0p020__nu0p50__psi0p75,hardzero_plus_depr,0.06,37,948,0.0,2,0.1713274,0.1713274,0.9861004,0.10325228,0.10325228,1.0,4.259251e-09,4.1250917e-08,-26.72188,2.169464,0.7231547,0.15200001,0.0,0.19859304,18.920242,18.940243,3036800
hardzero_plus_depr__c0p50__z1p00__lam0p020__nu0p50__psi0p75,hardzero_plus_depr,0.06,37,949,0.0,2,0.1713274,0.1713274,1.009685,0.0,0.09779461,0.0,0.0,4.0636756e-08,-26.761038,2.2213514,0.7404505,0.17999999,0.0,0.1785962,18.940243,18.960243,3040000
hardzero_plus_depr__c0p50__z1p00__lam0p020__nu0p50__psi0p75,hardzero_plus_depr,0.06,37,950,0.0,2,0.1713274,0.1713274,1.0587599,0.0,0.08734541,0.0,0.0,4.0031743e-08,-28.359583,2.3293183,0.7764394,0.120000005,0.0,0.20232913,18.960243,18.980244,3043200
hardzero_plus_depr__c0p50__z1p00__lam0p020__nu0p50__psi0p75,hardzero_plus_depr,0.06,37,951,0.0,2,0.1713274,0.1713274,1.0256685,0.0,0.09426087,0.0,0.0,3.9435736e-08,-27.09219,2.2565157,0.75217193,0.16000001,0.0,0.18977086,18.980244,19.000244,3046400
hardzero_plus_depr__c0p50__z1p00__lam0p020__nu0p50__psi0p75,hardzero_plus_depr,0.06,37,952,0.0,2,0.1713274,0.1713274,1.0024455,0.0,0.09943849,0.0,0.0,3.88486e-08,-27.122053,2.205424,0.7351414,0.15200001,0.0,0.17489174,19.000244,19.020245,3049600
hardzero_plus_depr__c0p50__z1p00__lam0p020__nu0p50__psi0p75,hardzero_plus_depr,0.06,37,953,0.0,2,0.1713274,0.1713274,0.9830607,0.103977464,0.103977464,1.0,3.9792387e-09,3.8270205e-08,-26.38568,2.1627767,0.72092557,0.17600001,0.0,0.16861133,19.020245,19.040245,3052800
hardzero_plus_depr__c0p50__z1p00__lam0p020__nu0p50__psi0p75,hardzero_plus_depr,0.06,37,954,0.0,2,0.1713274,0.1713274,1.0095482,0.0,0.09782543,0.0,0.0,3.7700424e-08,-27.537687,2.2210503,0.7403501,0.18400002,0.0,0.20087904,19.040245,19.060246,3056000
hardzero_plus_depr__c0p50__z1p00__lam0p020__nu0p50__psi0p75,hardzero_plus_depr,0.06,37,955,0.0,2,0.1713274,0.1713274,1.0415871,0.0,0.09086838,0.0,0.0,3.7139124e-08,-27.544657,2.2915375,0.76384586,0.14400001,0.0,0.17819363,19.060246,19.080246,3059200
hardzero_plus_depr__c0p50__z1p00__lam0p020__nu0p50__psi0p75,hardzero_plus_depr,0.06,37,956,0.0,2,0.1713274,0.1713274,0.9909212,0.10211248,0.10211248,1.0,3.735906e-09,3.6586183e-08,-26.973692,2.1800702,0.72669005,0.16800001,0.0,0.20088948,19.080246,19.100246,3062400
hardzero_plus_depr__c0p50__z1p00__lam0p020__nu0p50__psi0p75,hardzero_plus_depr,0.06,37,957,0.0,2,0.1713274,0.1713274,1.0829774,0.0,0.0826081,0.0,0.0,3.6041474e-08,-28.822426,2.382598,0.79419935,0.16000001,0.0,0.19426359,19.100246,19.120247,3065600
hardzero_plus_depr__c0p50__z1p00__lam0p020__nu0p50__psi0p75,hardzero_plus_depr,0.06,37,958,0.0,2,0.1713274,0.1713274,1.0024061,0.0,0.09944749,0.0,0.0,3.5504872e-08,-27.525684,2.2053375,0.73511255,0.15200001,0.0,0.18536228,19.120247,19.140247,3068800
hardzero_plus_depr__c0p50__z1p00__lam0p020__nu0p50__psi0p75,hardzero_plus_depr,0.06,37,959,0.0,2,0.1713274,0.1713274,0.9669716,0.10790173,0.10790173,1.0,3.7739993e-09,3.4976264e-08,-26.126442,2.12738,0.70912665,0.16800001,0.0,0.16076218,19.140247,19.160248,3072000
hardzero_plus_depr__c0p50__z1p00__lam0p020__nu0p50__psi0p75,hardzero_plus_depr,0.06,37,960,0.0,2,0.1713274,0.1713274,1.0301756,0.0,0.0932877,0.0,0.0,3.445552e-08,-26.922338,2.2664316,0.7554772,0.14400001,0.0,0.18404783,19.160248,19.180248,3075200
hardzero_plus_depr__c0p50__z1p00__lam0p020__nu0p50__psi0p75,hardzero_plus_depr,0.06,37,961,0.0,2,0.1713274,0.1713274,1.029113,0.0,0.09351622,0.0,0.0,3.3942538e-08,-27.785494,2.2640939,0.754698,0.112,0.0,0.1784968,19.180248,19.200249,3078400
hardzero_plus_depr__c0p50__z1p00__lam0p020__nu0p50__psi0p75,hardzero_plus_depr,0.06,37,962,0.0,2,0.1713274,0.1713274,0.98578167,0.10332807,0.10332807,1.0,3.4549992e-09,3.343718e-08,-27.50098,2.168763,0.722921,0.21,0.0,0.17251773,19.200249,19.22025,3081600
hardzero_plus_depr__c0p50__z1p00__lam0p020__nu0p50__psi0p75,hardzero_plus_depr,0.06,37,963,0.0,2,0.1713274,0.1713274,1.0241333,0.0,0.09459467,0.0,0.0,3.2939358e-08,-26.876406,2.2531383,0.7510461,0.14400001,0.0,0.18095393,19.22025,19.24025,3084800
hardzero_plus_depr__c0p50__z1p00__lam0p020__nu0p50__psi0p75,hardzero_plus_depr,0.06,37,964,0.0,2,0.1713274,0.1713274,1.0421994,0.0,0.090740375,0.0,0.0,3.2448945e-08,-28.099945,2.2928843,0.7642948,0.16000001,0.008,0.17785868,19.24025,19.26025,3088000
hardzero_plus_depr__c0p50__z1p00__lam0p020__nu0p50__psi0p75,hardzero_plus_depr,0.06,37,965,0.0,2,0.1713274,0.1713274,0.9794493,0.10484573,0.10484573,1.0,3.351481e-09,3.1965833e-08,-25.910536,2.1548314,0.71827716,0.18400002,0.0,0.19069307,19.26025,19.28025,3091200
hardzero_plus_depr__c0p50__z1p00__lam0p020__nu0p50__psi0p75,hardzero_plus_depr,0.06,37,966,0.0,2,0.1713274,0.1713274,1.0236831,0.0,0.09469279,0.0,0.0,3.148991e-08,-27.447899,2.2521477,0.7507159,0.15200001,0.0,0.18494864,19.28025,19.300251,3094400
hardzero_plus_depr__c0p50__z1p00__lam0p020__nu0p50__psi0p75,hardzero_plus_depr,0.06,37,967,0.0,2,0.1713274,0.1713274,1.012599,0.0,0.09714064,0.0,0.0,3.1021077e-08,-27.321655,2.2277622,0.74258745,0.17600001,0.0,0.18469255,19.300251,19.320251,3097600
hardzero_plus_depr__c0p50__z1p00__lam0p020__nu0p50__psi0p75,hardzero_plus_depr,0.06,37,968,0.0,2,0.1713274,0.1713274,1.000778,0.0,0.09982104,0.0,0.0,3.0559217e-08,-27.220387,2.2017555,0.73391855,0.128,0.0,0.16305359,19.320251,19.340252,3100800
hardzero_plus_depr__c0p50__z1p00__lam0p020__nu0p50__psi0p75,hardzero_plus_depr,0.06,37,969,0.0,2,0.1713274,0.1713274,0.9939475,0.10140338,0.10140338,1.0,3.052672e-09,3.0104243e-08,-27.388119,2.1867282,0.72890943,0.16000001,0.0,0.17464569,19.340252,19.360252,3104000
hardzero_plus_depr__c0p50__z1p00__lam0p020__nu0p50__psi0p75,hardzero_plus_depr,0.06,37,970,0.0,2,0.1713274,0.1713274,1.0136802,0.0,0.09689911,0.0,0.0,2.965604e-08,-27.60941,2.230141,0.7433803,0.16800001,0.0,0.1772754,19.360252,19.380253,3107200
hardzero_plus_depr__c0p50__z1p00__lam0p020__nu0p50__psi0p75,hardzero_plus_depr,0.06,37,971,0.0,2,0.1713274,0.1713274,1.0872887,0.0,0.08179208,0.0,0.0,2.921451e-08,-28.35158,2.392083,0.797361,0.096,0.0,0.18572958,19.380253,19.400253,3110400
hardzero_plus_depr__c0p50__z1p00__lam0p020__nu0p50__psi0p75,hardzero_plus_depr,0.06,37,972,0.0,2,0.1713274,0.1713274,1.0545317,0.0,0.088199936,0.0,0.0,2.8779551e-08,-28.595655,2.3200161,0.77333874,0.17600001,0.0,0.22855341,19.400253,19.420254,3113600
hardzero_plus_depr__c0p50__z1p00__lam0p020__nu0p50__psi0p75,hardzero_plus_depr,0.06,37,973,0.0,2,0.1713274,0.1713274,1.0052032,0.0,0.09880904,0.0,0.0,2.8351069e-08,-26.910652,2.2114913,0.7371638,0.120000005,0.0,0.19619672,19.420254,19.440254,3116800
hardzero_plus_depr__c0p50__z1p00__lam0p020__nu0p50__psi0p75,hardzero_plus_depr,0.06,37,974,0.0,2,0.1713274,0.1713274,0.95693463,0.110424474,0.110424474,1.0,3.0840415e-09,2.7928968e-08,-25.875824,2.1052983,0.70176613,0.17600001,0.0,0.1550702,19.440254,19.460255,3120000
hardzero_plus_depr__c0p50__z1p00__lam0p020__nu0p50__psi0p75,hardzero_plus_depr,0.06,37,975,0.0,2,0.1713274,0.1713274,1.029953,0.0,0.09333554,0.0,0.0,2.751315e-08,-27.009762,2.2659419,0.755314,0.16,0.0,0.16641407,19.460255,19.480255,3123200
hardzero_plus_depr__c0p50__z1p00__lam0p020__nu0p50__psi0p75,hardzero_plus_depr,0.06,37,976,0.0,2,0.1713274,0.1713274,0.9512287,0.11188486,0.11188486,1.0,3.032474e-09,2.7103525e-08,-26.000689,2.0927448,0.69758165,0.208,0.0,0.15088865,19.480255,19.500256,3126400
hardzero_plus_depr__c0p50__z1p00__lam0p020__nu0p50__psi0p75,hardzero_plus_depr,0.06,37,977,0.0,2,0.1713274,0.1713274,1.0025904,0.0,0.099405296,0.0,0.0,2.6699997e-08,-26.931982,2.205743,0.73524773,0.120000005,0.0,0.1848585,19.500256,19.520256,3129600
hardzero_plus_depr__c0p50__z1p00__lam0p020__nu0p50__psi0p75,hardzero_plus_depr,0.06,37,978,0.0,2,0.1713274,0.1713274,1.029852,0.0,0.093357235,0.0,0.0,2.6302473e-08,-27.049026,2.2657197,0.7552399,0.104,0.0,0.18658443,19.520256,19.540257,3132800
hardzero_plus_depr__c0p50__z1p00__lam0p020__nu0p50__psi0p75,hardzero_plus_depr,0.06,37,979,0.0,2,0.1713274,0.1713274,0.96345377,0.10877929,0.10877929,1.0,2.8185665e-09,2.5910873e-08,-26.026524,2.1196406,0.7065469,0.224,0.0,0.18059577,19.540257,19.560257,3136000
hardzero_plus_depr__c0p50__z1p00__lam0p020__nu0p50__psi0p75,hardzero_plus_depr,0.06,37,980,0.0,2,0.1713274,0.1713274,1.0358843,0.0,0.09206949,0.0,0.0,2.5525104e-08,-27.516712,2.278991,0.7596637,0.18400002,0.0,0.17607045,19.560257,19.580257,3139200
hardzero_plus_depr__c0p50__z1p00__lam0p020__nu0p50__psi0p75,hardzero_plus_depr,0.06,37,981,0.0,2,0.1713274,0.1713274,1.0063022,0.0,0.09855934,0.0,0.0,2.5145075e-08,-26.2392,2.2139091,0.73796976,0.16800001,0.0,0.19651829,19.580257,19.600258,3142400
hardzero_plus_depr__c0p50__z1p00__lam0p020__nu0p50__psi0p75,hardzero_plus_depr,0.06,37,982,0.0,2,0.1713274,0.1713274,1.0560457,0.0,0.08789302,0.0,0.0,2.4770706e-08,-27.858606,2.3233469,0.774449,0.112,0.0,0.2027763,19.600258,19.620258,3145600
hardzero_plus_depr__c0p50__z1p00__lam0p020__nu0p50__psi0p75,hardzero_plus_depr,0.06,37,983,0.0,2,0.1713274,0.1713274,1.0005012,0.0,0.09988467,0.0,0.0,2.4401906e-08,-27.228434,2.2011464,0.7337155,0.15200001,0.0,0.18013658,19.620258,19.640259,3148800
hardzero_plus_depr__c0p50__z1p00__lam0p020__nu0p50__psi0p75,hardzero_plus_depr,0.06,37,984,0.0,2,0.1713274,0.1713274,1.0482416,0.0,0.08948668,0.0,0.0,2.4038602e-08,-27.173794,2.3061776,0.7687259,0.15200001,0.0,0.19605812,19.640259,19.66026,3152000
hardzero_plus_depr__c0p50__z1p00__lam0p020__nu0p50__psi0p75,hardzero_plus_depr,0.06,37,985,0.0,2,0.1713274,0.1713274,1.080562,0.0,0.0830688,0.0,0.0,2.3680707e-08,-28.650959,2.3772838,0.79242796,0.072000004,0.0,0.21529326,19.66026,19.68026,3155200
hardzero_plus_depr__c0p50__z1p00__lam0p020__nu0p50__psi0p75,hardzero_plus_depr,0.06,37,986,0.0,2,0.1713274,0.1713274,1.0056931,0.0,0.09869768,0.0,0.0,2.332814e-08,-26.55166,2.212569,0.737523,0.16000001,0.0,0.1786544,19.68026,19.70026,3158400
hardzero_plus_depr__c0p50__z1p00__lam0p020__nu0p50__psi0p75,hardzero_plus_depr,0.06,37,987,0.0,2,0.1713274,0.1713274,1.0979551,0.0,0.07980771,0.0,0.0,2.2980823e-08,-28.642696,2.4155495,0.8051832,0.08800001,0.0,0.22360326,19.70026,19.72026,3161600
hardzero_plus_depr__c0p50__z1p00__lam0p020__nu0p50__psi0p75,hardzero_plus_depr,0.06,37,988,0.0,2,0.1713274,0.1713274,1.0014247,0.0,0.0996725,0.0,0.0,2.2638671e-08,-27.423574,2.2031782,0.73439276,0.19,0.0,0.18441197,19.72026,19.740261,3164800
hardzero_plus_depr__c0p50__z1p00__lam0p020__nu0p50__psi0p75,hardzero_plus_depr,0.06,37,989,0.0,2,0.1713274,0.1713274,1.0928795,0.0,0.08074588,0.0,0.0,2.2301618e-08,-28.17881,2.404383,0.801461,0.192,0.0,0.18655825,19.740261,19.760262,3168000
hardzero_plus_depr__c0p50__z1p00__lam0p020__nu0p50__psi0p75,hardzero_plus_depr,0.06,37,990,0.0,2,0.1713274,0.1713274,0.99201465,0.10185569,0.10185569,1.0,2.2377271e-09,2.1969585e-08,-26.903065,2.1824758,0.727492,0.2,0.0,0.16414149,19.760262,19.780262,3171200
hardzero_plus_depr__c0p50__z1p00__lam0p020__nu0p50__psi0p75,hardzero_plus_depr,0.06,37,991,0.0,2,0.1713274,0.1713274,1.0737181,0.0,0.08438824,0.0,0.0,2.1642492e-08,-27.913094,2.362227,0.787409,0.104,0.0,0.19198763,19.780262,19.800262,3174400
hardzero_plus_depr__c0p50__z1p00__lam0p020__nu0p50__psi0p75,hardzero_plus_depr,0.06,37,992,0.0,2,0.1713274,0.1713274,0.9858704,0.103306964,0.103306964,1.0,2.2025324e-09,2.132027e-08,-27.567987,2.1689582,0.7229861,0.14400001,0.0,0.21670827,19.800262,19.820263,3177600
hardzero_plus_depr__c0p50__z1p00__lam0p020__nu0p50__psi0p75,hardzero_plus_depr,0.06,37,993,0.0,2,0.1713274,0.1713274,1.025943,0.0,0.09420131,0.0,0.0,2.1002846e-08,-27.351532,2.2571197,0.7523732,0.16000001,0.0,0.15895504,19.820263,19.840263,3180800
hardzero_plus_depr__c0p50__z1p00__lam0p020__nu0p50__psi0p75,hardzero_plus_depr,0.06,37,994,0.0,2,0.1713274,0.1713274,0.95143014,0.11183296,0.11183296,1.0,2.3138405e-09,2.0690146e-08,-25.494411,2.093188,0.69772935,0.120000005,0.0,0.1835032,19.840263,19.860264,3184000
hardzero_plus_depr__c0p50__z1p00__lam0p020__nu0p50__psi0p75,hardzero_plus_depr,0.06,37,995,0.0,2,0.1713274,0.1713274,0.99989605,0.10002394,0.10002394,1.0,2.0386983e-09,2.0382103e-08,-26.58064,2.1998153,0.7332718,0.15200001,0.0,0.17223641,19.860264,19.880264,3187200
hardzero_plus_depr__c0p50__z1p00__lam0p020__nu0p50__psi0p75,hardzero_plus_depr,0.06,37,996,0.0,2,0.1713274,0.1713274,1.0172727,0.0,0.09610087,0.0,0.0,2.0078646e-08,-26.932049,2.2380447,0.74601495,0.112,0.0,0.1802278,19.880264,19.900265,3190400
hardzero_plus_depr__c0p50__z1p00__lam0p020__nu0p50__psi0p75,hardzero_plus_depr,0.06,37,997,0.0,2,0.1713274,0.1713274,1.0491003,0.0,0.089309916,0.0,0.0,1.9779707e-08,-28.38439,2.3080666,0.76935554,0.2,0.0,0.19640042,19.900265,19.920265,3193600
hardzero_plus_depr__c0p50__z1p00__lam0p020__nu0p50__psi0p75,hardzero_plus_depr,0.06,37,998,0.0,2,0.1713274,0.1713274,1.0188614,0.0,0.095749944,0.0,0.0,1.948522e-08,-26.862875,2.24154,0.74718,0.216,0.0,0.19738229,19.920265,19.940266,3196800
hardzero_plus_depr__c0p50__z1p00__lam0p020__nu0p50__psi0p75,hardzero_plus_depr,0.06,37,999,0.0,2,0.1713274,0.1713274,1.025984,0.0,0.09419242,0.0,0.0,1.9195115e-08,-27.570744,2.25721,0.7524034,0.2,0.0,0.21253754,19.940266,19.960266,3200000
hardzero_plus_depr__c0p50__z1p00__lam0p020__nu0p50__psi0p75,hardzero_plus_depr,0.06,37,1000,0.0,2,0.1713274,0.1713274,0.98886305,0.10259754,0.10259754,1.0,1.940051e-09,1.8909333e-08,-26.884632,2.175542,0.72518075,0.16000001,0.0,0.18517134,19.960266,19.980267,3203200
hardzero_plus_depr__c0p50__z1p00__lam0p020__nu0p50__psi0p75,hardzero_plus_depr,0.06,37,1001,0.0,2,0.1713274,0.1713274,0.96105033,0.10938296,0.10938296,1.0,2.0375641e-09,1.8627802e-08,-26.030293,2.114353,0.70478433,0.17,0.0,0.15673736,19.980267,20.000267,3206400
hardzero_plus_depr__c0p50__z1p00__lam0p020__nu0p50__psi0p75,hardzero_plus_depr,0.06,37,1002,0.0,2,0.1713274,0.1713274,1.0160047,0.0,0.09638186,0.0,0.0,1.8350464e-08,-27.000917,2.235255,0.745085,0.18400002,0.0,0.19875027,20.000267,20.020267,3209600
hardzero_plus_depr__c0p50__z1p00__lam0p020__nu0p50__psi0p75,hardzero_plus_depr,0.06,37,1003,0.0,2,0.1713274,0.1713274,0.9948679,0.101188704,0.101188704,1.0,1.8292139e-09,1.8077253e-08,-26.356178,2.1887531,0.7295844,0.17600001,0.0,0.16876364,20.020267,20.040268,3212800
hardzero_plus_depr__c0p50__z1p00__lam0p020__nu0p50__psi0p75,hardzero_plus_depr,0.06,37,1004,0.0,2,0.1713274,0.1713274,0.98951954,0.10244258,0.10244258,1.0,1.8243089e-09,1.7808112e-08,-27.378227,2.1769865,0.7256622,0.208,0.0,0.17163281,20.040268,20.060268,3216000
hardzero_plus_depr__c0p50__z1p00__lam0p020__nu0p50__psi0p75,hardzero_plus_depr,0.06,37,1005,0.0,2,0.1713274,0.1713274,1.0047148,0.0,0.098920226,0.0,0.0,1.7542979e-08,-26.403633,2.2104168,0.7368056,0.120000005,0.0,0.18698943,20.060268,20.080269,3219200
hardzero_plus_depr__c0p50__z1p00__lam0p020__nu0p50__psi0p75,hardzero_plus_depr,0.06,37,1006,0.0,2,0.1713274,0.1713274,1.0095078,0.0,0.097834535,0.0,0.0,1.7281792e-08,-26.358946,2.2209616,0.74032056,0.15200001,0.0,0.19949101,20.080269,20.10027,3222400
hardzero_plus_depr__c0p50__z1p00__lam0p020__nu0p50__psi0p75,hardzero_plus_depr,0.06,37,1007,0.0,2,0.1713274,0.1713274,1.0082235,0.0,0.098124266,0.0,0.0,1.7024494e-08,-26.253815,2.218136,0.7393787,0.15200001,0.0,0.15940368,20.10027,20.12027,3225600
hardzero_plus_depr__c0p50__z1p00__lam0p020__nu0p50__psi0p75,hardzero_plus_depr,0.06,37,1008,0.0,2,0.1713274,0.1713274,0.98974526,0.10238934,0.10238934,1.0,1.7171743e-09,1.6771025e-08,-26.89213,2.177483,0.7258277,0.18400002,0.0,0.16277537,20.12027,20.14027,3228800
hardzero_plus_depr__c0p50__z1p00__lam0p020__nu0p50__psi0p75,hardzero_plus_depr,0.06,37,1009,0.0,2,0.1713274,0.1713274,0.9978991,0.10048492,0.10048492,1.0,1.6601448e-09,1.6521332e-08,-26.962091,2.195422,0.73180735,0.192,0.0,0.19425575,20.14027,20.16027,3232000
hardzero_plus_depr__c0p50__z1p00__lam0p020__nu0p50__psi0p75,hardzero_plus_depr,0.06,37,1010,0.0,2,0.1713274,0.1713274,1.0093346,0.0,0.09787356,0.0,0.0,1.6275356e-08,-27.393578,2.2205803,0.7401935,0.120000005,0.0,0.16608472,20.16027,20.180271,3235200
hardzero_plus_depr__c0p50__z1p00__lam0p020__nu0p50__psi0p75,hardzero_plus_depr,0.06,37,1011,0.0,2,0.1713274,0.1713274,1.0242472,0.0,0.09456987,0.0,0.0,1.6033043e-08,-27.31813,2.2533886,0.75112957,0.104,0.0,0.1857904,20.180271,20.200272,3238400
hardzero_plus_depr__c0p50__z1p00__lam0p020__nu0p50__psi0p75,hardzero_plus_depr,0.06,37,1012,0.0,2,0.1713274,0.1713274,1.0031334,0.0,0.099281095,0.0,0.0,1.5794335e-08,-26.837278,2.2069376,0.7356459,0.15200001,0.0,0.17953828,20.200272,20.220272,3241600
hardzero_plus_depr__c0p50__z1p00__lam0p020__nu0p50__psi0p75,hardzero_plus_depr,0.06,37,1013,0.0,2,0.1713274,0.1713274,0.96302027,0.10888793,0.10888793,1.0,1.6942074e-09,1.5559184e-08,-25.658733,2.118687,0.706229,0.16000001,0.0,0.1616357,20.220272,20.240273,3244800
hardzero_plus_depr__c0p50__z1p00__lam0p020__nu0p50__psi0p75,hardzero_plus_depr,0.06,37,1014,0.0,2,0.1713274,0.1713274,1.0679319,0.0,0.085520074,0.0,0.0,1.5327531e-08,-28.149834,2.349497,0.7831657,0.13,0.0,0.18779844,20.240273,20.260273,3248000
hardzero_plus_depr__c0p50__z1p00__lam0p020__nu0p50__psi0p75,hardzero_plus_depr,0.06,37,1015,0.0,2,0.1713274,0.1713274,1.0269092,0.0,0.09399198,0.0,0.0,1.509933e-08,-27.310516,2.2592454,0.7530818,0.096,0.0,0.19510163,20.260273,20.280273,3251200
hardzero_plus_depr__c0p50__z1p00__lam0p020__nu0p50__psi0p75,hardzero_plus_depr,0.06,37,1016,0.0,2,0.1713274,0.1713274,1.0769339,0.0,0.08376569,0.0,0.0,1.4874526e-08,-28.247892,2.3693018,0.78976727,0.120000005,0.0,0.19749415,20.280273,20.300274,3254400
hardzero_plus_depr__c0p50__z1p00__lam0p020__nu0p50__psi0p75,hardzero_plus_depr,0.06,37,1017,0.0,2,0.1713274,0.1713274,1.078415,0.0,0.083480485,0.0,0.0,1.4653066e-08,-28.237982,2.3725605,0.7908535,0.128,0.0,0.20656455,20.300274,20.320274,3257600
hardzero_plus_depr__c0p50__z1p00__lam0p020__nu0p50__psi0p75,hardzero_plus_depr,0.06,37,1018,0.0,2,0.1713274,0.1713274,1.059307,0.0,0.087235436,0.0,0.0,1.4434907e-08,-27.757328,2.3305218,0.7768406,0.2,0.0,0.19045204,20.320274,20.340275,3260800
hardzero_plus_depr__c0p50__z1p00__lam0p020__nu0p50__psi0p75,hardzero_plus_depr,0.06,37,1019,0.0,2,0.1713274,0.1713274,0.9902633,0.10226728,0.10226728,1.0,1.4542401e-09,1.4219993e-08,-26.635118,2.1786227,0.7262076,0.104,0.0,0.16413566,20.340275,20.360275,3264000
hardzero_plus_depr__c0p50__z1p00__lam0p020__nu0p50__psi0p75,hardzero_plus_depr,0.06,37,1020,0.0,2,0.1713274,0.1713274,1.0413778,0.0,0.09091221,0.0,0.0,1.4008281e-08,-26.84215,2.291077,0.7636923,0.128,0.0,0.1918154,20.360275,20.380276,3267200
hardzero_plus_depr__c0p50__z1p00__lam0p020__nu0p50__psi0p75,hardzero_plus_depr,0.06,37,1021,0.0,2,0.1713274,0.1713274,1.003774,0.0,0.09913475,0.0,0.0,1.37997205e-08,-26.821554,2.208347,0.7361157,0.16000001,0.0,0.17127879,20.380276,20.400276,3270400
hardzero_plus_depr__c0p50__z1p00__lam0p020__nu0p50__psi0p75,hardzero_plus_depr,0.06,37,1022,0.0,2,0.1713274,0.1713274,1.060194,0.0,0.087057464,0.0,0.0,1.3594264e-08,-27.488302,2.3324733,0.7774911,0.136,0.0,0.16450424,20.400276,20.420277,3273600
hardzero_plus_depr__c0p50__z1p00__lam0p020__nu0p50__psi0p75,hardzero_plus_depr,0.06,37,1023,0.0,2,0.1713274,0.1713274,1.0289543,0.0,0.09355041,0.0,0.0,1.3391867e-08,-27.772387,2.2637446,0.7545816,0.112,0.0,0.1802771,20.420277,20.440277,3276800
hardzero_plus_depr__c0p50__z1p00__lam0p020__nu0p50__psi0p75,hardzero_plus_depr,0.06,37,1024,0.0,2,0.1713274,0.1713274,1.0054078,0.0,0.09876253,0.0,0.0,1.31924836e-08,-26.930912,2.2119415,0.73731387,0.16000001,0.0,0.17960903,20.440277,20.460278,3280000
hardzero_plus_depr__c0p50__z1p00__lam0p020__nu0p50__psi0p75,hardzero_plus_depr,0.06,37,1025,0.0,2,0.1713274,0.1713274,0.9841584,0.103715,0.103715,1.0,1.3478875e-09,1.299607e-08,-26.76868,2.1651917,0.7217306,0.18400002,0.0,0.17085733,20.460278,20.480278,3283200
hardzero_plus_depr__c0p50__z1p00__lam0p020__nu0p50__psi0p75,hardzero_plus_depr,0.06,37,1026,0.0,2,0.1713274,0.1713274,0.9810528,0.104459316,0.104459316,1.0,1.3373487e-09,1.2802579e-08,-26.204958,2.1583593,0.7194531,0.15200001,0.0,0.17077169,20.480278,20.500278,3286400
hardzero_plus_depr__c0p50__z1p00__lam0p020__nu0p50__psi0p75,hardzero_plus_depr,0.06,37,1027,0.0,2,0.1713274,0.1713274,1.0307522,0.0,0.09316392,0.0,0.0,1.2611969e-08,-27.024548,2.2677,0.7559,0.11,0.0,0.17244169,20.500278,20.520279,3289600
hardzero_plus_depr__c0p50__z1p00__lam0p020__nu0p50__psi0p75,hardzero_plus_depr,0.06,37,1028,0.0,2,0.1713274,0.1713274,1.0444202,0.0,0.090277545,0.0,0.0,1.2424197e-08,-27.381931,2.2977705,0.7659235,0.15200001,0.0,0.20785202,20.520279,20.54028,3292800
hardzero_plus_depr__c0p50__z1p00__lam0p020__nu0p50__psi0p75,hardzero_plus_depr,0.06,37,1029,0.0,2,0.1713274,0.1713274,0.9802975,0.10464115,0.10464115,1.0,1.280726e-09,1.2239219e-08,-26.101324,2.1566975,0.7188992,0.112,0.0,0.19104403,20.54028,20.56028,3296000
hardzero_plus_depr__c0p50__z1p00__lam0p020__nu0p50__psi0p75,hardzero_plus_depr,0.06,37,1030,0.0,2,0.1713274,0.1713274,0.98437065,0.10366432,0.10366432,1.0,1.2498805e-09,1.2056998e-08,-27.5026,2.1656587,0.7218863,0.208,0.0,0.16346085,20.56028,20.58028,3299200
hardzero_plus_depr__c0p50__z1p00__lam0p020__nu0p50__psi0p75,hardzero_plus_depr,0.06,37,1031,0.0,2,0.1713274,0.1713274,1.0504186,0.0,0.08903923,0.0,0.0,1.1877488e-08,-27.36652,2.3109672,0.77032244,0.08800001,0.0,0.19611998,20.58028,20.60028,3302400
hardzero_plus_depr__c0p50__z1p00__lam0p020__nu0p50__psi0p75,hardzero_plus_depr,0.06,37,1032,0.0,2,0.1713274,0.1713274,1.0024954,0.0,0.09942706,0.0,0.0,1.1700652e-08,-26.277287,2.205534,0.735178,0.16000001,0.0,0.18570396,20.60028,20.620281,3305600
hardzero_plus_depr__c0p50__z1p00__lam0p020__nu0p50__psi0p75,hardzero_plus_depr,0.06,37,1033,0.0,2,0.1713274,0.1713274,0.9449356,0.11351791,0.11351791,1.0,1.3084582e-09,1.1526447e-08,-26.535223,2.0788999,0.69296664,0.272,0.016,0.19026804,20.620281,20.640282,3308800
hardzero_plus_depr__c0p50__z1p00__lam0p020__nu0p50__psi0p75,hardzero_plus_depr,0.06,37,1034,0.0,2,0.1713274,0.1713274,1.0106494,0.0,0.097577676,0.0,0.0,1.1354837e-08,-26.35389,2.223473,0.7411577,0.128,0.0,0.15698613,20.640282,20.660282,3312000
hardzero_plus_depr__c0p50__z1p00__lam0p020__nu0p50__psi0p75,hardzero_plus_depr,0.06,37,1035,0.0,2,0.1713274,0.1713274,1.0287082,0.0,0.09360342,0.0,0.0,1.1185782e-08,-27.815142,2.2632034,0.75440115,0.18400002,0.0,0.18544729,20.660282,20.680283,3315200
hardzero_plus_depr__c0p50__z1p00__lam0p020__nu0p50__psi0p75,hardzero_plus_depr,0.06,37,1036,0.0,2,0.1713274,0.1713274,1.0281286,0.0,0.09372843,0.0,0.0,1.1019243e-08,-26.858168,2.261928,0.75397605,0.15200001,0.0,0.1982351,20.680283,20.700283,3318400
hardzero_plus_depr__c0p50__z1p00__lam0p020__nu0p50__psi0p75,hardzero_plus_depr,0.06,37,1037,0.0,2,0.1713274,0.1713274,1.0065416,0.0,0.09850503,0.0,0.0,1.0855185e-08,-27.21784,2.2144358,0.7381453,0.136,0.0,0.20006621,20.700283,20.720284,3321600
hardzero_plus_depr__c0p50__z1p00__lam0p020__nu0p50__psi0p75,hardzero_plus_depr,0.06,37,1038,0.0,2,0.1713274,0.1713274,0.993655,0.10147171,0.10147171,1.0,1.0850946e-09,1.0693568e-08,-26.598183,2.1860847,0.7286949,0.2,0.0,0.17596045,20.720284,20.740284,3324800
hardzero_plus_depr__c0p50__z1p00__lam0p020__nu0p50__psi0p75,hardzero_plus_depr,0.06,37,1039,0.0,2,0.1713274,0.1713274,1.0035576,0.0,0.09918418,0.0,0.0,1.0534359e-08,-26.352325,2.2078707,0.7359569,0.096,0.0,0.16048667,20.740284,20.760284,3328000
hardzero_plus_depr__c0p50__z1p00__lam0p020__nu0p50__psi0p75,hardzero_plus_depr,0.06,37,1040,0.0,2,0.1713274,0.1713274,0.98020655,0.10466307,0.10466307,1.0,1.086143e-09,1.0377518e-08,-26.588728,2.1564975,0.7188325,0.19999999,0.0,0.1581218,20.760284,20.780285,3331200
hardzero_plus_depr__c0p50__z1p00__lam0p020__nu0p50__psi0p75,hardzero_plus_depr,0.06,37,1041,0.0,2,0.1713274,0.1713274,1.0134774,0.0,0.096944354,0.0,0.0,1.0223014e-08,-27.255068,2.2296948,0.74323165,0.128,0.0,0.17238231,20.780285,20.800285,3334400
hardzero_plus_depr__c0p50__z1p00__lam0p020__nu0p50__psi0p75,hardzero_plus_depr,0.06,37,1042,0.0,2,0.1713274,0.1713274,0.9946291,0.10124438,0.10124438,1.0,1.0196128e-09,1.0070809e-08,-26.748829,2.1882277,0.7294092,0.112,0.0,0.15827866,20.800285,20.820286,3337600
hardzero_plus_depr__c0p50__z1p00__lam0p020__nu0p50__psi0p75,hardzero_plus_depr,0.06,37,1043,0.0,2,0.1713274,0.1713274,1.002748,0.0,0.09936923,0.0,0.0,9.920871e-09,-26.32805,2.2060897,0.73536325,0.23200001,0.0,0.1815369,20.820286,20.840286,3340800
hardzero_plus_depr__c0p50__z1p00__lam0p020__nu0p50__psi0p75,hardzero_plus_depr,0.06,37,1044,0.0,2,0.1713274,0.1713274,1.039316,0.0,0.09134483,0.0,0.0,9.773165e-09,-26.565084,2.286541,0.7621803,0.15200001,0.0,0.16288073,20.840286,20.860287,3344000
hardzero_plus_depr__c0p50__z1p00__lam0p020__nu0p50__psi0p75,hardzero_plus_depr,0.06,37,1045,0.0,2,0.1713274,0.1713274,0.98217523,0.104189694,0.104189694,1.0,1.0031028e-09,9.627659e-09,-26.696594,2.1608286,0.72027624,0.224,0.0,0.19138353,20.860287,20.880287,3347200
hardzero_plus_depr__c0p50__z1p00__lam0p020__nu0p50__psi0p75,hardzero_plus_depr,0.06,37,1046,0.0,2,0.1713274,0.1713274,1.0238159,0.0,0.09466383,0.0,0.0,9.484318e-09,-27.091173,2.25244,0.75081336,0.128,0.0,0.16382375,20.880287,20.900288,3350400
hardzero_plus_depr__c0p50__z1p00__lam0p020__nu0p50__psi0p75,hardzero_plus_depr,0.06,37,1047,0.0,2,0.1713274,0.1713274,1.0241807,0.0,0.094584376,0.0,0.0,9.343111e-09,-28.152424,2.2532425,0.7510809,0.16000001,0.0,0.1859399,20.900288,20.920288,3353600
hardzero_plus_depr__c0p50__z1p00__lam0p020__nu0p50__psi0p75,hardzero_plus_depr,0.06,37,1048,0.0,2,0.1713274,0.1713274,1.00646,0.0,0.098523535,0.0,0.0,9.204008e-09,-26.210539,2.214256,0.7380854,0.16000001,0.0,0.18223085,20.920288,20.940289,3356800
hardzero_plus_depr__c0p50__z1p00__lam0p020__nu0p50__psi0p75,hardzero_plus_depr,0.06,37,1049,0.0,2,0.1713274,0.1713274,1.0154642,0.0,0.096501894,0.0,0.0,9.066975e-09,-26.99952,2.2340658,0.74468863,0.16800001,0.0,0.20967084,20.940289,20.960289,3360000
hardzero_plus_depr__c0p50__z1p00__lam0p020__nu0p50__psi0p75,hardzero_plus_depr,0.06,37,1050,0.0,2,0.1713274,0.1713274,0.9798147,0.104757525,0.104757525,1.0,9.356923e-10,8.931982e-09,-26.300854,2.1556354,0.71854514,0.136,0.0,0.16845174,20.960289,20.98029,3363200
hardzero_plus_depr__c0p50__z1p00__lam0p020__nu0p50__psi0p75,hardzero_plus_depr,0.06,37,1051,0.0,2,0.1713274,0.1713274,0.98811215,0.10277509,0.10277509,1.0,9.04318e-10,8.799e-09,-26.482397,2.17389,0.72463006,0.16800001,0.0,0.16291897,20.98029,21.00029,3366400
hardzero_plus_depr__c0p50__z1p00__lam0p020__nu0p50__psi0p75,hardzero_plus_depr,0.06,37,1052,0.0,2,0.1713274,0.1713274,1.0193166,0.0,0.09564967,0.0,0.0,8.667996e-09,-28.25501,2.2425413,0.7475138,0.14400001,0.0,0.2156841,21.00029,21.02029,3369600
hardzero_plus_depr__c0p50__z1p00__lam0p020__nu0p50__psi0p75,hardzero_plus_depr,0.06,37,1053,0.0,2,0.1713274,0.1713274,0.98980594,0.10237504,0.10237504,1.0,8.741747e-10,8.538944e-09,-26.72643,2.1776166,0.7258722,0.25,0.01,0.17886074,21.02029,21.04029,3372800
hardzero_plus_depr__c0p50__z1p00__lam0p020__nu0p50__psi0p75,hardzero_plus_depr,0.06,37,1054,0.0,2,0.1713274,0.1713274,1.0059114,0.0,0.098648086,0.0,0.0,8.411813e-09,-26.630226,2.2130492,0.73768306,0.14400001,0.0,0.1807483,21.04029,21.060291,3376000
hardzero_plus_depr__c0p50__z1p00__lam0p020__nu0p50__psi0p75,hardzero_plus_depr,0.06,37,1055,0.0,2,0.1713274,0.1713274,1.0519695,0.0,0.08872183,0.0,0.0,8.286575e-09,-27.474255,2.3143792,0.77145976,0.120000005,0.0,0.18128161,21.060291,21.080292,3379200
hardzero_plus_depr__c0p50__z1p00__lam0p020__nu0p50__psi0p75,hardzero_plus_depr,0.06,37,1056,0.0,2,0.1713274,0.1713274,1.0018576,0.0,0.099573165,0.0,0.0,8.163201e-09,-26.778286,2.204131,0.73471034,0.16000001,0.0,0.19313812,21.080292,21.100292,3382400
hardzero_plus_depr__c0p50__z1p00__lam0p020__nu0p50__psi0p75,hardzero_plus_depr,0.06,37,1057,0.0,2,0.1713274,0.1713274,1.0353725,0.0,0.092178054,0.0,0.0,8.041663e-09,-26.92525,2.277865,0.7592883,0.136,0.0,0.18053958,21.100292,21.120293,3385600
hardzero_plus_depr__c0p50__z1p00__lam0p020__nu0p50__psi0p75,hardzero_plus_depr,0.06,37,1058,0.0,2,0.1713274,0.1713274,0.9525958,0.11153322,0.11153322,1.0,8.83559e-10,7.921936e-09,-25.686932,2.0957525,0.6985842,0.15200001,0.0,0.17630875,21.120293,21.140293,3388800
hardzero_plus_depr__c0p50__z1p00__lam0p020__nu0p50__psi0p75,hardzero_plus_depr,0.06,37,1059,0.0,2,0.1713274,0.1713274,1.0532963,0.0,0.08845119,0.0,0.0,7.803991e-09,-28.089762,2.3172982,0.77243274,0.104,0.0,0.18387024,21.140293,21.160294,3392000
hardzero_plus_depr__c0p50__z1p00__lam0p020__nu0p50__psi0p75,hardzero_plus_depr,0.06,37,1060,0.0,2,0.1713274,0.1713274,0.983703,0.10382381,0.10382381,1.0,7.9817697e-10,7.687802e-09,-26.207233,2.1641898,0.7213966,0.16000001,0.008,0.18098983,21.160294,21.180294,3395200
hardzero_plus_depr__c0p50__z1p00__lam0p020__nu0p50__psi0p75,hardzero_plus_depr,0.06,37,1061,0.0,2,0.1713274,0.1713274,1.0046544,0.0,0.098934,0.0,0.0,7.573343e-09,-27.031446,2.2102838,0.7367613,0.15200001,0.0,0.18430622,21.180294,21.200294,3398400
hardzero_plus_depr__c0p50__z1p00__lam0p020__nu0p50__psi0p75,hardzero_plus_depr,0.06,37,1062,0.0,2,0.1713274,0.1713274,1.0074445,0.0,0.09830045,0.0,0.0,7.460588e-09,-27.257862,2.216422,0.7388074,0.15200001,0.0,0.16942175,21.200294,21.220295,3401600
hardzero_plus_depr__c0p50__z1p00__lam0p020__nu0p50__psi0p75,hardzero_plus_depr,0.06,37,1063,0.0,2,0.1713274,0.1713274,1.0821793,0.0,0.08276003,0.0,0.0,7.349512e-09,-28.52941,2.380842,0.79361403,0.192,0.0,0.20030262,21.220295,21.240295,3404800
hardzero_plus_depr__c0p50__z1p00__lam0p020__nu0p50__psi0p75,hardzero_plus_depr,0.06,37,1064,0.0,2,0.1713274,0.1713274,0.9950343,0.10114997,0.10114997,1.0,7.323348e-10,7.2400894e-09,-26.603865,2.189119,0.7297064,0.17600001,0.0,0.16440222,21.240295,21.260296,3408000
hardzero_plus_depr__c0p50__z1p00__lam0p020__nu0p50__psi0p75,hardzero_plus_depr,0.06,37,1065,0.0,2,0.1713274,0.1713274,1.0029042,0.0,0.09933351,0.0,0.0,7.132296e-09,-27.155943,2.2064333,0.7354778,0.16800001,0.0,0.20661084,21.260296,21.280296,3411200
hardzero_plus_depr__c0p50__z1p00__lam0p020__nu0p50__psi0p75,hardzero_plus_depr,0.06,37,1066,0.0,2,0.1713274,0.1713274,1.0147289,0.0,0.096665405,0.0,0.0,7.0261077e-09,-26.2652,2.232448,0.7441494,0.14,0.0,0.16997302,21.280296,21.300297,3414400
hardzero_plus_depr__c0p50__z1p00__lam0p020__nu0p50__psi0p75,hardzero_plus_depr,0.06,37,1067,0.0,2,0.1713274,0.1713274,1.0560151,0.0,0.08789918,0.0,0.0,6.9215003e-09,-27.837025,2.3232796,0.7744266,0.136,0.0,0.16550288,21.300297,21.320297,3417600
hardzero_plus_depr__c0p50__z1p00__lam0p020__nu0p50__psi0p75,hardzero_plus_depr,0.06,37,1068,0.0,2,0.1713274,0.1713274,0.99063736,0.10217923,0.10217923,1.0,6.96704e-10,6.81845e-09,-26.846388,2.1794457,0.7264819,0.14400001,0.0,0.18442109,21.320297,21.340298,3420800
hardzero_plus_depr__c0p50__z1p00__lam0p020__nu0p50__psi0p75,hardzero_plus_depr,0.06,37,1069,0.0,2,0.1713274,0.1713274,1.0036137,0.0,0.09917137,0.0,0.0,6.7169412e-09,-26.953117,2.2079942,0.7359981,0.16000001,0.0,0.17044741,21.340298,21.360298,3424000
hardzero_plus_depr__c0p50__z1p00__lam0p020__nu0p50__psi0p75,hardzero_plus_depr,0.06,37,1070,0.0,2,0.1713274,0.1713274,1.0119331,0.0,0.097289704,0.0,0.0,6.6169297e-09,-27.281025,2.2262971,0.74209905,0.16000001,0.0,0.16790302,21.360298,21.380299,3427200
hardzero_plus_depr__c0p50__z1p00__lam0p020__nu0p50__psi0p75,hardzero_plus_depr,0.06,37,1071,0.0,2,0.1713274,0.1713274,1.0086542,0.0,0.09802702,0.0,0.0,6.518408e-09,-27.106766,2.2190835,0.73969454,0.14400001,0.0,0.17491175,21.380299,21.4003,3430400
hardzero_plus_depr__c0p50__z1p00__lam0p020__nu0p50__psi0p75,hardzero_plus_depr,0.06,37,1072,0.0,2,0.1713274,0.1713274,1.0184686,0.0,0.095836595,0.0,0.0,6.4213657e-09,-27.171972,2.2406757,0.7468919,0.128,0.0,0.16832787,21.4003,21.4203,3433600
hardzero_plus_depr__c0p50__z1p00__lam0p020__nu0p50__psi0p75,hardzero_plus_depr,0.06,37,1073,0.0,2,0.1713274,0.1713274,0.98866624,0.102644056,0.102644056,1.0,6.493025e-10,6.325768e-09,-26.312588,2.1751091,0.7250364,0.128,0.0,0.16716087,21.4203,21.4403,3436800
hardzero_plus_depr__c0p50__z1p00__lam0p020__nu0p50__psi0p75,hardzero_plus_depr,0.06,37,1074,0.0,2,0.1713274,0.1713274,1.0712502,0.0,0.08486913,0.0,0.0,6.2315815e-09,-28.491417,2.3567975,0.7855992,0.096,0.0,0.21503991,21.4403,21.4603,3440000
hardzero_plus_depr__c0p50__z1p00__lam0p020__nu0p50__psi0p75,hardzero_plus_depr,0.06,37,1075,0.0,2,0.1713274,0.1713274,1.0110824,0.0,0.09748046,0.0,0.0,6.138797e-09,-27.343407,2.2244258,0.7414753,0.14400001,0.0,0.1730722,21.4603,21.4803,3443200
hardzero_plus_depr__c0p50__z1p00__lam0p020__nu0p50__psi0p75,hardzero_plus_depr,0.06,37,1076,0.0,2,0.1713274,0.1713274,0.9855769,0.10337678,0.10337678,1.0,6.2516137e-10,6.047406e-09,-26.160088,2.1683125,0.72277087,0.16000001,0.0,0.18052177,21.4803,21.500301,3446400
hardzero_plus_depr__c0p50__z1p00__lam0p020__nu0p50__psi0p75,hardzero_plus_depr,0.06,37,1077,0.0,2,0.1713274,0.1713274,0.98671234,0.103106886,0.103106886,1.0,6.1424643e-10,5.9573755e-09,-26.642658,2.1708105,0.7236035,0.128,0.0,0.16042364,21.500301,21.520302,3449600
hardzero_plus_depr__c0p50__z1p00__lam0p020__nu0p50__psi0p75,hardzero_plus_depr,0.06,37,1078,0.0,2,0.1713274,0.1713274,0.99352443,0.10150222,0.10150222,1.0,5.9568345e-10,5.868674e-09,-26.456669,2.1857975,0.7285992,0.23200001,0.0,0.21558024,21.520302,21.540302,3452800
hardzero_plus_depr__c0p50__z1p00__lam0p020__nu0p50__psi0p75,hardzero_plus_depr,0.06,37,1079,0.0,2,0.1713274,0.1713274,0.9820995,0.10420787,0.10420787,1.0,6.024563e-10,5.7812937e-09,-26.362362,2.160662,0.7202207,0.16,0.0,0.1569976,21.540302,21.560303,3456000
hardzero_plus_depr__c0p50__z1p00__lam0p020__nu0p50__psi0p75,hardzero_plus_depr,0.06,37,1080,0.0,2,0.1713274,0.1713274,1.0098468,0.0,0.09775819,0.0,0.0,5.6952247e-09,-27.023193,2.2217073,0.7405691,0.16000001,0.0,0.18856713,21.560303,21.580303,3459200
hardzero_plus_depr__c0p50__z1p00__lam0p020__nu0p50__psi0p75,hardzero_plus_depr,0.06,37,1081,0.0,2,0.1713274,0.1713274,0.9842326,0.10369727,0.10369727,1.0,5.81787e-10,5.610437e-09,-26.894232,2.165355,0.721785,0.216,0.0,0.16060364,21.580303,21.600304,3462400
hardzero_plus_depr__c0p50__z1p00__lam0p020__nu0p50__psi0p75,hardzero_plus_depr,0.06,37,1082,0.0,2,0.1713274,0.1713274,1.0194854,0.0,0.09561248,0.0,0.0,5.5269016e-09,-27.010044,2.2429125,0.7476375,0.2,0.0,0.18829212,21.600304,21.620304,3465600
hardzero_plus_depr__c0p50__z1p00__lam0p020__nu0p50__psi0p75,hardzero_plus_depr,0.06,37,1083,0.0,2,0.1713274,0.1713274,1.0210254,0.0,0.09527404,0.0,0.0,5.4446097e-09,-27.66482,2.2463007,0.7487669,0.15200001,0.0,0.19675927,21.620304,21.640305,3468800
hardzero_plus_depr__c0p50__z1p00__lam0p020__nu0p50__psi0p75,hardzero_plus_depr,0.06,37,1084,0.0,2,0.1713274,0.1713274,0.96463436,0.10848398,0.10848398,1.0,5.8185956e-10,5.363553e-09,-25.453857,2.122238,0.70741266,0.208,0.0,0.17053078,21.640305,21.660305,3472000
hardzero_plus_depr__c0p50__z1p00__lam0p020__nu0p50__psi0p75,hardzero_plus_depr,0.06,37,1085,0.0,2,0.1713274,0.1713274,1.0490204,0.0,0.08932636,0.0,0.0,5.2837033e-09,-27.778336,2.307891,0.769297,0.192,0.0,0.18512072,21.660305,21.680305,3475200
hardzero_plus_depr__c0p50__z1p00__lam0p020__nu0p50__psi0p75,hardzero_plus_depr,0.06,37,1086,0.0,2,0.1713274,0.1713274,1.0383444,0.0,0.09154943,0.0,0.0,5.2050333e-09,-27.421127,2.2844033,0.7614678,0.15200001,0.0,0.17980474,21.680305,21.700306,3478400
hardzero_plus_depr__c0p50__z1p00__lam0p020__nu0p50__psi0p75,hardzero_plus_depr,0.06,37,1087,0.0,2,0.1713274,0.1713274,1.013992,0.0,0.09682957,0.0,0.0,5.1275335e-09,-26.822826,2.2308269,0.74360895,0.112,0.0,0.17939748,21.700306,21.720306,3481600
hardzero_plus_depr__c0p50__z1p00__lam0p020__nu0p50__psi0p75,hardzero_plus_depr,0.06,37,1088,0.0,2,0.1713274,0.1713274,1.0274934,0.0,0.093865626,0.0,0.0,5.0511972e-09,-27.410608,2.2605305,0.7535102,0.15200001,0.0,0.17933741,21.720306,21.740307,3484800
hardzero_plus_depr__c0p50__z1p00__lam0p020__nu0p50__psi0p75,hardzero_plus_depr,0.06,37,1089,0.0,2,0.1713274,0.1713274,1.03118,0.0,0.09307219,0.0,0.0,4.9759974e-09,-27.421316,2.2686415,0.75621384,0.15200001,0.0,0.17805775,21.740307,21.760307,3488000
hardzero_plus_depr__c0p50__z1p00__lam0p020__nu0p50__psi0p75,hardzero_plus_depr,0.06,37,1090,0.0,2,0.1713274,0.1713274,0.960214,0.10959381,0.10959381,1.0,5.372188e-10,4.9019087e-09,-26.587265,2.112513,0.70417106,0.136,0.0,0.16691007,21.760307,21.780308,3491200
hardzero_plus_depr__c0p50__z1p00__lam0p020__nu0p50__psi0p75,hardzero_plus_depr,0.06,37,1091,0.0,2,0.1713274,0.1713274,0.98790383,0.102824405,0.102824405,1.0,4.965311e-10,4.8289226e-09,-26.30288,2.1734319,0.7244773,0.16000001,0.0,0.16281429,21.780308,21.800308,3494400
hardzero_plus_depr__c0p50__z1p00__lam0p020__nu0p50__psi0p75,hardzero_plus_depr,0.06,37,1092,0.0,2,0.1713274,0.1713274,1.0504137,0.0,0.08904022,0.0,0.0,4.7570317e-09,-27.782616,2.3109562,0.77031875,0.12,0.0,0.15564252,21.800308,21.820309,3497600
hardzero_plus_depr__c0p50__z1p00__lam0p020__nu0p50__psi0p75,hardzero_plus_depr,0.06,37,1093,0.0,2,0.1713274,0.1713274,0.9988728,0.10025988,0.10025988,1.0,4.69839e-10,4.6862114e-09,-27.139267,2.1975641,0.7325214,0.128,0.0,0.17301063,21.820309,21.84031,3500800
hardzero_plus_depr__c0p50__z1p00__lam0p020__nu0p50__psi0p75,hardzero_plus_depr,0.06,37,1094,0.0,2,0.1713274,0.1713274,1.0130314,0.0,0.097043976,0.0,0.0,4.6164375e-09,-27.696632,2.2287135,0.74290454,0.120000005,0.0,0.21245788,21.84031,21.86031,3504000
hardzero_plus_depr__c0p50__z1p00__lam0p020__nu0p50__psi0p75,hardzero_plus_depr,0.06,37,1095,0.0,2,0.1713274,0.1713274,0.9728694,0.106446296,0.106446296,1.0,4.8408594e-10,4.5477013e-09,-26.364222,2.1403553,0.7134518,0.18400002,0.0,0.16442974,21.86031,21.88031,3507200
hardzero_plus_depr__c0p50__z1p00__lam0p020__nu0p50__psi0p75,hardzero_plus_depr,0.06,37,1096,0.0,2,0.1713274,0.1713274,1.020102,0.0,0.09547683,0.0,0.0,4.4799977e-09,-27.231987,2.2442694,0.7480898,0.18400002,0.0,0.18463899,21.88031,21.90031,3510400
hardzero_plus_depr__c0p50__z1p00__lam0p020__nu0p50__psi0p75,hardzero_plus_depr,0.06,37,1097,0.0,2,0.1713274,0.1713274,1.0124848,0.0,0.097166196,0.0,0.0,4.413302e-09,-26.861904,2.227511,0.74250364,0.17600001,0.0,0.17072405,21.90031,21.920311,3513600
hardzero_plus_depr__c0p50__z1p00__lam0p020__nu0p50__psi0p75,hardzero_plus_depr,0.06,37,1098,0.0,2,0.1713274,0.1713274,1.0123911,0.0,0.09718716,0.0,0.0,4.3475907e-09,-27.074862,2.227305,0.742435,0.16800001,0.0,0.21041575,21.920311,21.940311,3516800
hardzero_plus_depr__c0p50__z1p00__lam0p020__nu0p50__psi0p75,hardzero_plus_depr,0.06,37,1099,0.0,2,0.1713274,0.1713274,1.1152518,0.0,0.07669167,0.0,0.0,4.282858e-09,-28.670383,2.453603,0.8178677,0.08800001,0.0,0.17153144,21.940311,21.960312,3520000
hardzero_plus_depr__c0p50__z1p00__lam0p020__nu0p50__psi0p75,hardzero_plus_depr,0.06,37,1100,0.0,2,0.1713274,0.1713274,1.0357813,0.0,0.09209133,0.0,0.0,4.2190975e-09,-26.921606,2.2787642,0.7595881,0.112,0.0,0.18263747,21.960312,21.980312,3523200
hardzero_plus_depr__c0p50__z1p00__lam0p020__nu0p50__psi0p75,hardzero_plus_depr,0.06,37,1101,0.0,2,0.1713274,0.1713274,0.994558,0.10126096,0.10126096,1.0,4.2086945e-10,4.1562855e-09,-26.642162,2.1880713,0.7293571,0.24000001,0.0,0.16843556,21.980312,22.000313,3526400
hardzero_plus_depr__c0p50__z1p00__lam0p020__nu0p50__psi0p75,hardzero_plus_depr,0.06,37,1102,0.0,2,0.1713274,0.1713274,1.0037316,0.0,0.099144444,0.0,0.0,4.0944013e-09,-26.810276,2.2082536,0.7360846,0.16000001,0.0,0.19483045,22.000313,22.020313,3529600
hardzero_plus_depr__c0p50__z1p00__lam0p020__nu0p50__psi0p75,hardzero_plus_depr,0.06,37,1103,0.0,2,0.1713274,0.1713274,0.9839907,0.10375504,0.10375504,1.0,4.1848952e-10,4.033438e-09,-26.112604,2.1648228,0.7216076,0.216,0.0,0.15685019,22.020313,22.040314,3532800
hardzero_plus_depr__c0p50__z1p00__lam0p020__nu0p50__psi0p75,hardzero_plus_depr,0.06,37,1104,0.0,2,0.1713274,0.1713274,1.0463443,0.0,0.089878485,0.0,0.0,3.9733905e-09,-28.60412,2.3020034,0.76733446,0.120000005,0.0,0.1948848,22.040314,22.060314,3536000
hardzero_plus_depr__c0p50__z1p00__lam0p020__nu0p50__psi0p75,hardzero_plus_depr,0.06,37,1105,0.0,2,0.1713274,0.1713274,1.0675857,0.0,0.08558828,0.0,0.0,3.914237e-09,-28.198717,2.3487356,0.7829119,0.17,0.0,0.20111184,22.060314,22.080315,3539200
hardzero_plus_depr__c0p50__z1p00__lam0p020__nu0p50__psi0p75,hardzero_plus_depr,0.06,37,1106,0.0,2,0.1713274,0.1713274,0.9760872,0.105660535,0.105660535,1.0,4.0742243e-10,3.8559564e-09,-26.807566,2.1474347,0.7158116,0.15200001,0.0,0.16916868,22.080315,22.100315,3542400
hardzero_plus_depr__c0p50__z1p00__lam0p020__nu0p50__psi0p75,hardzero_plus_depr,0.06,37,1107,0.0,2,0.1713274,0.1713274,1.0468742,0.0,0.08976887,0.0,0.0,3.798544e-09,-28.026684,2.3031693,0.7677231,0.096,0.0,0.17478469,22.100315,22.120316,3545600
hardzero_plus_depr__c0p50__z1p00__lam0p020__nu0p50__psi0p75,hardzero_plus_depr,0.06,37,1108,0.0,2,0.1713274,0.1713274,1.0063607,0.0,0.098546065,0.0,0.0,3.7419934e-09,-27.484297,2.2140377,0.73801255,0.17600001,0.0,0.17586787,22.120316,22.140316,3548800
hardzero_plus_depr__c0p50__z1p00__lam0p020__nu0p50__psi0p75,hardzero_plus_depr,0.06,37,1109,0.0,2,0.1713274,0.1713274,0.98607606,0.10325806,0.10325806,1.0,3.8063855e-10,3.6862842e-09,-26.886204,2.1694107,0.7231369,0.224,0.0,0.18211018,22.140316,22.160316,3552000
hardzero_plus_depr__c0p50__z1p00__lam0p020__nu0p50__psi0p75,hardzero_plus_depr,0.06,37,1110,0.0,2,0.1713274,0.1713274,0.9385794,0.115191534,0.115191534,1.0,4.1830628e-10,3.6313978e-09,-25.742943,2.064916,0.6883053,0.208,0.0,0.16233487,22.160316,22.180317,3555200
hardzero_plus_depr__c0p50__z1p00__lam0p020__nu0p50__psi0p75,hardzero_plus_depr,0.06,37,1111,0.0,2,0.1713274,0.1713274,1.0180014,0.0,0.09593975,0.0,0.0,3.577329e-09,-27.878477,2.2396479,0.7465493,0.14400001,0.0,0.17734371,22.180317,22.200317,3558400
hardzero_plus_depr__c0p50__z1p00__lam0p020__nu0p50__psi0p75,hardzero_plus_depr,0.06,37,1112,0.0,2,0.1713274,0.1713274,1.0157608,0.0,0.096435994,0.0,0.0,3.524072e-09,-26.79886,2.2347183,0.7449061,0.16000001,0.0,0.19835636,22.200317,22.220318,3561600
hardzero_plus_depr__c0p50__z1p00__lam0p020__nu0p50__psi0p75,hardzero_plus_depr,0.06,37,1113,0.0,2,0.1713274,0.1713274,0.9666366,0.10798499,0.10798499,1.0,3.748815e-10,3.4716074e-09,-27.090338,2.126643,0.708881,0.192,0.0,0.20027502,22.220318,22.240318,3564800
hardzero_plus_depr__c0p50__z1p00__lam0p020__nu0p50__psi0p75,hardzero_plus_depr,0.06,37,1114,0.0,2,0.1713274,0.1713274,1.0458608,0.0,0.08997861,0.0,0.0,3.4199172e-09,-27.932537,2.3009396,0.7669799,0.120000005,0.0,0.19004461,22.240318,22.260319,3568000
hardzero_plus_depr__c0p50__z1p00__lam0p020__nu0p50__psi0p75,hardzero_plus_depr,0.06,37,1115,0.0,2,0.1713274,0.1713274,1.0844334,0.0,0.082331605,0.0,0.0,3.3689969e-09,-28.624964,2.3858013,0.7952671,0.15200001,0.0,0.18974419,22.260319,22.28032,3571200
hardzero_plus_depr__c0p50__z1p00__lam0p020__nu0p50__psi0p75,hardzero_plus_depr,0.06,37,1116,0.0,2,0.1713274,0.1713274,1.0401337,0.0,0.09117301,0.0,0.0,3.3188414e-09,-27.217133,2.2883399,0.76277995,0.15200001,0.0,0.15240183,22.28032,22.30032,3574400
hardzero_plus_depr__c0p50__z1p00__lam0p020__nu0p50__psi0p75,hardzero_plus_depr,0.06,37,1117,0.0,2,0.1713274,0.1713274,1.0278428,0.0,0.09379015,0.0,0.0,3.2694323e-09,-27.634243,2.2612991,0.7537664,0.14400001,0.0,0.19154418,22.30032,22.32032,3577600
hardzero_plus_depr__c0p50__z1p00__lam0p020__nu0p50__psi0p75,hardzero_plus_depr,0.06,37,1118,0.0,2,0.1713274,0.1713274,0.97984636,0.10474991,0.10474991,1.0,3.3737355e-10,3.2207526e-09,-27.338102,2.155705,0.7185683,0.14999999,0.0,0.18629448,22.32032,22.34032,3580800
hardzero_plus_depr__c0p50__z1p00__lam0p020__nu0p50__psi0p75,hardzero_plus_depr,0.06,37,1119,0.0,2,0.1713274,0.1713274,1.0874403,0.0,0.08176356,0.0,0.0,3.1727976e-09,-28.435413,2.3924162,0.7974721,0.14400001,0.0,0.2133802,22.34032,22.360321,3584000
hardzero_plus_depr__c0p50__z1p00__lam0p020__nu0p50__psi0p75,hardzero_plus_depr,0.06,37,1120,0.0,2,0.1713274,0.1713274,0.97959554,0.10481041,0.10481041,1.0,3.2759154e-10,3.125563e-09,-26.348806,2.1551533,0.71838444,0.16800001,0.0,0.1727775,22.360321,22.380322,3587200
hardzero_plus_depr__c0p50__z1p00__lam0p020__nu0p50__psi0p75,hardzero_plus_depr,0.06,37,1121,0.0,2,0.1713274,0.1713274,0.9921684,0.10181963,0.10181963,1.0,3.135058e-10,3.079031e-09,-27.556349,2.1828141,0.72760475,0.136,0.0,0.19671288,22.380322,22.400322,3590400
hardzero_plus_depr__c0p50__z1p00__lam0p020__nu0p50__psi0p75,hardzero_plus_depr,0.06,37,1122,0.0,2,0.1713274,0.1713274,1.0170174,0.0,0.096157394,0.0,0.0,3.0331864e-09,-27.151754,2.2374828,0.7458276,0.15200001,0.0,0.16120139,22.400322,22.420322,3593600
hardzero_plus_depr__c0p50__z1p00__lam0p020__nu0p50__psi0p75,hardzero_plus_depr,0.06,37,1123,0.0,2,0.1713274,0.1713274,0.9930097,0.10162261,0.10162261,1.0,3.0365083e-10,2.9880243e-09,-27.090044,2.184665,0.72822165,0.2,0.0,0.18914798,22.420322,22.440323,3596800
hardzero_plus_depr__c0p50__z1p00__lam0p020__nu0p50__psi0p75,hardzero_plus_depr,0.06,37,1124,0.0,2,0.1713274,0.1713274,1.0400474,0.0,0.09119111,0.0,0.0,2.9435399e-09,-27.309383,2.28815,0.7627167,0.18400002,0.0,0.21023421,22.440323,22.460323,3600000
hardzero_plus_depr__c0p50__z1p00__lam0p020__nu0p50__psi0p75,hardzero_plus_depr,0.06,37,1125,0.0,2,0.1713274,0.1713274,0.968604,0.107496895,0.107496895,1.0,3.117107e-10,2.8997182e-09,-26.149986,2.1309714,0.7103238,0.16000001,0.0,0.18792412,22.460323,22.480324,3603200
hardzero_plus_depr__c0p50__z1p00__lam0p020__nu0p50__psi0p75,hardzero_plus_depr,0.06,37,1126,0.0,2,0.1713274,0.1713274,0.9890664,0.102549516,0.102549516,1.0,2.9293715e-10,2.8565434e-09,-26.830347,2.1759896,0.7253299,0.14400001,0.0,0.1757806,22.480324,22.500324,3606400
hardzero_plus_depr__c0p50__z1p00__lam0p020__nu0p50__psi0p75,hardzero_plus_depr,0.06,37,1127,0.0,2,0.1713274,0.1713274,1.00527,0.0,0.09879388,0.0,0.0,2.8140115e-09,-27.422647,2.2116382,0.7372128,0.17600001,0.0,0.19697623,22.500324,22.520325,3609600
hardzero_plus_depr__c0p50__z1p00__lam0p020__nu0p50__psi0p75,hardzero_plus_depr,0.06,37,1128,0.0,2,0.1713274,0.1713274,1.0680157,0.0,0.08550358,0.0,0.0,2.7721179e-09,-28.00629,2.3496814,0.78322715,0.14400001,0.0,0.16944869,22.520325,22.540325,3612800
hardzero_plus_depr__c0p50__z1p00__lam0p020__nu0p50__psi0p75,hardzero_plus_depr,0.06,37,1129,0.0,2,0.1713274,0.1713274,0.98452175,0.10362827,0.10362827,1.0,2.8299307e-10,2.7308482e-09,-26.93607,2.165991,0.721997,0.14400001,0.0,0.18864559,22.540325,22.560326,3616000
hardzero_plus_depr__c0p50__z1p00__lam0p020__nu0p50__psi0p75,hardzero_plus_depr,0.06,37,1130,0.0,2,0.1713274,0.1713274,1.0325952,0.0,0.09276941,0.0,0.0,2.6901876e-09,-27.720575,2.2717547,0.7572516,0.17600001,0.0,0.18076847,22.560326,22.580326,3619200
hardzero_plus_depr__c0p50__z1p00__lam0p020__nu0p50__psi0p75,hardzero_plus_depr,0.06,37,1131,0.0,2,0.1713274,0.1713274,1.0145495,0.0,0.096705355,0.0,0.0,2.6501323e-09,-26.900114,2.2320535,0.74401784,0.13,0.0,0.17466725,22.580326,22.600327,3622400
hardzero_plus_depr__c0p50__z1p00__lam0p020__nu0p50__psi0p75,hardzero_plus_depr,0.06,37,1132,0.0,2,0.1713274,0.1713274,0.9784078,0.10509745,0.10509745,1.0,2.743757e-10,2.6106788e-09,-26.118448,2.1525402,0.71751344,0.16800001,0.0,0.18222229,22.600327,22.620327,3625600
hardzero_plus_depr__c0p50__z1p00__lam0p020__nu0p50__psi0p75,hardzero_plus_depr,0.06,37,1133,0.0,2,0.1713274,0.1713274,1.0175937,0.0,0.09602985,0.0,0.0,2.5718123e-09,-27.557861,2.238751,0.74625033,0.136,0.0,0.18459737,22.620327,22.640327,3628800
hardzero_plus_depr__c0p50__z1p00__lam0p020__nu0p50__psi0p75,hardzero_plus_depr,0.06,37,1134,0.0,2,0.1713274,0.1713274,0.9845886,0.10361231,0.10361231,1.0,2.6250382e-10,2.5335196e-09,-26.297512,2.1661382,0.7220461,0.224,0.0,0.18273538,22.640327,22.660328,3632000
hardzero_plus_depr__c0p50__z1p00__lam0p020__nu0p50__psi0p75,hardzero_plus_depr,0.06,37,1135,0.0,2,0.1713274,0.1713274,0.970904,0.10692912,0.10692912,1.0,2.668734e-10,2.4957971e-09,-26.752619,2.1360314,0.7120105,0.208,0.008,0.17959264,22.660328,22.680328,3635200
hardzero_plus_depr__c0p50__z1p00__lam0p020__nu0p50__psi0p75,hardzero_plus_depr,0.06,37,1136,0.0,2,0.1713274,0.1713274,1.0057806,0.0,0.0986778,0.0,0.0,2.458641e-09,-27.017363,2.2127614,0.73758715,0.208,0.0,0.16640122,22.680328,22.700329,3638400
hardzero_plus_depr__c0p50__z1p00__lam0p020__nu0p50__psi0p75,hardzero_plus_depr,0.06,37,1137,0.0,2,0.1713274,0.1713274,0.99341923,0.10152681,0.10152681,1.0,2.459018e-10,2.4220381e-09,-27.056202,2.185566,0.728522,0.120000005,0.0,0.19045363,22.700329,22.72033,3641600
hardzero_plus_depr__c0p50__z1p00__lam0p020__nu0p50__psi0p75,hardzero_plus_depr,0.06,37,1138,0.0,2,0.1713274,0.1713274,1.0359129,0.0,0.092063434,0.0,0.0,2.3859756e-09,-27.066427,2.279054,0.7596847,0.128,0.0,0.19234982,22.72033,22.74033,3644800
hardzero_plus_depr__c0p50__z1p00__lam0p020__nu0p50__psi0p75,hardzero_plus_depr,0.06,37,1139,0.0,2,0.1713274,0.1713274,1.0131531,0.0,0.09701679,0.0,0.0,2.35045e-09,-26.669386,2.2289813,0.7429938,0.2,0.0,0.1693173,22.74033,22.76033,3648000
hardzero_plus_depr__c0p50__z1p00__lam0p020__nu0p50__psi0p75,hardzero_plus_depr,0.06,37,1140,0.0,2,0.1713274,0.1713274,1.0245572,0.0,0.09450239,0.0,0.0,2.315458e-09,-27.663246,2.254071,0.751357,0.15200001,0.0,0.16500914,22.76033,22.78033,3651200
hardzero_plus_depr__c0p50__z1p00__lam0p020__nu0p50__psi0p75,hardzero_plus_depr,0.06,37,1141,0.0,2,0.1713274,0.1713274,1.0884799,0.0,0.081568055,0.0,0.0,2.2809867e-09,-27.976591,2.3947036,0.7982346,0.112,0.0,0.19151098,22.78033,22.800331,3654400
hardzero_plus_depr__c0p50__z1p00__lam0p020__nu0p50__psi0p75,hardzero_plus_depr,0.06,37,1142,0.0,2,0.1713274,0.1713274,1.0612601,0.0,0.08684402,0.0,0.0,2.2470243e-09,-28.309647,2.3348188,0.778273,0.16000001,0.008,0.22656627,22.800331,22.820332,3657600
hardzero_plus_depr__c0p50__z1p00__lam0p020__nu0p50__psi0p75,hardzero_plus_depr,0.06,37,1143,0.0,2,0.1713274,0.1713274,1.0617888,0.0,0.08673836,0.0,0.0,2.2135676e-09,-27.598005,2.335982,0.7786607,0.08800001,0.0,0.21940191,22.820332,22.840332,3660800
hardzero_plus_depr__c0p50__z1p00__lam0p020__nu0p50__psi0p75,hardzero_plus_depr,0.06,37,1144,0.0,2,0.1713274,0.1713274,0.95616436,0.11062049,0.11062049,1.0,2.4122052e-10,2.1806132e-09,-25.480146,2.1036036,0.7012012,0.16,0.0,0.15725651,22.840332,22.860332,3664000
hardzero_plus_depr__c0p50__z1p00__lam0p020__nu0p50__psi0p75,hardzero_plus_depr,0.06,37,1145,0.0,2,0.1713274,0.1713274,1.0157436,0.0,0.09643981,0.0,0.0,2.1481494e-09,-27.097801,2.2346807,0.74489355,0.136,0.0,0.15584026,22.860332,22.880333,3667200
hardzero_plus_depr__c0p50__z1p00__lam0p020__nu0p50__psi0p75,hardzero_plus_depr,0.06,37,1146,0.0,2,0.1713274,0.1713274,1.0406516,0.0,0.09106436,0.0,0.0,2.1161648e-09,-27.56513,2.289479,0.7631597,0.16800001,0.0,0.22157837,22.880333,22.900333,3670400
hardzero_plus_depr__c0p50__z1p00__lam0p020__nu0p50__psi0p75,hardzero_plus_depr,0.06,37,1147,0.0,2,0.1713274,0.1713274,1.0554856,0.0,0.088006414,0.0,0.0,2.0846567e-09,-28.377386,2.3221147,0.77403826,0.096,0.0,0.16942975,22.900333,22.920334,3673600
hardzero_plus_depr__c0p50__z1p00__lam0p020__nu0p50__psi0p75,hardzero_plus_depr,0.06,37,1148,0.0,2,0.1713274,0.1713274,1.0418376,0.0,0.09081601,0.0,0.0,2.0536215e-09,-27.20211,2.2920885,0.7640295,0.15200001,0.0,0.18376783,22.920334,22.940334,3676800
hardzero_plus_depr__c0p50__z1p00__lam0p020__nu0p50__psi0p75,hardzero_plus_depr,0.06,37,1149,0.0,2,0.1713274,0.1713274,0.9758084,0.10572838,0.10572838,1.0,2.1389358e-10,2.023048e-09,-26.107634,2.1468213,0.7156071,0.14400001,0.008,0.1721434,22.940334,22.960335,3680000
hardzero_plus_depr__c0p50__z1p00__lam0p020__nu0p50__psi0p75,hardzero_plus_depr,0.06,37,1150,0.0,2,0.1713274,0.1713274,1.0343354,0.0,0.09239844,0.0,0.0,1.992926e-09,-27.363373,2.2755833,0.75852776,0.112,0.0,0.1759328,22.960335,22.980335,3683200
hardzero_plus_depr__c0p50__z1p00__lam0p020__nu0p50__psi0p75,hardzero_plus_depr,0.06,37,1151,0.0,2,0.1713274,0.1713274,1.0544925,0.0,0.088207915,0.0,0.0,1.9632527e-09,-27.942034,2.3199298,0.77330995,0.112,0.0,0.18790637,22.980335,23.000336,3686400
hardzero_plus_depr__c0p50__z1p00__lam0p020__nu0p50__psi0p75,hardzero_plus_depr,0.06,37,1152,0.0,2,0.1713274,0.1713274,1.0503758,0.0,0.08904799,0.0,0.0,1.934025e-09,-28.498178,2.310873,0.77029103,0.128,0.0,0.21059449,23.000336,23.020336,3689600
hardzero_plus_depr__c0p50__z1p00__lam0p020__nu0p50__psi0p75,hardzero_plus_depr,0.06,37,1153,0.0,2,0.1713274,0.1713274,0.9388285,0.11512548,0.11512548,1.0,2.1934077e-10,1.9052322e-09,-25.572756,2.065464,0.688488,0.15200001,0.0,0.15607244,23.020336,23.040337,3692800
hardzero_plus_depr__c0p50__z1p00__lam0p020__nu0p50__psi0p75,hardzero_plus_depr,0.06,37,1154,0.0,2,0.1713274,0.1713274,1.0148864,0.0,0.09663036,0.0,0.0,1.8768647e-09,-27.314585,2.2327945,0.74426484,0.120000005,0.0,0.17424388,23.040337,23.060337,3696000
hardzero_plus_depr__c0p50__z1p00__lam0p020__nu0p50__psi0p75,hardzero_plus_depr,0.06,37,1155,0.0,2,0.1713274,0.1713274,1.034982,0.0,0.092260964,0.0,0.0,1.8489192e-09,-27.998539,2.277006,0.759002,0.08800001,0.0,0.19781739,23.060337,23.080338,3699200
hardzero_plus_depr__c0p50__z1p00__lam0p020__nu0p50__psi0p75,hardzero_plus_depr,0.06,37,1156,0.0,2,0.1713274,0.1713274,0.9943903,0.10130005,0.10130005,1.0,1.8450727e-10,1.8213936e-09,-27.437086,2.1877024,0.72923416,0.16000001,0.0,0.1693866,23.080338,23.100338,3702400
hardzero_plus_depr__c0p50__z1p00__lam0p020__nu0p50__psi0p75,hardzero_plus_depr,0.06,37,1157,0.0,2,0.1713274,0.1713274,0.97253126,0.10652921,0.10652921,1.0,1.9114299e-10,1.7942777e-09,-26.819208,2.1396115,0.71320385,0.19,0.0,0.18031466,23.100338,23.120338,3705600
hardzero_plus_depr__c0p50__z1p00__lam0p020__nu0p50__psi0p75,hardzero_plus_depr,0.06,37,1158,0.0,2,0.1713274,0.1713274,0.9516315,0.11178114,0.11178114,1.0,1.9758012e-10,1.7675622e-09,-26.262161,2.093631,0.69787705,0.17600001,0.0,0.14742868,23.120338,23.140339,3708800
hardzero_plus_depr__c0p50__z1p00__lam0p020__nu0p50__psi0p75,hardzero_plus_depr,0.06,37,1159,0.0,2,0.1713274,0.1713274,1.0570846,0.0,0.08768301,0.0,0.0,1.7412443e-09,-27.104195,2.3256326,0.77521086,0.15200001,0.0,0.19596645,23.140339,23.16034,3712000
hardzero_plus_depr__c0p50__z1p00__lam0p020__nu0p50__psi0p75,hardzero_plus_depr,0.06,37,1160,0.0,2,0.1713274,0.1713274,1.0596595,0.0,0.08716467,0.0,0.0,1.7153216e-09,-27.348352,2.3312974,0.77709913,0.128,0.0,0.17332321,23.16034,23.18034,3715200
hardzero_plus_depr__c0p50__z1p00__lam0p020__nu0p50__psi0p75,hardzero_plus_depr,0.06,37,1161,0.0,2,0.1713274,0.1713274,0.98273426,0.104055665,0.104055665,1.0,1.7583168e-10,1.6897848e-09,-26.377815,2.1620586,0.7206862,0.192,0.0,0.17030883,23.18034,23.20034,3718400
hardzero_plus_depr__c0p50__z1p00__lam0p020__nu0p50__psi0p75,hardzero_plus_depr,0.06,37,1162,0.0,2,0.1713274,0.1713274,1.0167575,0.0,0.09621495,0.0,0.0,1.664625e-09,-27.644228,2.236911,0.74563706,0.15200001,0.0,0.17868538,23.20034,23.22034,3721600
hardzero_plus_depr__c0p50__z1p00__lam0p020__nu0p50__psi0p75,hardzero_plus_depr,0.06,37,1163,0.0,2,0.1713274,0.1713274,1.0188025,0.0,0.09576294,0.0,0.0,1.6398398e-09,-27.677729,2.2414103,0.7471368,0.14400001,0.0,0.18998528,23.22034,23.240341,3724800
hardzero_plus_depr__c0p50__z1p00__lam0p020__nu0p50__psi0p75,hardzero_plus_depr,0.06,37,1164,0.0,2,0.1713274,0.1713274,1.0713071,0.0,0.08485802,0.0,0.0,1.6154269e-09,-27.21377,2.3569226,0.7856409,0.2,0.0,0.21194255,23.240341,23.260342,3728000
hardzero_plus_depr__c0p50__z1p00__lam0p020__nu0p50__psi0p75,hardzero_plus_depr,0.06,37,1165,0.0,2,0.1713274,0.1713274,1.0153334,0.0,0.09653095,0.0,0.0,1.5913773e-09,-27.433361,2.233778,0.74459267,0.18400002,0.0,0.19850886,23.260342,23.280342,3731200
hardzero_plus_depr__c0p50__z1p00__lam0p020__nu0p50__psi0p75,hardzero_plus_depr,0.06,37,1166,0.0,2,0.1713274,0.1713274,1.0002297,0.0,0.09994711,0.0,0.0,1.5676825e-09,-27.609407,2.2005494,0.73351645,0.2,0.008,0.17802626,23.280342,23.300343,3734400
hardzero_plus_depr__c0p50__z1p00__lam0p020__nu0p50__psi0p75,hardzero_plus_depr,0.06,37,1167,0.0,2,0.1713274,0.1713274,0.9353237,0.11605832,0.11605832,1.0,1.7923361e-10,1.5443409e-09,-25.927454,2.0577533,0.6859178,0.24000001,0.0,0.16138087,23.300343,23.320343,3737600
hardzero_plus_depr__c0p50__z1p00__lam0p020__nu0p50__psi0p75,hardzero_plus_depr,0.06,37,1168,0.0,2,0.1713274,0.1713274,1.0651199,0.0,0.08607561,0.0,0.0,1.5213496e-09,-28.873596,2.3433106,0.78110355,0.18400002,0.0,0.20723243,23.320343,23.340343,3740800
hardzero_plus_depr__c0p50__z1p00__lam0p020__nu0p50__psi0p75,hardzero_plus_depr,0.06,37,1169,0.0,2,0.1713274,0.1713274,0.92330575,0.11931477,0.11931477,1.0,1.788171e-10,1.4987005e-09,-25.622927,2.0313132,0.6771044,0.16800001,0.0,0.16848752,23.340343,23.360344,3744000
hardzero_plus_depr__c0p50__z1p00__lam0p020__nu0p50__psi0p75,hardzero_plus_depr,0.06,37,1170,0.0,2,0.1713274,0.1713274,0.9805484,0.10458072,0.10458072,1.0,1.5440149e-10,1.4763858e-09,-26.550669,2.1572495,0.7190832,0.14999999,0.0,0.1814928,23.360344,23.380344,3747200
hardzero_plus_depr__c0p50__z1p00__lam0p020__nu0p50__psi0p75,hardzero_plus_depr,0.06,37,1171,0.0,2,0.1713274,0.1713274,1.0207598,0.0,0.09533232,0.0,0.0,1.4544036e-09,-27.486914,2.2457163,0.7485721,0.192,0.0,0.23826997,23.380344,23.400345,3750400
hardzero_plus_depr__c0p50__z1p00__lam0p020__nu0p50__psi0p75,hardzero_plus_depr,0.06,37,1172,0.0,2,0.1713274,0.1713274,1.0111759,0.0,0.09745948,0.0,0.0,1.4327511e-09,-27.76318,2.2246313,0.74154377,0.16000001,0.0,0.19235754,23.400345,23.420345,3753600
hardzero_plus_depr__c0p50__z1p00__lam0p020__nu0p50__psi0p75,hardzero_plus_depr,0.06,37,1173,0.0,2,0.1713274,0.1713274,0.9806141,0.10456489,0.10456489,1.0,1.4758508e-10,1.411421e-09,-26.373617,2.1573942,0.7191314,0.112,0.0,0.1696653,23.420345,23.440346,3756800
hardzero_plus_depr__c0p50__z1p00__lam0p020__nu0p50__psi0p75,hardzero_plus_depr,0.06,37,1174,0.0,2,0.1713274,0.1713274,1.0358844,0.0,0.09206946,0.0,0.0,1.390406e-09,-28.079088,2.2789912,0.75966376,0.16800001,0.0,0.19574673,23.440346,23.460346,3760000
hardzero_plus_depr__c0p50__z1p00__lam0p020__nu0p50__psi0p75,hardzero_plus_depr,0.06,37,1175,0.0,2,0.1713274,0.1713274,0.9923931,0.101766996,0.101766996,1.0,1.3939064e-10,1.3697038e-09,-26.815065,2.1833084,0.7277695,0.16000001,0.0,0.17856917,23.460346,23.480347,3763200
hardzero_plus_depr__c0p50__z1p00__lam0p020__nu0p50__psi0p75,hardzero_plus_depr,0.06,37,1176,0.0,2,0.1713274,0.1713274,0.9402968,0.11473692,0.11473692,1.0,1.5481594e-10,1.3493123e-09,-25.064787,2.0686944,0.6895648,0.17600001,0.0,0.16649354,23.480347,23.500347,3766400
hardzero_plus_depr__c0p50__z1p00__lam0p020__nu0p50__psi0p75,hardzero_plus_depr,0.06,37,1177,0.0,2,0.1713274,0.1713274,0.99602693,0.10091903,0.10091903,1.0,1.3414406e-10,1.3292246e-09,-25.743605,2.191303,0.73043436,0.16000001,0.0,0.15352759,23.500347,23.520348,3769600
hardzero_plus_depr__c0p50__z1p00__lam0p020__nu0p50__psi0p75,hardzero_plus_depr,0.06,37,1178,0.0,2,0.1713274,0.1713274,1.0033951,0.0,0.0992213,0.0,0.0,1.3094332e-09,-26.340569,2.2075133,0.7358378,0.18400002,0.0,0.16820863,23.520348,23.540348,3772800
hardzero_plus_depr__c0p50__z1p00__lam0p020__nu0p50__psi0p75,hardzero_plus_depr,0.06,37,1179,0.0,2,0.1713274,0.1713274,0.9884103,0.10270454,0.10270454,1.0,1.3248236e-10,1.2899367e-09,-27.282654,2.174546,0.7248487,0.16000001,0.0,0.17781855,23.540348,23.560349,3776000
hardzero_plus_depr__c0p50__z1p00__lam0p020__nu0p50__psi0p75,hardzero_plus_depr,0.06,37,1180,0.0,2,0.1713274,0.1713274,1.0237443,0.0,0.09467943,0.0,0.0,1.2707327e-09,-27.800655,2.2522826,0.7507609,0.15200001,0.0,0.19556041,23.560349,23.580349,3779200
hardzero_plus_depr__c0p50__z1p00__lam0p020__nu0p50__psi0p75,hardzero_plus_depr,0.06,37,1181,0.0,2,0.1713274,0.1713274,1.0187969,0.0,0.09576417,0.0,0.0,1.2518149e-09,-27.443115,2.241398,0.7471327,0.08800001,0.0,0.19255331,23.580349,23.60035,3782400
hardzero_plus_depr__c0p50__z1p00__lam0p020__nu0p50__psi0p75,hardzero_plus_depr,0.06,37,1182,0.0,2,0.1713274,0.1713274,1.0104592,0.0,0.09762045,0.0,0.0,1.2331761e-09,-27.497221,2.2230546,0.74101824,0.192,0.0,0.16122158,23.60035,23.62035,3785600
hardzero_plus_depr__c0p50__z1p00__lam0p020__nu0p50__psi0p75,hardzero_plus_depr,0.06,37,1183,0.0,2,0.1713274,0.1713274,0.9899985,0.10232965,0.10232965,1.0,1.2431159e-10,1.2148149e-09,-26.67146,2.1780403,0.7260134,0.17,0.0,0.13530648,23.62035,23.64035,3788800
hardzero_plus_depr__c0p50__z1p00__lam0p020__nu0p50__psi0p75,hardzero_plus_depr,0.06,37,1184,0.0,2,0.1713274,0.1713274,1.0466087,0.0,0.089823775,0.0,0.0,1.1967294e-09,-27.716309,2.3025851,0.7675284,0.15200001,0.0,0.18630072,23.64035,23.66035,3792000
hardzero_plus_depr__c0p50__z1p00__lam0p020__nu0p50__psi0p75,hardzero_plus_depr,0.06,37,1185,0.0,2,0.1713274,0.1713274,0.9952074,0.10110963,0.10110963,1.0,1.1919948e-10,1.1789132e-09,-27.618406,2.1895,0.72983336,0.16800001,0.008,0.18899485,23.66035,23.680351,3795200
hardzero_plus_depr__c0p50__z1p00__lam0p020__nu0p50__psi0p75,hardzero_plus_depr,0.06,37,1186,0.0,2,0.1713274,0.1713274,0.9616665,0.10922787,0.10922787,1.0,1.2685286e-10,1.1613598e-09,-25.32913,2.1157086,0.7052362,0.18400002,0.0,0.16502099,23.680351,23.700352,3798400
hardzero_plus_depr__c0p50__z1p00__lam0p020__nu0p50__psi0p75,hardzero_plus_depr,0.06,37,1187,0.0,2,0.1713274,0.1713274,1.0315946,0.0,0.09298338,0.0,0.0,1.1440681e-09,-27.10063,2.2695534,0.7565178,0.16800001,0.0,0.19296497,23.700352,23.720352,3801600
hardzero_plus_depr__c0p50__z1p00__lam0p020__nu0p50__psi0p75,hardzero_plus_depr,0.06,37,1188,0.0,2,0.1713274,0.1713274,0.95887923,0.10993115,0.10993115,1.0,1.2389634e-10,1.1270358e-09,-26.57588,2.1095765,0.7031922,0.16800001,0.0,0.19311534,23.720352,23.740353,3804800
hardzero_plus_depr__c0p50__z1p00__lam0p020__nu0p50__psi0p75,hardzero_plus_depr,0.06,37,1189,0.0,2,0.1713274,0.1713274,1.0506712,0.0,0.08898744,0.0,0.0,1.1102571e-09,-28.044893,2.311523,0.7705077,0.16800001,0.0,0.21842974,23.740353,23.760353,3808000
hardzero_plus_depr__c0p50__z1p00__lam0p020__nu0p50__psi0p75,hardzero_plus_depr,0.06,37,1190,0.0,2,0.1713274,0.1713274,1.011419,0.0,0.097404934,0.0,0.0,1.093726e-09,-26.772778,2.2251663,0.7417221,0.136,0.0,0.17033775,23.760353,23.780354,3811200
hardzero_plus_depr__c0p50__z1p00__lam0p020__nu0p50__psi0p75,hardzero_plus_depr,0.06,37,1191,0.0,2,0.1713274,0.1713274,0.9901598,0.10229165,0.10229165,1.0,1.1021324e-10,1.0774412e-09,-26.96287,2.178395,0.7261317,0.216,0.0,0.1933931,23.780354,23.800354,3814400
hardzero_plus_depr__c0p50__z1p00__lam0p020__nu0p50__psi0p75,hardzero_plus_depr,0.06,37,1192,0.0,2,0.1713274,0.1713274,0.99480873,0.10120251,0.10120251,1.0,1.0741643e-10,1.0614009e-09,-26.856718,2.188623,0.729541,0.136,0.0,0.17585033,23.800354,23.820354,3817600
hardzero_plus_depr__c0p50__z1p00__lam0p020__nu0p50__psi0p75,hardzero_plus_depr,0.06,37,1193,0.0,2,0.1713274,0.1713274,1.0366037,0.0,0.0919171,0.0,0.0,1.0455992e-09,-27.339476,2.2805736,0.7601912,0.2,0.0,0.19303252,23.820354,23.840355,3820800
hardzero_plus_depr__c0p50__z1p00__lam0p020__nu0p50__psi0p75,hardzero_plus_depr,0.06,37,1194,0.0,2,0.1713274,0.1713274,1.0297989,0.0,0.09336865,0.0,0.0,1.0300311e-09,-26.444513,2.2656028,0.755201,0.17600001,0.0,0.1499806,23.840355,23.860355,3824000
hardzero_plus_depr__c0p50__z1p00__lam0p020__nu0p50__psi0p75,hardzero_plus_depr,0.06,37,1195,0.0,2,0.1713274,0.1713274,1.0230852,0.0,0.094823234,0.0,0.0,1.0146946e-09,-26.927546,2.2508326,0.7502775,0.14400001,0.0,0.1690594,23.860355,23.880356,3827200
hardzero_plus_depr__c0p50__z1p00__lam0p020__nu0p50__psi0p75,hardzero_plus_depr,0.06,37,1196,0.0,2,0.1713274,0.1713274,1.0394781,0.0,0.091310754,0.0,0.0,9.995882e-10,-27.503975,2.2868974,0.7622992,0.17999999,0.0,0.18394539,23.880356,23.900356,3830400
hardzero_plus_depr__c0p50__z1p00__lam0p020__nu0p50__psi0p75,hardzero_plus_depr,0.06,37,1197,0.0,2,0.1713274,0.1713274,1.0064377,0.0,0.09852861,0.0,0.0,9.84707e-10,-27.359951,2.214207,0.738069,0.192,0.0,0.18128505,23.900356,23.920357,3833600
hardzero_plus_depr__c0p50__z1p00__lam0p020__nu0p50__psi0p75,hardzero_plus_depr,0.06,37,1198,0.0,2,0.1713274,0.1713274,1.0012925,0.0,0.09970284,0.0,0.0,9.700454e-10,-27.343563,2.2028875,0.73429585,0.16000001,0.0,0.19878325,23.920357,23.940357,3836800
hardzero_plus_depr__c0p50__z1p00__lam0p020__nu0p50__psi0p75,hardzero_plus_depr,0.06,37,1199,0.0,2,0.1713274,0.1713274,0.9960309,0.100918084,0.100918084,1.0,9.643752e-11,9.556019e-10,-26.20221,2.1913118,0.7304373,0.104,0.0,0.14474958,23.940357,23.960358,3840000
hardzero_plus_depr__c0p50__z1p00__lam0p020__nu0p50__psi0p75,hardzero_plus_depr,0.06,37,1200,0.0,2,0.1713274,0.1713274,0.9277953,0.118087694,0.118087694,1.0,1.1116487e-10,9.413755e-10,-25.835361,2.0411904,0.6803968,0.224,0.0,0.17050135,23.960358,23.980358,3843200
hardzero_plus_depr__c0p50__z1p00__lam0p020__nu0p50__psi0p75,hardzero_plus_depr,0.06,37,1201,0.0,2,0.1713274,0.1713274,1.0490352,0.0,0.08932331,0.0,0.0,9.273609e-10,-27.419622,2.3079236,0.76930785,0.136,0.0,0.18457983,23.980358,24.000359,3846400
hardzero_plus_depr__c0p50__z1p00__lam0p020__nu0p50__psi0p75,hardzero_plus_depr,0.06,37,1202,0.0,2,0.1713274,0.1713274,1.0576609,0.0,0.087566726,0.0,0.0,9.1355307e-10,-28.179173,2.3269005,0.7756335,0.24000001,0.0,0.20036966,24.000359,24.020359,3849600
hardzero_plus_depr__c0p50__z1p00__lam0p020__nu0p50__psi0p75,hardzero_plus_depr,0.06,37,1203,0.0,2,0.1713274,0.1713274,1.0272992,0.0,0.09390762,0.0,0.0,8.9995084e-10,-27.432362,2.2601032,0.7533678,0.18400002,0.0,0.20085469,24.020359,24.04036,3852800
hardzero_plus_depr__c0p50__z1p00__lam0p020__nu0p50__psi0p75,hardzero_plus_depr,0.06,37,1204,0.0,2,0.1713274,0.1713274,1.0738629,0.0,0.08436009,0.0,0.0,8.865529e-10,-28.59867,2.3625455,0.78751516,0.136,0.0,0.20331767,24.04036,24.06036,3856000
hardzero_plus_depr__c0p50__z1p00__lam0p020__nu0p50__psi0p75,hardzero_plus_depr,0.06,37,1205,0.0,2,0.1713274,0.1713274,1.0335673,0.0,0.092562,0.0,0.0,8.7335433e-10,-27.321283,2.2738936,0.75796455,0.15200001,0.0,0.21146835,24.06036,24.08036,3859200
hardzero_plus_depr__c0p50__z1p00__lam0p020__nu0p50__psi0p75,hardzero_plus_depr,0.06,37,1206,0.0,2,0.1713274,0.1713274,1.0018789,0.0,0.09956829,0.0,0.0,8.603506e-10,-27.609621,2.2041774,0.73472583,0.16800001,0.0,0.18476512,24.08036,24.10036,3862400
hardzero_plus_depr__c0p50__z1p00__lam0p020__nu0p50__psi0p75,hardzero_plus_depr,0.06,37,1207,0.0,2,0.1713274,0.1713274,0.9740213,0.106164336,0.106164336,1.0,8.997859e-11,8.475406e-10,-27.586044,2.1428897,0.7142966,0.17600001,0.0,0.19178861,24.10036,24.120361,3865600
hardzero_plus_depr__c0p50__z1p00__lam0p020__nu0p50__psi0p75,hardzero_plus_depr,0.06,37,1208,0.0,2,0.1713274,0.1713274,1.0065469,0.0,0.09850383,0.0,0.0,8.349229e-10,-26.926352,2.2144473,0.7381491,0.24800001,0.0,0.17080373,24.120361,24.140362,3868800
hardzero_plus_depr__c0p50__z1p00__lam0p020__nu0p50__psi0p75,hardzero_plus_depr,0.06,37,1209,0.0,2,0.1713274,0.1713274,1.0237418,0.0,0.09467997,0.0,0.0,8.2249296e-10,-27.056936,2.252277,0.750759,0.17,0.0,0.18282256,24.140362,24.160362,3872000
hardzero_plus_depr__c0p50__z1p00__lam0p020__nu0p50__psi0p75,hardzero_plus_depr,0.06,37,1210,0.0,2,0.1713274,0.1713274,1.0063705,0.0,0.09854383,0.0,0.0,8.1024665e-10,-27.52724,2.2140594,0.7380198,0.16800001,0.0,0.17293824,24.160362,24.180363,3875200
hardzero_plus_depr__c0p50__z1p00__lam0p020__nu0p50__psi0p75,hardzero_plus_depr,0.06,37,1211,0.0,2,0.1713274,0.1713274,0.93923646,0.11501741,0.11501741,1.0,9.18049e-11,7.9818263e-10,-25.79763,2.0663614,0.68878716,0.208,0.0,0.18446773,24.180363,24.200363,3878400
hardzero_plus_depr__c0p50__z1p00__lam0p020__nu0p50__psi0p75,hardzero_plus_depr,0.06,37,1212,0.0,2,0.1713274,0.1713274,0.99960566,0.100090824,0.100090824,1.0,7.8701386e-11,7.862997e-10,-26.547867,2.1991763,0.7330588,0.120000005,0.0,0.16206881,24.200363,24.220364,3881600
hardzero_plus_depr__c0p50__z1p00__lam0p020__nu0p50__psi0p75,hardzero_plus_depr,0.06,37,1213,0.0,2,0.1713274,0.1713274,1.0077851,0.0,0.098223396,0.0,0.0,7.745937e-10,-27.369219,2.2171714,0.7390572,0.192,0.0,0.18822972,24.220364,24.240364,3884800
hardzero_plus_depr__c0p50__z1p00__lam0p020__nu0p50__psi0p75,hardzero_plus_depr,0.06,37,1214,0.0,2,0.1713274,0.1713274,1.0272511,0.0,0.09391801,0.0,0.0,7.630605e-10,-27.043825,2.2599976,0.75333256,0.16000001,0.0,0.16000761,24.240364,24.260365,3888000
hardzero_plus_depr__c0p50__z1p00__lam0p020__nu0p50__psi0p75,hardzero_plus_depr,0.06,37,1215,0.0,2,0.1713274,0.1713274,0.9843749,0.10366331,0.10366331,1.0,7.7923605e-11,7.51699e-10,-26.607473,2.165668,0.7218894,0.15200001,0.0,0.18298598,24.260365,24.280365,3891200
hardzero_plus_depr__c0p50__z1p00__lam0p020__nu0p50__psi0p75,hardzero_plus_depr,0.06,37,1216,0.0,2,0.1713274,0.1713274,0.98306435,0.1039766,0.1039766,1.0,7.6995514e-11,7.405081e-10,-26.10239,2.1627848,0.7209283,0.15200001,0.0,0.17802475,24.280365,24.300365,3894400
hardzero_plus_depr__c0p50__z1p00__lam0p020__nu0p50__psi0p75,hardzero_plus_depr,0.06,37,1217,0.0,2,0.1713274,0.1713274,0.98211527,0.10420408,0.10420408,1.0,7.6015194e-11,7.2948386e-10,-27.590595,2.1606967,0.72023225,0.16800001,0.0,0.16696851,24.300365,24.320366,3897600
hardzero_plus_depr__c0p50__z1p00__lam0p020__nu0p50__psi0p75,hardzero_plus_depr,0.06,37,1218,0.0,2,0.1713274,0.1713274,1.0153453,0.0,0.09652831,0.0,0.0,7.186224e-10,-27.007553,2.2338042,0.7446014,0.17600001,0.0,0.16852938,24.320366,24.340366,3900800
hardzero_plus_depr__c0p50__z1p00__lam0p020__nu0p50__psi0p75,hardzero_plus_depr,0.06,37,1219,0.0,2,0.1713274,0.1713274,0.9817902,0.10428212,0.10428212,1.0,7.3823656e-11,7.079225e-10,-26.546091,2.1599815,0.7199938,0.17600001,0.0,0.17722759,24.340366,24.360367,3904000
hardzero_plus_depr__c0p50__z1p00__lam0p020__nu0p50__psi0p75,hardzero_plus_depr,0.06,37,1220,0.0,2,0.1713274,0.1713274,0.9566669,0.11049257,0.11049257,1.0,7.7055674e-11,6.973833e-10,-26.94458,2.1047091,0.70156974,0.16000001,0.0,0.19333729,24.360367,24.380367,3907200
hardzero_plus_depr__c0p50__z1p00__lam0p020__nu0p50__psi0p75,hardzero_plus_depr,0.06,37,1221,0.0,2,0.1713274,0.1713274,0.9791522,0.104917474,0.104917474,1.0,7.207842e-11,6.870011e-10,-26.904495,2.154178,0.7180593,0.17600001,0.0,0.19115983,24.380367,24.400368,3910400
hardzero_plus_depr__c0p50__z1p00__lam0p020__nu0p50__psi0p75,hardzero_plus_depr,0.06,37,1222,0.0,2,0.1713274,0.1713274,0.98223263,0.104175925,0.104175925,1.0,7.050336e-11,6.767721e-10,-27.161825,2.160955,0.7203183,0.25,0.0,0.22996409,24.400368,24.420368,3913600
hardzero_plus_depr__c0p50__z1p00__lam0p020__nu0p50__psi0p75,hardzero_plus_depr,0.06,37,1223,0.0,2,0.1713274,0.1713274,1.0714034,0.0,0.08483922,0.0,0.0,6.6669537e-10,-28.497091,2.3571346,0.7857115,0.17600001,0.0,0.19609702,24.420368,24.440369,3916800
hardzero_plus_depr__c0p50__z1p00__lam0p020__nu0p50__psi0p75,hardzero_plus_depr,0.06,37,1224,0.0,2,0.1713274,0.1713274,1.0084004,0.0,0.098084316,0.0,0.0,6.5677e-10,-27.085983,2.2185252,0.7395084,0.128,0.0,0.17388032,24.440369,24.46037,3920000
hardzero_plus_depr__c0p50__z1p00__lam0p020__nu0p50__psi0p75,hardzero_plus_depr,0.06,37,1225,0.0,2,0.1713274,0.1713274,1.061701,0.0,0.08675588,0.0,0.0,6.4699235e-10,-27.694775,2.335789,0.77859634,0.16800001,0.0,0.18608378,24.46037,24.48037,3923200
hardzero_plus_depr__c0p50__z1p00__lam0p020__nu0p50__psi0p75,hardzero_plus_depr,0.06,37,1226,0.0,2,0.1713274,0.1713274,1.0455496,0.0,0.090043075,0.0,0.0,6.373591e-10,-27.585434,2.300255,0.7667517,0.136,0.0,0.22329046,24.48037,24.50037,3926400
hardzero_plus_depr__c0p50__z1p00__lam0p020__nu0p50__psi0p75,hardzero_plus_depr,0.06,37,1227,0.0,2,0.1713274,0.1713274,1.014522,0.0,0.09671149,0.0,0.0,6.278692e-10,-27.053204,2.231993,0.7439977,0.15200001,0.0,0.1785634,24.50037,24.52037,3929600
hardzero_plus_depr__c0p50__z1p00__lam0p020__nu0p50__psi0p75,hardzero_plus_depr,0.06,37,1228,0.0,2,0.1713274,0.1713274,1.0603739,0.0,0.087021396,0.0,0.0,6.1852184e-10,-28.03065,2.332869,0.77762306,0.18400002,0.0,0.17803356,24.52037,24.54037,3932800
hardzero_plus_depr__c0p50__z1p00__lam0p020__nu0p50__psi0p75,hardzero_plus_depr,0.06,37,1229,0.0,2,0.1713274,0.1713274,1.0580113,0.0,0.0874961,0.0,0.0,6.0931366e-10,-28.069613,2.3276713,0.77589047,0.128,0.0,0.18494828,24.54037,24.560371,3936000
hardzero_plus_depr__c0p50__z1p00__lam0p020__nu0p50__psi0p75,hardzero_plus_depr,0.06,37,1230,0.0,2,0.1713274,0.1713274,1.0321798,0.0,0.092858166,0.0,0.0,6.0024136e-10,-27.251938,2.270841,0.756947,0.120000005,0.0,0.16855347,24.560371,24.580372,3939200
hardzero_plus_depr__c0p50__z1p00__lam0p020__nu0p50__psi0p75,hardzero_plus_depr,0.06,37,1231,0.0,2,0.1713274,0.1713274,1.0504241,0.0,0.089038104,0.0,0.0,5.913042e-10,-27.43815,2.3109791,0.7703264,0.208,0.0,0.22049269,24.580372,24.600372,3942400
hardzero_plus_depr__c0p50__z1p00__lam0p020__nu0p50__psi0p75,hardzero_plus_depr,0.06,37,1232,0.0,2,0.1713274,0.1713274,1.1253777,0.0,0.07492424,0.0,0.0,5.825011e-10,-29.103714,2.4758804,0.8252935,0.128,0.0,0.22896236,24.600372,24.620373,3945600
hardzero_plus_depr__c0p50__z1p00__lam0p020__nu0p50__psi0p75,hardzero_plus_depr,0.06,37,1233,0.0,2,0.1713274,0.1713274,0.97380257,0.106217824,0.106217824,1.0,6.095089e-11,5.738292e-10,-26.503572,2.1424084,0.7141361,0.16000001,0.0,0.1588491,24.620373,24.640373,3948800
hardzero_plus_depr__c0p50__z1p00__lam0p020__nu0p50__psi0p75,hardzero_plus_depr,0.06,37,1234,0.0,2,0.1713274,0.1713274,1.0039332,0.0,0.09909843,0.0,0.0,5.6528526e-10,-27.28439,2.208697,0.7362324,0.16000001,0.0,0.17975101,24.640373,24.660374,3952000
hardzero_plus_depr__c0p50__z1p00__lam0p020__nu0p50__psi0p75,hardzero_plus_depr,0.06,37,1235,0.0,2,0.1713274,0.1713274,1.0077981,0.0,0.09822044,0.0,0.0,5.568685e-10,-27.466745,2.2172,0.7390667,0.14999999,0.0,0.16064842,24.660374,24.680374,3955200
hardzero_plus_depr__c0p50__z1p00__lam0p020__nu0p50__psi0p75,hardzero_plus_depr,0.06,37,1236,0.0,2,0.1713274,0.1713274,0.9707644,0.1069635,0.1069635,1.0,5.867784e-11,5.485782e-10,-25.497349,2.1357243,0.7119081,0.17600001,0.0,0.18102042,24.680374,24.700375,3958400
hardzero_plus_depr__c0p50__z1p00__lam0p020__nu0p50__psi0p75,hardzero_plus_depr,0.06,37,1237,0.0,2,0.1713274,0.1713274,1.0387974,0.0,0.09145398,0.0,0.0,5.4041116e-10,-26.442696,2.2854,0.7618,0.15200001,0.0,0.18729872,24.700375,24.720375,3961600
hardzero_plus_depr__c0p50__z1p00__lam0p020__nu0p50__psi0p75,hardzero_plus_depr,0.06,37,1238,0.0,2,0.1713274,0.1713274,0.98681027,0.10308363,0.10308363,1.0,5.4878106e-11,5.323649e-10,-27.822237,2.171026,0.7236754,0.112,0.0,0.19554684,24.720375,24.740376,3964800
hardzero_plus_depr__c0p50__z1p00__lam0p020__nu0p50__psi0p75,hardzero_plus_depr,0.06,37,1239,0.0,2,0.1713274,0.1713274,0.98695385,0.10304955,0.10304955,1.0,5.4043128e-11,5.2443827e-10,-26.68282,2.171342,0.72378063,0.17600001,0.0,0.18731223,24.740376,24.760376,3968000
hardzero_plus_depr__c0p50__z1p00__lam0p020__nu0p50__psi0p75,hardzero_plus_depr,0.06,37,1240,0.0,2,0.1713274,0.1713274,0.9985382,0.10033717,0.10033717,1.0,5.1837267e-11,5.1663074e-10,-26.373196,2.196828,0.73227596,0.18400002,0.0,0.17058325,24.760376,24.780376,3971200
hardzero_plus_depr__c0p50__z1p00__lam0p020__nu0p50__psi0p75,hardzero_plus_depr,0.06,37,1241,0.0,2,0.1713274,0.1713274,1.0293959,0.0,0.09345533,0.0,0.0,5.0893945e-10,-26.886473,2.2647164,0.75490546,0.17600001,0.0,0.20832944,24.780376,24.800377,3974400
hardzero_plus_depr__c0p50__z1p00__lam0p020__nu0p50__psi0p75,hardzero_plus_depr,0.06,37,1242,0.0,2,0.1713274,0.1713274,0.98782206,0.10284375,0.10284375,1.0,5.1561914e-11,5.013617e-10,-26.818155,2.1732519,0.7244173,0.192,0.0,0.19689484,24.800377,24.820377,3977600
hardzero_plus_depr__c0p50__z1p00__lam0p020__nu0p50__psi0p75,hardzero_plus_depr,0.06,37,1243,0.0,2,0.1713274,0.1713274,0.95329887,0.11135278,0.11135278,1.0,5.499677e-11,4.938967e-10,-26.57207,2.0972993,0.6990998,0.112,0.0,0.14143287,24.820377,24.840378,3980800
hardzero_plus_depr__c0p50__z1p00__lam0p020__nu0p50__psi0p75,hardzero_plus_depr,0.06,37,1244,0.0,2,0.1713274,0.1713274,1.0670059,0.0,0.08570263,0.0,0.0,4.865438e-10,-27.31708,2.3474598,0.7824866,0.16000001,0.0,0.18522821,24.840378,24.860378,3984000
hardzero_plus_depr__c0p50__z1p00__lam0p020__nu0p50__psi0p75,hardzero_plus_depr,0.06,37,1245,0.0,2,0.1713274,0.1713274,0.95548,0.11079497,0.11079497,1.0,5.3104077e-11,4.7930043e-10,-25.237408,2.102098,0.7006993,0.136,0.0,0.14613943,24.860378,24.880379,3987200
hardzero_plus_depr__c0p50__z1p00__lam0p020__nu0p50__psi0p75,hardzero_plus_depr,0.06,37,1246,0.0,2,0.1713274,0.1713274,0.98549455,0.10339641,0.10339641,1.0,4.882006e-11,4.72164e-10,-26.982416,2.1681314,0.7227105,0.14400001,0.0,0.19320345,24.880379,24.90038,3990400
hardzero_plus_depr__c0p50__z1p00__lam0p020__nu0p50__psi0p75,hardzero_plus_depr,0.06,37,1247,0.0,2,0.1713274,0.1713274,1.0245601,0.0,0.09450176,0.0,0.0,4.651338e-10,-26.570927,2.2540772,0.7513591,0.192,0.0,0.17622781,24.90038,24.92038,3993600
hardzero_plus_depr__c0p50__z1p00__lam0p020__nu0p50__psi0p75,hardzero_plus_depr,0.06,37,1248,0.0,2,0.1713274,0.1713274,1.0182087,0.0,0.095893964,0.0,0.0,4.5820914e-10,-27.122637,2.240104,0.74670136,0.14,0.0,0.17327642,24.92038,24.94038,3996800
hardzero_plus_depr__c0p50__z1p00__lam0p020__nu0p50__psi0p75,hardzero_plus_depr,0.06,37,1249,0.0,2,0.1713274,0.1713274,1.0099672,0.0,0.09773108,0.0,0.0,4.5138757e-10,-26.79452,2.2219722,0.74065745,0.16000001,0.0,0.1995331,24.94038,24.96038,4000000
hardzero_plus_depr__c0p50__z1p00__lam0p020__nu0p50__psi0p75,hardzero_plus_depr,0.06,38,0,1.0,1,1.0,0.5,1.0820855,0.0,0.082777925,0.0,0.0,0.06,-27.605452,2.3806355,0.7935452,0.11,0.0,0.15982054,0.0,0.0,3200
hardzero_plus_depr__c0p50__z1p00__lam0p020__nu0p50__psi0p75,hardzero_plus_depr,0.06,38,1,1.0,2,0.5,0.0,1.0275104,0.0,0.09386196,0.0,0.0,0.06,-27.512161,2.260568,0.75352263,0.17600001,0.0,0.16420598,0.0,0.0,6400
hardzero_plus_depr__c0p50__z1p00__lam0p020__nu0p50__psi0p75,hardzero_plus_depr,0.06,38,2,0.0,2,0.0,0.006104586,0.99249506,0.1017431,0.1017431,1.0,0.006104586,0.06,-26.5857,2.1835327,0.72784424,0.18400002,0.0,0.1445596,0.0,0.02,9600
hardzero_plus_depr__c0p50__z1p00__lam0p020__nu0p50__psi0p75,hardzero_plus_depr,0.06,38,3,0.0,2,0.006104586,0.006104586,1.0007175,0.0,0.09983491,0.0,0.0,0.059106715,-26.678282,2.2016225,0.7338742,0.18400002,0.0,0.16082716,0.02,0.04,12800
hardzero_plus_depr__c0p50__z1p00__lam0p020__nu0p50__psi0p75,hardzero_plus_depr,0.06,38,4,0.0,2,0.006104586,0.006104586,1.063551,0.0,0.08638712,0.0,0.0,0.058226734,-27.095211,2.3398588,0.77995294,0.120000005,0.0,0.1572162,0.04,0.06,16000
hardzero_plus_depr__c0p50__z1p00__lam0p020__nu0p50__psi0p75,hardzero_plus_depr,0.06,38,5,0.0,2,0.006104586,0.006104586,1.0934236,0.0,0.08064481,0.0,0.0,0.057359852,-28.37654,2.40558,0.80186003,0.104,0.0,0.17999929,0.06,0.08,19200
hardzero_plus_depr__c0p50__z1p00__lam0p020__nu0p50__psi0p75,hardzero_plus_depr,0.06,38,6,0.0,2,0.006104586,0.006104586,1.0455524,0.0,0.09004252,0.0,0.0,0.056505874,-27.314959,2.300261,0.7667537,0.120000005,0.0,0.15058409,0.08,0.099999994,22400
hardzero_plus_depr__c0p50__z1p00__lam0p020__nu0p50__psi0p75,hardzero_plus_depr,0.06,38,7,0.0,2,0.006104586,0.006104586,1.0758283,0.0,0.0839792,0.0,0.0,0.055664614,-27.36005,2.3668694,0.7889565,0.112,0.0,0.13637327,0.099999994,0.11999999,25600
hardzero_plus_depr__c0p50__z1p00__lam0p020__nu0p50__psi0p75,hardzero_plus_depr,0.06,38,8,0.0,2,0.006104586,0.011702761,0.9910183,0.10208964,0.10208964,1.0,0.005598175,0.054835875,-26.876574,2.1802838,0.7267613,0.216,0.0,0.14876264,0.11999999,0.13999999,28800
hardzero_plus_depr__c0p50__z1p00__lam0p020__nu0p50__psi0p75,hardzero_plus_depr,0.06,38,9,0.0,2,0.011702761,0.011702761,1.0052804,0.0,0.098791495,0.0,0.0,0.054019473,-26.771809,2.2116609,0.7372203,0.16000001,0.0,0.14985868,0.13999999,0.15999998,32000
hardzero_plus_depr__c0p50__z1p00__lam0p020__nu0p50__psi0p75,hardzero_plus_depr,0.06,38,10,0.0,2,0.011702761,0.011702761,1.0417712,0.0,0.0908299,0.0,0.0,0.053215224,-27.419718,2.2919424,0.7639808,0.216,0.0,0.16959982,0.15999998,0.17999998,35200
hardzero_plus_depr__c0p50__z1p00__lam0p020__nu0p50__psi0p75,hardzero_plus_depr,0.06,38,11,0.0,2,0.011702761,0.011702761,1.0183287,0.0,0.09586747,0.0,0.0,0.052422956,-27.587343,2.240368,0.74678934,0.112,0.0,0.1486707,0.17999998,0.19999997,38400
hardzero_plus_depr__c0p50__z1p00__lam0p020__nu0p50__psi0p75,hardzero_plus_depr,0.06,38,12,0.0,2,0.011702761,0.016949203,0.99314225,0.10159158,0.10159158,1.0,0.005246441,0.051642478,-27.454447,2.1849566,0.72831887,0.128,0.0,0.16797188,0.19999997,0.21999997,41600
hardzero_plus_depr__c0p50__z1p00__lam0p020__nu0p50__psi0p75,hardzero_plus_depr,0.06,38,13,0.0,2,0.016949203,0.016949203,1.0840682,0.0,0.082400866,0.0,0.0,0.050873626,-28.42724,2.3849976,0.79499924,0.17999999,0.0,0.22518876,0.21999997,0.23999996,44800
hardzero_plus_depr__c0p50__z1p00__lam0p020__nu0p50__psi0p75,hardzero_plus_depr,0.06,38,14,0.0,2,0.016949203,0.022021541,0.99477005,0.10121153,0.10121153,1.0,0.0050723385,0.05011621,-26.112644,2.1885378,0.72951263,0.16800001,0.0,0.1597386,0.23999996,0.25999996,48000
hardzero_plus_depr__c0p50__z1p00__lam0p020__nu0p50__psi0p75,hardzero_plus_depr,0.06,38,15,0.0,2,0.022021541,0.022021541,1.0235814,0.0,0.09471496,0.0,0.0,0.049370084,-27.301126,2.251924,0.75064135,0.16800001,0.0,0.15935005,0.25999996,0.27999997,51200
hardzero_plus_depr__c0p50__z1p00__lam0p020__nu0p50__psi0p75,hardzero_plus_depr,0.06,38,16,0.0,2,0.022021541,0.022021541,1.0744288,0.0,0.08425026,0.0,0.0,0.048635054,-27.76294,2.3637905,0.7879302,0.136,0.0,0.17451818,0.27999997,0.29999998,54400
hardzero_plus_depr__c0p50__z1p00__lam0p020__nu0p50__psi0p75,hardzero_plus_depr,0.06,38,17,0.0,2,0.022021541,0.022021541,1.0563678,0.0,0.08782785,0.0,0.0,0.047910973,-27.980438,2.3240554,0.77468514,0.120000005,0.0,0.1700219,0.29999998,0.32,57600
hardzero_plus_depr__c0p50__z1p00__lam0p020__nu0p50__psi0p75,hardzero_plus_depr,0.06,38,18,0.0,2,0.022021541,0.022021541,1.0668796,0.0,0.08572754,0.0,0.0,0.047197673,-27.689707,2.347182,0.78239405,0.096,0.0,0.18221807,0.32,0.34,60800
hardzero_plus_depr__c0p50__z1p00__lam0p020__nu0p50__psi0p75,hardzero_plus_depr,0.06,38,19,0.0,2,0.022021541,0.026783757,0.989597,0.10242429,0.10242429,1.0,0.004762216,0.04649499,-27.490795,2.177157,0.725719,0.2,0.0,0.18012752,0.34,0.36,64000
hardzero_plus_depr__c0p50__z1p00__lam0p020__nu0p50__psi0p75,hardzero_plus_depr,0.06,38,20,0.0,2,0.026783757,0.026783757,1.0282854,0.0,0.093694605,0.0,0.0,0.04580277,-27.129457,2.262273,0.754091,0.16000001,0.0,0.17121631,0.36,0.38000003,67200
hardzero_plus_depr__c0p50__z1p00__lam0p020__nu0p50__psi0p75,hardzero_plus_depr,0.06,38,21,0.0,2,0.026783757,0.026783757,1.0293908,0.0,0.093456425,0.0,0.0,0.045120854,-27.451431,2.264705,0.75490165,0.16800001,0.0,0.19279736,0.38000003,0.40000004,70400
hardzero_plus_depr__c0p50__z1p00__lam0p020__nu0p50__psi0p75,hardzero_plus_depr,0.06,38,22,0.0,2,0.026783757,0.026783757,1.0055417,0.0,0.09873209,0.0,0.0,0.04444909,-26.872528,2.212236,0.737412,0.192,0.0,0.1679211,0.40000004,0.42000005,73600
hardzero_plus_depr__c0p50__z1p00__lam0p020__nu0p50__psi0p75,hardzero_plus_depr,0.06,38,23,0.0,2,0.026783757,0.026783757,1.0198295,0.0,0.09553675,0.0,0.0,0.04378733,-27.400229,2.2436697,0.74788994,0.18400002,0.0,0.13801718,0.42000005,0.44000006,76800
hardzero_plus_depr__c0p50__z1p00__lam0p020__nu0p50__psi0p75,hardzero_plus_depr,0.06,38,24,0.0,2,0.026783757,0.026783757,1.0939326,0.0,0.080550335,0.0,0.0,0.043135423,-28.857046,2.4067,0.80223334,0.136,0.0,0.17280076,0.44000006,0.46000007,80000
hardzero_plus_depr__c0p50__z1p00__lam0p020__nu0p50__psi0p75,hardzero_plus_depr,0.06,38,25,0.0,2,0.026783757,0.026783757,1.0520561,0.0,0.08870415,0.0,0.0,0.042493217,-28.383974,2.3145695,0.7715232,0.2,0.0,0.20479037,0.46000007,0.48000008,83200
hardzero_plus_depr__c0p50__z1p00__lam0p020__nu0p50__psi0p75,hardzero_plus_depr,0.06,38,26,0.0,2,0.026783757,0.026783757,1.042307,0.0,0.0907179,0.0,0.0,0.041860577,-27.599958,2.293121,0.7643737,0.12,0.0,0.2012924,0.48000008,0.50000006,86400
hardzero_plus_depr__c0p50__z1p00__lam0p020__nu0p50__psi0p75,hardzero_plus_depr,0.06,38,27,0.0,2,0.026783757,0.026783757,1.0710589,0.0,0.08490654,0.0,0.0,0.041237354,-28.17832,2.3563766,0.7854589,0.15200001,0.0,0.15984634,0.50000006,0.52000004,89600
hardzero_plus_depr__c0p50__z1p00__lam0p020__nu0p50__psi0p75,hardzero_plus_depr,0.06,38,28,0.0,2,0.026783757,0.026783757,1.0045645,0.0,0.098954484,0.0,0.0,0.04062341,-27.019753,2.210086,0.7366954,0.120000005,0.0,0.17138258,0.52000004,0.54,92800
hardzero_plus_depr__c0p50__z1p00__lam0p020__nu0p50__psi0p75,hardzero_plus_depr,0.06,38,29,0.0,2,0.026783757,0.026783757,1.0531782,0.0,0.08847525,0.0,0.0,0.040018607,-28.024742,2.3170383,0.77234614,0.16000001,0.0,0.1640783,0.54,0.56,96000
hardzero_plus_depr__c0p50__z1p00__lam0p020__nu0p50__psi0p75,hardzero_plus_depr,0.06,38,30,0.0,2,0.026783757,0.026783757,1.0024816,0.0,0.099430226,0.0,0.0,0.039422806,-26.719645,2.2055035,0.73516786,0.128,0.0,0.16509305,0.56,0.58,99200
hardzero_plus_depr__c0p50__z1p00__lam0p020__nu0p50__psi0p75,hardzero_plus_depr,0.06,38,31,0.0,2,0.026783757,0.026783757,1.0490527,0.0,0.08931971,0.0,0.0,0.03883588,-28.212275,2.307962,0.76932067,0.112,0.0,0.17874427,0.58,0.59999996,102400
hardzero_plus_depr__c0p50__z1p00__lam0p020__nu0p50__psi0p75,hardzero_plus_depr,0.06,38,32,0.0,2,0.026783757,0.026783757,1.0442139,0.0,0.09032046,0.0,0.0,0.03825769,-27.184052,2.2973166,0.7657722,0.120000005,0.0,0.15671577,0.59999996,0.61999995,105600
hardzero_plus_depr__c0p50__z1p00__lam0p020__nu0p50__psi0p75,hardzero_plus_depr,0.06,38,33,0.0,2,0.026783757,0.026783757,1.0494145,0.0,0.08924532,0.0,0.0,0.037688106,-28.567804,2.308758,0.769586,0.128,0.0,0.15263873,0.61999995,0.6399999,108800
hardzero_plus_depr__c0p50__z1p00__lam0p020__nu0p50__psi0p75,hardzero_plus_depr,0.06,38,34,0.0,2,0.026783757,0.026783757,1.040282,0.0,0.09114189,0.0,0.0,0.037127007,-27.73137,2.288666,0.76288867,0.15200001,0.0,0.17447644,0.6399999,0.6599999,112000
hardzero_plus_depr__c0p50__z1p00__lam0p020__nu0p50__psi0p75,hardzero_plus_depr,0.06,38,35,0.0,2,0.026783757,0.026783757,1.0073152,0.0,0.09832973,0.0,0.0,0.03657426,-27.771774,2.2161376,0.73871255,0.18400002,0.0,0.15301117,0.6599999,0.6799999,115200
hardzero_plus_depr__c0p50__z1p00__lam0p020__nu0p50__psi0p75,hardzero_plus_depr,0.06,38,36,0.0,2,0.026783757,0.026783757,1.0791792,0.0,0.08333373,0.0,0.0,0.036029737,-28.644827,2.3742416,0.7914139,0.16000001,0.0,0.20014536,0.6799999,0.69999987,118400
hardzero_plus_depr__c0p50__z1p00__lam0p020__nu0p50__psi0p75,hardzero_plus_depr,0.06,38,37,0.0,2,0.026783757,0.030401161,0.99174976,0.101917855,0.101917855,1.0,0.0036174036,0.035493325,-26.760302,2.181893,0.7272977,0.208,0.0,0.13662891,0.69999987,0.71999985,121600
hardzero_plus_depr__c0p50__z1p00__lam0p020__nu0p50__psi0p75,hardzero_plus_depr,0.06,38,38,0.0,2,0.030401161,0.030401161,1.0501837,0.0,0.08908741,0.0,0.0,0.034964897,-27.66136,2.31045,0.77015007,0.104,0.0,0.19158342,0.71999985,0.73999983,124800
hardzero_plus_depr__c0p50__z1p00__lam0p020__nu0p50__psi0p75,hardzero_plus_depr,0.06,38,39,0.0,2,0.030401161,0.030401161,1.0778867,0.0,0.08358209,0.0,0.0,0.03444434,-27.699911,2.371398,0.790466,0.14,0.0,0.1807781,0.73999983,0.7599998,128000
hardzero_plus_depr__c0p50__z1p00__lam0p020__nu0p50__psi0p75,hardzero_plus_depr,0.06,38,40,0.0,2,0.030401161,0.030401161,1.0166482,0.0,0.09623915,0.0,0.0,0.033931527,-27.429296,2.2366707,0.74555695,0.16800001,0.0,0.15003759,0.7599998,0.7799998,131200
hardzero_plus_depr__c0p50__z1p00__lam0p020__nu0p50__psi0p75,hardzero_plus_depr,0.06,38,41,0.0,2,0.030401161,0.030401161,1.011062,0.0,0.09748504,0.0,0.0,0.03342635,-26.099243,2.224381,0.7414603,0.15200001,0.0,0.16878007,0.7799998,0.7999998,134400
hardzero_plus_depr__c0p50__z1p00__lam0p020__nu0p50__psi0p75,hardzero_plus_depr,0.06,38,42,0.0,2,0.030401161,0.030401161,1.014615,0.0,0.09669076,0.0,0.0,0.0329287,-26.722763,2.2321978,0.74406594,0.17600001,0.0,0.15627554,0.7999998,0.81999975,137600
hardzero_plus_depr__c0p50__z1p00__lam0p020__nu0p50__psi0p75,hardzero_plus_depr,0.06,38,43,0.0,2,0.030401161,0.030401161,1.0422428,0.0,0.09073131,0.0,0.0,0.03243846,-27.475334,2.29298,0.7643267,0.120000005,0.0,0.14310454,0.81999975,0.83999974,140800
hardzero_plus_depr__c0p50__z1p00__lam0p020__nu0p50__psi0p75,hardzero_plus_depr,0.06,38,44,0.0,2,0.030401161,0.030401161,1.0798877,0.0,0.08319788,0.0,0.0,0.031955514,-28.58016,2.3758006,0.79193354,0.120000005,0.0,0.1778132,0.83999974,0.8599997,144000
hardzero_plus_depr__c0p50__z1p00__lam0p020__nu0p50__psi0p75,hardzero_plus_depr,0.06,38,45,0.0,2,0.030401161,0.033749886,0.9731522,0.10637701,0.10637701,1.0,0.003348723,0.03147976,-26.748055,2.1409776,0.7136592,0.136,0.0,0.17624238,0.8599997,0.8799997,147200
hardzero_plus_depr__c0p50__z1p00__lam0p020__nu0p50__psi0p75,hardzero_plus_depr,0.06,38,46,0.0,2,0.033749886,0.033749886,1.0203272,0.0,0.09542733,0.0,0.0,0.031011084,-27.106293,2.2447648,0.74825495,0.2,0.0,0.16665393,0.8799997,0.8999997,150400
hardzero_plus_depr__c0p50__z1p00__lam0p020__nu0p50__psi0p75,hardzero_plus_depr,0.06,38,47,0.0,2,0.033749886,0.033749886,1.0044577,0.0,0.09897883,0.0,0.0,0.03054939,-27.239689,2.209851,0.736617,0.18400002,0.0,0.14524044,0.8999997,0.91999966,153600
hardzero_plus_depr__c0p50__z1p00__lam0p020__nu0p50__psi0p75,hardzero_plus_depr,0.06,38,48,0.0,2,0.033749886,0.033749886,1.0117257,0.0,0.097336195,0.0,0.0,0.03009457,-27.211056,2.2258408,0.74194694,0.16800001,0.0,0.15500465,0.91999966,0.93999964,156800
hardzero_plus_depr__c0p50__z1p00__lam0p020__nu0p50__psi0p75,hardzero_plus_depr,0.06,38,49,0.0,2,0.033749886,0.036899306,0.97374326,0.106232345,0.106232345,1.0,0.0031494196,0.029646521,-26.317732,2.142278,0.7140927,0.2,0.0,0.15874524,0.93999964,0.9599996,160000
hardzero_plus_depr__c0p50__z1p00__lam0p020__nu0p50__psi0p75,hardzero_plus_depr,0.06,38,50,0.0,2,0.036899306,0.036899306,1.0841225,0.0,0.08239056,0.0,0.0,0.029205143,-28.42915,2.3851173,0.7950391,0.128,0.0,0.16535853,0.9599996,0.9799996,163200
hardzero_plus_depr__c0p50__z1p00__lam0p020__nu0p50__psi0p75,hardzero_plus_depr,0.06,38,51,0.0,2,0.036899306,0.036899306,1.0301869,0.0,0.09328528,0.0,0.0,0.028770335,-26.958824,2.2664564,0.7554855,0.080000006,0.0,0.13846087,0.9799996,0.9999996,166400
hardzero_plus_depr__c0p50__z1p00__lam0p020__nu0p50__psi0p75,hardzero_plus_depr,0.06,38,52,0.0,2,0.036899306,0.039747056,0.99792886,0.100478046,0.100478046,1.0,0.0028477488,0.028342001,-26.622337,2.1954873,0.7318291,0.13,0.0,0.15717985,0.9999996,1.0199996,169600
hardzero_plus_depr__c0p50__z1p00__lam0p020__nu0p50__psi0p75,hardzero_plus_depr,0.06,38,53,0.0,2,0.039747056,0.039747056,1.0538185,0.0,0.0883449,0.0,0.0,0.027920043,-27.987093,2.3184469,0.77281564,0.14400001,0.0,0.16392186,1.0199996,1.0399996,172800
hardzero_plus_depr__c0p50__z1p00__lam0p020__nu0p50__psi0p75,hardzero_plus_depr,0.06,38,54,0.0,2,0.039747056,0.039747056,1.0362545,0.0,0.09199103,0.0,0.0,0.027504368,-28.259779,2.2798054,0.75993514,0.14400001,0.0,0.18000115,1.0399996,1.0599996,176000
hardzero_plus_depr__c0p50__z1p00__lam0p020__nu0p50__psi0p75,hardzero_plus_depr,0.06,38,55,0.0,2,0.039747056,0.039747056,1.0243827,0.0,0.09454036,0.0,0.0,0.027094882,-27.535849,2.253687,0.751229,0.112,0.0,0.14156619,1.0599996,1.0799996,179200
hardzero_plus_depr__c0p50__z1p00__lam0p020__nu0p50__psi0p75,hardzero_plus_depr,0.06,38,56,0.0,2,0.039747056,0.039747056,1.0754901,0.0,0.08404462,0.0,0.0,0.026691493,-27.566008,2.3661256,0.78870857,0.14400001,0.0,0.1762679,1.0799996,1.0999995,182400
hardzero_plus_depr__c0p50__z1p00__lam0p020__nu0p50__psi0p75,hardzero_plus_depr,0.06,38,57,0.0,2,0.039747056,0.039747056,1.0412941,0.0,0.090929724,0.0,0.0,0.026294107,-26.885975,2.2908928,0.763631,0.112,0.0,0.14123522,1.0999995,1.1199995,185600
hardzero_plus_depr__c0p50__z1p00__lam0p020__nu0p50__psi0p75,hardzero_plus_depr,0.06,38,58,0.0,2,0.039747056,0.039747056,1.0392132,0.0,0.091366455,0.0,0.0,0.025902638,-27.879833,2.2863147,0.7621049,0.15200001,0.0,0.16524868,1.1199995,1.1399995,188800
hardzero_plus_depr__c0p50__z1p00__lam0p020__nu0p50__psi0p75,hardzero_plus_depr,0.06,38,59,0.0,2,0.039747056,0.039747056,1.023606,0.0,0.094709605,0.0,0.0,0.025517,-27.520718,2.2519782,0.7506594,0.16800001,0.0,0.1506823,1.1399995,1.1599995,192000
hardzero_plus_depr__c0p50__z1p00__lam0p020__nu0p50__psi0p75,hardzero_plus_depr,0.06,38,60,0.0,2,0.039747056,0.039747056,1.0510975,0.0,0.088900134,0.0,0.0,0.0251371,-27.7989,2.3124607,0.77082026,0.15200001,0.0,0.15924446,1.1599995,1.1799995,195200
hardzero_plus_depr__c0p50__z1p00__lam0p020__nu0p50__psi0p75,hardzero_plus_depr,0.06,38,61,0.0,2,0.039747056,0.039747056,1.0322992,0.0,0.09283267,0.0,0.0,0.024762861,-28.332972,2.2711036,0.75703454,0.16000001,0.0,0.18575844,1.1799995,1.1999995,198400
hardzero_plus_depr__c0p50__z1p00__lam0p020__nu0p50__psi0p75,hardzero_plus_depr,0.06,38,62,0.0,2,0.039747056,0.039747056,1.02953,0.0,0.09342646,0.0,0.0,0.02439419,-26.672674,2.2650113,0.7550038,0.16000001,0.008,0.1573638,1.1999995,1.2199994,201600
hardzero_plus_depr__c0p50__z1p00__lam0p020__nu0p50__psi0p75,hardzero_plus_depr,0.06,38,63,0.0,2,0.039747056,0.039747056,1.0389662,0.0,0.091418445,0.0,0.0,0.024031008,-27.307568,2.2857711,0.76192373,0.104,0.0,0.1453938,1.2199994,1.2399994,204800
hardzero_plus_depr__c0p50__z1p00__lam0p020__nu0p50__psi0p75,hardzero_plus_depr,0.06,38,64,0.0,2,0.039747056,0.039747056,1.0530707,0.0,0.08849715,0.0,0.0,0.023673233,-27.503832,2.3168018,0.7722673,0.112,0.0,0.17248578,1.2399994,1.2599994,208000
hardzero_plus_depr__c0p50__z1p00__lam0p020__nu0p50__psi0p75,hardzero_plus_depr,0.06,38,65,0.0,2,0.039747056,0.039747056,1.0162857,0.0,0.09631952,0.0,0.0,0.023320785,-27.623142,2.235873,0.745291,0.26,0.0,0.15795027,1.2599994,1.2799994,211200
hardzero_plus_depr__c0p50__z1p00__lam0p020__nu0p50__psi0p75,hardzero_plus_depr,0.06,38,66,0.0,2,0.039747056,0.039747056,1.022959,0.0,0.09485079,0.0,0.0,0.022973582,-27.71299,2.2505548,0.75018495,0.17600001,0.0,0.19435085,1.2799994,1.2999994,214400
hardzero_plus_depr__c0p50__z1p00__lam0p020__nu0p50__psi0p75,hardzero_plus_depr,0.06,38,67,0.0,2,0.039747056,0.039747056,1.0367371,0.0,0.091888875,0.0,0.0,0.02263155,-27.511528,2.280867,0.7602891,0.16000001,0.0,0.16641563,1.2999994,1.3199993,217600
hardzero_plus_depr__c0p50__z1p00__lam0p020__nu0p50__psi0p75,hardzero_plus_depr,0.06,38,68,0.0,2,0.039747056,0.039747056,1.0324073,0.0,0.09280956,0.0,0.0,0.022294613,-26.63902,2.2713413,0.7571138,0.192,0.008,0.16163018,1.3199993,1.3399993,220800
hardzero_plus_depr__c0p50__z1p00__lam0p020__nu0p50__psi0p75,hardzero_plus_depr,0.06,38,69,0.0,2,0.039747056,0.041976765,0.99343735,0.10152257,0.10152257,1.0,0.0022297087,0.02196269,-26.79151,2.1856058,0.7285353,0.15200001,0.0,0.13972692,1.3399993,1.3599993,224000
hardzero_plus_depr__c0p50__z1p00__lam0p020__nu0p50__psi0p75,hardzero_plus_depr,0.06,38,70,0.0,2,0.041976765,0.041976765,1.0107151,0.0,0.09756293,0.0,0.0,0.021635707,-26.98921,2.2236176,0.7412059,0.136,0.0,0.15892972,1.3599993,1.3799993,227200
hardzero_plus_depr__c0p50__z1p00__lam0p020__nu0p50__psi0p75,hardzero_plus_depr,0.06,38,71,0.0,2,0.041976765,0.041976765,1.0636967,0.0,0.08635813,0.0,0.0,0.021313595,-27.996326,2.3401794,0.7800598,0.14400001,0.0,0.18681075,1.3799993,1.3999993,230400
hardzero_plus_depr__c0p50__z1p00__lam0p020__nu0p50__psi0p75,hardzero_plus_depr,0.06,38,72,0.0,2,0.041976765,0.041976765,1.0608959,0.0,0.08691687,0.0,0.0,0.020996276,-27.948267,2.3340178,0.77800596,0.136,0.0,0.15248159,1.3999993,1.4199992,233600
hardzero_plus_depr__c0p50__z1p00__lam0p020__nu0p50__psi0p75,hardzero_plus_depr,0.06,38,73,0.0,2,0.041976765,0.041976765,1.0010378,0.0,0.099761315,0.0,0.0,0.020683683,-27.6394,2.2023273,0.7341091,0.208,0.0,0.17365532,1.4199992,1.4399992,236800
hardzero_plus_depr__c0p50__z1p00__lam0p020__nu0p50__psi0p75,hardzero_plus_depr,0.06,38,74,0.0,2,0.041976765,0.044310015,0.9411521,0.11451118,0.11451118,1.0,0.0023332501,0.020375742,-25.967793,2.070576,0.690192,0.23200001,0.0,0.12602222,1.4399992,1.4599992,240000
hardzero_plus_depr__c0p50__z1p00__lam0p020__nu0p50__psi0p75,hardzero_plus_depr,0.06,38,75,0.0,2,0.044310015,0.0463662,0.9895369,0.10243847,0.10243847,1.0,0.0020561847,0.020072388,-27.074774,2.1770246,0.72567487,0.24800001,0.0,0.17828393,1.4599992,1.4799992,243200
hardzero_plus_depr__c0p50__z1p00__lam0p020__nu0p50__psi0p75,hardzero_plus_depr,0.06,38,76,0.0,2,0.0463662,0.0463662,1.0307263,0.0,0.09316948,0.0,0.0,0.019773548,-27.278263,2.2676432,0.7558811,0.08800001,0.0,0.1541251,1.4799992,1.4999992,246400
hardzero_plus_depr__c0p50__z1p00__lam0p020__nu0p50__psi0p75,hardzero_plus_depr,0.06,38,77,0.0,2,0.0463662,0.0463662,1.0552081,0.0,0.08806269,0.0,0.0,0.019479157,-27.849478,2.321504,0.7738347,0.136,0.0,0.18368694,1.4999992,1.5199991,249600
hardzero_plus_depr__c0p50__z1p00__lam0p020__nu0p50__psi0p75,hardzero_plus_depr,0.06,38,78,0.0,2,0.0463662,0.0463662,1.0165906,0.0,0.096251905,0.0,0.0,0.019189153,-27.471289,2.236544,0.74551463,0.11,0.0,0.13984972,1.5199991,1.5399991,252800
hardzero_plus_depr__c0p50__z1p00__lam0p020__nu0p50__psi0p75,hardzero_plus_depr,0.06,38,79,0.0,2,0.0463662,0.0463662,1.0484215,0.0,0.08944963,0.0,0.0,0.018903462,-28.281424,2.3065734,0.76885784,0.17600001,0.0,0.18483034,1.5399991,1.5599991,256000
hardzero_plus_depr__c0p50__z1p00__lam0p020__nu0p50__psi0p75,hardzero_plus_depr,0.06,38,80,0.0,2,0.0463662,0.0463662,1.0412387,0.0,0.09094135,0.0,0.0,0.01862203,-27.496288,2.2907708,0.7635903,0.16800001,0.0,0.1600548,1.5599991,1.5799991,259200
hardzero_plus_depr__c0p50__z1p00__lam0p020__nu0p50__psi0p75,hardzero_plus_depr,0.06,38,81,0.0,2,0.0463662,0.0463662,1.0413467,0.0,0.09091873,0.0,0.0,0.018344784,-27.831814,2.2910085,0.7636695,0.192,0.0,0.15158115,1.5799991,1.5999991,262400
hardzero_plus_depr__c0p50__z1p00__lam0p020__nu0p50__psi0p75,hardzero_plus_depr,0.06,38,82,0.0,2,0.0463662,0.0463662,1.0716106,0.0,0.084798746,0.0,0.0,0.018071664,-28.63691,2.3575904,0.7858635,0.136,0.0,0.15513654,1.5999991,1.619999,265600
hardzero_plus_depr__c0p50__z1p00__lam0p020__nu0p50__psi0p75,hardzero_plus_depr,0.06,38,83,0.0,2,0.0463662,0.0463662,1.0100906,0.0,0.097703345,0.0,0.0,0.017802613,-26.59864,2.2222435,0.74074787,0.104,0.0,0.14589342,1.619999,1.639999,268800
hardzero_plus_depr__c0p50__z1p00__lam0p020__nu0p50__psi0p75,hardzero_plus_depr,0.06,38,84,0.0,2,0.0463662,0.04813311,0.99675477,0.10075005,0.10075005,1.0,0.0017669107,0.017537566,-26.789902,2.1929042,0.7309681,0.18400002,0.0,0.15904354,1.639999,1.659999,272000
hardzero_plus_depr__c0p50__z1p00__lam0p020__nu0p50__psi0p75,hardzero_plus_depr,0.06,38,85,0.0,2,0.04813311,0.04813311,1.0243707,0.0,0.09454298,0.0,0.0,0.017276466,-27.06,2.2536604,0.75122017,0.112,0.0,0.15210533,1.659999,1.679999,275200
hardzero_plus_depr__c0p50__z1p00__lam0p020__nu0p50__psi0p75,hardzero_plus_depr,0.06,38,86,0.0,2,0.04813311,0.04986414,0.99263585,0.10171011,0.10171011,1.0,0.0017310302,0.017019253,-26.270468,2.1838424,0.7279475,0.17600001,0.0,0.1728042,1.679999,1.699999,278400
hardzero_plus_depr__c0p50__z1p00__lam0p020__nu0p50__psi0p75,hardzero_plus_depr,0.06,38,87,0.0,2,0.04986414,0.04986414,1.0269969,0.0,0.093973,0.0,0.0,0.01676587,-27.111794,2.2594383,0.7531461,0.128,0.0,0.17939107,1.699999,1.719999,281600
hardzero_plus_depr__c0p50__z1p00__lam0p020__nu0p50__psi0p75,hardzero_plus_depr,0.06,38,88,0.0,2,0.04986414,0.04986414,1.0056782,0.0,0.09870107,0.0,0.0,0.016516259,-26.73637,2.212536,0.73751205,0.17600001,0.0,0.16172864,1.719999,1.7399989,284800
hardzero_plus_depr__c0p50__z1p00__lam0p020__nu0p50__psi0p75,hardzero_plus_depr,0.06,38,89,0.0,2,0.04986414,0.04986414,1.0677226,0.0,0.08556131,0.0,0.0,0.016270366,-27.44278,2.3490365,0.78301215,0.08800001,0.0,0.18982913,1.7399989,1.7599989,288000
hardzero_plus_depr__c0p50__z1p00__lam0p020__nu0p50__psi0p75,hardzero_plus_depr,0.06,38,90,0.0,2,0.04986414,0.051608276,0.96330255,0.10881716,0.10881716,1.0,0.0017441356,0.01602813,-26.858625,2.119308,0.70643604,0.192,0.0,0.16717257,1.7599989,1.7799989,291200
hardzero_plus_depr__c0p50__z1p00__lam0p020__nu0p50__psi0p75,hardzero_plus_depr,0.06,38,91,0.0,2,0.051608276,0.051608276,1.0251241,0.0,0.09437911,0.0,0.0,0.015789503,-27.093124,2.255318,0.75177264,0.19,0.0,0.18231563,1.7799989,1.7999989,294400
hardzero_plus_depr__c0p50__z1p00__lam0p020__nu0p50__psi0p75,hardzero_plus_depr,0.06,38,92,0.0,2,0.051608276,0.051608276,1.0602806,0.0,0.087040104,0.0,0.0,0.015554428,-27.875187,2.3326638,0.77755463,0.16000001,0.0,0.16960965,1.7999989,1.8199989,297600
hardzero_plus_depr__c0p50__z1p00__lam0p020__nu0p50__psi0p75,hardzero_plus_depr,0.06,38,93,0.0,2,0.051608276,0.051608276,1.0307717,0.0,0.09315975,0.0,0.0,0.015322854,-27.26852,2.267743,0.7559144,0.16000001,0.0,0.1644076,1.8199989,1.8399988,300800
hardzero_plus_depr__c0p50__z1p00__lam0p020__nu0p50__psi0p75,hardzero_plus_depr,0.06,38,94,0.0,2,0.051608276,0.051608276,1.0736101,0.0,0.08440923,0.0,0.0,0.015094726,-27.726454,2.3619893,0.7873298,0.128,0.0,0.17414261,1.8399988,1.8599988,304000
hardzero_plus_depr__c0p50__z1p00__lam0p020__nu0p50__psi0p75,hardzero_plus_depr,0.06,38,95,0.0,2,0.051608276,0.051608276,1.0035483,0.0,0.099186316,0.0,0.0,0.0148699945,-26.395226,2.2078502,0.7359501,0.2,0.0,0.14216387,1.8599988,1.8799988,307200
hardzero_plus_depr__c0p50__z1p00__lam0p020__nu0p50__psi0p75,hardzero_plus_depr,0.06,38,96,0.0,2,0.051608276,0.051608276,1.0114355,0.0,0.09740124,0.0,0.0,0.01464861,-26.520678,2.2252026,0.7417342,0.17600001,0.0,0.15290958,1.8799988,1.8999988,310400
hardzero_plus_depr__c0p50__z1p00__lam0p020__nu0p50__psi0p75,hardzero_plus_depr,0.06,38,97,0.0,2,0.051608276,0.051608276,1.0119466,0.0,0.09728669,0.0,0.0,0.01443052,-26.381502,2.226327,0.742109,0.16800001,0.0,0.15003179,1.8999988,1.9199988,313600
hardzero_plus_depr__c0p50__z1p00__lam0p020__nu0p50__psi0p75,hardzero_plus_depr,0.06,38,98,0.0,2,0.051608276,0.05313651,0.9685776,0.10750344,0.10750344,1.0,0.0015282342,0.014215678,-26.508545,2.1309133,0.71030444,0.2,0.0,0.1476717,1.9199988,1.9399987,316800
hardzero_plus_depr__c0p50__z1p00__lam0p020__nu0p50__psi0p75,hardzero_plus_depr,0.06,38,99,0.0,2,0.05313651,0.054753672,0.93749905,0.11547844,0.11547844,1.0,0.001617164,0.014004034,-25.826302,2.062539,0.68751305,0.192,0.0,0.1502832,1.9399987,1.9599987,320000
hardzero_plus_depr__c0p50__z1p00__lam0p020__nu0p50__psi0p75,hardzero_plus_depr,0.06,38,100,0.0,2,0.054753672,0.054753672,1.0603751,0.0,0.087021165,0.0,0.0,0.0137955425,-28.683697,2.3328717,0.7776239,0.128,0.0,0.17651772,1.9599987,1.9799987,323200
hardzero_plus_depr__c0p50__z1p00__lam0p020__nu0p50__psi0p75,hardzero_plus_depr,0.06,38,101,0.0,2,0.054753672,0.054753672,1.0656826,0.0,0.08596414,0.0,0.0,0.013590153,-28.052778,2.3445487,0.78151625,0.17600001,0.0,0.18776518,1.9799987,1.9999987,326400
hardzero_plus_depr__c0p50__z1p00__lam0p020__nu0p50__psi0p75,hardzero_plus_depr,0.06,38,102,0.0,2,0.054753672,0.054753672,1.0031992,0.0,0.09926607,0.0,0.0,0.0133878235,-27.174242,2.2070823,0.7356941,0.192,0.008,0.15510873,1.9999987,2.0199988,329600
hardzero_plus_depr__c0p50__z1p00__lam0p020__nu0p50__psi0p75,hardzero_plus_depr,0.06,38,103,0.0,2,0.054753672,0.054753672,1.0236914,0.0,0.094690956,0.0,0.0,0.013188502,-26.379234,2.252166,0.75072205,0.16000001,0.0,0.15352428,2.0199988,2.0399988,332800
hardzero_plus_depr__c0p50__z1p00__lam0p020__nu0p50__psi0p75,hardzero_plus_depr,0.06,38,104,0.0,2,0.054753672,0.054753672,1.0958858,0.0,0.08018889,0.0,0.0,0.012992154,-28.236391,2.4109967,0.8036656,0.11,0.0,0.21431789,2.0399988,2.0599988,336000
hardzero_plus_depr__c0p50__z1p00__lam0p020__nu0p50__psi0p75,hardzero_plus_depr,0.06,38,105,0.0,2,0.054753672,0.056041785,0.99721295,0.10064381,0.10064381,1.0,0.0012881123,0.012798723,-26.677887,2.1939123,0.7313041,0.2,0.0,0.14646935,2.0599988,2.0799987,339200
hardzero_plus_depr__c0p50__z1p00__lam0p020__nu0p50__psi0p75,hardzero_plus_depr,0.06,38,106,0.0,2,0.056041785,0.056041785,1.034315,0.0,0.09240278,0.0,0.0,0.012608176,-27.589329,2.2755384,0.75851285,0.15200001,0.0,0.16560924,2.0799987,2.0999987,342400
hardzero_plus_depr__c0p50__z1p00__lam0p020__nu0p50__psi0p75,hardzero_plus_depr,0.06,38,107,0.0,2,0.056041785,0.056041785,1.0118165,0.0,0.097315826,0.0,0.0,0.012420464,-26.592686,2.2260408,0.74201363,0.15200001,0.0,0.15290861,2.0999987,2.1199987,345600
hardzero_plus_depr__c0p50__z1p00__lam0p020__nu0p50__psi0p75,hardzero_plus_depr,0.06,38,108,0.0,2,0.056041785,0.056041785,1.0370629,0.0,0.091819964,0.0,0.0,0.012235549,-27.263184,2.281584,0.760528,0.192,0.0,0.14991647,2.1199987,2.1399987,348800
hardzero_plus_depr__c0p50__z1p00__lam0p020__nu0p50__psi0p75,hardzero_plus_depr,0.06,38,109,0.0,2,0.056041785,0.057330806,0.97084945,0.10694254,0.10694254,1.0,0.0012890196,0.012053384,-25.338678,2.1359115,0.7119705,0.16000001,0.0,0.14525862,2.1399987,2.1599987,352000
hardzero_plus_depr__c0p50__z1p00__lam0p020__nu0p50__psi0p75,hardzero_plus_depr,0.06,38,110,0.0,2,0.057330806,0.05851963,0.99947613,0.100120686,0.100120686,1.0,0.0011888265,0.011873934,-26.430391,2.1988914,0.7329638,0.096,0.0,0.18363407,2.1599987,2.1799986,355200
hardzero_plus_depr__c0p50__z1p00__lam0p020__nu0p50__psi0p75,hardzero_plus_depr,0.06,38,111,0.0,2,0.05851963,0.059730053,0.9851441,0.103479885,0.103479885,1.0,0.00121042,0.011697154,-26.40781,2.1673603,0.7224535,0.208,0.0,0.1399733,2.1799986,2.1999986,358400
hardzero_plus_depr__c0p50__z1p00__lam0p020__nu0p50__psi0p75,hardzero_plus_depr,0.06,38,112,0.0,2,0.059730053,0.059730053,1.0003818,0.0,0.09991211,0.0,0.0,0.011523007,-25.965313,2.2008839,0.733628,0.24000001,0.0,0.1538823,2.1999986,2.2199986,361600
hardzero_plus_depr__c0p50__z1p00__lam0p020__nu0p50__psi0p75,hardzero_plus_depr,0.06,38,113,0.0,2,0.059730053,0.059730053,1.0610515,0.0,0.08688573,0.0,0.0,0.011351449,-27.69917,2.33436,0.77812,0.104,0.0,0.17646469,2.2199986,2.2399986,364800
hardzero_plus_depr__c0p50__z1p00__lam0p020__nu0p50__psi0p75,hardzero_plus_depr,0.06,38,114,0.0,2,0.059730053,0.059730053,1.040287,0.0,0.091140814,0.0,0.0,0.011182451,-28.02638,2.2886772,0.7628924,0.16000001,0.0,0.15544942,2.2399986,2.2599986,368000
hardzero_plus_depr__c0p50__z1p00__lam0p020__nu0p50__psi0p75,hardzero_plus_depr,0.06,38,115,0.0,2,0.059730053,0.059730053,1.0261272,0.0,0.09416137,0.0,0.0,0.011015966,-27.48862,2.257525,0.75250834,0.15200001,0.0,0.15938143,2.2599986,2.2799985,371200
hardzero_plus_depr__c0p50__z1p00__lam0p020__nu0p50__psi0p75,hardzero_plus_depr,0.06,38,116,0.0,2,0.059730053,0.06082139,0.9975493,0.10056588,0.10056588,1.0,0.0010913368,0.01085196,-26.89617,2.1946523,0.7315508,0.15200001,0.0,0.16770968,2.2799985,2.2999985,374400
hardzero_plus_depr__c0p50__z1p00__lam0p020__nu0p50__psi0p75,hardzero_plus_depr,0.06,38,117,0.0,2,0.06082139,0.06082139,1.0553896,0.0,0.088025875,0.0,0.0,0.010690395,-28.432348,2.3219037,0.7739679,0.12,0.0,0.16440028,2.2999985,2.3199985,377600
hardzero_plus_depr__c0p50__z1p00__lam0p020__nu0p50__psi0p75,hardzero_plus_depr,0.06,38,118,0.0,2,0.06082139,0.06189004,0.993644,0.10147429,0.10147429,1.0,0.0010686497,0.0105312355,-26.428308,2.1860604,0.7286868,0.18400002,0.0,0.1387676,2.3199985,2.3399985,380800
hardzero_plus_depr__c0p50__z1p00__lam0p020__nu0p50__psi0p75,hardzero_plus_depr,0.06,38,119,0.0,2,0.06189004,0.06189004,1.028135,0.0,0.09372707,0.0,0.0,0.0103744455,-27.17618,2.2619421,0.75398076,0.17600001,0.0,0.16562313,2.3399985,2.3599985,384000
hardzero_plus_depr__c0p50__z1p00__lam0p020__nu0p50__psi0p75,hardzero_plus_depr,0.06,38,120,0.0,2,0.06189004,0.06189004,1.0231075,0.0,0.09481835,0.0,0.0,0.010219992,-26.870497,2.2508814,0.75029385,0.128,0.0,0.14216927,2.3599985,2.3799984,387200
hardzero_plus_depr__c0p50__z1p00__lam0p020__nu0p50__psi0p75,hardzero_plus_depr,0.06,38,121,0.0,2,0.06189004,0.06189004,1.0054364,0.0,0.09875601,0.0,0.0,0.010067834,-26.819733,2.2120042,0.7373347,0.16000001,0.0,0.15072134,2.3799984,2.3999984,390400
hardzero_plus_depr__c0p50__z1p00__lam0p020__nu0p50__psi0p75,hardzero_plus_depr,0.06,38,122,0.0,2,0.06189004,0.06189004,1.0157968,0.0,0.096428014,0.0,0.0,0.009917946,-26.90335,2.2347975,0.74493253,0.23200001,0.0,0.18502998,2.3999984,2.4199984,393600
hardzero_plus_depr__c0p50__z1p00__lam0p020__nu0p50__psi0p75,hardzero_plus_depr,0.06,38,123,0.0,2,0.06189004,0.06189004,1.0623676,0.0,0.08662284,0.0,0.0,0.009770286,-28.4182,2.3372552,0.7790851,0.08800001,0.008,0.16033347,2.4199984,2.4399984,396800
hardzero_plus_depr__c0p50__z1p00__lam0p020__nu0p50__psi0p75,hardzero_plus_depr,0.06,38,124,0.0,2,0.06189004,0.06189004,1.0671979,0.0,0.085664734,0.0,0.0,0.009624826,-27.813652,2.3478823,0.78262746,0.14400001,0.0,0.15439145,2.4399984,2.4599984,400000
hardzero_plus_depr__c0p50__z1p00__lam0p020__nu0p50__psi0p75,hardzero_plus_depr,0.06,38,125,0.0,2,0.06189004,0.06289727,0.9737484,0.10623107,0.10623107,1.0,0.001007233,0.00948153,-26.034782,2.1422892,0.7140964,0.224,0.008,0.16149095,2.4599984,2.4799984,403200
hardzero_plus_depr__c0p50__z1p00__lam0p020__nu0p50__psi0p75,hardzero_plus_depr,0.06,38,126,0.0,2,0.06289727,0.06289727,1.0143472,0.0,0.09675039,0.0,0.0,0.009340369,-26.881123,2.2316084,0.7438695,0.23200001,0.008,0.16875605,2.4799984,2.4999983,406400
hardzero_plus_depr__c0p50__z1p00__lam0p020__nu0p50__psi0p75,hardzero_plus_depr,0.06,38,127,0.0,2,0.06289727,0.06289727,1.0000069,0.0,0.0999984,0.0,0.0,0.009201309,-26.858484,2.2000592,0.7333531,0.14400001,0.0,0.16502105,2.4999983,2.5199983,409600
hardzero_plus_depr__c0p50__z1p00__lam0p020__nu0p50__psi0p75,hardzero_plus_depr,0.06,38,128,0.0,2,0.06289727,0.06289727,1.0069739,0.0,0.09840702,0.0,0.0,0.0090643205,-27.296112,2.2153866,0.7384622,0.2,0.0,0.16356863,2.5199983,2.5399983,412800
hardzero_plus_depr__c0p50__z1p00__lam0p020__nu0p50__psi0p75,hardzero_plus_depr,0.06,38,129,0.0,2,0.06289727,0.06289727,1.0106376,0.0,0.09758033,0.0,0.0,0.008929369,-26.887074,2.2234473,0.7411491,0.16000001,0.0,0.14487445,2.5399983,2.5599983,416000
hardzero_plus_depr__c0p50__z1p00__lam0p020__nu0p50__psi0p75,hardzero_plus_depr,0.06,38,130,0.0,2,0.06289727,0.06289727,1.0149139,0.0,0.096624225,0.0,0.0,0.008796429,-27.253063,2.232855,0.74428505,0.099999994,0.0,0.18673573,2.5599983,2.5799983,419200
hardzero_plus_depr__c0p50__z1p00__lam0p020__nu0p50__psi0p75,hardzero_plus_depr,0.06,38,131,0.0,2,0.06289727,0.06289727,1.0853379,0.0,0.082160324,0.0,0.0,0.008665467,-28.664505,2.387791,0.7959303,0.15200001,0.0,0.16381514,2.5799983,2.5999982,422400
hardzero_plus_depr__c0p50__z1p00__lam0p020__nu0p50__psi0p75,hardzero_plus_depr,0.06,38,132,0.0,2,0.06289727,0.06385238,0.9512253,0.11188574,0.11188574,1.0,0.0009551076,0.008536455,-26.024086,2.0927374,0.69757915,0.17600001,0.008,0.17885186,2.5999982,2.6199982,425600
hardzero_plus_depr__c0p50__z1p00__lam0p020__nu0p50__psi0p75,hardzero_plus_depr,0.06,38,133,0.0,2,0.06385238,0.06385238,1.0452795,0.0,0.090099104,0.0,0.0,0.008409364,-27.163774,2.299661,0.76655364,0.14400001,0.0,0.14314263,2.6199982,2.6399982,428800
hardzero_plus_depr__c0p50__z1p00__lam0p020__nu0p50__psi0p75,hardzero_plus_depr,0.06,38,134,0.0,2,0.06385238,0.06385238,1.0847003,0.0,0.082281016,0.0,0.0,0.0082841655,-28.162357,2.3863885,0.79546285,0.112,0.0,0.15719287,2.6399982,2.6599982,432000
hardzero_plus_depr__c0p50__z1p00__lam0p020__nu0p50__psi0p75,hardzero_plus_depr,0.06,38,135,0.0,2,0.06385238,0.06385238,1.0077904,0.0,0.09822218,0.0,0.0,0.00816083,-27.238554,2.2171834,0.7390611,0.15200001,0.0,0.18539144,2.6599982,2.6799982,435200
hardzero_plus_depr__c0p50__z1p00__lam0p020__nu0p50__psi0p75,hardzero_plus_depr,0.06,38,136,0.0,2,0.06385238,0.06385238,1.0470958,0.0,0.08972309,0.0,0.0,0.008039332,-27.817886,2.3036566,0.76788557,0.128,0.0,0.16028982,2.6799982,2.6999981,438400
hardzero_plus_depr__c0p50__z1p00__lam0p020__nu0p50__psi0p75,hardzero_plus_depr,0.06,38,137,0.0,2,0.06385238,0.06385238,1.0305717,0.0,0.09320265,0.0,0.0,0.00791964,-27.132868,2.267303,0.7557677,0.136,0.0,0.16616015,2.6999981,2.7199981,441600
hardzero_plus_depr__c0p50__z1p00__lam0p020__nu0p50__psi0p75,hardzero_plus_depr,0.06,38,138,0.0,2,0.06385238,0.06463774,0.9971181,0.10066577,0.10066577,1.0,0.00078536756,0.007801734,-27.529318,2.1937037,0.73123455,0.18400002,0.0,0.17898141,2.7199981,2.739998,444800
hardzero_plus_depr__c0p50__z1p00__lam0p020__nu0p50__psi0p75,hardzero_plus_depr,0.06,38,139,0.0,2,0.06463774,0.06463774,1.0034409,0.0,0.099210836,0.0,0.0,0.0076855808,-26.387783,2.207614,0.7358713,0.17600001,0.0,0.15508528,2.739998,2.759998,448000
hardzero_plus_depr__c0p50__z1p00__lam0p020__nu0p50__psi0p75,hardzero_plus_depr,0.06,38,140,0.0,2,0.06463774,0.06463774,1.0015429,0.0,0.099645354,0.0,0.0,0.007571158,-27.383162,2.2034385,0.73447955,0.17600001,0.0,0.16258736,2.759998,2.779998,451200
hardzero_plus_depr__c0p50__z1p00__lam0p020__nu0p50__psi0p75,hardzero_plus_depr,0.06,38,141,0.0,2,0.06463774,0.06463774,1.0740061,0.0,0.08433229,0.0,0.0,0.0074584372,-29.449383,2.3628604,0.7876202,0.15200001,0.0,0.17863889,2.779998,2.799998,454400
hardzero_plus_depr__c0p50__z1p00__lam0p020__nu0p50__psi0p75,hardzero_plus_depr,0.06,38,142,0.0,2,0.06463774,0.06544477,0.9592463,0.10983828,0.10983828,1.0,0.00080702535,0.0073473966,-26.799797,2.110384,0.70346135,0.192,0.0,0.1456599,2.799998,2.819998,457600
hardzero_plus_depr__c0p50__z1p00__lam0p020__nu0p50__psi0p75,hardzero_plus_depr,0.06,38,143,0.0,2,0.06544477,0.06544477,1.0550236,0.0,0.08810011,0.0,0.0,0.0072380076,-27.554941,2.321098,0.7736994,0.17,0.0,0.16667636,2.819998,2.839998,460800
hardzero_plus_depr__c0p50__z1p00__lam0p020__nu0p50__psi0p75,hardzero_plus_depr,0.06,38,144,0.0,2,0.06544477,0.06544477,1.0311577,0.0,0.09307698,0.0,0.0,0.0071302485,-27.005856,2.2685924,0.75619745,0.136,0.0,0.16192056,2.839998,2.859998,464000
hardzero_plus_depr__c0p50__z1p00__lam0p020__nu0p50__psi0p75,hardzero_plus_depr,0.06,38,145,0.0,2,0.06544477,0.06544477,1.0328232,0.0,0.09272072,0.0,0.0,0.007024092,-27.430983,2.2722564,0.7574188,0.16000001,0.0,0.20407283,2.859998,2.879998,467200
hardzero_plus_depr__c0p50__z1p00__lam0p020__nu0p50__psi0p75,hardzero_plus_depr,0.06,38,146,0.0,2,0.06544477,0.06544477,1.0508239,0.0,0.08895618,0.0,0.0,0.006919518,-27.300869,2.311859,0.77061963,0.112,0.0,0.14555229,2.879998,2.899998,470400
hardzero_plus_depr__c0p50__z1p00__lam0p020__nu0p50__psi0p75,hardzero_plus_depr,0.06,38,147,0.0,2,0.06544477,0.06544477,1.0406331,0.0,0.09106822,0.0,0.0,0.0068164994,-27.753786,2.2894385,0.76314616,0.15200001,0.0,0.17003164,2.899998,2.919998,473600
hardzero_plus_depr__c0p50__z1p00__lam0p020__nu0p50__psi0p75,hardzero_plus_depr,0.06,38,148,0.0,2,0.06544477,0.06544477,1.0156842,0.0,0.09645301,0.0,0.0,0.0067150155,-26.623426,2.23455,0.74485004,0.2,0.0,0.1375884,2.919998,2.939998,476800
hardzero_plus_depr__c0p50__z1p00__lam0p020__nu0p50__psi0p75,hardzero_plus_depr,0.06,38,149,0.0,2,0.06544477,0.06544477,1.0308431,0.0,0.093144424,0.0,0.0,0.0066150413,-27.274055,2.2679002,0.7559668,0.112,0.0,0.18224281,2.939998,2.959998,480000
hardzero_plus_depr__c0p50__z1p00__lam0p020__nu0p50__psi0p75,hardzero_plus_depr,0.06,38,150,0.0,2,0.06544477,0.06544477,1.0050048,0.0,0.098854214,0.0,0.0,0.0065165567,-27.589361,2.2110546,0.7370182,0.192,0.0,0.16389482,2.959998,2.9799979,483200
hardzero_plus_depr__c0p50__z1p00__lam0p020__nu0p50__psi0p75,hardzero_plus_depr,0.06,38,151,0.0,2,0.06544477,0.06544477,1.0480503,0.0,0.08952612,0.0,0.0,0.006419537,-27.729261,2.3057566,0.76858556,0.15200001,0.0,0.17259444,2.9799979,2.9999979,486400
hardzero_plus_depr__c0p50__z1p00__lam0p020__nu0p50__psi0p75,hardzero_plus_depr,0.06,38,152,0.0,2,0.06544477,0.06544477,1.0456485,0.0,0.0900226,0.0,0.0,0.006323964,-28.61313,2.3004725,0.7668242,0.17600001,0.008,0.19690569,2.9999979,3.0199978,489600
hardzero_plus_depr__c0p50__z1p00__lam0p020__nu0p50__psi0p75,hardzero_plus_depr,0.06,38,153,0.0,2,0.06544477,0.06544477,1.0446879,0.0,0.09022193,0.0,0.0,0.006229812,-28.222132,2.2983592,0.7661197,0.096,0.0,0.14946073,3.0199978,3.0399978,492800
hardzero_plus_depr__c0p50__z1p00__lam0p020__nu0p50__psi0p75,hardzero_plus_depr,0.06,38,154,0.0,2,0.06544477,0.06544477,1.0783511,0.0,0.08349276,0.0,0.0,0.006137063,-28.310173,2.3724198,0.79080665,0.136,0.0,0.16157891,3.0399978,3.0599978,496000
hardzero_plus_depr__c0p50__z1p00__lam0p020__nu0p50__psi0p75,hardzero_plus_depr,0.06,38,155,0.0,2,0.06544477,0.06609391,0.9691074,0.10737238,0.10737238,1.0,0.00064914045,0.006045693,-25.6948,2.132079,0.710693,0.192,0.0,0.15403938,3.0599978,3.0799978,499200
hardzero_plus_depr__c0p50__z1p00__lam0p020__nu0p50__psi0p75,hardzero_plus_depr,0.06,38,156,0.0,2,0.06609391,0.06672576,0.9743146,0.10609267,0.10609267,1.0,0.0006318546,0.0059556854,-26.389574,2.143535,0.71451163,0.28,0.0,0.1396479,3.0799978,3.0999978,502400
hardzero_plus_depr__c0p50__z1p00__lam0p020__nu0p50__psi0p75,hardzero_plus_depr,0.06,38,157,0.0,2,0.06672576,0.06672576,1.0107392,0.0,0.09755754,0.0,0.0,0.005867016,-27.592552,2.2236707,0.7412236,0.192,0.0,0.16759263,3.0999978,3.1199977,505600
hardzero_plus_depr__c0p50__z1p00__lam0p020__nu0p50__psi0p75,hardzero_plus_depr,0.06,38,158,0.0,2,0.06672576,0.06736233,0.9580543,0.11014016,0.11014016,1.0,0.0006365736,0.005779668,-25.828365,2.1077616,0.70258725,0.2,0.0,0.17165367,3.1199977,3.1399977,508800
hardzero_plus_depr__c0p50__z1p00__lam0p020__nu0p50__psi0p75,hardzero_plus_depr,0.06,38,159,0.0,2,0.06736233,0.06736233,1.0168209,0.0,0.09620088,0.0,0.0,0.0056936196,-27.749033,2.2370508,0.7456836,0.136,0.0,0.15301527,3.1399977,3.1599977,512000
hardzero_plus_depr__c0p50__z1p00__lam0p020__nu0p50__psi0p75,hardzero_plus_depr,0.06,38,160,0.0,2,0.06736233,0.06736233,1.0141144,0.0,0.09680228,0.0,0.0,0.0056088534,-27.108974,2.2310963,0.7436988,0.15200001,0.0,0.17713103,3.1599977,3.1799977,515200
hardzero_plus_depr__c0p50__z1p00__lam0p020__nu0p50__psi0p75,hardzero_plus_depr,0.06,38,161,0.0,2,0.06736233,0.06736233,1.0219553,0.0,0.09507027,0.0,0.0,0.005525348,-27.456888,2.2483463,0.7494488,0.16000001,0.0,0.15910153,3.1799977,3.1999977,518400
hardzero_plus_depr__c0p50__z1p00__lam0p020__nu0p50__psi0p75,hardzero_plus_depr,0.06,38,162,0.0,2,0.06736233,0.06736233,1.0347085,0.0,0.09231908,0.0,0.0,0.0054430873,-26.740036,2.2764041,0.7588014,0.17600001,0.0,0.1756855,3.1999977,3.2199976,521600
hardzero_plus_depr__c0p50__z1p00__lam0p020__nu0p50__psi0p75,hardzero_plus_depr,0.06,38,163,0.0,2,0.06736233,0.06736233,1.0807576,0.0,0.0830314,0.0,0.0,0.0053620497,-28.486984,2.3777142,0.7925714,0.128,0.0,0.184316,3.2199976,3.2399976,524800
hardzero_plus_depr__c0p50__z1p00__lam0p020__nu0p50__psi0p75,hardzero_plus_depr,0.06,38,164,0.0,2,0.06736233,0.067898534,0.9934857,0.10151129,0.10151129,1.0,0.0005362049,0.0052822195,-26.699053,2.185712,0.7285707,0.17600001,0.0,0.16339427,3.2399976,3.2599976,528000
hardzero_plus_depr__c0p50__z1p00__lam0p020__nu0p50__psi0p75,hardzero_plus_depr,0.06,38,165,0.0,2,0.067898534,0.067898534,1.0582954,0.0,0.087438874,0.0,0.0,0.005203577,-28.686693,2.3282962,0.7760987,0.224,0.0,0.21187124,3.2599976,3.2799976,531200
hardzero_plus_depr__c0p50__z1p00__lam0p020__nu0p50__psi0p75,hardzero_plus_depr,0.06,38,166,0.0,2,0.067898534,0.067898534,1.019896,0.0,0.09552211,0.0,0.0,0.0051261066,-27.283869,2.2438161,0.74793875,0.104,0.0,0.1634099,3.2799976,3.2999976,534400
hardzero_plus_depr__c0p50__z1p00__lam0p020__nu0p50__psi0p75,hardzero_plus_depr,0.06,38,167,0.0,2,0.067898534,0.067898534,1.0375596,0.0,0.091715,0.0,0.0,0.005049788,-27.484247,2.2826767,0.7608923,0.14400001,0.0,0.16274628,3.2999976,3.3199975,537600
hardzero_plus_depr__c0p50__z1p00__lam0p020__nu0p50__psi0p75,hardzero_plus_depr,0.06,38,168,0.0,2,0.067898534,0.06845963,0.94772255,0.11279177,0.11279177,1.0,0.0005610948,0.0049746074,-26.213007,2.0850313,0.6950104,0.2,0.008,0.14411682,3.3199975,3.3399975,540800
hardzero_plus_depr__c0p50__z1p00__lam0p020__nu0p50__psi0p75,hardzero_plus_depr,0.06,38,169,0.0,2,0.06845963,0.06845963,1.0221514,0.0,0.09502735,0.0,0.0,0.0049005444,-25.760288,2.2487779,0.74959266,0.11,0.0,0.12968084,3.3399975,3.3599975,544000
hardzero_plus_depr__c0p50__z1p00__lam0p020__nu0p50__psi0p75,hardzero_plus_depr,0.06,38,170,0.0,2,0.06845963,0.06845963,1.0464863,0.0,0.08984911,0.0,0.0,0.004827586,-27.455334,2.3023157,0.7674386,0.216,0.0,0.1770746,3.3599975,3.3799975,547200
hardzero_plus_depr__c0p50__z1p00__lam0p020__nu0p50__psi0p75,hardzero_plus_depr,0.06,38,171,0.0,2,0.06845963,0.06845963,1.0223163,0.0,0.09499127,0.0,0.0,0.004755712,-26.973537,2.2491407,0.7497136,0.16800001,0.0,0.16799551,3.3799975,3.3999975,550400
hardzero_plus_depr__c0p50__z1p00__lam0p020__nu0p50__psi0p75,hardzero_plus_depr,0.06,38,172,0.0,2,0.06845963,0.06845963,1.0013608,0.0,0.09968716,0.0,0.0,0.004684909,-25.87407,2.2030377,0.7343459,0.17600001,0.0,0.15089917,3.3999975,3.4199975,553600
hardzero_plus_depr__c0p50__z1p00__lam0p020__nu0p50__psi0p75,hardzero_plus_depr,0.06,38,173,0.0,2,0.06845963,0.06845963,1.0422512,0.0,0.09072956,0.0,0.0,0.0046151592,-27.272644,2.2929986,0.7643329,0.120000005,0.0,0.19521143,3.4199975,3.4399974,556800
hardzero_plus_depr__c0p50__z1p00__lam0p020__nu0p50__psi0p75,hardzero_plus_depr,0.06,38,174,0.0,2,0.06845963,0.06845963,1.054397,0.0,0.0882273,0.0,0.0,0.0045464486,-28.05326,2.3197198,0.77324,0.128,0.0,0.16159856,3.4399974,3.4599974,560000
hardzero_plus_depr__c0p50__z1p00__lam0p020__nu0p50__psi0p75,hardzero_plus_depr,0.06,38,175,0.0,2,0.06845963,0.06845963,1.009212,0.0,0.097901195,0.0,0.0,0.0044787605,-27.292107,2.2203107,0.7401036,0.16000001,0.0,0.16416219,3.4599974,3.4799974,563200
hardzero_plus_depr__c0p50__z1p00__lam0p020__nu0p50__psi0p75,hardzero_plus_depr,0.06,38,176,0.0,2,0.06845963,0.06845963,1.0616505,0.0,0.086765975,0.0,0.0,0.0044120816,-28.094616,2.3356779,0.7785593,0.08800001,0.0,0.18288627,3.4799974,3.4999974,566400
hardzero_plus_depr__c0p50__z1p00__lam0p020__nu0p50__psi0p75,hardzero_plus_depr,0.06,38,177,0.0,2,0.06845963,0.06845963,1.0181414,0.0,0.09590883,0.0,0.0,0.0043463935,-27.732784,2.239956,0.746652,0.17600001,0.0,0.15445256,3.4999974,3.5199974,569600
hardzero_plus_depr__c0p50__z1p00__lam0p020__nu0p50__psi0p75,hardzero_plus_depr,0.06,38,178,0.0,2,0.06845963,0.06845963,1.0469153,0.0,0.08976038,0.0,0.0,0.0042816848,-27.595358,2.3032596,0.76775324,0.2,0.0,0.17355397,3.5199974,3.5399973,572800
hardzero_plus_depr__c0p50__z1p00__lam0p020__nu0p50__psi0p75,hardzero_plus_depr,0.06,38,179,0.0,2,0.06845963,0.06845963,1.006918,0.0,0.098419696,0.0,0.0,0.0042179385,-27.263756,2.2152638,0.7384213,0.17600001,0.0,0.18572702,3.5399973,3.5599973,576000
hardzero_plus_depr__c0p50__z1p00__lam0p020__nu0p50__psi0p75,hardzero_plus_depr,0.06,38,180,0.0,2,0.06845963,0.06845963,1.0828946,0.0,0.082623854,0.0,0.0,0.0041551418,-28.019447,2.3824155,0.79413855,0.120000005,0.0,0.1904769,3.5599973,3.5799973,579200
hardzero_plus_depr__c0p50__z1p00__lam0p020__nu0p50__psi0p75,hardzero_plus_depr,0.06,38,181,0.0,2,0.06845963,0.06845963,1.0519989,0.0,0.08871582,0.0,0.0,0.0040932796,-26.944862,2.3144436,0.7714812,0.17600001,0.0,0.15588525,3.5799973,3.5999973,582400
hardzero_plus_depr__c0p50__z1p00__lam0p020__nu0p50__psi0p75,hardzero_plus_depr,0.06,38,182,0.0,2,0.06845963,0.06845963,1.0568794,0.0,0.087724425,0.0,0.0,0.004032339,-28.129229,2.325181,0.77506036,0.17999999,0.0,0.16761883,3.5999973,3.6199973,585600
hardzero_plus_depr__c0p50__z1p00__lam0p020__nu0p50__psi0p75,hardzero_plus_depr,0.06,38,183,0.0,2,0.06845963,0.06885987,0.99672747,0.10075636,0.10075636,1.0,0.000400235,0.003972305,-27.373657,2.1928442,0.7309481,0.192,0.0,0.18163921,3.6199973,3.6399972,588800
hardzero_plus_depr__c0p50__z1p00__lam0p020__nu0p50__psi0p75,hardzero_plus_depr,0.06,38,184,0.0,2,0.06885987,0.06885987,1.0234501,0.0,0.0947436,0.0,0.0,0.003913166,-27.629112,2.2516353,0.75054514,0.16800001,0.0,0.16640618,3.6399972,3.6599972,592000
hardzero_plus_depr__c0p50__z1p00__lam0p020__nu0p50__psi0p75,hardzero_plus_depr,0.06,38,185,0.0,2,0.06885987,0.06925319,0.991266,0.10203144,0.10203144,1.0,0.00039332156,0.0038549055,-26.195099,2.1808288,0.72694296,0.080000006,0.0,0.13478865,3.6599972,3.6799972,595200
hardzero_plus_depr__c0p50__z1p00__lam0p020__nu0p50__psi0p75,hardzero_plus_depr,0.06,38,186,0.0,2,0.06925319,0.06925319,1.0324669,0.0,0.09279681,0.0,0.0,0.003797514,-27.310745,2.2714725,0.7571575,0.14400001,0.0,0.17241785,3.6799972,3.6999972,598400
hardzero_plus_depr__c0p50__z1p00__lam0p020__nu0p50__psi0p75,hardzero_plus_depr,0.06,38,187,0.0,2,0.06925319,0.06967109,0.95192015,0.11170686,0.11170686,1.0,0.00041789273,0.0037409763,-26.828049,2.0942662,0.69808877,0.23200001,0.0,0.12944095,3.6999972,3.7199972,601600
hardzero_plus_depr__c0p50__z1p00__lam0p020__nu0p50__psi0p75,hardzero_plus_depr,0.06,38,188,0.0,2,0.06967109,0.06967109,1.0391133,0.0,0.09138748,0.0,0.0,0.0036852807,-27.536343,2.286095,0.7620317,0.136,0.0,0.15478669,3.7199972,3.7399971,604800
hardzero_plus_depr__c0p50__z1p00__lam0p020__nu0p50__psi0p75,hardzero_plus_depr,0.06,38,189,0.0,2,0.06967109,0.06967109,1.0184236,0.0,0.095846534,0.0,0.0,0.003630414,-27.13453,2.2405765,0.74685884,0.120000005,0.0,0.15080123,3.7399971,3.7599971,608000
hardzero_plus_depr__c0p50__z1p00__lam0p020__nu0p50__psi0p75,hardzero_plus_depr,0.06,38,190,0.0,2,0.06967109,0.06967109,1.0370364,0.0,0.09182556,0.0,0.0,0.0035763644,-28.065207,2.2815256,0.76050854,0.112,0.0,0.18342344,3.7599971,3.779997,611200
hardzero_plus_depr__c0p50__z1p00__lam0p020__nu0p50__psi0p75,hardzero_plus_depr,0.06,38,191,0.0,2,0.06967109,0.06967109,1.0295627,0.0,0.09341945,0.0,0.0,0.0035231188,-26.978012,2.265083,0.7550277,0.2,0.0,0.18275355,3.779997,3.799997,614400
hardzero_plus_depr__c0p50__z1p00__lam0p020__nu0p50__psi0p75,hardzero_plus_depr,0.06,38,192,0.0,2,0.06967109,0.06967109,1.0183413,0.0,0.09586468,0.0,0.0,0.0034706672,-27.582228,2.2403955,0.7467985,0.136,0.0,0.15289594,3.799997,3.819997,617600
hardzero_plus_depr__c0p50__z1p00__lam0p020__nu0p50__psi0p75,hardzero_plus_depr,0.06,38,193,0.0,2,0.06967109,0.06967109,1.0135663,0.0,0.09692455,0.0,0.0,0.0034189953,-27.449896,2.2298903,0.7432968,0.17600001,0.0,0.14721067,3.819997,3.839997,620800
hardzero_plus_depr__c0p50__z1p00__lam0p020__nu0p50__psi0p75,hardzero_plus_depr,0.06,38,194,0.0,2,0.06967109,0.06967109,1.081323,0.0,0.08292337,0.0,0.0,0.0033680934,-28.749435,2.3789582,0.7929861,0.14400001,0.0,0.16206828,3.839997,3.859997,624000
hardzero_plus_depr__c0p50__z1p00__lam0p020__nu0p50__psi0p75,hardzero_plus_depr,0.06,38,195,0.0,2,0.06967109,0.06967109,1.0981504,0.0,0.07977185,0.0,0.0,0.0033179487,-29.409386,2.4159791,0.8053264,0.089999996,0.0,0.17038345,3.859997,3.879997,627200
hardzero_plus_depr__c0p50__z1p00__lam0p020__nu0p50__psi0p75,hardzero_plus_depr,0.06,38,196,0.0,2,0.06967109,0.07001825,0.973827,0.10621185,0.10621185,1.0,0.00034715887,0.0032685513,-26.184473,2.1424623,0.7141541,0.17600001,0.0,0.1492095,3.879997,3.899997,630400
hardzero_plus_depr__c0p50__z1p00__lam0p020__nu0p50__psi0p75,hardzero_plus_depr,0.06,38,197,0.0,2,0.07001825,0.07034396,0.9950091,0.101155825,0.101155825,1.0,0.00032571048,0.0032198885,-27.034626,2.1890638,0.7296879,0.2,0.0,0.15026112,3.899997,3.919997,633600
hardzero_plus_depr__c0p50__z1p00__lam0p020__nu0p50__psi0p75,hardzero_plus_depr,0.06,38,198,0.0,2,0.07034396,0.07034396,1.012632,0.0,0.09713326,0.0,0.0,0.0031719513,-27.662376,2.227835,0.74261165,0.2,0.0,0.15305866,3.919997,3.939997,636800
hardzero_plus_depr__c0p50__z1p00__lam0p020__nu0p50__psi0p75,hardzero_plus_depr,0.06,38,199,0.0,2,0.07034396,0.07034396,1.0237592,0.0,0.094676174,0.0,0.0,0.0031247265,-27.757793,2.2523153,0.75077176,0.15200001,0.0,0.17987873,3.939997,3.959997,640000
hardzero_plus_depr__c0p50__z1p00__lam0p020__nu0p50__psi0p75,hardzero_plus_depr,0.06,38,200,0.0,2,0.07034396,0.07034396,1.0353788,0.0,0.09217671,0.0,0.0,0.0030782057,-27.309465,2.2778788,0.75929296,0.128,0.0,0.18146294,3.959997,3.979997,643200
hardzero_plus_depr__c0p50__z1p00__lam0p020__nu0p50__psi0p75,hardzero_plus_depr,0.06,38,201,0.0,2,0.07034396,0.07034396,1.0865505,0.0,0.08193124,0.0,0.0,0.0030323772,-28.961842,2.3904588,0.7968196,0.136,0.0,0.17805962,3.979997,3.999997,646400
hardzero_plus_depr__c0p50__z1p00__lam0p020__nu0p50__psi0p75,hardzero_plus_depr,0.06,38,202,0.0,2,0.07034396,0.07064581,0.99546874,0.10104883,0.10104883,1.0,0.0003018562,0.0029872311,-26.770071,2.190075,0.730025,0.208,0.0,0.1701983,3.999997,4.019997,649600
hardzero_plus_depr__c0p50__z1p00__lam0p020__nu0p50__psi0p75,hardzero_plus_depr,0.06,38,203,0.0,2,0.07064581,0.07064581,1.0811577,0.0,0.08295495,0.0,0.0,0.002942756,-27.905317,2.3785944,0.7928648,0.14400001,0.0,0.17556933,4.019997,4.039997,652800
hardzero_plus_depr__c0p50__z1p00__lam0p020__nu0p50__psi0p75,hardzero_plus_depr,0.06,38,204,0.0,2,0.07064581,0.07064581,1.0270814,0.0,0.09395472,0.0,0.0,0.0028989443,-27.610172,2.259624,0.75320804,0.104,0.0,0.17399284,4.039997,4.059997,656000
hardzero_plus_depr__c0p50__z1p00__lam0p020__nu0p50__psi0p75,hardzero_plus_depr,0.06,38,205,0.0,2,0.07064581,0.07064581,1.013833,0.0,0.09686501,0.0,0.0,0.0028557852,-26.926907,2.2304773,0.7434925,0.17600001,0.0,0.16675323,4.059997,4.079997,659200
hardzero_plus_depr__c0p50__z1p00__lam0p020__nu0p50__psi0p75,hardzero_plus_depr,0.06,38,206,0.0,2,0.07064581,0.070929654,0.99612707,0.10089577,0.10089577,1.0,0.00028384684,0.002813268,-26.932482,2.1915233,0.7305078,0.17600001,0.0,0.1704242,4.079997,4.099997,662400
hardzero_plus_depr__c0p50__z1p00__lam0p020__nu0p50__psi0p75,hardzero_plus_depr,0.06,38,207,0.0,2,0.070929654,0.070929654,1.0209014,0.0,0.09530123,0.0,0.0,0.0027713832,-28.144053,2.246028,0.748676,0.15200001,0.0,0.15894157,4.099997,4.119997,665600
hardzero_plus_depr__c0p50__z1p00__lam0p020__nu0p50__psi0p75,hardzero_plus_depr,0.06,38,208,0.0,2,0.070929654,0.07121628,0.9788698,0.10498571,0.10498571,1.0,0.00028662392,0.0027301232,-27.04481,2.1535566,0.71785223,0.19999999,0.0,0.18578887,4.119997,4.139997,668800
hardzero_plus_depr__c0p50__z1p00__lam0p020__nu0p50__psi0p75,hardzero_plus_depr,0.06,38,209,0.0,2,0.07121628,0.07121628,1.0415672,0.0,0.09087257,0.0,0.0,0.0026894775,-27.40665,2.2914937,0.76383126,0.16000001,0.0,0.2005668,4.139997,4.159997,672000
hardzero_plus_depr__c0p50__z1p00__lam0p020__nu0p50__psi0p75,hardzero_plus_depr,0.06,38,210,0.0,2,0.07121628,0.07121628,1.0358222,0.0,0.09208266,0.0,0.0,0.002649436,-28.138027,2.2788541,0.75961804,0.2,0.008,0.16566898,4.159997,4.179997,675200
hardzero_plus_depr__c0p50__z1p00__lam0p020__nu0p50__psi0p75,hardzero_plus_depr,0.06,38,211,0.0,2,0.07121628,0.07121628,1.0385815,0.0,0.09149945,0.0,0.0,0.0026099908,-27.589087,2.284925,0.7616417,0.136,0.0,0.16327792,4.179997,4.199997,678400
hardzero_plus_depr__c0p50__z1p00__lam0p020__nu0p50__psi0p75,hardzero_plus_depr,0.06,38,212,0.0,2,0.07121628,0.07147549,0.9964618,0.10081802,0.10081802,1.0,0.00025921658,0.0025711334,-26.574772,2.1922598,0.7307533,0.2,0.0,0.16829407,4.199997,4.219997,681600
hardzero_plus_depr__c0p50__z1p00__lam0p020__nu0p50__psi0p75,hardzero_plus_depr,0.06,38,213,0.0,2,0.07147549,0.07147549,1.0776708,0.0,0.08362365,0.0,0.0,0.0025328547,-28.483458,2.370923,0.7903077,0.104,0.0,0.16873321,4.219997,4.239997,684800
hardzero_plus_depr__c0p50__z1p00__lam0p020__nu0p50__psi0p75,hardzero_plus_depr,0.06,38,214,0.0,2,0.07147549,0.07147549,1.0283399,0.0,0.093682855,0.0,0.0,0.002495145,-27.631887,2.2623928,0.75413096,0.120000005,0.0,0.14676283,4.239997,4.259997,688000
hardzero_plus_depr__c0p50__z1p00__lam0p020__nu0p50__psi0p75,hardzero_plus_depr,0.06,38,215,0.0,2,0.07147549,0.07147549,1.0461564,0.0,0.08991736,0.0,0.0,0.0024579968,-28.098133,2.30159,0.76719666,0.16800001,0.0,0.17612831,4.259997,4.279997,691200
hardzero_plus_depr__c0p50__z1p00__lam0p020__nu0p50__psi0p75,hardzero_plus_depr,0.06,38,216,0.0,2,0.07147549,0.07147549,1.0139503,0.0,0.09683885,0.0,0.0,0.0024214026,-26.930473,2.2307353,0.74357843,0.14400001,0.0,0.1799081,4.279997,4.299997,694400
hardzero_plus_depr__c0p50__z1p00__lam0p020__nu0p50__psi0p75,hardzero_plus_depr,0.06,38,217,0.0,2,0.07147549,0.07147549,1.0332872,0.0,0.09262171,0.0,0.0,0.0023853525,-27.630299,2.273277,0.75775903,0.104,0.0,0.15570654,4.299997,4.319997,697600
hardzero_plus_depr__c0p50__z1p00__lam0p020__nu0p50__psi0p75,hardzero_plus_depr,0.06,38,218,0.0,2,0.07147549,0.071723424,0.97669905,0.105511785,0.105511785,1.0,0.00024793574,0.0023498393,-27.318466,2.1487808,0.7162603,0.16000001,0.0,0.14209649,4.319997,4.339997,700800
hardzero_plus_depr__c0p50__z1p00__lam0p020__nu0p50__psi0p75,hardzero_plus_depr,0.06,38,219,0.0,2,0.071723424,0.071723424,1.03588,0.0,0.09207041,0.0,0.0,0.0023148544,-27.657064,2.2789814,0.7596605,0.15200001,0.0,0.1514958,4.339997,4.359997,704000
hardzero_plus_depr__c0p50__z1p00__lam0p020__nu0p50__psi0p75,hardzero_plus_depr,0.06,38,220,0.0,2,0.071723424,0.07196019,0.9836918,0.103826486,0.103826486,1.0,0.00023676499,0.002280391,-26.651903,2.1641653,0.72138846,0.16000001,0.0,0.15477504,4.359997,4.379997,707200
hardzero_plus_depr__c0p50__z1p00__lam0p020__nu0p50__psi0p75,hardzero_plus_depr,0.06,38,221,0.0,2,0.07196019,0.07196019,1.0808649,0.0,0.0830109,0.0,0.0,0.0022464409,-28.039883,2.3779502,0.7926501,0.14,0.0,0.16432604,4.379997,4.3999968,710400
hardzero_plus_depr__c0p50__z1p00__lam0p020__nu0p50__psi0p75,hardzero_plus_depr,0.06,38,222,0.0,2,0.07196019,0.07218278,0.9974702,0.100584194,0.100584194,1.0,0.00022259237,0.0022129954,-26.769579,2.1944783,0.73149276,0.208,0.0,0.16948973,4.3999968,4.4199967,713600
hardzero_plus_depr__c0p50__z1p00__lam0p020__nu0p50__psi0p75,hardzero_plus_depr,0.06,38,223,0.0,2,0.07218278,0.07218278,1.0537163,0.0,0.0883657,0.0,0.0,0.0021800478,-27.938688,2.3182223,0.7727408,0.208,0.0,0.18117274,4.4199967,4.4399967,716800
hardzero_plus_depr__c0p50__z1p00__lam0p020__nu0p50__psi0p75,hardzero_plus_depr,0.06,38,224,0.0,2,0.07218278,0.07218278,1.0015469,0.0,0.09964446,0.0,0.0,0.0021475914,-27.024677,2.203447,0.7344824,0.18400002,0.0,0.1417438,4.4399967,4.4599967,720000
hardzero_plus_depr__c0p50__z1p00__lam0p020__nu0p50__psi0p75,hardzero_plus_depr,0.06,38,225,0.0,2,0.07218278,0.07218278,1.0068355,0.0,0.098438405,0.0,0.0,0.0021156182,-27.200232,2.2150822,0.73836076,0.17600001,0.0,0.17819786,4.4599967,4.4799967,723200
hardzero_plus_depr__c0p50__z1p00__lam0p020__nu0p50__psi0p75,hardzero_plus_depr,0.06,38,226,0.0,2,0.07218278,0.07240303,0.976012,0.10567883,0.10567883,1.0,0.00022024743,0.0020841206,-27.042185,2.1472692,0.7157564,0.192,0.0,0.16627276,4.4799967,4.4999967,726400
hardzero_plus_depr__c0p50__z1p00__lam0p020__nu0p50__psi0p75,hardzero_plus_depr,0.06,38,227,0.0,2,0.07240303,0.07240303,1.0755068,0.0,0.08404139,0.0,0.0,0.002053092,-27.536411,2.3661623,0.7887208,0.072000004,0.0,0.15593466,4.4999967,4.5199966,729600
hardzero_plus_depr__c0p50__z1p00__lam0p020__nu0p50__psi0p75,hardzero_plus_depr,0.06,38,228,0.0,2,0.07240303,0.07240303,1.0570052,0.0,0.08769904,0.0,0.0,0.0020225255,-27.87032,2.3254578,0.7751526,0.17600001,0.0,0.19501488,4.5199966,4.5399966,732800
hardzero_plus_depr__c0p50__z1p00__lam0p020__nu0p50__psi0p75,hardzero_plus_depr,0.06,38,229,0.0,2,0.07240303,0.07240303,1.0379939,0.0,0.091623336,0.0,0.0,0.0019924145,-27.561214,2.2836323,0.7612108,0.136,0.0,0.13633242,4.5399966,4.5599966,736000
hardzero_plus_depr__c0p50__z1p00__lam0p020__nu0p50__psi0p75,hardzero_plus_depr,0.06,38,230,0.0,2,0.07240303,0.07240303,1.0211799,0.0,0.09524015,0.0,0.0,0.0019627512,-28.537762,2.2466407,0.74888027,0.16000001,0.0,0.16860199,4.5599966,4.5799966,739200
hardzero_plus_depr__c0p50__z1p00__lam0p020__nu0p50__psi0p75,hardzero_plus_depr,0.06,38,231,0.0,2,0.07240303,0.07240303,1.0223522,0.0,0.094983414,0.0,0.0,0.0019335294,-27.38941,2.24922,0.74974,0.208,0.0,0.14709449,4.5799966,4.5999966,742400
hardzero_plus_depr__c0p50__z1p00__lam0p020__nu0p50__psi0p75,hardzero_plus_depr,0.06,38,232,0.0,2,0.07240303,0.07260537,0.9737496,0.106230795,0.106230795,1.0,0.00020234237,0.001904743,-26.037231,2.1422918,0.71409726,0.14400001,0.0,0.14072917,4.5999966,4.6199965,745600
hardzero_plus_depr__c0p50__z1p00__lam0p020__nu0p50__psi0p75,hardzero_plus_depr,0.06,38,233,0.0,2,0.07260537,0.07260537,1.0429446,0.0,0.09058483,0.0,0.0,0.0018763853,-26.87162,2.2945237,0.76484126,0.120000005,0.0,0.1666815,4.6199965,4.6399965,748800
hardzero_plus_depr__c0p50__z1p00__lam0p020__nu0p50__psi0p75,hardzero_plus_depr,0.06,38,234,0.0,2,0.07260537,0.07280046,0.9765806,0.105540544,0.105540544,1.0,0.00019508637,0.0018484495,-25.912872,2.1485202,0.7161734,0.14,0.0,0.14462234,4.6399965,4.6599965,752000
hardzero_plus_depr__c0p50__z1p00__lam0p020__nu0p50__psi0p75,hardzero_plus_depr,0.06,38,235,0.0,2,0.07280046,0.07280046,1.008984,0.0,0.097952604,0.0,0.0,0.0018209295,-26.656292,2.219809,0.73993635,0.17600001,0.0,0.17776108,4.6599965,4.6799965,755200
hardzero_plus_depr__c0p50__z1p00__lam0p020__nu0p50__psi0p75,hardzero_plus_depr,0.06,38,236,0.0,2,0.07280046,0.07280046,1.020115,0.0,0.09547395,0.0,0.0,0.0017938197,-27.614174,2.2442977,0.74809927,0.18400002,0.0,0.16018265,4.6799965,4.6999965,758400
hardzero_plus_depr__c0p50__z1p00__lam0p020__nu0p50__psi0p75,hardzero_plus_depr,0.06,38,237,0.0,2,0.07280046,0.07280046,1.0731801,0.0,0.08449285,0.0,0.0,0.0017671133,-27.78679,2.3610432,0.7870144,0.14400001,0.0,0.18782502,4.6999965,4.7199965,761600
hardzero_plus_depr__c0p50__z1p00__lam0p020__nu0p50__psi0p75,hardzero_plus_depr,0.06,38,238,0.0,2,0.07280046,0.07297547,0.99767244,0.100537375,0.100537375,1.0,0.0001750159,0.0017408043,-27.3639,2.1949232,0.73164105,0.17600001,0.0,0.1549984,4.7199965,4.7399964,764800
hardzero_plus_depr__c0p50__z1p00__lam0p020__nu0p50__psi0p75,hardzero_plus_depr,0.06,38,239,0.0,2,0.07297547,0.07297547,1.0999278,0.0,0.079446025,0.0,0.0,0.001714887,-28.539783,2.4198895,0.80662984,0.096,0.0,0.1816515,4.7399964,4.7599964,768000
hardzero_plus_depr__c0p50__z1p00__lam0p020__nu0p50__psi0p75,hardzero_plus_depr,0.06,38,240,0.0,2,0.07297547,0.07297547,1.0685011,0.0,0.08540807,0.0,0.0,0.0016893558,-27.831686,2.3507495,0.78358316,0.15200001,0.0,0.16900747,4.7599964,4.7799964,771200
hardzero_plus_depr__c0p50__z1p00__lam0p020__nu0p50__psi0p75,hardzero_plus_depr,0.06,38,241,0.0,2,0.07297547,0.07297547,1.0528703,0.0,0.088538006,0.0,0.0,0.0016642049,-28.198236,2.316361,0.77212036,0.24000001,0.0,0.21003158,4.7799964,4.7999964,774400
hardzero_plus_depr__c0p50__z1p00__lam0p020__nu0p50__psi0p75,hardzero_plus_depr,0.06,38,242,0.0,2,0.07297547,0.07314184,0.9936138,0.10148133,0.10148133,1.0,0.00016637132,0.0016394279,-26.641954,2.185994,0.72866464,0.112,0.0,0.1500474,4.7999964,4.8199964,777600
hardzero_plus_depr__c0p50__z1p00__lam0p020__nu0p50__psi0p75,hardzero_plus_depr,0.06,38,243,0.0,2,0.07314184,0.07314184,1.0587175,0.0,0.087353945,0.0,0.0,0.0016150197,-27.328304,2.329225,0.7764084,0.14400001,0.0,0.15774162,4.8199964,4.8399963,780800
hardzero_plus_depr__c0p50__z1p00__lam0p020__nu0p50__psi0p75,hardzero_plus_depr,0.06,38,244,0.0,2,0.07314184,0.07314184,1.0327051,0.0,0.092745945,0.0,0.0,0.0015909754,-27.6305,2.2719965,0.7573322,0.16000001,0.0,0.16526654,4.8399963,4.8599963,784000
hardzero_plus_depr__c0p50__z1p00__lam0p020__nu0p50__psi0p75,hardzero_plus_depr,0.06,38,245,0.0,2,0.07314184,0.07314184,1.0857289,0.0,0.082086384,0.0,0.0,0.0015672891,-28.038074,2.3886511,0.7962171,0.096,0.0,0.16803731,4.8599963,4.8799963,787200
hardzero_plus_depr__c0p50__z1p00__lam0p020__nu0p50__psi0p75,hardzero_plus_depr,0.06,38,246,0.0,2,0.07314184,0.07314184,1.0092736,0.0,0.09788728,0.0,0.0,0.0015439551,-27.134426,2.2204463,0.7401488,0.14400001,0.0,0.15643367,4.8799963,4.8999963,790400
hardzero_plus_depr__c0p50__z1p00__lam0p020__nu0p50__psi0p75,hardzero_plus_depr,0.06,38,247,0.0,2,0.07314184,0.07314184,1.0184193,0.0,0.09584747,0.0,0.0,0.0015209685,-27.489895,2.2405672,0.74685574,0.19,0.0,0.15852334,4.8999963,4.9199963,793600
hardzero_plus_depr__c0p50__z1p00__lam0p020__nu0p50__psi0p75,hardzero_plus_depr,0.06,38,248,0.0,2,0.07314184,0.07314184,1.0443766,0.0,0.09028661,0.0,0.0,0.0014983243,-27.552532,2.2976744,0.7658915,0.16800001,0.0,0.17557077,4.9199963,4.9399962,796800
hardzero_plus_depr__c0p50__z1p00__lam0p020__nu0p50__psi0p75,hardzero_plus_depr,0.06,38,249,0.0,2,0.07314184,0.07314184,1.0031385,0.0,0.09927993,0.0,0.0,0.0014760174,-26.715778,2.2069488,0.7356496,0.2,0.0,0.16957794,4.9399962,4.959996,800000
hardzero_plus_depr__c0p50__z1p00__lam0p020__nu0p50__psi0p75,hardzero_plus_depr,0.06,38,250,0.0,2,0.07314184,0.07314184,1.0431623,0.0,0.0905394,0.0,0.0,0.0014540422,-28.574375,2.295003,0.765001,0.096,0.0,0.17326802,4.959996,4.979996,803200
hardzero_plus_depr__c0p50__z1p00__lam0p020__nu0p50__psi0p75,hardzero_plus_depr,0.06,38,251,0.0,2,0.07314184,0.07314184,1.0409071,0.0,0.09101078,0.0,0.0,0.0014323941,-26.907175,2.2900414,0.76334715,0.23200001,0.0,0.17063853,4.979996,4.999996,806400
hardzero_plus_depr__c0p50__z1p00__lam0p020__nu0p50__psi0p75,hardzero_plus_depr,0.06,38,252,0.0,2,0.07314184,0.07328333,0.998839,0.10026767,0.10026767,1.0,0.00014148459,0.0014110688,-26.590332,2.1974897,0.7324966,0.2,0.0,0.14875115,4.999996,5.019996,809600
hardzero_plus_depr__c0p50__z1p00__lam0p020__nu0p50__psi0p75,hardzero_plus_depr,0.06,38,253,0.0,2,0.07328333,0.07328333,1.0529156,0.0,0.08852876,0.0,0.0,0.0013900609,-27.782522,2.3164606,0.77215356,0.16000001,0.0,0.18334214,5.019996,5.039996,812800
hardzero_plus_depr__c0p50__z1p00__lam0p020__nu0p50__psi0p75,hardzero_plus_depr,0.06,38,254,0.0,2,0.07328333,0.07328333,1.0345742,0.0,0.09234765,0.0,0.0,0.0013693655,-27.563093,2.2761085,0.7587029,0.14400001,0.0,0.14410305,5.039996,5.059996,816000
hardzero_plus_depr__c0p50__z1p00__lam0p020__nu0p50__psi0p75,hardzero_plus_depr,0.06,38,255,0.0,2,0.07328333,0.07328333,1.0024579,0.0,0.09943566,0.0,0.0,0.0013489783,-26.745842,2.2054513,0.73515046,0.14400001,0.008,0.17191702,5.059996,5.079996,819200
hardzero_plus_depr__c0p50__z1p00__lam0p020__nu0p50__psi0p75,hardzero_plus_depr,0.06,38,256,0.0,2,0.07328333,0.07328333,1.0368364,0.0,0.09186787,0.0,0.0,0.0013288946,-27.176737,2.2810855,0.76036185,0.120000005,0.0,0.1612409,5.079996,5.099996,822400
hardzero_plus_depr__c0p50__z1p00__lam0p020__nu0p50__psi0p75,hardzero_plus_depr,0.06,38,257,0.0,2,0.07328333,0.07328333,1.0611987,0.0,0.0868563,0.0,0.0,0.0013091101,-27.947084,2.3346837,0.7782279,0.14400001,0.0,0.19458662,5.099996,5.119996,825600
hardzero_plus_depr__c0p50__z1p00__lam0p020__nu0p50__psi0p75,hardzero_plus_depr,0.06,38,258,0.0,2,0.07328333,0.07328333,1.0103756,0.0,0.09763923,0.0,0.0,0.0012896198,-26.927816,2.2228708,0.74095696,0.16800001,0.0,0.16155455,5.119996,5.139996,828800
hardzero_plus_depr__c0p50__z1p00__lam0p020__nu0p50__psi0p75,hardzero_plus_depr,0.06,38,259,0.0,2,0.07328333,0.07328333,1.0620527,0.0,0.086685665,0.0,0.0,0.0012704198,-28.480492,2.3365626,0.77885425,0.2,0.0,0.18805364,5.139996,5.159996,832000
hardzero_plus_depr__c0p50__z1p00__lam0p020__nu0p50__psi0p75,hardzero_plus_depr,0.06,38,260,0.0,2,0.07328333,0.07328333,1.0014148,0.0,0.099674754,0.0,0.0,0.0012515058,-27.054893,2.2031565,0.7343855,0.16,0.0,0.16179846,5.159996,5.179996,835200
hardzero_plus_depr__c0p50__z1p00__lam0p020__nu0p50__psi0p75,hardzero_plus_depr,0.06,38,261,0.0,2,0.07328333,0.073408894,0.9920386,0.10185008,0.10185008,1.0,0.00012556826,0.0012328735,-26.475563,2.1825285,0.7275095,0.15200001,0.0,0.16997889,5.179996,5.199996,838400
hardzero_plus_depr__c0p50__z1p00__lam0p020__nu0p50__psi0p75,hardzero_plus_depr,0.06,38,262,0.0,2,0.073408894,0.073408894,1.0642269,0.0,0.08625279,0.0,0.0,0.0012145184,-28.017775,2.3413458,0.7804486,0.192,0.0,0.17140631,5.199996,5.219996,841600
hardzero_plus_depr__c0p50__z1p00__lam0p020__nu0p50__psi0p75,hardzero_plus_depr,0.06,38,263,0.0,2,0.073408894,0.073408894,1.0456835,0.0,0.090015344,0.0,0.0,0.0011964364,-27.018545,2.3005497,0.76684994,0.15200001,0.0,0.18274765,5.219996,5.239996,844800
hardzero_plus_depr__c0p50__z1p00__lam0p020__nu0p50__psi0p75,hardzero_plus_depr,0.06,38,264,0.0,2,0.073408894,0.07352948,0.99007374,0.10231192,0.10231192,1.0,0.00012058728,0.001178624,-26.641232,2.1782057,0.7260686,0.15200001,0.0,0.16517594,5.239996,5.259996,848000
hardzero_plus_depr__c0p50__z1p00__lam0p020__nu0p50__psi0p75,hardzero_plus_depr,0.06,38,265,0.0,2,0.07352948,0.07364673,0.9957403,0.10098565,0.10098565,1.0,0.00011725208,0.0011610766,-26.531214,2.1906724,0.73022413,0.2,0.0,0.14541936,5.259996,5.279996,851200
hardzero_plus_depr__c0p50__z1p00__lam0p020__nu0p50__psi0p75,hardzero_plus_depr,0.06,38,266,0.0,2,0.07364673,0.0737641,0.98878264,0.102616526,0.102616526,1.0,0.00011737179,0.0011437903,-26.529436,2.1753652,0.72512174,0.192,0.0,0.15644583,5.279996,5.299996,854400
hardzero_plus_depr__c0p50__z1p00__lam0p020__nu0p50__psi0p75,hardzero_plus_depr,0.06,38,267,0.0,2,0.0737641,0.073877424,0.9975099,0.100575015,0.100575015,1.0,0.00011332405,0.0011267614,-25.825148,2.1945655,0.73152184,0.16800001,0.0,0.13881831,5.299996,5.319996,857600
hardzero_plus_depr__c0p50__z1p00__lam0p020__nu0p50__psi0p75,hardzero_plus_depr,0.06,38,268,0.0,2,0.073877424,0.073877424,1.0309476,0.0,0.09312202,0.0,0.0,0.0011099862,-26.98425,2.26813,0.7560434,0.120000005,0.0,0.15076806,5.319996,5.339996,860800
hardzero_plus_depr__c0p50__z1p00__lam0p020__nu0p50__psi0p75,hardzero_plus_depr,0.06,38,269,0.0,2,0.073877424,0.073877424,1.0286238,0.0,0.093621634,0.0,0.0,0.0010934608,-27.4755,2.2630177,0.7543392,0.16000001,0.0,0.18661143,5.339996,5.359996,864000
hardzero_plus_depr__c0p50__z1p00__lam0p020__nu0p50__psi0p75,hardzero_plus_depr,0.06,38,270,0.0,2,0.073877424,0.073877424,1.030476,0.0,0.09322321,0.0,0.0,0.0010771815,-26.597055,2.2670925,0.7556975,0.14400001,0.0,0.14372416,5.359996,5.379996,867200
hardzero_plus_depr__c0p50__z1p00__lam0p020__nu0p50__psi0p75,hardzero_plus_depr,0.06,38,271,0.0,2,0.073877424,0.073877424,1.0169331,0.0,0.09617605,0.0,0.0,0.0010611439,-26.43988,2.2372975,0.74576586,0.18400002,0.0,0.14496125,5.379996,5.399996,870400
hardzero_plus_depr__c0p50__z1p00__lam0p020__nu0p50__psi0p75,hardzero_plus_depr,0.06,38,272,0.0,2,0.073877424,0.073877424,1.0513502,0.0,0.088848434,0.0,0.0,0.0010453457,-27.389778,2.3130167,0.7710056,0.24800001,0.0,0.16614923,5.399996,5.419996,873600
hardzero_plus_depr__c0p50__z1p00__lam0p020__nu0p50__psi0p75,hardzero_plus_depr,0.06,38,273,0.0,2,0.073877424,0.07399048,0.9594431,0.10978851,0.10978851,1.0,0.00011305829,0.0010297826,-26.169363,2.110817,0.70360565,0.16,0.0,0.16664322,5.419996,5.439996,876800
hardzero_plus_depr__c0p50__z1p00__lam0p020__nu0p50__psi0p75,hardzero_plus_depr,0.06,38,274,0.0,2,0.07399048,0.07399048,1.0654558,0.0,0.08600906,0.0,0.0,0.0010144509,-27.438225,2.3440495,0.78134984,0.15200001,0.0,0.15407906,5.439996,5.4599957,880000
hardzero_plus_depr__c0p50__z1p00__lam0p020__nu0p50__psi0p75,hardzero_plus_depr,0.06,38,275,0.0,2,0.07399048,0.07399048,1.0591712,0.0,0.087262735,0.0,0.0,0.0009993479,-28.180452,2.330223,0.776741,0.15200001,0.0,0.15461835,5.4599957,5.4799957,883200
hardzero_plus_depr__c0p50__z1p00__lam0p020__nu0p50__psi0p75,hardzero_plus_depr,0.06,38,276,0.0,2,0.07399048,0.07399048,1.0132166,0.0,0.097002596,0.0,0.0,0.0009844695,-27.45393,2.229121,0.7430403,0.136,0.0,0.1801039,5.4799957,5.4999957,886400
hardzero_plus_depr__c0p50__z1p00__lam0p020__nu0p50__psi0p75,hardzero_plus_depr,0.06,38,277,0.0,2,0.07399048,0.07399048,1.0624515,0.0,0.08660611,0.0,0.0,0.0009698129,-27.003794,2.33744,0.7791467,0.16000001,0.0,0.1510259,5.4999957,5.5199957,889600
hardzero_plus_depr__c0p50__z1p00__lam0p020__nu0p50__psi0p75,hardzero_plus_depr,0.06,38,278,0.0,2,0.07399048,0.07399048,1.0396148,0.0,0.09128202,0.0,0.0,0.00095537433,-27.314669,2.2871983,0.76239944,0.096,0.0,0.17212626,5.5199957,5.5399957,892800
hardzero_plus_depr__c0p50__z1p00__lam0p020__nu0p50__psi0p75,hardzero_plus_depr,0.06,38,279,0.0,2,0.07399048,0.07399048,1.0824741,0.0,0.08270387,0.0,0.0,0.00094115036,-28.106089,2.3814907,0.7938303,0.128,0.0,0.18986033,5.5399957,5.5599957,896000
hardzero_plus_depr__c0p50__z1p00__lam0p020__nu0p50__psi0p75,hardzero_plus_depr,0.06,38,280,0.0,2,0.07399048,0.07399048,1.0218947,0.0,0.095083535,0.0,0.0,0.0009271386,-27.688744,2.2482133,0.74940443,0.16800001,0.0,0.16128175,5.5599957,5.5799956,899200
hardzero_plus_depr__c0p50__z1p00__lam0p020__nu0p50__psi0p75,hardzero_plus_depr,0.06,38,281,0.0,2,0.07399048,0.07399048,1.0050004,0.0,0.09885523,0.0,0.0,0.0009133355,-26.03836,2.211045,0.737015,0.14400001,0.0,0.15815333,5.5799956,5.5999956,902400
hardzero_plus_depr__c0p50__z1p00__lam0p020__nu0p50__psi0p75,hardzero_plus_depr,0.06,38,282,0.0,2,0.07399048,0.07408131,0.9958876,0.100951426,0.100951426,1.0,9.082977e-05,0.0008997374,-27.066166,2.1909964,0.73033214,0.24000001,0.0,0.16422077,5.5999956,5.6199956,905600
hardzero_plus_depr__c0p50__z1p00__lam0p020__nu0p50__psi0p75,hardzero_plus_depr,0.06,38,283,0.0,2,0.07408131,0.07408131,1.0496061,0.0,0.08920596,0.0,0.0,0.0008863421,-27.656025,2.3091795,0.7697265,0.16800001,0.0,0.19460608,5.6199956,5.6399956,908800
hardzero_plus_depr__c0p50__z1p00__lam0p020__nu0p50__psi0p75,hardzero_plus_depr,0.06,38,284,0.0,2,0.07408131,0.07416866,0.9998054,0.1000448,0.1000448,1.0,8.735375e-05,0.00087314635,-26.852816,2.1996157,0.73320526,0.120000005,0.0,0.15939306,5.6399956,5.6599956,912000
hardzero_plus_depr__c0p50__z1p00__lam0p020__nu0p50__psi0p75,hardzero_plus_depr,0.06,38,285,0.0,2,0.07416866,0.07416866,1.0024245,0.0,0.099443294,0.0,0.0,0.00086014695,-27.3551,2.2053778,0.73512596,0.15200001,0.0,0.14801174,5.6599956,5.6799955,915200
hardzero_plus_depr__c0p50__z1p00__lam0p020__nu0p50__psi0p75,hardzero_plus_depr,0.06,38,286,0.0,2,0.07416866,0.07416866,1.006599,0.0,0.09849202,0.0,0.0,0.0008473412,-25.919497,2.214562,0.7381873,0.14999999,0.0,0.1474173,5.6799955,5.6999955,918400
hardzero_plus_depr__c0p50__z1p00__lam0p020__nu0p50__psi0p75,hardzero_plus_depr,0.06,38,287,0.0,2,0.07416866,0.07416866,1.0378519,0.0,0.091653295,0.0,0.0,0.0008347257,-28.21873,2.2833197,0.7611066,0.192,0.0,0.16105781,5.6999955,5.7199955,921600
hardzero_plus_depr__c0p50__z1p00__lam0p020__nu0p50__psi0p75,hardzero_plus_depr,0.06,38,288,0.0,2,0.07416866,0.07416866,1.0696493,0.0,0.085182555,0.0,0.0,0.0008222983,-28.660572,2.3532755,0.7844252,0.112,0.0,0.19172455,5.7199955,5.7399955,924800
hardzero_plus_depr__c0p50__z1p00__lam0p020__nu0p50__psi0p75,hardzero_plus_depr,0.06,38,289,0.0,2,0.07416866,0.07416866,1.0881119,0.0,0.081637196,0.0,0.0,0.000810056,-28.482622,2.393894,0.7979647,0.17600001,0.0,0.18121046,5.7399955,5.7599955,928000
hardzero_plus_depr__c0p50__z1p00__lam0p020__nu0p50__psi0p75,hardzero_plus_depr,0.06,38,290,0.0,2,0.07416866,0.07416866,1.0270475,0.0,0.09396204,0.0,0.0,0.00079799554,-28.145584,2.2595496,0.75318325,0.15200001,0.0,0.17402418,5.7599955,5.7799954,931200
hardzero_plus_depr__c0p50__z1p00__lam0p020__nu0p50__psi0p75,hardzero_plus_depr,0.06,38,291,0.0,2,0.07416866,0.07425401,0.96426857,0.10857539,0.10857539,1.0,8.5352745e-05,0.00078611507,-26.125055,2.1214333,0.70714444,0.15200001,0.0,0.18087037,5.7799954,5.7999954,934400
hardzero_plus_depr__c0p50__z1p00__lam0p020__nu0p50__psi0p75,hardzero_plus_depr,0.06,38,292,0.0,2,0.07425401,0.07425401,1.016831,0.0,0.09619863,0.0,0.0,0.0007744114,-27.33533,2.237073,0.745691,0.128,0.0,0.17832915,5.7999954,5.8199954,937600
hardzero_plus_depr__c0p50__z1p00__lam0p020__nu0p50__psi0p75,hardzero_plus_depr,0.06,38,293,0.0,2,0.07425401,0.07425401,1.0159006,0.0,0.09640496,0.0,0.0,0.000762882,-26.682621,2.235026,0.74500865,0.17600001,0.0,0.16389428,5.8199954,5.8399954,940800
hardzero_plus_depr__c0p50__z1p00__lam0p020__nu0p50__psi0p75,hardzero_plus_depr,0.06,38,294,0.0,2,0.07425401,0.07425401,1.0187122,0.0,0.095782876,0.0,0.0,0.00075152435,-27.317497,2.2412114,0.7470705,0.216,0.0,0.16653234,5.8399954,5.8599954,944000
hardzero_plus_depr__c0p50__z1p00__lam0p020__nu0p50__psi0p75,hardzero_plus_depr,0.06,38,295,0.0,2,0.07425401,0.07425401,1.0596064,0.0,0.0871753,0.0,0.0,0.0007403353,-27.830406,2.3311808,0.7770603,0.136,0.0,0.1545767,5.8599954,5.8799953,947200
hardzero_plus_depr__c0p50__z1p00__lam0p020__nu0p50__psi0p75,hardzero_plus_depr,0.06,38,296,0.0,2,0.07425401,0.07425401,1.0186212,0.0,0.095802926,0.0,0.0,0.00072931324,-26.576994,2.2410114,0.7470038,0.128,0.0,0.14682995,5.8799953,5.8999953,950400
hardzero_plus_depr__c0p50__z1p00__lam0p020__nu0p50__psi0p75,hardzero_plus_depr,0.06,38,297,0.0,2,0.07425401,0.07425401,1.0474827,0.0,0.08964318,0.0,0.0,0.0007184553,-28.440563,2.304508,0.76816934,0.16000001,0.0,0.20032421,5.8999953,5.9199953,953600
hardzero_plus_depr__c0p50__z1p00__lam0p020__nu0p50__psi0p75,hardzero_plus_depr,0.06,38,298,0.0,2,0.07425401,0.07425401,1.040335,0.0,0.09113073,0.0,0.0,0.00070775865,-26.798456,2.2887828,0.76292765,0.136,0.0,0.14553376,5.9199953,5.9399953,956800
hardzero_plus_depr__c0p50__z1p00__lam0p020__nu0p50__psi0p75,hardzero_plus_depr,0.06,38,299,0.0,2,0.07425401,0.07425401,1.0185078,0.0,0.09582794,0.0,0.0,0.00069722155,-28.227846,2.240762,0.7469207,0.19,0.0,0.15973583,5.9399953,5.9599953,960000
hardzero_plus_depr__c0p50__z1p00__lam0p020__nu0p50__psi0p75,hardzero_plus_depr,0.06,38,300,0.0,2,0.07425401,0.07425401,1.0766304,0.0,0.08382425,0.0,0.0,0.0006868414,-28.054976,2.368634,0.7895447,0.14400001,0.0,0.16125953,5.9599953,5.9799953,963200
hardzero_plus_depr__c0p50__z1p00__lam0p020__nu0p50__psi0p75,hardzero_plus_depr,0.06,38,301,0.0,2,0.07425401,0.07432213,0.99709046,0.1006722,0.1006722,1.0,6.811639e-05,0.0006766157,-26.79685,2.1936429,0.7312143,0.16000001,0.0,0.15946996,5.9799953,5.999995,966400
hardzero_plus_depr__c0p50__z1p00__lam0p020__nu0p50__psi0p75,hardzero_plus_depr,0.06,38,302,0.0,2,0.07432213,0.07439292,0.97381055,0.10621588,0.10621588,1.0,7.079738e-05,0.0006665423,-25.780714,2.142426,0.714142,0.16000001,0.0,0.18324634,5.999995,6.019995,969600
hardzero_plus_depr__c0p50__z1p00__lam0p020__nu0p50__psi0p75,hardzero_plus_depr,0.06,38,303,0.0,2,0.07439292,0.07439292,1.0087055,0.0,0.09801544,0.0,0.0,0.00065661856,-27.645374,2.2191963,0.73973215,0.15200001,0.0,0.17526414,6.019995,6.039995,972800
hardzero_plus_depr__c0p50__z1p00__lam0p020__nu0p50__psi0p75,hardzero_plus_depr,0.06,38,304,0.0,2,0.07439292,0.07439292,1.0454985,0.0,0.090053685,0.0,0.0,0.00064684293,-27.588192,2.3001425,0.7667142,0.14400001,0.0,0.16387804,6.039995,6.059995,976000
hardzero_plus_depr__c0p50__z1p00__lam0p020__nu0p50__psi0p75,hardzero_plus_depr,0.06,38,305,0.0,2,0.07439292,0.07439292,1.0513624,0.0,0.08884593,0.0,0.0,0.0006372127,-27.696272,2.3130434,0.77101445,0.16800001,0.0,0.16920228,6.059995,6.079995,979200
hardzero_plus_depr__c0p50__z1p00__lam0p020__nu0p50__psi0p75,hardzero_plus_depr,0.06,38,306,0.0,2,0.07439292,0.074456476,0.9946169,0.1012472,0.1012472,1.0,6.355546e-05,0.0006277256,-26.919792,2.188201,0.72940034,0.16000001,0.0,0.14841515,6.079995,6.099995,982400
hardzero_plus_depr__c0p50__z1p00__lam0p020__nu0p50__psi0p75,hardzero_plus_depr,0.06,38,307,0.0,2,0.074456476,0.074456476,1.0023484,0.0,0.09946072,0.0,0.0,0.00061838015,-27.347204,2.2052104,0.73507017,0.136,0.0,0.13171871,6.099995,6.119995,985600
hardzero_plus_depr__c0p50__z1p00__lam0p020__nu0p50__psi0p75,hardzero_plus_depr,0.06,38,308,0.0,2,0.074456476,0.074456476,1.0023929,0.0,0.09945052,0.0,0.0,0.0006091737,-26.160849,2.2053084,0.73510283,0.15200001,0.0,0.16915594,6.119995,6.139995,988800
hardzero_plus_depr__c0p50__z1p00__lam0p020__nu0p50__psi0p75,hardzero_plus_depr,0.06,38,309,0.0,2,0.074456476,0.074456476,1.016238,0.0,0.096330106,0.0,0.0,0.0006001044,-26.51992,2.235768,0.74525607,0.18400002,0.0,0.15324745,6.139995,6.159995,992000
hardzero_plus_depr__c0p50__z1p00__lam0p020__nu0p50__psi0p75,hardzero_plus_depr,0.06,38,310,0.0,2,0.074456476,0.074456476,1.0708954,0.0,0.08493849,0.0,0.0,0.0005911701,-27.284672,2.3560169,0.785339,0.072000004,0.0,0.15928274,6.159995,6.179995,995200
hardzero_plus_depr__c0p50__z1p00__lam0p020__nu0p50__psi0p75,hardzero_plus_depr,0.06,38,311,0.0,2,0.074456476,0.07451818,0.97489154,0.10595183,0.10595183,1.0,6.1703e-05,0.00058236846,-26.802267,2.1448042,0.71493477,0.14400001,0.0,0.15241373,6.179995,6.199995,998400
hardzero_plus_depr__c0p50__z1p00__lam0p020__nu0p50__psi0p75,hardzero_plus_depr,0.06,38,312,0.0,2,0.07451818,0.07451818,1.0551766,0.0,0.08806905,0.0,0.0,0.00057369826,-27.964596,2.321435,0.7738117,0.14,0.0,0.14940338,6.199995,6.219995,1001600
hardzero_plus_depr__c0p50__z1p00__lam0p020__nu0p50__psi0p75,hardzero_plus_depr,0.06,38,313,0.0,2,0.07451818,0.07457475,0.999573,0.10009837,0.10009837,1.0,5.6571305e-05,0.0005651571,-26.97865,2.1991045,0.73303485,0.18400002,0.0,0.15481986,6.219995,6.239995,1004800
hardzero_plus_depr__c0p50__z1p00__lam0p020__nu0p50__psi0p75,hardzero_plus_depr,0.06,38,314,0.0,2,0.07457475,0.07457475,1.0758268,0.0,0.083979495,0.0,0.0,0.0005567428,-28.74798,2.366866,0.7889554,0.14400001,0.0,0.15995108,6.239995,6.259995,1008000
hardzero_plus_depr__c0p50__z1p00__lam0p020__nu0p50__psi0p75,hardzero_plus_depr,0.06,38,315,0.0,2,0.07457475,0.07457475,1.030513,0.0,0.09321525,0.0,0.0,0.000548454,-27.756813,2.267174,0.75572467,0.16000001,0.0,0.1712167,6.259995,6.279995,1011200
hardzero_plus_depr__c0p50__z1p00__lam0p020__nu0p50__psi0p75,hardzero_plus_depr,0.06,38,316,0.0,2,0.07457475,0.07457475,1.0282779,0.0,0.09369624,0.0,0.0,0.0005402887,-27.2492,2.2622564,0.7540855,0.17600001,0.0,0.17670195,6.279995,6.299995,1014400
hardzero_plus_depr__c0p50__z1p00__lam0p020__nu0p50__psi0p75,hardzero_plus_depr,0.06,38,317,0.0,2,0.07457475,0.074631825,0.96969986,0.10722601,0.10722601,1.0,5.7070498e-05,0.0005322449,-25.807472,2.1333823,0.71112746,0.224,0.0,0.14385182,6.299995,6.319995,1017600
hardzero_plus_depr__c0p50__z1p00__lam0p020__nu0p50__psi0p75,hardzero_plus_depr,0.06,38,318,0.0,2,0.074631825,0.074631825,1.0802883,0.0,0.08312117,0.0,0.0,0.0005243209,-28.300747,2.3766818,0.79222727,0.14400001,0.0,0.21558037,6.319995,6.339995,1020800
hardzero_plus_depr__c0p50__z1p00__lam0p020__nu0p50__psi0p75,hardzero_plus_depr,0.06,38,319,0.0,2,0.074631825,0.074631825,1.0240747,0.0,0.09460744,0.0,0.0,0.0005165145,-26.81511,2.2530093,0.75100315,0.15200001,0.0,0.17455848,6.339995,6.359995,1024000
hardzero_plus_depr__c0p50__z1p00__lam0p020__nu0p50__psi0p75,hardzero_plus_depr,0.06,38,320,0.0,2,0.074631825,0.074631825,1.0331717,0.0,0.09264635,0.0,0.0,0.00050882477,-27.199518,2.2730231,0.7576744,0.15200001,0.0,0.1612334,6.359995,6.379995,1027200
hardzero_plus_depr__c0p50__z1p00__lam0p020__nu0p50__psi0p75,hardzero_plus_depr,0.06,38,321,0.0,2,0.074631825,0.0746903,0.9330975,0.11665476,0.11665476,1.0,5.8473128e-05,0.0005012494,-24.787815,2.0528555,0.68428516,0.15200001,0.0,0.14842242,6.379995,6.399995,1030400
hardzero_plus_depr__c0p50__z1p00__lam0p020__nu0p50__psi0p75,hardzero_plus_depr,0.06,38,322,0.0,2,0.0746903,0.0746903,1.0642807,0.0,0.08624208,0.0,0.0,0.00049378665,-28.158854,2.3414645,0.7804882,0.104,0.0,0.1612077,6.399995,6.419995,1033600
hardzero_plus_depr__c0p50__z1p00__lam0p020__nu0p50__psi0p75,hardzero_plus_depr,0.06,38,323,0.0,2,0.0746903,0.074739076,0.9988096,0.10027449,0.10027449,1.0,4.8777034e-05,0.00048643514,-27.66594,2.197425,0.732475,0.14400001,0.0,0.16287245,6.419995,6.439995,1036800
hardzero_plus_depr__c0p50__z1p00__lam0p020__nu0p50__psi0p75,hardzero_plus_depr,0.06,38,324,0.0,2,0.074739076,0.074739076,1.0753206,0.0,0.084077425,0.0,0.0,0.0004791931,-28.172256,2.3657525,0.7885842,0.14400001,0.0,0.15635508,6.439995,6.459995,1040000
hardzero_plus_depr__c0p50__z1p00__lam0p020__nu0p50__psi0p75,hardzero_plus_depr,0.06,38,325,0.0,2,0.074739076,0.074792154,0.94905865,0.112445295,0.112445295,1.0,5.3080807e-05,0.00047205895,-25.982718,2.0879707,0.69599026,0.14,0.0,0.15815757,6.459995,6.479995,1043200
hardzero_plus_depr__c0p50__z1p00__lam0p020__nu0p50__psi0p75,hardzero_plus_depr,0.06,38,326,0.0,2,0.074792154,0.074792154,1.0331904,0.0,0.09264236,0.0,0.0,0.0004650309,-27.459469,2.2730641,0.75768805,0.15200001,0.0,0.16188131,6.479995,6.4999948,1046400
hardzero_plus_depr__c0p50__z1p00__lam0p020__nu0p50__psi0p75,hardzero_plus_depr,0.06,38,327,0.0,2,0.074792154,0.074792154,1.0527533,0.0,0.08856185,0.0,0.0,0.0004581074,-27.291725,2.3161037,0.7720346,0.14400001,0.0,0.15817012,6.4999948,6.5199947,1049600
hardzero_plus_depr__c0p50__z1p00__lam0p020__nu0p50__psi0p75,hardzero_plus_depr,0.06,38,328,0.0,2,0.074792154,0.074792154,1.004676,0.0,0.09892909,0.0,0.0,0.00045128714,-27.223492,2.2103312,0.73677707,0.18400002,0.0,0.16806245,6.5199947,6.5399947,1052800
hardzero_plus_depr__c0p50__z1p00__lam0p020__nu0p50__psi0p75,hardzero_plus_depr,0.06,38,329,0.0,2,0.074792154,0.074792154,1.0007786,0.0,0.09982089,0.0,0.0,0.00044456837,-26.69642,2.2017567,0.7339189,0.18400002,0.0,0.14316066,6.5399947,6.5599947,1056000
hardzero_plus_depr__c0p50__z1p00__lam0p020__nu0p50__psi0p75,hardzero_plus_depr,0.06,38,330,0.0,2,0.074792154,0.074792154,1.0437944,0.0,0.09040773,0.0,0.0,0.00043794946,-27.912792,2.2963934,0.7654645,0.14400001,0.0,0.17405221,6.5599947,6.5799947,1059200
hardzero_plus_depr__c0p50__z1p00__lam0p020__nu0p50__psi0p75,hardzero_plus_depr,0.06,38,331,0.0,2,0.074792154,0.07483766,0.97684795,0.10547562,0.10547562,1.0,4.5505272e-05,0.0004314293,-25.309595,2.1491084,0.7163695,0.15200001,0.0,0.13287807,6.5799947,6.5999947,1062400
hardzero_plus_depr__c0p50__z1p00__lam0p020__nu0p50__psi0p75,hardzero_plus_depr,0.06,38,332,0.0,2,0.07483766,0.07483766,1.0646318,0.0,0.08617241,0.0,0.0,0.0004250062,-27.90051,2.3422368,0.7807456,0.192,0.0,0.19583619,6.5999947,6.6199946,1065600
hardzero_plus_depr__c0p50__z1p00__lam0p020__nu0p50__psi0p75,hardzero_plus_depr,0.06,38,333,0.0,2,0.07483766,0.07488064,0.9886388,0.102650516,0.102650516,1.0,4.297759e-05,0.00041867877,-26.974426,2.1750488,0.7250163,0.15200001,0.0,0.16478723,6.6199946,6.6399946,1068800
hardzero_plus_depr__c0p50__z1p00__lam0p020__nu0p50__psi0p75,hardzero_plus_depr,0.06,38,334,0.0,2,0.07488064,0.07488064,1.0100231,0.0,0.09771851,0.0,0.0,0.00041244552,-26.685516,2.2220953,0.74069846,0.128,0.0,0.15692401,6.6399946,6.6599946,1072000
hardzero_plus_depr__c0p50__z1p00__lam0p020__nu0p50__psi0p75,hardzero_plus_depr,0.06,38,335,0.0,2,0.07488064,0.07488064,1.0600423,0.0,0.08708787,0.0,0.0,0.00040630484,-28.319786,2.3321395,0.7773799,0.16800001,0.0,0.19808438,6.6599946,6.6799946,1075200
hardzero_plus_depr__c0p50__z1p00__lam0p020__nu0p50__psi0p75,hardzero_plus_depr,0.06,38,336,0.0,2,0.07488064,0.07488064,1.0076241,0.0,0.0982598,0.0,0.0,0.0004002558,-27.006725,2.2168174,0.73893917,0.18400002,0.0,0.18329221,6.6799946,6.6999946,1078400
hardzero_plus_depr__c0p50__z1p00__lam0p020__nu0p50__psi0p75,hardzero_plus_depr,0.06,38,337,0.0,2,0.07488064,0.07488064,1.0524845,0.0,0.08861668,0.0,0.0,0.0003942968,-27.628853,2.3155122,0.7718374,0.112,0.0,0.17496425,6.6999946,6.7199945,1081600
hardzero_plus_depr__c0p50__z1p00__lam0p020__nu0p50__psi0p75,hardzero_plus_depr,0.06,38,338,0.0,2,0.07488064,0.07488064,1.0716873,0.0,0.08478375,0.0,0.0,0.0003884264,-27.937923,2.3577592,0.7859198,0.17,0.0,0.17193113,6.7199945,6.7399945,1084800
hardzero_plus_depr__c0p50__z1p00__lam0p020__nu0p50__psi0p75,hardzero_plus_depr,0.06,38,339,0.0,2,0.07488064,0.07488064,1.0528066,0.0,0.08855097,0.0,0.0,0.0003826435,-28.191328,2.3162208,0.7720736,0.14400001,0.0,0.16492179,6.7399945,6.7599945,1088000
hardzero_plus_depr__c0p50__z1p00__lam0p020__nu0p50__psi0p75,hardzero_plus_depr,0.06,38,340,0.0,2,0.07488064,0.07488064,1.0197077,0.0,0.09556355,0.0,0.0,0.00037694676,-26.949677,2.2434018,0.7478006,0.17600001,0.0,0.16261996,6.7599945,6.7799945,1091200
hardzero_plus_depr__c0p50__z1p00__lam0p020__nu0p50__psi0p75,hardzero_plus_depr,0.06,38,341,0.0,2,0.07488064,0.07488064,1.0616275,0.0,0.08677056,0.0,0.0,0.00037133478,-27.857996,2.335627,0.7785424,0.17600001,0.0,0.17844121,6.7799945,6.7999945,1094400
hardzero_plus_depr__c0p50__z1p00__lam0p020__nu0p50__psi0p75,hardzero_plus_depr,0.06,38,342,0.0,2,0.07488064,0.07488064,1.0012957,0.0,0.09970211,0.0,0.0,0.0003658064,-26.374489,2.2028944,0.73429817,0.18400002,0.0,0.16884485,6.7999945,6.8199944,1097600
hardzero_plus_depr__c0p50__z1p00__lam0p020__nu0p50__psi0p75,hardzero_plus_depr,0.06,38,343,0.0,2,0.07488064,0.074916765,0.9988633,0.100262076,0.100262076,1.0,3.6130452e-05,0.0003603601,-26.700027,2.1975431,0.7325144,0.16000001,0.008,0.15446429,6.8199944,6.8399944,1100800
hardzero_plus_depr__c0p50__z1p00__lam0p020__nu0p50__psi0p75,hardzero_plus_depr,0.06,38,344,0.0,2,0.074916765,0.07495276,0.9940113,0.10138849,0.10138849,1.0,3.599242e-05,0.0003549951,-27.00988,2.1868684,0.72895616,0.16800001,0.0,0.14110693,6.8399944,6.8599944,1104000
hardzero_plus_depr__c0p50__z1p00__lam0p020__nu0p50__psi0p75,hardzero_plus_depr,0.06,38,345,0.0,2,0.07495276,0.07495276,1.031687,0.0,0.092963606,0.0,0.0,0.00034970994,-27.152634,2.2697568,0.7565856,0.128,0.0,0.16852368,6.8599944,6.8799944,1107200
hardzero_plus_depr__c0p50__z1p00__lam0p020__nu0p50__psi0p75,hardzero_plus_depr,0.06,38,346,0.0,2,0.07495276,0.07495276,1.0095481,0.0,0.09782545,0.0,0.0,0.00034450335,-26.578863,2.22105,0.74035,0.18400002,0.0,0.13841586,6.8799944,6.8999944,1110400
hardzero_plus_depr__c0p50__z1p00__lam0p020__nu0p50__psi0p75,hardzero_plus_depr,0.06,38,347,0.0,2,0.07495276,0.07499116,0.9463647,0.11314498,0.11314498,1.0,3.8398506e-05,0.00033937438,-26.013863,2.082044,0.69401467,0.16800001,0.0,0.14983362,6.8999944,6.9199944,1113600
hardzero_plus_depr__c0p50__z1p00__lam0p020__nu0p50__psi0p75,hardzero_plus_depr,0.06,38,348,0.0,2,0.07499116,0.07499116,1.0474854,0.0,0.08964265,0.0,0.0,0.0003343218,-27.694933,2.3045137,0.76817125,0.112,0.0,0.16318397,6.9199944,6.9399943,1116800
hardzero_plus_depr__c0p50__z1p00__lam0p020__nu0p50__psi0p75,hardzero_plus_depr,0.06,38,349,0.0,2,0.07499116,0.07502585,0.9774322,0.105333805,0.105333805,1.0,3.4691107e-05,0.00032934448,-26.794006,2.1503937,0.71679795,0.17600001,0.0,0.16168195,6.9399943,6.9599943,1120000
hardzero_plus_depr__c0p50__z1p00__lam0p020__nu0p50__psi0p75,hardzero_plus_depr,0.06,38,350,0.0,2,0.07502585,0.07502585,1.0279425,0.0,0.093768604,0.0,0.0,0.00032444124,-27.581408,2.2615187,0.7538396,0.16000001,0.0,0.15847647,6.9599943,6.9799943,1123200
hardzero_plus_depr__c0p50__z1p00__lam0p020__nu0p50__psi0p75,hardzero_plus_depr,0.06,38,351,0.0,2,0.07502585,0.07502585,1.0129973,0.0,0.09705161,0.0,0.0,0.0003196108,-27.24685,2.2286384,0.7428795,0.11,0.0,0.1469772,6.9799943,6.9999943,1126400
hardzero_plus_depr__c0p50__z1p00__lam0p020__nu0p50__psi0p75,hardzero_plus_depr,0.06,38,352,0.0,2,0.07502585,0.07502585,1.0542711,0.0,0.08825289,0.0,0.0,0.00031485246,-27.594303,2.3194427,0.7731476,0.120000005,0.0,0.15942138,6.9999943,7.0199943,1129600
hardzero_plus_depr__c0p50__z1p00__lam0p020__nu0p50__psi0p75,hardzero_plus_depr,0.06,38,353,0.0,2,0.07502585,0.07502585,1.003626,0.0,0.099168554,0.0,0.0,0.00031016496,-26.888472,2.2080212,0.7360071,0.15200001,0.0,0.15449747,7.0199943,7.0399942,1132800
hardzero_plus_depr__c0p50__z1p00__lam0p020__nu0p50__psi0p75,hardzero_plus_depr,0.06,38,354,0.0,2,0.07502585,0.07502585,1.0297225,0.0,0.093385085,0.0,0.0,0.0003055471,-26.878845,2.2654347,0.75514495,0.18400002,0.0,0.18693304,7.0399942,7.059994,1136000
hardzero_plus_depr__c0p50__z1p00__lam0p020__nu0p50__psi0p75,hardzero_plus_depr,0.06,38,355,0.0,2,0.07502585,0.07505676,0.98840463,0.10270589,0.10270589,1.0,3.091428e-05,0.00030099813,-27.16484,2.1745336,0.7248446,0.120000005,0.0,0.14236596,7.059994,7.079994,1139200
hardzero_plus_depr__c0p50__z1p00__lam0p020__nu0p50__psi0p75,hardzero_plus_depr,0.06,38,356,0.0,2,0.07505676,0.07505676,1.0435444,0.0,0.09045979,0.0,0.0,0.00029651693,-27.519308,2.2958436,0.7652812,0.15200001,0.0,0.16071935,7.079994,7.099994,1142400
hardzero_plus_depr__c0p50__z1p00__lam0p020__nu0p50__psi0p75,hardzero_plus_depr,0.06,38,357,0.0,2,0.07505676,0.07505676,1.0458181,0.0,0.08998745,0.0,0.0,0.00029210237,-27.26306,2.3008456,0.7669486,0.192,0.0,0.15159486,7.099994,7.119994,1145600
hardzero_plus_depr__c0p50__z1p00__lam0p020__nu0p50__psi0p75,hardzero_plus_depr,0.06,38,358,0.0,2,0.07505676,0.07505676,1.0684054,0.0,0.08542688,0.0,0.0,0.0002877536,-28.090876,2.3505387,0.78351295,0.112,0.0,0.16452771,7.119994,7.139994,1148800
hardzero_plus_depr__c0p50__z1p00__lam0p020__nu0p50__psi0p75,hardzero_plus_depr,0.06,38,359,0.0,2,0.07505676,0.07505676,1.0633229,0.0,0.08643251,0.0,0.0,0.0002834694,-27.726248,2.3393571,0.77978575,0.096,0.0,0.15886264,7.139994,7.159994,1152000
hardzero_plus_depr__c0p50__z1p00__lam0p020__nu0p50__psi0p75,hardzero_plus_depr,0.06,38,360,0.0,2,0.07505676,0.07505676,1.0019681,0.0,0.09954783,0.0,0.0,0.0002792491,-26.681988,2.2043738,0.7347913,0.18400002,0.008,0.1531725,7.159994,7.179994,1155200
hardzero_plus_depr__c0p50__z1p00__lam0p020__nu0p50__psi0p75,hardzero_plus_depr,0.06,38,361,0.0,2,0.07505676,0.07505676,1.0418173,0.0,0.09082024,0.0,0.0,0.00027509165,-26.670727,2.292044,0.76401466,0.216,0.0,0.15386885,7.179994,7.199994,1158400
hardzero_plus_depr__c0p50__z1p00__lam0p020__nu0p50__psi0p75,hardzero_plus_depr,0.06,38,362,0.0,2,0.07505676,0.07508418,0.99493134,0.10117394,0.10117394,1.0,2.7417731e-05,0.00027099598,-27.21708,2.1888926,0.7296309,0.14400001,0.0,0.14830892,7.199994,7.219994,1161600
hardzero_plus_depr__c0p50__z1p00__lam0p020__nu0p50__psi0p75,hardzero_plus_depr,0.06,38,363,0.0,2,0.07508418,0.07508418,1.0382823,0.0,0.09156252,0.0,0.0,0.00026696143,-27.405224,2.2842667,0.7614223,0.208,0.0,0.16188686,7.219994,7.239994,1164800
hardzero_plus_depr__c0p50__z1p00__lam0p020__nu0p50__psi0p75,hardzero_plus_depr,0.06,38,364,0.0,2,0.07508418,0.0751108,0.9946604,0.10123709,0.10123709,1.0,2.6624028e-05,0.0002629869,-27.068216,2.1882966,0.7294322,0.22,0.0,0.13833514,7.239994,7.259994,1168000
hardzero_plus_depr__c0p50__z1p00__lam0p020__nu0p50__psi0p75,hardzero_plus_depr,0.06,38,365,0.0,2,0.0751108,0.075137384,0.9887869,0.10261552,0.10261552,1.0,2.6584763e-05,0.00025907156,-25.526703,2.1753745,0.72512484,0.16800001,0.0,0.16550887,7.259994,7.279994,1171200
hardzero_plus_depr__c0p50__z1p00__lam0p020__nu0p50__psi0p75,hardzero_plus_depr,0.06,38,366,0.0,2,0.075137384,0.075137384,1.0390139,0.0,0.0914084,0.0,0.0,0.00025521455,-27.562763,2.285876,0.7619587,0.14400001,0.0,0.17607707,7.279994,7.299994,1174400
hardzero_plus_depr__c0p50__z1p00__lam0p020__nu0p50__psi0p75,hardzero_plus_depr,0.06,38,367,0.0,2,0.075137384,0.075137384,1.0393206,0.0,0.09134387,0.0,0.0,0.0002514148,-27.284142,2.286551,0.76218367,0.16800001,0.0,0.15550533,7.299994,7.319994,1177600
hardzero_plus_depr__c0p50__z1p00__lam0p020__nu0p50__psi0p75,hardzero_plus_depr,0.06,38,368,0.0,2,0.075137384,0.075137384,1.0211053,0.0,0.09525652,0.0,0.0,0.00024767176,-27.539242,2.2464764,0.7488255,0.120000005,0.0,0.13836342,7.319994,7.339994,1180800
hardzero_plus_depr__c0p50__z1p00__lam0p020__nu0p50__psi0p75,hardzero_plus_depr,0.06,38,369,0.0,2,0.075137384,0.075137384,1.0195976,0.0,0.095587775,0.0,0.0,0.00024398442,-27.733412,2.2431595,0.7477199,0.15200001,0.0,0.18118355,7.339994,7.359994,1184000
hardzero_plus_depr__c0p50__z1p00__lam0p020__nu0p50__psi0p75,hardzero_plus_depr,0.06,38,370,0.0,2,0.075137384,0.075137384,1.0151696,0.0,0.09656736,0.0,0.0,0.0002403519,-28.054716,2.2334177,0.7444726,0.18400002,0.0,0.19735509,7.359994,7.379994,1187200
hardzero_plus_depr__c0p50__z1p00__lam0p020__nu0p50__psi0p75,hardzero_plus_depr,0.06,38,371,0.0,2,0.075137384,0.075162105,0.9812403,0.10441425,0.10441425,1.0,2.4722533e-05,0.00023677356,-26.348461,2.1587718,0.7195906,0.16800001,0.0,0.1432513,7.379994,7.399994,1190400
hardzero_plus_depr__c0p50__z1p00__lam0p020__nu0p50__psi0p75,hardzero_plus_depr,0.06,38,372,0.0,2,0.075162105,0.075162105,1.0251083,0.0,0.09438253,0.0,0.0,0.00023324849,-26.427229,2.2552834,0.75176114,0.14400001,0.0,0.13457885,7.399994,7.419994,1193600
hardzero_plus_depr__c0p50__z1p00__lam0p020__nu0p50__psi0p75,hardzero_plus_depr,0.06,38,373,0.0,2,0.075162105,0.07518532,0.99544865,0.1010535,0.1010535,1.0,2.321966e-05,0.0002297759,-26.126314,2.1900308,0.7300103,0.16800001,0.0,0.16235527,7.419994,7.439994,1196800
hardzero_plus_depr__c0p50__z1p00__lam0p020__nu0p50__psi0p75,hardzero_plus_depr,0.06,38,374,0.0,2,0.07518532,0.075208545,0.98883235,0.10260479,0.10260479,1.0,2.3225111e-05,0.00022635504,-27.407003,2.1754746,0.7251582,0.14400001,0.0,0.15052907,7.439994,7.459994,1200000
hardzero_plus_depr__c0p50__z1p00__lam0p020__nu0p50__psi0p75,hardzero_plus_depr,0.06,38,375,0.0,2,0.075208545,0.075208545,1.0277172,0.0,0.09381726,0.0,0.0,0.00022298495,-27.183565,2.261023,0.7536744,0.112,0.0,0.16173379,7.459994,7.479994,1203200
hardzero_plus_depr__c0p50__z1p00__lam0p020__nu0p50__psi0p75,hardzero_plus_depr,0.06,38,376,0.0,2,0.075208545,0.075208545,1.028872,0.0,0.09356814,0.0,0.0,0.00021966518,-27.182646,2.2635636,0.75452125,0.16000001,0.0,0.1809225,7.479994,7.499994,1206400
hardzero_plus_depr__c0p50__z1p00__lam0p020__nu0p50__psi0p75,hardzero_plus_depr,0.06,38,377,0.0,2,0.075208545,0.075208545,1.0187426,0.0,0.095776156,0.0,0.0,0.00021639482,-26.90422,2.2412784,0.74709284,0.13,0.0,0.17925349,7.499994,7.519994,1209600
hardzero_plus_depr__c0p50__z1p00__lam0p020__nu0p50__psi0p75,hardzero_plus_depr,0.06,38,378,0.0,2,0.075208545,0.075208545,1.0852594,0.0,0.08217515,0.0,0.0,0.00021317304,-27.868732,2.3876185,0.79587287,0.17600001,0.0,0.1707356,7.519994,7.539994,1212800
hardzero_plus_depr__c0p50__z1p00__lam0p020__nu0p50__psi0p75,hardzero_plus_depr,0.06,38,379,0.0,2,0.075208545,0.075208545,1.0027667,0.0,0.099364966,0.0,0.0,0.00020999934,-27.078619,2.206131,0.735377,0.17600001,0.0,0.16638666,7.539994,7.5599937,1216000
hardzero_plus_depr__c0p50__z1p00__lam0p020__nu0p50__psi0p75,hardzero_plus_depr,0.06,38,380,0.0,2,0.075208545,0.075208545,1.0142381,0.0,0.096774705,0.0,0.0,0.00020687288,-27.34722,2.2313685,0.74378955,0.16000001,0.0,0.1330063,7.5599937,7.5799937,1219200
hardzero_plus_depr__c0p50__z1p00__lam0p020__nu0p50__psi0p75,hardzero_plus_depr,0.06,38,381,0.0,2,0.075208545,0.075208545,1.0475254,0.0,0.089634374,0.0,0.0,0.00020379298,-27.346432,2.304602,0.76820064,0.128,0.0,0.16227455,7.5799937,7.5999937,1222400
hardzero_plus_depr__c0p50__z1p00__lam0p020__nu0p50__psi0p75,hardzero_plus_depr,0.06,38,382,0.0,2,0.075208545,0.075208545,1.0683534,0.0,0.085437104,0.0,0.0,0.00020075892,-27.629593,2.3504245,0.78347486,0.104,0.0,0.15277661,7.5999937,7.6199937,1225600
hardzero_plus_depr__c0p50__z1p00__lam0p020__nu0p50__psi0p75,hardzero_plus_depr,0.06,38,383,0.0,2,0.075208545,0.075208545,1.0141501,0.0,0.09679432,0.0,0.0,0.00019776993,-27.070753,2.231175,0.743725,0.192,0.0,0.13713153,7.6199937,7.6399937,1228800
hardzero_plus_depr__c0p50__z1p00__lam0p020__nu0p50__psi0p75,hardzero_plus_depr,0.06,38,384,0.0,2,0.075208545,0.075208545,1.0196751,0.0,0.09557072,0.0,0.0,0.00019482555,-26.831474,2.24333,0.7477767,0.15200001,0.0,0.15189837,7.6399937,7.6599936,1232000
hardzero_plus_depr__c0p50__z1p00__lam0p020__nu0p50__psi0p75,hardzero_plus_depr,0.06,38,385,0.0,2,0.075208545,0.075208545,1.0418266,0.0,0.09081829,0.0,0.0,0.00019192502,-27.516178,2.2920642,0.7640214,0.112,0.0,0.17320639,7.6599936,7.6799936,1235200
hardzero_plus_depr__c0p50__z1p00__lam0p020__nu0p50__psi0p75,hardzero_plus_depr,0.06,38,386,0.0,2,0.075208545,0.07522784,0.9910792,0.10207533,0.10207533,1.0,1.9299132e-05,0.00018906753,-25.613161,2.1804178,0.7268059,0.128,0.0,0.15539399,7.6799936,7.6999936,1238400
hardzero_plus_depr__c0p50__z1p00__lam0p020__nu0p50__psi0p75,hardzero_plus_depr,0.06,38,387,0.0,2,0.07522784,0.075247735,0.97136605,0.10681541,0.10681541,1.0,1.9894662e-05,0.00018625273,-27.036623,2.137048,0.71234936,0.24000001,0.0,0.1515669,7.6999936,7.7199936,1241600
hardzero_plus_depr__c0p50__z1p00__lam0p020__nu0p50__psi0p75,hardzero_plus_depr,0.06,38,388,0.0,2,0.075247735,0.075247735,1.0224763,0.0,0.094956286,0.0,0.0,0.00018347982,-26.898582,2.249493,0.74983096,0.17600001,0.0,0.16004743,7.7199936,7.7399936,1244800
hardzero_plus_depr__c0p50__z1p00__lam0p020__nu0p50__psi0p75,hardzero_plus_depr,0.06,38,389,0.0,2,0.075247735,0.075247735,1.0036684,0.0,0.09915886,0.0,0.0,0.00018074816,-26.478436,2.2081146,0.7360382,0.208,0.0,0.1433548,7.7399936,7.7599936,1248000
hardzero_plus_depr__c0p50__z1p00__lam0p020__nu0p50__psi0p75,hardzero_plus_depr,0.06,38,390,0.0,2,0.075247735,0.075247735,1.0590072,0.0,0.08729569,0.0,0.0,0.0001780572,-28.579634,2.3298624,0.7766208,0.14999999,0.0,0.17820463,7.7599936,7.7799935,1251200
hardzero_plus_depr__c0p50__z1p00__lam0p020__nu0p50__psi0p75,hardzero_plus_depr,0.06,38,391,0.0,2,0.075247735,0.075247735,1.0071139,0.0,0.09837528,0.0,0.0,0.00017540621,-27.24957,2.215695,0.73856497,0.104,0.0,0.17152347,7.7799935,7.7999935,1254400
hardzero_plus_depr__c0p50__z1p00__lam0p020__nu0p50__psi0p75,hardzero_plus_depr,0.06,38,392,0.0,2,0.075247735,0.075247735,1.0020117,0.0,0.099537864,0.0,0.0,0.00017279478,-26.936237,2.2044697,0.7348232,0.136,0.0,0.15930042,7.7999935,7.8199935,1257600
hardzero_plus_depr__c0p50__z1p00__lam0p020__nu0p50__psi0p75,hardzero_plus_depr,0.06,38,393,0.0,2,0.075247735,0.075247735,1.0473567,0.0,0.0896692,0.0,0.0,0.00017022222,-27.321507,2.304231,0.768077,0.120000005,0.0,0.14555755,7.8199935,7.8399935,1260800
hardzero_plus_depr__c0p50__z1p00__lam0p020__nu0p50__psi0p75,hardzero_plus_depr,0.06,38,394,0.0,2,0.075247735,0.075247735,1.042046,0.0,0.09077244,0.0,0.0,0.00016768789,-27.39018,2.2925467,0.76418227,0.15200001,0.0,0.14105682,7.8399935,7.8599935,1264000
hardzero_plus_depr__c0p50__z1p00__lam0p020__nu0p50__psi0p75,hardzero_plus_depr,0.06,38,395,0.0,2,0.075247735,0.075247735,1.0134885,0.0,0.09694188,0.0,0.0,0.00016519136,-27.121166,2.2297194,0.7432398,0.216,0.0,0.15988834,7.8599935,7.8799934,1267200
hardzero_plus_depr__c0p50__z1p00__lam0p020__nu0p50__psi0p75,hardzero_plus_depr,0.06,38,396,0.0,2,0.075247735,0.075247735,1.0145583,0.0,0.096703395,0.0,0.0,0.000162732,-26.841803,2.2320728,0.7440243,0.208,0.0,0.17949943,7.8799934,7.8999934,1270400
hardzero_plus_depr__c0p50__z1p00__lam0p020__nu0p50__psi0p75,hardzero_plus_depr,0.06,38,397,0.0,2,0.075247735,0.075247735,1.0815995,0.0,0.082870595,0.0,0.0,0.00016030927,-28.465519,2.3795664,0.7931888,0.16000001,0.0,0.2047193,7.8999934,7.9199934,1273600
hardzero_plus_depr__c0p50__z1p00__lam0p020__nu0p50__psi0p75,hardzero_plus_depr,0.06,38,398,0.0,2,0.075247735,0.075247735,1.0267627,0.0,0.0940237,0.0,0.0,0.00015792261,-27.0776,2.258923,0.7529744,0.18400002,0.0,0.16020505,7.9199934,7.9399934,1276800
hardzero_plus_depr__c0p50__z1p00__lam0p020__nu0p50__psi0p75,hardzero_plus_depr,0.06,38,399,0.0,2,0.075247735,0.075263806,0.98583174,0.10331614,0.10331614,1.0,1.6073034e-05,0.00015557137,-26.674706,2.168873,0.72295773,0.192,0.0,0.16642994,7.9399934,7.9599934,1280000
hardzero_plus_depr__c0p50__z1p00__lam0p020__nu0p50__psi0p75,hardzero_plus_depr,0.06,38,400,0.0,2,0.075263806,0.075263806,1.0205216,0.0,0.09538461,0.0,0.0,0.00015325524,-27.282124,2.2451925,0.7483975,0.112,0.0,0.15073149,7.9599934,7.9799933,1283200
hardzero_plus_depr__c0p50__z1p00__lam0p020__nu0p50__psi0p75,hardzero_plus_depr,0.06,38,401,0.0,2,0.075263806,0.075263806,1.0864054,0.0,0.08195861,0.0,0.0,0.00015097359,-28.559866,2.3901396,0.79671323,0.136,0.0,0.20552056,7.9799933,7.9999933,1286400
hardzero_plus_depr__c0p50__z1p00__lam0p020__nu0p50__psi0p75,hardzero_plus_depr,0.06,38,402,0.0,2,0.075263806,0.075263806,1.0200418,0.0,0.09549005,0.0,0.0,0.00014872583,-26.222275,2.2441368,0.7480456,0.208,0.0,0.18851659,7.9999933,8.019994,1289600
hardzero_plus_depr__c0p50__z1p00__lam0p020__nu0p50__psi0p75,hardzero_plus_depr,0.06,38,403,0.0,2,0.075263806,0.07527875,0.9912839,0.10202723,0.10202723,1.0,1.49481675e-05,0.00014651155,-26.882431,2.1808681,0.72695607,0.19999999,0.0,0.17538303,8.019994,8.039994,1292800
hardzero_plus_depr__c0p50__z1p00__lam0p020__nu0p50__psi0p75,hardzero_plus_depr,0.06,38,404,0.0,2,0.07527875,0.07527875,1.0166949,0.0,0.09622881,0.0,0.0,0.00014433022,-27.249897,2.2367735,0.74559116,0.136,0.0,0.16660081,8.039994,8.059995,1296000
hardzero_plus_depr__c0p50__z1p00__lam0p020__nu0p50__psi0p75,hardzero_plus_depr,0.06,38,405,0.0,2,0.07527875,0.07527875,1.0965687,0.0,0.08006289,0.0,0.0,0.00014218138,-28.002382,2.4124994,0.8041665,0.112,0.0,0.1848419,8.059995,8.079995,1299200
hardzero_plus_depr__c0p50__z1p00__lam0p020__nu0p50__psi0p75,hardzero_plus_depr,0.06,38,406,0.0,2,0.07527875,0.07527875,1.0395824,0.0,0.09128883,0.0,0.0,0.00014006453,-27.579107,2.2871268,0.7623756,0.136,0.0,0.15999764,8.079995,8.099996,1302400
hardzero_plus_depr__c0p50__z1p00__lam0p020__nu0p50__psi0p75,hardzero_plus_depr,0.06,38,407,0.0,2,0.07527875,0.07527875,1.0413218,0.0,0.090923935,0.0,0.0,0.00013797918,-29.044224,2.2909536,0.76365125,0.15200001,0.0,0.20493545,8.099996,8.119996,1305600
hardzero_plus_depr__c0p50__z1p00__lam0p020__nu0p50__psi0p75,hardzero_plus_depr,0.06,38,408,0.0,2,0.07527875,0.07527875,1.0020225,0.0,0.09953537,0.0,0.0,0.0001359249,-26.860027,2.2044935,0.7348312,0.136,0.008,0.14718321,8.119996,8.139997,1308800
hardzero_plus_depr__c0p50__z1p00__lam0p020__nu0p50__psi0p75,hardzero_plus_depr,0.06,38,409,0.0,2,0.07527875,0.07527875,1.0628968,0.0,0.08651733,0.0,0.0,0.0001339012,-26.951334,2.3384197,0.77947325,0.15200001,0.0,0.19081731,8.139997,8.159997,1312000
hardzero_plus_depr__c0p50__z1p00__lam0p020__nu0p50__psi0p75,hardzero_plus_depr,0.06,38,410,0.0,2,0.07527875,0.07527875,1.0144111,0.0,0.09673616,0.0,0.0,0.00013190763,-27.5102,2.231749,0.7439164,0.192,0.0,0.1963427,8.159997,8.179997,1315200
hardzero_plus_depr__c0p50__z1p00__lam0p020__nu0p50__psi0p75,hardzero_plus_depr,0.06,38,411,0.0,2,0.07527875,0.07527875,1.05594,0.0,0.08791439,0.0,0.0,0.00012994371,-27.890947,2.3231144,0.7743715,0.112,0.0,0.17855002,8.179997,8.199998,1318400
hardzero_plus_depr__c0p50__z1p00__lam0p020__nu0p50__psi0p75,hardzero_plus_depr,0.06,38,412,0.0,2,0.07527875,0.07527875,1.0606532,0.0,0.08696546,0.0,0.0,0.00012800908,-28.341656,2.3334837,0.7778279,0.072000004,0.0,0.14967199,8.199998,8.219998,1321600
hardzero_plus_depr__c0p50__z1p00__lam0p020__nu0p50__psi0p75,hardzero_plus_depr,0.06,38,413,0.0,2,0.07527875,0.07527875,1.050911,0.0,0.08893834,0.0,0.0,0.00012610323,-27.640825,2.3120503,0.77068347,0.17600001,0.0,0.17592837,8.219998,8.239999,1324800
hardzero_plus_depr__c0p50__z1p00__lam0p020__nu0p50__psi0p75,hardzero_plus_depr,0.06,38,414,0.0,2,0.07527875,0.07527875,1.0453199,0.0,0.09009073,0.0,0.0,0.00012422576,-27.653215,2.2997499,0.7665833,0.112,0.0,0.14933924,8.239999,8.259999,1328000
hardzero_plus_depr__c0p50__z1p00__lam0p020__nu0p50__psi0p75,hardzero_plus_depr,0.06,38,415,0.0,2,0.07527875,0.07529109,0.99645317,0.10082002,0.10082002,1.0,1.2337975e-05,0.00012237624,-26.800138,2.1922407,0.7307469,0.16000001,0.0,0.14094082,8.259999,8.28,1331200
hardzero_plus_depr__c0p50__z1p00__lam0p020__nu0p50__psi0p75,hardzero_plus_depr,0.06,38,416,0.0,2,0.07529109,0.07529109,1.063123,0.0,0.08647229,0.0,0.0,0.00012055424,-27.067875,2.3389173,0.7796391,0.17999999,0.0,0.16409747,8.28,8.3,1334400
hardzero_plus_depr__c0p50__z1p00__lam0p020__nu0p50__psi0p75,hardzero_plus_depr,0.06,38,417,0.0,2,0.07529109,0.07529109,1.0252333,0.0,0.094355404,0.0,0.0,0.000118759366,-27.571224,2.2555583,0.75185275,0.16000001,0.0,0.16791372,8.3,8.320001,1337600
hardzero_plus_depr__c0p50__z1p00__lam0p020__nu0p50__psi0p75,hardzero_plus_depr,0.06,38,418,0.0,2,0.07529109,0.07529109,1.035564,0.0,0.092137426,0.0,0.0,0.00011699124,-27.602144,2.2782862,0.75942874,0.17600001,0.0,0.21053262,8.320001,8.340001,1340800
hardzero_plus_depr__c0p50__z1p00__lam0p020__nu0p50__psi0p75,hardzero_plus_depr,0.06,38,419,0.0,2,0.07529109,0.07529109,1.0199836,0.0,0.095502846,0.0,0.0,0.00011524943,-27.352642,2.2440088,0.74800295,0.15200001,0.0,0.1472747,8.340001,8.360002,1344000
hardzero_plus_depr__c0p50__z1p00__lam0p020__nu0p50__psi0p75,hardzero_plus_depr,0.06,38,420,0.0,2,0.07529109,0.07529109,1.0655184,0.0,0.08599666,0.0,0.0,0.000113533555,-27.119644,2.3441873,0.7813958,0.14400001,0.0,0.16758093,8.360002,8.380002,1347200
hardzero_plus_depr__c0p50__z1p00__lam0p020__nu0p50__psi0p75,hardzero_plus_depr,0.06,38,421,0.0,2,0.07529109,0.07529109,1.0771348,0.0,0.08372693,0.0,0.0,0.00011184323,-27.891577,2.369744,0.7899147,0.18400002,0.0,0.17057271,8.380002,8.4000025,1350400
hardzero_plus_depr__c0p50__z1p00__lam0p020__nu0p50__psi0p75,hardzero_plus_depr,0.06,38,422,0.0,2,0.07529109,0.07529109,1.0152638,0.0,0.09654642,0.0,0.0,0.00011017805,-27.768812,2.233625,0.74454165,0.192,0.0,0.16260679,8.4000025,8.420003,1353600
hardzero_plus_depr__c0p50__z1p00__lam0p020__nu0p50__psi0p75,hardzero_plus_depr,0.06,38,423,0.0,2,0.07529109,0.07530195,0.99958605,0.10009536,0.10009536,1.0,1.0864117e-05,0.00010853767,-27.381916,2.1991332,0.7330444,0.096,0.0,0.15445085,8.420003,8.440003,1356800
hardzero_plus_depr__c0p50__z1p00__lam0p020__nu0p50__psi0p75,hardzero_plus_depr,0.06,38,424,0.0,2,0.07530195,0.07530195,1.0086939,0.0,0.09801804,0.0,0.0,0.000106921725,-26.538918,2.219171,0.7397237,0.16000001,0.0,0.161981,8.440003,8.460004,1360000
hardzero_plus_depr__c0p50__z1p00__lam0p020__nu0p50__psi0p75,hardzero_plus_depr,0.06,38,425,0.0,2,0.07530195,0.07530195,1.0578521,0.0,0.08752817,0.0,0.0,0.00010532983,-27.765688,2.3273213,0.77577376,0.16800001,0.0,0.1579435,8.460004,8.480004,1363200
hardzero_plus_depr__c0p50__z1p00__lam0p020__nu0p50__psi0p75,hardzero_plus_depr,0.06,38,426,0.0,2,0.07530195,0.075312816,0.9802071,0.10466293,0.10466293,1.0,1.0859998e-05,0.000103761646,-26.81737,2.1564987,0.7188329,0.16800001,0.0,0.14922777,8.480004,8.500005,1366400
hardzero_plus_depr__c0p50__z1p00__lam0p020__nu0p50__psi0p75,hardzero_plus_depr,0.06,38,427,0.0,2,0.075312816,0.075312816,1.0730538,0.0,0.084517404,0.0,0.0,0.0001022168,-28.076698,2.3607655,0.78692186,0.16800001,0.0,0.16939647,8.500005,8.520005,1369600
hardzero_plus_depr__c0p50__z1p00__lam0p020__nu0p50__psi0p75,hardzero_plus_depr,0.06,38,428,0.0,2,0.075312816,0.075312816,1.000838,0.0,0.0998072,0.0,0.0,0.00010069495,-27.86735,2.2018876,0.73396254,0.16000001,0.0,0.16666913,8.520005,8.540006,1372800
hardzero_plus_depr__c0p50__z1p00__lam0p020__nu0p50__psi0p75,hardzero_plus_depr,0.06,38,429,0.0,2,0.075312816,0.075312816,1.0614016,0.0,0.086815715,0.0,0.0,9.9195764e-05,-26.329052,2.3351302,0.77837676,0.11,0.0,0.13357285,8.540006,8.560006,1376000
hardzero_plus_depr__c0p50__z1p00__lam0p020__nu0p50__psi0p75,hardzero_plus_depr,0.06,38,430,0.0,2,0.075312816,0.07532322,0.97289515,0.10644,0.10644,1.0,1.04012e-05,9.77189e-05,-26.77047,2.140412,0.7134707,0.216,0.0,0.17402782,8.560006,8.580007,1379200
hardzero_plus_depr__c0p50__z1p00__lam0p020__nu0p50__psi0p75,hardzero_plus_depr,0.06,38,431,0.0,2,0.07532322,0.07533326,0.98169327,0.10430539,0.10430539,1.0,1.0040856e-05,9.6264026e-05,-26.244009,2.1597683,0.7199228,0.18400002,0.0,0.13501793,8.580007,8.600007,1382400
hardzero_plus_depr__c0p50__z1p00__lam0p020__nu0p50__psi0p75,hardzero_plus_depr,0.06,38,432,0.0,2,0.07533326,0.075343065,0.9853842,0.103422664,0.103422664,1.0,9.807654e-06,9.48308e-05,-27.060299,2.1678886,0.72262955,0.208,0.0,0.16584821,8.600007,8.6200075,1385600
hardzero_plus_depr__c0p50__z1p00__lam0p020__nu0p50__psi0p75,hardzero_plus_depr,0.06,38,433,0.0,2,0.075343065,0.075353116,0.9683416,0.107561894,0.107561894,1.0,1.0048317e-05,9.341892e-05,-27.276987,2.130394,0.71013135,0.224,0.0,0.1573659,8.6200075,8.640008,1388800
hardzero_plus_depr__c0p50__z1p00__lam0p020__nu0p50__psi0p75,hardzero_plus_depr,0.06,38,434,0.0,2,0.075353116,0.075353116,1.0059347,0.0,0.098642774,0.0,0.0,9.2028065e-05,-26.839275,2.2131007,0.7377002,0.18400002,0.0,0.1601707,8.640008,8.660008,1392000
hardzero_plus_depr__c0p50__z1p00__lam0p020__nu0p50__psi0p75,hardzero_plus_depr,0.06,38,435,0.0,2,0.075353116,0.075353116,1.0417492,0.0,0.09083449,0.0,0.0,9.0657915e-05,-28.175629,2.2918942,0.7639648,0.17600001,0.0,0.19098325,8.660008,8.680009,1395200
hardzero_plus_depr__c0p50__z1p00__lam0p020__nu0p50__psi0p75,hardzero_plus_depr,0.06,38,436,0.0,2,0.075353116,0.075353116,1.058008,0.0,0.087496765,0.0,0.0,8.930817e-05,-27.451563,2.327664,0.77588797,0.128,0.0,0.15767147,8.680009,8.700009,1398400
hardzero_plus_depr__c0p50__z1p00__lam0p020__nu0p50__psi0p75,hardzero_plus_depr,0.06,38,437,0.0,2,0.075353116,0.075353116,1.0347936,0.0,0.09230099,0.0,0.0,8.797851e-05,-27.976372,2.2765913,0.7588638,0.16800001,0.0,0.19448064,8.700009,8.72001,1401600
hardzero_plus_depr__c0p50__z1p00__lam0p020__nu0p50__psi0p75,hardzero_plus_depr,0.06,38,438,0.0,2,0.075353116,0.075362265,0.9766449,0.10552494,0.10552494,1.0,9.145704e-06,8.6668646e-05,-25.733376,2.1486616,0.71622056,0.24000001,0.0,0.15006888,8.72001,8.74001,1404800
hardzero_plus_depr__c0p50__z1p00__lam0p020__nu0p50__psi0p75,hardzero_plus_depr,0.06,38,439,0.0,2,0.075362265,0.075362265,1.0090367,0.0,0.09794072,0.0,0.0,8.537829e-05,-27.391085,2.219925,0.739975,0.18400002,0.0,0.17884834,8.74001,8.760011,1408000
hardzero_plus_depr__c0p50__z1p00__lam0p020__nu0p50__psi0p75,hardzero_plus_depr,0.06,38,440,0.0,2,0.075362265,0.075362265,1.0556877,0.0,0.087965496,0.0,0.0,8.410715e-05,-27.821968,2.3225594,0.7741865,0.16000001,0.0,0.15663859,8.760011,8.780011,1411200
hardzero_plus_depr__c0p50__z1p00__lam0p020__nu0p50__psi0p75,hardzero_plus_depr,0.06,38,441,0.0,2,0.075362265,0.075362265,1.0975548,0.0,0.07988131,0.0,0.0,8.285493e-05,-28.242167,2.4146688,0.8048896,0.096,0.0,0.17315924,8.780011,8.800012,1414400
hardzero_plus_depr__c0p50__z1p00__lam0p020__nu0p50__psi0p75,hardzero_plus_depr,0.06,38,442,0.0,2,0.075362265,0.075362265,1.0115855,0.0,0.0973676,0.0,0.0,8.162134e-05,-26.964853,2.2255325,0.7418442,0.14999999,0.0,0.15338865,8.800012,8.820012,1417600
hardzero_plus_depr__c0p50__z1p00__lam0p020__nu0p50__psi0p75,hardzero_plus_depr,0.06,38,443,0.0,2,0.075362265,0.075362265,1.0235887,0.0,0.094713375,0.0,0.0,8.0406135e-05,-26.772434,2.25194,0.7506467,0.14400001,0.0,0.14912397,8.820012,8.840013,1420800
hardzero_plus_depr__c0p50__z1p00__lam0p020__nu0p50__psi0p75,hardzero_plus_depr,0.06,38,444,0.0,2,0.075362265,0.075362265,1.0168562,0.0,0.09619307,0.0,0.0,7.920902e-05,-27.413689,2.2371283,0.7457094,0.14400001,0.0,0.14836538,8.840013,8.860013,1424000
hardzero_plus_depr__c0p50__z1p00__lam0p020__nu0p50__psi0p75,hardzero_plus_depr,0.06,38,445,0.0,2,0.075362265,0.07537055,0.97405636,0.106155775,0.106155775,1.0,8.283306e-06,7.802973e-05,-26.400427,2.1429667,0.71432227,0.128,0.0,0.13437285,8.860013,8.880013,1427200
hardzero_plus_depr__c0p50__z1p00__lam0p020__nu0p50__psi0p75,hardzero_plus_depr,0.06,38,446,0.0,2,0.07537055,0.07537055,1.0461386,0.0,0.08992105,0.0,0.0,7.686799e-05,-27.148087,2.301551,0.7671837,0.14400001,0.0,0.17098507,8.880013,8.900014,1430400
hardzero_plus_depr__c0p50__z1p00__lam0p020__nu0p50__psi0p75,hardzero_plus_depr,0.06,38,447,0.0,2,0.07537055,0.07537055,1.0359601,0.0,0.09205342,0.0,0.0,7.572355e-05,-27.259098,2.2791576,0.75971925,0.216,0.0,0.14375919,8.900014,8.920014,1433600
hardzero_plus_depr__c0p50__z1p00__lam0p020__nu0p50__psi0p75,hardzero_plus_depr,0.06,38,448,0.0,2,0.07537055,0.075378016,0.99946594,0.10012305,0.10012305,1.0,7.4687932e-06,7.4596144e-05,-26.396673,2.198869,0.73295635,0.14400001,0.0,0.1463826,8.920014,8.940015,1436800
hardzero_plus_depr__c0p50__z1p00__lam0p020__nu0p50__psi0p75,hardzero_plus_depr,0.06,38,449,0.0,2,0.075378016,0.075378016,1.0834962,0.0,0.082509466,0.0,0.0,7.348553e-05,-27.488724,2.3837392,0.79457974,0.16800001,0.0,0.1778475,8.940015,8.960015,1440000
hardzero_plus_depr__c0p50__z1p00__lam0p020__nu0p50__psi0p75,hardzero_plus_depr,0.06,38,450,0.0,2,0.075378016,0.075378016,1.0125642,0.0,0.09714843,0.0,0.0,7.239144e-05,-27.121984,2.2276857,0.74256194,0.208,0.0,0.18246672,8.960015,8.980016,1443200
hardzero_plus_depr__c0p50__z1p00__lam0p020__nu0p50__psi0p75,hardzero_plus_depr,0.06,38,451,0.0,2,0.075378016,0.075378016,1.0621,0.0,0.08667622,0.0,0.0,7.1313654e-05,-29.156124,2.3366668,0.77888894,0.14400001,0.0,0.17148422,8.980016,9.000016,1446400
hardzero_plus_depr__c0p50__z1p00__lam0p020__nu0p50__psi0p75,hardzero_plus_depr,0.06,38,452,0.0,2,0.075378016,0.075378016,1.016327,0.0,0.096310355,0.0,0.0,7.025191e-05,-27.284506,2.235964,0.7453214,0.208,0.0,0.1571297,9.000016,9.020017,1449600
hardzero_plus_depr__c0p50__z1p00__lam0p020__nu0p50__psi0p75,hardzero_plus_depr,0.06,38,453,0.0,2,0.075378016,0.075378016,1.0114452,0.0,0.097399086,0.0,0.0,6.920596e-05,-26.79609,2.2252238,0.7417413,0.16800001,0.0,0.13579814,9.020017,9.040017,1452800
hardzero_plus_depr__c0p50__z1p00__lam0p020__nu0p50__psi0p75,hardzero_plus_depr,0.06,38,454,0.0,2,0.075378016,0.07538505,0.9866529,0.103121,0.103121,1.0,7.030336e-06,6.81756e-05,-26.802742,2.1706798,0.72356,0.16800001,0.0,0.16138162,9.040017,9.060018,1456000
hardzero_plus_depr__c0p50__z1p00__lam0p020__nu0p50__psi0p75,hardzero_plus_depr,0.06,38,455,0.0,2,0.07538505,0.07539184,0.99531484,0.101084635,0.101084635,1.0,6.7889023e-06,6.7160574e-05,-26.519688,2.1897364,0.72991216,0.19,0.0,0.16040038,9.060018,9.080018,1459200
hardzero_plus_depr__c0p50__z1p00__lam0p020__nu0p50__psi0p75,hardzero_plus_depr,0.06,38,456,0.0,2,0.07539184,0.07539852,0.9955897,0.101020694,0.101020694,1.0,6.683596e-06,6.616066e-05,-27.238941,2.190341,0.7301137,0.16800001,0.0,0.15087326,9.080018,9.1000185,1462400
hardzero_plus_depr__c0p50__z1p00__lam0p020__nu0p50__psi0p75,hardzero_plus_depr,0.06,38,457,0.0,2,0.07539852,0.075405344,0.9799443,0.104726285,0.104726285,1.0,6.825602e-06,6.5175635e-05,-26.304764,2.1559205,0.7186402,0.264,0.0,0.14558797,9.1000185,9.120019,1465600
hardzero_plus_depr__c0p50__z1p00__lam0p020__nu0p50__psi0p75,hardzero_plus_depr,0.06,38,458,0.0,2,0.075405344,0.075405344,1.0378181,0.0,0.09166044,0.0,0.0,6.420527e-05,-27.816507,2.2832453,0.7610818,0.128,0.0,0.16013011,9.120019,9.140019,1468800
hardzero_plus_depr__c0p50__z1p00__lam0p020__nu0p50__psi0p75,hardzero_plus_depr,0.06,38,459,0.0,2,0.075405344,0.075405344,1.0407064,0.0,0.09105285,0.0,0.0,6.324937e-05,-27.702333,2.2896,0.7632,0.16000001,0.0,0.15732443,9.140019,9.16002,1472000
hardzero_plus_depr__c0p50__z1p00__lam0p020__nu0p50__psi0p75,hardzero_plus_depr,0.06,38,460,0.0,2,0.075405344,0.075405344,1.0607187,0.0,0.08695234,0.0,0.0,6.2307685e-05,-27.691832,2.3336277,0.7778759,0.16800001,0.0,0.15373442,9.16002,9.18002,1475200
hardzero_plus_depr__c0p50__z1p00__lam0p020__nu0p50__psi0p75,hardzero_plus_depr,0.06,38,461,0.0,2,0.075405344,0.075405344,1.0303737,0.0,0.09324516,0.0,0.0,6.138002e-05,-27.163586,2.2668674,0.7556225,0.120000005,0.0,0.15321857,9.18002,9.200021,1478400
hardzero_plus_depr__c0p50__z1p00__lam0p020__nu0p50__psi0p75,hardzero_plus_depr,0.06,38,462,0.0,2,0.075405344,0.075405344,1.0236242,0.0,0.09470564,0.0,0.0,6.046617e-05,-27.673391,2.2520182,0.75067276,0.15200001,0.0,0.1603813,9.200021,9.220021,1481600
hardzero_plus_depr__c0p50__z1p00__lam0p020__nu0p50__psi0p75,hardzero_plus_depr,0.06,38,463,0.0,2,0.075405344,0.075405344,1.0211198,0.0,0.095253326,0.0,0.0,5.9565922e-05,-27.66036,2.2465086,0.7488362,0.18400002,0.0,0.1754842,9.220021,9.240022,1484800
hardzero_plus_depr__c0p50__z1p00__lam0p020__nu0p50__psi0p75,hardzero_plus_depr,0.06,38,464,0.0,2,0.075405344,0.075411245,0.99750066,0.100577146,0.100577146,1.0,5.901775e-06,5.8679085e-05,-27.350767,2.1945453,0.7315151,0.208,0.0,0.15707347,9.240022,9.260022,1488000
hardzero_plus_depr__c0p50__z1p00__lam0p020__nu0p50__psi0p75,hardzero_plus_depr,0.06,38,465,0.0,2,0.075411245,0.075411245,1.0198636,0.0,0.09552924,0.0,0.0,5.7805446e-05,-26.675352,2.2437449,0.74791497,0.136,0.0,0.14873017,9.260022,9.280023,1491200
hardzero_plus_depr__c0p50__z1p00__lam0p020__nu0p50__psi0p75,hardzero_plus_depr,0.06,38,466,0.0,2,0.075411245,0.075417146,0.9844435,0.10364696,0.10364696,1.0,5.9021568e-06,5.6944817e-05,-26.154728,2.165819,0.7219397,0.18400002,0.0,0.1591047,9.280023,9.300023,1494400
hardzero_plus_depr__c0p50__z1p00__lam0p020__nu0p50__psi0p75,hardzero_plus_depr,0.06,38,467,0.0,2,0.075417146,0.075417146,1.0183536,0.0,0.09586199,0.0,0.0,5.6096997e-05,-26.919306,2.2404227,0.7468076,0.18400002,0.0,0.1526317,9.300023,9.320024,1497600
hardzero_plus_depr__c0p50__z1p00__lam0p020__nu0p50__psi0p75,hardzero_plus_depr,0.06,38,468,0.0,2,0.075417146,0.07542286,0.9855413,0.10338529,0.10338529,1.0,5.713258e-06,5.5261804e-05,-25.733511,2.168234,0.7227447,0.17,0.0,0.14499672,9.320024,9.340024,1500800
hardzero_plus_depr__c0p50__z1p00__lam0p020__nu0p50__psi0p75,hardzero_plus_depr,0.06,38,469,0.0,2,0.07542286,0.07542286,1.0335197,0.0,0.09257213,0.0,0.0,5.4439042e-05,-27.339357,2.273789,0.7579297,0.104,0.0,0.20639099,9.340024,9.360024,1504000
hardzero_plus_depr__c0p50__z1p00__lam0p020__nu0p50__psi0p75,hardzero_plus_depr,0.06,38,470,0.0,2,0.07542286,0.07542286,1.0733044,0.0,0.084468655,0.0,0.0,5.3628533e-05,-27.813246,2.361317,0.7871057,0.112,0.0,0.17172155,9.360024,9.380025,1507200
hardzero_plus_depr__c0p50__z1p00__lam0p020__nu0p50__psi0p75,hardzero_plus_depr,0.06,38,471,0.0,2,0.07542286,0.07542286,1.0791608,0.0,0.08333725,0.0,0.0,5.283009e-05,-28.140059,2.374201,0.7914004,0.112,0.0,0.16118906,9.380025,9.400025,1510400
hardzero_plus_depr__c0p50__z1p00__lam0p020__nu0p50__psi0p75,hardzero_plus_depr,0.06,38,472,0.0,2,0.07542286,0.07542836,0.9758675,0.105713986,0.105713986,1.0,5.501729e-06,5.204353e-05,-25.798502,2.1469514,0.7156505,0.16800001,0.0,0.13983032,9.400025,9.420026,1513600
hardzero_plus_depr__c0p50__z1p00__lam0p020__nu0p50__psi0p75,hardzero_plus_depr,0.06,38,473,0.0,2,0.07542836,0.07543367,0.9845676,0.103617325,0.103617325,1.0,5.3123244e-06,5.126869e-05,-26.58471,2.166092,0.72203064,0.192,0.0,0.15173411,9.420026,9.440026,1516800
hardzero_plus_depr__c0p50__z1p00__lam0p020__nu0p50__psi0p75,hardzero_plus_depr,0.06,38,474,0.0,2,0.07543367,0.07543367,1.046925,0.0,0.089758396,0.0,0.0,5.050538e-05,-27.45192,2.3032808,0.7677603,0.128,0.0,0.1710528,9.440026,9.460027,1520000
hardzero_plus_depr__c0p50__z1p00__lam0p020__nu0p50__psi0p75,hardzero_plus_depr,0.06,38,475,0.0,2,0.07543367,0.07543367,1.0056243,0.0,0.0987133,0.0,0.0,4.975344e-05,-26.952196,2.2124176,0.73747253,0.136,0.008,0.1542092,9.460027,9.480027,1523200
hardzero_plus_depr__c0p50__z1p00__lam0p020__nu0p50__psi0p75,hardzero_plus_depr,0.06,38,476,0.0,2,0.07543367,0.07543367,1.0583258,0.0,0.08743277,0.0,0.0,4.9012688e-05,-27.59891,2.3283632,0.7761211,0.2,0.0,0.16957355,9.480027,9.500028,1526400
hardzero_plus_depr__c0p50__z1p00__lam0p020__nu0p50__psi0p75,hardzero_plus_depr,0.06,38,477,0.0,2,0.07543367,0.07543367,1.0602139,0.0,0.087053455,0.0,0.0,4.8282964e-05,-27.845783,2.3325171,0.77750576,0.128,0.0,0.17087094,9.500028,9.520028,1529600
hardzero_plus_depr__c0p50__z1p00__lam0p020__nu0p50__psi0p75,hardzero_plus_depr,0.06,38,478,0.0,2,0.07543367,0.07543367,1.0599613,0.0,0.08710411,0.0,0.0,4.756411e-05,-28.042612,2.3319614,0.7773205,0.128,0.0,0.14169258,9.520028,9.540029,1532800
hardzero_plus_depr__c0p50__z1p00__lam0p020__nu0p50__psi0p75,hardzero_plus_depr,0.06,38,479,0.0,2,0.07543367,0.07543367,1.0434484,0.0,0.09047978,0.0,0.0,4.685596e-05,-28.110992,2.2956324,0.7652108,0.208,0.008,0.1554891,9.540029,9.560029,1536000
hardzero_plus_depr__c0p50__z1p00__lam0p020__nu0p50__psi0p75,hardzero_plus_depr,0.06,38,480,0.0,2,0.07543367,0.07543367,1.0307928,0.0,0.09315521,0.0,0.0,4.615835e-05,-27.025923,2.2677896,0.7559299,0.128,0.0,0.15498993,9.560029,9.5800295,1539200
hardzero_plus_depr__c0p50__z1p00__lam0p020__nu0p50__psi0p75,hardzero_plus_depr,0.06,38,481,0.0,2,0.07543367,0.07543367,1.052515,0.0,0.08861044,0.0,0.0,4.5471126e-05,-27.084225,2.3155794,0.7718598,0.11,0.0,0.16194938,9.5800295,9.60003,1542400
hardzero_plus_depr__c0p50__z1p00__lam0p020__nu0p50__psi0p75,hardzero_plus_depr,0.06,38,482,0.0,2,0.07543367,0.07543367,1.0114583,0.0,0.09739613,0.0,0.0,4.479413e-05,-27.07486,2.2252526,0.7417509,0.104,0.0,0.15946434,9.60003,9.62003,1545600
hardzero_plus_depr__c0p50__z1p00__lam0p020__nu0p50__psi0p75,hardzero_plus_depr,0.06,38,483,0.0,2,0.07543367,0.07543367,1.0306573,0.0,0.09318429,0.0,0.0,4.4127217e-05,-27.844645,2.2674913,0.75583047,0.15200001,0.0,0.14493264,9.62003,9.640031,1548800
hardzero_plus_depr__c0p50__z1p00__lam0p020__nu0p50__psi0p75,hardzero_plus_depr,0.06,38,484,0.0,2,0.07543367,0.07543367,1.0257367,0.0,0.09424609,0.0,0.0,4.3470234e-05,-27.500546,2.2566657,0.75222194,0.16000001,0.0,0.16913626,9.640031,9.660031,1552000
hardzero_plus_depr__c0p50__z1p00__lam0p020__nu0p50__psi0p75,hardzero_plus_depr,0.06,38,485,0.0,2,0.07543367,0.07543809,0.98639905,0.10318127,0.10318127,1.0,4.4185354e-06,4.2823034e-05,-25.7579,2.1701212,0.7233738,0.14400001,0.0,0.13242725,9.660031,9.680032,1555200
hardzero_plus_depr__c0p50__z1p00__lam0p020__nu0p50__psi0p75,hardzero_plus_depr,0.06,38,486,0.0,2,0.07543809,0.07543809,1.0780253,0.0,0.083555415,0.0,0.0,4.2185467e-05,-28.407505,2.3717031,0.79056776,0.208,0.0,0.17620695,9.680032,9.700032,1558400
hardzero_plus_depr__c0p50__z1p00__lam0p020__nu0p50__psi0p75,hardzero_plus_depr,0.06,38,487,0.0,2,0.07543809,0.07544227,0.9976217,0.100549124,0.100549124,1.0,4.1785593e-06,4.1557392e-05,-26.454401,2.1948116,0.73160386,0.112,0.0,0.13413411,9.700032,9.720033,1561600
hardzero_plus_depr__c0p50__z1p00__lam0p020__nu0p50__psi0p75,hardzero_plus_depr,0.06,38,488,0.0,2,0.07544227,0.075446494,0.9862358,0.103220075,0.103220075,1.0,4.2256925e-06,4.0938667e-05,-26.581577,2.1697621,0.7232541,0.120000005,0.0,0.14482638,9.720033,9.740033,1564800
hardzero_plus_depr__c0p50__z1p00__lam0p020__nu0p50__psi0p75,hardzero_plus_depr,0.06,38,489,0.0,2,0.075446494,0.075446494,1.049559,0.0,0.089215636,0.0,0.0,4.032916e-05,-27.044727,2.3090758,0.76969194,0.128,0.0,0.15963446,9.740033,9.760034,1568000
hardzero_plus_depr__c0p50__z1p00__lam0p020__nu0p50__psi0p75,hardzero_plus_depr,0.06,38,490,0.0,2,0.075446494,0.075446494,1.0156622,0.0,0.096457906,0.0,0.0,3.972872e-05,-27.127937,2.2345014,0.7448338,0.17600001,0.0,0.16113748,9.760034,9.780034,1571200
hardzero_plus_depr__c0p50__z1p00__lam0p020__nu0p50__psi0p75,hardzero_plus_depr,0.06,38,491,0.0,2,0.075446494,0.075446494,1.0555937,0.0,0.08798452,0.0,0.0,3.9137223e-05,-26.745995,2.3223526,0.7741176,0.128,0.0,0.18174468,9.780034,9.8000345,1574400
hardzero_plus_depr__c0p50__z1p00__lam0p020__nu0p50__psi0p75,hardzero_plus_depr,0.06,38,492,0.0,2,0.075446494,0.075446494,1.0022008,0.0,0.099494524,0.0,0.0,3.855453e-05,-26.417194,2.204886,0.734962,0.18400002,0.0,0.16831249,9.8000345,9.820035,1577600
hardzero_plus_depr__c0p50__z1p00__lam0p020__nu0p50__psi0p75,hardzero_plus_depr,0.06,38,493,0.0,2,0.075446494,0.075446494,1.0585147,0.0,0.08739474,0.0,0.0,3.798052e-05,-28.34666,2.3287787,0.7762596,0.136,0.0,0.21598898,9.820035,9.840035,1580800
hardzero_plus_depr__c0p50__z1p00__lam0p020__nu0p50__psi0p75,hardzero_plus_depr,0.06,38,494,0.0,2,0.075446494,0.075446494,1.0382098,0.0,0.091577806,0.0,0.0,3.741505e-05,-27.282604,2.2841072,0.7613691,0.19999999,0.0,0.1742201,9.840035,9.860036,1584000
hardzero_plus_depr__c0p50__z1p00__lam0p020__nu0p50__psi0p75,hardzero_plus_depr,0.06,38,495,0.0,2,0.075446494,0.07545021,0.9960108,0.100922786,0.100922786,1.0,3.7198117e-06,3.6857997e-05,-27.008188,2.1912675,0.7304225,0.16800001,0.0,0.15946376,9.860036,9.880036,1587200
hardzero_plus_depr__c0p50__z1p00__lam0p020__nu0p50__psi0p75,hardzero_plus_depr,0.06,38,496,0.0,2,0.07545021,0.07545021,1.007263,0.0,0.09834154,0.0,0.0,3.630924e-05,-27.569054,2.2160227,0.7386743,0.136,0.0,0.1475099,9.880036,9.900037,1590400
hardzero_plus_depr__c0p50__z1p00__lam0p020__nu0p50__psi0p75,hardzero_plus_depr,0.06,38,497,0.0,2,0.07545021,0.07545021,1.0305704,0.0,0.09320293,0.0,0.0,3.576866e-05,-27.392118,2.2673001,0.75576675,0.192,0.0,0.1707617,9.900037,9.920037,1593600
hardzero_plus_depr__c0p50__z1p00__lam0p020__nu0p50__psi0p75,hardzero_plus_depr,0.06,38,498,0.0,2,0.07545021,0.07545021,1.0003144,0.0,0.09992764,0.0,0.0,3.523612e-05,-26.321623,2.2007356,0.73357856,0.17600001,0.0,0.1609561,9.920037,9.940038,1596800
hardzero_plus_depr__c0p50__z1p00__lam0p020__nu0p50__psi0p75,hardzero_plus_depr,0.06,38,499,0.0,2,0.07545021,0.07545021,1.0360394,0.0,0.09203661,0.0,0.0,3.471151e-05,-27.728931,2.2793322,0.7597774,0.08800001,0.0,0.18350922,9.940038,9.960038,1600000
hardzero_plus_depr__c0p50__z1p00__lam0p020__nu0p50__psi0p75,hardzero_plus_depr,0.06,38,500,0.0,2,0.07545021,0.07545389,0.96829396,0.10757369,0.10757369,1.0,3.6784506e-06,3.4194705e-05,-25.18628,2.1302893,0.7100965,0.17600001,0.0,0.13907634,9.960038,9.980039,1603200
hardzero_plus_depr__c0p50__z1p00__lam0p020__nu0p50__psi0p75,hardzero_plus_depr,0.06,38,501,0.0,2,0.07545389,0.07545389,1.0186731,0.0,0.09579148,0.0,0.0,3.3685603e-05,-27.954763,2.2411256,0.7470419,0.208,0.0,0.1686218,9.980039,10.000039,1606400
hardzero_plus_depr__c0p50__z1p00__lam0p020__nu0p50__psi0p75,hardzero_plus_depr,0.06,38,502,0.0,2,0.07545389,0.07545722,0.9984264,0.10036301,0.10036301,1.0,3.3304539e-06,3.318408e-05,-27.515131,2.1965818,0.73219395,0.208,0.0,0.14695618,10.000039,10.02004,1609600
hardzero_plus_depr__c0p50__z1p00__lam0p020__nu0p50__psi0p75,hardzero_plus_depr,0.06,38,503,0.0,2,0.07545722,0.07545722,1.0034883,0.0,0.09920001,0.0,0.0,3.2690023e-05,-26.500809,2.2077184,0.7359061,0.16800001,0.0,0.1586186,10.02004,10.04004,1612800
hardzero_plus_depr__c0p50__z1p00__lam0p020__nu0p50__psi0p75,hardzero_plus_depr,0.06,38,504,0.0,2,0.07545722,0.07545722,1.020459,0.0,0.09539837,0.0,0.0,3.220332e-05,-27.588095,2.2450547,0.7483516,0.128,0.0,0.14760484,10.04004,10.06004,1616000
hardzero_plus_depr__c0p50__z1p00__lam0p020__nu0p50__psi0p75,hardzero_plus_depr,0.06,38,505,0.0,2,0.07545722,0.07545722,1.026551,0.0,0.094069526,0.0,0.0,3.1723866e-05,-27.638338,2.2584572,0.75281906,0.120000005,0.0,0.17545998,10.06004,10.080041,1619200
hardzero_plus_depr__c0p50__z1p00__lam0p020__nu0p50__psi0p75,hardzero_plus_depr,0.06,38,506,0.0,2,0.07545722,0.07545722,1.0941334,0.0,0.080513105,0.0,0.0,3.1251548e-05,-28.782766,2.4071414,0.8023805,0.18400002,0.0,0.17279258,10.080041,10.100041,1622400
hardzero_plus_depr__c0p50__z1p00__lam0p020__nu0p50__psi0p75,hardzero_plus_depr,0.06,38,507,0.0,2,0.07545722,0.07545722,1.0712457,0.0,0.084870026,0.0,0.0,3.078626e-05,-28.955492,2.3567874,0.78559583,0.16,0.0,0.18404227,10.100041,10.120042,1625600
hardzero_plus_depr__c0p50__z1p00__lam0p020__nu0p50__psi0p75,hardzero_plus_depr,0.06,38,508,0.0,2,0.07545722,0.07545722,1.0176111,0.0,0.096026,0.0,0.0,3.0327905e-05,-27.296762,2.2387893,0.74626315,0.14400001,0.0,0.17713796,10.120042,10.140042,1628800
hardzero_plus_depr__c0p50__z1p00__lam0p020__nu0p50__psi0p75,hardzero_plus_depr,0.06,38,509,0.0,2,0.07545722,0.07545722,1.0295231,0.0,0.09342795,0.0,0.0,2.9876372e-05,-27.456175,2.264996,0.7549987,0.16800001,0.0,0.16910169,10.140042,10.160043,1632000
hardzero_plus_depr__c0p50__z1p00__lam0p020__nu0p50__psi0p75,hardzero_plus_depr,0.06,38,510,0.0,2,0.07545722,0.07545722,1.0833658,0.0,0.08253425,0.0,0.0,2.9431558e-05,-28.176697,2.3834524,0.79448414,0.048,0.0,0.20571725,10.160043,10.180043,1635200
hardzero_plus_depr__c0p50__z1p00__lam0p020__nu0p50__psi0p75,hardzero_plus_depr,0.06,38,511,0.0,2,0.07545722,0.07545722,1.0718851,0.0,0.08474515,0.0,0.0,2.899337e-05,-27.857712,2.3581944,0.7860648,0.14400001,0.0,0.17173861,10.180043,10.200044,1638400
hardzero_plus_depr__c0p50__z1p00__lam0p020__nu0p50__psi0p75,hardzero_plus_depr,0.06,38,512,0.0,2,0.07545722,0.07545722,1.0619613,0.0,0.08670391,0.0,0.0,2.8561704e-05,-27.52565,2.3363614,0.77878714,0.096,0.0,0.16482544,10.200044,10.220044,1641600
hardzero_plus_depr__c0p50__z1p00__lam0p020__nu0p50__psi0p75,hardzero_plus_depr,0.06,38,513,0.0,2,0.07545722,0.07545722,1.0182425,0.0,0.09588651,0.0,0.0,2.8136466e-05,-26.823524,2.240178,0.74672604,0.128,0.0,0.14402921,10.220044,10.240045,1644800
hardzero_plus_depr__c0p50__z1p00__lam0p020__nu0p50__psi0p75,hardzero_plus_depr,0.06,38,514,0.0,2,0.07545722,0.07545722,1.0479909,0.0,0.08953835,0.0,0.0,2.771756e-05,-27.808973,2.3056262,0.76854205,0.18400002,0.0,0.17360851,10.240045,10.260045,1648000
hardzero_plus_depr__c0p50__z1p00__lam0p020__nu0p50__psi0p75,hardzero_plus_depr,0.06,38,515,0.0,2,0.07545722,0.07545722,1.0274434,0.0,0.09387644,0.0,0.0,2.730489e-05,-27.509724,2.2604206,0.7534735,0.16000001,0.0,0.18704641,10.260045,10.2800455,1651200
hardzero_plus_depr__c0p50__z1p00__lam0p020__nu0p50__psi0p75,hardzero_plus_depr,0.06,38,516,0.0,2,0.07545722,0.07545722,1.0189768,0.0,0.09572452,0.0,0.0,2.6898364e-05,-27.42638,2.2417936,0.74726456,0.112,0.0,0.15778881,10.2800455,10.300046,1654400
hardzero_plus_depr__c0p50__z1p00__lam0p020__nu0p50__psi0p75,hardzero_plus_depr,0.06,38,517,0.0,2,0.07545722,0.07545722,1.0243875,0.0,0.09453932,0.0,0.0,2.649789e-05,-27.388975,2.2536974,0.7512325,0.104,0.0,0.13724136,10.300046,10.320046,1657600
hardzero_plus_depr__c0p50__z1p00__lam0p020__nu0p50__psi0p75,hardzero_plus_depr,0.06,38,518,0.0,2,0.07545722,0.07545722,1.089365,0.0,0.08140198,0.0,0.0,2.610338e-05,-28.463665,2.3966508,0.7988836,0.096,0.0,0.179476,10.320046,10.340047,1660800
hardzero_plus_depr__c0p50__z1p00__lam0p020__nu0p50__psi0p75,hardzero_plus_depr,0.06,38,519,0.0,2,0.07545722,0.07545722,1.08528,0.0,0.082171276,0.0,0.0,2.5714742e-05,-27.988886,2.3876636,0.7958879,0.120000005,0.0,0.18252458,10.340047,10.360047,1664000
hardzero_plus_depr__c0p50__z1p00__lam0p020__nu0p50__psi0p75,hardzero_plus_depr,0.06,38,520,0.0,2,0.07545722,0.07545722,1.0013006,0.0,0.099700965,0.0,0.0,2.533189e-05,-27.441374,2.2029052,0.73430175,0.17,0.0,0.19209546,10.360047,10.380048,1667200
hardzero_plus_depr__c0p50__z1p00__lam0p020__nu0p50__psi0p75,hardzero_plus_depr,0.06,38,521,0.0,2,0.07545722,0.07545722,1.0935379,0.0,0.08062358,0.0,0.0,2.4954737e-05,-28.751907,2.4058316,0.8019439,0.128,0.0,0.18396553,10.380048,10.400048,1670400
hardzero_plus_depr__c0p50__z1p00__lam0p020__nu0p50__psi0p75,hardzero_plus_depr,0.06,38,522,0.0,2,0.07545722,0.07545722,1.0292311,0.0,0.09349081,0.0,0.0,2.4583203e-05,-27.722395,2.2643535,0.7547845,0.18400002,0.0,0.18404132,10.400048,10.420049,1673600
hardzero_plus_depr__c0p50__z1p00__lam0p020__nu0p50__psi0p75,hardzero_plus_depr,0.06,38,523,0.0,2,0.07545722,0.07545972,0.9863025,0.10320423,0.10320423,1.0,2.4993174e-06,2.42172e-05,-25.97338,2.1699088,0.72330296,0.208,0.0,0.17571513,10.420049,10.440049,1676800
hardzero_plus_depr__c0p50__z1p00__lam0p020__nu0p50__psi0p75,hardzero_plus_depr,0.06,38,524,0.0,2,0.07545972,0.07545972,1.0326939,0.0,0.09274834,0.0,0.0,2.3856644e-05,-27.473982,2.271972,0.757324,0.17600001,0.0,0.16589272,10.440049,10.46005,1680000
hardzero_plus_depr__c0p50__z1p00__lam0p020__nu0p50__psi0p75,hardzero_plus_depr,0.06,38,525,0.0,2,0.07545972,0.07546207,0.99910647,0.10020597,0.10020597,1.0,2.3549862e-06,2.3501456e-05,-26.987057,2.1980782,0.7326927,0.15200001,0.0,0.18087581,10.46005,10.48005,1683200
hardzero_plus_depr__c0p50__z1p00__lam0p020__nu0p50__psi0p75,hardzero_plus_depr,0.06,38,526,0.0,2,0.07546207,0.07546207,1.0257107,0.0,0.09425173,0.0,0.0,2.3151557e-05,-27.270294,2.2566085,0.75220287,0.136,0.0,0.16263464,10.48005,10.500051,1686400
hardzero_plus_depr__c0p50__z1p00__lam0p020__nu0p50__psi0p75,hardzero_plus_depr,0.06,38,527,0.0,2,0.07546207,0.07546207,1.0331866,0.0,0.09264318,0.0,0.0,2.2806867e-05,-27.455832,2.2730558,0.7576853,0.18400002,0.0,0.14130193,10.500051,10.520051,1689600
hardzero_plus_depr__c0p50__z1p00__lam0p020__nu0p50__psi0p75,hardzero_plus_depr,0.06,38,528,0.0,2,0.07546207,0.07546207,1.0221059,0.0,0.095037304,0.0,0.0,2.246731e-05,-27.060314,2.248678,0.74955934,0.2,0.0,0.1811845,10.520051,10.540051,1692800
hardzero_plus_depr__c0p50__z1p00__lam0p020__nu0p50__psi0p75,hardzero_plus_depr,0.06,38,529,0.0,2,0.07546207,0.07546207,1.0455589,0.0,0.09004117,0.0,0.0,2.2132808e-05,-27.579407,2.3002756,0.76675856,0.128,0.0,0.13213384,10.540051,10.560052,1696000
hardzero_plus_depr__c0p50__z1p00__lam0p020__nu0p50__psi0p75,hardzero_plus_depr,0.06,38,530,0.0,2,0.07546207,0.07546207,1.0092715,0.0,0.09788777,0.0,0.0,2.1803284e-05,-26.778744,2.2204416,0.74014723,0.136,0.008,0.13857484,10.560052,10.580052,1699200
hardzero_plus_depr__c0p50__z1p00__lam0p020__nu0p50__psi0p75,hardzero_plus_depr,0.06,38,531,0.0,2,0.07546207,0.07546207,1.0279723,0.0,0.09376217,0.0,0.0,2.1478669e-05,-27.327248,2.2615843,0.7538614,0.136,0.0,0.1718879,10.580052,10.600053,1702400
hardzero_plus_depr__c0p50__z1p00__lam0p020__nu0p50__psi0p75,hardzero_plus_depr,0.06,38,532,0.0,2,0.07546207,0.07546424,0.9894949,0.10244837,0.10244837,1.0,2.1676933e-06,2.1158885e-05,-26.475552,2.1769323,0.7256441,0.120000005,0.0,0.16869782,10.600053,10.620053,1705600
hardzero_plus_depr__c0p50__z1p00__lam0p020__nu0p50__psi0p75,hardzero_plus_depr,0.06,38,533,0.0,2,0.07546424,0.07546424,1.0435524,0.0,0.090458125,0.0,0.0,2.0843865e-05,-28.151064,2.2958612,0.7652871,0.11,0.0,0.15456122,10.620053,10.640054,1708800
hardzero_plus_depr__c0p50__z1p00__lam0p020__nu0p50__psi0p75,hardzero_plus_depr,0.06,38,534,0.0,2,0.07546424,0.07546424,1.0426611,0.0,0.09064396,0.0,0.0,2.0533533e-05,-27.748337,2.2939003,0.7646334,0.16800001,0.0,0.19069317,10.640054,10.660054,1712000
hardzero_plus_depr__c0p50__z1p00__lam0p020__nu0p50__psi0p75,hardzero_plus_depr,0.06,38,535,0.0,2,0.07546424,0.07546424,1.1058505,0.0,0.07836995,0.0,0.0,2.0227819e-05,-28.741993,2.4329195,0.81097317,0.112,0.0,0.17143029,10.660054,10.680055,1715200
hardzero_plus_depr__c0p50__z1p00__lam0p020__nu0p50__psi0p75,hardzero_plus_depr,0.06,38,536,0.0,2,0.07546424,0.0754663,0.9867125,0.103106834,0.103106834,1.0,2.054575e-06,1.9926661e-05,-25.581907,2.170811,0.72360367,0.136,0.0,0.1682082,10.680055,10.700055,1718400
hardzero_plus_depr__c0p50__z1p00__lam0p020__nu0p50__psi0p75,hardzero_plus_depr,0.06,38,537,0.0,2,0.0754663,0.075468406,0.9681971,0.10759767,0.10759767,1.0,2.1121407e-06,1.9629986e-05,-26.013039,2.1300762,0.7100254,0.2,0.0,0.1413101,10.700055,10.720056,1721600
hardzero_plus_depr__c0p50__z1p00__lam0p020__nu0p50__psi0p75,hardzero_plus_depr,0.06,38,538,0.0,2,0.075468406,0.07547036,0.9953355,0.101079814,0.101079814,1.0,1.9546537e-06,1.9337725e-05,-26.892115,2.189782,0.7299273,0.15200001,0.0,0.1651059,10.720056,10.740056,1724800
hardzero_plus_depr__c0p50__z1p00__lam0p020__nu0p50__psi0p75,hardzero_plus_depr,0.06,38,539,0.0,2,0.07547036,0.07547036,1.0125704,0.0,0.097147055,0.0,0.0,1.9049818e-05,-26.735815,2.2276993,0.74256647,0.16800001,0.0,0.15526961,10.740056,10.7600565,1728000
hardzero_plus_depr__c0p50__z1p00__lam0p020__nu0p50__psi0p75,hardzero_plus_depr,0.06,38,540,0.0,2,0.07547036,0.07547036,1.0032986,0.0,0.09924334,0.0,0.0,1.8766197e-05,-26.88668,2.2073011,0.73576707,0.14400001,0.0,0.14932345,10.7600565,10.780057,1731200
hardzero_plus_depr__c0p50__z1p00__lam0p020__nu0p50__psi0p75,hardzero_plus_depr,0.06,38,541,0.0,2,0.07547036,0.07547036,1.0002947,0.0,0.09993217,0.0,0.0,1.8486799e-05,-26.71972,2.2006922,0.7335641,0.136,0.0,0.16459137,10.780057,10.800057,1734400
hardzero_plus_depr__c0p50__z1p00__lam0p020__nu0p50__psi0p75,hardzero_plus_depr,0.06,38,542,0.0,2,0.07547036,0.07547036,1.0459195,0.0,0.08996643,0.0,0.0,1.821156e-05,-27.29642,2.301069,0.767023,0.192,0.0,0.16308124,10.800057,10.820058,1737600
hardzero_plus_depr__c0p50__z1p00__lam0p020__nu0p50__psi0p75,hardzero_plus_depr,0.06,38,543,0.0,2,0.07547036,0.07547036,1.0553765,0.0,0.088028535,0.0,0.0,1.794042e-05,-28.198952,2.3218749,0.7739583,0.2,0.0,0.17700092,10.820058,10.840058,1740800
hardzero_plus_depr__c0p50__z1p00__lam0p020__nu0p50__psi0p75,hardzero_plus_depr,0.06,38,544,0.0,2,0.07547036,0.07547036,1.0128101,0.0,0.09709343,0.0,0.0,1.7673314e-05,-27.225609,2.2282267,0.74274224,0.136,0.0,0.15388536,10.840058,10.860059,1744000
hardzero_plus_depr__c0p50__z1p00__lam0p020__nu0p50__psi0p75,hardzero_plus_depr,0.06,38,545,0.0,2,0.07547036,0.07547036,1.0973734,0.0,0.07991469,0.0,0.0,1.7410186e-05,-28.4391,2.4142697,0.8047566,0.120000005,0.0,0.17234154,10.860059,10.880059,1747200
hardzero_plus_depr__c0p50__z1p00__lam0p020__nu0p50__psi0p75,hardzero_plus_depr,0.06,38,546,0.0,2,0.07547036,0.07547036,1.0065444,0.0,0.098504394,0.0,0.0,1.7150976e-05,-26.896719,2.2144418,0.73814726,0.14,0.0,0.18307948,10.880059,10.90006,1750400
hardzero_plus_depr__c0p50__z1p00__lam0p020__nu0p50__psi0p75,hardzero_plus_depr,0.06,38,547,0.0,2,0.07547036,0.07547036,1.057664,0.0,0.08756609,0.0,0.0,1.6895627e-05,-28.48951,2.3269074,0.77563584,0.16800001,0.0,0.16671993,10.90006,10.92006,1753600
hardzero_plus_depr__c0p50__z1p00__lam0p020__nu0p50__psi0p75,hardzero_plus_depr,0.06,38,548,0.0,2,0.07547036,0.07547036,1.0476271,0.0,0.08961339,0.0,0.0,1.6644077e-05,-27.55183,2.3048255,0.7682752,0.112,0.008,0.15499394,10.92006,10.940061,1756800
hardzero_plus_depr__c0p50__z1p00__lam0p020__nu0p50__psi0p75,hardzero_plus_depr,0.06,38,549,0.0,2,0.07547036,0.07547036,1.0259231,0.0,0.094205625,0.0,0.0,1.6396276e-05,-27.178238,2.257076,0.7523587,0.16000001,0.0,0.15006267,10.940061,10.960061,1760000
hardzero_plus_depr__c0p50__z1p00__lam0p020__nu0p50__psi0p75,hardzero_plus_depr,0.06,38,550,0.0,2,0.07547036,0.07547036,1.007977,0.0,0.09817998,0.0,0.0,1.6152158e-05,-26.256601,2.2175937,0.7391979,0.15200001,0.0,0.1574528,10.960061,10.980062,1763200
hardzero_plus_depr__c0p50__z1p00__lam0p020__nu0p50__psi0p75,hardzero_plus_depr,0.06,38,551,0.0,2,0.07547036,0.075472005,0.98595864,0.10328598,0.10328598,1.0,1.6434536e-06,1.591168e-05,-26.799265,2.1691523,0.7230508,0.136,0.0,0.14660348,10.980062,11.000062,1766400
hardzero_plus_depr__c0p50__z1p00__lam0p020__nu0p50__psi0p75,hardzero_plus_depr,0.06,38,552,0.0,2,0.075472005,0.075472005,1.0698379,0.0,0.08514556,0.0,0.0,1.5674781e-05,-28.303158,2.3536904,0.7845635,0.18400002,0.0,0.18127629,11.000062,11.020062,1769600
hardzero_plus_depr__c0p50__z1p00__lam0p020__nu0p50__psi0p75,hardzero_plus_depr,0.06,38,553,0.0,2,0.075472005,0.075472005,1.0409557,0.0,0.09100062,0.0,0.0,1.5441408e-05,-27.735374,2.2901483,0.7633828,0.112,0.0,0.14284785,11.020062,11.040063,1772800
hardzero_plus_depr__c0p50__z1p00__lam0p020__nu0p50__psi0p75,hardzero_plus_depr,0.06,38,554,0.0,2,0.075472005,0.075472005,1.0770268,0.0,0.08374775,0.0,0.0,1.5211509e-05,-28.611086,2.3695064,0.78983545,0.104,0.0,0.2038256,11.040063,11.060063,1776000
hardzero_plus_depr__c0p50__z1p00__lam0p020__nu0p50__psi0p75,hardzero_plus_depr,0.06,38,555,0.0,2,0.075472005,0.075472005,1.0391538,0.0,0.091378964,0.0,0.0,1.4985035e-05,-26.67254,2.286184,0.76206136,0.08800001,0.0,0.16514143,11.060063,11.080064,1779200
hardzero_plus_depr__c0p50__z1p00__lam0p020__nu0p50__psi0p75,hardzero_plus_depr,0.06,38,556,0.0,2,0.075472005,0.0754735,0.99290025,0.10164822,0.10164822,1.0,1.5005241e-06,1.4761933e-05,-26.335829,2.1844242,0.7281414,0.216,0.0,0.15625471,11.080064,11.100064,1782400
hardzero_plus_depr__c0p50__z1p00__lam0p020__nu0p50__psi0p75,hardzero_plus_depr,0.06,38,557,0.0,2,0.0754735,0.07547506,0.97008646,0.10713059,0.10713059,1.0,1.5579091e-06,1.454215e-05,-27.188437,2.1342328,0.71141094,0.18400002,0.0,0.16987178,11.100064,11.120065,1785600
hardzero_plus_depr__c0p50__z1p00__lam0p020__nu0p50__psi0p75,hardzero_plus_depr,0.06,38,558,0.0,2,0.07547506,0.07547506,1.0047591,0.0,0.09891016,0.0,0.0,1.4325641e-05,-27.121756,2.210514,0.73683804,0.18400002,0.0,0.15106788,11.120065,11.140065,1788800
hardzero_plus_depr__c0p50__z1p00__lam0p020__nu0p50__psi0p75,hardzero_plus_depr,0.06,38,559,0.0,2,0.07547506,0.07547506,1.0508952,0.0,0.08894156,0.0,0.0,1.41123555e-05,-27.08043,2.3120155,0.77067184,0.099999994,0.0,0.18480518,11.140065,11.160066,1792000
hardzero_plus_depr__c0p50__z1p00__lam0p020__nu0p50__psi0p75,hardzero_plus_depr,0.06,38,560,0.0,2,0.07547506,0.07547506,1.0187103,0.0,0.095783286,0.0,0.0,1.3902244e-05,-27.992537,2.2412074,0.7470691,0.18400002,0.0,0.20260948,11.160066,11.180066,1795200
hardzero_plus_depr__c0p50__z1p00__lam0p020__nu0p50__psi0p75,hardzero_plus_depr,0.06,38,561,0.0,2,0.07547506,0.07547506,1.0532271,0.0,0.088465296,0.0,0.0,1.3695263e-05,-27.431602,2.3171458,0.77238196,0.120000005,0.0,0.1483507,11.180066,11.200067,1798400
hardzero_plus_depr__c0p50__z1p00__lam0p020__nu0p50__psi0p75,hardzero_plus_depr,0.06,38,562,0.0,2,0.07547506,0.07547506,1.0521892,0.0,0.08867695,0.0,0.0,1.3491362e-05,-28.193998,2.3148625,0.77162087,0.15200001,0.0,0.18214649,11.200067,11.220067,1801600
hardzero_plus_depr__c0p50__z1p00__lam0p020__nu0p50__psi0p75,hardzero_plus_depr,0.06,38,563,0.0,2,0.07547506,0.07547506,1.0441053,0.0,0.090343036,0.0,0.0,1.3290498e-05,-28.601643,2.2970774,0.7656925,0.208,0.0,0.19116,11.220067,11.2400675,1804800
hardzero_plus_depr__c0p50__z1p00__lam0p020__nu0p50__psi0p75,hardzero_plus_depr,0.06,38,564,0.0,2,0.07547506,0.075476386,0.99404657,0.10138027,0.10138027,1.0,1.3273337e-06,1.3092624e-05,-26.853464,2.1869462,0.7289821,0.18400002,0.0,0.1758515,11.2400675,11.260068,1808000
hardzero_plus_depr__c0p50__z1p00__lam0p020__nu0p50__psi0p75,hardzero_plus_depr,0.06,38,565,0.0,2,0.075476386,0.075476386,1.0896413,0.0,0.0813502,0.0,0.0,1.2897694e-05,-28.205978,2.3972588,0.7990863,0.064,0.0,0.19803712,11.260068,11.280068,1811200
hardzero_plus_depr__c0p50__z1p00__lam0p020__nu0p50__psi0p75,hardzero_plus_depr,0.06,38,566,0.0,2,0.075476386,0.075476386,1.0080864,0.0,0.098155245,0.0,0.0,1.2705669e-05,-26.754557,2.2178345,0.7392782,0.14400001,0.0,0.15150845,11.280068,11.300069,1814400
hardzero_plus_depr__c0p50__z1p00__lam0p020__nu0p50__psi0p75,hardzero_plus_depr,0.06,38,567,0.0,2,0.075476386,0.075476386,1.0641719,0.0,0.086263694,0.0,0.0,1.2516502e-05,-27.630924,2.341225,0.7804083,0.14400001,0.0,0.15260497,11.300069,11.320069,1817600
hardzero_plus_depr__c0p50__z1p00__lam0p020__nu0p50__psi0p75,hardzero_plus_depr,0.06,38,568,0.0,2,0.075476386,0.075476386,1.0387993,0.0,0.09145358,0.0,0.0,1.2330152e-05,-27.581884,2.285404,0.76180136,0.16000001,0.0,0.17856655,11.320069,11.34007,1820800
hardzero_plus_depr__c0p50__z1p00__lam0p020__nu0p50__psi0p75,hardzero_plus_depr,0.06,38,569,0.0,2,0.075476386,0.075476386,1.0398712,0.0,0.09122813,0.0,0.0,1.21465755e-05,-27.859533,2.2877624,0.7625875,0.18400002,0.0,0.15390377,11.34007,11.36007,1824000
hardzero_plus_depr__c0p50__z1p00__lam0p020__nu0p50__psi0p75,hardzero_plus_depr,0.06,38,570,0.0,2,0.075476386,0.075476386,1.0030519,0.0,0.09929975,0.0,0.0,1.1965732e-05,-25.731339,2.2067583,0.7355861,0.18400002,0.0,0.14997084,11.36007,11.380071,1827200
hardzero_plus_depr__c0p50__z1p00__lam0p020__nu0p50__psi0p75,hardzero_plus_depr,0.06,38,571,0.0,2,0.075476386,0.075477734,0.94120187,0.11449806,0.11449806,1.0,1.3496551e-06,1.1787581e-05,-25.445566,2.0706854,0.69022846,0.224,0.0,0.14338793,11.380071,11.400071,1830400
hardzero_plus_depr__c0p50__z1p00__lam0p020__nu0p50__psi0p75,hardzero_plus_depr,0.06,38,572,0.0,2,0.075477734,0.07547893,0.9875341,0.102911964,0.102911964,1.0,1.1950224e-06,1.1612084e-05,-27.323034,2.1726184,0.72420615,0.17,0.0,0.203385,11.400071,11.420072,1833600
hardzero_plus_depr__c0p50__z1p00__lam0p020__nu0p50__psi0p75,hardzero_plus_depr,0.06,38,573,0.0,2,0.07547893,0.07547893,1.0033947,0.0,0.099221386,0.0,0.0,1.1439198e-05,-26.697826,2.2075124,0.73583746,0.208,0.0,0.15062468,11.420072,11.440072,1836800
hardzero_plus_depr__c0p50__z1p00__lam0p020__nu0p50__psi0p75,hardzero_plus_depr,0.06,38,574,0.0,2,0.07547893,0.075480066,0.9961483,0.10089083,0.10089083,1.0,1.1369274e-06,1.1268887e-05,-27.396893,2.19157,0.73052335,0.192,0.008,0.17989528,11.440072,11.4600725,1840000
hardzero_plus_depr__c0p50__z1p00__lam0p020__nu0p50__psi0p75,hardzero_plus_depr,0.06,38,575,0.0,2,0.075480066,0.075480066,1.0547882,0.0,0.08814785,0.0,0.0,1.110111e-05,-27.631018,2.3205805,0.77352685,0.128,0.0,0.16650946,11.4600725,11.480073,1843200
hardzero_plus_depr__c0p50__z1p00__lam0p020__nu0p50__psi0p75,hardzero_plus_depr,0.06,38,576,0.0,2,0.075480066,0.0754812,0.98592263,0.10329455,0.10329455,1.0,1.129612e-06,1.0935833e-05,-26.389744,2.169073,0.72302437,0.208,0.0,0.16792946,11.480073,11.500073,1846400
hardzero_plus_depr__c0p50__z1p00__lam0p020__nu0p50__psi0p75,hardzero_plus_depr,0.06,38,577,0.0,2,0.0754812,0.0754812,1.042661,0.0,0.090644,0.0,0.0,1.0773017e-05,-28.557718,2.2938998,0.7646333,0.192,0.0,0.16684233,11.500073,11.520074,1849600
hardzero_plus_depr__c0p50__z1p00__lam0p020__nu0p50__psi0p75,hardzero_plus_depr,0.06,38,578,0.0,2,0.0754812,0.0754812,1.0580211,0.0,0.08749412,0.0,0.0,1.0612624e-05,-27.869032,2.3276927,0.7758976,0.112,0.0,0.19098446,11.520074,11.540074,1852800
hardzero_plus_depr__c0p50__z1p00__lam0p020__nu0p50__psi0p75,hardzero_plus_depr,0.06,38,579,0.0,2,0.0754812,0.07548228,0.9844939,0.103634916,0.103634916,1.0,1.0834635e-06,1.0454619e-05,-25.831884,2.1659298,0.72197664,0.15200001,0.0,0.16497014,11.540074,11.560075,1856000
hardzero_plus_depr__c0p50__z1p00__lam0p020__nu0p50__psi0p75,hardzero_plus_depr,0.06,38,580,0.0,2,0.07548228,0.07548332,0.99573356,0.10098722,0.10098722,1.0,1.0400638e-06,1.0298965e-05,-27.073433,2.1906576,0.73021924,0.2,0.0,0.15324505,11.560075,11.580075,1859200
hardzero_plus_depr__c0p50__z1p00__lam0p020__nu0p50__psi0p75,hardzero_plus_depr,0.06,38,581,0.0,2,0.07548332,0.07548332,1.0520002,0.0,0.08871557,0.0,0.0,1.0145631e-05,-27.724125,2.3144464,0.77148217,0.112,0.0,0.17645948,11.580075,11.600076,1862400
hardzero_plus_depr__c0p50__z1p00__lam0p020__nu0p50__psi0p75,hardzero_plus_depr,0.06,38,582,0.0,2,0.07548332,0.07548433,0.99747175,0.10058384,0.10058384,1.0,1.005293e-06,9.994578e-06,-26.26662,2.1944816,0.7314939,0.16800001,0.0,0.14984544,11.600076,11.620076,1865600
hardzero_plus_depr__c0p50__z1p00__lam0p020__nu0p50__psi0p75,hardzero_plus_depr,0.06,38,583,0.0,2,0.07548433,0.075485386,0.9700354,0.107143216,0.107143216,1.0,1.054908e-06,9.845775e-06,-25.87541,2.1341205,0.7113735,0.16800001,0.0,0.12897138,11.620076,11.640077,1868800
hardzero_plus_depr__c0p50__z1p00__lam0p020__nu0p50__psi0p75,hardzero_plus_depr,0.06,38,584,0.0,2,0.075485386,0.075485386,1.0241201,0.0,0.09459755,0.0,0.0,9.699187e-06,-27.393934,2.2531092,0.7510364,0.15200001,0.0,0.17890868,11.640077,11.660077,1872000
hardzero_plus_depr__c0p50__z1p00__lam0p020__nu0p50__psi0p75,hardzero_plus_depr,0.06,38,585,0.0,2,0.075485386,0.075485386,1.0031956,0.0,0.099266864,0.0,0.0,9.554782e-06,-27.651571,2.2070744,0.7356915,0.14999999,0.0,0.16177109,11.660077,11.680078,1875200
hardzero_plus_depr__c0p50__z1p00__lam0p020__nu0p50__psi0p75,hardzero_plus_depr,0.06,38,586,0.0,2,0.075485386,0.075485386,1.0277547,0.0,0.09380918,0.0,0.0,9.412526e-06,-26.992113,2.2611055,0.75370187,0.2,0.0,0.15879871,11.680078,11.700078,1878400
hardzero_plus_depr__c0p50__z1p00__lam0p020__nu0p50__psi0p75,hardzero_plus_depr,0.06,38,587,0.0,2,0.075485386,0.07548637,0.9744277,0.10606505,0.10606505,1.0,9.834764e-07,9.272389e-06,-27.06739,2.1437838,0.7145946,0.192,0.0,0.16828103,11.700078,11.720078,1881600
hardzero_plus_depr__c0p50__z1p00__lam0p020__nu0p50__psi0p75,hardzero_plus_depr,0.06,38,588,0.0,2,0.07548637,0.07548637,1.0045519,0.0,0.09895736,0.0,0.0,9.134338e-06,-26.892359,2.2100582,0.7366861,0.120000005,0.0,0.16308618,11.720078,11.740079,1884800
hardzero_plus_depr__c0p50__z1p00__lam0p020__nu0p50__psi0p75,hardzero_plus_depr,0.06,38,589,0.0,2,0.07548637,0.07548637,1.0139102,0.0,0.0968478,0.0,0.0,8.998342e-06,-26.068544,2.2306468,0.743549,0.16000001,0.0,0.15764575,11.740079,11.760079,1888000
hardzero_plus_depr__c0p50__z1p00__lam0p020__nu0p50__psi0p75,hardzero_plus_depr,0.06,38,590,0.0,2,0.07548637,0.07548637,1.0153483,0.0,0.096527636,0.0,0.0,8.864371e-06,-28.468315,2.233811,0.74460363,0.16800001,0.0,0.1698415,11.760079,11.78008,1891200
hardzero_plus_depr__c0p50__z1p00__lam0p020__nu0p50__psi0p75,hardzero_plus_depr,0.06,38,591,0.0,2,0.07548637,0.07548637,1.0666615,0.0,0.085770614,0.0,0.0,8.732395e-06,-28.430084,2.346702,0.7822341,0.136,0.0,0.1741658,11.78008,11.80008,1894400
hardzero_plus_depr__c0p50__z1p00__lam0p020__nu0p50__psi0p75,hardzero_plus_depr,0.06,38,592,0.0,2,0.07548637,0.07548637,1.0522277,0.0,0.08866909,0.0,0.0,8.602384e-06,-27.850431,2.3149474,0.7716491,0.120000005,0.0,0.16741379,11.80008,11.820081,1897600
hardzero_plus_depr__c0p50__z1p00__lam0p020__nu0p50__psi0p75,hardzero_plus_depr,0.06,38,593,0.0,2,0.07548637,0.07548637,1.0759262,0.0,0.08396026,0.0,0.0,8.474308e-06,-27.99051,2.3670847,0.7890283,0.136,0.0,0.17587724,11.820081,11.840081,1900800
hardzero_plus_depr__c0p50__z1p00__lam0p020__nu0p50__psi0p75,hardzero_plus_depr,0.06,38,594,0.0,2,0.07548637,0.07548637,1.0618294,0.0,0.086730234,0.0,0.0,8.34814e-06,-27.812065,2.3360715,0.7786905,0.128,0.0,0.18059477,11.840081,11.860082,1904000
hardzero_plus_depr__c0p50__z1p00__lam0p020__nu0p50__psi0p75,hardzero_plus_depr,0.06,38,595,0.0,2,0.07548637,0.0754872,0.9994907,0.10011735,0.10011735,1.0,8.2335e-07,8.223849e-06,-26.926355,2.1989233,0.73297447,0.14400001,0.0,0.16987877,11.860082,11.880082,1907200
hardzero_plus_depr__c0p50__z1p00__lam0p020__nu0p50__psi0p75,hardzero_plus_depr,0.06,38,596,0.0,2,0.0754872,0.0754872,1.0576116,0.0,0.08757666,0.0,0.0,8.101409e-06,-28.023073,2.326792,0.77559733,0.192,0.0,0.1664675,11.880082,11.900083,1910400
hardzero_plus_depr__c0p50__z1p00__lam0p020__nu0p50__psi0p75,hardzero_plus_depr,0.06,38,597,0.0,2,0.0754872,0.0754872,1.0458193,0.0,0.089987196,0.0,0.0,7.980792e-06,-27.749619,2.3008485,0.76694953,0.14400001,0.0,0.19025648,11.900083,11.920083,1913600
hardzero_plus_depr__c0p50__z1p00__lam0p020__nu0p50__psi0p75,hardzero_plus_depr,0.06,38,598,0.0,2,0.0754872,0.075488,0.99094343,0.10210724,0.10210724,1.0,8.0276413e-07,7.8619705e-06,-26.686821,2.180119,0.7267064,0.11,0.0,0.13871902,11.920083,11.9400835,1916800
hardzero_plus_depr__c0p50__z1p00__lam0p020__nu0p50__psi0p75,hardzero_plus_depr,0.06,38,599,0.0,2,0.075488,0.075488,1.0154152,0.0,0.096512765,0.0,0.0,7.744919e-06,-27.273779,2.233958,0.7446527,0.224,0.0,0.1543853,11.9400835,11.960084,1920000
hardzero_plus_depr__c0p50__z1p00__lam0p020__nu0p50__psi0p75,hardzero_plus_depr,0.06,38,600,0.0,2,0.075488,0.075488,1.0185912,0.0,0.09580955,0.0,0.0,7.629609e-06,-27.240416,2.2409453,0.7469818,0.2,0.0,0.1619546,11.960084,11.980084,1923200
hardzero_plus_depr__c0p50__z1p00__lam0p020__nu0p50__psi0p75,hardzero_plus_depr,0.06,38,601,0.0,2,0.075488,0.075488,1.0404643,0.0,0.09110363,0.0,0.0,7.5160165e-06,-28.468615,2.289067,0.76302236,0.18400002,0.0,0.16883272,11.980084,12.000085,1926400
hardzero_plus_depr__c0p50__z1p00__lam0p020__nu0p50__psi0p75,hardzero_plus_depr,0.06,38,602,0.0,2,0.075488,0.07548881,0.961726,0.109212905,0.109212905,1.0,8.0862486e-07,7.4041145e-06,-26.497005,2.1158395,0.7052798,0.18400002,0.0,0.14094819,12.000085,12.020085,1929600
hardzero_plus_depr__c0p50__z1p00__lam0p020__nu0p50__psi0p75,hardzero_plus_depr,0.06,38,603,0.0,2,0.07548881,0.07548881,1.0235683,0.0,0.09471783,0.0,0.0,7.2938797e-06,-26.6633,2.2518952,0.75063175,0.16000001,0.0,0.1628682,12.020085,12.040086,1932800
hardzero_plus_depr__c0p50__z1p00__lam0p020__nu0p50__psi0p75,hardzero_plus_depr,0.06,38,604,0.0,2,0.07548881,0.07548881,1.0390381,0.0,0.0914033,0.0,0.0,7.1852855e-06,-27.79069,2.2859294,0.7619765,0.18400002,0.0,0.15696833,12.040086,12.060086,1936000
hardzero_plus_depr__c0p50__z1p00__lam0p020__nu0p50__psi0p75,hardzero_plus_depr,0.06,38,605,0.0,2,0.07548881,0.07548881,1.0073518,0.0,0.098321445,0.0,0.0,7.078308e-06,-27.678467,2.2162182,0.73873943,0.16000001,0.0,0.15595746,12.060086,12.080087,1939200
hardzero_plus_depr__c0p50__z1p00__lam0p020__nu0p50__psi0p75,hardzero_plus_depr,0.06,38,606,0.0,2,0.07548881,0.07548881,1.0407277,0.0,0.09104838,0.0,0.0,6.972923e-06,-27.072111,2.2896469,0.76321566,0.18400002,0.0,0.14884736,12.080087,12.100087,1942400
hardzero_plus_depr__c0p50__z1p00__lam0p020__nu0p50__psi0p75,hardzero_plus_depr,0.06,38,607,0.0,2,0.07548881,0.07548881,1.0598475,0.0,0.087126955,0.0,0.0,6.869108e-06,-27.47949,2.331711,0.77723706,0.08800001,0.0,0.17245062,12.100087,12.120088,1945600
hardzero_plus_depr__c0p50__z1p00__lam0p020__nu0p50__psi0p75,hardzero_plus_depr,0.06,38,608,0.0,2,0.07548881,0.07548949,0.9968316,0.10073223,0.10073223,1.0,6.8163865e-07,6.766838e-06,-26.145872,2.1930733,0.73102444,0.18400002,0.0,0.18055594,12.120088,12.140088,1948800
hardzero_plus_depr__c0p50__z1p00__lam0p020__nu0p50__psi0p75,hardzero_plus_depr,0.06,38,609,0.0,2,0.07548949,0.07548949,1.0062628,0.0,0.0985683,0.0,0.0,6.666091e-06,-26.594803,2.2138224,0.7379408,0.16000001,0.0,0.1404482,12.140088,12.160089,1952000
hardzero_plus_depr__c0p50__z1p00__lam0p020__nu0p50__psi0p75,hardzero_plus_depr,0.06,38,610,0.0,2,0.07548949,0.07548949,1.0280944,0.0,0.09373581,0.0,0.0,6.5668423e-06,-27.378958,2.261853,0.753951,0.136,0.0,0.17148435,12.160089,12.180089,1955200
hardzero_plus_depr__c0p50__z1p00__lam0p020__nu0p50__psi0p75,hardzero_plus_depr,0.06,38,611,0.0,2,0.07548949,0.07548949,1.0050473,0.0,0.09884453,0.0,0.0,6.469073e-06,-26.897701,2.2111483,0.73704946,0.22,0.0,0.16351083,12.180089,12.200089,1958400
hardzero_plus_depr__c0p50__z1p00__lam0p020__nu0p50__psi0p75,hardzero_plus_depr,0.06,38,612,0.0,2,0.07548949,0.075490154,0.982328,0.10415306,0.10415306,1.0,6.6374236e-07,6.372759e-06,-26.189293,2.1611648,0.7203883,0.128,0.0,0.14770366,12.200089,12.22009,1961600
hardzero_plus_depr__c0p50__z1p00__lam0p020__nu0p50__psi0p75,hardzero_plus_depr,0.06,38,613,0.0,2,0.075490154,0.075490154,1.0394998,0.0,0.0913062,0.0,0.0,6.277879e-06,-27.073412,2.286945,0.76231503,0.14400001,0.0,0.150048,12.22009,12.24009,1964800
hardzero_plus_depr__c0p50__z1p00__lam0p020__nu0p50__psi0p75,hardzero_plus_depr,0.06,38,614,0.0,2,0.075490154,0.075490154,1.0287024,0.0,0.0936047,0.0,0.0,6.184411e-06,-27.633198,2.2631905,0.75439686,0.216,0.0,0.17767633,12.24009,12.260091,1968000
hardzero_plus_depr__c0p50__z1p00__lam0p020__nu0p50__psi0p75,hardzero_plus_depr,0.06,38,615,0.0,2,0.075490154,0.075490154,1.0342723,0.0,0.09241185,0.0,0.0,6.0923353e-06,-27.574715,2.2754445,0.7584815,0.14400001,0.0,0.16282697,12.260091,12.280091,1971200
hardzero_plus_depr__c0p50__z1p00__lam0p020__nu0p50__psi0p75,hardzero_plus_depr,0.06,38,616,0.0,2,0.075490154,0.075490154,1.0261573,0.0,0.09415486,0.0,0.0,6.0016305e-06,-27.965935,2.257591,0.75253034,0.24000001,0.0,0.1778638,12.280091,12.300092,1974400
hardzero_plus_depr__c0p50__z1p00__lam0p020__nu0p50__psi0p75,hardzero_plus_depr,0.06,38,617,0.0,2,0.075490154,0.075490154,1.0249585,0.0,0.094415106,0.0,0.0,5.9122754e-06,-27.1749,2.2549536,0.7516512,0.192,0.0,0.14585164,12.300092,12.320092,1977600
hardzero_plus_depr__c0p50__z1p00__lam0p020__nu0p50__psi0p75,hardzero_plus_depr,0.06,38,618,0.0,2,0.075490154,0.075490154,1.0257053,0.0,0.09425287,0.0,0.0,5.8242513e-06,-27.204489,2.2565968,0.75219893,0.128,0.0,0.14558983,12.320092,12.340093,1980800
hardzero_plus_depr__c0p50__z1p00__lam0p020__nu0p50__psi0p75,hardzero_plus_depr,0.06,38,619,0.0,2,0.075490154,0.075490154,1.0265888,0.0,0.09406134,0.0,0.0,5.7375373e-06,-27.270807,2.2585404,0.75284684,0.136,0.0,0.15960085,12.340093,12.360093,1984000
hardzero_plus_depr__c0p50__z1p00__lam0p020__nu0p50__psi0p75,hardzero_plus_depr,0.06,38,620,0.0,2,0.075490154,0.0754908,0.9384265,0.1152321,0.1152321,1.0,6.51305e-07,5.6521144e-06,-25.939278,2.0645795,0.6881932,0.17600001,0.0,0.12543751,12.360093,12.380094,1987200
hardzero_plus_depr__c0p50__z1p00__lam0p020__nu0p50__psi0p75,hardzero_plus_depr,0.06,38,621,0.0,2,0.0754908,0.0754908,1.0131307,0.0,0.09702179,0.0,0.0,5.567964e-06,-26.92621,2.228932,0.7429773,0.14400001,0.0,0.16808358,12.380094,12.400094,1990400
hardzero_plus_depr__c0p50__z1p00__lam0p020__nu0p50__psi0p75,hardzero_plus_depr,0.06,38,622,0.0,2,0.0754908,0.0754908,1.0359224,0.0,0.09206141,0.0,0.0,5.4850657e-06,-27.937223,2.279075,0.75969166,0.192,0.0,0.17533374,12.400094,12.4200945,1993600
hardzero_plus_depr__c0p50__z1p00__lam0p020__nu0p50__psi0p75,hardzero_plus_depr,0.06,38,623,0.0,2,0.0754908,0.0754908,1.0175616,0.0,0.09603696,0.0,0.0,5.403402e-06,-27.4331,2.2386801,0.7462267,0.16800001,0.0,0.14804922,12.4200945,12.440095,1996800
hardzero_plus_depr__c0p50__z1p00__lam0p020__nu0p50__psi0p75,hardzero_plus_depr,0.06,38,624,0.0,2,0.0754908,0.0754908,1.050478,0.0,0.08902706,0.0,0.0,5.322954e-06,-27.320663,2.3110976,0.7703659,0.089999996,0.0,0.15644142,12.440095,12.460095,2000000
hardzero_plus_depr__c0p50__z1p00__lam0p020__nu0p50__psi0p75,hardzero_plus_depr,0.06,38,625,0.0,2,0.0754908,0.07549136,0.9716268,0.1067513,0.1067513,1.0,5.5977216e-07,5.2437035e-06,-26.38859,2.1376216,0.71254057,0.17600001,0.0,0.15466113,12.460095,12.480096,2003200
hardzero_plus_depr__c0p50__z1p00__lam0p020__nu0p50__psi0p75,hardzero_plus_depr,0.06,38,626,0.0,2,0.07549136,0.07549136,1.0395681,0.0,0.09129183,0.0,0.0,5.1656334e-06,-27.150743,2.2870953,0.7623651,0.136,0.0,0.17579916,12.480096,12.500096,2006400
hardzero_plus_depr__c0p50__z1p00__lam0p020__nu0p50__psi0p75,hardzero_plus_depr,0.06,38,627,0.0,2,0.07549136,0.07549136,1.0258788,0.0,0.09421524,0.0,0.0,5.0887247e-06,-27.153978,2.2569783,0.75232613,0.096,0.0,0.16665916,12.500096,12.520097,2009600
hardzero_plus_depr__c0p50__z1p00__lam0p020__nu0p50__psi0p75,hardzero_plus_depr,0.06,38,628,0.0,2,0.07549136,0.07549136,1.0708952,0.0,0.08493853,0.0,0.0,5.0129624e-06,-27.74898,2.3560164,0.7853388,0.16000001,0.0,0.20582826,12.520097,12.540097,2012800
hardzero_plus_depr__c0p50__z1p00__lam0p020__nu0p50__psi0p75,hardzero_plus_depr,0.06,38,629,0.0,2,0.07549136,0.07549136,1.0495508,0.0,0.08921732,0.0,0.0,4.9383275e-06,-27.332508,2.3090577,0.7696859,0.16000001,0.0,0.1759655,12.540097,12.560098,2016000
hardzero_plus_depr__c0p50__z1p00__lam0p020__nu0p50__psi0p75,hardzero_plus_depr,0.06,38,630,0.0,2,0.07549136,0.07549136,1.0264919,0.0,0.09408233,0.0,0.0,4.864803e-06,-27.001602,2.2583272,0.7527758,0.14400001,0.0,0.17901655,12.560098,12.580098,2019200
hardzero_plus_depr__c0p50__z1p00__lam0p020__nu0p50__psi0p75,hardzero_plus_depr,0.06,38,631,0.0,2,0.07549136,0.07549136,1.0869483,0.0,0.08185622,0.0,0.0,4.7923745e-06,-28.358131,2.391334,0.7971114,0.16800001,0.0,0.18650936,12.580098,12.600099,2022400
hardzero_plus_depr__c0p50__z1p00__lam0p020__nu0p50__psi0p75,hardzero_plus_depr,0.06,38,632,0.0,2,0.07549136,0.07549136,1.0357405,0.0,0.09209999,0.0,0.0,4.7210237e-06,-27.145208,2.2786746,0.7595582,0.17600001,0.0,0.14813723,12.600099,12.620099,2025600
hardzero_plus_depr__c0p50__z1p00__lam0p020__nu0p50__psi0p75,hardzero_plus_depr,0.06,38,633,0.0,2,0.07549136,0.07549136,1.0003384,0.0,0.09992208,0.0,0.0,4.6507353e-06,-26.354477,2.2007885,0.7335962,0.17600001,0.0,0.15097867,12.620099,12.6401,2028800
hardzero_plus_depr__c0p50__z1p00__lam0p020__nu0p50__psi0p75,hardzero_plus_depr,0.06,38,634,0.0,2,0.07549136,0.07549136,1.0292022,0.0,0.09349701,0.0,0.0,4.5814927e-06,-26.57127,2.26429,0.75476336,0.104,0.0,0.147904,12.6401,12.6601,2032000
hardzero_plus_depr__c0p50__z1p00__lam0p020__nu0p50__psi0p75,hardzero_plus_depr,0.06,38,635,0.0,2,0.07549136,0.07549136,1.0357617,0.0,0.09209548,0.0,0.0,4.513282e-06,-27.553719,2.2787213,0.7595738,0.136,0.0,0.15523537,12.6601,12.6801,2035200
hardzero_plus_depr__c0p50__z1p00__lam0p020__nu0p50__psi0p75,hardzero_plus_depr,0.06,38,636,0.0,2,0.07549136,0.07549136,1.0031142,0.0,0.0992855,0.0,0.0,4.4460867e-06,-27.026888,2.2068954,0.7356318,0.208,0.0,0.16337523,12.6801,12.700101,2038400
hardzero_plus_depr__c0p50__z1p00__lam0p020__nu0p50__psi0p75,hardzero_plus_depr,0.06,38,637,0.0,2,0.07549136,0.07549136,1.032162,0.0,0.092861995,0.0,0.0,4.3798914e-06,-26.9744,2.2708015,0.75693387,0.089999996,0.0,0.14860688,12.700101,12.720101,2041600
hardzero_plus_depr__c0p50__z1p00__lam0p020__nu0p50__psi0p75,hardzero_plus_depr,0.06,38,638,0.0,2,0.07549136,0.07549136,1.0562166,0.0,0.08785842,0.0,0.0,4.314682e-06,-27.598928,2.3237228,0.7745743,0.18400002,0.0,0.17351903,12.720101,12.740102,2044800
hardzero_plus_depr__c0p50__z1p00__lam0p020__nu0p50__psi0p75,hardzero_plus_depr,0.06,38,639,0.0,2,0.07549136,0.07549136,1.0648564,0.0,0.086127855,0.0,0.0,4.250443e-06,-27.620388,2.3427308,0.78091025,0.16800001,0.0,0.16542661,12.740102,12.760102,2048000
hardzero_plus_depr__c0p50__z1p00__lam0p020__nu0p50__psi0p75,hardzero_plus_depr,0.06,38,640,0.0,2,0.07549136,0.07549136,1.0312401,0.0,0.09305932,0.0,0.0,4.187161e-06,-25.712132,2.2687736,0.7562579,0.128,0.0,0.1532251,12.760102,12.780103,2051200
hardzero_plus_depr__c0p50__z1p00__lam0p020__nu0p50__psi0p75,hardzero_plus_depr,0.06,38,641,0.0,2,0.07549136,0.07549136,1.0277138,0.0,0.09381802,0.0,0.0,4.1248204e-06,-26.592484,2.2610154,0.7536718,0.104,0.0,0.1534299,12.780103,12.800103,2054400
hardzero_plus_depr__c0p50__z1p00__lam0p020__nu0p50__psi0p75,hardzero_plus_depr,0.06,38,642,0.0,2,0.07549136,0.07549136,1.0351067,0.0,0.092234485,0.0,0.0,4.0634086e-06,-27.059834,2.27728,0.7590934,0.16800001,0.0,0.16351412,12.800103,12.820104,2057600
hardzero_plus_depr__c0p50__z1p00__lam0p020__nu0p50__psi0p75,hardzero_plus_depr,0.06,38,643,0.0,2,0.07549136,0.07549136,1.0013372,0.0,0.099692576,0.0,0.0,4.0029113e-06,-26.666653,2.2029858,0.7343286,0.192,0.0,0.16520637,12.820104,12.840104,2060800
hardzero_plus_depr__c0p50__z1p00__lam0p020__nu0p50__psi0p75,hardzero_plus_depr,0.06,38,644,0.0,2,0.07549136,0.07549136,1.0289415,0.0,0.09355315,0.0,0.0,3.943314e-06,-27.766457,2.2637165,0.75457215,0.16000001,0.0,0.15207313,12.840104,12.860105,2064000
hardzero_plus_depr__c0p50__z1p00__lam0p020__nu0p50__psi0p75,hardzero_plus_depr,0.06,38,645,0.0,2,0.07549136,0.07549136,1.0400475,0.0,0.09119109,0.0,0.0,3.8846047e-06,-27.599545,2.2881503,0.76271677,0.128,0.0,0.17101513,12.860105,12.880105,2067200
hardzero_plus_depr__c0p50__z1p00__lam0p020__nu0p50__psi0p75,hardzero_plus_depr,0.06,38,646,0.0,2,0.07549136,0.07549136,1.0611078,0.0,0.08687448,0.0,0.0,3.826769e-06,-27.840242,2.3344836,0.7781612,0.120000005,0.0,0.18590333,12.880105,12.900105,2070400
hardzero_plus_depr__c0p50__z1p00__lam0p020__nu0p50__psi0p75,hardzero_plus_depr,0.06,38,647,0.0,2,0.07549136,0.07549136,1.0569578,0.0,0.0877086,0.0,0.0,3.7697944e-06,-27.687197,2.3253536,0.7751179,0.16000001,0.0,0.1799212,12.900105,12.920106,2073600
hardzero_plus_depr__c0p50__z1p00__lam0p020__nu0p50__psi0p75,hardzero_plus_depr,0.06,38,648,0.0,2,0.07549136,0.07549174,0.9901515,0.1022936,0.1022936,1.0,3.7988448e-07,3.713668e-06,-26.120348,2.178377,0.72612566,0.120000005,0.0,0.1602654,12.920106,12.940106,2076800
hardzero_plus_depr__c0p50__z1p00__lam0p020__nu0p50__psi0p75,hardzero_plus_depr,0.06,38,649,0.0,2,0.07549174,0.07549174,1.0017394,0.0,0.09960028,0.0,0.0,3.6583779e-06,-26.565882,2.2038708,0.7346236,0.14400001,0.0,0.16116895,12.940106,12.960107,2080000
hardzero_plus_depr__c0p50__z1p00__lam0p020__nu0p50__psi0p75,hardzero_plus_depr,0.06,38,650,0.0,2,0.07549174,0.07549174,1.0120237,0.0,0.09726941,0.0,0.0,3.60391e-06,-26.72681,2.2264965,0.7421655,0.19999999,0.0,0.17355102,12.960107,12.980107,2083200
hardzero_plus_depr__c0p50__z1p00__lam0p020__nu0p50__psi0p75,hardzero_plus_depr,0.06,38,651,0.0,2,0.07549174,0.0754921,0.9967091,0.10076064,0.10076064,1.0,3.5772587e-07,3.550254e-06,-26.520983,2.1928039,0.7309346,0.17600001,0.0,0.13877597,12.980107,13.000108,2086400
hardzero_plus_depr__c0p50__z1p00__lam0p020__nu0p50__psi0p75,hardzero_plus_depr,0.06,38,652,0.0,2,0.0754921,0.07549246,0.99022305,0.10227675,0.10227675,1.0,3.5770233e-07,3.4973964e-06,-26.564503,2.1785343,0.7261781,0.15200001,0.0,0.15766416,13.000108,13.020108,2089600
hardzero_plus_depr__c0p50__z1p00__lam0p020__nu0p50__psi0p75,hardzero_plus_depr,0.06,38,653,0.0,2,0.07549246,0.07549246,1.0745406,0.0,0.08422857,0.0,0.0,3.4453258e-06,-28.130411,2.3640366,0.7880122,0.16000001,0.0,0.1775735,13.020108,13.040109,2092800
hardzero_plus_depr__c0p50__z1p00__lam0p020__nu0p50__psi0p75,hardzero_plus_depr,0.06,38,654,0.0,2,0.07549246,0.0754928,0.99852204,0.1003409,0.1003409,1.0,3.405601e-07,3.3940305e-06,-27.012903,2.1967924,0.73226416,0.208,0.008,0.17419884,13.040109,13.060109,2096000
hardzero_plus_depr__c0p50__z1p00__lam0p020__nu0p50__psi0p75,hardzero_plus_depr,0.06,38,655,0.0,2,0.0754928,0.0754928,1.0375661,0.0,0.091713645,0.0,0.0,3.3434985e-06,-27.377542,2.282691,0.76089704,0.17600001,0.0,0.1416272,13.060109,13.08011,2099200
hardzero_plus_depr__c0p50__z1p00__lam0p020__nu0p50__psi0p75,hardzero_plus_depr,0.06,38,656,0.0,2,0.0754928,0.0754928,1.065775,0.0,0.08594586,0.0,0.0,3.2937191e-06,-28.219337,2.3447518,0.78158396,0.128,0.0,0.17787659,13.08011,13.10011,2102400
hardzero_plus_depr__c0p50__z1p00__lam0p020__nu0p50__psi0p75,hardzero_plus_depr,0.06,38,657,0.0,2,0.0754928,0.0754928,1.0088147,0.0,0.097990796,0.0,0.0,3.244681e-06,-26.620836,2.2194366,0.73981225,0.16800001,0.0,0.14854364,13.10011,13.1201105,2105600
hardzero_plus_depr__c0p50__z1p00__lam0p020__nu0p50__psi0p75,hardzero_plus_depr,0.06,38,658,0.0,2,0.0754928,0.0754928,1.0299561,0.0,0.09333487,0.0,0.0,3.196373e-06,-27.295488,2.2659488,0.75531626,0.128,0.0,0.14171508,13.1201105,13.140111,2108800
hardzero_plus_depr__c0p50__z1p00__lam0p020__nu0p50__psi0p75,hardzero_plus_depr,0.06,38,659,0.0,2,0.0754928,0.0754928,1.0053031,0.0,0.09878634,0.0,0.0,3.1487841e-06,-27.26729,2.2117112,0.7372371,0.192,0.0,0.15899785,13.140111,13.160111,2112000
hardzero_plus_depr__c0p50__z1p00__lam0p020__nu0p50__psi0p75,hardzero_plus_depr,0.06,38,660,0.0,2,0.0754928,0.0754928,1.0219123,0.0,0.09507966,0.0,0.0,3.1019038e-06,-27.70525,2.248252,0.7494173,0.096,0.0,0.1653218,13.160111,13.180112,2115200
hardzero_plus_depr__c0p50__z1p00__lam0p020__nu0p50__psi0p75,hardzero_plus_depr,0.06,38,661,0.0,2,0.0754928,0.0754928,1.0020889,0.0,0.09952017,0.0,0.0,3.0557212e-06,-26.726858,2.2046397,0.7348799,0.2,0.0,0.13486674,13.180112,13.200112,2118400
hardzero_plus_depr__c0p50__z1p00__lam0p020__nu0p50__psi0p75,hardzero_plus_depr,0.06,38,662,0.0,2,0.0754928,0.0754928,1.0264853,0.0,0.09408376,0.0,0.0,3.0102267e-06,-27.380093,2.2583127,0.7527709,0.15200001,0.0,0.15752332,13.200112,13.220113,2121600
hardzero_plus_depr__c0p50__z1p00__lam0p020__nu0p50__psi0p75,hardzero_plus_depr,0.06,38,663,0.0,2,0.0754928,0.0754928,1.0524623,0.0,0.0886212,0.0,0.0,2.9654093e-06,-27.338696,2.3154633,0.77182114,0.17,0.0,0.16445059,13.220113,13.240113,2124800
hardzero_plus_depr__c0p50__z1p00__lam0p020__nu0p50__psi0p75,hardzero_plus_depr,0.06,38,664,0.0,2,0.0754928,0.0754928,1.0373634,0.0,0.09175645,0.0,0.0,2.921259e-06,-27.077986,2.2822452,0.7607484,0.16800001,0.0,0.1669848,13.240113,13.260114,2128000
hardzero_plus_depr__c0p50__z1p00__lam0p020__nu0p50__psi0p75,hardzero_plus_depr,0.06,38,665,0.0,2,0.0754928,0.0754928,1.0700561,0.0,0.085102804,0.0,0.0,2.877766e-06,-28.065931,2.3541703,0.78472346,0.104,0.0,0.19408804,13.260114,13.280114,2131200
hardzero_plus_depr__c0p50__z1p00__lam0p020__nu0p50__psi0p75,hardzero_plus_depr,0.06,38,666,0.0,2,0.0754928,0.0754928,1.026311,0.0,0.09412153,0.0,0.0,2.8349207e-06,-27.024271,2.2579293,0.7526431,0.14400001,0.008,0.15243861,13.280114,13.300115,2134400
hardzero_plus_depr__c0p50__z1p00__lam0p020__nu0p50__psi0p75,hardzero_plus_depr,0.06,38,667,0.0,2,0.0754928,0.0754928,1.009334,0.0,0.0978737,0.0,0.0,2.7927133e-06,-26.24436,2.2205791,0.74019307,0.14400001,0.0,0.14894949,13.300115,13.320115,2137600
hardzero_plus_depr__c0p50__z1p00__lam0p020__nu0p50__psi0p75,hardzero_plus_depr,0.06,38,668,0.0,2,0.0754928,0.0754928,1.0067616,0.0,0.09845516,0.0,0.0,2.7511344e-06,-26.86135,2.2149196,0.7383065,0.128,0.0,0.15280363,13.320115,13.340116,2140800
hardzero_plus_depr__c0p50__z1p00__lam0p020__nu0p50__psi0p75,hardzero_plus_depr,0.06,38,669,0.0,2,0.0754928,0.0754928,1.0246081,0.0,0.09449131,0.0,0.0,2.7101744e-06,-27.94814,2.2541828,0.7513943,0.17600001,0.0,0.14905493,13.340116,13.360116,2144000
hardzero_plus_depr__c0p50__z1p00__lam0p020__nu0p50__psi0p75,hardzero_plus_depr,0.06,38,670,0.0,2,0.0754928,0.075493075,0.990415,0.10223157,0.10223157,1.0,2.729403e-07,2.669824e-06,-27.374626,2.1789565,0.72631884,0.14400001,0.0,0.16837625,13.360116,13.380116,2147200
hardzero_plus_depr__c0p50__z1p00__lam0p020__nu0p50__psi0p75,hardzero_plus_depr,0.06,38,671,0.0,2,0.075493075,0.075493075,1.0274813,0.0,0.09386825,0.0,0.0,2.6300747e-06,-27.150393,2.260504,0.75350136,0.216,0.0,0.17666647,13.380116,13.400117,2150400
hardzero_plus_depr__c0p50__z1p00__lam0p020__nu0p50__psi0p75,hardzero_plus_depr,0.06,38,672,0.0,2,0.075493075,0.075493075,1.0248748,0.0,0.094433315,0.0,0.0,2.5909171e-06,-27.12582,2.2547696,0.7515899,0.120000005,0.0,0.18700807,13.400117,13.420117,2153600
hardzero_plus_depr__c0p50__z1p00__lam0p020__nu0p50__psi0p75,hardzero_plus_depr,0.06,38,673,0.0,2,0.075493075,0.075493075,1.0815985,0.0,0.0828708,0.0,0.0,2.5523423e-06,-28.026197,2.3795643,0.7931881,0.16800001,0.0,0.18377134,13.420117,13.440118,2156800
hardzero_plus_depr__c0p50__z1p00__lam0p020__nu0p50__psi0p75,hardzero_plus_depr,0.06,38,674,0.0,2,0.075493075,0.075493075,1.0608021,0.0,0.08693565,0.0,0.0,2.5143422e-06,-28.412632,2.3338113,0.7779371,0.15200001,0.0,0.18753591,13.440118,13.460118,2160000
hardzero_plus_depr__c0p50__z1p00__lam0p020__nu0p50__psi0p75,hardzero_plus_depr,0.06,38,675,0.0,2,0.075493075,0.07549333,0.9949441,0.10117097,0.10117097,1.0,2.5059114e-07,2.4769076e-06,-26.238567,2.1889207,0.72964025,0.17600001,0.0,0.15318567,13.460118,13.480119,2163200
hardzero_plus_depr__c0p50__z1p00__lam0p020__nu0p50__psi0p75,hardzero_plus_depr,0.06,38,676,0.0,2,0.07549333,0.07549333,1.0245135,0.0,0.0945119,0.0,0.0,2.4400304e-06,-26.747265,2.2539747,0.7513249,0.22,0.0,0.21046941,13.480119,13.500119,2166400
hardzero_plus_depr__c0p50__z1p00__lam0p020__nu0p50__psi0p75,hardzero_plus_depr,0.06,38,677,0.0,2,0.07549333,0.07549358,0.9823665,0.10414382,0.10414382,1.0,2.5033074e-07,2.4037024e-06,-26.657545,2.1612494,0.7204165,0.23200001,0.0,0.1531045,13.500119,13.52012,2169600
hardzero_plus_depr__c0p50__z1p00__lam0p020__nu0p50__psi0p75,hardzero_plus_depr,0.06,38,678,0.0,2,0.07549358,0.07549358,1.0055559,0.0,0.09872886,0.0,0.0,2.367915e-06,-26.540447,2.2122672,0.7374224,0.208,0.0,0.16489005,13.52012,13.54012,2172800
hardzero_plus_depr__c0p50__z1p00__lam0p020__nu0p50__psi0p75,hardzero_plus_depr,0.06,38,679,0.0,2,0.07549358,0.07549358,1.0112499,0.0,0.097442865,0.0,0.0,2.3326604e-06,-27.096743,2.2247941,0.74159807,0.16800001,0.0,0.17170922,13.54012,13.560121,2176000
hardzero_plus_depr__c0p50__z1p00__lam0p020__nu0p50__psi0p75,hardzero_plus_depr,0.06,38,680,0.0,2,0.07549358,0.07549358,1.0077451,0.0,0.09823241,0.0,0.0,2.297931e-06,-26.333368,2.2170837,0.7390279,0.18400002,0.008,0.13533407,13.560121,13.580121,2179200
hardzero_plus_depr__c0p50__z1p00__lam0p020__nu0p50__psi0p75,hardzero_plus_depr,0.06,38,681,0.0,2,0.07549358,0.07549358,1.0266628,0.0,0.094045304,0.0,0.0,2.2637184e-06,-27.043634,2.2587032,0.7529011,0.16000001,0.0,0.16509163,13.580121,13.6001215,2182400
hardzero_plus_depr__c0p50__z1p00__lam0p020__nu0p50__psi0p75,hardzero_plus_depr,0.06,38,682,0.0,2,0.07549358,0.075493805,0.9952758,0.101093724,0.101093724,1.0,2.2544056e-07,2.2300153e-06,-27.038845,2.1896505,0.72988355,0.18400002,0.0,0.16332759,13.6001215,13.620122,2185600
hardzero_plus_depr__c0p50__z1p00__lam0p020__nu0p50__psi0p75,hardzero_plus_depr,0.06,38,683,0.0,2,0.075493805,0.07549403,0.99349403,0.101509325,0.101509325,1.0,2.2299707e-07,2.1968137e-06,-27.580967,2.1857305,0.72857684,0.16000001,0.0,0.17349882,13.620122,13.640122,2188800
hardzero_plus_depr__c0p50__z1p00__lam0p020__nu0p50__psi0p75,hardzero_plus_depr,0.06,38,684,0.0,2,0.07549403,0.07549403,1.0155575,0.0,0.09648114,0.0,0.0,2.164107e-06,-27.267294,2.234271,0.74475706,0.24000001,0.008,0.19034323,13.640122,13.660123,2192000
hardzero_plus_depr__c0p50__z1p00__lam0p020__nu0p50__psi0p75,hardzero_plus_depr,0.06,38,685,0.0,2,0.07549403,0.07549403,1.0300509,0.0,0.093314484,0.0,0.0,2.1318867e-06,-27.535608,2.2661572,0.75538576,0.14400001,0.0,0.19587247,13.660123,13.680123,2195200
hardzero_plus_depr__c0p50__z1p00__lam0p020__nu0p50__psi0p75,hardzero_plus_depr,0.06,38,686,0.0,2,0.07549403,0.07549403,1.042892,0.0,0.09059578,0.0,0.0,2.1001465e-06,-27.64789,2.294408,0.7648027,0.120000005,0.0,0.19531697,13.680123,13.700124,2198400
hardzero_plus_depr__c0p50__z1p00__lam0p020__nu0p50__psi0p75,hardzero_plus_depr,0.06,38,687,0.0,2,0.07549403,0.07549403,1.0347878,0.0,0.09230224,0.0,0.0,2.0688788e-06,-27.55251,2.2765787,0.7588596,0.104,0.0,0.15620957,13.700124,13.720124,2201600
hardzero_plus_depr__c0p50__z1p00__lam0p020__nu0p50__psi0p75,hardzero_plus_depr,0.06,38,688,0.0,2,0.07549403,0.07549403,1.0066414,0.0,0.09848239,0.0,0.0,2.0380762e-06,-26.941013,2.2146552,0.7382184,0.17600001,0.0,0.16516173,13.720124,13.740125,2204800
hardzero_plus_depr__c0p50__z1p00__lam0p020__nu0p50__psi0p75,hardzero_plus_depr,0.06,38,689,0.0,2,0.07549403,0.07549424,0.9849201,0.10353327,0.10353327,1.0,2.078671e-07,2.0077325e-06,-27.349876,2.1668675,0.7222892,0.14999999,0.0,0.17134883,13.740125,13.760125,2208000
hardzero_plus_depr__c0p50__z1p00__lam0p020__nu0p50__psi0p75,hardzero_plus_depr,0.06,38,690,0.0,2,0.07549424,0.07549444,0.99907744,0.10021265,0.10021265,1.0,1.9820467e-07,1.9778408e-06,-26.8249,2.1980143,0.73267144,0.17600001,0.0,0.15013163,13.760125,13.780126,2211200
hardzero_plus_depr__c0p50__z1p00__lam0p020__nu0p50__psi0p75,hardzero_plus_depr,0.06,38,691,0.0,2,0.07549444,0.07549444,1.045213,0.0,0.09011292,0.0,0.0,1.948394e-06,-27.343378,2.2995145,0.7665049,0.17600001,0.0,0.17516737,13.780126,13.800126,2214400
hardzero_plus_depr__c0p50__z1p00__lam0p020__nu0p50__psi0p75,hardzero_plus_depr,0.06,38,692,0.0,2,0.07549444,0.07549444,1.0748146,0.0,0.084175445,0.0,0.0,1.9193856e-06,-28.274048,2.3646393,0.78821313,0.14400001,0.0,0.15186036,13.800126,13.820127,2217600
hardzero_plus_depr__c0p50__z1p00__lam0p020__nu0p50__psi0p75,hardzero_plus_depr,0.06,38,693,0.0,2,0.07549444,0.07549444,1.0697033,0.0,0.08517195,0.0,0.0,1.8908087e-06,-27.446297,2.3533943,0.7844648,0.15200001,0.0,0.1890813,13.820127,13.840127,2220800
hardzero_plus_depr__c0p50__z1p00__lam0p020__nu0p50__psi0p75,hardzero_plus_depr,0.06,38,694,0.0,2,0.07549444,0.07549444,1.0368208,0.0,0.09187118,0.0,0.0,1.8626577e-06,-27.410904,2.2810512,0.7603504,0.128,0.0,0.15393992,13.840127,13.860127,2224000
hardzero_plus_depr__c0p50__z1p00__lam0p020__nu0p50__psi0p75,hardzero_plus_depr,0.06,38,695,0.0,2,0.07549444,0.07549444,1.0462077,0.0,0.08990675,0.0,0.0,1.8349258e-06,-27.457474,2.3017027,0.76723427,0.14400001,0.0,0.16386592,13.860127,13.880128,2227200
hardzero_plus_depr__c0p50__z1p00__lam0p020__nu0p50__psi0p75,hardzero_plus_depr,0.06,38,696,0.0,2,0.07549444,0.07549444,1.007739,0.0,0.09823382,0.0,0.0,1.8076066e-06,-26.931461,2.2170699,0.7390233,0.08800001,0.0,0.15332991,13.880128,13.900128,2230400
hardzero_plus_depr__c0p50__z1p00__lam0p020__nu0p50__psi0p75,hardzero_plus_depr,0.06,38,697,0.0,2,0.07549444,0.075494625,0.9769633,0.105447605,0.105447605,1.0,1.8776994e-07,1.7806942e-06,-26.863295,2.149362,0.716454,0.192,0.0,0.16075677,13.900128,13.920129,2233600
hardzero_plus_depr__c0p50__z1p00__lam0p020__nu0p50__psi0p75,hardzero_plus_depr,0.06,38,698,0.0,2,0.075494625,0.07549481,0.9763213,0.10560359,0.10560359,1.0,1.8524798e-07,1.7541827e-06,-26.739508,2.1479497,0.7159833,0.24000001,0.0,0.15437391,13.920129,13.940129,2236800
hardzero_plus_depr__c0p50__z1p00__lam0p020__nu0p50__psi0p75,hardzero_plus_depr,0.06,38,699,0.0,2,0.07549481,0.07549481,1.0335113,0.0,0.09257393,0.0,0.0,1.7280657e-06,-27.783161,2.27377,0.75792336,0.16800001,0.0,0.17725983,13.940129,13.96013,2240000
hardzero_plus_depr__c0p50__z1p00__lam0p020__nu0p50__psi0p75,hardzero_plus_depr,0.06,38,700,0.0,2,0.07549481,0.07549499,0.9765431,0.105549656,0.105549656,1.0,1.7968112e-07,1.7023374e-06,-25.712942,2.1484377,0.71614593,0.112,0.0,0.15160236,13.96013,13.98013,2243200
hardzero_plus_depr__c0p50__z1p00__lam0p020__nu0p50__psi0p75,hardzero_plus_depr,0.06,38,701,0.0,2,0.07549499,0.07549499,1.0695008,0.0,0.08521169,0.0,0.0,1.6769923e-06,-27.737492,2.3529487,0.78431624,0.136,0.0,0.17796116,13.98013,14.000131,2246400
hardzero_plus_depr__c0p50__z1p00__lam0p020__nu0p50__psi0p75,hardzero_plus_depr,0.06,38,702,0.0,2,0.07549499,0.07549516,0.98136,0.10438545,0.10438545,1.0,1.7244733e-07,1.6520246e-06,-26.762653,2.1590352,0.7196784,0.14999999,0.0,0.1817387,14.000131,14.020131,2249600
hardzero_plus_depr__c0p50__z1p00__lam0p020__nu0p50__psi0p75,hardzero_plus_depr,0.06,38,703,0.0,2,0.07549516,0.07549516,1.009637,0.0,0.097805426,0.0,0.0,1.6274288e-06,-26.592072,2.2212458,0.7404153,0.136,0.0,0.1539338,14.020131,14.040132,2252800
hardzero_plus_depr__c0p50__z1p00__lam0p020__nu0p50__psi0p75,hardzero_plus_depr,0.06,38,704,0.0,2,0.07549516,0.075495325,0.98449033,0.10363575,0.10363575,1.0,1.6614872e-07,1.6031989e-06,-26.019438,2.165922,0.721974,0.14400001,0.0,0.14738841,14.040132,14.060132,2256000
hardzero_plus_depr__c0p50__z1p00__lam0p020__nu0p50__psi0p75,hardzero_plus_depr,0.06,38,705,0.0,2,0.075495325,0.07549548,0.9987264,0.10029368,0.10029368,1.0,1.5839679e-07,1.5793297e-06,-27.495144,2.197242,0.732414,0.136,0.0,0.16706894,14.060132,14.0801325,2259200
hardzero_plus_depr__c0p50__z1p00__lam0p020__nu0p50__psi0p75,hardzero_plus_depr,0.06,38,706,0.0,2,0.07549548,0.07549548,1.0708768,0.0,0.08494213,0.0,0.0,1.5558161e-06,-28.69585,2.355976,0.7853254,0.16800001,0.0,0.20233391,14.0801325,14.100133,2262400
hardzero_plus_depr__c0p50__z1p00__lam0p020__nu0p50__psi0p75,hardzero_plus_depr,0.06,38,707,0.0,2,0.07549548,0.07549548,1.0016824,0.0,0.09961336,0.0,0.0,1.5326526e-06,-26.581629,2.2037454,0.7345818,0.18400002,0.0,0.15079297,14.100133,14.120133,2265600
hardzero_plus_depr__c0p50__z1p00__lam0p020__nu0p50__psi0p75,hardzero_plus_depr,0.06,38,708,0.0,2,0.07549548,0.07549548,1.0467371,0.0,0.08979722,0.0,0.0,1.5098339e-06,-28.507889,2.3028677,0.7676226,0.128,0.0,0.1941647,14.120133,14.140134,2268800
hardzero_plus_depr__c0p50__z1p00__lam0p020__nu0p50__psi0p75,hardzero_plus_depr,0.06,38,709,0.0,2,0.07549548,0.07549548,1.0226924,0.0,0.09490902,0.0,0.0,1.4873548e-06,-26.762907,2.2499683,0.74998945,0.2,0.0,0.1469809,14.140134,14.160134,2272000
hardzero_plus_depr__c0p50__z1p00__lam0p020__nu0p50__psi0p75,hardzero_plus_depr,0.06,38,710,0.0,2,0.07549548,0.07549548,1.0232114,0.0,0.094795704,0.0,0.0,1.4652104e-06,-27.247978,2.2511098,0.75036997,0.136,0.0,0.15972205,14.160134,14.180135,2275200
hardzero_plus_depr__c0p50__z1p00__lam0p020__nu0p50__psi0p75,hardzero_plus_depr,0.06,38,711,0.0,2,0.07549548,0.07549564,0.97110826,0.10687884,0.10687884,1.0,1.5426848e-07,1.4433958e-06,-26.047832,2.1364808,0.7121603,0.15200001,0.0,0.1489355,14.180135,14.200135,2278400
hardzero_plus_depr__c0p50__z1p00__lam0p020__nu0p50__psi0p75,hardzero_plus_depr,0.06,38,712,0.0,2,0.07549564,0.07549581,0.9190324,0.1204946,0.1204946,1.0,1.7133199e-07,1.421906e-06,-25.948973,2.0219116,0.6739706,0.23200001,0.0,0.15092021,14.200135,14.220136,2281600
hardzero_plus_depr__c0p50__z1p00__lam0p020__nu0p50__psi0p75,hardzero_plus_depr,0.06,38,713,0.0,2,0.07549581,0.07549581,1.0460383,0.0,0.08994182,0.0,0.0,1.4007361e-06,-27.292356,2.30133,0.76711005,0.16000001,0.0,0.16540731,14.220136,14.240136,2284800
hardzero_plus_depr__c0p50__z1p00__lam0p020__nu0p50__psi0p75,hardzero_plus_depr,0.06,38,714,0.0,2,0.07549581,0.07549581,1.0292197,0.0,0.09349324,0.0,0.0,1.3798814e-06,-27.260212,2.2643287,0.75477624,0.120000005,0.0,0.13421291,14.240136,14.260137,2288000
hardzero_plus_depr__c0p50__z1p00__lam0p020__nu0p50__psi0p75,hardzero_plus_depr,0.06,38,715,0.0,2,0.07549581,0.07549581,1.040375,0.0,0.091122374,0.0,0.0,1.359337e-06,-27.652155,2.2888706,0.76295686,0.19999999,0.0,0.17796735,14.260137,14.280137,2291200
hardzero_plus_depr__c0p50__z1p00__lam0p020__nu0p50__psi0p75,hardzero_plus_depr,0.06,38,716,0.0,2,0.07549581,0.07549581,1.0080502,0.0,0.09816343,0.0,0.0,1.3390987e-06,-26.61456,2.2177546,0.73925155,0.120000005,0.0,0.1377606,14.280137,14.3001375,2294400
hardzero_plus_depr__c0p50__z1p00__lam0p020__nu0p50__psi0p75,hardzero_plus_depr,0.06,38,717,0.0,2,0.07549581,0.07549581,1.0268883,0.0,0.09399651,0.0,0.0,1.3191618e-06,-27.195219,2.2591991,0.7530664,0.16800001,0.0,0.17798755,14.3001375,14.320138,2297600
hardzero_plus_depr__c0p50__z1p00__lam0p020__nu0p50__psi0p75,hardzero_plus_depr,0.06,38,718,0.0,2,0.07549581,0.07549581,1.0537112,0.0,0.088366725,0.0,0.0,1.2995215e-06,-28.064236,2.3182108,0.77273697,0.128,0.0,0.1900599,14.320138,14.340138,2300800
hardzero_plus_depr__c0p50__z1p00__lam0p020__nu0p50__psi0p75,hardzero_plus_depr,0.06,38,719,0.0,2,0.07549581,0.07549581,1.0579216,0.0,0.08751416,0.0,0.0,1.2801736e-06,-27.960619,2.327474,0.7758247,0.096,0.0,0.17913404,14.340138,14.360139,2304000
hardzero_plus_depr__c0p50__z1p00__lam0p020__nu0p50__psi0p75,hardzero_plus_depr,0.06,38,720,0.0,2,0.07549581,0.07549596,0.9197772,0.120288126,0.120288126,1.0,1.5169704e-07,1.261114e-06,-25.58622,2.0235503,0.6745168,0.18400002,0.0,0.14312704,14.360139,14.380139,2307200
hardzero_plus_depr__c0p50__z1p00__lam0p020__nu0p50__psi0p75,hardzero_plus_depr,0.06,38,721,0.0,2,0.07549596,0.07549609,0.96039945,0.10954702,0.10954702,1.0,1.3609441e-07,1.2423379e-06,-25.650475,2.112921,0.704307,0.128,0.0,0.15659691,14.380139,14.40014,2310400
hardzero_plus_depr__c0p50__z1p00__lam0p020__nu0p50__psi0p75,hardzero_plus_depr,0.06,38,722,0.0,2,0.07549609,0.07549609,1.0280086,0.0,0.093754336,0.0,0.0,1.2238415e-06,-27.357996,2.2616642,0.7538881,0.14400001,0.0,0.17784826,14.40014,14.42014,2313600
hardzero_plus_depr__c0p50__z1p00__lam0p020__nu0p50__psi0p75,hardzero_plus_depr,0.06,38,723,0.0,2,0.07549609,0.07549609,1.0457821,0.0,0.0899949,0.0,0.0,1.2056205e-06,-27.846302,2.3007665,0.7669222,0.120000005,0.0,0.17186435,14.42014,14.440141,2316800
hardzero_plus_depr__c0p50__z1p00__lam0p020__nu0p50__psi0p75,hardzero_plus_depr,0.06,38,724,0.0,2,0.07549609,0.07549609,1.0361413,0.0,0.09201502,0.0,0.0,1.1876707e-06,-27.642237,2.2795563,0.7598521,0.104,0.0,0.15227507,14.440141,14.460141,2320000
hardzero_plus_depr__c0p50__z1p00__lam0p020__nu0p50__psi0p75,hardzero_plus_depr,0.06,38,725,0.0,2,0.07549609,0.07549609,1.0237597,0.0,0.094676085,0.0,0.0,1.1699883e-06,-26.825907,2.2523165,0.7507722,0.15200001,0.0,0.14286923,14.460141,14.480142,2323200
hardzero_plus_depr__c0p50__z1p00__lam0p020__nu0p50__psi0p75,hardzero_plus_depr,0.06,38,726,0.0,2,0.07549609,0.07549609,1.0553491,0.0,0.0880341,0.0,0.0,1.152569e-06,-28.228245,2.3218145,0.7739382,0.2,0.0,0.16573766,14.480142,14.500142,2326400
hardzero_plus_depr__c0p50__z1p00__lam0p020__nu0p50__psi0p75,hardzero_plus_depr,0.06,38,727,0.0,2,0.07549609,0.07549609,1.0205787,0.0,0.09537208,0.0,0.0,1.1354092e-06,-27.516108,2.2453182,0.74843943,0.17600001,0.0,0.16771755,14.500142,14.520143,2329600
hardzero_plus_depr__c0p50__z1p00__lam0p020__nu0p50__psi0p75,hardzero_plus_depr,0.06,38,728,0.0,2,0.07549609,0.07549609,1.0414853,0.0,0.090889715,0.0,0.0,1.1185047e-06,-28.23199,2.2913134,0.7637712,0.14999999,0.0,0.17284544,14.520143,14.540143,2332800
hardzero_plus_depr__c0p50__z1p00__lam0p020__nu0p50__psi0p75,hardzero_plus_depr,0.06,38,729,0.0,2,0.07549609,0.07549609,1.0404156,0.0,0.091113836,0.0,0.0,1.1018519e-06,-27.222803,2.2889602,0.7629868,0.16800001,0.0,0.14966223,14.540143,14.560143,2336000
hardzero_plus_depr__c0p50__z1p00__lam0p020__nu0p50__psi0p75,hardzero_plus_depr,0.06,38,730,0.0,2,0.07549609,0.07549609,1.0075465,0.0,0.098277345,0.0,0.0,1.0854471e-06,-27.035975,2.2166467,0.73888224,0.18400002,0.0,0.14794053,14.560143,14.580144,2339200
hardzero_plus_depr__c0p50__z1p00__lam0p020__nu0p50__psi0p75,hardzero_plus_depr,0.06,38,731,0.0,2,0.07549609,0.075496204,0.9954426,0.1010549,0.1010549,1.0,1.08056646e-07,1.0692866e-06,-26.911959,2.1900175,0.73000586,0.16800001,0.0,0.15386344,14.580144,14.600144,2342400
hardzero_plus_depr__c0p50__z1p00__lam0p020__nu0p50__psi0p75,hardzero_plus_depr,0.06,38,732,0.0,2,0.075496204,0.075496204,1.0556769,0.0,0.08796767,0.0,0.0,1.0533666e-06,-28.494143,2.3225355,0.7741785,0.072000004,0.0,0.17688563,14.600144,14.620145,2345600
hardzero_plus_depr__c0p50__z1p00__lam0p020__nu0p50__psi0p75,hardzero_plus_depr,0.06,38,733,0.0,2,0.075496204,0.075496316,0.9763802,0.10558928,0.10558928,1.0,1.0956827e-07,1.0376837e-06,-26.2012,2.1480794,0.7160265,0.24000001,0.008,0.16823713,14.620145,14.640145,2348800
hardzero_plus_depr__c0p50__z1p00__lam0p020__nu0p50__psi0p75,hardzero_plus_depr,0.06,38,734,0.0,2,0.075496316,0.075496316,1.0407683,0.0,0.091039896,0.0,0.0,1.0222342e-06,-27.769123,2.289736,0.76324534,0.120000005,0.0,0.18838349,14.640145,14.660146,2352000
hardzero_plus_depr__c0p50__z1p00__lam0p020__nu0p50__psi0p75,hardzero_plus_depr,0.06,38,735,0.0,2,0.075496316,0.075496316,1.0342875,0.0,0.092408635,0.0,0.0,1.0070147e-06,-27.722654,2.275478,0.75849265,0.14400001,0.0,0.18144558,14.660146,14.680146,2355200
hardzero_plus_depr__c0p50__z1p00__lam0p020__nu0p50__psi0p75,hardzero_plus_depr,0.06,38,736,0.0,2,0.075496316,0.075496316,1.0377601,0.0,0.09167265,0.0,0.0,9.92022e-07,-27.108744,2.2831178,0.76103926,0.192,0.0,0.17215857,14.680146,14.700147,2358400
hardzero_plus_depr__c0p50__z1p00__lam0p020__nu0p50__psi0p75,hardzero_plus_depr,0.06,38,737,0.0,2,0.075496316,0.07549641,0.9938505,0.10142604,0.10142604,1.0,9.911883e-08,9.772523e-07,-26.933851,2.1865149,0.7288383,0.136,0.0,0.16395636,14.700147,14.720147,2361600
hardzero_plus_depr__c0p50__z1p00__lam0p020__nu0p50__psi0p75,hardzero_plus_depr,0.06,38,738,0.0,2,0.07549641,0.07549641,1.0012625,0.0,0.09970971,0.0,0.0,9.627026e-07,-27.39028,2.2028215,0.73427385,0.16800001,0.0,0.1781361,14.720147,14.740148,2364800
hardzero_plus_depr__c0p50__z1p00__lam0p020__nu0p50__psi0p75,hardzero_plus_depr,0.06,38,739,0.0,2,0.07549641,0.07549641,1.0168636,0.0,0.096191436,0.0,0.0,9.483694e-07,-26.36892,2.2371445,0.74571484,0.14400001,0.0,0.15996863,14.740148,14.760148,2368000
hardzero_plus_depr__c0p50__z1p00__lam0p020__nu0p50__psi0p75,hardzero_plus_depr,0.06,38,740,0.0,2,0.07549641,0.07549641,1.0080516,0.0,0.09816311,0.0,0.0,9.3424984e-07,-27.210888,2.217758,0.7392527,0.18400002,0.0,0.15130165,14.760148,14.7801485,2371200
hardzero_plus_depr__c0p50__z1p00__lam0p020__nu0p50__psi0p75,hardzero_plus_depr,0.06,38,741,0.0,2,0.07549641,0.07549641,1.0237306,0.0,0.094682425,0.0,0.0,9.2034037e-07,-27.39985,2.2522523,0.7507508,0.12,0.0,0.15680423,14.7801485,14.800149,2374400
hardzero_plus_depr__c0p50__z1p00__lam0p020__nu0p50__psi0p75,hardzero_plus_depr,0.06,38,742,0.0,2,0.07549641,0.07549651,0.967415,0.107791625,0.107791625,1.0,9.772797e-08,9.0663787e-07,-27.248867,2.1283555,0.70945185,0.128,0.0,0.1395535,14.800149,14.820149,2377600
hardzero_plus_depr__c0p50__z1p00__lam0p020__nu0p50__psi0p75,hardzero_plus_depr,0.06,38,743,0.0,2,0.07549651,0.07549651,1.0239908,0.0,0.094625734,0.0,0.0,8.9313943e-07,-27.686674,2.2528245,0.7509415,0.14400001,0.0,0.14548641,14.820149,14.84015,2380800
hardzero_plus_depr__c0p50__z1p00__lam0p020__nu0p50__psi0p75,hardzero_plus_depr,0.06,38,744,0.0,2,0.07549651,0.07549651,1.0862831,0.0,0.08198169,0.0,0.0,8.798421e-07,-28.697372,2.3898704,0.79662347,0.16000001,0.0,0.18116997,14.84015,14.86015,2384000
hardzero_plus_depr__c0p50__z1p00__lam0p020__nu0p50__psi0p75,hardzero_plus_depr,0.06,38,745,0.0,2,0.07549651,0.07549651,1.0916603,0.0,0.08097291,0.0,0.0,8.6674265e-07,-28.473724,2.4017005,0.80056685,0.112,0.0,0.17297006,14.86015,14.880151,2387200
hardzero_plus_depr__c0p50__z1p00__lam0p020__nu0p50__psi0p75,hardzero_plus_depr,0.06,38,746,0.0,2,0.07549651,0.0754966,0.96239454,0.109044924,0.109044924,1.0,9.3106735e-08,8.538383e-07,-26.154377,2.1173103,0.70577013,0.16800001,0.0,0.15061417,14.880151,14.900151,2390400
hardzero_plus_depr__c0p50__z1p00__lam0p020__nu0p50__psi0p75,hardzero_plus_depr,0.06,38,747,0.0,2,0.0754966,0.07549669,0.9739897,0.106172085,0.106172085,1.0,8.9304095e-08,8.4112594e-07,-26.091848,2.1428201,0.7142734,0.192,0.0,0.14861676,14.900151,14.920152,2393600
hardzero_plus_depr__c0p50__z1p00__lam0p020__nu0p50__psi0p75,hardzero_plus_depr,0.06,38,748,0.0,2,0.07549669,0.07549678,0.9683977,0.10754799,0.10754799,1.0,8.911457e-08,8.286029e-07,-26.322613,2.1305175,0.71017253,0.16800001,0.0,0.15339969,14.920152,14.940152,2396800
hardzero_plus_depr__c0p50__z1p00__lam0p020__nu0p50__psi0p75,hardzero_plus_depr,0.06,38,749,0.0,2,0.07549678,0.07549687,0.95525664,0.11085195,0.11085195,1.0,9.048472e-08,8.162664e-07,-26.137728,2.1016066,0.70053554,0.18400002,0.0,0.15048581,14.940152,14.960153,2400000
hardzero_plus_depr__c0p50__z1p00__lam0p020__nu0p50__psi0p75,hardzero_plus_depr,0.06,38,750,0.0,2,0.07549687,0.07549696,0.95985425,0.10968461,0.10968461,1.0,8.8198874e-08,8.041135e-07,-26.52233,2.1117215,0.7039072,0.16800001,0.0,0.14267015,14.960153,14.980153,2403200
hardzero_plus_depr__c0p50__z1p00__lam0p020__nu0p50__psi0p75,hardzero_plus_depr,0.06,38,751,0.0,2,0.07549696,0.07549704,0.99708027,0.100674555,0.100674555,1.0,7.97485e-08,7.921416e-07,-26.795464,2.1936204,0.73120683,0.14400001,0.0,0.15947613,14.980153,15.000154,2406400
hardzero_plus_depr__c0p50__z1p00__lam0p020__nu0p50__psi0p75,hardzero_plus_depr,0.06,38,752,0.0,2,0.07549704,0.07549704,1.0090841,0.0,0.09793003,0.0,0.0,7.8034776e-07,-26.939304,2.2200294,0.7400098,0.272,0.0,0.17307287,15.000154,15.020154,2409600
hardzero_plus_depr__c0p50__z1p00__lam0p020__nu0p50__psi0p75,hardzero_plus_depr,0.06,38,753,0.0,2,0.07549704,0.07549704,1.011554,0.0,0.09737466,0.0,0.0,7.6872965e-07,-27.228456,2.2254632,0.74182105,0.16000001,0.0,0.15992826,15.020154,15.040154,2412800
hardzero_plus_depr__c0p50__z1p00__lam0p020__nu0p50__psi0p75,hardzero_plus_depr,0.06,38,754,0.0,2,0.07549704,0.07549704,1.0830538,0.0,0.08259357,0.0,0.0,7.572845e-07,-28.342552,2.382766,0.7942554,0.06,0.0,0.17063192,15.040154,15.060155,2416000
hardzero_plus_depr__c0p50__z1p00__lam0p020__nu0p50__psi0p75,hardzero_plus_depr,0.06,38,755,0.0,2,0.07549704,0.07549712,0.9766429,0.10552542,0.10552542,1.0,7.872299e-08,7.4600973e-07,-26.504068,2.1486573,0.7162191,0.15200001,0.0,0.14586464,15.060155,15.080155,2419200
hardzero_plus_depr__c0p50__z1p00__lam0p020__nu0p50__psi0p75,hardzero_plus_depr,0.06,38,756,0.0,2,0.07549712,0.07549712,1.0113313,0.0,0.09742461,0.0,0.0,7.3490287e-07,-26.835575,2.2249732,0.74165773,0.18400002,0.0,0.16767465,15.080155,15.100156,2422400
hardzero_plus_depr__c0p50__z1p00__lam0p020__nu0p50__psi0p75,hardzero_plus_depr,0.06,38,757,0.0,2,0.07549712,0.075497195,0.9766809,0.10551619,0.10551619,1.0,7.638964e-08,7.239613e-07,-26.042522,2.1487408,0.71624696,0.216,0.0,0.1331592,15.100156,15.120156,2425600
hardzero_plus_depr__c0p50__z1p00__lam0p020__nu0p50__psi0p75,hardzero_plus_depr,0.06,38,758,0.0,2,0.075497195,0.075497195,1.0298878,0.0,0.09334954,0.0,0.0,7.131827e-07,-26.194263,2.2657983,0.75526613,0.112,0.0,0.1631252,15.120156,15.140157,2428800
hardzero_plus_depr__c0p50__z1p00__lam0p020__nu0p50__psi0p75,hardzero_plus_depr,0.06,38,759,0.0,2,0.075497195,0.075497195,1.0023209,0.0,0.09946701,0.0,0.0,7.0256453e-07,-26.186623,2.20515,0.73504996,0.15200001,0.0,0.1426451,15.140157,15.160157,2432000
hardzero_plus_depr__c0p50__z1p00__lam0p020__nu0p50__psi0p75,hardzero_plus_depr,0.06,38,760,0.0,2,0.075497195,0.075497195,1.0254365,0.0,0.09431125,0.0,0.0,6.921045e-07,-27.650927,2.2560053,0.75200176,0.14400001,0.0,0.16902049,15.160157,15.180158,2435200
hardzero_plus_depr__c0p50__z1p00__lam0p020__nu0p50__psi0p75,hardzero_plus_depr,0.06,38,761,0.0,2,0.075497195,0.075497195,1.0448176,0.0,0.090195,0.0,0.0,6.818002e-07,-27.440979,2.2986445,0.76621485,0.128,0.0,0.17400277,15.180158,15.200158,2438400
hardzero_plus_depr__c0p50__z1p00__lam0p020__nu0p50__psi0p75,hardzero_plus_depr,0.06,38,762,0.0,2,0.075497195,0.075497195,1.0305164,0.0,0.093214534,0.0,0.0,6.716493e-07,-26.55218,2.2671814,0.7557272,0.17600001,0.0,0.13924687,15.200158,15.220159,2441600
hardzero_plus_depr__c0p50__z1p00__lam0p020__nu0p50__psi0p75,hardzero_plus_depr,0.06,38,763,0.0,2,0.075497195,0.075497195,1.0059456,0.0,0.09864031,0.0,0.0,6.616495e-07,-26.94802,2.2131245,0.7377082,0.18400002,0.008,0.1511177,15.220159,15.240159,2444800
hardzero_plus_depr__c0p50__z1p00__lam0p020__nu0p50__psi0p75,hardzero_plus_depr,0.06,38,764,0.0,2,0.075497195,0.075497195,1.0633509,0.0,0.08642692,0.0,0.0,6.517986e-07,-28.432526,2.3394186,0.77980626,0.120000005,0.0,0.17930804,15.240159,15.2601595,2448000
hardzero_plus_depr__c0p50__z1p00__lam0p020__nu0p50__psi0p75,hardzero_plus_depr,0.06,38,765,0.0,2,0.075497195,0.075497195,1.090522,0.0,0.08118539,0.0,0.0,6.420944e-07,-28.048277,2.3991964,0.79973215,0.104,0.0,0.16438387,15.2601595,15.28016,2451200
hardzero_plus_depr__c0p50__z1p00__lam0p020__nu0p50__psi0p75,hardzero_plus_depr,0.06,38,766,0.0,2,0.075497195,0.07549726,0.97498477,0.10592909,0.10592909,1.0,6.700381e-08,6.325346e-07,-26.220407,2.1450093,0.71500313,0.096,0.0,0.13358937,15.28016,15.30016,2454400
hardzero_plus_depr__c0p50__z1p00__lam0p020__nu0p50__psi0p75,hardzero_plus_depr,0.06,38,767,0.0,2,0.07549726,0.07549726,1.021037,0.0,0.0952715,0.0,0.0,6.2311716e-07,-27.834452,2.2463262,0.7487754,0.17999999,0.01,0.16635746,15.30016,15.320161,2457600
hardzero_plus_depr__c0p50__z1p00__lam0p020__nu0p50__psi0p75,hardzero_plus_depr,0.06,38,768,0.0,2,0.07549726,0.07549726,1.0192816,0.0,0.095657356,0.0,0.0,6.138399e-07,-26.692007,2.2424643,0.74748814,0.16000001,0.0,0.15411769,15.320161,15.340161,2460800
hardzero_plus_depr__c0p50__z1p00__lam0p020__nu0p50__psi0p75,hardzero_plus_depr,0.06,38,769,0.0,2,0.07549726,0.07549726,1.0579678,0.0,0.087504864,0.0,0.0,6.0470086e-07,-28.122574,2.3275757,0.7758586,0.080000006,0.0,0.18044625,15.340161,15.360162,2464000
hardzero_plus_depr__c0p50__z1p00__lam0p020__nu0p50__psi0p75,hardzero_plus_depr,0.06,38,770,0.0,2,0.07549726,0.07549726,1.0461296,0.0,0.08992291,0.0,0.0,5.956978e-07,-26.77514,2.301531,0.76717705,0.08800001,0.0,0.16292787,15.360162,15.380162,2467200
hardzero_plus_depr__c0p50__z1p00__lam0p020__nu0p50__psi0p75,hardzero_plus_depr,0.06,38,771,0.0,2,0.07549726,0.07549726,1.0453703,0.0,0.09008027,0.0,0.0,5.868289e-07,-27.512974,2.2998607,0.7666203,0.17600001,0.0,0.1671638,15.380162,15.400163,2470400
hardzero_plus_depr__c0p50__z1p00__lam0p020__nu0p50__psi0p75,hardzero_plus_depr,0.06,38,772,0.0,2,0.07549726,0.07549732,0.98934466,0.10248383,0.10248383,1.0,5.9245078e-08,5.7809194e-07,-27.127289,2.1766016,0.7255339,0.15200001,0.0,0.15537167,15.400163,15.420163,2473600
hardzero_plus_depr__c0p50__z1p00__lam0p020__nu0p50__psi0p75,hardzero_plus_depr,0.06,38,773,0.0,2,0.07549732,0.07549732,1.0235093,0.0,0.0947307,0.0,0.0,5.69485e-07,-26.819927,2.2517653,0.7505884,0.17600001,0.0,0.15909383,15.420163,15.440164,2476800
hardzero_plus_depr__c0p50__z1p00__lam0p020__nu0p50__psi0p75,hardzero_plus_depr,0.06,38,774,0.0,2,0.07549732,0.07549732,1.0543038,0.0,0.088246234,0.0,0.0,5.6100635e-07,-27.461407,2.3195145,0.77317154,0.128,0.0,0.16848615,15.440164,15.460164,2480000
hardzero_plus_depr__c0p50__z1p00__lam0p020__nu0p50__psi0p75,hardzero_plus_depr,0.06,38,775,0.0,2,0.07549732,0.07549732,1.0210193,0.0,0.09527538,0.0,0.0,5.5265383e-07,-27.574842,2.2462873,0.7487625,0.16800001,0.0,0.16887689,15.460164,15.480165,2483200
hardzero_plus_depr__c0p50__z1p00__lam0p020__nu0p50__psi0p75,hardzero_plus_depr,0.06,38,776,0.0,2,0.07549732,0.07549732,1.0240927,0.0,0.094603516,0.0,0.0,5.4442575e-07,-27.198868,2.253049,0.7510163,0.15200001,0.0,0.15248731,15.480165,15.500165,2486400
hardzero_plus_depr__c0p50__z1p00__lam0p020__nu0p50__psi0p75,hardzero_plus_depr,0.06,38,777,0.0,2,0.07549732,0.07549732,1.0342475,0.0,0.09241711,0.0,0.0,5.3632004e-07,-27.54717,2.27539,0.7584633,0.14400001,0.0,0.18524247,15.500165,15.520165,2489600
hardzero_plus_depr__c0p50__z1p00__lam0p020__nu0p50__psi0p75,hardzero_plus_depr,0.06,38,778,0.0,2,0.07549732,0.075497374,0.998508,0.10034415,0.10034415,1.0,5.301534e-08,5.2833514e-07,-27.034912,2.1967614,0.7322538,0.16000001,0.0,0.16057962,15.520165,15.540166,2492800
hardzero_plus_depr__c0p50__z1p00__lam0p020__nu0p50__psi0p75,hardzero_plus_depr,0.06,38,779,0.0,2,0.075497374,0.075497374,1.0575426,0.0,0.08759059,0.0,0.0,5.2046903e-07,-27.232866,2.3266401,0.7755467,0.128,0.0,0.1490813,15.540166,15.560166,2496000
hardzero_plus_depr__c0p50__z1p00__lam0p020__nu0p50__psi0p75,hardzero_plus_depr,0.06,38,780,0.0,2,0.075497374,0.075497374,1.0089773,0.0,0.09795412,0.0,0.0,5.1272013e-07,-27.575148,2.2197943,0.73993146,0.14,0.0,0.14922793,15.560166,15.580167,2499200
hardzero_plus_depr__c0p50__z1p00__lam0p020__nu0p50__psi0p75,hardzero_plus_depr,0.06,38,781,0.0,2,0.075497374,0.075497374,1.0051303,0.0,0.098825656,0.0,0.0,5.050865e-07,-26.896,2.211331,0.7371103,0.112,0.0,0.14708456,15.580167,15.600167,2502400
hardzero_plus_depr__c0p50__z1p00__lam0p020__nu0p50__psi0p75,hardzero_plus_depr,0.06,38,782,0.0,2,0.075497374,0.075497374,1.075429,0.0,0.08405646,0.0,0.0,4.975666e-07,-28.227837,2.3659909,0.7886636,0.14400001,0.0,0.1714951,15.600167,15.620168,2505600
hardzero_plus_depr__c0p50__z1p00__lam0p020__nu0p50__psi0p75,hardzero_plus_depr,0.06,38,783,0.0,2,0.075497374,0.075497374,1.0004678,0.0,0.09989233,0.0,0.0,4.9015864e-07,-26.411974,2.201073,0.733691,0.128,0.0,0.17216772,15.620168,15.640168,2508800
hardzero_plus_depr__c0p50__z1p00__lam0p020__nu0p50__psi0p75,hardzero_plus_depr,0.06,38,784,0.0,2,0.075497374,0.075497374,1.0517477,0.0,0.08876715,0.0,0.0,4.8286097e-07,-27.310642,2.3138912,0.7712971,0.16800001,0.0,0.17222443,15.640168,15.660169,2512000
hardzero_plus_depr__c0p50__z1p00__lam0p020__nu0p50__psi0p75,hardzero_plus_depr,0.06,38,785,0.0,2,0.075497374,0.075497374,1.0618384,0.0,0.08672845,0.0,0.0,4.7567195e-07,-28.100468,2.336091,0.778697,0.120000005,0.0,0.15477781,15.660169,15.680169,2515200
hardzero_plus_depr__c0p50__z1p00__lam0p020__nu0p50__psi0p75,hardzero_plus_depr,0.06,38,786,0.0,2,0.075497374,0.075497374,1.033654,0.0,0.09254353,0.0,0.0,4.6858995e-07,-27.06773,2.274084,0.75802803,0.14400001,0.0,0.16252537,15.680169,15.70017,2518400
hardzero_plus_depr__c0p50__z1p00__lam0p020__nu0p50__psi0p75,hardzero_plus_depr,0.06,38,787,0.0,2,0.075497374,0.07549742,0.9845524,0.103620954,0.103620954,1.0,4.783282e-08,4.6161338e-07,-27.439857,2.1660585,0.72201955,0.2,0.0,0.16782373,15.70017,15.72017,2521600
hardzero_plus_depr__c0p50__z1p00__lam0p020__nu0p50__psi0p75,hardzero_plus_depr,0.06,38,788,0.0,2,0.07549742,0.07549742,1.0485295,0.0,0.08942739,0.0,0.0,4.5474067e-07,-26.784315,2.306811,0.76893705,0.080000006,0.0,0.1810292,15.72017,15.7401705,2524800
hardzero_plus_depr__c0p50__z1p00__lam0p020__nu0p50__psi0p75,hardzero_plus_depr,0.06,38,789,0.0,2,0.07549742,0.07549746,0.9662005,0.108093485,0.108093485,1.0,4.8422674e-08,4.4797034e-07,-26.332447,2.1256835,0.7085612,0.17600001,0.008,0.17189857,15.7401705,15.760171,2528000
hardzero_plus_depr__c0p50__z1p00__lam0p020__nu0p50__psi0p75,hardzero_plus_depr,0.06,38,790,0.0,2,0.07549746,0.07549746,1.0224104,0.0,0.09497068,0.0,0.0,4.4130078e-07,-27.429182,2.2493477,0.74978256,0.208,0.0,0.16917941,15.760171,15.780171,2531200
hardzero_plus_depr__c0p50__z1p00__lam0p020__nu0p50__psi0p75,hardzero_plus_depr,0.06,38,791,0.0,2,0.07549746,0.07549746,1.0417908,0.0,0.09082579,0.0,0.0,4.347305e-07,-27.082724,2.2919855,0.7639952,0.216,0.0,0.1612389,15.780171,15.800172,2534400
hardzero_plus_depr__c0p50__z1p00__lam0p020__nu0p50__psi0p75,hardzero_plus_depr,0.06,38,792,0.0,2,0.07549746,0.07549746,1.0209309,0.0,0.09529477,0.0,0.0,4.2825806e-07,-27.858236,2.2460928,0.74869764,0.192,0.0,0.13164042,15.800172,15.820172,2537600
hardzero_plus_depr__c0p50__z1p00__lam0p020__nu0p50__psi0p75,hardzero_plus_depr,0.06,38,793,0.0,2,0.07549746,0.07549751,0.9988358,0.10026844,0.10026844,1.0,4.2301444e-08,4.2188196e-07,-26.417788,2.1974826,0.73249424,0.12,0.0,0.15223502,15.820172,15.840173,2540800
hardzero_plus_depr__c0p50__z1p00__lam0p020__nu0p50__psi0p75,hardzero_plus_depr,0.06,38,794,0.0,2,0.07549751,0.07549751,1.047436,0.0,0.08965282,0.0,0.0,4.1560082e-07,-27.893084,2.3044052,0.7681351,0.08800001,0.0,0.1725243,15.840173,15.860173,2544000
hardzero_plus_depr__c0p50__z1p00__lam0p020__nu0p50__psi0p75,hardzero_plus_depr,0.06,38,795,0.0,2,0.07549751,0.075497545,0.9997919,0.10004793,0.10004793,1.0,4.096095e-08,4.0941325e-07,-26.714327,2.1995862,0.7331954,0.14400001,0.0,0.14545225,15.860173,15.880174,2547200
hardzero_plus_depr__c0p50__z1p00__lam0p020__nu0p50__psi0p75,hardzero_plus_depr,0.06,38,796,0.0,2,0.075497545,0.075497545,1.0344143,0.0,0.092381656,0.0,0.0,4.0331773e-07,-26.706757,2.2757568,0.75858563,0.2,0.0,0.16319202,15.880174,15.900174,2550400
hardzero_plus_depr__c0p50__z1p00__lam0p020__nu0p50__psi0p75,hardzero_plus_depr,0.06,38,797,0.0,2,0.075497545,0.075497545,1.0267318,0.0,0.09403037,0.0,0.0,3.9731293e-07,-27.914257,2.258855,0.75295174,0.208,0.0,0.16750178,15.900174,15.920175,2553600
hardzero_plus_depr__c0p50__z1p00__lam0p020__nu0p50__psi0p75,hardzero_plus_depr,0.06,38,798,0.0,2,0.075497545,0.07549758,0.9866782,0.103115,0.103115,1.0,4.0358962e-08,3.9139758e-07,-26.662897,2.1707354,0.72357845,0.136,0.0,0.15241453,15.920175,15.940175,2556800
hardzero_plus_depr__c0p50__z1p00__lam0p020__nu0p50__psi0p75,hardzero_plus_depr,0.06,38,799,0.0,2,0.07549758,0.07549758,1.0380474,0.0,0.09161204,0.0,0.0,3.8557033e-07,-27.258175,2.28375,0.76125,0.16000001,0.0,0.18105309,15.940175,15.9601755,2560000
hardzero_plus_depr__c0p50__z1p00__lam0p020__nu0p50__psi0p75,hardzero_plus_depr,0.06,38,800,0.0,2,0.07549758,0.07549758,1.000704,0.0,0.099838,0.0,0.0,3.798298e-07,-26.223804,2.201593,0.7338643,0.16000001,0.0,0.14878744,15.9601755,15.980176,2563200
hardzero_plus_depr__c0p50__z1p00__lam0p020__nu0p50__psi0p75,hardzero_plus_depr,0.06,38,801,0.0,2,0.07549758,0.07549758,1.0269663,0.0,0.09397961,0.0,0.0,3.7417473e-07,-28.03548,2.259371,0.7531237,0.15200001,0.0,0.1821672,15.980176,16.000175,2566400
hardzero_plus_depr__c0p50__z1p00__lam0p020__nu0p50__psi0p75,hardzero_plus_depr,0.06,38,802,0.0,2,0.07549758,0.07549758,1.0293536,0.0,0.09346442,0.0,0.0,3.6860422e-07,-27.60933,2.2646232,0.7548744,0.120000005,0.0,0.17739342,16.000175,16.020176,2569600
hardzero_plus_depr__c0p50__z1p00__lam0p020__nu0p50__psi0p75,hardzero_plus_depr,0.06,38,803,0.0,2,0.07549758,0.07549758,1.0228091,0.0,0.094883524,0.0,0.0,3.6311633e-07,-27.139568,2.250225,0.75007504,0.15200001,0.0,0.14911373,16.020176,16.040176,2572800
hardzero_plus_depr__c0p50__z1p00__lam0p020__nu0p50__psi0p75,hardzero_plus_depr,0.06,38,804,0.0,2,0.07549758,0.07549758,1.0026759,0.0,0.09938575,0.0,0.0,3.5771006e-07,-27.371819,2.205931,0.7353103,0.16800001,0.0,0.16738437,16.040176,16.060177,2576000
hardzero_plus_depr__c0p50__z1p00__lam0p020__nu0p50__psi0p75,hardzero_plus_depr,0.06,38,805,0.0,2,0.07549758,0.07549758,1.0378971,0.0,0.09164374,0.0,0.0,3.5238435e-07,-27.917389,2.2834191,0.76113975,0.096,0.0,0.16639169,16.060177,16.080177,2579200
hardzero_plus_depr__c0p50__z1p00__lam0p020__nu0p50__psi0p75,hardzero_plus_depr,0.06,38,806,0.0,2,0.07549758,0.07549758,1.037163,0.0,0.09179879,0.0,0.0,3.471379e-07,-26.924555,2.2818043,0.76060146,0.14999999,0.0,0.1869799,16.080177,16.100178,2582400
hardzero_plus_depr__c0p50__z1p00__lam0p020__nu0p50__psi0p75,hardzero_plus_depr,0.06,38,807,0.0,2,0.07549758,0.07549758,1.0248345,0.0,0.09444207,0.0,0.0,3.4196958e-07,-26.720839,2.2546809,0.75156033,0.16800001,0.0,0.15524194,16.100178,16.120178,2585600
hardzero_plus_depr__c0p50__z1p00__lam0p020__nu0p50__psi0p75,hardzero_plus_depr,0.06,38,808,0.0,2,0.07549758,0.07549762,0.9999311,0.10001585,0.10001585,1.0,3.369316e-08,3.368782e-07,-27.399462,2.1998923,0.73329747,0.15200001,0.0,0.16130717,16.120178,16.140179,2588800
hardzero_plus_depr__c0p50__z1p00__lam0p020__nu0p50__psi0p75,hardzero_plus_depr,0.06,38,809,0.0,2,0.07549762,0.07549762,1.0824975,0.0,0.08269944,0.0,0.0,3.3186262e-07,-28.796087,2.381542,0.7938473,0.17600001,0.0,0.18870829,16.140179,16.16018,2592000
hardzero_plus_depr__c0p50__z1p00__lam0p020__nu0p50__psi0p75,hardzero_plus_depr,0.06,38,810,0.0,2,0.07549762,0.07549762,1.067485,0.0,0.08560814,0.0,0.0,3.269217e-07,-27.566076,2.3485138,0.782838,0.15200001,0.0,0.17567408,16.16018,16.18018,2595200
hardzero_plus_depr__c0p50__z1p00__lam0p020__nu0p50__psi0p75,hardzero_plus_depr,0.06,38,811,0.0,2,0.07549762,0.07549762,1.0928516,0.0,0.08075109,0.0,0.0,3.2205438e-07,-28.286652,2.4043217,0.8014406,0.18400002,0.0,0.18207379,16.18018,16.20018,2598400
hardzero_plus_depr__c0p50__z1p00__lam0p020__nu0p50__psi0p75,hardzero_plus_depr,0.06,38,812,0.0,2,0.07549762,0.07549766,0.97322047,0.106360294,0.106360294,1.0,3.3743813e-08,3.172595e-07,-26.158733,2.1411278,0.7137093,0.18400002,0.0,0.14043482,16.20018,16.22018,2601600
hardzero_plus_depr__c0p50__z1p00__lam0p020__nu0p50__psi0p75,hardzero_plus_depr,0.06,38,813,0.0,2,0.07549766,0.075497694,0.9669166,0.107915394,0.107915394,1.0,3.372745e-08,3.1253603e-07,-25.98607,2.127259,0.70908636,0.2,0.0,0.15512279,16.22018,16.240181,2604800
hardzero_plus_depr__c0p50__z1p00__lam0p020__nu0p50__psi0p75,hardzero_plus_depr,0.06,38,814,0.0,2,0.075497694,0.07549773,0.94220555,0.11423375,0.11423375,1.0,3.517061e-08,3.0788286e-07,-26.03706,2.0728936,0.6909646,0.17600001,0.0,0.13406153,16.240181,16.260181,2608000
hardzero_plus_depr__c0p50__z1p00__lam0p020__nu0p50__psi0p75,hardzero_plus_depr,0.06,38,815,0.0,2,0.07549773,0.07549776,0.97203296,0.1066515,0.1066515,1.0,3.234729e-08,3.0329898e-07,-26.909481,2.1385152,0.7128384,0.224,0.0,0.15231879,16.260181,16.280182,2611200
hardzero_plus_depr__c0p50__z1p00__lam0p020__nu0p50__psi0p75,hardzero_plus_depr,0.06,38,816,0.0,2,0.07549776,0.07549779,0.96907395,0.10738065,0.10738065,1.0,3.208355e-08,2.9878333e-07,-26.251568,2.1320052,0.71066844,0.104,0.0,0.13584392,16.280182,16.300182,2614400
hardzero_plus_depr__c0p50__z1p00__lam0p020__nu0p50__psi0p75,hardzero_plus_depr,0.06,38,817,0.0,2,0.07549779,0.07549779,1.0180012,0.0,0.0959398,0.0,0.0,2.9433494e-07,-27.557898,2.2396474,0.7465491,0.112,0.0,0.15129225,16.300182,16.320183,2617600
hardzero_plus_depr__c0p50__z1p00__lam0p020__nu0p50__psi0p75,hardzero_plus_depr,0.06,38,818,0.0,2,0.07549779,0.07549779,1.0131321,0.0,0.09702149,0.0,0.0,2.8995277e-07,-26.88813,2.2289352,0.74297845,0.104,0.0,0.1371058,16.320183,16.340183,2620800
hardzero_plus_depr__c0p50__z1p00__lam0p020__nu0p50__psi0p75,hardzero_plus_depr,0.06,38,819,0.0,2,0.07549779,0.07549779,1.0059166,0.0,0.098646894,0.0,0.0,2.856358e-07,-27.126373,2.2130606,0.7376869,0.14,0.0,0.160064,16.340183,16.360184,2624000
hardzero_plus_depr__c0p50__z1p00__lam0p020__nu0p50__psi0p75,hardzero_plus_depr,0.06,38,820,0.0,2,0.07549779,0.07549779,1.0242137,0.0,0.09457718,0.0,0.0,2.8138317e-07,-27.514807,2.253315,0.751105,0.112,0.0,0.15855059,16.360184,16.380184,2627200
hardzero_plus_depr__c0p50__z1p00__lam0p020__nu0p50__psi0p75,hardzero_plus_depr,0.06,38,821,0.0,2,0.07549779,0.07549779,1.0169166,0.0,0.096179694,0.0,0.0,2.771938e-07,-27.252302,2.2372613,0.74575377,0.15200001,0.0,0.17117037,16.380184,16.400185,2630400
hardzero_plus_depr__c0p50__z1p00__lam0p020__nu0p50__psi0p75,hardzero_plus_depr,0.06,38,822,0.0,2,0.07549779,0.07549779,1.0736259,0.0,0.08440615,0.0,0.0,2.7306686e-07,-27.462402,2.362024,0.78734136,0.120000005,0.0,0.17192475,16.400185,16.420185,2633600
hardzero_plus_depr__c0p50__z1p00__lam0p020__nu0p50__psi0p75,hardzero_plus_depr,0.06,38,823,0.0,2,0.07549779,0.07549782,0.9915941,0.10195437,0.10195437,1.0,2.7425862e-08,2.6900133e-07,-26.942242,2.1815505,0.7271835,0.18400002,0.0,0.1421287,16.420185,16.440186,2636800
hardzero_plus_depr__c0p50__z1p00__lam0p020__nu0p50__psi0p75,hardzero_plus_depr,0.06,38,824,0.0,2,0.07549782,0.07549782,1.0072631,0.0,0.09834152,0.0,0.0,2.6499632e-07,-27.354551,2.216023,0.73867434,0.18400002,0.0,0.15440162,16.440186,16.460186,2640000
hardzero_plus_depr__c0p50__z1p00__lam0p020__nu0p50__psi0p75,hardzero_plus_depr,0.06,38,825,0.0,2,0.07549782,0.07549782,1.0691795,0.0,0.08527475,0.0,0.0,2.6105093e-07,-28.098665,2.352242,0.7840807,0.16000001,0.0,0.16687308,16.460186,16.480186,2643200
hardzero_plus_depr__c0p50__z1p00__lam0p020__nu0p50__psi0p75,hardzero_plus_depr,0.06,38,826,0.0,2,0.07549782,0.07549782,1.0317181,0.0,0.09295694,0.0,0.0,2.5716432e-07,-27.771742,2.2698252,0.7566084,0.136,0.0,0.16563587,16.480186,16.500187,2646400
hardzero_plus_depr__c0p50__z1p00__lam0p020__nu0p50__psi0p75,hardzero_plus_depr,0.06,38,827,0.0,2,0.07549782,0.07549782,1.0169185,0.0,0.09617926,0.0,0.0,2.5333554e-07,-26.883879,2.2372653,0.74575514,0.14400001,0.0,0.17718692,16.500187,16.520187,2649600
hardzero_plus_depr__c0p50__z1p00__lam0p020__nu0p50__psi0p75,hardzero_plus_depr,0.06,38,828,0.0,2,0.07549782,0.07549782,1.0256312,0.0,0.094268985,0.0,0.0,2.4956378e-07,-27.037529,2.2564337,0.7521446,0.2,0.0,0.163249,16.520187,16.540188,2652800
hardzero_plus_depr__c0p50__z1p00__lam0p020__nu0p50__psi0p75,hardzero_plus_depr,0.06,38,829,0.0,2,0.07549782,0.07549782,1.0506688,0.0,0.08898793,0.0,0.0,2.4584818e-07,-27.71936,2.3115175,0.77050585,0.112,0.0,0.14398062,16.540188,16.560188,2656000
hardzero_plus_depr__c0p50__z1p00__lam0p020__nu0p50__psi0p75,hardzero_plus_depr,0.06,38,830,0.0,2,0.07549782,0.07549784,0.98123735,0.10441495,0.10441495,1.0,2.528804e-08,2.4218792e-07,-27.691298,2.1587653,0.71958846,0.17600001,0.0,0.15758729,16.560188,16.580189,2659200
hardzero_plus_depr__c0p50__z1p00__lam0p020__nu0p50__psi0p75,hardzero_plus_depr,0.06,38,831,0.0,2,0.07549784,0.07549784,1.0359106,0.0,0.09206391,0.0,0.0,2.3858212e-07,-27.576307,2.279049,0.759683,0.14400001,0.0,0.15991652,16.580189,16.60019,2662400
hardzero_plus_depr__c0p50__z1p00__lam0p020__nu0p50__psi0p75,hardzero_plus_depr,0.06,38,832,0.0,2,0.07549784,0.07549784,1.0280703,0.0,0.093741015,0.0,0.0,2.3503e-07,-27.509052,2.2617998,0.7539333,0.19999999,0.0,0.18126999,16.60019,16.62019,2665600
hardzero_plus_depr__c0p50__z1p00__lam0p020__nu0p50__psi0p75,hardzero_plus_depr,0.06,38,833,0.0,2,0.07549784,0.07549784,1.0114415,0.0,0.0973999,0.0,0.0,2.3153078e-07,-28.12766,2.2252157,0.74173856,0.14400001,0.0,0.16842127,16.62019,16.64019,2668800
hardzero_plus_depr__c0p50__z1p00__lam0p020__nu0p50__psi0p75,hardzero_plus_depr,0.06,38,834,0.0,2,0.07549784,0.07549784,1.0187087,0.0,0.09578363,0.0,0.0,2.2808366e-07,-26.694853,2.241204,0.74706805,0.17600001,0.0,0.1569132,16.64019,16.66019,2672000
hardzero_plus_depr__c0p50__z1p00__lam0p020__nu0p50__psi0p75,hardzero_plus_depr,0.06,38,835,0.0,2,0.07549784,0.07549784,1.0187781,0.0,0.09576833,0.0,0.0,2.2468785e-07,-27.007187,2.2413566,0.7471189,0.120000005,0.0,0.16208923,16.66019,16.680191,2675200
hardzero_plus_depr__c0p50__z1p00__lam0p020__nu0p50__psi0p75,hardzero_plus_depr,0.06,38,836,0.0,2,0.07549784,0.07549784,1.0535965,0.0,0.088390075,0.0,0.0,2.2134262e-07,-27.617556,2.3179586,0.77265286,0.120000005,0.0,0.16389951,16.680191,16.700191,2678400
hardzero_plus_depr__c0p50__z1p00__lam0p020__nu0p50__psi0p75,hardzero_plus_depr,0.06,38,837,0.0,2,0.07549784,0.075497866,0.951795,0.11173907,0.11173907,1.0,2.436439e-08,2.1804719e-07,-26.002533,2.0939908,0.697997,0.192,0.0,0.13880448,16.700191,16.720192,2681600
hardzero_plus_depr__c0p50__z1p00__lam0p020__nu0p50__psi0p75,hardzero_plus_depr,0.06,38,838,0.0,2,0.075497866,0.075497866,1.0827737,0.0,0.082646854,0.0,0.0,2.1480082e-07,-28.695665,2.3821497,0.7940499,0.16000001,0.0,0.18891497,16.720192,16.740192,2684800
hardzero_plus_depr__c0p50__z1p00__lam0p020__nu0p50__psi0p75,hardzero_plus_depr,0.06,38,839,0.0,2,0.075497866,0.07549789,0.9799693,0.10472024,0.10472024,1.0,2.2159094e-08,2.1160278e-07,-26.743433,2.1559756,0.71865857,0.18400002,0.0,0.15534015,16.740192,16.760193,2688000
hardzero_plus_depr__c0p50__z1p00__lam0p020__nu0p50__psi0p75,hardzero_plus_depr,0.06,38,840,0.0,2,0.07549789,0.07549791,0.98853415,0.10267526,0.10267526,1.0,2.1402897e-08,2.0845233e-07,-26.956936,2.1748185,0.7249395,0.224,0.0,0.15258357,16.760193,16.780193,2691200
hardzero_plus_depr__c0p50__z1p00__lam0p020__nu0p50__psi0p75,hardzero_plus_depr,0.06,38,841,0.0,2,0.07549791,0.07549791,1.0573744,0.0,0.08762451,0.0,0.0,2.0534883e-07,-27.425331,2.32627,0.7754234,0.16800001,0.0,0.15848699,16.780193,16.800194,2694400
hardzero_plus_depr__c0p50__z1p00__lam0p020__nu0p50__psi0p75,hardzero_plus_depr,0.06,38,842,0.0,2,0.07549791,0.07549791,1.0213001,0.0,0.09521379,0.0,0.0,2.022915e-07,-27.05011,2.246905,0.74896836,0.112,0.0,0.14568937,16.800194,16.820194,2697600
hardzero_plus_depr__c0p50__z1p00__lam0p020__nu0p50__psi0p75,hardzero_plus_depr,0.06,38,843,0.0,2,0.07549791,0.07549793,0.9954567,0.10105162,0.10105162,1.0,2.0137538e-08,1.9927971e-07,-26.32834,2.1900485,0.7300162,0.104,0.0,0.15465978,16.820194,16.840195,2700800
hardzero_plus_depr__c0p50__z1p00__lam0p020__nu0p50__psi0p75,hardzero_plus_depr,0.06,38,844,0.0,2,0.07549793,0.07549793,1.0366783,0.0,0.0919013,0.0,0.0,1.9631277e-07,-26.86379,2.2807379,0.760246,0.2,0.0,0.17336704,16.840195,16.860195,2704000
hardzero_plus_depr__c0p50__z1p00__lam0p020__nu0p50__psi0p75,hardzero_plus_depr,0.06,38,845,0.0,2,0.07549793,0.07549793,1.0314913,0.0,0.093005516,0.0,0.0,1.9338997e-07,-26.228882,2.2693262,0.75644207,0.19,0.0,0.14899243,16.860195,16.880196,2707200
hardzero_plus_depr__c0p50__z1p00__lam0p020__nu0p50__psi0p75,hardzero_plus_depr,0.06,38,846,0.0,2,0.07549793,0.07549793,1.0192814,0.0,0.0956574,0.0,0.0,1.9051069e-07,-27.837914,2.2424638,0.74748796,0.15200001,0.0,0.19227122,16.880196,16.900196,2710400
hardzero_plus_depr__c0p50__z1p00__lam0p020__nu0p50__psi0p75,hardzero_plus_depr,0.06,38,847,0.0,2,0.07549793,0.07549793,1.0308752,0.0,0.09313754,0.0,0.0,1.8767432e-07,-27.350786,2.2679708,0.75599027,0.16800001,0.0,0.16315243,16.900196,16.920197,2713600
hardzero_plus_depr__c0p50__z1p00__lam0p020__nu0p50__psi0p75,hardzero_plus_depr,0.06,38,848,0.0,2,0.07549793,0.07549793,1.0446501,0.0,0.09022979,0.0,0.0,1.8488014e-07,-27.79523,2.298276,0.766092,0.136,0.0,0.1780108,16.920197,16.940197,2716800
hardzero_plus_depr__c0p50__z1p00__lam0p020__nu0p50__psi0p75,hardzero_plus_depr,0.06,38,849,0.0,2,0.07549793,0.07549793,1.0003489,0.0,0.099919684,0.0,0.0,1.8212758e-07,-26.941607,2.2008116,0.7336039,0.120000005,0.0,0.13974406,16.940197,16.960197,2720000
hardzero_plus_depr__c0p50__z1p00__lam0p020__nu0p50__psi0p75,hardzero_plus_depr,0.06,38,850,0.0,2,0.07549793,0.07549793,1.0250114,0.0,0.094403595,0.0,0.0,1.7941598e-07,-27.68149,2.2550702,0.7516901,0.14400001,0.0,0.17767693,16.960197,16.980198,2723200
hardzero_plus_depr__c0p50__z1p00__lam0p020__nu0p50__psi0p75,hardzero_plus_depr,0.06,38,851,0.0,2,0.07549793,0.07549793,1.0027122,0.0,0.09937743,0.0,0.0,1.7674476e-07,-26.770298,2.206011,0.735337,0.15200001,0.0,0.15449843,16.980198,17.000198,2726400
hardzero_plus_depr__c0p50__z1p00__lam0p020__nu0p50__psi0p75,hardzero_plus_depr,0.06,38,852,0.0,2,0.07549793,0.07549793,1.0005382,0.0,0.09987614,0.0,0.0,1.7411331e-07,-26.306044,2.2012281,0.7337427,0.15200001,0.0,0.13252898,17.000198,17.020199,2729600
hardzero_plus_depr__c0p50__z1p00__lam0p020__nu0p50__psi0p75,hardzero_plus_depr,0.06,38,853,0.0,2,0.07549793,0.07549793,1.0429988,0.0,0.09057351,0.0,0.0,1.7152105e-07,-27.287134,2.2946432,0.7648811,0.16800001,0.0,0.14872028,17.020199,17.0402,2732800
hardzero_plus_depr__c0p50__z1p00__lam0p020__nu0p50__psi0p75,hardzero_plus_depr,0.06,38,854,0.0,2,0.07549793,0.07549793,1.0179949,0.0,0.09594119,0.0,0.0,1.6896738e-07,-27.37925,2.2396336,0.74654454,0.192,0.0,0.17006439,17.0402,17.0602,2736000
hardzero_plus_depr__c0p50__z1p00__lam0p020__nu0p50__psi0p75,hardzero_plus_depr,0.06,38,855,0.0,2,0.07549793,0.07549793,1.0087229,0.0,0.0980115,0.0,0.0,1.6645171e-07,-26.515396,2.2192347,0.7397449,0.136,0.0,0.19099759,17.0602,17.0802,2739200
hardzero_plus_depr__c0p50__z1p00__lam0p020__nu0p50__psi0p75,hardzero_plus_depr,0.06,38,856,0.0,2,0.07549793,0.07549795,0.9579166,0.110175066,0.110175066,1.0,1.8065794e-08,1.6397352e-07,-26.534164,2.1074586,0.7024862,0.136,0.0,0.14916426,17.0802,17.1002,2742400
hardzero_plus_depr__c0p50__z1p00__lam0p020__nu0p50__psi0p75,hardzero_plus_depr,0.06,38,857,0.0,2,0.07549795,0.07549796,0.99250305,0.101741225,0.101741225,1.0,1.6434486e-08,1.6153221e-07,-25.809572,2.1835504,0.72785014,0.120000005,0.0,0.14791676,17.1002,17.120201,2745600
hardzero_plus_depr__c0p50__z1p00__lam0p020__nu0p50__psi0p75,hardzero_plus_depr,0.06,38,858,0.0,2,0.07549796,0.07549796,1.025437,0.0,0.09431113,0.0,0.0,1.5912727e-07,-27.580013,2.2560065,0.7520022,0.11,0.0,0.17150241,17.120201,17.140202,2748800
hardzero_plus_depr__c0p50__z1p00__lam0p020__nu0p50__psi0p75,hardzero_plus_depr,0.06,38,859,0.0,2,0.07549796,0.07549796,1.0064634,0.0,0.09852276,0.0,0.0,1.567581e-07,-26.851725,2.2142637,0.7380879,0.14400001,0.0,0.17978966,17.140202,17.160202,2752000
hardzero_plus_depr__c0p50__z1p00__lam0p020__nu0p50__psi0p75,hardzero_plus_depr,0.06,38,860,0.0,2,0.07549796,0.07549798,0.9782362,0.10513899,0.10513899,1.0,1.6236006e-08,1.5442423e-07,-26.408583,2.1521626,0.71738756,0.18400002,0.0,0.14786477,17.160202,17.180202,2755200
hardzero_plus_depr__c0p50__z1p00__lam0p020__nu0p50__psi0p75,hardzero_plus_depr,0.06,38,861,0.0,2,0.07549798,0.07549798,1.0635554,0.0,0.086386256,0.0,0.0,1.521251e-07,-27.646093,2.3398685,0.7799562,0.14400001,0.0,0.18858108,17.180202,17.200203,2758400
hardzero_plus_depr__c0p50__z1p00__lam0p020__nu0p50__psi0p75,hardzero_plus_depr,0.06,38,862,0.0,2,0.07549798,0.07549798,1.0133245,0.0,0.09697849,0.0,0.0,1.4986021e-07,-27.038103,2.2293584,0.7431195,0.208,0.0,0.19755162,17.200203,17.220203,2761600
hardzero_plus_depr__c0p50__z1p00__lam0p020__nu0p50__psi0p75,hardzero_plus_depr,0.06,38,863,0.0,2,0.07549798,0.07549798,1.0198356,0.0,0.09553541,0.0,0.0,1.4762904e-07,-28.374716,2.243683,0.7478944,0.192,0.0,0.16449319,17.220203,17.240204,2764800
hardzero_plus_depr__c0p50__z1p00__lam0p020__nu0p50__psi0p75,hardzero_plus_depr,0.06,38,864,0.0,2,0.07549798,0.07549798,1.0306562,0.0,0.093184516,0.0,0.0,1.4543106e-07,-28.301601,2.267489,0.7558297,0.104,0.0,0.151468,17.240204,17.260204,2768000
hardzero_plus_depr__c0p50__z1p00__lam0p020__nu0p50__psi0p75,hardzero_plus_depr,0.06,38,865,0.0,2,0.07549798,0.07549799,0.9820652,0.1042161,0.1042161,1.0,1.4930606e-08,1.4326584e-07,-26.245747,2.1605866,0.72019553,0.216,0.0,0.14229976,17.260204,17.280205,2771200
hardzero_plus_depr__c0p50__z1p00__lam0p020__nu0p50__psi0p75,hardzero_plus_depr,0.06,38,866,0.0,2,0.07549799,0.07549801,0.9869615,0.10304776,0.10304776,1.0,1.4543422e-08,1.4113283e-07,-26.437134,2.1713586,0.72378623,0.24000001,0.008,0.17736095,17.280205,17.300205,2774400
hardzero_plus_depr__c0p50__z1p00__lam0p020__nu0p50__psi0p75,hardzero_plus_depr,0.06,38,867,0.0,2,0.07549801,0.07549801,1.0274127,0.0,0.09388309,0.0,0.0,1.390316e-07,-26.969717,2.260353,0.75345105,0.18400002,0.0,0.15301491,17.300205,17.320206,2777600
hardzero_plus_depr__c0p50__z1p00__lam0p020__nu0p50__psi0p75,hardzero_plus_depr,0.06,38,868,0.0,2,0.07549801,0.07549801,1.0002799,0.0,0.09993557,0.0,0.0,1.3696163e-07,-26.888288,2.2006598,0.7335533,0.16800001,0.0,0.14002863,17.320206,17.340206,2780800
hardzero_plus_depr__c0p50__z1p00__lam0p020__nu0p50__psi0p75,hardzero_plus_depr,0.06,38,869,0.0,2,0.07549801,0.07549801,1.0115972,0.0,0.097365,0.0,0.0,1.3492249e-07,-26.946104,2.2255583,0.74185276,0.15200001,0.0,0.14139232,17.340206,17.360207,2784000
hardzero_plus_depr__c0p50__z1p00__lam0p020__nu0p50__psi0p75,hardzero_plus_depr,0.06,38,870,0.0,2,0.07549801,0.07549801,1.029156,0.0,0.09350698,0.0,0.0,1.3291371e-07,-27.631676,2.2641883,0.75472945,0.14400001,0.0,0.17015249,17.360207,17.380207,2787200
hardzero_plus_depr__c0p50__z1p00__lam0p020__nu0p50__psi0p75,hardzero_plus_depr,0.06,38,871,0.0,2,0.07549801,0.07549801,1.0080094,0.0,0.09817266,0.0,0.0,1.3093485e-07,-27.007114,2.217665,0.7392217,0.12,0.0,0.16068053,17.380207,17.400208,2790400
hardzero_plus_depr__c0p50__z1p00__lam0p020__nu0p50__psi0p75,hardzero_plus_depr,0.06,38,872,0.0,2,0.07549801,0.07549801,1.0425115,0.0,0.09067519,0.0,0.0,1.2898543e-07,-28.69001,2.293571,0.7645237,0.080000006,0.0,0.16757546,17.400208,17.420208,2793600
hardzero_plus_depr__c0p50__z1p00__lam0p020__nu0p50__psi0p75,hardzero_plus_depr,0.06,38,873,0.0,2,0.07549801,0.07549801,1.0241985,0.0,0.094580464,0.0,0.0,1.2706505e-07,-27.038912,2.2532818,0.751094,0.192,0.0,0.18581931,17.420208,17.440208,2796800
hardzero_plus_depr__c0p50__z1p00__lam0p020__nu0p50__psi0p75,hardzero_plus_depr,0.06,38,874,0.0,2,0.07549801,0.07549801,1.0408254,0.0,0.091027915,0.0,0.0,1.2517324e-07,-28.178059,2.2898614,0.7632872,0.15200001,0.0,0.15888064,17.440208,17.460209,2800000
hardzero_plus_depr__c0p50__z1p00__lam0p020__nu0p50__psi0p75,hardzero_plus_depr,0.06,38,875,0.0,2,0.07549801,0.07549801,1.0273634,0.0,0.09389372,0.0,0.0,1.2330962e-07,-27.197037,2.2602446,0.75341487,0.15200001,0.0,0.17108396,17.460209,17.48021,2803200
hardzero_plus_depr__c0p50__z1p00__lam0p020__nu0p50__psi0p75,hardzero_plus_depr,0.06,38,876,0.0,2,0.07549801,0.07549801,1.0413129,0.0,0.090925775,0.0,0.0,1.2147375e-07,-28.112469,2.290934,0.7636447,0.16800001,0.0,0.17301446,17.48021,17.50021,2806400
hardzero_plus_depr__c0p50__z1p00__lam0p020__nu0p50__psi0p75,hardzero_plus_depr,0.06,38,877,0.0,2,0.07549801,0.07549802,0.98224956,0.10417186,0.10417186,1.0,1.2465747e-08,1.196652e-07,-26.551348,2.1609921,0.7203307,0.16000001,0.0,0.17815772,17.50021,17.52021,2809600
hardzero_plus_depr__c0p50__z1p00__lam0p020__nu0p50__psi0p75,hardzero_plus_depr,0.06,38,878,0.0,2,0.07549802,0.07549802,1.0511556,0.0,0.088888265,0.0,0.0,1.17883566e-07,-28.185743,2.3125885,0.7708628,0.128,0.0,0.16572876,17.52021,17.54021,2812800
hardzero_plus_depr__c0p50__z1p00__lam0p020__nu0p50__psi0p75,hardzero_plus_depr,0.06,38,879,0.0,2,0.07549802,0.07549802,1.0215693,0.0,0.095154814,0.0,0.0,1.16128454e-07,-27.82853,2.2474973,0.7491658,0.18400002,0.0,0.17669705,17.54021,17.560211,2816000
hardzero_plus_depr__c0p50__z1p00__lam0p020__nu0p50__psi0p75,hardzero_plus_depr,0.06,38,880,0.0,2,0.07549802,0.07549802,1.0256687,0.0,0.094260834,0.0,0.0,1.143995e-07,-26.858816,2.2565162,0.7521721,0.120000005,0.0,0.14776441,17.560211,17.580212,2819200
hardzero_plus_depr__c0p50__z1p00__lam0p020__nu0p50__psi0p75,hardzero_plus_depr,0.06,38,881,0.0,2,0.07549802,0.07549804,0.9896421,0.10241366,0.10241366,1.0,1.1541639e-08,1.1269628e-07,-25.4131,2.177256,0.72575206,0.16800001,0.0,0.16494326,17.580212,17.600212,2822400
hardzero_plus_depr__c0p50__z1p00__lam0p020__nu0p50__psi0p75,hardzero_plus_depr,0.06,38,882,0.0,2,0.07549804,0.07549804,1.0540422,0.0,0.08829939,0.0,0.0,1.1101841e-07,-27.88375,2.3189392,0.77297974,0.16000001,0.0,0.15785484,17.600212,17.620213,2825600
hardzero_plus_depr__c0p50__z1p00__lam0p020__nu0p50__psi0p75,hardzero_plus_depr,0.06,38,883,0.0,2,0.07549804,0.07549804,1.0321213,0.0,0.0928707,0.0,0.0,1.0936552e-07,-27.35502,2.2707121,0.75690407,0.16000001,0.0,0.13448092,17.620213,17.640213,2828800
hardzero_plus_depr__c0p50__z1p00__lam0p020__nu0p50__psi0p75,hardzero_plus_depr,0.06,38,884,0.0,2,0.07549804,0.07549804,1.0961664,0.0,0.080137104,0.0,0.0,1.0773725e-07,-28.690971,2.4116142,0.8038714,0.21,0.0,0.18427725,17.640213,17.660213,2832000
hardzero_plus_depr__c0p50__z1p00__lam0p020__nu0p50__psi0p75,hardzero_plus_depr,0.06,38,885,0.0,2,0.07549804,0.07549804,1.0147041,0.0,0.09667093,0.0,0.0,1.0613321e-07,-27.535042,2.2323935,0.7441312,0.16800001,0.0,0.18344033,17.660213,17.680214,2835200
hardzero_plus_depr__c0p50__z1p00__lam0p020__nu0p50__psi0p75,hardzero_plus_depr,0.06,38,886,0.0,2,0.07549804,0.07549804,1.1088951,0.0,0.07782246,0.0,0.0,1.0455306e-07,-28.13914,2.4396179,0.81320596,0.14400001,0.0,0.1826966,17.680214,17.700214,2838400
hardzero_plus_depr__c0p50__z1p00__lam0p020__nu0p50__psi0p75,hardzero_plus_depr,0.06,38,887,0.0,2,0.07549804,0.07549804,1.0378871,0.0,0.09164587,0.0,0.0,1.0299643e-07,-26.868069,2.2833972,0.7611324,0.208,0.0,0.1804043,17.700214,17.720215,2841600
hardzero_plus_depr__c0p50__z1p00__lam0p020__nu0p50__psi0p75,hardzero_plus_depr,0.06,38,888,0.0,2,0.07549804,0.07549804,1.062741,0.0,0.08654837,0.0,0.0,1.0146297e-07,-28.17757,2.338077,0.77935904,0.120000005,0.0,0.17515053,17.720215,17.740215,2844800
hardzero_plus_depr__c0p50__z1p00__lam0p020__nu0p50__psi0p75,hardzero_plus_depr,0.06,38,889,0.0,2,0.07549804,0.07549804,1.0621887,0.0,0.086658515,0.0,0.0,9.9952366e-08,-28.070126,2.3368618,0.77895397,0.2,0.0,0.16695112,17.740215,17.760216,2848000
hardzero_plus_depr__c0p50__z1p00__lam0p020__nu0p50__psi0p75,hardzero_plus_depr,0.06,38,890,0.0,2,0.07549804,0.075498044,0.9980207,0.100456774,0.100456774,1.0,9.891398e-09,9.846422e-08,-26.748623,2.1956894,0.7318965,0.224,0.008,0.17430043,17.760216,17.780216,2851200
hardzero_plus_depr__c0p50__z1p00__lam0p020__nu0p50__psi0p75,hardzero_plus_depr,0.06,38,891,0.0,2,0.075498044,0.075498044,1.06238,0.0,0.08662035,0.0,0.0,9.699825e-08,-28.157772,2.3372827,0.7790942,0.136,0.0,0.21365166,17.780216,17.800217,2854400
hardzero_plus_depr__c0p50__z1p00__lam0p020__nu0p50__psi0p75,hardzero_plus_depr,0.06,38,892,0.0,2,0.075498044,0.075498044,1.0618194,0.0,0.08673224,0.0,0.0,9.55541e-08,-28.69002,2.3360493,0.7786831,0.120000005,0.0,0.20326865,17.800217,17.820217,2857600
hardzero_plus_depr__c0p50__z1p00__lam0p020__nu0p50__psi0p75,hardzero_plus_depr,0.06,38,893,0.0,2,0.075498044,0.075498044,1.0208013,0.0,0.095323205,0.0,0.0,9.413146e-08,-27.212328,2.2458076,0.74860257,0.15200001,0.0,0.14916697,17.820217,17.840218,2860800
hardzero_plus_depr__c0p50__z1p00__lam0p020__nu0p50__psi0p75,hardzero_plus_depr,0.06,38,894,0.0,2,0.075498044,0.075498044,1.0824337,0.0,0.08271158,0.0,0.0,9.272999e-08,-27.703972,2.3814018,0.7938006,0.136,0.0,0.15198787,17.840218,17.860218,2864000
hardzero_plus_depr__c0p50__z1p00__lam0p020__nu0p50__psi0p75,hardzero_plus_depr,0.06,38,895,0.0,2,0.075498044,0.075498044,1.0163498,0.0,0.0963053,0.0,0.0,9.1349385e-08,-26.796719,2.2360141,0.7453381,0.136,0.0,0.13278168,17.860218,17.880219,2867200
hardzero_plus_depr__c0p50__z1p00__lam0p020__nu0p50__psi0p75,hardzero_plus_depr,0.06,38,896,0.0,2,0.075498044,0.075498044,1.0355455,0.0,0.09214134,0.0,0.0,8.998934e-08,-27.096828,2.2782454,0.75941515,0.224,0.016,0.1843908,17.880219,17.900219,2870400
hardzero_plus_depr__c0p50__z1p00__lam0p020__nu0p50__psi0p75,hardzero_plus_depr,0.06,38,897,0.0,2,0.075498044,0.07549805,0.9875027,0.10291942,0.10291942,1.0,9.1237595e-09,8.864954e-08,-26.866463,2.1725492,0.7241831,0.16,0.0,0.15805092,17.900219,17.92022,2873600
hardzero_plus_depr__c0p50__z1p00__lam0p020__nu0p50__psi0p75,hardzero_plus_depr,0.06,38,898,0.0,2,0.07549805,0.07549805,1.0158609,0.0,0.09641376,0.0,0.0,8.7329695e-08,-26.96452,2.2349386,0.74497956,0.192,0.0,0.16221192,17.92022,17.94022,2876800
hardzero_plus_depr__c0p50__z1p00__lam0p020__nu0p50__psi0p75,hardzero_plus_depr,0.06,38,899,0.0,2,0.07549805,0.07549805,1.0128902,0.0,0.09707554,0.0,0.0,8.6029495e-08,-26.80097,2.228403,0.7428011,0.120000005,0.0,0.14966185,17.94022,17.96022,2880000
hardzero_plus_depr__c0p50__z1p00__lam0p020__nu0p50__psi0p75,hardzero_plus_depr,0.06,38,900,0.0,2,0.07549805,0.07549805,1.061344,0.0,0.086827226,0.0,0.0,8.474865e-08,-27.341928,2.3350034,0.7783345,0.15200001,0.0,0.15324524,17.96022,17.98022,2883200
hardzero_plus_depr__c0p50__z1p00__lam0p020__nu0p50__psi0p75,hardzero_plus_depr,0.06,38,901,0.0,2,0.07549805,0.07549805,1.0044521,0.0,0.09898011,0.0,0.0,8.3486874e-08,-27.78577,2.2098389,0.736613,0.128,0.0,0.15703362,17.98022,18.000221,2886400
hardzero_plus_depr__c0p50__z1p00__lam0p020__nu0p50__psi0p75,hardzero_plus_depr,0.06,38,902,0.0,2,0.07549805,0.07549805,1.0208564,0.0,0.09531112,0.0,0.0,8.22439e-08,-27.430527,2.2459288,0.7486429,0.16800001,0.0,0.1857441,18.000221,18.020222,2889600
hardzero_plus_depr__c0p50__z1p00__lam0p020__nu0p50__psi0p75,hardzero_plus_depr,0.06,38,903,0.0,2,0.07549805,0.07549806,0.9703384,0.107068464,0.107068464,1.0,8.674625e-09,8.1019415e-08,-26.326387,2.134787,0.7115957,0.18400002,0.0,0.14944676,18.020222,18.040222,2892800
hardzero_plus_depr__c0p50__z1p00__lam0p020__nu0p50__psi0p75,hardzero_plus_depr,0.06,38,904,0.0,2,0.07549806,0.07549807,0.9882722,0.10273721,0.10273721,1.0,8.199781e-09,7.9813155e-08,-27.090967,2.1742423,0.7247474,0.15200001,0.0,0.16542956,18.040222,18.060223,2896000
hardzero_plus_depr__c0p50__z1p00__lam0p020__nu0p50__psi0p75,hardzero_plus_depr,0.06,38,905,0.0,2,0.07549807,0.07549807,1.049667,0.0,0.08919346,0.0,0.0,7.862488e-08,-27.831465,2.3093135,0.7697712,0.14400001,0.0,0.16208993,18.060223,18.080223,2899200
hardzero_plus_depr__c0p50__z1p00__lam0p020__nu0p50__psi0p75,hardzero_plus_depr,0.06,38,906,0.0,2,0.07549807,0.075498074,0.9895966,0.102424376,0.102424376,1.0,7.933206e-09,7.7454274e-08,-26.889622,2.177156,0.7257187,0.192,0.0,0.1520711,18.080223,18.100224,2902400
hardzero_plus_depr__c0p50__z1p00__lam0p020__nu0p50__psi0p75,hardzero_plus_depr,0.06,38,907,0.0,2,0.075498074,0.075498074,1.0377737,0.0,0.09166979,0.0,0.0,7.6301106e-08,-27.047695,2.2831478,0.7610493,0.216,0.0,0.16682068,18.100224,18.120224,2905600
hardzero_plus_depr__c0p50__z1p00__lam0p020__nu0p50__psi0p75,hardzero_plus_depr,0.06,38,908,0.0,2,0.075498074,0.075498074,1.086407,0.0,0.081958316,0.0,0.0,7.5165104e-08,-28.296576,2.390143,0.7967143,0.15200001,0.0,0.1717114,18.120224,18.140224,2908800
hardzero_plus_depr__c0p50__z1p00__lam0p020__nu0p50__psi0p75,hardzero_plus_depr,0.06,38,909,0.0,2,0.075498074,0.075498074,1.0199944,0.0,0.095500484,0.0,0.0,7.4046014e-08,-27.158407,2.2440324,0.7480108,0.17600001,0.0,0.14827943,18.140224,18.160225,2912000
hardzero_plus_depr__c0p50__z1p00__lam0p020__nu0p50__psi0p75,hardzero_plus_depr,0.06,38,910,0.0,2,0.075498074,0.075498074,1.0175365,0.0,0.09604251,0.0,0.0,7.294359e-08,-26.55239,2.238625,0.74620837,0.12,0.0,0.13291045,18.160225,18.180225,2915200
hardzero_plus_depr__c0p50__z1p00__lam0p020__nu0p50__psi0p75,hardzero_plus_depr,0.06,38,911,0.0,2,0.075498074,0.075498074,1.015797,0.0,0.09642795,0.0,0.0,7.185758e-08,-27.408201,2.234798,0.74493265,0.16000001,0.0,0.16308728,18.180225,18.200226,2918400
hardzero_plus_depr__c0p50__z1p00__lam0p020__nu0p50__psi0p75,hardzero_plus_depr,0.06,38,912,0.0,2,0.075498074,0.075498074,1.0177565,0.0,0.095993884,0.0,0.0,7.0787735e-08,-26.94747,2.239109,0.7463697,0.14400001,0.0,0.15489082,18.200226,18.220226,2921600
hardzero_plus_depr__c0p50__z1p00__lam0p020__nu0p50__psi0p75,hardzero_plus_depr,0.06,38,913,0.0,2,0.075498074,0.075498074,1.0126866,0.0,0.09712105,0.0,0.0,6.9733815e-08,-26.895111,2.227955,0.7426517,0.17600001,0.0,0.16093817,18.220226,18.240227,2924800
hardzero_plus_depr__c0p50__z1p00__lam0p020__nu0p50__psi0p75,hardzero_plus_depr,0.06,38,914,0.0,2,0.075498074,0.075498074,1.0673785,0.0,0.08562912,0.0,0.0,6.869559e-08,-28.050377,2.3482797,0.7827599,0.120000005,0.0,0.15917026,18.240227,18.260227,2928000
hardzero_plus_depr__c0p50__z1p00__lam0p020__nu0p50__psi0p75,hardzero_plus_depr,0.06,38,915,0.0,2,0.075498074,0.075498074,1.0049238,0.0,0.098872654,0.0,0.0,6.767282e-08,-26.76472,2.2108765,0.73695886,0.17600001,0.0,0.14109644,18.260227,18.280228,2931200
hardzero_plus_depr__c0p50__z1p00__lam0p020__nu0p50__psi0p75,hardzero_plus_depr,0.06,38,916,0.0,2,0.075498074,0.07549808,0.96862334,0.107492134,0.107492134,1.0,7.165994e-09,6.666529e-08,-26.041513,2.1310139,0.710338,0.18400002,0.0,0.1468132,18.280228,18.300228,2934400
hardzero_plus_depr__c0p50__z1p00__lam0p020__nu0p50__psi0p75,hardzero_plus_depr,0.06,38,917,0.0,2,0.07549808,0.07549808,1.0301604,0.0,0.09329095,0.0,0.0,6.567275e-08,-27.981487,2.2663982,0.7554661,0.192,0.0,0.17158812,18.300228,18.320229,2937600
hardzero_plus_depr__c0p50__z1p00__lam0p020__nu0p50__psi0p75,hardzero_plus_depr,0.06,38,918,0.0,2,0.07549808,0.07549808,1.062182,0.0,0.08665987,0.0,0.0,6.469498e-08,-28.334232,2.3368468,0.77894896,0.16800001,0.0,0.19492969,18.320229,18.340229,2940800
hardzero_plus_depr__c0p50__z1p00__lam0p020__nu0p50__psi0p75,hardzero_plus_depr,0.06,38,919,0.0,2,0.07549808,0.07549808,1.0058558,0.0,0.09866069,0.0,0.0,6.373178e-08,-27.20126,2.2129269,0.7376423,0.120000005,0.0,0.13722947,18.340229,18.36023,2944000
hardzero_plus_depr__c0p50__z1p00__lam0p020__nu0p50__psi0p75,hardzero_plus_depr,0.06,38,920,0.0,2,0.07549808,0.07549808,1.0831867,0.0,0.08256829,0.0,0.0,6.278292e-08,-28.408998,2.3830585,0.7943529,0.128,0.0,0.20168893,18.36023,18.38023,2947200
hardzero_plus_depr__c0p50__z1p00__lam0p020__nu0p50__psi0p75,hardzero_plus_depr,0.06,38,921,0.0,2,0.07549808,0.07549809,0.98080975,0.1045178,0.1045178,1.0,6.4642354e-09,6.1848176e-08,-26.308163,2.1578245,0.7192749,0.17600001,0.0,0.14738332,18.38023,18.40023,2950400
hardzero_plus_depr__c0p50__z1p00__lam0p020__nu0p50__psi0p75,hardzero_plus_depr,0.06,38,922,0.0,2,0.07549809,0.07549809,1.0361526,0.0,0.09201263,0.0,0.0,6.092736e-08,-27.91274,2.2795813,0.75986046,0.16800001,0.0,0.1814943,18.40023,18.42023,2953600
hardzero_plus_depr__c0p50__z1p00__lam0p020__nu0p50__psi0p75,hardzero_plus_depr,0.06,38,923,0.0,2,0.07549809,0.0754981,0.98999614,0.102330215,0.102330215,1.0,6.1418843e-09,6.002024e-08,-26.85207,2.178035,0.7260117,0.17,0.0,0.15176429,18.42023,18.440231,2956800
hardzero_plus_depr__c0p50__z1p00__lam0p020__nu0p50__psi0p75,hardzero_plus_depr,0.06,38,924,0.0,2,0.0754981,0.0754981,1.0341098,0.0,0.09244643,0.0,0.0,5.9126638e-08,-26.673704,2.275087,0.7583624,0.14400001,0.0,0.16660294,18.440231,18.460232,2960000
hardzero_plus_depr__c0p50__z1p00__lam0p020__nu0p50__psi0p75,hardzero_plus_depr,0.06,38,925,0.0,2,0.0754981,0.0754981,1.0343523,0.0,0.09239482,0.0,0.0,5.824634e-08,-27.542553,2.2756205,0.75854015,0.112,0.0,0.16304445,18.460232,18.480232,2963200
hardzero_plus_depr__c0p50__z1p00__lam0p020__nu0p50__psi0p75,hardzero_plus_depr,0.06,38,926,0.0,2,0.0754981,0.0754981,1.0125874,0.0,0.09714323,0.0,0.0,5.7379147e-08,-26.620934,2.2277367,0.7425789,0.136,0.0,0.13753916,18.480232,18.500233,2966400
hardzero_plus_depr__c0p50__z1p00__lam0p020__nu0p50__psi0p75,hardzero_plus_depr,0.06,38,927,0.0,2,0.0754981,0.0754981,1.0014336,0.0,0.09967045,0.0,0.0,5.652486e-08,-25.99063,2.203198,0.7343993,0.17600001,0.0,0.1278198,18.500233,18.520233,2969600
hardzero_plus_depr__c0p50__z1p00__lam0p020__nu0p50__psi0p75,hardzero_plus_depr,0.06,38,928,0.0,2,0.0754981,0.0754981,1.05762,0.0,0.08757495,0.0,0.0,5.5683298e-08,-27.865078,2.3268106,0.77560353,0.16800001,0.0,0.17435217,18.520233,18.540234,2972800
hardzero_plus_depr__c0p50__z1p00__lam0p020__nu0p50__psi0p75,hardzero_plus_depr,0.06,38,929,0.0,2,0.0754981,0.075498104,0.996137,0.10089346,0.10089346,1.0,5.5344365e-09,5.4854265e-08,-25.941702,2.1915452,0.7305151,0.192,0.0,0.1275298,18.540234,18.560234,2976000
hardzero_plus_depr__c0p50__z1p00__lam0p020__nu0p50__psi0p75,hardzero_plus_depr,0.06,38,930,0.0,2,0.075498104,0.075498104,1.0519447,0.0,0.088726886,0.0,0.0,5.4037567e-08,-28.00012,2.3143246,0.7714416,0.15200001,0.0,0.1859489,18.560234,18.580235,2979200
hardzero_plus_depr__c0p50__z1p00__lam0p020__nu0p50__psi0p75,hardzero_plus_depr,0.06,38,931,0.0,2,0.075498104,0.075498104,1.0710859,0.0,0.084901236,0.0,0.0,5.3233038e-08,-27.521938,2.356436,0.7854787,0.192,0.0,0.17838837,18.580235,18.600235,2982400
hardzero_plus_depr__c0p50__z1p00__lam0p020__nu0p50__psi0p75,hardzero_plus_depr,0.06,38,932,0.0,2,0.075498104,0.075498104,1.0082924,0.0,0.09810871,0.0,0.0,5.2440484e-08,-26.898243,2.2182877,0.73942924,0.18400002,0.0,0.13994043,18.600235,18.620235,2985600
hardzero_plus_depr__c0p50__z1p00__lam0p020__nu0p50__psi0p75,hardzero_plus_depr,0.06,38,933,0.0,2,0.075498104,0.075498104,1.0292754,0.0,0.09348127,0.0,0.0,5.1659725e-08,-27.410322,2.264451,0.754817,0.15200001,0.0,0.16916923,18.620235,18.640236,2988800
hardzero_plus_depr__c0p50__z1p00__lam0p020__nu0p50__psi0p75,hardzero_plus_depr,0.06,38,934,0.0,2,0.075498104,0.075498104,1.044312,0.0,0.09030004,0.0,0.0,5.0890595e-08,-27.882744,2.2975323,0.7658441,0.16000001,0.0,0.18522446,18.640236,18.660236,2992000
hardzero_plus_depr__c0p50__z1p00__lam0p020__nu0p50__psi0p75,hardzero_plus_depr,0.06,38,935,0.0,2,0.075498104,0.075498104,1.0168831,0.0,0.0961871,0.0,0.0,5.013292e-08,-26.853937,2.2371876,0.7457292,0.15200001,0.0,0.14011511,18.660236,18.680237,2995200
hardzero_plus_depr__c0p50__z1p00__lam0p020__nu0p50__psi0p75,hardzero_plus_depr,0.06,38,936,0.0,2,0.075498104,0.075498104,1.0040808,0.0,0.09906477,0.0,0.0,4.9386518e-08,-26.955437,2.2090218,0.73634064,0.19,0.0,0.15542682,18.680237,18.700237,2998400
hardzero_plus_depr__c0p50__z1p00__lam0p020__nu0p50__psi0p75,hardzero_plus_depr,0.06,38,937,0.0,2,0.075498104,0.075498104,1.0097414,0.0,0.09778192,0.0,0.0,4.8651234e-08,-26.435555,2.2214756,0.74049187,0.16000001,0.0,0.11474817,18.700237,18.720238,3001600
hardzero_plus_depr__c0p50__z1p00__lam0p020__nu0p50__psi0p75,hardzero_plus_depr,0.06,38,938,0.0,2,0.075498104,0.075498104,1.0022699,0.0,0.0994787,0.0,0.0,4.7926893e-08,-27.131912,2.2050378,0.73501265,0.192,0.0,0.14681554,18.720238,18.740238,3004800
hardzero_plus_depr__c0p50__z1p00__lam0p020__nu0p50__psi0p75,hardzero_plus_depr,0.06,38,939,0.0,2,0.075498104,0.075498104,1.0313064,0.0,0.09304512,0.0,0.0,4.7213337e-08,-27.442242,2.2689192,0.7563064,0.16800001,0.0,0.19039272,18.740238,18.760239,3008000
hardzero_plus_depr__c0p50__z1p00__lam0p020__nu0p50__psi0p75,hardzero_plus_depr,0.06,38,940,0.0,2,0.075498104,0.075498104,1.0676111,0.0,0.085583255,0.0,0.0,4.6510408e-08,-28.223263,2.3487914,0.7829305,0.120000005,0.0,0.1630536,18.760239,18.78024,3011200
hardzero_plus_depr__c0p50__z1p00__lam0p020__nu0p50__psi0p75,hardzero_plus_depr,0.06,38,941,0.0,2,0.075498104,0.075498104,1.0045179,0.0,0.09896509,0.0,0.0,4.581794e-08,-26.826525,2.2099836,0.7366612,0.17600001,0.0,0.17009804,18.78024,18.80024,3014400
hardzero_plus_depr__c0p50__z1p00__lam0p020__nu0p50__psi0p75,hardzero_plus_depr,0.06,38,942,0.0,2,0.075498104,0.075498104,1.0487294,0.0,0.089386225,0.0,0.0,4.513579e-08,-27.914333,2.3072507,0.7690836,0.096,0.0,0.17753805,18.80024,18.82024,3017600
hardzero_plus_depr__c0p50__z1p00__lam0p020__nu0p50__psi0p75,hardzero_plus_depr,0.06,38,943,0.0,2,0.075498104,0.07549811,0.9785007,0.10507496,0.10507496,1.0,4.6720303e-09,4.4463786e-08,-26.199617,2.1527445,0.7175815,0.192,0.0,0.13486123,18.82024,18.84024,3020800
hardzero_plus_depr__c0p50__z1p00__lam0p020__nu0p50__psi0p75,hardzero_plus_depr,0.06,38,944,0.0,2,0.07549811,0.07549811,1.0208061,0.0,0.09532216,0.0,0.0,4.380179e-08,-27.83733,2.2458181,0.7486061,0.120000005,0.0,0.16314557,18.84024,18.86024,3024000
hardzero_plus_depr__c0p50__z1p00__lam0p020__nu0p50__psi0p75,hardzero_plus_depr,0.06,38,945,0.0,2,0.07549811,0.07549812,0.9676711,0.10772807,0.10772807,1.0,4.648429e-09,4.3149655e-08,-26.73768,2.128919,0.70963967,0.23200001,0.0,0.17855123,18.86024,18.880241,3027200
hardzero_plus_depr__c0p50__z1p00__lam0p020__nu0p50__psi0p75,hardzero_plus_depr,0.06,38,946,0.0,2,0.07549812,0.07549812,1.0344985,0.0,0.092363745,0.0,0.0,4.2507228e-08,-27.988012,2.275942,0.7586474,0.16800001,0.0,0.16345866,18.880241,18.900242,3030400
hardzero_plus_depr__c0p50__z1p00__lam0p020__nu0p50__psi0p75,hardzero_plus_depr,0.06,38,947,0.0,2,0.07549812,0.07549812,1.0235054,0.0,0.09473151,0.0,0.0,4.187436e-08,-27.716648,2.251757,0.7505857,0.208,0.0,0.17874193,18.900242,18.920242,3033600
hardzero_plus_depr__c0p50__z1p00__lam0p020__nu0p50__psi0p75,hardzero_plus_depr,0.06,38,948,0.0,2,0.07549812,0.07549812,1.0340824,0.0,0.09245227,0.0,0.0,4.1250917e-08,-27.014383,2.2750268,0.75834227,0.16800001,0.0,0.1373057,18.920242,18.940243,3036800
hardzero_plus_depr__c0p50__z1p00__lam0p020__nu0p50__psi0p75,hardzero_plus_depr,0.06,38,949,0.0,2,0.07549812,0.07549812,1.0594956,0.0,0.08719757,0.0,0.0,4.0636756e-08,-27.472807,2.330937,0.77697897,0.14999999,0.0,0.20860325,18.940243,18.960243,3040000
hardzero_plus_depr__c0p50__z1p00__lam0p020__nu0p50__psi0p75,hardzero_plus_depr,0.06,38,950,0.0,2,0.07549812,0.07549812,1.0175813,0.0,0.0960326,0.0,0.0,4.0031743e-08,-26.86805,2.2387238,0.7462413,0.15200001,0.0,0.1621473,18.960243,18.980244,3043200
hardzero_plus_depr__c0p50__z1p00__lam0p020__nu0p50__psi0p75,hardzero_plus_depr,0.06,38,951,0.0,2,0.07549812,0.07549812,1.03392,0.0,0.09248684,0.0,0.0,3.9435736e-08,-27.514606,2.2746696,0.75822324,0.18400002,0.0,0.17176002,18.980244,19.000244,3046400
hardzero_plus_depr__c0p50__z1p00__lam0p020__nu0p50__psi0p75,hardzero_plus_depr,0.06,38,952,0.0,2,0.07549812,0.07549813,0.94651794,0.113105066,0.113105066,1.0,4.3939736e-09,3.88486e-08,-26.348763,2.082381,0.694127,0.17600001,0.0,0.16806628,19.000244,19.020245,3049600
hardzero_plus_depr__c0p50__z1p00__lam0p020__nu0p50__psi0p75,hardzero_plus_depr,0.06,38,953,0.0,2,0.07549813,0.07549813,1.0150121,0.0,0.09660239,0.0,0.0,3.8270205e-08,-26.444695,2.2330713,0.7443571,0.112,0.0,0.1486173,19.020245,19.040245,3052800
hardzero_plus_depr__c0p50__z1p00__lam0p020__nu0p50__psi0p75,hardzero_plus_depr,0.06,38,954,0.0,2,0.07549813,0.07549813,1.0341612,0.0,0.0924355,0.0,0.0,3.7700424e-08,-27.304996,2.2752001,0.7584001,0.14400001,0.0,0.148047,19.040245,19.060246,3056000
hardzero_plus_depr__c0p50__z1p00__lam0p020__nu0p50__psi0p75,hardzero_plus_depr,0.06,38,955,0.0,2,0.07549813,0.075498134,0.99627966,0.10086031,0.10086031,1.0,3.7458636e-09,3.7139124e-08,-27.113016,2.191859,0.73061967,0.136,0.0,0.18203901,19.060246,19.080246,3059200
hardzero_plus_depr__c0p50__z1p00__lam0p020__nu0p50__psi0p75,hardzero_plus_depr,0.06,38,956,0.0,2,0.075498134,0.075498134,1.0312325,0.0,0.09306096,0.0,0.0,3.6586183e-08,-28.053053,2.2687569,0.7562523,0.15200001,0.0,0.18402877,19.080246,19.100246,3062400
hardzero_plus_depr__c0p50__z1p00__lam0p020__nu0p50__psi0p75,hardzero_plus_depr,0.06,38,957,0.0,2,0.075498134,0.075498134,1.0751144,0.0,0.08411737,0.0,0.0,3.6041474e-08,-28.270967,2.3652987,0.78843296,0.104,0.0,0.15201078,19.100246,19.120247,3065600
hardzero_plus_depr__c0p50__z1p00__lam0p020__nu0p50__psi0p75,hardzero_plus_depr,0.06,38,958,0.0,2,0.075498134,0.075498134,1.036588,0.0,0.09192043,0.0,0.0,3.5504872e-08,-27.832811,2.280539,0.7601797,0.15200001,0.0,0.16329728,19.120247,19.140247,3068800
hardzero_plus_depr__c0p50__z1p00__lam0p020__nu0p50__psi0p75,hardzero_plus_depr,0.06,38,959,0.0,2,0.075498134,0.075498134,0.9947458,0.10121718,0.10121718,1.0,3.5401988e-09,3.4976264e-08,-26.87862,2.1884844,0.7294948,0.224,0.0,0.17028822,19.140247,19.160248,3072000
hardzero_plus_depr__c0p50__z1p00__lam0p020__nu0p50__psi0p75,hardzero_plus_depr,0.06,38,960,0.0,2,0.075498134,0.075498134,1.0245525,0.0,0.094503425,0.0,0.0,3.445552e-08,-27.267677,2.2540605,0.7513535,0.16800001,0.0,0.13887535,19.160248,19.180248,3075200
hardzero_plus_depr__c0p50__z1p00__lam0p020__nu0p50__psi0p75,hardzero_plus_depr,0.06,38,961,0.0,2,0.075498134,0.075498134,1.0967699,0.0,0.08002581,0.0,0.0,3.3942538e-08,-29.183388,2.412942,0.804314,0.112,0.0,0.14273183,19.180248,19.200249,3078400
hardzero_plus_depr__c0p50__z1p00__lam0p020__nu0p50__psi0p75,hardzero_plus_depr,0.06,38,962,0.0,2,0.075498134,0.075498134,1.0291364,0.0,0.09351119,0.0,0.0,3.343718e-08,-27.293043,2.2641454,0.75471514,0.14999999,0.0,0.15168442,19.200249,19.22025,3081600
hardzero_plus_depr__c0p50__z1p00__lam0p020__nu0p50__psi0p75,hardzero_plus_depr,0.06,38,963,0.0,2,0.075498134,0.075498134,1.0251333,0.0,0.09437714,0.0,0.0,3.2939358e-08,-27.273746,2.2553382,0.75177944,0.136,0.0,0.14576927,19.22025,19.24025,3084800
hardzero_plus_depr__c0p50__z1p00__lam0p020__nu0p50__psi0p75,hardzero_plus_depr,0.06,38,964,0.0,2,0.075498134,0.075498134,1.0071102,0.0,0.09837613,0.0,0.0,3.2448945e-08,-26.669937,2.2156868,0.7385623,0.16000001,0.0,0.15778804,19.24025,19.26025,3088000
hardzero_plus_depr__c0p50__z1p00__lam0p020__nu0p50__psi0p75,hardzero_plus_depr,0.06,38,965,0.0,2,0.075498134,0.075498134,0.9642912,0.108569734,0.108569734,1.0,3.4705219e-09,3.1965833e-08,-26.137403,2.121483,0.70716107,0.2,0.0,0.16107643,19.26025,19.28025,3091200
hardzero_plus_depr__c0p50__z1p00__lam0p020__nu0p50__psi0p75,hardzero_plus_depr,0.06,38,966,0.0,2,0.075498134,0.075498134,1.0386076,0.0,0.09149396,0.0,0.0,3.148991e-08,-26.691559,2.2849824,0.7616608,0.17600001,0.0,0.15138529,19.28025,19.300251,3094400
hardzero_plus_depr__c0p50__z1p00__lam0p020__nu0p50__psi0p75,hardzero_plus_depr,0.06,38,967,0.0,2,0.075498134,0.075498134,1.084574,0.0,0.082304955,0.0,0.0,3.1021077e-08,-28.405748,2.3861103,0.7953701,0.120000005,0.0,0.22327362,19.300251,19.320251,3097600
hardzero_plus_depr__c0p50__z1p00__lam0p020__nu0p50__psi0p75,hardzero_plus_depr,0.06,38,968,0.0,2,0.075498134,0.075498134,1.0676333,0.0,0.085578896,0.0,0.0,3.0559217e-08,-27.573093,2.34884,0.7829467,0.16800001,0.0,0.13918117,19.320251,19.340252,3100800
hardzero_plus_depr__c0p50__z1p00__lam0p020__nu0p50__psi0p75,hardzero_plus_depr,0.06,38,969,0.0,2,0.075498134,0.075498134,1.0640954,0.0,0.08627889,0.0,0.0,3.0104243e-08,-28.245678,2.3410566,0.78035223,0.18400002,0.0,0.184954,19.340252,19.360252,3104000
hardzero_plus_depr__c0p50__z1p00__lam0p020__nu0p50__psi0p75,hardzero_plus_depr,0.06,38,970,0.0,2,0.075498134,0.075498134,0.9802832,0.104644604,0.104644604,1.0,3.1033445e-09,2.965604e-08,-26.959751,2.156666,0.7188887,0.17600001,0.0,0.15411134,19.360252,19.380253,3107200
hardzero_plus_depr__c0p50__z1p00__lam0p020__nu0p50__psi0p75,hardzero_plus_depr,0.06,38,971,0.0,2,0.075498134,0.075498134,0.9626194,0.10898847,0.10898847,1.0,3.1840448e-09,2.921451e-08,-26.125875,2.117805,0.705935,0.16000001,0.0,0.1512509,19.380253,19.400253,3110400
hardzero_plus_depr__c0p50__z1p00__lam0p020__nu0p50__psi0p75,hardzero_plus_depr,0.06,38,972,0.0,2,0.075498134,0.075498134,1.0083218,0.0,0.09810209,0.0,0.0,2.8779551e-08,-27.211792,2.218352,0.7394507,0.128,0.0,0.16721694,19.400253,19.420254,3113600
hardzero_plus_depr__c0p50__z1p00__lam0p020__nu0p50__psi0p75,hardzero_plus_depr,0.06,38,973,0.0,2,0.075498134,0.075498134,1.0508752,0.0,0.08894568,0.0,0.0,2.8351069e-08,-27.950855,2.3119717,0.77065724,0.16800001,0.0,0.19192876,19.420254,19.440254,3116800
hardzero_plus_depr__c0p50__z1p00__lam0p020__nu0p50__psi0p75,hardzero_plus_depr,0.06,38,974,0.0,2,0.075498134,0.075498134,0.9857808,0.103328295,0.103328295,1.0,2.8858527e-09,2.7928968e-08,-28.269264,2.168761,0.72292036,0.208,0.0,0.17120472,19.440254,19.460255,3120000
hardzero_plus_depr__c0p50__z1p00__lam0p020__nu0p50__psi0p75,hardzero_plus_depr,0.06,38,975,0.0,2,0.075498134,0.075498134,1.0411619,0.0,0.09095741,0.0,0.0,2.751315e-08,-26.837782,2.290602,0.763534,0.14,0.0,0.16169818,19.460255,19.480255,3123200
hardzero_plus_depr__c0p50__z1p00__lam0p020__nu0p50__psi0p75,hardzero_plus_depr,0.06,38,976,0.0,2,0.075498134,0.075498134,1.0091447,0.0,0.09791637,0.0,0.0,2.7103525e-08,-27.20378,2.2201626,0.74005425,0.16800001,0.0,0.15187202,19.480255,19.500256,3126400
hardzero_plus_depr__c0p50__z1p00__lam0p020__nu0p50__psi0p75,hardzero_plus_depr,0.06,38,977,0.0,2,0.075498134,0.075498134,1.0229836,0.0,0.094845444,0.0,0.0,2.6699997e-08,-27.744587,2.2506087,0.7502029,0.136,0.0,0.16991057,19.500256,19.520256,3129600
hardzero_plus_depr__c0p50__z1p00__lam0p020__nu0p50__psi0p75,hardzero_plus_depr,0.06,38,978,0.0,2,0.075498134,0.075498134,1.0589741,0.0,0.08730233,0.0,0.0,2.6302473e-08,-27.845139,2.3297896,0.77659655,0.18400002,0.0,0.15449835,19.520256,19.540257,3132800
hardzero_plus_depr__c0p50__z1p00__lam0p020__nu0p50__psi0p75,hardzero_plus_depr,0.06,38,979,0.0,2,0.075498134,0.075498134,0.9858226,0.10331831,0.10331831,1.0,2.6770677e-09,2.5910873e-08,-26.978392,2.168853,0.72295105,0.16000001,0.0,0.16192158,19.540257,19.560257,3136000
hardzero_plus_depr__c0p50__z1p00__lam0p020__nu0p50__psi0p75,hardzero_plus_depr,0.06,38,980,0.0,2,0.075498134,0.075498134,1.0242852,0.0,0.09456159,0.0,0.0,2.5525104e-08,-27.594913,2.2534723,0.75115746,0.15200001,0.0,0.16900553,19.560257,19.580257,3139200
hardzero_plus_depr__c0p50__z1p00__lam0p020__nu0p50__psi0p75,hardzero_plus_depr,0.06,38,981,0.0,2,0.075498134,0.075498134,1.02818,0.0,0.093717344,0.0,0.0,2.5145075e-08,-27.641718,2.262041,0.7540137,0.192,0.0,0.20446394,19.580257,19.600258,3142400
hardzero_plus_depr__c0p50__z1p00__lam0p020__nu0p50__psi0p75,hardzero_plus_depr,0.06,38,982,0.0,2,0.075498134,0.075498134,1.0312147,0.0,0.093064755,0.0,0.0,2.4770706e-08,-27.907005,2.2687178,0.7562393,0.16800001,0.0,0.1785018,19.600258,19.620258,3145600
hardzero_plus_depr__c0p50__z1p00__lam0p020__nu0p50__psi0p75,hardzero_plus_depr,0.06,38,983,0.0,2,0.075498134,0.075498134,1.0005265,0.0,0.09987883,0.0,0.0,2.4401906e-08,-27.337244,2.2012024,0.73373413,0.192,0.0,0.1490119,19.620258,19.640259,3148800
hardzero_plus_depr__c0p50__z1p00__lam0p020__nu0p50__psi0p75,hardzero_plus_depr,0.06,38,984,0.0,2,0.075498134,0.075498134,1.0349191,0.0,0.09227432,0.0,0.0,2.4038602e-08,-27.833767,2.2768676,0.7589559,0.128,0.0,0.13478857,19.640259,19.66026,3152000
hardzero_plus_depr__c0p50__z1p00__lam0p020__nu0p50__psi0p75,hardzero_plus_depr,0.06,38,985,0.0,2,0.075498134,0.075498134,0.98049504,0.10459356,0.10459356,1.0,2.4768494e-09,2.3680707e-08,-26.37207,2.1571321,0.7190441,0.208,0.008,0.13590175,19.66026,19.68026,3155200
hardzero_plus_depr__c0p50__z1p00__lam0p020__nu0p50__psi0p75,hardzero_plus_depr,0.06,38,986,0.0,2,0.075498134,0.075498134,1.0261617,0.0,0.09415389,0.0,0.0,2.332814e-08,-26.978237,2.2576008,0.7525336,0.120000005,0.0,0.15266609,19.68026,19.70026,3158400
hardzero_plus_depr__c0p50__z1p00__lam0p020__nu0p50__psi0p75,hardzero_plus_depr,0.06,38,987,0.0,2,0.075498134,0.075498134,1.0426483,0.0,0.09064664,0.0,0.0,2.2980823e-08,-27.684137,2.293872,0.76462406,0.15200001,0.0,0.21546403,19.70026,19.72026,3161600
hardzero_plus_depr__c0p50__z1p00__lam0p020__nu0p50__psi0p75,hardzero_plus_depr,0.06,38,988,0.0,2,0.075498134,0.075498134,1.0068386,0.0,0.0984377,0.0,0.0,2.2638671e-08,-25.103535,2.215089,0.738363,0.11,0.0,0.14886798,19.72026,19.740261,3164800
hardzero_plus_depr__c0p50__z1p00__lam0p020__nu0p50__psi0p75,hardzero_plus_depr,0.06,38,989,0.0,2,0.075498134,0.075498134,1.0446712,0.0,0.09022539,0.0,0.0,2.2301618e-08,-27.481955,2.2983224,0.7661075,0.128,0.0,0.16016874,19.740261,19.760262,3168000
hardzero_plus_depr__c0p50__z1p00__lam0p020__nu0p50__psi0p75,hardzero_plus_depr,0.06,38,990,0.0,2,0.075498134,0.075498134,1.040657,0.0,0.09106322,0.0,0.0,2.1969585e-08,-27.290173,2.2894912,0.76316375,0.15200001,0.0,0.17554446,19.760262,19.780262,3171200
hardzero_plus_depr__c0p50__z1p00__lam0p020__nu0p50__psi0p75,hardzero_plus_depr,0.06,38,991,0.0,2,0.075498134,0.075498134,1.0555621,0.0,0.08799092,0.0,0.0,2.1642492e-08,-28.569431,2.322283,0.77409434,0.18400002,0.0,0.17013742,19.780262,19.800262,3174400
hardzero_plus_depr__c0p50__z1p00__lam0p020__nu0p50__psi0p75,hardzero_plus_depr,0.06,38,992,0.0,2,0.075498134,0.075498134,1.012082,0.0,0.097256355,0.0,0.0,2.132027e-08,-27.487282,2.2266247,0.74220824,0.16000001,0.0,0.17321919,19.800262,19.820263,3177600
hardzero_plus_depr__c0p50__z1p00__lam0p020__nu0p50__psi0p75,hardzero_plus_depr,0.06,38,993,0.0,2,0.075498134,0.075498134,1.0035841,0.0,0.099178106,0.0,0.0,2.1002846e-08,-26.491703,2.2079291,0.7359764,0.136,0.0,0.14410165,19.820263,19.840263,3180800
hardzero_plus_depr__c0p50__z1p00__lam0p020__nu0p50__psi0p75,hardzero_plus_depr,0.06,38,994,0.0,2,0.075498134,0.075498134,0.987436,0.10293522,0.10293522,1.0,2.1297448e-09,2.0690146e-08,-26.198433,2.1724026,0.7241342,0.16000001,0.0,0.15683642,19.840263,19.860264,3184000
hardzero_plus_depr__c0p50__z1p00__lam0p020__nu0p50__psi0p75,hardzero_plus_depr,0.06,38,995,0.0,2,0.075498134,0.075498134,1.0115153,0.0,0.097383365,0.0,0.0,2.0382103e-08,-27.48934,2.225378,0.7417927,0.16000001,0.0,0.16959211,19.860264,19.880264,3187200
hardzero_plus_depr__c0p50__z1p00__lam0p020__nu0p50__psi0p75,hardzero_plus_depr,0.06,38,996,0.0,2,0.075498134,0.075498134,0.98153526,0.10434334,0.10434334,1.0,2.095073e-09,2.0078646e-08,-27.766232,2.1594207,0.7198069,0.23200001,0.0,0.18213344,19.880264,19.900265,3190400
hardzero_plus_depr__c0p50__z1p00__lam0p020__nu0p50__psi0p75,hardzero_plus_depr,0.06,38,997,0.0,2,0.075498134,0.075498134,0.98651594,0.10315353,0.10315353,1.0,2.0403466e-09,1.9779707e-08,-26.070597,2.1703784,0.7234595,0.192,0.0,0.14961475,19.900265,19.920265,3193600
hardzero_plus_depr__c0p50__z1p00__lam0p020__nu0p50__psi0p75,hardzero_plus_depr,0.06,38,998,0.0,2,0.075498134,0.075498134,1.0489371,0.0,0.08934348,0.0,0.0,1.948522e-08,-27.82908,2.3077075,0.76923585,0.18400002,0.0,0.2392063,19.920265,19.940266,3196800
hardzero_plus_depr__c0p50__z1p00__lam0p020__nu0p50__psi0p75,hardzero_plus_depr,0.06,38,999,0.0,2,0.075498134,0.075498134,1.0062526,0.0,0.09857059,0.0,0.0,1.9195115e-08,-26.824999,2.2138,0.73793334,0.14400001,0.0,0.15776032,19.940266,19.960266,3200000
hardzero_plus_depr__c0p50__z1p00__lam0p020__nu0p50__psi0p75,hardzero_plus_depr,0.06,38,1000,0.0,2,0.075498134,0.075498134,1.0311826,0.0,0.09307163,0.0,0.0,1.8909333e-08,-26.648796,2.2686472,0.75621575,0.14400001,0.0,0.15723565,19.960266,19.980267,3203200
hardzero_plus_depr__c0p50__z1p00__lam0p020__nu0p50__psi0p75,hardzero_plus_depr,0.06,38,1001,0.0,2,0.075498134,0.075498134,1.0344805,0.0,0.09236758,0.0,0.0,1.8627802e-08,-27.868326,2.2759025,0.7586342,0.19,0.0,0.15336938,19.980267,20.000267,3206400
hardzero_plus_depr__c0p50__z1p00__lam0p020__nu0p50__psi0p75,hardzero_plus_depr,0.06,38,1002,0.0,2,0.075498134,0.075498134,0.9999209,0.10001821,0.10001821,1.0,1.8353806e-09,1.8350464e-08,-26.384743,2.1998699,0.73328996,0.112,0.0,0.15569507,20.000267,20.020267,3209600
hardzero_plus_depr__c0p50__z1p00__lam0p020__nu0p50__psi0p75,hardzero_plus_depr,0.06,38,1003,0.0,2,0.075498134,0.075498134,0.9997656,0.10005399,0.10005399,1.0,1.8087013e-09,1.8077253e-08,-27.410725,2.1995282,0.7331761,0.128,0.0,0.15372626,20.020267,20.040268,3212800
hardzero_plus_depr__c0p50__z1p00__lam0p020__nu0p50__psi0p75,hardzero_plus_depr,0.06,38,1004,0.0,2,0.075498134,0.075498134,1.0110605,0.0,0.097485386,0.0,0.0,1.7808112e-08,-27.380001,2.2243774,0.74145913,0.18400002,0.0,0.17778194,20.040268,20.060268,3216000
hardzero_plus_depr__c0p50__z1p00__lam0p020__nu0p50__psi0p75,hardzero_plus_depr,0.06,38,1005,0.0,2,0.075498134,0.075498134,1.0631063,0.0,0.086475626,0.0,0.0,1.7542979e-08,-28.012365,2.3388805,0.77962685,0.128,0.0,0.16093557,20.060268,20.080269,3219200
hardzero_plus_depr__c0p50__z1p00__lam0p020__nu0p50__psi0p75,hardzero_plus_depr,0.06,38,1006,0.0,2,0.075498134,0.075498134,1.0288999,0.0,0.09356212,0.0,0.0,1.7281792e-08,-27.221346,2.263625,0.75454164,0.16800001,0.0,0.16258317,20.080269,20.10027,3222400
hardzero_plus_depr__c0p50__z1p00__lam0p020__nu0p50__psi0p75,hardzero_plus_depr,0.06,38,1007,0.0,2,0.075498134,0.075498134,1.0422466,0.0,0.09073051,0.0,0.0,1.7024494e-08,-27.468529,2.2929883,0.76432943,0.096,0.0,0.17842449,20.10027,20.12027,3225600
hardzero_plus_depr__c0p50__z1p00__lam0p020__nu0p50__psi0p75,hardzero_plus_depr,0.06,38,1008,0.0,2,0.075498134,0.075498134,1.0322602,0.0,0.092841014,0.0,0.0,1.6771025e-08,-27.930822,2.2710178,0.75700593,0.16800001,0.0,0.19988023,20.12027,20.14027,3228800
hardzero_plus_depr__c0p50__z1p00__lam0p020__nu0p50__psi0p75,hardzero_plus_depr,0.06,38,1009,0.0,2,0.075498134,0.075498134,1.034479,0.0,0.09236788,0.0,0.0,1.6521332e-08,-27.20568,2.2758992,0.7586331,0.192,0.0,0.20702092,20.14027,20.16027,3232000
hardzero_plus_depr__c0p50__z1p00__lam0p020__nu0p50__psi0p75,hardzero_plus_depr,0.06,38,1010,0.0,2,0.075498134,0.075498134,0.9859665,0.103284106,0.103284106,1.0,1.6809856e-09,1.6275356e-08,-26.393753,2.1691697,0.72305655,0.112,0.0,0.14672138,20.16027,20.180271,3235200
hardzero_plus_depr__c0p50__z1p00__lam0p020__nu0p50__psi0p75,hardzero_plus_depr,0.06,38,1011,0.0,2,0.075498134,0.075498134,0.9956459,0.10100761,0.10100761,1.0,1.6194593e-09,1.6033043e-08,-26.34356,2.1904647,0.73015493,0.14400001,0.0,0.15999663,20.180271,20.200272,3238400
hardzero_plus_depr__c0p50__z1p00__lam0p020__nu0p50__psi0p75,hardzero_plus_depr,0.06,38,1012,0.0,2,0.075498134,0.075498134,1.0532889,0.0,0.08845269,0.0,0.0,1.5794335e-08,-27.258615,2.317282,0.7724273,0.128,0.0,0.16970482,20.200272,20.220272,3241600
hardzero_plus_depr__c0p50__z1p00__lam0p020__nu0p50__psi0p75,hardzero_plus_depr,0.06,38,1013,0.0,2,0.075498134,0.075498134,1.0386852,0.0,0.091477595,0.0,0.0,1.5559184e-08,-28.192505,2.2851532,0.76171774,0.192,0.0,0.17825262,20.220272,20.240273,3244800
hardzero_plus_depr__c0p50__z1p00__lam0p020__nu0p50__psi0p75,hardzero_plus_depr,0.06,38,1014,0.0,2,0.075498134,0.075498134,1.0412326,0.0,0.0909426,0.0,0.0,1.5327531e-08,-27.215214,2.2907574,0.7635858,0.14999999,0.0,0.16033554,20.240273,20.260273,3248000
hardzero_plus_depr__c0p50__z1p00__lam0p020__nu0p50__psi0p75,hardzero_plus_depr,0.06,38,1015,0.0,2,0.075498134,0.075498134,1.0289451,0.0,0.093552396,0.0,0.0,1.509933e-08,-27.354568,2.2637243,0.7545748,0.136,0.0,0.1642405,20.260273,20.280273,3251200
hardzero_plus_depr__c0p50__z1p00__lam0p020__nu0p50__psi0p75,hardzero_plus_depr,0.06,38,1016,0.0,2,0.075498134,0.075498134,1.003727,0.0,0.09914551,0.0,0.0,1.4874526e-08,-26.808685,2.2082434,0.7360811,0.14400001,0.0,0.14516877,20.280273,20.300274,3254400
hardzero_plus_depr__c0p50__z1p00__lam0p020__nu0p50__psi0p75,hardzero_plus_depr,0.06,38,1017,0.0,2,0.075498134,0.075498134,1.0111891,0.0,0.09745653,0.0,0.0,1.4653066e-08,-27.011213,2.2246604,0.7415535,0.208,0.0,0.16192944,20.300274,20.320274,3257600
hardzero_plus_depr__c0p50__z1p00__lam0p020__nu0p50__psi0p75,hardzero_plus_depr,0.06,38,1018,0.0,2,0.075498134,0.075498134,1.0412867,0.0,0.09093128,0.0,0.0,1.4434907e-08,-28.233154,2.2908764,0.7636255,0.128,0.0,0.16068523,20.320274,20.340275,3260800
hardzero_plus_depr__c0p50__z1p00__lam0p020__nu0p50__psi0p75,hardzero_plus_depr,0.06,38,1019,0.0,2,0.075498134,0.075498134,1.0206043,0.0,0.09536646,0.0,0.0,1.4219993e-08,-27.370054,2.2453742,0.7484581,0.16800001,0.0,0.17589915,20.340275,20.360275,3264000
hardzero_plus_depr__c0p50__z1p00__lam0p020__nu0p50__psi0p75,hardzero_plus_depr,0.06,38,1020,0.0,2,0.075498134,0.075498134,0.9892771,0.10249977,0.10249977,1.0,1.4358456e-09,1.4008281e-08,-26.050798,2.176453,0.7254844,0.208,0.0,0.15826958,20.360275,20.380276,3267200
hardzero_plus_depr__c0p50__z1p00__lam0p020__nu0p50__psi0p75,hardzero_plus_depr,0.06,38,1021,0.0,2,0.075498134,0.075498134,1.0406904,0.0,0.0910562,0.0,0.0,1.37997205e-08,-27.432201,2.2895646,0.76318824,0.216,0.008,0.17689484,20.380276,20.400276,3270400
hardzero_plus_depr__c0p50__z1p00__lam0p020__nu0p50__psi0p75,hardzero_plus_depr,0.06,38,1022,0.0,2,0.075498134,0.075498134,1.0078228,0.0,0.098214865,0.0,0.0,1.3594264e-08,-26.964977,2.2172544,0.73908484,0.208,0.0,0.15584144,20.400276,20.420277,3273600
hardzero_plus_depr__c0p50__z1p00__lam0p020__nu0p50__psi0p75,hardzero_plus_depr,0.06,38,1023,0.0,2,0.075498134,0.075498134,1.0820178,0.0,0.082790814,0.0,0.0,1.3391867e-08,-28.735006,2.3804867,0.7934956,0.096,0.0,0.15907766,20.420277,20.440277,3276800
hardzero_plus_depr__c0p50__z1p00__lam0p020__nu0p50__psi0p75,hardzero_plus_depr,0.06,38,1024,0.0,2,0.075498134,0.075498134,0.99338675,0.10153441,0.10153441,1.0,1.3394911e-09,1.31924836e-08,-27.210638,2.1854944,0.72849816,0.24000001,0.0,0.15428427,20.440277,20.460278,3280000
hardzero_plus_depr__c0p50__z1p00__lam0p020__nu0p50__psi0p75,hardzero_plus_depr,0.06,38,1025,0.0,2,0.075498134,0.075498134,1.037293,0.0,0.09177133,0.0,0.0,1.299607e-08,-28.278183,2.28209,0.76069665,0.128,0.0,0.16623235,20.460278,20.480278,3283200
hardzero_plus_depr__c0p50__z1p00__lam0p020__nu0p50__psi0p75,hardzero_plus_depr,0.06,38,1026,0.0,2,0.075498134,0.075498134,1.0236559,0.0,0.09469873,0.0,0.0,1.2802579e-08,-26.995602,2.2520878,0.75069594,0.192,0.0,0.14143434,20.480278,20.500278,3286400
hardzero_plus_depr__c0p50__z1p00__lam0p020__nu0p50__psi0p75,hardzero_plus_depr,0.06,38,1027,0.0,2,0.075498134,0.075498134,1.0417445,0.0,0.09083548,0.0,0.0,1.2611969e-08,-28.135305,2.2918837,0.76396126,0.13,0.0,0.18082125,20.500278,20.520279,3289600
hardzero_plus_depr__c0p50__z1p00__lam0p020__nu0p50__psi0p75,hardzero_plus_depr,0.06,38,1028,0.0,2,0.075498134,0.075498134,1.0404845,0.0,0.09109939,0.0,0.0,1.2424197e-08,-27.741608,2.2891116,0.7630372,0.14400001,0.0,0.1893317,20.520279,20.54028,3292800
hardzero_plus_depr__c0p50__z1p00__lam0p020__nu0p50__psi0p75,hardzero_plus_depr,0.06,38,1029,0.0,2,0.075498134,0.075498134,0.9901621,0.10229111,0.10229111,1.0,1.2519633e-09,1.2239219e-08,-26.49001,2.1784,0.72613335,0.16800001,0.0,0.15746076,20.54028,20.56028,3296000
hardzero_plus_depr__c0p50__z1p00__lam0p020__nu0p50__psi0p75,hardzero_plus_depr,0.06,38,1030,0.0,2,0.075498134,0.075498134,1.0156924,0.0,0.09645119,0.0,0.0,1.2056998e-08,-26.20027,2.2345679,0.744856,0.136,0.0,0.15777916,20.56028,20.58028,3299200
hardzero_plus_depr__c0p50__z1p00__lam0p020__nu0p50__psi0p75,hardzero_plus_depr,0.06,38,1031,0.0,2,0.075498134,0.075498134,1.0295401,0.0,0.09342432,0.0,0.0,1.1877488e-08,-26.907463,2.2650332,0.7550111,0.224,0.0,0.15625107,20.58028,20.60028,3302400
hardzero_plus_depr__c0p50__z1p00__lam0p020__nu0p50__psi0p75,hardzero_plus_depr,0.06,38,1032,0.0,2,0.075498134,0.075498134,1.0277594,0.0,0.09380816,0.0,0.0,1.1700652e-08,-27.079346,2.261116,0.7537054,0.15200001,0.0,0.15769827,20.60028,20.620281,3305600
hardzero_plus_depr__c0p50__z1p00__lam0p020__nu0p50__psi0p75,hardzero_plus_depr,0.06,38,1033,0.0,2,0.075498134,0.075498134,1.0637683,0.0,0.08634392,0.0,0.0,1.1526447e-08,-28.887087,2.340337,0.7801124,0.14400001,0.0,0.18967494,20.620281,20.640282,3308800
hardzero_plus_depr__c0p50__z1p00__lam0p020__nu0p50__psi0p75,hardzero_plus_depr,0.06,38,1034,0.0,2,0.075498134,0.075498134,1.0560137,0.0,0.08789948,0.0,0.0,1.1354837e-08,-27.435146,2.3232765,0.7744255,0.18400002,0.0,0.15199272,20.640282,20.660282,3312000
hardzero_plus_depr__c0p50__z1p00__lam0p020__nu0p50__psi0p75,hardzero_plus_depr,0.06,38,1035,0.0,2,0.075498134,0.075498134,1.0509732,0.0,0.0889256,0.0,0.0,1.1185782e-08,-27.8192,2.3121872,0.77072906,0.208,0.0,0.16527197,20.660282,20.680283,3315200
hardzero_plus_depr__c0p50__z1p00__lam0p020__nu0p50__psi0p75,hardzero_plus_depr,0.06,38,1036,0.0,2,0.075498134,0.075498134,1.0190786,0.0,0.09570208,0.0,0.0,1.1019243e-08,-28.427797,2.2420177,0.74733925,0.136,0.0,0.18446024,20.680283,20.700283,3318400
hardzero_plus_depr__c0p50__z1p00__lam0p020__nu0p50__psi0p75,hardzero_plus_depr,0.06,38,1037,0.0,2,0.075498134,0.075498134,1.0579594,0.0,0.08750655,0.0,0.0,1.0855185e-08,-27.50516,2.3275573,0.77585244,0.112,0.0,0.17732427,20.700283,20.720284,3321600
hardzero_plus_depr__c0p50__z1p00__lam0p020__nu0p50__psi0p75,hardzero_plus_depr,0.06,38,1038,0.0,2,0.075498134,0.075498134,1.057543,0.0,0.08759048,0.0,0.0,1.0693568e-08,-27.535355,2.326641,0.775547,0.120000005,0.0,0.17842548,20.720284,20.740284,3324800
hardzero_plus_depr__c0p50__z1p00__lam0p020__nu0p50__psi0p75,hardzero_plus_depr,0.06,38,1039,0.0,2,0.075498134,0.075498134,1.0732371,0.0,0.08448175,0.0,0.0,1.0534359e-08,-28.097837,2.3611686,0.7870562,0.15200001,0.0,0.16789936,20.740284,20.760284,3328000
hardzero_plus_depr__c0p50__z1p00__lam0p020__nu0p50__psi0p75,hardzero_plus_depr,0.06,38,1040,0.0,2,0.075498134,0.075498134,0.99926776,0.10016875,0.10016875,1.0,1.039503e-09,1.0377518e-08,-26.52598,2.198433,0.732811,0.13,0.0,0.16081917,20.760284,20.780285,3331200
hardzero_plus_depr__c0p50__z1p00__lam0p020__nu0p50__psi0p75,hardzero_plus_depr,0.06,38,1041,0.0,2,0.075498134,0.075498134,1.0813049,0.0,0.08292683,0.0,0.0,1.0223014e-08,-28.287468,2.3789184,0.7929728,0.14400001,0.0,0.20575652,20.780285,20.800285,3334400
hardzero_plus_depr__c0p50__z1p00__lam0p020__nu0p50__psi0p75,hardzero_plus_depr,0.06,38,1042,0.0,2,0.075498134,0.075498134,1.0026008,0.0,0.09940292,0.0,0.0,1.0070809e-08,-27.015339,2.2057657,0.73525524,0.2,0.0,0.18345776,20.800285,20.820286,3337600
hardzero_plus_depr__c0p50__z1p00__lam0p020__nu0p50__psi0p75,hardzero_plus_depr,0.06,38,1043,0.0,2,0.075498134,0.075498134,1.0282409,0.0,0.093704194,0.0,0.0,9.920871e-09,-27.559017,2.2621753,0.7540585,0.16800001,0.0,0.17015311,20.820286,20.840286,3340800
hardzero_plus_depr__c0p50__z1p00__lam0p020__nu0p50__psi0p75,hardzero_plus_depr,0.06,38,1044,0.0,2,0.075498134,0.075498134,1.0274383,0.0,0.09387753,0.0,0.0,9.773165e-09,-27.25276,2.2604094,0.7534698,0.216,0.0,0.16413261,20.840286,20.860287,3344000
hardzero_plus_depr__c0p50__z1p00__lam0p020__nu0p50__psi0p75,hardzero_plus_depr,0.06,38,1045,0.0,2,0.075498134,0.075498134,1.037431,0.0,0.091742165,0.0,0.0,9.627659e-09,-27.843142,2.2823937,0.7607979,0.14400001,0.0,0.15842998,20.860287,20.880287,3347200
hardzero_plus_depr__c0p50__z1p00__lam0p020__nu0p50__psi0p75,hardzero_plus_depr,0.06,38,1046,0.0,2,0.075498134,0.075498134,1.0854234,0.0,0.08214414,0.0,0.0,9.484318e-09,-28.143011,2.387979,0.79599303,0.136,0.0,0.19498575,20.880287,20.900288,3350400
hardzero_plus_depr__c0p50__z1p00__lam0p020__nu0p50__psi0p75,hardzero_plus_depr,0.06,38,1047,0.0,2,0.075498134,0.075498134,1.0125396,0.0,0.09715394,0.0,0.0,9.343111e-09,-27.177544,2.2276316,0.7425439,0.208,0.0,0.19661345,20.900288,20.920288,3353600
hardzero_plus_depr__c0p50__z1p00__lam0p020__nu0p50__psi0p75,hardzero_plus_depr,0.06,38,1048,0.0,2,0.075498134,0.075498134,1.0345931,0.0,0.09234362,0.0,0.0,9.204008e-09,-27.24153,2.2761502,0.75871676,0.14400001,0.0,0.14452298,20.920288,20.940289,3356800
hardzero_plus_depr__c0p50__z1p00__lam0p020__nu0p50__psi0p75,hardzero_plus_depr,0.06,38,1049,0.0,2,0.075498134,0.075498134,0.9810126,0.104469,0.104469,1.0,9.472177e-10,9.066975e-09,-26.269093,2.1582708,0.71942365,0.136,0.0,0.13806199,20.940289,20.960289,3360000
hardzero_plus_depr__c0p50__z1p00__lam0p020__nu0p50__psi0p75,hardzero_plus_depr,0.06,38,1050,0.0,2,0.075498134,0.075498134,1.052471,0.0,0.08861942,0.0,0.0,8.931982e-09,-27.575891,2.3154826,0.7718276,0.080000006,0.0,0.18844351,20.960289,20.98029,3363200
hardzero_plus_depr__c0p50__z1p00__lam0p020__nu0p50__psi0p75,hardzero_plus_depr,0.06,38,1051,0.0,2,0.075498134,0.075498134,0.9881559,0.102764726,0.102764726,1.0,9.042268e-10,8.799e-09,-26.596067,2.1739864,0.7246622,0.104,0.0,0.15993603,20.98029,21.00029,3366400
hardzero_plus_depr__c0p50__z1p00__lam0p020__nu0p50__psi0p75,hardzero_plus_depr,0.06,38,1052,0.0,2,0.075498134,0.075498134,1.0193361,0.0,0.09564535,0.0,0.0,8.667996e-09,-27.932074,2.2425842,0.7475281,0.16000001,0.0,0.16633299,21.00029,21.02029,3369600
hardzero_plus_depr__c0p50__z1p00__lam0p020__nu0p50__psi0p75,hardzero_plus_depr,0.06,38,1053,0.0,2,0.075498134,0.075498134,1.070988,0.0,0.084920384,0.0,0.0,8.538944e-09,-27.390717,2.3562207,0.78540695,0.17999999,0.0,0.19579308,21.02029,21.04029,3372800
hardzero_plus_depr__c0p50__z1p00__lam0p020__nu0p50__psi0p75,hardzero_plus_depr,0.06,38,1054,0.0,2,0.075498134,0.075498134,1.0643272,0.0,0.08623285,0.0,0.0,8.411813e-09,-27.783443,2.3415666,0.7805222,0.104,0.0,0.15595332,21.04029,21.060291,3376000
hardzero_plus_depr__c0p50__z1p00__lam0p020__nu0p50__psi0p75,hardzero_plus_depr,0.06,38,1055,0.0,2,0.075498134,0.075498134,1.0639732,0.0,0.086303174,0.0,0.0,8.286575e-09,-27.920498,2.3407876,0.7802626,0.136,0.0,0.1786042,21.060291,21.080292,3379200
hardzero_plus_depr__c0p50__z1p00__lam0p020__nu0p50__psi0p75,hardzero_plus_depr,0.06,38,1056,0.0,2,0.075498134,0.075498134,1.0498405,0.0,0.08915785,0.0,0.0,8.163201e-09,-27.167892,2.309695,0.76989836,0.112,0.0,0.14839341,21.080292,21.100292,3382400
hardzero_plus_depr__c0p50__z1p00__lam0p020__nu0p50__psi0p75,hardzero_plus_depr,0.06,38,1057,0.0,2,0.075498134,0.075498134,0.9901601,0.10229157,0.10229157,1.0,8.225944e-10,8.041663e-09,-26.53413,2.1783957,0.7261319,0.16800001,0.0,0.13752103,21.100292,21.120293,3385600
hardzero_plus_depr__c0p50__z1p00__lam0p020__nu0p50__psi0p75,hardzero_plus_depr,0.06,38,1058,0.0,2,0.075498134,0.075498134,1.0099725,0.0,0.09772992,0.0,0.0,7.921936e-09,-27.066944,2.2219837,0.74066126,0.136,0.0,0.1418034,21.120293,21.140293,3388800
hardzero_plus_depr__c0p50__z1p00__lam0p020__nu0p50__psi0p75,hardzero_plus_depr,0.06,38,1059,0.0,2,0.075498134,0.075498134,1.0175459,0.0,0.09604043,0.0,0.0,7.803991e-09,-27.380365,2.2386458,0.7462153,0.18400002,0.0,0.1865144,21.140293,21.160294,3392000
hardzero_plus_depr__c0p50__z1p00__lam0p020__nu0p50__psi0p75,hardzero_plus_depr,0.06,38,1060,0.0,2,0.075498134,0.075498134,1.0424234,0.0,0.09069359,0.0,0.0,7.687802e-09,-28.014584,2.2933772,0.7644591,0.18400002,0.0,0.17298126,21.160294,21.180294,3395200
hardzero_plus_depr__c0p50__z1p00__lam0p020__nu0p50__psi0p75,hardzero_plus_depr,0.06,38,1061,0.0,2,0.075498134,0.075498134,0.98543745,0.10340999,0.10340999,1.0,7.831593e-10,7.573343e-09,-25.94363,2.1680057,0.7226686,0.15200001,0.0,0.16256194,21.180294,21.200294,3398400
hardzero_plus_depr__c0p50__z1p00__lam0p020__nu0p50__psi0p75,hardzero_plus_depr,0.06,38,1062,0.0,2,0.075498134,0.075498134,1.0553547,0.0,0.088032946,0.0,0.0,7.460588e-09,-27.722115,2.3218267,0.77394223,0.136,0.0,0.19311868,21.200294,21.220295,3401600
hardzero_plus_depr__c0p50__z1p00__lam0p020__nu0p50__psi0p75,hardzero_plus_depr,0.06,38,1063,0.0,2,0.075498134,0.075498134,1.0680004,0.0,0.08550657,0.0,0.0,7.349512e-09,-28.140665,2.349648,0.783216,0.136,0.0,0.19965474,21.220295,21.240295,3404800
hardzero_plus_depr__c0p50__z1p00__lam0p020__nu0p50__psi0p75,hardzero_plus_depr,0.06,38,1064,0.0,2,0.075498134,0.075498134,1.0151644,0.0,0.09656852,0.0,0.0,7.2400894e-09,-26.803865,2.2334063,0.7444688,0.192,0.0,0.20729324,21.240295,21.260296,3408000
hardzero_plus_depr__c0p50__z1p00__lam0p020__nu0p50__psi0p75,hardzero_plus_depr,0.06,38,1065,0.0,2,0.075498134,0.075498134,1.0656629,0.0,0.085968055,0.0,0.0,7.132296e-09,-28.220423,2.344505,0.7815017,0.216,0.0,0.16784167,21.260296,21.280296,3411200
hardzero_plus_depr__c0p50__z1p00__lam0p020__nu0p50__psi0p75,hardzero_plus_depr,0.06,38,1066,0.0,2,0.075498134,0.075498134,1.0178304,0.0,0.095977545,0.0,0.0,7.0261077e-09,-26.470217,2.2392714,0.74642384,0.16,0.0,0.1448893,21.280296,21.300297,3414400
hardzero_plus_depr__c0p50__z1p00__lam0p020__nu0p50__psi0p75,hardzero_plus_depr,0.06,38,1067,0.0,2,0.075498134,0.075498134,1.0222987,0.0,0.09499512,0.0,0.0,6.9215003e-09,-27.800253,2.249102,0.7497007,0.16000001,0.0,0.14731508,21.300297,21.320297,3417600
hardzero_plus_depr__c0p50__z1p00__lam0p020__nu0p50__psi0p75,hardzero_plus_depr,0.06,38,1068,0.0,2,0.075498134,0.075498134,1.0250475,0.0,0.09439574,0.0,0.0,6.81845e-09,-26.751888,2.2551496,0.75171655,0.128,0.0,0.1528834,21.320297,21.340298,3420800
hardzero_plus_depr__c0p50__z1p00__lam0p020__nu0p50__psi0p75,hardzero_plus_depr,0.06,38,1069,0.0,2,0.075498134,0.075498134,1.0912459,0.0,0.0810502,0.0,0.0,6.7169412e-09,-28.605663,2.4007888,0.8002629,0.14400001,0.0,0.17018692,21.340298,21.360298,3424000
hardzero_plus_depr__c0p50__z1p00__lam0p020__nu0p50__psi0p75,hardzero_plus_depr,0.06,38,1070,0.0,2,0.075498134,0.075498134,1.037016,0.0,0.09182988,0.0,0.0,6.6169297e-09,-27.38781,2.2814808,0.76049364,0.15200001,0.0,0.1673964,21.360298,21.380299,3427200
hardzero_plus_depr__c0p50__z1p00__lam0p020__nu0p50__psi0p75,hardzero_plus_depr,0.06,38,1071,0.0,2,0.075498134,0.075498134,1.0655473,0.0,0.085990936,0.0,0.0,6.518408e-09,-28.910994,2.344251,0.781417,0.08800001,0.0,0.16639604,21.380299,21.4003,3430400
hardzero_plus_depr__c0p50__z1p00__lam0p020__nu0p50__psi0p75,hardzero_plus_depr,0.06,38,1072,0.0,2,0.075498134,0.075498134,1.1303036,0.0,0.07407921,0.0,0.0,6.4213657e-09,-28.981714,2.4867177,0.82890594,0.112,0.0,0.19127716,21.4003,21.4203,3433600
hardzero_plus_depr__c0p50__z1p00__lam0p020__nu0p50__psi0p75,hardzero_plus_depr,0.06,38,1073,0.0,2,0.075498134,0.075498134,1.0235988,0.0,0.09471117,0.0,0.0,6.325768e-09,-28.004025,2.2519624,0.75065416,0.216,0.0,0.20070738,21.4203,21.4403,3436800
hardzero_plus_depr__c0p50__z1p00__lam0p020__nu0p50__psi0p75,hardzero_plus_depr,0.06,38,1074,0.0,2,0.075498134,0.075498134,1.062272,0.0,0.08664192,0.0,0.0,6.2315815e-09,-28.555819,2.337045,0.779015,0.16800001,0.0,0.1659479,21.4403,21.4603,3440000
hardzero_plus_depr__c0p50__z1p00__lam0p020__nu0p50__psi0p75,hardzero_plus_depr,0.06,38,1075,0.0,2,0.075498134,0.075498134,1.0483652,0.0,0.08946121,0.0,0.0,6.138797e-09,-28.125721,2.3064497,0.7688166,0.16800001,0.0,0.19893868,21.4603,21.4803,3443200
hardzero_plus_depr__c0p50__z1p00__lam0p020__nu0p50__psi0p75,hardzero_plus_depr,0.06,38,1076,0.0,2,0.075498134,0.075498134,1.0327687,0.0,0.09273234,0.0,0.0,6.047406e-09,-28.091833,2.2721364,0.7573788,0.17600001,0.0,0.17795727,21.4803,21.500301,3446400
hardzero_plus_depr__c0p50__z1p00__lam0p020__nu0p50__psi0p75,hardzero_plus_depr,0.06,38,1077,0.0,2,0.075498134,0.075498134,0.9935509,0.10149604,0.10149604,1.0,6.0465005e-10,5.9573755e-09,-27.109201,2.1858556,0.72861856,0.15200001,0.0,0.18031909,21.500301,21.520302,3449600
hardzero_plus_depr__c0p50__z1p00__lam0p020__nu0p50__psi0p75,hardzero_plus_depr,0.06,38,1078,0.0,2,0.075498134,0.075498134,1.0086478,0.0,0.098028466,0.0,0.0,5.868674e-09,-26.745396,2.2190695,0.7396898,0.15200001,0.0,0.14465633,21.520302,21.540302,3452800
hardzero_plus_depr__c0p50__z1p00__lam0p020__nu0p50__psi0p75,hardzero_plus_depr,0.06,38,1079,0.0,2,0.075498134,0.075498134,1.027317,0.0,0.09390375,0.0,0.0,5.7812937e-09,-27.558266,2.2601426,0.7533809,0.099999994,0.0,0.14556164,21.540302,21.560303,3456000
hardzero_plus_depr__c0p50__z1p00__lam0p020__nu0p50__psi0p75,hardzero_plus_depr,0.06,38,1080,0.0,2,0.075498134,0.075498134,0.97167057,0.106740534,0.106740534,1.0,6.0791133e-10,5.6952247e-09,-26.523357,2.137718,0.7125727,0.16000001,0.0,0.14674002,21.560303,21.580303,3459200
hardzero_plus_depr__c0p50__z1p00__lam0p020__nu0p50__psi0p75,hardzero_plus_depr,0.06,38,1081,0.0,2,0.075498134,0.075498134,1.0108947,0.0,0.09752261,0.0,0.0,5.610437e-09,-26.991943,2.2240126,0.74133754,0.16000001,0.0,0.17403713,21.580303,21.600304,3462400
hardzero_plus_depr__c0p50__z1p00__lam0p020__nu0p50__psi0p75,hardzero_plus_depr,0.06,38,1082,0.0,2,0.075498134,0.075498134,1.0644456,0.0,0.08620936,0.0,0.0,5.5269016e-09,-28.223028,2.3418272,0.7806091,0.136,0.0,0.20935042,21.600304,21.620304,3465600
hardzero_plus_depr__c0p50__z1p00__lam0p020__nu0p50__psi0p75,hardzero_plus_depr,0.06,38,1083,0.0,2,0.075498134,0.075498134,1.0163453,0.0,0.09630632,0.0,0.0,5.4446097e-09,-27.619656,2.2360044,0.7453348,0.17600001,0.0,0.16208611,21.620304,21.640305,3468800
hardzero_plus_depr__c0p50__z1p00__lam0p020__nu0p50__psi0p75,hardzero_plus_depr,0.06,38,1084,0.0,2,0.075498134,0.075498134,1.0484995,0.0,0.089433566,0.0,0.0,5.363553e-09,-27.909067,2.3067448,0.76891494,0.072000004,0.0,0.15938039,21.640305,21.660305,3472000
hardzero_plus_depr__c0p50__z1p00__lam0p020__nu0p50__psi0p75,hardzero_plus_depr,0.06,38,1085,0.0,2,0.075498134,0.075498134,0.99635,0.10084399,0.10084399,1.0,5.328297e-10,5.2837033e-09,-26.873465,2.1920137,0.7306713,0.136,0.0,0.1631765,21.660305,21.680305,3475200
hardzero_plus_depr__c0p50__z1p00__lam0p020__nu0p50__psi0p75,hardzero_plus_depr,0.06,38,1086,0.0,2,0.075498134,0.075498134,1.0249099,0.0,0.094425686,0.0,0.0,5.2050333e-09,-26.754507,2.2548468,0.75161564,0.128,0.0,0.15350783,21.680305,21.700306,3478400
hardzero_plus_depr__c0p50__z1p00__lam0p020__nu0p50__psi0p75,hardzero_plus_depr,0.06,38,1087,0.0,2,0.075498134,0.075498134,1.0373237,0.0,0.09176483,0.0,0.0,5.1275335e-09,-27.284077,2.2821577,0.76071924,0.128,0.0,0.1565746,21.700306,21.720306,3481600
hardzero_plus_depr__c0p50__z1p00__lam0p020__nu0p50__psi0p75,hardzero_plus_depr,0.06,38,1088,0.0,2,0.075498134,0.075498134,1.0081213,0.0,0.098147385,0.0,0.0,5.0511972e-09,-26.70577,2.217911,0.7393037,0.24000001,0.0,0.14421833,21.720306,21.740307,3484800
hardzero_plus_depr__c0p50__z1p00__lam0p020__nu0p50__psi0p75,hardzero_plus_depr,0.06,38,1089,0.0,2,0.075498134,0.075498134,1.0416294,0.0,0.09085955,0.0,0.0,4.9759974e-09,-27.729412,2.2916305,0.76387686,0.17600001,0.0,0.17700768,21.740307,21.760307,3488000
hardzero_plus_depr__c0p50__z1p00__lam0p020__nu0p50__psi0p75,hardzero_plus_depr,0.06,38,1090,0.0,2,0.075498134,0.075498134,1.0032668,0.0,0.099250615,0.0,0.0,4.9019087e-09,-27.118216,2.207231,0.7357437,0.208,0.0,0.1842862,21.760307,21.780308,3491200
hardzero_plus_depr__c0p50__z1p00__lam0p020__nu0p50__psi0p75,hardzero_plus_depr,0.06,38,1091,0.0,2,0.075498134,0.075498134,1.0364792,0.0,0.09194345,0.0,0.0,4.8289226e-09,-27.140831,2.2803,0.7601,0.128,0.0,0.16408658,21.780308,21.800308,3494400
hardzero_plus_depr__c0p50__z1p00__lam0p020__nu0p50__psi0p75,hardzero_plus_depr,0.06,38,1092,0.0,2,0.075498134,0.075498134,1.0680553,0.0,0.08549579,0.0,0.0,4.7570317e-09,-28.107811,2.3497686,0.78325623,0.13,0.0,0.16359498,21.800308,21.820309,3497600
hardzero_plus_depr__c0p50__z1p00__lam0p020__nu0p50__psi0p75,hardzero_plus_depr,0.06,38,1093,0.0,2,0.075498134,0.075498134,1.0150315,0.0,0.09659809,0.0,0.0,4.6862114e-09,-27.019976,2.2331138,0.7443713,0.16000001,0.0,0.15620737,21.820309,21.84031,3500800
hardzero_plus_depr__c0p50__z1p00__lam0p020__nu0p50__psi0p75,hardzero_plus_depr,0.06,38,1094,0.0,2,0.075498134,0.075498134,1.0445971,0.0,0.09024078,0.0,0.0,4.6164375e-09,-27.102674,2.2981596,0.7660532,0.104,0.0,0.14799286,21.84031,21.86031,3504000
hardzero_plus_depr__c0p50__z1p00__lam0p020__nu0p50__psi0p75,hardzero_plus_depr,0.06,38,1095,0.0,2,0.075498134,0.075498134,1.0391777,0.0,0.09137393,0.0,0.0,4.5477013e-09,-27.382004,2.2862365,0.7620789,0.16000001,0.0,0.157031,21.86031,21.88031,3507200
hardzero_plus_depr__c0p50__z1p00__lam0p020__nu0p50__psi0p75,hardzero_plus_depr,0.06,38,1096,0.0,2,0.075498134,0.075498134,1.0041624,0.0,0.09904613,0.0,0.0,4.4799977e-09,-26.320778,2.2092013,0.7364005,0.16000001,0.0,0.13461274,21.88031,21.90031,3510400
hardzero_plus_depr__c0p50__z1p00__lam0p020__nu0p50__psi0p75,hardzero_plus_depr,0.06,38,1097,0.0,2,0.075498134,0.075498134,1.0581025,0.0,0.08747773,0.0,0.0,4.413302e-09,-27.8289,2.327872,0.77595735,0.18400002,0.0,0.17948703,21.90031,21.920311,3513600
hardzero_plus_depr__c0p50__z1p00__lam0p020__nu0p50__psi0p75,hardzero_plus_depr,0.06,38,1098,0.0,2,0.075498134,0.075498134,0.98683685,0.103077315,0.103077315,1.0,4.4813797e-10,4.3475907e-09,-26.294388,2.1710844,0.7236948,0.16000001,0.0,0.16331834,21.920311,21.940311,3516800
hardzero_plus_depr__c0p50__z1p00__lam0p020__nu0p50__psi0p75,hardzero_plus_depr,0.06,38,1099,0.0,2,0.075498134,0.075498134,1.0633248,0.0,0.086432114,0.0,0.0,4.282858e-09,-28.295843,2.3393612,0.77978706,0.16000001,0.0,0.18995021,21.940311,21.960312,3520000
hardzero_plus_depr__c0p50__z1p00__lam0p020__nu0p50__psi0p75,hardzero_plus_depr,0.06,38,1100,0.0,2,0.075498134,0.075498134,1.0867157,0.0,0.08190007,0.0,0.0,4.2190975e-09,-28.1938,2.3908222,0.79694074,0.136,0.0,0.21807885,21.960312,21.980312,3523200
hardzero_plus_depr__c0p50__z1p00__lam0p020__nu0p50__psi0p75,hardzero_plus_depr,0.06,38,1101,0.0,2,0.075498134,0.075498134,1.0196621,0.0,0.095573574,0.0,0.0,4.1562855e-09,-27.800554,2.2433016,0.7477672,0.15200001,0.0,0.14931844,21.980312,22.000313,3526400
hardzero_plus_depr__c0p50__z1p00__lam0p020__nu0p50__psi0p75,hardzero_plus_depr,0.06,38,1102,0.0,2,0.075498134,0.075498134,1.0293537,0.0,0.093464404,0.0,0.0,4.0944013e-09,-26.999357,2.2646234,0.75487447,0.16800001,0.0,0.1702548,22.000313,22.020313,3529600
hardzero_plus_depr__c0p50__z1p00__lam0p020__nu0p50__psi0p75,hardzero_plus_depr,0.06,38,1103,0.0,2,0.075498134,0.075498134,1.0291466,0.0,0.093508996,0.0,0.0,4.033438e-09,-26.848263,2.2641675,0.75472254,0.2,0.0,0.15790004,22.020313,22.040314,3532800
hardzero_plus_depr__c0p50__z1p00__lam0p020__nu0p50__psi0p75,hardzero_plus_depr,0.06,38,1104,0.0,2,0.075498134,0.075498134,1.0395025,0.0,0.09130561,0.0,0.0,3.9733905e-09,-27.318903,2.286951,0.76231706,0.136,0.0,0.15319295,22.040314,22.060314,3536000
hardzero_plus_depr__c0p50__z1p00__lam0p020__nu0p50__psi0p75,hardzero_plus_depr,0.06,38,1105,0.0,2,0.075498134,0.075498134,1.0534549,0.0,0.08841891,0.0,0.0,3.914237e-09,-27.42978,2.317647,0.77254903,0.14999999,0.0,0.17307125,22.060314,22.080315,3539200
hardzero_plus_depr__c0p50__z1p00__lam0p020__nu0p50__psi0p75,hardzero_plus_depr,0.06,38,1106,0.0,2,0.075498134,0.075498134,1.035148,0.0,0.09222569,0.0,0.0,3.8559564e-09,-27.033348,2.2773712,0.75912374,0.128,0.0,0.14716618,22.080315,22.100315,3542400
hardzero_plus_depr__c0p50__z1p00__lam0p020__nu0p50__psi0p75,hardzero_plus_depr,0.06,38,1107,0.0,2,0.075498134,0.075498134,1.009812,0.0,0.09776602,0.0,0.0,3.798544e-09,-26.330906,2.2216308,0.7405436,0.15200001,0.0,0.17280707,22.100315,22.120316,3545600
hardzero_plus_depr__c0p50__z1p00__lam0p020__nu0p50__psi0p75,hardzero_plus_depr,0.06,38,1108,0.0,2,0.075498134,0.075498134,1.0296974,0.0,0.09339047,0.0,0.0,3.7419934e-09,-26.470993,2.2653794,0.7551265,0.192,0.0,0.1636048,22.120316,22.140316,3548800
hardzero_plus_depr__c0p50__z1p00__lam0p020__nu0p50__psi0p75,hardzero_plus_depr,0.06,38,1109,0.0,2,0.075498134,0.075498134,1.0520208,0.0,0.08871136,0.0,0.0,3.6862842e-09,-27.435162,2.314492,0.77149737,0.2,0.0,0.16138996,22.140316,22.160316,3552000
hardzero_plus_depr__c0p50__z1p00__lam0p020__nu0p50__psi0p75,hardzero_plus_depr,0.06,38,1110,0.0,2,0.075498134,0.075498134,1.0564286,0.0,0.08781556,0.0,0.0,3.6313978e-09,-27.69758,2.3241892,0.7747297,0.136,0.0,0.13821626,22.160316,22.180317,3555200
hardzero_plus_depr__c0p50__z1p00__lam0p020__nu0p50__psi0p75,hardzero_plus_depr,0.06,38,1111,0.0,2,0.075498134,0.075498134,1.010467,0.0,0.09761868,0.0,0.0,3.577329e-09,-27.574978,2.2230718,0.74102396,0.16800001,0.0,0.17629544,22.180317,22.200317,3558400
hardzero_plus_depr__c0p50__z1p00__lam0p020__nu0p50__psi0p75,hardzero_plus_depr,0.06,38,1112,0.0,2,0.075498134,0.075498134,1.0134552,0.0,0.09694935,0.0,0.0,3.524072e-09,-26.22478,2.2296457,0.74321526,0.14400001,0.0,0.16740844,22.200317,22.220318,3561600
hardzero_plus_depr__c0p50__z1p00__lam0p020__nu0p50__psi0p75,hardzero_plus_depr,0.06,38,1113,0.0,2,0.075498134,0.075498134,1.0260957,0.0,0.09416819,0.0,0.0,3.4716074e-09,-27.137518,2.2574558,0.7524853,0.2,0.0,0.15323927,22.220318,22.240318,3564800
hardzero_plus_depr__c0p50__z1p00__lam0p020__nu0p50__psi0p75,hardzero_plus_depr,0.06,38,1114,0.0,2,0.075498134,0.075498134,0.9677474,0.10770914,0.10770914,1.0,3.6835635e-10,3.4199172e-09,-26.28426,2.1290867,0.7096956,0.208,0.0,0.15520619,22.240318,22.260319,3568000
hardzero_plus_depr__c0p50__z1p00__lam0p020__nu0p50__psi0p75,hardzero_plus_depr,0.06,38,1115,0.0,2,0.075498134,0.075498134,1.0015893,0.0,0.09963472,0.0,0.0,3.3689969e-09,-27.161036,2.2035406,0.7345135,0.15200001,0.0,0.13845155,22.260319,22.28032,3571200
hardzero_plus_depr__c0p50__z1p00__lam0p020__nu0p50__psi0p75,hardzero_plus_depr,0.06,38,1116,0.0,2,0.075498134,0.075498134,1.0557052,0.0,0.08796195,0.0,0.0,3.3188414e-09,-27.581623,2.3225977,0.77419925,0.14400001,0.0,0.1617095,22.28032,22.30032,3574400
hardzero_plus_depr__c0p50__z1p00__lam0p020__nu0p50__psi0p75,hardzero_plus_depr,0.06,38,1117,0.0,2,0.075498134,0.075498134,1.0261525,0.0,0.09415589,0.0,0.0,3.2694323e-09,-27.083532,2.2575805,0.7525269,0.16000001,0.0,0.1424784,22.30032,22.32032,3577600
hardzero_plus_depr__c0p50__z1p00__lam0p020__nu0p50__psi0p75,hardzero_plus_depr,0.06,38,1118,0.0,2,0.075498134,0.075498134,0.9861388,0.103243135,0.103243135,1.0,3.325206e-10,3.2207526e-09,-26.643574,2.1695487,0.7231829,0.28,0.0,0.12826623,22.32032,22.34032,3580800
hardzero_plus_depr__c0p50__z1p00__lam0p020__nu0p50__psi0p75,hardzero_plus_depr,0.06,38,1119,0.0,2,0.075498134,0.075498134,1.0083232,0.0,0.09810176,0.0,0.0,3.1727976e-09,-26.77549,2.2183554,0.7394518,0.15200001,0.0,0.1509071,22.34032,22.360321,3584000
hardzero_plus_depr__c0p50__z1p00__lam0p020__nu0p50__psi0p75,hardzero_plus_depr,0.06,38,1120,0.0,2,0.075498134,0.075498134,1.0603715,0.0,0.087021865,0.0,0.0,3.125563e-09,-27.684858,2.332864,0.7776214,0.14400001,0.0,0.14741547,22.360321,22.380322,3587200
hardzero_plus_depr__c0p50__z1p00__lam0p020__nu0p50__psi0p75,hardzero_plus_depr,0.06,38,1121,0.0,2,0.075498134,0.075498134,1.0165366,0.0,0.09626389,0.0,0.0,3.079031e-09,-26.937073,2.2364252,0.74547505,0.17600001,0.0,0.1561321,22.380322,22.400322,3590400
hardzero_plus_depr__c0p50__z1p00__lam0p020__nu0p50__psi0p75,hardzero_plus_depr,0.06,38,1122,0.0,2,0.075498134,0.075498134,1.0643871,0.0,0.086220965,0.0,0.0,3.0331864e-09,-28.251852,2.3416984,0.78056616,0.136,0.0,0.18179077,22.400322,22.420322,3593600
hardzero_plus_depr__c0p50__z1p00__lam0p020__nu0p50__psi0p75,hardzero_plus_depr,0.06,38,1123,0.0,2,0.075498134,0.075498134,1.055104,0.0,0.088083796,0.0,0.0,2.9880243e-09,-27.2484,2.3212752,0.7737584,0.15200001,0.0,0.17348228,22.420322,22.440323,3596800
hardzero_plus_depr__c0p50__z1p00__lam0p020__nu0p50__psi0p75,hardzero_plus_depr,0.06,38,1124,0.0,2,0.075498134,0.075498134,1.0360173,0.0,0.092041284,0.0,0.0,2.9435399e-09,-27.33033,2.2792835,0.7597612,0.15200001,0.0,0.15436456,22.440323,22.460323,3600000
hardzero_plus_depr__c0p50__z1p00__lam0p020__nu0p50__psi0p75,hardzero_plus_depr,0.06,38,1125,0.0,2,0.075498134,0.075498134,1.0071206,0.0,0.098373786,0.0,0.0,2.8997182e-09,-27.04048,2.2157097,0.7385699,0.216,0.0,0.16677468,22.460323,22.480324,3603200
hardzero_plus_depr__c0p50__z1p00__lam0p020__nu0p50__psi0p75,hardzero_plus_depr,0.06,38,1126,0.0,2,0.075498134,0.075498134,1.0176569,0.0,0.096015885,0.0,0.0,2.8565434e-09,-26.824198,2.23889,0.74629664,0.2,0.0,0.19021696,22.480324,22.500324,3606400
hardzero_plus_depr__c0p50__z1p00__lam0p020__nu0p50__psi0p75,hardzero_plus_depr,0.06,38,1127,0.0,2,0.075498134,0.075498134,1.0200508,0.0,0.095488094,0.0,0.0,2.8140115e-09,-26.9158,2.2441564,0.7480521,0.112,0.0,0.16522263,22.500324,22.520325,3609600
hardzero_plus_depr__c0p50__z1p00__lam0p020__nu0p50__psi0p75,hardzero_plus_depr,0.06,38,1128,0.0,2,0.075498134,0.075498134,1.0204582,0.0,0.09539855,0.0,0.0,2.7721179e-09,-27.620556,2.2450528,0.748351,0.112,0.0,0.17039683,22.520325,22.540325,3612800
hardzero_plus_depr__c0p50__z1p00__lam0p020__nu0p50__psi0p75,hardzero_plus_depr,0.06,38,1129,0.0,2,0.075498134,0.075498134,0.9625475,0.10900653,0.10900653,1.0,2.976803e-10,2.7308482e-09,-26.69685,2.1176467,0.70588225,0.17600001,0.0,0.14246191,22.540325,22.560326,3616000
hardzero_plus_depr__c0p50__z1p00__lam0p020__nu0p50__psi0p75,hardzero_plus_depr,0.06,38,1130,0.0,2,0.075498134,0.075498134,0.9698104,0.10719871,0.10719871,1.0,2.8838465e-10,2.6901876e-09,-25.997833,2.1336255,0.7112085,0.18400002,0.0,0.13951081,22.560326,22.580326,3619200
hardzero_plus_depr__c0p50__z1p00__lam0p020__nu0p50__psi0p75,hardzero_plus_depr,0.06,38,1131,0.0,2,0.075498134,0.075498134,1.0593673,0.0,0.087223336,0.0,0.0,2.6501323e-09,-26.870308,2.3306546,0.7768849,0.17,0.0,0.17395882,22.580326,22.600327,3622400
hardzero_plus_depr__c0p50__z1p00__lam0p020__nu0p50__psi0p75,hardzero_plus_depr,0.06,38,1132,0.0,2,0.075498134,0.075498134,1.0221469,0.0,0.095028326,0.0,0.0,2.6106788e-09,-26.571627,2.248768,0.7495894,0.208,0.0,0.15505287,22.600327,22.620327,3625600
hardzero_plus_depr__c0p50__z1p00__lam0p020__nu0p50__psi0p75,hardzero_plus_depr,0.06,38,1133,0.0,2,0.075498134,0.075498134,1.0726511,0.0,0.08459581,0.0,0.0,2.5718123e-09,-27.389063,2.3598797,0.7866266,0.208,0.0,0.16706412,22.620327,22.640327,3628800
hardzero_plus_depr__c0p50__z1p00__lam0p020__nu0p50__psi0p75,hardzero_plus_depr,0.06,38,1134,0.0,2,0.075498134,0.075498134,1.048822,0.0,0.08936715,0.0,0.0,2.5335196e-09,-27.389326,2.3074546,0.76915157,0.18400002,0.0,0.1768275,22.640327,22.660328,3632000
hardzero_plus_depr__c0p50__z1p00__lam0p020__nu0p50__psi0p75,hardzero_plus_depr,0.06,38,1135,0.0,2,0.075498134,0.075498134,1.0418465,0.0,0.09081413,0.0,0.0,2.4957971e-09,-27.852934,2.292108,0.76403606,0.16000001,0.0,0.16022065,22.660328,22.680328,3635200
hardzero_plus_depr__c0p50__z1p00__lam0p020__nu0p50__psi0p75,hardzero_plus_depr,0.06,38,1136,0.0,2,0.075498134,0.075498134,1.0154679,0.0,0.09650106,0.0,0.0,2.458641e-09,-27.187107,2.2340739,0.7446913,0.16000001,0.0,0.15850246,22.680328,22.700329,3638400
hardzero_plus_depr__c0p50__z1p00__lam0p020__nu0p50__psi0p75,hardzero_plus_depr,0.06,38,1137,0.0,2,0.075498134,0.075498134,1.0606991,0.0,0.08695627,0.0,0.0,2.4220381e-09,-27.775053,2.3335845,0.77786154,0.120000005,0.0,0.16666885,22.700329,22.72033,3641600
hardzero_plus_depr__c0p50__z1p00__lam0p020__nu0p50__psi0p75,hardzero_plus_depr,0.06,38,1138,0.0,2,0.075498134,0.075498134,0.96786135,0.107680894,0.107680894,1.0,2.5692398e-10,2.3859756e-09,-26.89749,2.1293375,0.7097792,0.2,0.008,0.15153988,22.72033,22.74033,3644800
hardzero_plus_depr__c0p50__z1p00__lam0p020__nu0p50__psi0p75,hardzero_plus_depr,0.06,38,1139,0.0,2,0.075498134,0.075498134,1.0102724,0.0,0.09766245,0.0,0.0,2.35045e-09,-27.002995,2.2226436,0.7408812,0.112,0.0,0.13421386,22.74033,22.76033,3648000
hardzero_plus_depr__c0p50__z1p00__lam0p020__nu0p50__psi0p75,hardzero_plus_depr,0.06,38,1140,0.0,2,0.075498134,0.075498134,1.0744404,0.0,0.08424801,0.0,0.0,2.315458e-09,-28.224272,2.363816,0.7879387,0.256,0.0,0.18992554,22.76033,22.78033,3651200
hardzero_plus_depr__c0p50__z1p00__lam0p020__nu0p50__psi0p75,hardzero_plus_depr,0.06,38,1141,0.0,2,0.075498134,0.075498134,0.9894323,0.10246315,0.10246315,1.0,2.3371707e-10,2.2809867e-09,-26.431143,2.1767945,0.7255982,0.136,0.0,0.1543393,22.78033,22.800331,3654400
hardzero_plus_depr__c0p50__z1p00__lam0p020__nu0p50__psi0p75,hardzero_plus_depr,0.06,38,1142,0.0,2,0.075498134,0.075498134,1.0240817,0.0,0.09460591,0.0,0.0,2.2470243e-09,-26.848602,2.2530248,0.7510083,0.120000005,0.0,0.16977715,22.800331,22.820332,3657600
hardzero_plus_depr__c0p50__z1p00__lam0p020__nu0p50__psi0p75,hardzero_plus_depr,0.06,38,1143,0.0,2,0.075498134,0.075498134,1.0849613,0.0,0.082231596,0.0,0.0,2.2135676e-09,-28.694332,2.3869624,0.7956542,0.112,0.0,0.20030195,22.820332,22.840332,3660800
hardzero_plus_depr__c0p50__z1p00__lam0p020__nu0p50__psi0p75,hardzero_plus_depr,0.06,38,1144,0.0,2,0.075498134,0.075498134,1.0244998,0.0,0.0945149,0.0,0.0,2.1806132e-09,-26.84119,2.2539446,0.7513149,0.11,0.01,0.1713853,22.840332,22.860332,3664000
hardzero_plus_depr__c0p50__z1p00__lam0p020__nu0p50__psi0p75,hardzero_plus_depr,0.06,38,1145,0.0,2,0.075498134,0.075498134,1.0461046,0.0,0.089928105,0.0,0.0,2.1481494e-09,-27.383467,2.301476,0.7671587,0.104,0.0,0.16013768,22.860332,22.880333,3667200
hardzero_plus_depr__c0p50__z1p00__lam0p020__nu0p50__psi0p75,hardzero_plus_depr,0.06,38,1146,0.0,2,0.075498134,0.075498134,0.99476,0.10121387,0.10121387,1.0,2.1418524e-10,2.1161648e-09,-27.009108,2.1885157,0.72950524,0.17600001,0.0,0.17247503,22.880333,22.900333,3670400
hardzero_plus_depr__c0p50__z1p00__lam0p020__nu0p50__psi0p75,hardzero_plus_depr,0.06,38,1147,0.0,2,0.075498134,0.075498134,1.0323331,0.0,0.092825405,0.0,0.0,2.0846567e-09,-27.240566,2.2711782,0.75705945,0.136,0.0,0.15764272,22.900333,22.920334,3673600
hardzero_plus_depr__c0p50__z1p00__lam0p020__nu0p50__psi0p75,hardzero_plus_depr,0.06,38,1148,0.0,2,0.075498134,0.075498134,0.9788324,0.104994744,0.104994744,1.0,2.1561947e-10,2.0536215e-09,-26.348352,2.1534743,0.7178248,0.256,0.0,0.15445216,22.920334,22.940334,3676800
hardzero_plus_depr__c0p50__z1p00__lam0p020__nu0p50__psi0p75,hardzero_plus_depr,0.06,38,1149,0.0,2,0.075498134,0.075498134,1.0316973,0.0,0.092961416,0.0,0.0,2.023048e-09,-27.13858,2.2697794,0.75659317,0.136,0.0,0.15855497,22.940334,22.960335,3680000
hardzero_plus_depr__c0p50__z1p00__lam0p020__nu0p50__psi0p75,hardzero_plus_depr,0.06,38,1150,0.0,2,0.075498134,0.075498134,0.99216574,0.10182026,0.10182026,1.0,2.0292025e-10,1.992926e-09,-26.27467,2.1828082,0.7276027,0.18400002,0.0,0.1773483,22.960335,22.980335,3683200
hardzero_plus_depr__c0p50__z1p00__lam0p020__nu0p50__psi0p75,hardzero_plus_depr,0.06,38,1151,0.0,2,0.075498134,0.075498134,1.0249513,0.0,0.094416656,0.0,0.0,1.9632527e-09,-27.317745,2.254938,0.751646,0.17600001,0.0,0.17506586,22.980335,23.000336,3686400
hardzero_plus_depr__c0p50__z1p00__lam0p020__nu0p50__psi0p75,hardzero_plus_depr,0.06,38,1152,0.0,2,0.075498134,0.075498134,0.984404,0.10365637,0.10365637,1.0,2.00474e-10,1.934025e-09,-26.158644,2.1657321,0.7219107,0.192,0.0,0.13620037,23.000336,23.020336,3689600
hardzero_plus_depr__c0p50__z1p00__lam0p020__nu0p50__psi0p75,hardzero_plus_depr,0.06,38,1153,0.0,2,0.075498134,0.075498134,1.0203552,0.0,0.09542116,0.0,0.0,1.9052322e-09,-27.467928,2.2448263,0.74827546,0.216,0.0,0.19421332,23.020336,23.040337,3692800
hardzero_plus_depr__c0p50__z1p00__lam0p020__nu0p50__psi0p75,hardzero_plus_depr,0.06,38,1154,0.0,2,0.075498134,0.075498134,1.020829,0.0,0.09531714,0.0,0.0,1.8768647e-09,-27.055555,2.2458687,0.7486229,0.16000001,0.0,0.16246209,23.040337,23.060337,3696000
hardzero_plus_depr__c0p50__z1p00__lam0p020__nu0p50__psi0p75,hardzero_plus_depr,0.06,38,1155,0.0,2,0.075498134,0.075498134,1.0364026,0.0,0.09195967,0.0,0.0,1.8489192e-09,-27.43168,2.2801313,0.7600438,0.16000001,0.0,0.17815979,23.060337,23.080338,3699200
hardzero_plus_depr__c0p50__z1p00__lam0p020__nu0p50__psi0p75,hardzero_plus_depr,0.06,38,1156,0.0,2,0.075498134,0.075498134,1.0626487,0.0,0.08656678,0.0,0.0,1.8213936e-09,-27.72441,2.3378737,0.7792913,0.120000005,0.0,0.14687221,23.080338,23.100338,3702400
hardzero_plus_depr__c0p50__z1p00__lam0p020__nu0p50__psi0p75,hardzero_plus_depr,0.06,38,1157,0.0,2,0.075498134,0.075498134,1.0552334,0.0,0.08805755,0.0,0.0,1.7942777e-09,-27.750664,2.3215597,0.77385324,0.14999999,0.0,0.16345428,23.100338,23.120338,3705600
hardzero_plus_depr__c0p50__z1p00__lam0p020__nu0p50__psi0p75,hardzero_plus_depr,0.06,38,1158,0.0,2,0.075498134,0.075498134,0.98941916,0.10246625,0.10246625,1.0,1.8111547e-10,1.7675622e-09,-26.839598,2.1767657,0.72558856,0.2,0.0,0.17018121,23.120338,23.140339,3708800
hardzero_plus_depr__c0p50__z1p00__lam0p020__nu0p50__psi0p75,hardzero_plus_depr,0.06,38,1159,0.0,2,0.075498134,0.075498134,0.9608061,0.1094445,0.1094445,1.0,1.905696e-10,1.7412443e-09,-26.482607,2.1138155,0.7046052,0.208,0.0,0.14175288,23.140339,23.16034,3712000
hardzero_plus_depr__c0p50__z1p00__lam0p020__nu0p50__psi0p75,hardzero_plus_depr,0.06,38,1160,0.0,2,0.075498134,0.075498134,1.0652093,0.0,0.0860579,0.0,0.0,1.7153216e-09,-28.053661,2.3435073,0.7811691,0.136,0.0,0.16803358,23.16034,23.18034,3715200
hardzero_plus_depr__c0p50__z1p00__lam0p020__nu0p50__psi0p75,hardzero_plus_depr,0.06,38,1161,0.0,2,0.075498134,0.075498134,1.0098126,0.0,0.09776591,0.0,0.0,1.6897848e-09,-26.757448,2.221632,0.740544,0.15200001,0.008,0.1670218,23.18034,23.20034,3718400
hardzero_plus_depr__c0p50__z1p00__lam0p020__nu0p50__psi0p75,hardzero_plus_depr,0.06,38,1162,0.0,2,0.075498134,0.075498134,1.0457203,0.0,0.0900077,0.0,0.0,1.664625e-09,-26.385979,2.3006306,0.7668769,0.16000001,0.0,0.16269787,23.20034,23.22034,3721600
hardzero_plus_depr__c0p50__z1p00__lam0p020__nu0p50__psi0p75,hardzero_plus_depr,0.06,38,1163,0.0,2,0.075498134,0.075498134,0.9789618,0.10496346,0.10496346,1.0,1.7212326e-10,1.6398398e-09,-26.703966,2.153759,0.7179197,0.17600001,0.0,0.16251332,23.22034,23.240341,3724800
hardzero_plus_depr__c0p50__z1p00__lam0p020__nu0p50__psi0p75,hardzero_plus_depr,0.06,38,1164,0.0,2,0.075498134,0.075498134,0.98223597,0.104175106,0.104175106,1.0,1.6828727e-10,1.6154269e-09,-26.901178,2.1609623,0.7203208,0.2,0.0,0.17404601,23.240341,23.260342,3728000
hardzero_plus_depr__c0p50__z1p00__lam0p020__nu0p50__psi0p75,hardzero_plus_depr,0.06,38,1165,0.0,2,0.075498134,0.075498134,1.0227098,0.0,0.09490523,0.0,0.0,1.5913773e-09,-26.782255,2.2500067,0.75000226,0.136,0.0,0.1546178,23.260342,23.280342,3731200
hardzero_plus_depr__c0p50__z1p00__lam0p020__nu0p50__psi0p75,hardzero_plus_depr,0.06,38,1166,0.0,2,0.075498134,0.075498134,1.0510749,0.0,0.08890478,0.0,0.0,1.5676825e-09,-27.343967,2.3124108,0.77080363,0.192,0.0,0.2018452,23.280342,23.300343,3734400
hardzero_plus_depr__c0p50__z1p00__lam0p020__nu0p50__psi0p75,hardzero_plus_depr,0.06,38,1167,0.0,2,0.075498134,0.075498134,0.99904794,0.100219466,0.100219466,1.0,1.5477301e-10,1.5443409e-09,-27.091993,2.1979494,0.7326498,0.120000005,0.0,0.19145122,23.300343,23.320343,3737600
hardzero_plus_depr__c0p50__z1p00__lam0p020__nu0p50__psi0p75,hardzero_plus_depr,0.06,38,1168,0.0,2,0.075498134,0.075498134,1.0278149,0.0,0.093796164,0.0,0.0,1.5213496e-09,-26.863047,2.2612379,0.753746,0.15200001,0.0,0.17389983,23.320343,23.340343,3740800
hardzero_plus_depr__c0p50__z1p00__lam0p020__nu0p50__psi0p75,hardzero_plus_depr,0.06,38,1169,0.0,2,0.075498134,0.075498134,1.0145218,0.0,0.09671151,0.0,0.0,1.4987005e-09,-27.52603,2.2319927,0.7439976,0.16800001,0.0,0.16931354,23.340343,23.360344,3744000
hardzero_plus_depr__c0p50__z1p00__lam0p020__nu0p50__psi0p75,hardzero_plus_depr,0.06,38,1170,0.0,2,0.075498134,0.075498134,0.960009,0.10964555,0.10964555,1.0,1.6187914e-10,1.4763858e-09,-26.181593,2.112062,0.7040207,0.26,0.0,0.13455036,23.360344,23.380344,3747200
hardzero_plus_depr__c0p50__z1p00__lam0p020__nu0p50__psi0p75,hardzero_plus_depr,0.06,38,1171,0.0,2,0.075498134,0.075498134,1.0296283,0.0,0.09340534,0.0,0.0,1.4544036e-09,-27.463932,2.2652273,0.7550758,0.16000001,0.0,0.17930347,23.380344,23.400345,3750400
hardzero_plus_depr__c0p50__z1p00__lam0p020__nu0p50__psi0p75,hardzero_plus_depr,0.06,38,1172,0.0,2,0.075498134,0.075498134,1.0013493,0.0,0.0996898,0.0,0.0,1.4327511e-09,-27.054266,2.2030125,0.7343375,0.18400002,0.0,0.15044615,23.400345,23.420345,3753600
hardzero_plus_depr__c0p50__z1p00__lam0p020__nu0p50__psi0p75,hardzero_plus_depr,0.06,38,1173,0.0,2,0.075498134,0.075498134,1.1524813,0.0,0.07039125,0.0,0.0,1.411421e-09,-29.553747,2.5355096,0.8451699,0.136,0.0,0.20004869,23.420345,23.440346,3756800
hardzero_plus_depr__c0p50__z1p00__lam0p020__nu0p50__psi0p75,hardzero_plus_depr,0.06,38,1174,0.0,2,0.075498134,0.075498134,0.9962,0.10087881,0.10087881,1.0,1.4026251e-10,1.390406e-09,-27.18177,2.1916838,0.73056126,0.120000005,0.0,0.17922308,23.440346,23.460346,3760000
hardzero_plus_depr__c0p50__z1p00__lam0p020__nu0p50__psi0p75,hardzero_plus_depr,0.06,38,1175,0.0,2,0.075498134,0.075498134,1.028029,0.0,0.09374993,0.0,0.0,1.3697038e-09,-26.545681,2.261709,0.75390303,0.15200001,0.0,0.15891327,23.460346,23.480347,3763200
hardzero_plus_depr__c0p50__z1p00__lam0p020__nu0p50__psi0p75,hardzero_plus_depr,0.06,38,1176,0.0,2,0.075498134,0.075498134,1.0317643,0.0,0.09294708,0.0,0.0,1.3493123e-09,-27.27473,2.2699268,0.7566423,0.16800001,0.0,0.17654926,23.480347,23.500347,3766400
hardzero_plus_depr__c0p50__z1p00__lam0p020__nu0p50__psi0p75,hardzero_plus_depr,0.06,38,1177,0.0,2,0.075498134,0.075498134,1.0059705,0.0,0.09863466,0.0,0.0,1.3292246e-09,-26.321768,2.2131793,0.73772645,0.16800001,0.0,0.13890852,23.500347,23.520348,3769600
hardzero_plus_depr__c0p50__z1p00__lam0p020__nu0p50__psi0p75,hardzero_plus_depr,0.06,38,1178,0.0,2,0.075498134,0.075498134,1.0562787,0.0,0.08784586,0.0,0.0,1.3094332e-09,-28.065708,2.3238595,0.7746198,0.104,0.0,0.18892983,23.520348,23.540348,3772800
hardzero_plus_depr__c0p50__z1p00__lam0p020__nu0p50__psi0p75,hardzero_plus_depr,0.06,38,1179,0.0,2,0.075498134,0.075498134,1.0132797,0.0,0.096988514,0.0,0.0,1.2899367e-09,-27.73809,2.2292597,0.7430866,0.16000001,0.0,0.13888912,23.540348,23.560349,3776000
hardzero_plus_depr__c0p50__z1p00__lam0p020__nu0p50__psi0p75,hardzero_plus_depr,0.06,38,1180,0.0,2,0.075498134,0.075498134,1.0913843,0.0,0.08102437,0.0,0.0,1.2707327e-09,-28.806887,2.4010935,0.8003645,0.128,0.0,0.17995201,23.560349,23.580349,3779200
hardzero_plus_depr__c0p50__z1p00__lam0p020__nu0p50__psi0p75,hardzero_plus_depr,0.06,38,1181,0.0,2,0.075498134,0.075498134,1.0475745,0.0,0.08962425,0.0,0.0,1.2518149e-09,-28.115688,2.30471,0.76823664,0.15200001,0.0,0.17974679,23.580349,23.60035,3782400
hardzero_plus_depr__c0p50__z1p00__lam0p020__nu0p50__psi0p75,hardzero_plus_depr,0.06,38,1182,0.0,2,0.075498134,0.075498134,1.0301088,0.0,0.09330205,0.0,0.0,1.2331761e-09,-27.283405,2.2662847,0.75542825,0.136,0.0,0.17277135,23.60035,23.62035,3785600
hardzero_plus_depr__c0p50__z1p00__lam0p020__nu0p50__psi0p75,hardzero_plus_depr,0.06,38,1183,0.0,2,0.075498134,0.075498134,0.97730005,0.10536586,0.10536586,1.0,1.2800001e-10,1.2148149e-09,-26.835922,2.150103,0.71670103,0.14999999,0.0,0.17710774,23.62035,23.64035,3788800
hardzero_plus_depr__c0p50__z1p00__lam0p020__nu0p50__psi0p75,hardzero_plus_depr,0.06,38,1184,0.0,2,0.075498134,0.075498134,1.0493569,0.0,0.08925715,0.0,0.0,1.1967294e-09,-28.148834,2.3086314,0.7695438,0.24000001,0.0,0.18927069,23.64035,23.66035,3792000
hardzero_plus_depr__c0p50__z1p00__lam0p020__nu0p50__psi0p75,hardzero_plus_depr,0.06,38,1185,0.0,2,0.075498134,0.075498134,1.0309176,0.0,0.093128435,0.0,0.0,1.1789132e-09,-27.524578,2.268064,0.7560214,0.120000005,0.0,0.16020241,23.66035,23.680351,3795200
hardzero_plus_depr__c0p50__z1p00__lam0p020__nu0p50__psi0p75,hardzero_plus_depr,0.06,38,1186,0.0,2,0.075498134,0.075498134,0.9964986,0.10080949,0.10080949,1.0,1.1707608e-10,1.1613598e-09,-26.582287,2.1923406,0.73078024,0.16800001,0.0,0.13749082,23.680351,23.700352,3798400
hardzero_plus_depr__c0p50__z1p00__lam0p020__nu0p50__psi0p75,hardzero_plus_depr,0.06,38,1187,0.0,2,0.075498134,0.075498134,0.99693906,0.1007073,0.1007073,1.0,1.15216e-10,1.1440681e-09,-27.808645,2.1933098,0.7311033,0.14400001,0.0,0.17435776,23.700352,23.720352,3801600
hardzero_plus_depr__c0p50__z1p00__lam0p020__nu0p50__psi0p75,hardzero_plus_depr,0.06,38,1188,0.0,2,0.075498134,0.075498134,1.0591031,0.0,0.0872764,0.0,0.0,1.1270358e-09,-27.960993,2.3300734,0.77669114,0.136,0.0,0.19111045,23.720352,23.740353,3804800
hardzero_plus_depr__c0p50__z1p00__lam0p020__nu0p50__psi0p75,hardzero_plus_depr,0.06,38,1189,0.0,2,0.075498134,0.075498134,1.0228804,0.0,0.09486796,0.0,0.0,1.1102571e-09,-26.235012,2.250382,0.7501273,0.18400002,0.0,0.15198515,23.740353,23.760353,3808000
hardzero_plus_depr__c0p50__z1p00__lam0p020__nu0p50__psi0p75,hardzero_plus_depr,0.06,38,1190,0.0,2,0.075498134,0.075498134,1.013808,0.0,0.0968706,0.0,0.0,1.093726e-09,-27.696321,2.2304223,0.7434741,0.14400001,0.0,0.15345404,23.760353,23.780354,3811200
hardzero_plus_depr__c0p50__z1p00__lam0p020__nu0p50__psi0p75,hardzero_plus_depr,0.06,38,1191,0.0,2,0.075498134,0.075498134,1.0172955,0.0,0.09609583,0.0,0.0,1.0774412e-09,-27.265844,2.2380948,0.74603164,0.208,0.0,0.16559428,23.780354,23.800354,3814400
hardzero_plus_depr__c0p50__z1p00__lam0p020__nu0p50__psi0p75,hardzero_plus_depr,0.06,38,1192,0.0,2,0.075498134,0.075498134,0.9707766,0.10696049,0.10696049,1.0,1.1352796e-10,1.0614009e-09,-26.088696,2.1357512,0.7119171,0.15200001,0.0,0.15446043,23.800354,23.820354,3817600
hardzero_plus_depr__c0p50__z1p00__lam0p020__nu0p50__psi0p75,hardzero_plus_depr,0.06,38,1193,0.0,2,0.075498134,0.075498134,1.0000155,0.0,0.099996425,0.0,0.0,1.0455992e-09,-26.571732,2.200078,0.73335934,0.17600001,0.0,0.14148499,23.820354,23.840355,3820800
hardzero_plus_depr__c0p50__z1p00__lam0p020__nu0p50__psi0p75,hardzero_plus_depr,0.06,38,1194,0.0,2,0.075498134,0.075498134,0.9768668,0.10547104,0.10547104,1.0,1.08638445e-10,1.0300311e-09,-26.34517,2.14915,0.71638334,0.208,0.0,0.14785996,23.840355,23.860355,3824000
hardzero_plus_depr__c0p50__z1p00__lam0p020__nu0p50__psi0p75,hardzero_plus_depr,0.06,38,1195,0.0,2,0.075498134,0.075498134,0.9676742,0.1077273,0.1077273,1.0,1.09310304e-10,1.0146946e-09,-27.166088,2.1289258,0.70964193,0.15200001,0.0,0.17007299,23.860355,23.880356,3827200
hardzero_plus_depr__c0p50__z1p00__lam0p020__nu0p50__psi0p75,hardzero_plus_depr,0.06,38,1196,0.0,2,0.075498134,0.075498134,1.080609,0.0,0.08305981,0.0,0.0,9.995882e-10,-28.605017,2.3773873,0.79246247,0.19,0.0,0.18283202,23.880356,23.900356,3830400
hardzero_plus_depr__c0p50__z1p00__lam0p020__nu0p50__psi0p75,hardzero_plus_depr,0.06,38,1197,0.0,2,0.075498134,0.075498134,1.0406497,0.0,0.09106476,0.0,0.0,9.84707e-10,-28.138718,2.289475,0.7631583,0.16800001,0.0,0.18490928,23.900356,23.920357,3833600
hardzero_plus_depr__c0p50__z1p00__lam0p020__nu0p50__psi0p75,hardzero_plus_depr,0.06,38,1198,0.0,2,0.075498134,0.075498134,1.0721457,0.0,0.08469431,0.0,0.0,9.700454e-10,-27.82008,2.3587677,0.78625596,0.104,0.0,0.14321505,23.920357,23.940357,3836800
hardzero_plus_depr__c0p50__z1p00__lam0p020__nu0p50__psi0p75,hardzero_plus_depr,0.06,38,1199,0.0,2,0.075498134,0.075498134,1.0359294,0.0,0.09205992,0.0,0.0,9.556019e-10,-26.725645,2.2790904,0.75969684,0.128,0.0,0.1705401,23.940357,23.960358,3840000
hardzero_plus_depr__c0p50__z1p00__lam0p020__nu0p50__psi0p75,hardzero_plus_depr,0.06,38,1200,0.0,2,0.075498134,0.075498134,1.0369482,0.0,0.09184422,0.0,0.0,9.413755e-10,-27.436575,2.2813315,0.76044387,0.136,0.0,0.14934787,23.960358,23.980358,3843200
hardzero_plus_depr__c0p50__z1p00__lam0p020__nu0p50__psi0p75,hardzero_plus_depr,0.06,38,1201,0.0,2,0.075498134,0.075498134,1.0452186,0.0,0.090111755,0.0,0.0,9.273609e-10,-27.993599,2.2995267,0.76650894,0.18400002,0.0,0.16611929,23.980358,24.000359,3846400
hardzero_plus_depr__c0p50__z1p00__lam0p020__nu0p50__psi0p75,hardzero_plus_depr,0.06,38,1202,0.0,2,0.075498134,0.075498134,0.9312293,0.11715767,0.11715767,1.0,1.07029746e-10,9.1355307e-10,-25.1529,2.0487454,0.68291515,0.24800001,0.0,0.121863976,24.000359,24.020359,3849600
hardzero_plus_depr__c0p50__z1p00__lam0p020__nu0p50__psi0p75,hardzero_plus_depr,0.06,38,1203,0.0,2,0.075498134,0.075498134,1.0300089,0.0,0.09332352,0.0,0.0,8.9995084e-10,-28.17245,2.266065,0.755355,0.18400002,0.0,0.15734085,24.020359,24.04036,3852800
hardzero_plus_depr__c0p50__z1p00__lam0p020__nu0p50__psi0p75,hardzero_plus_depr,0.06,38,1204,0.0,2,0.075498134,0.075498134,1.0423322,0.0,0.090712644,0.0,0.0,8.865529e-10,-28.069641,2.2931767,0.76439226,0.136,0.0,0.17554368,24.04036,24.06036,3856000
hardzero_plus_depr__c0p50__z1p00__lam0p020__nu0p50__psi0p75,hardzero_plus_depr,0.06,38,1205,0.0,2,0.075498134,0.075498134,0.9941126,0.10136485,0.10136485,1.0,8.852743e-11,8.7335433e-10,-27.19376,2.1870914,0.7290305,0.128,0.0,0.1388373,24.06036,24.08036,3859200
hardzero_plus_depr__c0p50__z1p00__lam0p020__nu0p50__psi0p75,hardzero_plus_depr,0.06,38,1206,0.0,2,0.075498134,0.075498134,1.0095185,0.0,0.09783212,0.0,0.0,8.603506e-10,-27.278257,2.220985,0.7403283,0.120000005,0.0,0.14393987,24.08036,24.10036,3862400
hardzero_plus_depr__c0p50__z1p00__lam0p020__nu0p50__psi0p75,hardzero_plus_depr,0.06,38,1207,0.0,2,0.075498134,0.075498134,1.0254319,0.0,0.09431226,0.0,0.0,8.475406e-10,-27.998623,2.255995,0.75199836,0.2,0.0,0.20568301,24.10036,24.120361,3865600
hardzero_plus_depr__c0p50__z1p00__lam0p020__nu0p50__psi0p75,hardzero_plus_depr,0.06,38,1208,0.0,2,0.075498134,0.075498134,1.0683278,0.0,0.08544216,0.0,0.0,8.349229e-10,-28.071293,2.350368,0.783456,0.104,0.0,0.1628993,24.120361,24.140362,3868800
hardzero_plus_depr__c0p50__z1p00__lam0p020__nu0p50__psi0p75,hardzero_plus_depr,0.06,38,1209,0.0,2,0.075498134,0.075498134,1.0911475,0.0,0.08106856,0.0,0.0,8.2249296e-10,-28.238276,2.4005725,0.80019087,0.13,0.0,0.17333636,24.140362,24.160362,3872000
hardzero_plus_depr__c0p50__z1p00__lam0p020__nu0p50__psi0p75,hardzero_plus_depr,0.06,38,1210,0.0,2,0.075498134,0.075498134,1.0041404,0.0,0.09905117,0.0,0.0,8.1024665e-10,-26.385868,2.209153,0.73638433,0.15200001,0.0,0.15705565,24.160362,24.180363,3875200
hardzero_plus_depr__c0p50__z1p00__lam0p020__nu0p50__psi0p75,hardzero_plus_depr,0.06,38,1211,0.0,2,0.075498134,0.075498134,1.0096558,0.0,0.09780117,0.0,0.0,7.9818263e-10,-27.335766,2.2212873,0.7404291,0.15200001,0.0,0.16049118,24.180363,24.200363,3878400
hardzero_plus_depr__c0p50__z1p00__lam0p020__nu0p50__psi0p75,hardzero_plus_depr,0.06,38,1212,0.0,2,0.075498134,0.075498134,0.99850243,0.10034542,0.10034542,1.0,7.890157e-11,7.862997e-10,-26.336824,2.1967492,0.73224974,0.16000001,0.0,0.14923683,24.200363,24.220364,3881600
hardzero_plus_depr__c0p50__z1p00__lam0p020__nu0p50__psi0p75,hardzero_plus_depr,0.06,38,1213,0.0,2,0.075498134,0.075498134,1.04192,0.0,0.09079879,0.0,0.0,7.745937e-10,-26.463661,2.2922697,0.76408994,0.23200001,0.0,0.16526437,24.220364,24.240364,3884800
hardzero_plus_depr__c0p50__z1p00__lam0p020__nu0p50__psi0p75,hardzero_plus_depr,0.06,38,1214,0.0,2,0.075498134,0.075498134,1.0891668,0.0,0.08143914,0.0,0.0,7.630605e-10,-27.68618,2.3962147,0.79873824,0.136,0.0,0.17220782,24.240364,24.260365,3888000
hardzero_plus_depr__c0p50__z1p00__lam0p020__nu0p50__psi0p75,hardzero_plus_depr,0.06,38,1215,0.0,2,0.075498134,0.075498134,1.0321745,0.0,0.09285932,0.0,0.0,7.51699e-10,-27.194658,2.2708292,0.7569431,0.15200001,0.0,0.19454707,24.260365,24.280365,3891200
hardzero_plus_depr__c0p50__z1p00__lam0p020__nu0p50__psi0p75,hardzero_plus_depr,0.06,38,1216,0.0,2,0.075498134,0.075498134,1.0162603,0.0,0.09632517,0.0,0.0,7.405081e-10,-27.413877,2.2358172,0.7452724,0.15200001,0.0,0.17127874,24.280365,24.300365,3894400
hardzero_plus_depr__c0p50__z1p00__lam0p020__nu0p50__psi0p75,hardzero_plus_depr,0.06,38,1217,0.0,2,0.075498134,0.075498134,1.0036074,0.0,0.099172816,0.0,0.0,7.2948386e-10,-27.241375,2.2079804,0.7359935,0.16000001,0.0,0.1392567,24.300365,24.320366,3897600
hardzero_plus_depr__c0p50__z1p00__lam0p020__nu0p50__psi0p75,hardzero_plus_depr,0.06,38,1218,0.0,2,0.075498134,0.075498134,1.0135804,0.0,0.09692138,0.0,0.0,7.186224e-10,-27.614517,2.2299216,0.74330723,0.224,0.0,0.15721424,24.320366,24.340366,3900800
hardzero_plus_depr__c0p50__z1p00__lam0p020__nu0p50__psi0p75,hardzero_plus_depr,0.06,38,1219,0.0,2,0.075498134,0.075498134,1.051197,0.0,0.08887977,0.0,0.0,7.079225e-10,-27.741287,2.3126798,0.7708933,0.120000005,0.0,0.15336543,24.340366,24.360367,3904000
hardzero_plus_depr__c0p50__z1p00__lam0p020__nu0p50__psi0p75,hardzero_plus_depr,0.06,38,1220,0.0,2,0.075498134,0.075498134,0.991697,0.101930216,0.101930216,1.0,7.108443e-11,6.973833e-10,-26.098145,2.181777,0.72725904,0.216,0.0,0.1597673,24.360367,24.380367,3907200
hardzero_plus_depr__c0p50__z1p00__lam0p020__nu0p50__psi0p75,hardzero_plus_depr,0.06,38,1221,0.0,2,0.075498134,0.075498134,1.0007149,0.0,0.09983553,0.0,0.0,6.870011e-10,-26.749746,2.2016168,0.7338723,0.136,0.0,0.16307795,24.380367,24.400368,3910400
hardzero_plus_depr__c0p50__z1p00__lam0p020__nu0p50__psi0p75,hardzero_plus_depr,0.06,38,1222,0.0,2,0.075498134,0.075498134,0.95585054,0.110700466,0.110700466,1.0,7.491899e-11,6.767721e-10,-26.009682,2.1029131,0.70097107,0.19999999,0.0,0.14865968,24.400368,24.420368,3913600
hardzero_plus_depr__c0p50__z1p00__lam0p020__nu0p50__psi0p75,hardzero_plus_depr,0.06,38,1223,0.0,2,0.075498134,0.075498134,0.9982143,0.10041202,0.10041202,1.0,6.694423e-11,6.6669537e-10,-26.690088,2.1961153,0.73203844,0.15200001,0.0,0.1508206,24.420368,24.440369,3916800
hardzero_plus_depr__c0p50__z1p00__lam0p020__nu0p50__psi0p75,hardzero_plus_depr,0.06,38,1224,0.0,2,0.075498134,0.075498134,1.0853697,0.0,0.08215429,0.0,0.0,6.5677e-10,-28.318855,2.387861,0.7959537,0.120000005,0.0,0.19701284,24.440369,24.46037,3920000
hardzero_plus_depr__c0p50__z1p00__lam0p020__nu0p50__psi0p75,hardzero_plus_depr,0.06,38,1225,0.0,2,0.075498134,0.075498134,1.0081859,0.0,0.09813278,0.0,0.0,6.4699235e-10,-26.687563,2.218053,0.73935103,0.192,0.0,0.14232668,24.46037,24.48037,3923200
hardzero_plus_depr__c0p50__z1p00__lam0p020__nu0p50__psi0p75,hardzero_plus_depr,0.06,38,1226,0.0,2,0.075498134,0.075498134,1.0013431,0.0,0.0996912,0.0,0.0,6.373591e-10,-26.60056,2.2029989,0.734333,0.17600001,0.0,0.13422242,24.48037,24.50037,3926400
hardzero_plus_depr__c0p50__z1p00__lam0p020__nu0p50__psi0p75,hardzero_plus_depr,0.06,38,1227,0.0,2,0.075498134,0.075498134,1.0294466,0.0,0.093444414,0.0,0.0,6.278692e-10,-27.33655,2.2648277,0.7549426,0.15200001,0.0,0.14801879,24.50037,24.52037,3929600
hardzero_plus_depr__c0p50__z1p00__lam0p020__nu0p50__psi0p75,hardzero_plus_depr,0.06,38,1228,0.0,2,0.075498134,0.075498134,0.9875818,0.10290067,0.10290067,1.0,6.364631e-11,6.1852184e-10,-26.958372,2.1727233,0.72424114,0.208,0.0,0.15359251,24.52037,24.54037,3932800
hardzero_plus_depr__c0p50__z1p00__lam0p020__nu0p50__psi0p75,hardzero_plus_depr,0.06,38,1229,0.0,2,0.075498134,0.075498134,0.9890713,0.10254834,0.10254834,1.0,6.24841e-11,6.0931366e-10,-26.750393,2.1760004,0.72533345,0.18400002,0.0,0.1764287,24.54037,24.560371,3936000
hardzero_plus_depr__c0p50__z1p00__lam0p020__nu0p50__psi0p75,hardzero_plus_depr,0.06,38,1230,0.0,2,0.075498134,0.075498134,1.0105976,0.0,0.09758934,0.0,0.0,6.0024136e-10,-27.124784,2.223359,0.74111974,0.112,0.0,0.15005054,24.560371,24.580372,3939200
hardzero_plus_depr__c0p50__z1p00__lam0p020__nu0p50__psi0p75,hardzero_plus_depr,0.06,38,1231,0.0,2,0.075498134,0.075498134,0.97219175,0.106612526,0.106612526,1.0,6.3040434e-11,5.913042e-10,-26.116396,2.1388645,0.7129549,0.14400001,0.0,0.14466925,24.580372,24.600372,3942400
hardzero_plus_depr__c0p50__z1p00__lam0p020__nu0p50__psi0p75,hardzero_plus_depr,0.06,38,1232,0.0,2,0.075498134,0.075498134,1.0830736,0.0,0.08258978,0.0,0.0,5.825011e-10,-28.21678,2.3828096,0.7942699,0.120000005,0.0,0.17081593,24.600372,24.620373,3945600
hardzero_plus_depr__c0p50__z1p00__lam0p020__nu0p50__psi0p75,hardzero_plus_depr,0.06,38,1233,0.0,2,0.075498134,0.075498134,1.0250299,0.0,0.094399594,0.0,0.0,5.738292e-10,-26.226665,2.2551107,0.7517036,0.192,0.0,0.16869526,24.620373,24.640373,3948800
hardzero_plus_depr__c0p50__z1p00__lam0p020__nu0p50__psi0p75,hardzero_plus_depr,0.06,38,1234,0.0,2,0.075498134,0.075498134,1.0167981,0.0,0.096205935,0.0,0.0,5.6528526e-10,-27.47356,2.2370005,0.74566686,0.224,0.0,0.15364622,24.640373,24.660374,3952000
hardzero_plus_depr__c0p50__z1p00__lam0p020__nu0p50__psi0p75,hardzero_plus_depr,0.06,38,1235,0.0,2,0.075498134,0.075498134,0.9992254,0.10017852,0.10017852,1.0,5.578626e-11,5.568685e-10,-26.969738,2.1983397,0.7327799,0.17999999,0.0,0.1614738,24.660374,24.680374,3955200
hardzero_plus_depr__c0p50__z1p00__lam0p020__nu0p50__psi0p75,hardzero_plus_depr,0.06,38,1236,0.0,2,0.075498134,0.075498134,1.0019883,0.0,0.09954323,0.0,0.0,5.485782e-10,-26.519789,2.2044182,0.73480606,0.16000001,0.0,0.14991862,24.680374,24.700375,3958400
hardzero_plus_depr__c0p50__z1p00__lam0p020__nu0p50__psi0p75,hardzero_plus_depr,0.06,38,1237,0.0,2,0.075498134,0.075498134,0.9502546,0.11213608,0.11213608,1.0,6.059959e-11,5.4041116e-10,-26.051662,2.090602,0.69686735,0.216,0.0,0.15734567,24.700375,24.720375,3961600
hardzero_plus_depr__c0p50__z1p00__lam0p020__nu0p50__psi0p75,hardzero_plus_depr,0.06,38,1238,0.0,2,0.075498134,0.075498134,1.053321,0.0,0.08844617,0.0,0.0,5.323649e-10,-27.89782,2.3173525,0.77245086,0.120000005,0.0,0.19381721,24.720375,24.740376,3964800
hardzero_plus_depr__c0p50__z1p00__lam0p020__nu0p50__psi0p75,hardzero_plus_depr,0.06,38,1239,0.0,2,0.075498134,0.075498134,1.009135,0.0,0.09791854,0.0,0.0,5.2443827e-10,-27.501698,2.2201414,0.74004716,0.16800001,0.0,0.16349602,24.740376,24.760376,3968000
hardzero_plus_depr__c0p50__z1p00__lam0p020__nu0p50__psi0p75,hardzero_plus_depr,0.06,38,1240,0.0,2,0.075498134,0.075498134,1.1034038,0.0,0.078812696,0.0,0.0,5.1663074e-10,-28.916254,2.4275367,0.80917895,0.14400001,0.0,0.178853,24.760376,24.780376,3971200
hardzero_plus_depr__c0p50__z1p00__lam0p020__nu0p50__psi0p75,hardzero_plus_depr,0.06,38,1241,0.0,2,0.075498134,0.075498134,1.0554816,0.0,0.08800724,0.0,0.0,5.0893945e-10,-27.601738,2.322106,0.77403533,0.128,0.0,0.1599071,24.780376,24.800377,3974400
hardzero_plus_depr__c0p50__z1p00__lam0p020__nu0p50__psi0p75,hardzero_plus_depr,0.06,38,1242,0.0,2,0.075498134,0.075498134,0.984484,0.10363726,0.10363726,1.0,5.1959752e-11,5.013617e-10,-26.557081,2.165908,0.72196937,0.15200001,0.0,0.15436886,24.800377,24.820377,3977600
hardzero_plus_depr__c0p50__z1p00__lam0p020__nu0p50__psi0p75,hardzero_plus_depr,0.06,38,1243,0.0,2,0.075498134,0.075498134,1.0944275,0.0,0.08045861,0.0,0.0,4.938967e-10,-28.817415,2.4077885,0.8025962,0.080000006,0.0,0.18557781,24.820377,24.840378,3980800
hardzero_plus_depr__c0p50__z1p00__lam0p020__nu0p50__psi0p75,hardzero_plus_depr,0.06,38,1244,0.0,2,0.075498134,0.075498134,1.028477,0.0,0.09365329,0.0,0.0,4.865438e-10,-27.372091,2.2626944,0.75423145,0.14400001,0.0,0.15547764,24.840378,24.860378,3984000
hardzero_plus_depr__c0p50__z1p00__lam0p020__nu0p50__psi0p75,hardzero_plus_depr,0.06,38,1245,0.0,2,0.075498134,0.075498134,1.0245403,0.0,0.09450606,0.0,0.0,4.7930043e-10,-27.165262,2.2540338,0.7513446,0.16000001,0.0,0.15987168,24.860378,24.880379,3987200
hardzero_plus_depr__c0p50__z1p00__lam0p020__nu0p50__psi0p75,hardzero_plus_depr,0.06,38,1246,0.0,2,0.075498134,0.075498134,0.992099,0.10183592,0.10183592,1.0,4.8083253e-11,4.72164e-10,-26.567175,2.1826613,0.7275538,0.15200001,0.0,0.1523304,24.880379,24.90038,3990400
hardzero_plus_depr__c0p50__z1p00__lam0p020__nu0p50__psi0p75,hardzero_plus_depr,0.06,38,1247,0.0,2,0.075498134,0.075498134,1.018236,0.0,0.09588794,0.0,0.0,4.651338e-10,-26.119978,2.240164,0.7467214,0.112,0.0,0.13636243,24.90038,24.92038,3993600
hardzero_plus_depr__c0p50__z1p00__lam0p020__nu0p50__psi0p75,hardzero_plus_depr,0.06,38,1248,0.0,2,0.075498134,0.075498134,1.0233128,0.0,0.09477356,0.0,0.0,4.5820914e-10,-27.093342,2.251333,0.75044435,0.25,0.01,0.1694122,24.92038,24.94038,3996800
hardzero_plus_depr__c0p50__z1p00__lam0p020__nu0p50__psi0p75,hardzero_plus_depr,0.06,38,1249,0.0,2,0.075498134,0.075498134,1.0513288,0.0,0.08885282,0.0,0.0,4.5138757e-10,-27.9971,2.3129694,0.77098984,0.16000001,0.0,0.21862142,24.94038,24.96038,4000000
hardzero_plus_depr__c0p50__z1p00__lam0p020__nu0p50__psi0p75,hardzero_plus_depr,0.06,39,0,1.0,1,1.0,0.5,1.0312365,0.0,0.09306009,0.0,0.0,0.06,-27.434998,2.2687657,0.75625527,0.14999999,0.0,0.14993557,0.0,0.0,3200
hardzero_plus_depr__c0p50__z1p00__lam0p020__nu0p50__psi0p75,hardzero_plus_depr,0.06,39,1,1.0,2,0.5,0.0061349366,0.99034107,0.102248944,0.102248944,1.0,0.0061349366,0.06,-25.956192,2.178794,0.72626466,0.18400002,0.0,0.14349915,0.0,0.0,6400
hardzero_plus_depr__c0p50__z1p00__lam0p020__nu0p50__psi0p75,hardzero_plus_depr,0.06,39,2,0.0,2,0.0061349366,0.0061349366,1.0309416,0.0,0.0931233,0.0,0.0,0.06,-27.607533,2.2681167,0.7560389,0.16800001,0.0,0.16550204,0.0,0.02,9600
hardzero_plus_depr__c0p50__z1p00__lam0p020__nu0p50__psi0p75,hardzero_plus_depr,0.06,39,3,0.0,2,0.0061349366,0.012067581,0.9983885,0.10037174,0.10037174,1.0,0.005932644,0.059106715,-28.405634,2.1964986,0.73216623,0.208,0.0,0.123693645,0.02,0.04,12800
hardzero_plus_depr__c0p50__z1p00__lam0p020__nu0p50__psi0p75,hardzero_plus_depr,0.06,39,4,0.0,2,0.012067581,0.018438162,0.96094334,0.109409906,0.109409906,1.0,0.0063705817,0.058226734,-25.434715,2.1141176,0.7047059,0.16800001,0.008,0.12941845,0.04,0.06,16000
hardzero_plus_depr__c0p50__z1p00__lam0p020__nu0p50__psi0p75,hardzero_plus_depr,0.06,39,5,0.0,2,0.018438162,0.024342481,0.9874382,0.1029347,0.1029347,1.0,0.005904319,0.057359852,-25.840473,2.1724074,0.7241358,0.128,0.0,0.13182348,0.06,0.08,19200
hardzero_plus_depr__c0p50__z1p00__lam0p020__nu0p50__psi0p75,hardzero_plus_depr,0.06,39,6,0.0,2,0.024342481,0.024342481,1.0377141,0.0,0.09168238,0.0,0.0,0.056505874,-27.205767,2.2830167,0.7610056,0.15200001,0.0,0.13522641,0.08,0.099999994,22400
hardzero_plus_depr__c0p50__z1p00__lam0p020__nu0p50__psi0p75,hardzero_plus_depr,0.06,39,7,0.0,2,0.024342481,0.029957913,0.996196,0.10087974,0.10087974,1.0,0.005615432,0.055664614,-27.408766,2.191675,0.73055834,0.136,0.0,0.14362259,0.099999994,0.11999999,25600
hardzero_plus_depr__c0p50__z1p00__lam0p020__nu0p50__psi0p75,hardzero_plus_depr,0.06,39,8,0.0,2,0.029957913,0.029957913,1.030769,0.0,0.093160324,0.0,0.0,0.054835875,-27.385586,2.2677372,0.7559124,0.120000005,0.0,0.12825274,0.11999999,0.13999999,28800
hardzero_plus_depr__c0p50__z1p00__lam0p020__nu0p50__psi0p75,hardzero_plus_depr,0.06,39,9,0.0,2,0.029957913,0.029957913,1.0448694,0.0,0.09018423,0.0,0.0,0.054019473,-28.668804,2.2987587,0.76625293,0.136,0.0,0.1680553,0.13999999,0.15999998,32000
hardzero_plus_depr__c0p50__z1p00__lam0p020__nu0p50__psi0p75,hardzero_plus_depr,0.06,39,10,0.0,2,0.029957913,0.035554513,0.9781117,0.10516914,0.10516914,1.0,0.0055965995,0.053215224,-26.720505,2.1518886,0.71729624,0.16000001,0.0,0.13012199,0.15999998,0.17999998,35200
hardzero_plus_depr__c0p50__z1p00__lam0p020__nu0p50__psi0p75,hardzero_plus_depr,0.06,39,11,0.0,2,0.035554513,0.04093372,0.9888033,0.10261165,0.10261165,1.0,0.005379206,0.052422956,-26.6374,2.1754107,0.72513694,0.136,0.0,0.120378144,0.17999998,0.19999997,38400
hardzero_plus_depr__c0p50__z1p00__lam0p020__nu0p50__psi0p75,hardzero_plus_depr,0.06,39,12,0.0,2,0.04093372,0.046451848,0.9712153,0.106852494,0.106852494,1.0,0.0055181277,0.051642478,-26.58759,2.1367164,0.7122388,0.18400002,0.0,0.1434949,0.19999997,0.21999997,41600
hardzero_plus_depr__c0p50__z1p00__lam0p020__nu0p50__psi0p75,hardzero_plus_depr,0.06,39,13,0.0,2,0.046451848,0.05250731,0.92434543,0.11902948,0.11902948,1.0,0.0060554612,0.050873626,-26.26826,2.0336006,0.6778669,0.22,0.0,0.14929079,0.21999997,0.23999996,44800
hardzero_plus_depr__c0p50__z1p00__lam0p020__nu0p50__psi0p75,hardzero_plus_depr,0.06,39,14,0.0,2,0.05250731,0.057522345,0.99970424,0.10006811,0.10006811,1.0,0.005015034,0.05011621,-26.595478,2.1993933,0.7331311,0.120000005,0.0,0.13005817,0.23999996,0.25999996,48000
hardzero_plus_depr__c0p50__z1p00__lam0p020__nu0p50__psi0p75,hardzero_plus_depr,0.06,39,15,0.0,2,0.057522345,0.063289165,0.9325276,0.11680794,0.11680794,1.0,0.005766818,0.049370084,-26.010017,2.0516016,0.6838672,0.136,0.0,0.11436801,0.25999996,0.27999997,51200
hardzero_plus_depr__c0p50__z1p00__lam0p020__nu0p50__psi0p75,hardzero_plus_depr,0.06,39,16,0.0,2,0.063289165,0.0681627,0.99910516,0.10020625,0.10020625,1.0,0.0048735365,0.048635054,-27.046255,2.1980753,0.73269176,0.15200001,0.0,0.12641975,0.27999997,0.29999998,54400
hardzero_plus_depr__c0p50__z1p00__lam0p020__nu0p50__psi0p75,hardzero_plus_depr,0.06,39,17,0.0,2,0.0681627,0.0681627,1.0097927,0.0,0.097770385,0.0,0.0,0.047910973,-27.174164,2.2215884,0.7405295,0.2,0.0,0.13433287,0.29999998,0.32,57600
hardzero_plus_depr__c0p50__z1p00__lam0p020__nu0p50__psi0p75,hardzero_plus_depr,0.06,39,18,0.0,2,0.0681627,0.072890125,0.999296,0.10016223,0.10016223,1.0,0.004727424,0.047197673,-26.309422,2.1984951,0.7328317,0.16000001,0.0,0.15829119,0.32,0.34,60800
hardzero_plus_depr__c0p50__z1p00__lam0p020__nu0p50__psi0p75,hardzero_plus_depr,0.06,39,19,0.0,2,0.072890125,0.072890125,1.0092343,0.0,0.09789615,0.0,0.0,0.04649499,-27.200314,2.2203598,0.74011993,0.16800001,0.0,0.14567162,0.34,0.36,64000
hardzero_plus_depr__c0p50__z1p00__lam0p020__nu0p50__psi0p75,hardzero_plus_depr,0.06,39,20,0.0,2,0.072890125,0.07804529,0.9486491,0.112551406,0.112551406,1.0,0.005155166,0.04580277,-25.82617,2.0870697,0.6956899,0.192,0.0,0.1471077,0.36,0.38000003,67200
hardzero_plus_depr__c0p50__z1p00__lam0p020__nu0p50__psi0p75,hardzero_plus_depr,0.06,39,21,0.0,2,0.07804529,0.07804529,1.0032579,0.0,0.09925265,0.0,0.0,0.045120854,-27.361633,2.2072115,0.7357372,0.14400001,0.0,0.13593929,0.38000003,0.40000004,70400
hardzero_plus_depr__c0p50__z1p00__lam0p020__nu0p50__psi0p75,hardzero_plus_depr,0.06,39,22,0.0,2,0.07804529,0.08272947,0.9772291,0.10538306,0.10538306,1.0,0.0046841814,0.04444909,-26.503515,2.149947,0.716649,0.16800001,0.0,0.13032962,0.40000004,0.42000005,73600
hardzero_plus_depr__c0p50__z1p00__lam0p020__nu0p50__psi0p75,hardzero_plus_depr,0.06,39,23,0.0,2,0.08272947,0.08272947,1.0539969,0.0,0.08830862,0.0,0.0,0.04378733,-27.040703,2.3188396,0.77294654,0.16800001,0.0,0.17366281,0.42000005,0.44000006,76800
hardzero_plus_depr__c0p50__z1p00__lam0p020__nu0p50__psi0p75,hardzero_plus_depr,0.06,39,24,0.0,2,0.08272947,0.08736886,0.9683733,0.10755404,0.10755404,1.0,0.004639389,0.043135423,-26.595392,2.1304638,0.71015465,0.120000005,0.0,0.1291924,0.44000006,0.46000007,80000
hardzero_plus_depr__c0p50__z1p00__lam0p020__nu0p50__psi0p75,hardzero_plus_depr,0.06,39,25,0.0,2,0.08736886,0.08736886,1.0739218,0.0,0.084348656,0.0,0.0,0.042493217,-28.636387,2.3626752,0.78755844,0.120000005,0.0,0.15551634,0.46000007,0.48000008,83200
hardzero_plus_depr__c0p50__z1p00__lam0p020__nu0p50__psi0p75,hardzero_plus_depr,0.06,39,26,0.0,2,0.08736886,0.09162205,0.993091,0.10160357,0.10160357,1.0,0.004253184,0.041860577,-27.135355,2.1848438,0.72828126,0.19,0.0,0.14231598,0.48000008,0.50000006,86400
hardzero_plus_depr__c0p50__z1p00__lam0p020__nu0p50__psi0p75,hardzero_plus_depr,0.06,39,27,0.0,2,0.09162205,0.09162205,1.046499,0.0,0.08984648,0.0,0.0,0.041237354,-27.63018,2.3023438,0.76744795,0.096,0.0,0.16224739,0.50000006,0.52000004,89600
hardzero_plus_depr__c0p50__z1p00__lam0p020__nu0p50__psi0p75,hardzero_plus_depr,0.06,39,28,0.0,2,0.09162205,0.09162205,1.0087245,0.0,0.098011166,0.0,0.0,0.04062341,-27.465622,2.219238,0.73974603,0.208,0.0,0.1893534,0.52000004,0.54,92800
hardzero_plus_depr__c0p50__z1p00__lam0p020__nu0p50__psi0p75,hardzero_plus_depr,0.06,39,29,0.0,2,0.09162205,0.09565398,0.99674827,0.100751534,0.100751534,1.0,0.004031936,0.040018607,-26.861526,2.19289,0.73096335,0.136,0.0,0.15350251,0.54,0.56,96000
hardzero_plus_depr__c0p50__z1p00__lam0p020__nu0p50__psi0p75,hardzero_plus_depr,0.06,39,30,0.0,2,0.09565398,0.09565398,1.0552981,0.0,0.08804443,0.0,0.0,0.039422806,-27.814287,2.3217022,0.77390075,0.136,0.008,0.16663845,0.56,0.58,99200
hardzero_plus_depr__c0p50__z1p00__lam0p020__nu0p50__psi0p75,hardzero_plus_depr,0.06,39,31,0.0,2,0.09565398,0.09565398,1.0164874,0.0,0.09627479,0.0,0.0,0.03883588,-27.54218,2.236317,0.745439,0.17600001,0.0,0.14169991,0.58,0.59999996,102400
hardzero_plus_depr__c0p50__z1p00__lam0p020__nu0p50__psi0p75,hardzero_plus_depr,0.06,39,32,0.0,2,0.09565398,0.09984766,0.9601238,0.10961656,0.10961656,1.0,0.004193676,0.03825769,-26.997114,2.1123145,0.70410484,0.14400001,0.0,0.13533437,0.59999996,0.61999995,105600
hardzero_plus_depr__c0p50__z1p00__lam0p020__nu0p50__psi0p75,hardzero_plus_depr,0.06,39,33,0.0,2,0.09984766,0.09984766,1.0102398,0.0,0.09766976,0.0,0.0,0.037688106,-26.723814,2.222572,0.74085736,0.136,0.0,0.13522178,0.61999995,0.6399999,108800
hardzero_plus_depr__c0p50__z1p00__lam0p020__nu0p50__psi0p75,hardzero_plus_depr,0.06,39,34,0.0,2,0.09984766,0.09984766,1.0470344,0.0,0.089735776,0.0,0.0,0.037127007,-27.628912,2.3035216,0.76784056,0.128,0.0,0.14836565,0.6399999,0.6599999,112000
hardzero_plus_depr__c0p50__z1p00__lam0p020__nu0p50__psi0p75,hardzero_plus_depr,0.06,39,35,0.0,2,0.09984766,0.09984766,1.0054413,0.0,0.098754905,0.0,0.0,0.03657426,-26.942303,2.2120152,0.7373384,0.17600001,0.0,0.16080272,0.6599999,0.6799999,115200
hardzero_plus_depr__c0p50__z1p00__lam0p020__nu0p50__psi0p75,hardzero_plus_depr,0.06,39,36,0.0,2,0.09984766,0.09984766,1.0498549,0.0,0.08915487,0.0,0.0,0.036029737,-27.781712,2.3097267,0.7699089,0.16000001,0.0,0.16589811,0.6799999,0.69999987,118400
hardzero_plus_depr__c0p50__z1p00__lam0p020__nu0p50__psi0p75,hardzero_plus_depr,0.06,39,37,0.0,2,0.09984766,0.09984766,1.0454414,0.0,0.09006553,0.0,0.0,0.035493325,-28.181293,2.3000169,0.7666723,0.17600001,0.0,0.13764013,0.69999987,0.71999985,121600
hardzero_plus_depr__c0p50__z1p00__lam0p020__nu0p50__psi0p75,hardzero_plus_depr,0.06,39,38,0.0,2,0.09984766,0.09984766,1.1084266,0.0,0.077906445,0.0,0.0,0.034964897,-29.283997,2.4385872,0.8128624,0.112,0.0,0.19294327,0.71999985,0.73999983,124800
hardzero_plus_depr__c0p50__z1p00__lam0p020__nu0p50__psi0p75,hardzero_plus_depr,0.06,39,39,0.0,2,0.09984766,0.103532605,0.9706865,0.10698267,0.10698267,1.0,0.0036849475,0.03444434,-25.98349,2.135553,0.711851,0.19,0.0,0.11606878,0.73999983,0.7599998,128000
hardzero_plus_depr__c0p50__z1p00__lam0p020__nu0p50__psi0p75,hardzero_plus_depr,0.06,39,40,0.0,2,0.103532605,0.103532605,1.0266901,0.0,0.09403941,0.0,0.0,0.033931527,-27.201786,2.2587633,0.7529211,0.112,0.0,0.13761416,0.7599998,0.7799998,131200
hardzero_plus_depr__c0p50__z1p00__lam0p020__nu0p50__psi0p75,hardzero_plus_depr,0.06,39,41,0.0,2,0.103532605,0.10690453,0.99621105,0.10087626,0.10087626,1.0,0.0033719253,0.03342635,-26.057947,2.191708,0.73056936,0.128,0.0,0.13648649,0.7799998,0.7999998,134400
hardzero_plus_depr__c0p50__z1p00__lam0p020__nu0p50__psi0p75,hardzero_plus_depr,0.06,39,42,0.0,2,0.10690453,0.10690453,1.0214663,0.0,0.09517737,0.0,0.0,0.0329287,-26.858412,2.2472706,0.7490902,0.24000001,0.0,0.15264384,0.7999998,0.81999975,137600
hardzero_plus_depr__c0p50__z1p00__lam0p020__nu0p50__psi0p75,hardzero_plus_depr,0.06,39,43,0.0,2,0.10690453,0.10690453,1.062207,0.0,0.08665487,0.0,0.0,0.03243846,-28.414724,2.336902,0.7789673,0.120000005,0.0,0.1623856,0.81999975,0.83999974,140800
hardzero_plus_depr__c0p50__z1p00__lam0p020__nu0p50__psi0p75,hardzero_plus_depr,0.06,39,44,0.0,2,0.10690453,0.10690453,1.0537044,0.0,0.08836811,0.0,0.0,0.031955514,-27.501915,2.3181958,0.77273196,0.096,0.0,0.12789014,0.83999974,0.8599997,144000
hardzero_plus_depr__c0p50__z1p00__lam0p020__nu0p50__psi0p75,hardzero_plus_depr,0.06,39,45,0.0,2,0.10690453,0.10690453,1.0136527,0.0,0.09690525,0.0,0.0,0.03147976,-26.857786,2.2300804,0.74336016,0.17600001,0.0,0.14242247,0.8599997,0.8799997,147200
hardzero_plus_depr__c0p50__z1p00__lam0p020__nu0p50__psi0p75,hardzero_plus_depr,0.06,39,46,0.0,2,0.10690453,0.10690453,1.0430063,0.0,0.09057194,0.0,0.0,0.031011084,-27.777842,2.2946596,0.76488656,0.120000005,0.0,0.14095849,0.8799997,0.8999997,150400
hardzero_plus_depr__c0p50__z1p00__lam0p020__nu0p50__psi0p75,hardzero_plus_depr,0.06,39,47,0.0,2,0.10690453,0.10690453,1.0500773,0.0,0.08910922,0.0,0.0,0.03054939,-27.953396,2.3102162,0.7700721,0.16800001,0.0,0.17596805,0.8999997,0.91999966,153600
hardzero_plus_depr__c0p50__z1p00__lam0p020__nu0p50__psi0p75,hardzero_plus_depr,0.06,39,48,0.0,2,0.10690453,0.10690453,1.0210527,0.0,0.09526804,0.0,0.0,0.03009457,-27.313883,2.2463608,0.7487869,0.16000001,0.0,0.12824583,0.91999966,0.93999964,156800
hardzero_plus_depr__c0p50__z1p00__lam0p020__nu0p50__psi0p75,hardzero_plus_depr,0.06,39,49,0.0,2,0.10690453,0.10690453,1.0103774,0.0,0.09763884,0.0,0.0,0.029646521,-27.452766,2.2228746,0.7409582,0.136,0.0,0.18233483,0.93999964,0.9599996,160000
hardzero_plus_depr__c0p50__z1p00__lam0p020__nu0p50__psi0p75,hardzero_plus_depr,0.06,39,50,0.0,2,0.10690453,0.10690453,1.0374668,0.0,0.091734625,0.0,0.0,0.029205143,-26.843325,2.2824724,0.76082414,0.096,0.0,0.12349902,0.9599996,0.9799996,163200
hardzero_plus_depr__c0p50__z1p00__lam0p020__nu0p50__psi0p75,hardzero_plus_depr,0.06,39,51,0.0,2,0.10690453,0.10690453,1.0354052,0.0,0.09217111,0.0,0.0,0.028770335,-27.490856,2.277937,0.75931233,0.16800001,0.0,0.13955353,0.9799996,0.9999996,166400
hardzero_plus_depr__c0p50__z1p00__lam0p020__nu0p50__psi0p75,hardzero_plus_depr,0.06,39,52,0.0,2,0.10690453,0.10690453,1.0802221,0.0,0.08313383,0.0,0.0,0.028342001,-28.19541,2.3765361,0.79217875,0.14,0.01,0.15904605,0.9999996,1.0199996,169600
hardzero_plus_depr__c0p50__z1p00__lam0p020__nu0p50__psi0p75,hardzero_plus_depr,0.06,39,53,0.0,2,0.10690453,0.10690453,1.024521,0.0,0.09451027,0.0,0.0,0.027920043,-27.158781,2.2539911,0.7513304,0.16000001,0.0,0.13170657,1.0199996,1.0399996,172800
hardzero_plus_depr__c0p50__z1p00__lam0p020__nu0p50__psi0p75,hardzero_plus_depr,0.06,39,54,0.0,2,0.10690453,0.10690453,1.0244948,0.0,0.09451597,0.0,0.0,0.027504368,-27.329372,2.2539334,0.7513112,0.14400001,0.0,0.13974145,1.0399996,1.0599996,176000
hardzero_plus_depr__c0p50__z1p00__lam0p020__nu0p50__psi0p75,hardzero_plus_depr,0.06,39,55,0.0,2,0.10690453,0.10690453,1.0603826,0.0,0.087019645,0.0,0.0,0.027094882,-27.313143,2.3328884,0.7776295,0.18400002,0.0,0.13545638,1.0599996,1.0799996,179200
hardzero_plus_depr__c0p50__z1p00__lam0p020__nu0p50__psi0p75,hardzero_plus_depr,0.06,39,56,0.0,2,0.10690453,0.10690453,1.0117135,0.0,0.097338915,0.0,0.0,0.026691493,-27.762045,2.225814,0.74193805,0.14400001,0.0,0.1355476,1.0799996,1.0999995,182400
hardzero_plus_depr__c0p50__z1p00__lam0p020__nu0p50__psi0p75,hardzero_plus_depr,0.06,39,57,0.0,2,0.10690453,0.10963538,0.9835601,0.10385798,0.10385798,1.0,0.0027308527,0.026294107,-25.828241,2.1638753,0.7212918,0.24800001,0.0,0.14611422,1.0999995,1.1199995,185600
hardzero_plus_depr__c0p50__z1p00__lam0p020__nu0p50__psi0p75,hardzero_plus_depr,0.06,39,58,0.0,2,0.10963538,0.10963538,1.0383794,0.0,0.09154203,0.0,0.0,0.025902638,-27.86045,2.2844803,0.76149344,0.16800001,0.0,0.13062754,1.1199995,1.1399995,188800
hardzero_plus_depr__c0p50__z1p00__lam0p020__nu0p50__psi0p75,hardzero_plus_depr,0.06,39,59,0.0,2,0.10963538,0.10963538,1.10189,0.0,0.0790879,0.0,0.0,0.025517,-27.91034,2.4242063,0.80806875,0.112,0.0,0.14398357,1.1399995,1.1599995,192000
hardzero_plus_depr__c0p50__z1p00__lam0p020__nu0p50__psi0p75,hardzero_plus_depr,0.06,39,60,0.0,2,0.10963538,0.10963538,1.0063909,0.0,0.09853921,0.0,0.0,0.0251371,-27.30938,2.2141042,0.7380347,0.15200001,0.0,0.13819283,1.1599995,1.1799995,195200
hardzero_plus_depr__c0p50__z1p00__lam0p020__nu0p50__psi0p75,hardzero_plus_depr,0.06,39,61,0.0,2,0.10963538,0.10963538,1.0377818,0.0,0.091668084,0.0,0.0,0.024762861,-27.378115,2.2831657,0.76105523,0.136,0.0,0.1473271,1.1799995,1.1999995,198400
hardzero_plus_depr__c0p50__z1p00__lam0p020__nu0p50__psi0p75,hardzero_plus_depr,0.06,39,62,0.0,2,0.10963538,0.10963538,1.026416,0.0,0.0940988,0.0,0.0,0.02439419,-28.246605,2.25816,0.75272006,0.112,0.0,0.13279197,1.1999995,1.2199994,201600
hardzero_plus_depr__c0p50__z1p00__lam0p020__nu0p50__psi0p75,hardzero_plus_depr,0.06,39,63,0.0,2,0.10963538,0.11209417,0.99005055,0.10231738,0.10231738,1.0,0.0024587896,0.024031008,-25.714462,2.1781547,0.72605157,0.24800001,0.0,0.11364875,1.2199994,1.2399994,204800
hardzero_plus_depr__c0p50__z1p00__lam0p020__nu0p50__psi0p75,hardzero_plus_depr,0.06,39,64,0.0,2,0.11209417,0.11456821,0.9808506,0.10450797,0.10450797,1.0,0.0024740414,0.023673233,-26.596994,2.1579144,0.7193048,0.192,0.0,0.122239806,1.2399994,1.2599994,208000
hardzero_plus_depr__c0p50__z1p00__lam0p020__nu0p50__psi0p75,hardzero_plus_depr,0.06,39,65,0.0,2,0.11456821,0.11456821,1.0117779,0.0,0.097324476,0.0,0.0,0.023320785,-27.003597,2.2259557,0.74198526,0.12,0.0,0.14700155,1.2599994,1.2799994,211200
hardzero_plus_depr__c0p50__z1p00__lam0p020__nu0p50__psi0p75,hardzero_plus_depr,0.06,39,66,0.0,2,0.11456821,0.11456821,1.0412809,0.0,0.090932496,0.0,0.0,0.022973582,-28.210136,2.2908638,0.7636213,0.104,0.0,0.15177193,1.2799994,1.2999994,214400
hardzero_plus_depr__c0p50__z1p00__lam0p020__nu0p50__psi0p75,hardzero_plus_depr,0.06,39,67,0.0,2,0.11456821,0.11456821,1.0735434,0.0,0.08442219,0.0,0.0,0.02263155,-28.164165,2.3618426,0.7872809,0.136,0.0,0.1718357,1.2999994,1.3199993,217600
hardzero_plus_depr__c0p50__z1p00__lam0p020__nu0p50__psi0p75,hardzero_plus_depr,0.06,39,68,0.0,2,0.11456821,0.11456821,1.0266945,0.0,0.09403844,0.0,0.0,0.022294613,-27.232763,2.258773,0.7529244,0.120000005,0.0,0.11765788,1.3199993,1.3399993,220800
hardzero_plus_depr__c0p50__z1p00__lam0p020__nu0p50__psi0p75,hardzero_plus_depr,0.06,39,69,0.0,2,0.11456821,0.11456821,1.0214794,0.0,0.095174514,0.0,0.0,0.02196269,-27.10507,2.2472994,0.74909985,0.16000001,0.0,0.14423539,1.3399993,1.3599993,224000
hardzero_plus_depr__c0p50__z1p00__lam0p020__nu0p50__psi0p75,hardzero_plus_depr,0.06,39,70,0.0,2,0.11456821,0.11456821,1.0342561,0.0,0.092415296,0.0,0.0,0.021635707,-27.647705,2.2754087,0.7584696,0.16000001,0.0,0.14494574,1.3599993,1.3799993,227200
hardzero_plus_depr__c0p50__z1p00__lam0p020__nu0p50__psi0p75,hardzero_plus_depr,0.06,39,71,0.0,2,0.11456821,0.11456821,1.0237479,0.0,0.09467866,0.0,0.0,0.021313595,-27.422045,2.2522905,0.75076354,0.120000005,0.0,0.14033371,1.3799993,1.3999993,230400
hardzero_plus_depr__c0p50__z1p00__lam0p020__nu0p50__psi0p75,hardzero_plus_depr,0.06,39,72,0.0,2,0.11456821,0.11681839,0.9699257,0.10717026,0.10717026,1.0,0.0022501764,0.020996276,-26.16173,2.1338792,0.7112931,0.256,0.0,0.12968999,1.3999993,1.4199992,233600
hardzero_plus_depr__c0p50__z1p00__lam0p020__nu0p50__psi0p75,hardzero_plus_depr,0.06,39,73,0.0,2,0.11681839,0.11898535,0.9797774,0.10476655,0.10476655,1.0,0.002166958,0.020683683,-25.727194,2.1555533,0.7185178,0.216,0.0,0.14181776,1.4199992,1.4399992,236800
hardzero_plus_depr__c0p50__z1p00__lam0p020__nu0p50__psi0p75,hardzero_plus_depr,0.06,39,74,0.0,2,0.11898535,0.121035844,0.99725467,0.10063414,0.10063414,1.0,0.0020504952,0.020375742,-26.77203,2.194004,0.7313347,0.18400002,0.0,0.16425286,1.4399992,1.4599992,240000
hardzero_plus_depr__c0p50__z1p00__lam0p020__nu0p50__psi0p75,hardzero_plus_depr,0.06,39,75,0.0,2,0.121035844,0.12309893,0.9880808,0.10278252,0.10278252,1.0,0.0020630904,0.020072388,-26.588047,2.1738212,0.7246071,0.2,0.0,0.15198247,1.4599992,1.4799992,243200
hardzero_plus_depr__c0p50__z1p00__lam0p020__nu0p50__psi0p75,hardzero_plus_depr,0.06,39,76,0.0,2,0.12309893,0.12309893,1.0266716,0.0,0.094043404,0.0,0.0,0.019773548,-27.005585,2.2587228,0.75290763,0.104,0.0,0.13109379,1.4799992,1.4999992,246400
hardzero_plus_depr__c0p50__z1p00__lam0p020__nu0p50__psi0p75,hardzero_plus_depr,0.06,39,77,0.0,2,0.12309893,0.12528639,0.94963235,0.11229687,0.11229687,1.0,0.0021874486,0.019479157,-25.78975,2.089233,0.696411,0.208,0.0,0.11175526,1.4999992,1.5199991,249600
hardzero_plus_depr__c0p50__z1p00__lam0p020__nu0p50__psi0p75,hardzero_plus_depr,0.06,39,78,0.0,2,0.12528639,0.12528639,1.0152061,0.0,0.09655924,0.0,0.0,0.019189153,-27.391562,2.233498,0.7444994,0.17999999,0.0,0.15310259,1.5199991,1.5399991,252800
hardzero_plus_depr__c0p50__z1p00__lam0p020__nu0p50__psi0p75,hardzero_plus_depr,0.06,39,79,0.0,2,0.12528639,0.12528639,1.000038,0.0,0.09999125,0.0,0.0,0.018903462,-27.266375,2.2001276,0.7333759,0.16800001,0.0,0.13944563,1.5399991,1.5599991,256000
hardzero_plus_depr__c0p50__z1p00__lam0p020__nu0p50__psi0p75,hardzero_plus_depr,0.06,39,80,0.0,2,0.12528639,0.12528639,1.0024043,0.0,0.09944792,0.0,0.0,0.01862203,-26.015844,2.2053335,0.7351112,0.16800001,0.0,0.12797654,1.5599991,1.5799991,259200
hardzero_plus_depr__c0p50__z1p00__lam0p020__nu0p50__psi0p75,hardzero_plus_depr,0.06,39,81,0.0,2,0.12528639,0.12528639,1.0209829,0.0,0.095283374,0.0,0.0,0.018344784,-27.307337,2.2462072,0.7487358,0.096,0.0,0.13557892,1.5799991,1.5999991,262400
hardzero_plus_depr__c0p50__z1p00__lam0p020__nu0p50__psi0p75,hardzero_plus_depr,0.06,39,82,0.0,2,0.12528639,0.12733547,0.9454383,0.113386594,0.113386594,1.0,0.0020490845,0.018071664,-25.728634,2.080006,0.6933353,0.208,0.0,0.14611387,1.5999991,1.619999,265600
hardzero_plus_depr__c0p50__z1p00__lam0p020__nu0p50__psi0p75,hardzero_plus_depr,0.06,39,83,0.0,2,0.12733547,0.12913965,0.9942059,0.10134308,0.10134308,1.0,0.0018041716,0.017802613,-25.841173,2.1872966,0.7290989,0.2,0.0,0.12873329,1.619999,1.639999,268800
hardzero_plus_depr__c0p50__z1p00__lam0p020__nu0p50__psi0p75,hardzero_plus_depr,0.06,39,84,0.0,2,0.12913965,0.12913965,1.0093857,0.0,0.09786203,0.0,0.0,0.017537566,-27.116,2.2206929,0.740231,0.136,0.0,0.1388543,1.639999,1.659999,272000
hardzero_plus_depr__c0p50__z1p00__lam0p020__nu0p50__psi0p75,hardzero_plus_depr,0.06,39,85,0.0,2,0.12913965,0.12913965,1.037809,0.0,0.09166234,0.0,0.0,0.017276466,-27.491964,2.2832253,0.76107514,0.14400001,0.0,0.1447896,1.659999,1.679999,275200
hardzero_plus_depr__c0p50__z1p00__lam0p020__nu0p50__psi0p75,hardzero_plus_depr,0.06,39,86,0.0,2,0.12913965,0.12913965,1.0170851,0.0,0.0961424,0.0,0.0,0.017019253,-27.42003,2.2376318,0.74587727,0.128,0.0,0.14402214,1.679999,1.699999,278400
hardzero_plus_depr__c0p50__z1p00__lam0p020__nu0p50__psi0p75,hardzero_plus_depr,0.06,39,87,0.0,2,0.12913965,0.1308169,0.9998267,0.10003989,0.10003989,1.0,0.0016772558,0.01676587,-26.680431,2.1996627,0.73322093,0.16000001,0.0,0.14085998,1.699999,1.719999,281600
hardzero_plus_depr__c0p50__z1p00__lam0p020__nu0p50__psi0p75,hardzero_plus_depr,0.06,39,88,0.0,2,0.1308169,0.13252175,0.9862286,0.1032218,0.1032218,1.0,0.0017048379,0.016516259,-26.659498,2.1697462,0.7232487,0.16000001,0.0,0.14800179,1.719999,1.7399989,284800
hardzero_plus_depr__c0p50__z1p00__lam0p020__nu0p50__psi0p75,hardzero_plus_depr,0.06,39,89,0.0,2,0.13252175,0.13252175,1.0180002,0.0,0.09594,0.0,0.0,0.016270366,-28.162607,2.2396452,0.7465484,0.18400002,0.0,0.16960552,1.7399989,1.7599989,288000
hardzero_plus_depr__c0p50__z1p00__lam0p020__nu0p50__psi0p75,hardzero_plus_depr,0.06,39,90,0.0,2,0.13252175,0.13252175,1.0145257,0.0,0.09671066,0.0,0.0,0.01602813,-27.302729,2.232001,0.7440004,0.192,0.0,0.1326103,1.7599989,1.7799989,291200
hardzero_plus_depr__c0p50__z1p00__lam0p020__nu0p50__psi0p75,hardzero_plus_depr,0.06,39,91,0.0,2,0.13252175,0.13424256,0.9626331,0.108985044,0.108985044,1.0,0.0017208197,0.015789503,-26.280024,2.117835,0.705945,0.13,0.0,0.15669824,1.7799989,1.7999989,294400
hardzero_plus_depr__c0p50__z1p00__lam0p020__nu0p50__psi0p75,hardzero_plus_depr,0.06,39,92,0.0,2,0.13424256,0.13424256,1.0003307,0.0,0.09992388,0.0,0.0,0.015554428,-26.443165,2.2007713,0.7335905,0.15200001,0.0,0.12923548,1.7999989,1.8199989,297600
hardzero_plus_depr__c0p50__z1p00__lam0p020__nu0p50__psi0p75,hardzero_plus_depr,0.06,39,93,0.0,2,0.13424256,0.13424256,1.0247297,0.0,0.09446486,0.0,0.0,0.015322854,-27.438948,2.2544503,0.75148344,0.16800001,0.0,0.1484646,1.8199989,1.8399988,300800
hardzero_plus_depr__c0p50__z1p00__lam0p020__nu0p50__psi0p75,hardzero_plus_depr,0.06,39,94,0.0,2,0.13424256,0.13424256,1.0253032,0.0,0.0943402,0.0,0.0,0.015094726,-27.58282,2.2557123,0.75190413,0.224,0.0,0.14565371,1.8399988,1.8599988,304000
hardzero_plus_depr__c0p50__z1p00__lam0p020__nu0p50__psi0p75,hardzero_plus_depr,0.06,39,95,0.0,2,0.13424256,0.13424256,1.0411845,0.0,0.090952665,0.0,0.0,0.0148699945,-28.353779,2.2906518,0.76355064,0.16800001,0.0,0.16571105,1.8599988,1.8799988,307200
hardzero_plus_depr__c0p50__z1p00__lam0p020__nu0p50__psi0p75,hardzero_plus_depr,0.06,39,96,0.0,2,0.13424256,0.13424256,1.0426179,0.0,0.09065297,0.0,0.0,0.01464861,-27.894928,2.2938051,0.7646017,0.15200001,0.0,0.1534742,1.8799988,1.8999988,310400
hardzero_plus_depr__c0p50__z1p00__lam0p020__nu0p50__psi0p75,hardzero_plus_depr,0.06,39,97,0.0,2,0.13424256,0.13424256,1.050777,0.0,0.08896578,0.0,0.0,0.01443052,-28.141846,2.3117554,0.7705852,0.192,0.0,0.16847895,1.8999988,1.9199988,313600
hardzero_plus_depr__c0p50__z1p00__lam0p020__nu0p50__psi0p75,hardzero_plus_depr,0.06,39,98,0.0,2,0.13424256,0.13424256,1.0213544,0.0,0.09520187,0.0,0.0,0.014215678,-26.477331,2.2470245,0.7490082,0.2,0.0,0.13710332,1.9199988,1.9399987,316800
hardzero_plus_depr__c0p50__z1p00__lam0p020__nu0p50__psi0p75,hardzero_plus_depr,0.06,39,99,0.0,2,0.13424256,0.13424256,1.0789585,0.0,0.08337608,0.0,0.0,0.014004034,-27.827112,2.3737562,0.7912521,0.16800001,0.0,0.1620458,1.9399987,1.9599987,320000
hardzero_plus_depr__c0p50__z1p00__lam0p020__nu0p50__psi0p75,hardzero_plus_depr,0.06,39,100,0.0,2,0.13424256,0.13564004,0.9943924,0.10129958,0.10129958,1.0,0.0013974826,0.0137955425,-26.099915,2.187707,0.72923565,0.18400002,0.0,0.14972521,1.9599987,1.9799987,323200
hardzero_plus_depr__c0p50__z1p00__lam0p020__nu0p50__psi0p75,hardzero_plus_depr,0.06,39,101,0.0,2,0.13564004,0.13564004,1.0329589,0.0,0.092691764,0.0,0.0,0.013590153,-27.000183,2.2725549,0.7575183,0.15200001,0.0,0.13750163,1.9799987,1.9999987,326400
hardzero_plus_depr__c0p50__z1p00__lam0p020__nu0p50__psi0p75,hardzero_plus_depr,0.06,39,102,0.0,2,0.13564004,0.13564004,1.059956,0.0,0.087105185,0.0,0.0,0.0133878235,-28.523577,2.3319497,0.7773166,0.136,0.0,0.16020097,1.9999987,2.0199988,329600
hardzero_plus_depr__c0p50__z1p00__lam0p020__nu0p50__psi0p75,hardzero_plus_depr,0.06,39,103,0.0,2,0.13564004,0.13564004,1.0009011,0.0,0.09979272,0.0,0.0,0.013188502,-28.077919,2.2020264,0.7340088,0.14400001,0.008,0.16969559,2.0199988,2.0399988,332800
hardzero_plus_depr__c0p50__z1p00__lam0p020__nu0p50__psi0p75,hardzero_plus_depr,0.06,39,104,0.0,2,0.13564004,0.13564004,1.0451316,0.0,0.09012981,0.0,0.0,0.012992154,-27.612865,2.2993355,0.76644516,0.12,0.0,0.16599663,2.0399988,2.0599988,336000
hardzero_plus_depr__c0p50__z1p00__lam0p020__nu0p50__psi0p75,hardzero_plus_depr,0.06,39,105,0.0,2,0.13564004,0.13564004,1.0353814,0.0,0.09217614,0.0,0.0,0.012798723,-27.066936,2.2778847,0.7592949,0.136,0.0,0.14323492,2.0599988,2.0799987,339200
hardzero_plus_depr__c0p50__z1p00__lam0p020__nu0p50__psi0p75,hardzero_plus_depr,0.06,39,106,0.0,2,0.13564004,0.13691887,0.9938362,0.10142937,0.10142937,1.0,0.0012788394,0.012608176,-26.93923,2.1864834,0.72882783,0.192,0.0,0.15391868,2.0799987,2.0999987,342400
hardzero_plus_depr__c0p50__z1p00__lam0p020__nu0p50__psi0p75,hardzero_plus_depr,0.06,39,107,0.0,2,0.13691887,0.13691887,1.009633,0.0,0.09780636,0.0,0.0,0.012420464,-27.777874,2.221237,0.74041235,0.23200001,0.0,0.13487661,2.0999987,2.1199987,345600
hardzero_plus_depr__c0p50__z1p00__lam0p020__nu0p50__psi0p75,hardzero_plus_depr,0.06,39,108,0.0,2,0.13691887,0.13691887,1.0837352,0.0,0.08246408,0.0,0.0,0.012235549,-28.11502,2.3842652,0.7947551,0.128,0.0,0.13315283,2.1199987,2.1399987,348800
hardzero_plus_depr__c0p50__z1p00__lam0p020__nu0p50__psi0p75,hardzero_plus_depr,0.06,39,109,0.0,2,0.13691887,0.13691887,1.0088779,0.0,0.09797654,0.0,0.0,0.012053384,-27.048014,2.2195756,0.73985857,0.216,0.0,0.14175545,2.1399987,2.1599987,352000
hardzero_plus_depr__c0p50__z1p00__lam0p020__nu0p50__psi0p75,hardzero_plus_depr,0.06,39,110,0.0,2,0.13691887,0.13691887,1.0606984,0.0,0.08695641,0.0,0.0,0.011873934,-27.599325,2.333583,0.77786106,0.112,0.0,0.14182691,2.1599987,2.1799986,355200
hardzero_plus_depr__c0p50__z1p00__lam0p020__nu0p50__psi0p75,hardzero_plus_depr,0.06,39,111,0.0,2,0.13691887,0.13691887,1.021065,0.0,0.095265366,0.0,0.0,0.011697154,-26.656628,2.246388,0.748796,0.17600001,0.0,0.17104243,2.1799986,2.1999986,358400
hardzero_plus_depr__c0p50__z1p00__lam0p020__nu0p50__psi0p75,hardzero_plus_depr,0.06,39,112,0.0,2,0.13691887,0.13691887,1.0380708,0.0,0.09160711,0.0,0.0,0.011523007,-28.146528,2.2838013,0.7612671,0.16800001,0.0,0.15440555,2.1999986,2.2199986,361600
hardzero_plus_depr__c0p50__z1p00__lam0p020__nu0p50__psi0p75,hardzero_plus_depr,0.06,39,113,0.0,2,0.13691887,0.13691887,1.0004711,0.0,0.09989157,0.0,0.0,0.011351449,-27.148478,2.2010803,0.7336935,0.16800001,0.0,0.16086017,2.2199986,2.2399986,364800
hardzero_plus_depr__c0p50__z1p00__lam0p020__nu0p50__psi0p75,hardzero_plus_depr,0.06,39,114,0.0,2,0.13691887,0.13691887,1.0108864,0.0,0.09752447,0.0,0.0,0.011182451,-26.03391,2.2239945,0.7413315,0.17600001,0.0,0.14360496,2.2399986,2.2599986,368000
hardzero_plus_depr__c0p50__z1p00__lam0p020__nu0p50__psi0p75,hardzero_plus_depr,0.06,39,115,0.0,2,0.13691887,0.13691887,1.0511552,0.0,0.08888833,0.0,0.0,0.011015966,-28.195395,2.3125877,0.7708626,0.136,0.0,0.14790328,2.2599986,2.2799985,371200
hardzero_plus_depr__c0p50__z1p00__lam0p020__nu0p50__psi0p75,hardzero_plus_depr,0.06,39,116,0.0,2,0.13691887,0.13691887,1.0255922,0.0,0.09427744,0.0,0.0,0.01085196,-27.173666,2.256348,0.75211596,0.15200001,0.0,0.12440795,2.2799985,2.2999985,374400
hardzero_plus_depr__c0p50__z1p00__lam0p020__nu0p50__psi0p75,hardzero_plus_depr,0.06,39,117,0.0,2,0.13691887,0.13691887,1.040166,0.0,0.09116622,0.0,0.0,0.010690395,-27.718645,2.288411,0.7628037,0.24,0.0,0.1451704,2.2999985,2.3199985,377600
hardzero_plus_depr__c0p50__z1p00__lam0p020__nu0p50__psi0p75,hardzero_plus_depr,0.06,39,118,0.0,2,0.13691887,0.13691887,1.0142195,0.0,0.09677886,0.0,0.0,0.0105312355,-27.891954,2.2313275,0.74377584,0.14400001,0.0,0.14544725,2.3199985,2.3399985,380800
hardzero_plus_depr__c0p50__z1p00__lam0p020__nu0p50__psi0p75,hardzero_plus_depr,0.06,39,119,0.0,2,0.13691887,0.13691887,1.0301615,0.0,0.09329073,0.0,0.0,0.0103744455,-28.177738,2.2664006,0.7554669,0.112,0.0,0.1472566,2.3399985,2.3599985,384000
hardzero_plus_depr__c0p50__z1p00__lam0p020__nu0p50__psi0p75,hardzero_plus_depr,0.06,39,120,0.0,2,0.13691887,0.13800588,0.9732192,0.1063606,0.1063606,1.0,0.0010870044,0.010219992,-26.245659,2.141125,0.71370834,0.17600001,0.0,0.1355982,2.3599985,2.3799984,387200
hardzero_plus_depr__c0p50__z1p00__lam0p020__nu0p50__psi0p75,hardzero_plus_depr,0.06,39,121,0.0,2,0.13800588,0.13800588,1.0243881,0.0,0.09453919,0.0,0.0,0.010067834,-27.009108,2.2536988,0.751233,0.120000005,0.0,0.124935545,2.3799984,2.3999984,390400
hardzero_plus_depr__c0p50__z1p00__lam0p020__nu0p50__psi0p75,hardzero_plus_depr,0.06,39,122,0.0,2,0.13800588,0.13904278,0.9806862,0.104547545,0.104547545,1.0,0.0010368968,0.009917946,-26.785215,2.1575527,0.7191843,0.120000005,0.0,0.10544138,2.3999984,2.4199984,393600
hardzero_plus_depr__c0p50__z1p00__lam0p020__nu0p50__psi0p75,hardzero_plus_depr,0.06,39,123,0.0,2,0.13904278,0.13904278,1.0037651,0.0,0.09913681,0.0,0.0,0.009770286,-27.672083,2.2083273,0.73610914,0.17600001,0.0,0.15245919,2.4199984,2.4399984,396800
hardzero_plus_depr__c0p50__z1p00__lam0p020__nu0p50__psi0p75,hardzero_plus_depr,0.06,39,124,0.0,2,0.13904278,0.13904278,1.0208013,0.0,0.095323205,0.0,0.0,0.009624826,-27.24418,2.2458076,0.74860257,0.136,0.0,0.1313986,2.4399984,2.4599984,400000
hardzero_plus_depr__c0p50__z1p00__lam0p020__nu0p50__psi0p75,hardzero_plus_depr,0.06,39,125,0.0,2,0.13904278,0.13904278,1.0030832,0.0,0.09929257,0.0,0.0,0.00948153,-26.490833,2.2068272,0.73560905,0.224,0.0,0.13723318,2.4599984,2.4799984,403200
hardzero_plus_depr__c0p50__z1p00__lam0p020__nu0p50__psi0p75,hardzero_plus_depr,0.06,39,126,0.0,2,0.13904278,0.13904278,1.0294846,0.0,0.09343623,0.0,0.0,0.009340369,-26.822266,2.2649114,0.7549705,0.112,0.0,0.16714355,2.4799984,2.4999983,406400
hardzero_plus_depr__c0p50__z1p00__lam0p020__nu0p50__psi0p75,hardzero_plus_depr,0.06,39,127,0.0,2,0.13904278,0.13904278,1.041377,0.0,0.09091238,0.0,0.0,0.009201309,-27.560965,2.291075,0.76369166,0.18400002,0.0,0.17353542,2.4999983,2.5199983,409600
hardzero_plus_depr__c0p50__z1p00__lam0p020__nu0p50__psi0p75,hardzero_plus_depr,0.06,39,128,0.0,2,0.13904278,0.13998143,0.98482764,0.103555314,0.103555314,1.0,0.00093865854,0.0090643205,-26.961004,2.1666641,0.7222214,0.15200001,0.0,0.1577003,2.5199983,2.5399983,412800
hardzero_plus_depr__c0p50__z1p00__lam0p020__nu0p50__psi0p75,hardzero_plus_depr,0.06,39,129,0.0,2,0.13998143,0.13998143,1.0085294,0.0,0.098055184,0.0,0.0,0.008929369,-27.188221,2.2188091,0.73960304,0.192,0.0,0.1680528,2.5399983,2.5599983,416000
hardzero_plus_depr__c0p50__z1p00__lam0p020__nu0p50__psi0p75,hardzero_plus_depr,0.06,39,130,0.0,2,0.13998143,0.13998143,1.0289688,0.0,0.093547285,0.0,0.0,0.008796429,-27.149126,2.2637765,0.7545922,0.16,0.0,0.18950069,2.5599983,2.5799983,419200
hardzero_plus_depr__c0p50__z1p00__lam0p020__nu0p50__psi0p75,hardzero_plus_depr,0.06,39,131,0.0,2,0.13998143,0.13998143,1.026082,0.0,0.09417115,0.0,0.0,0.008665467,-27.62985,2.2574255,0.7524752,0.128,0.0,0.13442478,2.5799983,2.5999982,422400
hardzero_plus_depr__c0p50__z1p00__lam0p020__nu0p50__psi0p75,hardzero_plus_depr,0.06,39,132,0.0,2,0.13998143,0.13998143,1.0227187,0.0,0.0949033,0.0,0.0,0.008536455,-26.882732,2.250026,0.7500087,0.17600001,0.0,0.15641487,2.5999982,2.6199982,425600
hardzero_plus_depr__c0p50__z1p00__lam0p020__nu0p50__psi0p75,hardzero_plus_depr,0.06,39,133,0.0,2,0.13998143,0.14088131,0.97057444,0.107010275,0.107010275,1.0,0.00089988834,0.008409364,-26.72773,2.1353064,0.7117688,0.208,0.0,0.14787522,2.6199982,2.6399982,428800
hardzero_plus_depr__c0p50__z1p00__lam0p020__nu0p50__psi0p75,hardzero_plus_depr,0.06,39,134,0.0,2,0.14088131,0.1417401,0.9843623,0.10366633,0.10366633,1.0,0.000858789,0.0082841655,-25.929262,2.1656404,0.72188014,0.17600001,0.0,0.11512729,2.6399982,2.6599982,432000
hardzero_plus_depr__c0p50__z1p00__lam0p020__nu0p50__psi0p75,hardzero_plus_depr,0.06,39,135,0.0,2,0.1417401,0.1417401,1.0392634,0.0,0.09135591,0.0,0.0,0.00816083,-26.861416,2.286425,0.7621417,0.120000005,0.0,0.16211428,2.6599982,2.6799982,435200
hardzero_plus_depr__c0p50__z1p00__lam0p020__nu0p50__psi0p75,hardzero_plus_depr,0.06,39,136,0.0,2,0.1417401,0.1417401,1.0408528,0.0,0.09102217,0.0,0.0,0.008039332,-27.475775,2.2899218,0.7633073,0.16000001,0.0,0.1553847,2.6799982,2.6999981,438400
hardzero_plus_depr__c0p50__z1p00__lam0p020__nu0p50__psi0p75,hardzero_plus_depr,0.06,39,137,0.0,2,0.1417401,0.1417401,1.0260706,0.0,0.09417365,0.0,0.0,0.00791964,-26.95233,2.2574005,0.75246686,0.15200001,0.0,0.15921754,2.6999981,2.7199981,441600
hardzero_plus_depr__c0p50__z1p00__lam0p020__nu0p50__psi0p75,hardzero_plus_depr,0.06,39,138,0.0,2,0.1417401,0.1417401,1.0854769,0.0,0.08213402,0.0,0.0,0.007801734,-28.373327,2.3880968,0.7960323,0.16800001,0.0,0.16529232,2.7199981,2.739998,444800
hardzero_plus_depr__c0p50__z1p00__lam0p020__nu0p50__psi0p75,hardzero_plus_depr,0.06,39,139,0.0,2,0.1417401,0.1417401,1.0470846,0.0,0.0897254,0.0,0.0,0.0076855808,-28.287884,2.303632,0.76787734,0.18400002,0.0,0.19471948,2.739998,2.759998,448000
hardzero_plus_depr__c0p50__z1p00__lam0p020__nu0p50__psi0p75,hardzero_plus_depr,0.06,39,140,0.0,2,0.1417401,0.1417401,1.0280402,0.0,0.09374752,0.0,0.0,0.007571158,-26.602577,2.2617335,0.7539112,0.17600001,0.0,0.17635298,2.759998,2.779998,451200
hardzero_plus_depr__c0p50__z1p00__lam0p020__nu0p50__psi0p75,hardzero_plus_depr,0.06,39,141,0.0,2,0.1417401,0.14252798,0.9761838,0.105637036,0.105637036,1.0,0.0007878872,0.0074584372,-26.21319,2.1476471,0.7158824,0.208,0.008,0.12763825,2.779998,2.799998,454400
hardzero_plus_depr__c0p50__z1p00__lam0p020__nu0p50__psi0p75,hardzero_plus_depr,0.06,39,142,0.0,2,0.14252798,0.14252798,1.0359433,0.0,0.092056975,0.0,0.0,0.0073473966,-27.35763,2.2791207,0.7597069,0.16000001,0.0,0.13539584,2.799998,2.819998,457600
hardzero_plus_depr__c0p50__z1p00__lam0p020__nu0p50__psi0p75,hardzero_plus_depr,0.06,39,143,0.0,2,0.14252798,0.14252798,1.0703264,0.0,0.08504984,0.0,0.0,0.0072380076,-28.016693,2.3547652,0.78492177,0.17999999,0.0,0.15722738,2.819998,2.839998,460800
hardzero_plus_depr__c0p50__z1p00__lam0p020__nu0p50__psi0p75,hardzero_plus_depr,0.06,39,144,0.0,2,0.14252798,0.14252798,1.0325975,0.0,0.0927689,0.0,0.0,0.0071302485,-27.118837,2.27176,0.75725335,0.16000001,0.0,0.14851698,2.839998,2.859998,464000
hardzero_plus_depr__c0p50__z1p00__lam0p020__nu0p50__psi0p75,hardzero_plus_depr,0.06,39,145,0.0,2,0.14252798,0.14252798,1.0305163,0.0,0.09321456,0.0,0.0,0.007024092,-27.137247,2.2671812,0.75572705,0.120000005,0.0,0.1206285,2.859998,2.879998,467200
hardzero_plus_depr__c0p50__z1p00__lam0p020__nu0p50__psi0p75,hardzero_plus_depr,0.06,39,146,0.0,2,0.14252798,0.14330484,0.94973725,0.11226975,0.11226975,1.0,0.0007768526,0.006919518,-25.390282,2.0894637,0.6964879,0.16800001,0.0,0.12140781,2.879998,2.899998,470400
hardzero_plus_depr__c0p50__z1p00__lam0p020__nu0p50__psi0p75,hardzero_plus_depr,0.06,39,147,0.0,2,0.14330484,0.14330484,1.0109903,0.0,0.097501144,0.0,0.0,0.0068164994,-27.536268,2.224223,0.74140763,0.17600001,0.0,0.14156923,2.899998,2.919998,473600
hardzero_plus_depr__c0p50__z1p00__lam0p020__nu0p50__psi0p75,hardzero_plus_depr,0.06,39,148,0.0,2,0.14330484,0.14330484,1.0326623,0.0,0.09275508,0.0,0.0,0.0067150155,-27.06091,2.2719023,0.7573008,0.136,0.0,0.15867811,2.919998,2.939998,476800
hardzero_plus_depr__c0p50__z1p00__lam0p020__nu0p50__psi0p75,hardzero_plus_depr,0.06,39,149,0.0,2,0.14330484,0.14396814,0.99882513,0.1002709,0.1002709,1.0,0.00066329614,0.0066150413,-26.416256,2.1974592,0.7324864,0.16000001,0.0,0.139508,2.939998,2.959998,480000
hardzero_plus_depr__c0p50__z1p00__lam0p020__nu0p50__psi0p75,hardzero_plus_depr,0.06,39,150,0.0,2,0.14396814,0.14396814,1.0214646,0.0,0.095177755,0.0,0.0,0.0065165567,-27.448349,2.247267,0.749089,0.16000001,0.0,0.12516461,2.959998,2.9799979,483200
hardzero_plus_depr__c0p50__z1p00__lam0p020__nu0p50__psi0p75,hardzero_plus_depr,0.06,39,151,0.0,2,0.14396814,0.14396814,1.0341924,0.0,0.09242884,0.0,0.0,0.006419537,-27.792204,2.2752688,0.758423,0.16000001,0.0,0.16055161,2.9799979,2.9999979,486400
hardzero_plus_depr__c0p50__z1p00__lam0p020__nu0p50__psi0p75,hardzero_plus_depr,0.06,39,152,0.0,2,0.14396814,0.14396814,1.0207196,0.0,0.095341146,0.0,0.0,0.006323964,-28.1062,2.245628,0.7485427,0.16800001,0.0,0.13067468,2.9999979,3.0199978,489600
hardzero_plus_depr__c0p50__z1p00__lam0p020__nu0p50__psi0p75,hardzero_plus_depr,0.06,39,153,0.0,2,0.14396814,0.14396814,1.0412799,0.0,0.09093269,0.0,0.0,0.006229812,-26.836935,2.2908616,0.76362056,0.192,0.0,0.12536505,3.0199978,3.0399978,492800
hardzero_plus_depr__c0p50__z1p00__lam0p020__nu0p50__psi0p75,hardzero_plus_depr,0.06,39,154,0.0,2,0.14396814,0.14396814,1.028766,0.0,0.09359097,0.0,0.0,0.006137063,-27.520014,2.2633305,0.7544435,0.18400002,0.0,0.15534051,3.0399978,3.0599978,496000
hardzero_plus_depr__c0p50__z1p00__lam0p020__nu0p50__psi0p75,hardzero_plus_depr,0.06,39,155,0.0,2,0.14396814,0.14396814,1.0185206,0.0,0.09582513,0.0,0.0,0.006045693,-27.725279,2.2407901,0.74693006,0.16000001,0.0,0.15382275,3.0599978,3.0799978,499200
hardzero_plus_depr__c0p50__z1p00__lam0p020__nu0p50__psi0p75,hardzero_plus_depr,0.06,39,156,0.0,2,0.14396814,0.14458573,0.9842302,0.103697844,0.103697844,1.0,0.0006175917,0.0059556854,-26.197968,2.1653497,0.7217833,0.13,0.0,0.12857293,3.0799978,3.0999978,502400
hardzero_plus_depr__c0p50__z1p00__lam0p020__nu0p50__psi0p75,hardzero_plus_depr,0.06,39,157,0.0,2,0.14458573,0.14518677,0.9895152,0.1024436,0.1024436,1.0,0.0006010382,0.005867016,-26.754082,2.176977,0.725659,0.15200001,0.0,0.14371943,3.0999978,3.1199977,505600
hardzero_plus_depr__c0p50__z1p00__lam0p020__nu0p50__psi0p75,hardzero_plus_depr,0.06,39,158,0.0,2,0.14518677,0.14576489,0.9998799,0.10002766,0.10002766,1.0,0.0005781267,0.005779668,-26.328588,2.1997797,0.7332599,0.2,0.0,0.1455557,3.1199977,3.1399977,508800
hardzero_plus_depr__c0p50__z1p00__lam0p020__nu0p50__psi0p75,hardzero_plus_depr,0.06,39,159,0.0,2,0.14576489,0.14576489,1.0986623,0.0,0.079677865,0.0,0.0,0.0056936196,-29.257904,2.4171052,0.80570173,0.192,0.0,0.18915889,3.1399977,3.1599977,512000
hardzero_plus_depr__c0p50__z1p00__lam0p020__nu0p50__psi0p75,hardzero_plus_depr,0.06,39,160,0.0,2,0.14576489,0.14576489,1.0370225,0.0,0.09182852,0.0,0.0,0.0056088534,-27.885012,2.281495,0.7604984,0.18400002,0.0,0.15493855,3.1599977,3.1799977,515200
hardzero_plus_depr__c0p50__z1p00__lam0p020__nu0p50__psi0p75,hardzero_plus_depr,0.06,39,161,0.0,2,0.14576489,0.14576489,1.0723921,0.0,0.084646285,0.0,0.0,0.005525348,-29.035028,2.3593097,0.78643656,0.15200001,0.0,0.15254521,3.1799977,3.1999977,518400
hardzero_plus_depr__c0p50__z1p00__lam0p020__nu0p50__psi0p75,hardzero_plus_depr,0.06,39,162,0.0,2,0.14576489,0.14576489,1.0185816,0.0,0.09581165,0.0,0.0,0.0054430873,-26.938522,2.2409244,0.7469748,0.136,0.0,0.14316145,3.1999977,3.2199976,521600
hardzero_plus_depr__c0p50__z1p00__lam0p020__nu0p50__psi0p75,hardzero_plus_depr,0.06,39,163,0.0,2,0.14576489,0.14576489,1.0217214,0.0,0.09512149,0.0,0.0,0.0053620497,-27.192806,2.2478318,0.7492773,0.136,0.0,0.13777114,3.2199976,3.2399976,524800
hardzero_plus_depr__c0p50__z1p00__lam0p020__nu0p50__psi0p75,hardzero_plus_depr,0.06,39,164,0.0,2,0.14576489,0.14576489,1.0499125,0.0,0.089143045,0.0,0.0,0.0052822195,-28.088179,2.3098536,0.7699512,0.16000001,0.0,0.14454241,3.2399976,3.2599976,528000
hardzero_plus_depr__c0p50__z1p00__lam0p020__nu0p50__psi0p75,hardzero_plus_depr,0.06,39,165,0.0,2,0.14576489,0.14576489,1.0933194,0.0,0.08066415,0.0,0.0,0.005203577,-27.784191,2.4053507,0.80178356,0.072000004,0.0,0.13429971,3.2599976,3.2799976,531200
hardzero_plus_depr__c0p50__z1p00__lam0p020__nu0p50__psi0p75,hardzero_plus_depr,0.06,39,166,0.0,2,0.14576489,0.1463005,0.9809453,0.10448517,0.10448517,1.0,0.0005356021,0.0051261066,-26.724258,2.1581228,0.7193743,0.16000001,0.0,0.13788557,3.2799976,3.2999976,534400
hardzero_plus_depr__c0p50__z1p00__lam0p020__nu0p50__psi0p75,hardzero_plus_depr,0.06,39,167,0.0,2,0.1463005,0.1463005,1.0614471,0.0,0.08680661,0.0,0.0,0.005049788,-28.051357,2.3352304,0.77841014,0.120000005,0.0,0.15327287,3.2999976,3.3199975,537600
hardzero_plus_depr__c0p50__z1p00__lam0p020__nu0p50__psi0p75,hardzero_plus_depr,0.06,39,168,0.0,2,0.1463005,0.1463005,1.0204071,0.0,0.09540979,0.0,0.0,0.0049746074,-27.445814,2.2449405,0.74831355,0.120000005,0.0,0.14422686,3.3199975,3.3399975,540800
hardzero_plus_depr__c0p50__z1p00__lam0p020__nu0p50__psi0p75,hardzero_plus_depr,0.06,39,169,0.0,2,0.1463005,0.1463005,1.0097675,0.0,0.09777605,0.0,0.0,0.0049005444,-27.013988,2.2215328,0.74051094,0.17,0.0,0.16760969,3.3399975,3.3599975,544000
hardzero_plus_depr__c0p50__z1p00__lam0p020__nu0p50__psi0p75,hardzero_plus_depr,0.06,39,170,0.0,2,0.1463005,0.14680131,0.98405313,0.10374015,0.10374015,1.0,0.00050081447,0.004827586,-26.650362,2.1649601,0.7216534,0.128,0.0,0.13396454,3.3599975,3.3799975,547200
hardzero_plus_depr__c0p50__z1p00__lam0p020__nu0p50__psi0p75,hardzero_plus_depr,0.06,39,171,0.0,2,0.14680131,0.14680131,1.0978118,0.0,0.07983406,0.0,0.0,0.004755712,-28.32777,2.4152343,0.80507815,0.112,0.0,0.16195069,3.3799975,3.3999975,550400
hardzero_plus_depr__c0p50__z1p00__lam0p020__nu0p50__psi0p75,hardzero_plus_depr,0.06,39,172,0.0,2,0.14680131,0.14680131,1.0566539,0.0,0.087770015,0.0,0.0,0.004684909,-28.058802,2.3246849,0.77489495,0.15200001,0.0,0.14177988,3.3999975,3.4199975,553600
hardzero_plus_depr__c0p50__z1p00__lam0p020__nu0p50__psi0p75,hardzero_plus_depr,0.06,39,173,0.0,2,0.14680131,0.14680131,1.0348996,0.0,0.09227847,0.0,0.0,0.0046151592,-27.69265,2.2768245,0.75894153,0.128,0.0,0.16567443,3.4199975,3.4399974,556800
hardzero_plus_depr__c0p50__z1p00__lam0p020__nu0p50__psi0p75,hardzero_plus_depr,0.06,39,174,0.0,2,0.14680131,0.14680131,1.0318078,0.0,0.09293777,0.0,0.0,0.0045464486,-27.277294,2.2700224,0.7566742,0.16000001,0.0,0.13717861,3.4399974,3.4599974,560000
hardzero_plus_depr__c0p50__z1p00__lam0p020__nu0p50__psi0p75,hardzero_plus_depr,0.06,39,175,0.0,2,0.14680131,0.14680131,1.0203495,0.0,0.09542244,0.0,0.0,0.0044787605,-26.853899,2.2448137,0.7482712,0.128,0.0,0.13982704,3.4599974,3.4799974,563200
hardzero_plus_depr__c0p50__z1p00__lam0p020__nu0p50__psi0p75,hardzero_plus_depr,0.06,39,176,0.0,2,0.14680131,0.14680131,1.0245271,0.0,0.094508946,0.0,0.0,0.0044120816,-27.401688,2.2540045,0.75133485,0.14400001,0.0,0.15903185,3.4799974,3.4999974,566400
hardzero_plus_depr__c0p50__z1p00__lam0p020__nu0p50__psi0p75,hardzero_plus_depr,0.06,39,177,0.0,2,0.14680131,0.14680131,1.0056493,0.0,0.09870761,0.0,0.0,0.0043463935,-27.372719,2.2124727,0.7374909,0.216,0.0,0.16759552,3.4999974,3.5199974,569600
hardzero_plus_depr__c0p50__z1p00__lam0p020__nu0p50__psi0p75,hardzero_plus_depr,0.06,39,178,0.0,2,0.14680131,0.14680131,1.0045351,0.0,0.098961174,0.0,0.0,0.0042816848,-27.5612,2.2100213,0.7366738,0.120000005,0.0,0.1411097,3.5199974,3.5399973,572800
hardzero_plus_depr__c0p50__z1p00__lam0p020__nu0p50__psi0p75,hardzero_plus_depr,0.06,39,179,0.0,2,0.14680131,0.14680131,1.0738034,0.0,0.08437167,0.0,0.0,0.0042179385,-28.385223,2.3624148,0.78747165,0.136,0.0,0.16836953,3.5399973,3.5599973,576000
hardzero_plus_depr__c0p50__z1p00__lam0p020__nu0p50__psi0p75,hardzero_plus_depr,0.06,39,180,0.0,2,0.14680131,0.14725882,0.95818937,0.1101059,0.1101059,1.0,0.00045750564,0.0041551418,-25.988016,2.1080587,0.70268625,0.2,0.0,0.12336527,3.5599973,3.5799973,579200
hardzero_plus_depr__c0p50__z1p00__lam0p020__nu0p50__psi0p75,hardzero_plus_depr,0.06,39,181,0.0,2,0.14725882,0.14725882,1.0228176,0.0,0.094881676,0.0,0.0,0.0040932796,-27.578571,2.2502437,0.75008124,0.16000001,0.0,0.16850325,3.5799973,3.5999973,582400
hardzero_plus_depr__c0p50__z1p00__lam0p020__nu0p50__psi0p75,hardzero_plus_depr,0.06,39,182,0.0,2,0.14725882,0.14725882,1.0376002,0.0,0.09170643,0.0,0.0,0.004032339,-28.27874,2.2827659,0.76092196,0.17,0.0,0.14752643,3.5999973,3.6199973,585600
hardzero_plus_depr__c0p50__z1p00__lam0p020__nu0p50__psi0p75,hardzero_plus_depr,0.06,39,183,0.0,2,0.14725882,0.14725882,1.0674236,0.0,0.085620224,0.0,0.0,0.003972305,-27.518408,2.3483787,0.7827929,0.104,0.0,0.13951978,3.6199973,3.6399972,588800
hardzero_plus_depr__c0p50__z1p00__lam0p020__nu0p50__psi0p75,hardzero_plus_depr,0.06,39,184,0.0,2,0.14725882,0.14725882,1.0182772,0.0,0.095878854,0.0,0.0,0.003913166,-27.27735,2.2402544,0.7467515,0.08800001,0.0,0.14291976,3.6399972,3.6599972,592000
hardzero_plus_depr__c0p50__z1p00__lam0p020__nu0p50__psi0p75,hardzero_plus_depr,0.06,39,185,0.0,2,0.14725882,0.14765786,0.9849966,0.10351503,0.10351503,1.0,0.00039904064,0.0038549055,-27.102896,2.1670358,0.7223453,0.208,0.0,0.1466101,3.6599972,3.6799972,595200
hardzero_plus_depr__c0p50__z1p00__lam0p020__nu0p50__psi0p75,hardzero_plus_depr,0.06,39,186,0.0,2,0.14765786,0.14765786,1.0009449,0.0,0.099782676,0.0,0.0,0.003797514,-26.623299,2.2021227,0.7340409,0.14400001,0.0,0.13894995,3.6799972,3.6999972,598400
hardzero_plus_depr__c0p50__z1p00__lam0p020__nu0p50__psi0p75,hardzero_plus_depr,0.06,39,187,0.0,2,0.14765786,0.14765786,1.0219333,0.0,0.09507508,0.0,0.0,0.0037409763,-27.855864,2.2482982,0.74943274,0.136,0.0,0.14152658,3.6999972,3.7199972,601600
hardzero_plus_depr__c0p50__z1p00__lam0p020__nu0p50__psi0p75,hardzero_plus_depr,0.06,39,188,0.0,2,0.14765786,0.14765786,1.043952,0.0,0.09037494,0.0,0.0,0.0036852807,-27.83749,2.2967403,0.7655801,0.192,0.0,0.18348415,3.7199972,3.7399971,604800
hardzero_plus_depr__c0p50__z1p00__lam0p020__nu0p50__psi0p75,hardzero_plus_depr,0.06,39,189,0.0,2,0.14765786,0.14765786,1.033029,0.0,0.092676796,0.0,0.0,0.003630414,-27.555527,2.2727091,0.75756973,0.14400001,0.0,0.16667362,3.7399971,3.7599971,608000
hardzero_plus_depr__c0p50__z1p00__lam0p020__nu0p50__psi0p75,hardzero_plus_depr,0.06,39,190,0.0,2,0.14765786,0.14765786,1.0246522,0.0,0.094481714,0.0,0.0,0.0035763644,-27.402208,2.2542799,0.75142664,0.136,0.0,0.13308516,3.7599971,3.779997,611200
hardzero_plus_depr__c0p50__z1p00__lam0p020__nu0p50__psi0p75,hardzero_plus_depr,0.06,39,191,0.0,2,0.14765786,0.14765786,1.0375688,0.0,0.09171306,0.0,0.0,0.0035231188,-26.9826,2.282697,0.760899,0.16800001,0.0,0.16999345,3.779997,3.799997,614400
hardzero_plus_depr__c0p50__z1p00__lam0p020__nu0p50__psi0p75,hardzero_plus_depr,0.06,39,192,0.0,2,0.14765786,0.14765786,1.0324061,0.0,0.092809804,0.0,0.0,0.0034706672,-26.636267,2.2713387,0.7571129,0.16800001,0.0,0.16314696,3.799997,3.819997,617600
hardzero_plus_depr__c0p50__z1p00__lam0p020__nu0p50__psi0p75,hardzero_plus_depr,0.06,39,193,0.0,2,0.14765786,0.14765786,1.0078472,0.0,0.09820934,0.0,0.0,0.0034189953,-26.65958,2.217308,0.7391027,0.136,0.0,0.12458321,3.819997,3.839997,620800
hardzero_plus_depr__c0p50__z1p00__lam0p020__nu0p50__psi0p75,hardzero_plus_depr,0.06,39,194,0.0,2,0.14765786,0.14765786,1.040577,0.0,0.09107997,0.0,0.0,0.0033680934,-28.016884,2.2893152,0.7631051,0.192,0.0,0.15672603,3.839997,3.859997,624000
hardzero_plus_depr__c0p50__z1p00__lam0p020__nu0p50__psi0p75,hardzero_plus_depr,0.06,39,195,0.0,2,0.14765786,0.14765786,1.1154174,0.0,0.07666244,0.0,0.0,0.0033179487,-29.139082,2.453967,0.81798905,0.13,0.0,0.22288883,3.859997,3.879997,627200
hardzero_plus_depr__c0p50__z1p00__lam0p020__nu0p50__psi0p75,hardzero_plus_depr,0.06,39,196,0.0,2,0.14765786,0.14799161,0.9909286,0.10211073,0.10211073,1.0,0.00033375414,0.0032685513,-27.278053,2.1800864,0.7266955,0.16000001,0.0,0.14078934,3.879997,3.899997,630400
hardzero_plus_depr__c0p50__z1p00__lam0p020__nu0p50__psi0p75,hardzero_plus_depr,0.06,39,197,0.0,2,0.14799161,0.14799161,1.0130737,0.0,0.09703454,0.0,0.0,0.0032198885,-26.74458,2.2288067,0.7429356,0.15200001,0.0,0.13762602,3.899997,3.919997,633600
hardzero_plus_depr__c0p50__z1p00__lam0p020__nu0p50__psi0p75,hardzero_plus_depr,0.06,39,198,0.0,2,0.14799161,0.14799161,1.0380806,0.0,0.09160506,0.0,0.0,0.0031719513,-27.375595,2.2838228,0.7612743,0.104,0.0,0.14215238,3.919997,3.939997,636800
hardzero_plus_depr__c0p50__z1p00__lam0p020__nu0p50__psi0p75,hardzero_plus_depr,0.06,39,199,0.0,2,0.14799161,0.14832938,0.96620125,0.10809331,0.10809331,1.0,0.000337762,0.0031247265,-26.652437,2.1256852,0.7085618,0.256,0.0,0.13702792,3.939997,3.959997,640000
hardzero_plus_depr__c0p50__z1p00__lam0p020__nu0p50__psi0p75,hardzero_plus_depr,0.06,39,200,0.0,2,0.14832938,0.14832938,1.0386492,0.0,0.09148519,0.0,0.0,0.0030782057,-28.17403,2.2850738,0.7616913,0.104,0.0,0.14444372,3.959997,3.979997,643200
hardzero_plus_depr__c0p50__z1p00__lam0p020__nu0p50__psi0p75,hardzero_plus_depr,0.06,39,201,0.0,2,0.14832938,0.14863992,0.9896705,0.10240697,0.10240697,1.0,0.00031053656,0.0030323772,-26.736458,2.1773186,0.72577286,0.2,0.0,0.15217298,3.979997,3.999997,646400
hardzero_plus_depr__c0p50__z1p00__lam0p020__nu0p50__psi0p75,hardzero_plus_depr,0.06,39,202,0.0,2,0.14863992,0.14895606,0.9753906,0.10583013,0.10583013,1.0,0.00031613908,0.0029872311,-27.229458,2.1459022,0.71530074,0.16800001,0.0,0.13890313,3.999997,4.019997,649600
hardzero_plus_depr__c0p50__z1p00__lam0p020__nu0p50__psi0p75,hardzero_plus_depr,0.06,39,203,0.0,2,0.14895606,0.14895606,1.0601788,0.0,0.08706051,0.0,0.0,0.002942756,-27.543247,2.33244,0.77748,0.120000005,0.0,0.1681885,4.019997,4.039997,652800
hardzero_plus_depr__c0p50__z1p00__lam0p020__nu0p50__psi0p75,hardzero_plus_depr,0.06,39,204,0.0,2,0.14895606,0.14895606,1.0452794,0.0,0.090099126,0.0,0.0,0.0028989443,-28.232876,2.2996604,0.7665535,0.120000005,0.0,0.15206192,4.039997,4.059997,656000
hardzero_plus_depr__c0p50__z1p00__lam0p020__nu0p50__psi0p75,hardzero_plus_depr,0.06,39,205,0.0,2,0.14895606,0.14925487,0.9803153,0.10463683,0.10463683,1.0,0.00029882032,0.0028557852,-26.803497,2.1567369,0.7189123,0.24000001,0.0,0.13406925,4.059997,4.079997,659200
hardzero_plus_depr__c0p50__z1p00__lam0p020__nu0p50__psi0p75,hardzero_plus_depr,0.06,39,206,0.0,2,0.14925487,0.14925487,1.0617309,0.0,0.08674992,0.0,0.0,0.002813268,-27.894123,2.3358545,0.7786182,0.14400001,0.0,0.19637531,4.079997,4.099997,662400
hardzero_plus_depr__c0p50__z1p00__lam0p020__nu0p50__psi0p75,hardzero_plus_depr,0.06,39,207,0.0,2,0.14925487,0.14925487,1.000397,0.0,0.09990863,0.0,0.0,0.0027713832,-27.112806,2.2009172,0.7336391,0.23200001,0.0,0.14505322,4.099997,4.119997,665600
hardzero_plus_depr__c0p50__z1p00__lam0p020__nu0p50__psi0p75,hardzero_plus_depr,0.06,39,208,0.0,2,0.14925487,0.14925487,1.0359896,0.0,0.09204715,0.0,0.0,0.0027301232,-27.314919,2.2792227,0.75974095,0.17999999,0.0,0.13667719,4.119997,4.139997,668800
hardzero_plus_depr__c0p50__z1p00__lam0p020__nu0p50__psi0p75,hardzero_plus_depr,0.06,39,209,0.0,2,0.14925487,0.14954536,0.96655434,0.10800545,0.10800545,1.0,0.00029047823,0.0026894775,-26.749454,2.126462,0.7088207,0.16800001,0.0,0.1425852,4.139997,4.159997,672000
hardzero_plus_depr__c0p50__z1p00__lam0p020__nu0p50__psi0p75,hardzero_plus_depr,0.06,39,210,0.0,2,0.14954536,0.14954536,1.0445712,0.0,0.09024617,0.0,0.0,0.002649436,-27.689009,2.2981024,0.7660341,0.15200001,0.0,0.15553086,4.159997,4.179997,675200
hardzero_plus_depr__c0p50__z1p00__lam0p020__nu0p50__psi0p75,hardzero_plus_depr,0.06,39,211,0.0,2,0.14954536,0.14954536,1.0164262,0.0,0.09628835,0.0,0.0,0.0026099908,-27.133389,2.2361822,0.7453941,0.2,0.0,0.15207687,4.179997,4.199997,678400
hardzero_plus_depr__c0p50__z1p00__lam0p020__nu0p50__psi0p75,hardzero_plus_depr,0.06,39,212,0.0,2,0.14954536,0.14980811,0.9905878,0.1021909,0.1021909,1.0,0.00026274644,0.0025711334,-26.98761,2.1793365,0.72644556,0.136,0.0,0.13597211,4.199997,4.219997,681600
hardzero_plus_depr__c0p50__z1p00__lam0p020__nu0p50__psi0p75,hardzero_plus_depr,0.06,39,213,0.0,2,0.14980811,0.14980811,1.0976167,0.0,0.079869926,0.0,0.0,0.0025328547,-28.007998,2.414805,0.804935,0.16800001,0.0,0.15871248,4.219997,4.239997,684800
hardzero_plus_depr__c0p50__z1p00__lam0p020__nu0p50__psi0p75,hardzero_plus_depr,0.06,39,214,0.0,2,0.14980811,0.15007067,0.97787446,0.1052266,0.1052266,1.0,0.0002625556,0.002495145,-27.212917,2.1513667,0.71712226,0.136,0.0,0.1338074,4.239997,4.259997,688000
hardzero_plus_depr__c0p50__z1p00__lam0p020__nu0p50__psi0p75,hardzero_plus_depr,0.06,39,215,0.0,2,0.15007067,0.15007067,1.0454822,0.0,0.090057075,0.0,0.0,0.0024579968,-27.760258,2.3001068,0.7667023,0.112,0.0,0.14334495,4.259997,4.279997,691200
hardzero_plus_depr__c0p50__z1p00__lam0p020__nu0p50__psi0p75,hardzero_plus_depr,0.06,39,216,0.0,2,0.15007067,0.15031815,0.99052954,0.10220459,0.10220459,1.0,0.00024747846,0.0024214026,-26.514446,2.1792085,0.7264029,0.17600001,0.0,0.13876596,4.279997,4.299997,694400
hardzero_plus_depr__c0p50__z1p00__lam0p020__nu0p50__psi0p75,hardzero_plus_depr,0.06,39,217,0.0,2,0.15031815,0.15056056,0.9930111,0.10162227,0.10162227,1.0,0.00024240493,0.0023853525,-26.726349,2.184668,0.7282227,0.14400001,0.0,0.14578545,4.299997,4.319997,697600
hardzero_plus_depr__c0p50__z1p00__lam0p020__nu0p50__psi0p75,hardzero_plus_depr,0.06,39,218,0.0,2,0.15056056,0.15082048,0.95619124,0.11061367,0.11061367,1.0,0.00025992433,0.0023498393,-25.900446,2.1036627,0.7012209,0.14400001,0.0,0.15710592,4.319997,4.339997,700800
hardzero_plus_depr__c0p50__z1p00__lam0p020__nu0p50__psi0p75,hardzero_plus_depr,0.06,39,219,0.0,2,0.15082048,0.15082048,1.037579,0.0,0.091710895,0.0,0.0,0.0023148544,-27.914665,2.2827196,0.7609066,0.104,0.0,0.1745811,4.339997,4.359997,704000
hardzero_plus_depr__c0p50__z1p00__lam0p020__nu0p50__psi0p75,hardzero_plus_depr,0.06,39,220,0.0,2,0.15082048,0.15082048,1.0290245,0.0,0.09353529,0.0,0.0,0.002280391,-26.935282,2.263899,0.75463307,0.136,0.0,0.116594926,4.359997,4.379997,707200
hardzero_plus_depr__c0p50__z1p00__lam0p020__nu0p50__psi0p75,hardzero_plus_depr,0.06,39,221,0.0,2,0.15082048,0.15082048,1.0010655,0.0,0.09975497,0.0,0.0,0.0022464409,-26.370903,2.202388,0.73412937,0.13,0.0,0.117574036,4.379997,4.3999968,710400
hardzero_plus_depr__c0p50__z1p00__lam0p020__nu0p50__psi0p75,hardzero_plus_depr,0.06,39,222,0.0,2,0.15082048,0.15082048,1.01296,0.0,0.09705994,0.0,0.0,0.0022129954,-27.35329,2.2285564,0.74285215,0.17600001,0.0,0.14604531,4.3999968,4.4199967,713600
hardzero_plus_depr__c0p50__z1p00__lam0p020__nu0p50__psi0p75,hardzero_plus_depr,0.06,39,223,0.0,2,0.15082048,0.15082048,1.0237836,0.0,0.09467087,0.0,0.0,0.0021800478,-26.892454,2.252369,0.75078964,0.16000001,0.0,0.16130514,4.4199967,4.4399967,716800
hardzero_plus_depr__c0p50__z1p00__lam0p020__nu0p50__psi0p75,hardzero_plus_depr,0.06,39,224,0.0,2,0.15082048,0.15082048,1.019274,0.0,0.09565904,0.0,0.0,0.0021475914,-26.702185,2.2424476,0.74748254,0.15200001,0.0,0.15130097,4.4399967,4.4599967,720000
hardzero_plus_depr__c0p50__z1p00__lam0p020__nu0p50__psi0p75,hardzero_plus_depr,0.06,39,225,0.0,2,0.15082048,0.15082048,1.0769627,0.0,0.08376011,0.0,0.0,0.0021156182,-29.19886,2.3693652,0.7897884,0.112,0.0,0.17185913,4.4599967,4.4799967,723200
hardzero_plus_depr__c0p50__z1p00__lam0p020__nu0p50__psi0p75,hardzero_plus_depr,0.06,39,226,0.0,2,0.15082048,0.15103269,0.9921691,0.101819485,0.101819485,1.0,0.00021220409,0.0020841206,-27.553278,2.1828156,0.7276052,0.216,0.0,0.14411718,4.4799967,4.4999967,726400
hardzero_plus_depr__c0p50__z1p00__lam0p020__nu0p50__psi0p75,hardzero_plus_depr,0.06,39,227,0.0,2,0.15103269,0.15103269,1.095878,0.0,0.08019032,0.0,0.0,0.002053092,-29.005083,2.4109797,0.8036599,0.128,0.0,0.19283941,4.4999967,4.5199966,729600
hardzero_plus_depr__c0p50__z1p00__lam0p020__nu0p50__psi0p75,hardzero_plus_depr,0.06,39,228,0.0,2,0.15103269,0.15103269,1.0753673,0.0,0.08406839,0.0,0.0,0.0020225255,-28.128927,2.3658555,0.7886185,0.2,0.0,0.1937047,4.5199966,4.5399966,732800
hardzero_plus_depr__c0p50__z1p00__lam0p020__nu0p50__psi0p75,hardzero_plus_depr,0.06,39,229,0.0,2,0.15103269,0.15103269,1.067751,0.0,0.085555695,0.0,0.0,0.0019924145,-27.622631,2.3490992,0.7830331,0.136,0.0,0.15487115,4.5399966,4.5599966,736000
hardzero_plus_depr__c0p50__z1p00__lam0p020__nu0p50__psi0p75,hardzero_plus_depr,0.06,39,230,0.0,2,0.15103269,0.15103269,1.0233821,0.0,0.09475844,0.0,0.0,0.0019627512,-26.57089,2.2514856,0.7504952,0.16800001,0.0,0.13285679,4.5599966,4.5799966,739200
hardzero_plus_depr__c0p50__z1p00__lam0p020__nu0p50__psi0p75,hardzero_plus_depr,0.06,39,231,0.0,2,0.15103269,0.15122676,0.9983746,0.10037497,0.10037497,1.0,0.00019407795,0.0019335294,-26.757374,2.1964679,0.732156,0.136,0.0,0.14149305,4.5799966,4.5999966,742400
hardzero_plus_depr__c0p50__z1p00__lam0p020__nu0p50__psi0p75,hardzero_plus_depr,0.06,39,232,0.0,2,0.15122676,0.15122676,1.0042568,0.0,0.099024594,0.0,0.0,0.001904743,-26.161879,2.2094092,0.73646975,0.15200001,0.0,0.11978826,4.5999966,4.6199965,745600
hardzero_plus_depr__c0p50__z1p00__lam0p020__nu0p50__psi0p75,hardzero_plus_depr,0.06,39,233,0.0,2,0.15122676,0.15122676,1.0051588,0.0,0.09881918,0.0,0.0,0.0018763853,-27.46481,2.2113936,0.73713124,0.192,0.0,0.13592649,4.6199965,4.6399965,748800
hardzero_plus_depr__c0p50__z1p00__lam0p020__nu0p50__psi0p75,hardzero_plus_depr,0.06,39,234,0.0,2,0.15122676,0.15142025,0.9801598,0.10467432,0.10467432,1.0,0.00019348519,0.0018484495,-26.80524,2.1563947,0.7187983,0.13,0.0,0.14260054,4.6399965,4.6599965,752000
hardzero_plus_depr__c0p50__z1p00__lam0p020__nu0p50__psi0p75,hardzero_plus_depr,0.06,39,235,0.0,2,0.15142025,0.1516053,0.9930111,0.10162227,0.10162227,1.0,0.00018504699,0.0018209295,-27.043451,2.184668,0.7282227,0.192,0.0,0.14092481,4.6599965,4.6799965,755200
hardzero_plus_depr__c0p50__z1p00__lam0p020__nu0p50__psi0p75,hardzero_plus_depr,0.06,39,236,0.0,2,0.1516053,0.1516053,1.0497606,0.0,0.08917423,0.0,0.0,0.0017938197,-27.887247,2.3095193,0.76983976,0.14400001,0.0,0.16666974,4.6799965,4.6999965,758400
hardzero_plus_depr__c0p50__z1p00__lam0p020__nu0p50__psi0p75,hardzero_plus_depr,0.06,39,237,0.0,2,0.1516053,0.15178755,0.9865929,0.103135236,0.103135236,1.0,0.00018225165,0.0017671133,-26.223541,2.1705477,0.7235159,0.16000001,0.0,0.15078314,4.6999965,4.7199965,761600
hardzero_plus_depr__c0p50__z1p00__lam0p020__nu0p50__psi0p75,hardzero_plus_depr,0.06,39,238,0.0,2,0.15178755,0.15178755,1.0672568,0.0,0.08565311,0.0,0.0,0.0017408043,-28.37324,2.348012,0.7826707,0.136,0.0,0.15402359,4.7199965,4.7399964,764800
hardzero_plus_depr__c0p50__z1p00__lam0p020__nu0p50__psi0p75,hardzero_plus_depr,0.06,39,239,0.0,2,0.15178755,0.15197451,0.96246475,0.109027304,0.109027304,1.0,0.0001869695,0.001714887,-26.572832,2.1174648,0.70582163,0.15200001,0.0,0.14669314,4.7399964,4.7599964,768000
hardzero_plus_depr__c0p50__z1p00__lam0p020__nu0p50__psi0p75,hardzero_plus_depr,0.06,39,240,0.0,2,0.15197451,0.15197451,1.0030402,0.0,0.099302426,0.0,0.0,0.0016893558,-27.175642,2.2067325,0.7355775,0.18400002,0.0,0.14028233,4.7599964,4.7799964,771200
hardzero_plus_depr__c0p50__z1p00__lam0p020__nu0p50__psi0p75,hardzero_plus_depr,0.06,39,241,0.0,2,0.15197451,0.15197451,1.0660825,0.0,0.085885026,0.0,0.0,0.0016642049,-28.019938,2.3454282,0.78180945,0.16800001,0.0,0.1581688,4.7799964,4.7999964,774400
hardzero_plus_depr__c0p50__z1p00__lam0p020__nu0p50__psi0p75,hardzero_plus_depr,0.06,39,242,0.0,2,0.15197451,0.15197451,1.0289993,0.0,0.093540706,0.0,0.0,0.0016394279,-27.254154,2.2638438,0.7546146,0.096,0.0,0.1200926,4.7999964,4.8199964,777600
hardzero_plus_depr__c0p50__z1p00__lam0p020__nu0p50__psi0p75,hardzero_plus_depr,0.06,39,243,0.0,2,0.15197451,0.15197451,1.0020539,0.0,0.099528186,0.0,0.0,0.0016150197,-26.663258,2.2045624,0.73485416,0.16800001,0.0,0.14284031,4.8199964,4.8399963,780800
hardzero_plus_depr__c0p50__z1p00__lam0p020__nu0p50__psi0p75,hardzero_plus_depr,0.06,39,244,0.0,2,0.15197451,0.15197451,1.0635294,0.0,0.08639142,0.0,0.0,0.0015909754,-28.856037,2.3398113,0.77993715,0.15200001,0.0,0.17368321,4.8399963,4.8599963,784000
hardzero_plus_depr__c0p50__z1p00__lam0p020__nu0p50__psi0p75,hardzero_plus_depr,0.06,39,245,0.0,2,0.15197451,0.15197451,1.0607513,0.0,0.0869458,0.0,0.0,0.0015672891,-27.129494,2.3336995,0.77789986,0.192,0.0,0.15595339,4.8599963,4.8799963,787200
hardzero_plus_depr__c0p50__z1p00__lam0p020__nu0p50__psi0p75,hardzero_plus_depr,0.06,39,246,0.0,2,0.15197451,0.15197451,1.0221733,0.0,0.09502255,0.0,0.0,0.0015439551,-27.235579,2.248826,0.7496087,0.18400002,0.0,0.1380134,4.8799963,4.8999963,790400
hardzero_plus_depr__c0p50__z1p00__lam0p020__nu0p50__psi0p75,hardzero_plus_depr,0.06,39,247,0.0,2,0.15197451,0.15197451,1.0335505,0.0,0.092565574,0.0,0.0,0.0015209685,-28.211515,2.2738564,0.75795215,0.13,0.0,0.13547073,4.8999963,4.9199963,793600
hardzero_plus_depr__c0p50__z1p00__lam0p020__nu0p50__psi0p75,hardzero_plus_depr,0.06,39,248,0.0,2,0.15197451,0.15197451,1.0337611,0.0,0.09252069,0.0,0.0,0.0014983243,-27.67401,2.27432,0.75810665,0.14400001,0.0,0.16681306,4.9199963,4.9399962,796800
hardzero_plus_depr__c0p50__z1p00__lam0p020__nu0p50__psi0p75,hardzero_plus_depr,0.06,39,249,0.0,2,0.15197451,0.15197451,1.0896711,0.0,0.08134461,0.0,0.0,0.0014760174,-28.90775,2.3973243,0.79910815,0.104,0.0,0.15109001,4.9399962,4.959996,800000
hardzero_plus_depr__c0p50__z1p00__lam0p020__nu0p50__psi0p75,hardzero_plus_depr,0.06,39,250,0.0,2,0.15197451,0.15197451,1.0439733,0.0,0.0903705,0.0,0.0,0.0014540422,-27.717657,2.2967873,0.7655958,0.120000005,0.0,0.16445807,4.959996,4.979996,803200
hardzero_plus_depr__c0p50__z1p00__lam0p020__nu0p50__psi0p75,hardzero_plus_depr,0.06,39,251,0.0,2,0.15197451,0.15211798,0.9992973,0.10016192,0.10016192,1.0,0.00014347135,0.0014323941,-27.39131,2.198498,0.7328327,0.15200001,0.0,0.15876809,4.979996,4.999996,806400
hardzero_plus_depr__c0p50__z1p00__lam0p020__nu0p50__psi0p75,hardzero_plus_depr,0.06,39,252,0.0,2,0.15211798,0.15227059,0.96598357,0.10814749,0.10814749,1.0,0.00015260355,0.0014110688,-27.062008,2.1252062,0.7084021,0.18400002,0.0,0.12768492,4.999996,5.019996,809600
hardzero_plus_depr__c0p50__z1p00__lam0p020__nu0p50__psi0p75,hardzero_plus_depr,0.06,39,253,0.0,2,0.15227059,0.15227059,1.0273224,0.0,0.09390259,0.0,0.0,0.0013900609,-27.343521,2.2601545,0.7533848,0.136,0.0,0.14696416,5.019996,5.039996,812800
hardzero_plus_depr__c0p50__z1p00__lam0p020__nu0p50__psi0p75,hardzero_plus_depr,0.06,39,254,0.0,2,0.15227059,0.15227059,1.0163846,0.0,0.096297584,0.0,0.0,0.0013693655,-27.516462,2.2360907,0.7453636,0.208,0.0,0.13574915,5.039996,5.059996,816000
hardzero_plus_depr__c0p50__z1p00__lam0p020__nu0p50__psi0p75,hardzero_plus_depr,0.06,39,255,0.0,2,0.15227059,0.15241359,0.97463626,0.10601411,0.10601411,1.0,0.00014301074,0.0013489783,-26.442932,2.1442425,0.71474755,0.136,0.0,0.15417027,5.059996,5.079996,819200
hardzero_plus_depr__c0p50__z1p00__lam0p020__nu0p50__psi0p75,hardzero_plus_depr,0.06,39,256,0.0,2,0.15241359,0.15256184,0.9524726,0.111564845,0.111564845,1.0,0.00014825792,0.0013288946,-26.71227,2.0954816,0.6984939,0.16800001,0.0,0.12116252,5.079996,5.099996,822400
hardzero_plus_depr__c0p50__z1p00__lam0p020__nu0p50__psi0p75,hardzero_plus_depr,0.06,39,257,0.0,2,0.15256184,0.15269308,0.99894804,0.100242525,0.100242525,1.0,0.0001312285,0.0013091101,-26.998394,2.1977296,0.73257655,0.16000001,0.0,0.120384626,5.099996,5.119996,825600
hardzero_plus_depr__c0p50__z1p00__lam0p020__nu0p50__psi0p75,hardzero_plus_depr,0.06,39,258,0.0,2,0.15269308,0.15269308,1.0148457,0.0,0.09663941,0.0,0.0,0.0012896198,-27.493444,2.232705,0.74423504,0.14400001,0.0,0.1545781,5.119996,5.139996,828800
hardzero_plus_depr__c0p50__z1p00__lam0p020__nu0p50__psi0p75,hardzero_plus_depr,0.06,39,259,0.0,2,0.15269308,0.15269308,1.0456631,0.0,0.090019554,0.0,0.0,0.0012704198,-27.38812,2.3005047,0.7668349,0.16800001,0.0,0.13326429,5.139996,5.159996,832000
hardzero_plus_depr__c0p50__z1p00__lam0p020__nu0p50__psi0p75,hardzero_plus_depr,0.06,39,260,0.0,2,0.15269308,0.15269308,1.0097096,0.0,0.09778908,0.0,0.0,0.0012515058,-26.380096,2.2214055,0.7404685,0.17,0.0,0.14458562,5.159996,5.179996,835200
hardzero_plus_depr__c0p50__z1p00__lam0p020__nu0p50__psi0p75,hardzero_plus_depr,0.06,39,261,0.0,2,0.15269308,0.15269308,1.0090295,0.0,0.09794233,0.0,0.0,0.0012328735,-26.853329,2.2199092,0.73996973,0.136,0.0,0.13863467,5.179996,5.199996,838400
hardzero_plus_depr__c0p50__z1p00__lam0p020__nu0p50__psi0p75,hardzero_plus_depr,0.06,39,262,0.0,2,0.15269308,0.15269308,1.1033096,0.0,0.07882978,0.0,0.0,0.0012145184,-28.351255,2.4273298,0.8091099,0.14400001,0.0,0.17013925,5.199996,5.219996,841600
hardzero_plus_depr__c0p50__z1p00__lam0p020__nu0p50__psi0p75,hardzero_plus_depr,0.06,39,263,0.0,2,0.15269308,0.15269308,1.0063798,0.0,0.098541714,0.0,0.0,0.0011964364,-27.264967,2.2140799,0.7380266,0.120000005,0.0,0.14045063,5.219996,5.239996,844800
hardzero_plus_depr__c0p50__z1p00__lam0p020__nu0p50__psi0p75,hardzero_plus_depr,0.06,39,264,0.0,2,0.15269308,0.15281494,0.9855129,0.10339204,0.10339204,1.0,0.00012186034,0.001178624,-27.026142,2.1681716,0.7227239,0.14400001,0.0,0.14633217,5.239996,5.259996,848000
hardzero_plus_depr__c0p50__z1p00__lam0p020__nu0p50__psi0p75,hardzero_plus_depr,0.06,39,265,0.0,2,0.15281494,0.15281494,1.0046535,0.0,0.09893421,0.0,0.0,0.0011610766,-27.271591,2.2102818,0.7367606,0.18400002,0.0,0.1740825,5.259996,5.279996,851200
hardzero_plus_depr__c0p50__z1p00__lam0p020__nu0p50__psi0p75,hardzero_plus_depr,0.06,39,266,0.0,2,0.15281494,0.15281494,1.02976,0.0,0.093377024,0.0,0.0,0.0011437903,-27.660318,2.2655172,0.75517243,0.192,0.0,0.14518231,5.279996,5.299996,854400
hardzero_plus_depr__c0p50__z1p00__lam0p020__nu0p50__psi0p75,hardzero_plus_depr,0.06,39,267,0.0,2,0.15281494,0.15294528,0.9367399,0.11568049,0.11568049,1.0,0.00013034431,0.0011267614,-26.559532,2.060869,0.68695635,0.16800001,0.0,0.1332948,5.299996,5.319996,857600
hardzero_plus_depr__c0p50__z1p00__lam0p020__nu0p50__psi0p75,hardzero_plus_depr,0.06,39,268,0.0,2,0.15294528,0.15305927,0.9884388,0.10269781,0.10269781,1.0,0.000113993156,0.0011099862,-27.444147,2.1746087,0.7248696,0.17600001,0.0,0.15651566,5.319996,5.339996,860800
hardzero_plus_depr__c0p50__z1p00__lam0p020__nu0p50__psi0p75,hardzero_plus_depr,0.06,39,269,0.0,2,0.15305927,0.15305927,1.006127,0.0,0.098599106,0.0,0.0,0.0010934608,-26.748129,2.2135236,0.73784125,0.2,0.0,0.14168482,5.339996,5.359996,864000
hardzero_plus_depr__c0p50__z1p00__lam0p020__nu0p50__psi0p75,hardzero_plus_depr,0.06,39,270,0.0,2,0.15305927,0.15317264,0.97777075,0.10525172,0.10525172,1.0,0.000113375216,0.0010771815,-26.628248,2.1511385,0.7170462,0.14400001,0.0,0.15829712,5.359996,5.379996,867200
hardzero_plus_depr__c0p50__z1p00__lam0p020__nu0p50__psi0p75,hardzero_plus_depr,0.06,39,271,0.0,2,0.15317264,0.15328377,0.9799179,0.104732655,0.104732655,1.0,0.00011113642,0.0010611439,-26.8409,2.1558623,0.7186208,0.120000005,0.0,0.11415927,5.379996,5.399996,870400
hardzero_plus_depr__c0p50__z1p00__lam0p020__nu0p50__psi0p75,hardzero_plus_depr,0.06,39,272,0.0,2,0.15328377,0.15339775,0.9624353,0.10903468,0.10903468,1.0,0.00011397893,0.0010453457,-26.945978,2.1174,0.7058,0.208,0.0,0.14515722,5.399996,5.419996,873600
hardzero_plus_depr__c0p50__z1p00__lam0p020__nu0p50__psi0p75,hardzero_plus_depr,0.06,39,273,0.0,2,0.15339775,0.15339775,1.055572,0.0,0.08798892,0.0,0.0,0.0010297826,-27.685513,2.3223047,0.7741016,0.14,0.0,0.22607547,5.419996,5.439996,876800
hardzero_plus_depr__c0p50__z1p00__lam0p020__nu0p50__psi0p75,hardzero_plus_depr,0.06,39,274,0.0,2,0.15339775,0.15339775,1.0253909,0.0,0.09432117,0.0,0.0,0.0010144509,-26.878124,2.255905,0.7519683,0.104,0.0,0.1255346,5.439996,5.4599957,880000
hardzero_plus_depr__c0p50__z1p00__lam0p020__nu0p50__psi0p75,hardzero_plus_depr,0.06,39,275,0.0,2,0.15339775,0.15350609,0.9649675,0.10840081,0.10840081,1.0,0.00010833012,0.0009993479,-27.120152,2.1229708,0.707657,0.2,0.0,0.15516381,5.4599957,5.4799957,883200
hardzero_plus_depr__c0p50__z1p00__lam0p020__nu0p50__psi0p75,hardzero_plus_depr,0.06,39,276,0.0,2,0.15350609,0.15350609,1.0271363,0.0,0.09394282,0.0,0.0,0.0009844695,-27.275349,2.2597451,0.7532484,0.136,0.0,0.15868479,5.4799957,5.4999957,886400
hardzero_plus_depr__c0p50__z1p00__lam0p020__nu0p50__psi0p75,hardzero_plus_depr,0.06,39,277,0.0,2,0.15350609,0.15350609,1.0709622,0.0,0.08492543,0.0,0.0,0.0009698129,-28.188887,2.356164,0.785388,0.16800001,0.0,0.1968823,5.4999957,5.5199957,889600
hardzero_plus_depr__c0p50__z1p00__lam0p020__nu0p50__psi0p75,hardzero_plus_depr,0.06,39,278,0.0,2,0.15350609,0.15350609,1.024364,0.0,0.09454444,0.0,0.0,0.00095537433,-26.119196,2.2536457,0.7512152,0.17600001,0.0,0.13595429,5.5199957,5.5399957,892800
hardzero_plus_depr__c0p50__z1p00__lam0p020__nu0p50__psi0p75,hardzero_plus_depr,0.06,39,279,0.0,2,0.15350609,0.15350609,1.0115308,0.0,0.097379886,0.0,0.0,0.00094115036,-26.712059,2.2254121,0.74180406,0.16800001,0.0,0.17489965,5.5399957,5.5599957,896000
hardzero_plus_depr__c0p50__z1p00__lam0p020__nu0p50__psi0p75,hardzero_plus_depr,0.06,39,280,0.0,2,0.15350609,0.1536041,0.97582376,0.10572465,0.10572465,1.0,9.80214e-05,0.0009271386,-25.46317,2.146855,0.7156184,0.256,0.0,0.13022085,5.5599957,5.5799956,899200
hardzero_plus_depr__c0p50__z1p00__lam0p020__nu0p50__psi0p75,hardzero_plus_depr,0.06,39,281,0.0,2,0.1536041,0.15369849,0.98573697,0.10333871,0.10333871,1.0,9.438291e-05,0.0009133355,-27.527313,2.1686647,0.72288823,0.16800001,0.0,0.1372079,5.5799956,5.5999956,902400
hardzero_plus_depr__c0p50__z1p00__lam0p020__nu0p50__psi0p75,hardzero_plus_depr,0.06,39,282,0.0,2,0.15369849,0.15369849,1.0173553,0.0,0.09608259,0.0,0.0,0.0008997374,-27.543255,2.2382264,0.7460755,0.16800001,0.0,0.13326462,5.5999956,5.6199956,905600
hardzero_plus_depr__c0p50__z1p00__lam0p020__nu0p50__psi0p75,hardzero_plus_depr,0.06,39,283,0.0,2,0.15369849,0.15379539,0.9612828,0.10932443,0.10932443,1.0,9.6898846e-05,0.0008863421,-26.591982,2.1148643,0.7049548,0.2,0.0,0.12015737,5.6199956,5.6399956,908800
hardzero_plus_depr__c0p50__z1p00__lam0p020__nu0p50__psi0p75,hardzero_plus_depr,0.06,39,284,0.0,2,0.15379539,0.15379539,1.019183,0.0,0.09567907,0.0,0.0,0.00087314635,-27.408337,2.2422473,0.7474158,0.136,0.0,0.14399551,5.6399956,5.6599956,912000
hardzero_plus_depr__c0p50__z1p00__lam0p020__nu0p50__psi0p75,hardzero_plus_depr,0.06,39,285,0.0,2,0.15379539,0.1538822,0.9959784,0.10093029,0.10093029,1.0,8.681488e-05,0.00086014695,-26.932465,2.1911962,0.7303988,0.136,0.0,0.13218695,5.6599956,5.6799955,915200
hardzero_plus_depr__c0p50__z1p00__lam0p020__nu0p50__psi0p75,hardzero_plus_depr,0.06,39,286,0.0,2,0.1538822,0.15396939,0.9876287,0.10288956,0.10288956,1.0,8.718256e-05,0.0008473412,-25.376808,2.1728265,0.7242755,0.24,0.0,0.14536718,5.6799955,5.6999955,918400
hardzero_plus_depr__c0p50__z1p00__lam0p020__nu0p50__psi0p75,hardzero_plus_depr,0.06,39,287,0.0,2,0.15396939,0.15406652,0.9342076,0.11635696,0.11635696,1.0,9.712615e-05,0.0008347257,-25.353611,2.0552979,0.6850993,0.17600001,0.0,0.12199545,5.6999955,5.7199955,921600
hardzero_plus_depr__c0p50__z1p00__lam0p020__nu0p50__psi0p75,hardzero_plus_depr,0.06,39,288,0.0,2,0.15406652,0.15406652,1.0168959,0.0,0.09618428,0.0,0.0,0.0008222983,-27.062634,2.2372155,0.7457385,0.192,0.0,0.1537489,5.7199955,5.7399955,924800
hardzero_plus_depr__c0p50__z1p00__lam0p020__nu0p50__psi0p75,hardzero_plus_depr,0.06,39,289,0.0,2,0.15406652,0.15406652,1.0008767,0.0,0.09979833,0.0,0.0,0.000810056,-26.471495,2.2019727,0.7339909,0.15200001,0.0,0.16073103,5.7399955,5.7599955,928000
hardzero_plus_depr__c0p50__z1p00__lam0p020__nu0p50__psi0p75,hardzero_plus_depr,0.06,39,290,0.0,2,0.15406652,0.15406652,1.0377383,0.0,0.09167727,0.0,0.0,0.00079799554,-28.116615,2.2830698,0.7610233,0.15200001,0.0,0.15133022,5.7599955,5.7799954,931200
hardzero_plus_depr__c0p50__z1p00__lam0p020__nu0p50__psi0p75,hardzero_plus_depr,0.06,39,291,0.0,2,0.15406652,0.1541483,0.9828578,0.104026064,0.104026064,1.0,8.177646e-05,0.00078611507,-26.406435,2.1623304,0.7207768,0.24800001,0.0,0.13764308,5.7799954,5.7999954,934400
hardzero_plus_depr__c0p50__z1p00__lam0p020__nu0p50__psi0p75,hardzero_plus_depr,0.06,39,292,0.0,2,0.1541483,0.1541483,1.0664523,0.0,0.085811935,0.0,0.0,0.0007744114,-27.844341,2.3462417,0.7820806,0.120000005,0.0,0.14747646,5.7999954,5.8199954,937600
hardzero_plus_depr__c0p50__z1p00__lam0p020__nu0p50__psi0p75,hardzero_plus_depr,0.06,39,293,0.0,2,0.1541483,0.1541483,1.0415764,0.0,0.09087064,0.0,0.0,0.000762882,-27.739544,2.2915137,0.76383793,0.16800001,0.0,0.1521002,5.8199954,5.8399954,940800
hardzero_plus_depr__c0p50__z1p00__lam0p020__nu0p50__psi0p75,hardzero_plus_depr,0.06,39,294,0.0,2,0.1541483,0.1541483,1.0554496,0.0,0.088013716,0.0,0.0,0.00075152435,-27.457064,2.3220356,0.77401185,0.24800001,0.008,0.13791426,5.8399954,5.8599954,944000
hardzero_plus_depr__c0p50__z1p00__lam0p020__nu0p50__psi0p75,hardzero_plus_depr,0.06,39,295,0.0,2,0.1541483,0.1541483,1.0451652,0.0,0.09012283,0.0,0.0,0.0007403353,-28.400272,2.2994094,0.76646984,0.16800001,0.0,0.16182977,5.8599954,5.8799953,947200
hardzero_plus_depr__c0p50__z1p00__lam0p020__nu0p50__psi0p75,hardzero_plus_depr,0.06,39,296,0.0,2,0.1541483,0.1541483,1.0235094,0.0,0.09473066,0.0,0.0,0.00072931324,-26.711443,2.2517657,0.7505886,0.16000001,0.0,0.14082925,5.8799953,5.8999953,950400
hardzero_plus_depr__c0p50__z1p00__lam0p020__nu0p50__psi0p75,hardzero_plus_depr,0.06,39,297,0.0,2,0.1541483,0.1541483,1.0368842,0.0,0.09185775,0.0,0.0,0.0007184553,-26.903543,2.2811906,0.7603969,0.18400002,0.0,0.1421205,5.8999953,5.9199953,953600
hardzero_plus_depr__c0p50__z1p00__lam0p020__nu0p50__psi0p75,hardzero_plus_depr,0.06,39,298,0.0,2,0.1541483,0.1541483,1.021173,0.0,0.09524167,0.0,0.0,0.00070775865,-27.336475,2.2466254,0.74887514,0.16000001,0.0,0.15410136,5.9199953,5.9399953,956800
hardzero_plus_depr__c0p50__z1p00__lam0p020__nu0p50__psi0p75,hardzero_plus_depr,0.06,39,299,0.0,2,0.1541483,0.1541483,1.0411276,0.0,0.090964615,0.0,0.0,0.00069722155,-27.692944,2.2905264,0.7635088,0.14,0.0,0.14786826,5.9399953,5.9599953,960000
hardzero_plus_depr__c0p50__z1p00__lam0p020__nu0p50__psi0p75,hardzero_plus_depr,0.06,39,300,0.0,2,0.1541483,0.15422195,0.96963716,0.107241504,0.107241504,1.0,7.36579e-05,0.0006868414,-25.699986,2.1332443,0.71108145,0.112,0.0,0.115493804,5.9599953,5.9799953,963200
hardzero_plus_depr__c0p50__z1p00__lam0p020__nu0p50__psi0p75,hardzero_plus_depr,0.06,39,301,0.0,2,0.15422195,0.15429358,0.9752093,0.10587432,0.10587432,1.0,7.163623e-05,0.0006766157,-26.875917,2.1455033,0.71516776,0.112,0.0,0.1489871,5.9799953,5.999995,966400
hardzero_plus_depr__c0p50__z1p00__lam0p020__nu0p50__psi0p75,hardzero_plus_depr,0.06,39,302,0.0,2,0.15429358,0.15429358,1.0736663,0.0,0.08439831,0.0,0.0,0.0006665423,-28.012123,2.362113,0.78737104,0.112,0.0,0.16348802,5.999995,6.019995,969600
hardzero_plus_depr__c0p50__z1p00__lam0p020__nu0p50__psi0p75,hardzero_plus_depr,0.06,39,303,0.0,2,0.15429358,0.15429358,1.0334219,0.0,0.092592984,0.0,0.0,0.00065661856,-28.289482,2.2735734,0.7578578,0.16000001,0.0,0.17595103,6.019995,6.039995,972800
hardzero_plus_depr__c0p50__z1p00__lam0p020__nu0p50__psi0p75,hardzero_plus_depr,0.06,39,304,0.0,2,0.15429358,0.15436088,0.9828398,0.10403038,0.10403038,1.0,6.7291316e-05,0.00064684293,-26.586624,2.1622908,0.7207636,0.120000005,0.0,0.13629627,6.039995,6.059995,976000
hardzero_plus_depr__c0p50__z1p00__lam0p020__nu0p50__psi0p75,hardzero_plus_depr,0.06,39,305,0.0,2,0.15436088,0.15436088,1.019576,0.0,0.095592536,0.0,0.0,0.0006372127,-26.974878,2.2431118,0.74770397,0.18400002,0.0,0.14648673,6.059995,6.079995,979200
hardzero_plus_depr__c0p50__z1p00__lam0p020__nu0p50__psi0p75,hardzero_plus_depr,0.06,39,306,0.0,2,0.15436088,0.15442654,0.9804389,0.10460708,0.10460708,1.0,6.566454e-05,0.0006277256,-26.798712,2.1570086,0.7190029,0.208,0.0,0.14015572,6.079995,6.099995,982400
hardzero_plus_depr__c0p50__z1p00__lam0p020__nu0p50__psi0p75,hardzero_plus_depr,0.06,39,307,0.0,2,0.15442654,0.15449317,0.96758634,0.107749104,0.107749104,1.0,6.662991e-05,0.00061838015,-26.012072,2.1287324,0.7095775,0.16000001,0.0,0.1409298,6.099995,6.119995,985600
hardzero_plus_depr__c0p50__z1p00__lam0p020__nu0p50__psi0p75,hardzero_plus_depr,0.06,39,308,0.0,2,0.15449317,0.15449317,1.0216883,0.0,0.09512873,0.0,0.0,0.0006091737,-27.470127,2.247759,0.74925303,0.18400002,0.0,0.15101604,6.119995,6.139995,988800
hardzero_plus_depr__c0p50__z1p00__lam0p020__nu0p50__psi0p75,hardzero_plus_depr,0.06,39,309,0.0,2,0.15449317,0.15449317,1.0282828,0.0,0.093695164,0.0,0.0,0.0006001044,-26.723948,2.2622674,0.7540891,0.080000006,0.0,0.12909462,6.139995,6.159995,992000
hardzero_plus_depr__c0p50__z1p00__lam0p020__nu0p50__psi0p75,hardzero_plus_depr,0.06,39,310,0.0,2,0.15449317,0.15455383,0.98875284,0.10262357,0.10262357,1.0,6.0667986e-05,0.0005911701,-26.726812,2.1752996,0.7250999,0.192,0.0,0.124751665,6.159995,6.179995,995200
hardzero_plus_depr__c0p50__z1p00__lam0p020__nu0p50__psi0p75,hardzero_plus_depr,0.06,39,311,0.0,2,0.15455383,0.1546159,0.9723878,0.10656442,0.10656442,1.0,6.205976e-05,0.00058236846,-26.013912,2.1392958,0.71309865,0.15200001,0.0,0.12911566,6.179995,6.199995,998400
hardzero_plus_depr__c0p50__z1p00__lam0p020__nu0p50__psi0p75,hardzero_plus_depr,0.06,39,312,0.0,2,0.1546159,0.15467516,0.98586196,0.10330898,0.10330898,1.0,5.9268183e-05,0.00057369826,-25.816525,2.1689396,0.7229799,0.13,0.0,0.13506608,6.199995,6.219995,1001600
hardzero_plus_depr__c0p50__z1p00__lam0p020__nu0p50__psi0p75,hardzero_plus_depr,0.06,39,313,0.0,2,0.15467516,0.15467516,1.0424905,0.0,0.09067958,0.0,0.0,0.0005651571,-27.870127,2.293525,0.76450837,0.14400001,0.0,0.15550603,6.219995,6.239995,1004800
hardzero_plus_depr__c0p50__z1p00__lam0p020__nu0p50__psi0p75,hardzero_plus_depr,0.06,39,314,0.0,2,0.15467516,0.15467516,1.070237,0.0,0.08506736,0.0,0.0,0.0005567428,-28.90185,2.3545685,0.7848562,0.112,0.0,0.15553719,6.239995,6.259995,1008000
hardzero_plus_depr__c0p50__z1p00__lam0p020__nu0p50__psi0p75,hardzero_plus_depr,0.06,39,315,0.0,2,0.15467516,0.15467516,1.0932484,0.0,0.080677345,0.0,0.0,0.000548454,-28.235285,2.4051945,0.8017315,0.128,0.0,0.16445108,6.259995,6.279995,1011200
hardzero_plus_depr__c0p50__z1p00__lam0p020__nu0p50__psi0p75,hardzero_plus_depr,0.06,39,316,0.0,2,0.15467516,0.15473242,0.97469074,0.106000826,0.106000826,1.0,5.727105e-05,0.0005402887,-26.877426,2.1443624,0.7147875,0.192,0.0,0.14383917,6.279995,6.299995,1014400
hardzero_plus_depr__c0p50__z1p00__lam0p020__nu0p50__psi0p75,hardzero_plus_depr,0.06,39,317,0.0,2,0.15473242,0.15478864,0.976236,0.10562435,0.10562435,1.0,5.621802e-05,0.0005322449,-26.989918,2.147762,0.7159207,0.17600001,0.0,0.114910945,6.299995,6.319995,1017600
hardzero_plus_depr__c0p50__z1p00__lam0p020__nu0p50__psi0p75,hardzero_plus_depr,0.06,39,318,0.0,2,0.15478864,0.15484776,0.9479108,0.112742886,0.112742886,1.0,5.911345e-05,0.0005243209,-25.905924,2.0854454,0.69514847,0.18400002,0.0,0.15259677,6.319995,6.339995,1020800
hardzero_plus_depr__c0p50__z1p00__lam0p020__nu0p50__psi0p75,hardzero_plus_depr,0.06,39,319,0.0,2,0.15484776,0.15484776,1.0044568,0.0,0.09897905,0.0,0.0,0.0005165145,-27.144138,2.209849,0.7366164,0.24000001,0.0,0.17333187,6.339995,6.359995,1024000
hardzero_plus_depr__c0p50__z1p00__lam0p020__nu0p50__psi0p75,hardzero_plus_depr,0.06,39,320,0.0,2,0.15484776,0.15484776,1.0550547,0.0,0.08809379,0.0,0.0,0.00050882477,-28.826263,2.3211665,0.7737222,0.14400001,0.0,0.15871441,6.359995,6.379995,1027200
hardzero_plus_depr__c0p50__z1p00__lam0p020__nu0p50__psi0p75,hardzero_plus_depr,0.06,39,321,0.0,2,0.15484776,0.15484776,1.004381,0.0,0.09899632,0.0,0.0,0.0005012494,-27.602045,2.2096822,0.73656076,0.264,0.0,0.14336541,6.379995,6.399995,1030400
hardzero_plus_depr__c0p50__z1p00__lam0p020__nu0p50__psi0p75,hardzero_plus_depr,0.06,39,322,0.0,2,0.15484776,0.15484776,1.0035075,0.0,0.09919563,0.0,0.0,0.00049378665,-27.071848,2.2077606,0.7359202,0.208,0.0,0.14094976,6.399995,6.419995,1033600
hardzero_plus_depr__c0p50__z1p00__lam0p020__nu0p50__psi0p75,hardzero_plus_depr,0.06,39,323,0.0,2,0.15484776,0.15484776,1.063903,0.0,0.086317144,0.0,0.0,0.00048643514,-28.480442,2.3406334,0.78021115,0.18400002,0.0,0.17015082,6.419995,6.439995,1036800
hardzero_plus_depr__c0p50__z1p00__lam0p020__nu0p50__psi0p75,hardzero_plus_depr,0.06,39,324,0.0,2,0.15484776,0.15484776,1.06398,0.0,0.08630183,0.0,0.0,0.0004791931,-27.796438,2.3408027,0.7802676,0.16800001,0.0,0.16323395,6.439995,6.459995,1040000
hardzero_plus_depr__c0p50__z1p00__lam0p020__nu0p50__psi0p75,hardzero_plus_depr,0.06,39,325,0.0,2,0.15484776,0.15484776,1.021059,0.0,0.095266655,0.0,0.0,0.00047205895,-27.194515,2.2463748,0.74879164,0.19999999,0.0,0.14550632,6.459995,6.479995,1043200
hardzero_plus_depr__c0p50__z1p00__lam0p020__nu0p50__psi0p75,hardzero_plus_depr,0.06,39,326,0.0,2,0.15484776,0.15484776,1.0186479,0.0,0.09579703,0.0,0.0,0.0004650309,-26.890812,2.24107,0.74702334,0.14400001,0.0,0.1535861,6.479995,6.4999948,1046400
hardzero_plus_depr__c0p50__z1p00__lam0p020__nu0p50__psi0p75,hardzero_plus_depr,0.06,39,327,0.0,2,0.15484776,0.15484776,1.0339866,0.0,0.092472665,0.0,0.0,0.0004581074,-27.390162,2.2748158,0.75827193,0.112,0.0,0.13184124,6.4999948,6.5199947,1049600
hardzero_plus_depr__c0p50__z1p00__lam0p020__nu0p50__psi0p75,hardzero_plus_depr,0.06,39,328,0.0,2,0.15484776,0.15484776,1.0286851,0.0,0.09360842,0.0,0.0,0.00045128714,-27.578468,2.2631524,0.75438416,0.16000001,0.0,0.17005041,6.5199947,6.5399947,1052800
hardzero_plus_depr__c0p50__z1p00__lam0p020__nu0p50__psi0p75,hardzero_plus_depr,0.06,39,329,0.0,2,0.15484776,0.15484776,1.0089641,0.0,0.09795709,0.0,0.0,0.00044456837,-26.779438,2.2197652,0.73992175,0.120000005,0.0,0.15947932,6.5399947,6.5599947,1056000
hardzero_plus_depr__c0p50__z1p00__lam0p020__nu0p50__psi0p75,hardzero_plus_depr,0.06,39,330,0.0,2,0.15484776,0.15484776,1.0569007,0.0,0.08772011,0.0,0.0,0.00043794946,-27.90704,2.325228,0.77507603,0.14400001,0.0,0.15809202,6.5599947,6.5799947,1059200
hardzero_plus_depr__c0p50__z1p00__lam0p020__nu0p50__psi0p75,hardzero_plus_depr,0.06,39,331,0.0,2,0.15484776,0.15489367,0.97298044,0.10641909,0.10641909,1.0,4.591231e-05,0.0004314293,-26.77492,2.1405997,0.7135333,0.192,0.0,0.14183673,6.5799947,6.5999947,1062400
hardzero_plus_depr__c0p50__z1p00__lam0p020__nu0p50__psi0p75,hardzero_plus_depr,0.06,39,332,0.0,2,0.15489367,0.15489367,1.0286573,0.0,0.0936144,0.0,0.0,0.0004250062,-26.940424,2.2630913,0.7543638,0.216,0.0,0.14759888,6.5999947,6.6199946,1065600
hardzero_plus_depr__c0p50__z1p00__lam0p020__nu0p50__psi0p75,hardzero_plus_depr,0.06,39,333,0.0,2,0.15489367,0.15489367,1.0218527,0.0,0.09509272,0.0,0.0,0.00041867877,-27.202616,2.2481208,0.7493736,0.23200001,0.0,0.15435667,6.6199946,6.6399946,1068800
hardzero_plus_depr__c0p50__z1p00__lam0p020__nu0p50__psi0p75,hardzero_plus_depr,0.06,39,334,0.0,2,0.15489367,0.15493608,0.9879764,0.10280722,0.10280722,1.0,4.2402375e-05,0.00041244552,-25.940254,2.1735914,0.72453046,0.17600001,0.0,0.129026,6.6399946,6.6599946,1072000
hardzero_plus_depr__c0p50__z1p00__lam0p020__nu0p50__psi0p75,hardzero_plus_depr,0.06,39,335,0.0,2,0.15493608,0.15498208,0.9460336,0.11323129,0.11323129,1.0,4.600642e-05,0.00040630484,-26.342377,2.0813155,0.69377184,0.256,0.008,0.14144564,6.6599946,6.6799946,1075200
hardzero_plus_depr__c0p50__z1p00__lam0p020__nu0p50__psi0p75,hardzero_plus_depr,0.06,39,336,0.0,2,0.15498208,0.15498208,1.0118468,0.0,0.09730905,0.0,0.0,0.0004002558,-27.36936,2.2261074,0.7420358,0.16000001,0.0,0.12787764,6.6799946,6.6999946,1078400
hardzero_plus_depr__c0p50__z1p00__lam0p020__nu0p50__psi0p75,hardzero_plus_depr,0.06,39,337,0.0,2,0.15498208,0.15502442,0.9690243,0.10739292,0.10739292,1.0,4.2344687e-05,0.0003942968,-26.271029,2.131896,0.710632,0.216,0.0,0.14672065,6.6999946,6.7199945,1081600
hardzero_plus_depr__c0p50__z1p00__lam0p020__nu0p50__psi0p75,hardzero_plus_depr,0.06,39,338,0.0,2,0.15502442,0.15502442,1.0436181,0.0,0.090444446,0.0,0.0,0.0003884264,-26.448687,2.2960057,0.76533526,0.14999999,0.0,0.118511446,6.7199945,6.7399945,1084800
hardzero_plus_depr__c0p50__z1p00__lam0p020__nu0p50__psi0p75,hardzero_plus_depr,0.06,39,339,0.0,2,0.15502442,0.15502442,1.0497006,0.0,0.08918655,0.0,0.0,0.0003826435,-27.782957,2.3093874,0.76979584,0.128,0.0,0.14499786,6.7399945,6.7599945,1088000
hardzero_plus_depr__c0p50__z1p00__lam0p020__nu0p50__psi0p75,hardzero_plus_depr,0.06,39,340,0.0,2,0.15502442,0.15506221,0.9989562,0.10024063,0.10024063,1.0,3.7785383e-05,0.00037694676,-26.666222,2.1977475,0.7325825,0.120000005,0.0,0.11973753,6.7599945,6.7799945,1091200
hardzero_plus_depr__c0p50__z1p00__lam0p020__nu0p50__psi0p75,hardzero_plus_depr,0.06,39,341,0.0,2,0.15506221,0.15506221,1.0637739,0.0,0.08634279,0.0,0.0,0.00037133478,-28.50163,2.3403492,0.78011644,0.104,0.0,0.17735851,6.7799945,6.7999945,1094400
hardzero_plus_depr__c0p50__z1p00__lam0p020__nu0p50__psi0p75,hardzero_plus_depr,0.06,39,342,0.0,2,0.15506221,0.15506221,1.0114583,0.0,0.09739613,0.0,0.0,0.0003658064,-27.247501,2.2252526,0.7417509,0.14400001,0.0,0.15388556,6.7999945,6.8199944,1097600
hardzero_plus_depr__c0p50__z1p00__lam0p020__nu0p50__psi0p75,hardzero_plus_depr,0.06,39,343,0.0,2,0.15506221,0.15510081,0.97017896,0.10710779,0.10710779,1.0,3.8597373e-05,0.0003603601,-26.38003,2.1344364,0.7114788,0.2,0.0,0.15015651,6.8199944,6.8399944,1100800
hardzero_plus_depr__c0p50__z1p00__lam0p020__nu0p50__psi0p75,hardzero_plus_depr,0.06,39,344,0.0,2,0.15510081,0.15510081,1.0262243,0.0,0.094140336,0.0,0.0,0.0003549951,-27.41087,2.2577384,0.75257945,0.18400002,0.0,0.1374501,6.8399944,6.8599944,1104000
hardzero_plus_depr__c0p50__z1p00__lam0p020__nu0p50__psi0p75,hardzero_plus_depr,0.06,39,345,0.0,2,0.15510081,0.15510081,1.0441701,0.0,0.09032954,0.0,0.0,0.00034970994,-27.14022,2.2972202,0.7657401,0.16800001,0.0,0.1527819,6.8599944,6.8799944,1107200
hardzero_plus_depr__c0p50__z1p00__lam0p020__nu0p50__psi0p75,hardzero_plus_depr,0.06,39,346,0.0,2,0.15510081,0.15510081,1.0237128,0.0,0.094686314,0.0,0.0,0.00034450335,-27.84146,2.252213,0.75073767,0.16800001,0.0,0.13089105,6.8799944,6.8999944,1110400
hardzero_plus_depr__c0p50__z1p00__lam0p020__nu0p50__psi0p75,hardzero_plus_depr,0.06,39,347,0.0,2,0.15510081,0.15510081,1.0146546,0.0,0.09668194,0.0,0.0,0.00033937438,-28.1189,2.2322848,0.74409497,0.208,0.0,0.13797759,6.8999944,6.9199944,1113600
hardzero_plus_depr__c0p50__z1p00__lam0p020__nu0p50__psi0p75,hardzero_plus_depr,0.06,39,348,0.0,2,0.15510081,0.15510081,1.0052397,0.0,0.09880075,0.0,0.0,0.0003343218,-26.312214,2.2115715,0.7371905,0.208,0.0,0.14617422,6.9199944,6.9399943,1116800
hardzero_plus_depr__c0p50__z1p00__lam0p020__nu0p50__psi0p75,hardzero_plus_depr,0.06,39,349,0.0,2,0.15510081,0.15510081,1.0370736,0.0,0.0918177,0.0,0.0,0.00032934448,-27.262207,2.2816074,0.76053584,0.14400001,0.0,0.14885208,6.9399943,6.9599943,1120000
hardzero_plus_depr__c0p50__z1p00__lam0p020__nu0p50__psi0p75,hardzero_plus_depr,0.06,39,350,0.0,2,0.15510081,0.15510081,1.0224011,0.0,0.09497272,0.0,0.0,0.00032444124,-27.560682,2.2493274,0.7497758,0.17600001,0.0,0.15695383,6.9599943,6.9799943,1123200
hardzero_plus_depr__c0p50__z1p00__lam0p020__nu0p50__psi0p75,hardzero_plus_depr,0.06,39,351,0.0,2,0.15510081,0.15510081,1.0661331,0.0,0.08587502,0.0,0.0,0.0003196108,-27.34844,2.3455398,0.78184664,0.14,0.0,0.13813306,6.9799943,6.9999943,1126400
hardzero_plus_depr__c0p50__z1p00__lam0p020__nu0p50__psi0p75,hardzero_plus_depr,0.06,39,352,0.0,2,0.15510081,0.15510081,1.0087129,0.0,0.098013766,0.0,0.0,0.00031485246,-26.04482,2.2192128,0.73973763,0.136,0.0,0.14266877,6.9999943,7.0199943,1129600
hardzero_plus_depr__c0p50__z1p00__lam0p020__nu0p50__psi0p75,hardzero_plus_depr,0.06,39,353,0.0,2,0.15510081,0.15510081,1.0726368,0.0,0.084598586,0.0,0.0,0.00031016496,-27.003113,2.3598483,0.7866161,0.08800001,0.0,0.141628,7.0199943,7.0399942,1132800
hardzero_plus_depr__c0p50__z1p00__lam0p020__nu0p50__psi0p75,hardzero_plus_depr,0.06,39,354,0.0,2,0.15510081,0.15510081,1.0031264,0.0,0.0992827,0.0,0.0,0.0003055471,-27.122334,2.206922,0.7356407,0.15200001,0.008,0.14335959,7.0399942,7.059994,1136000
hardzero_plus_depr__c0p50__z1p00__lam0p020__nu0p50__psi0p75,hardzero_plus_depr,0.06,39,355,0.0,2,0.15510081,0.15510081,1.00306,0.0,0.09929787,0.0,0.0,0.00030099813,-26.991997,2.2067761,0.73559207,0.08800001,0.0,0.13777381,7.059994,7.079994,1139200
hardzero_plus_depr__c0p50__z1p00__lam0p020__nu0p50__psi0p75,hardzero_plus_depr,0.06,39,356,0.0,2,0.15510081,0.15513389,0.95246625,0.11156649,0.11156649,1.0,3.3081353e-05,0.00029651693,-27.06236,2.0954676,0.6984892,0.216,0.0,0.13342847,7.079994,7.099994,1142400
hardzero_plus_depr__c0p50__z1p00__lam0p020__nu0p50__psi0p75,hardzero_plus_depr,0.06,39,357,0.0,2,0.15513389,0.15516438,0.98140514,0.1043746,0.1043746,1.0,3.0488069e-05,0.00029210237,-26.38345,2.1591344,0.7197115,0.17600001,0.0,0.13052836,7.099994,7.119994,1145600
hardzero_plus_depr__c0p50__z1p00__lam0p020__nu0p50__psi0p75,hardzero_plus_depr,0.06,39,358,0.0,2,0.15516438,0.15519565,0.96377724,0.1086983,0.1086983,1.0,3.1278327e-05,0.0002877536,-27.892986,2.1203523,0.7067841,0.256,0.0,0.1681655,7.119994,7.139994,1148800
hardzero_plus_depr__c0p50__z1p00__lam0p020__nu0p50__psi0p75,hardzero_plus_depr,0.06,39,359,0.0,2,0.15519565,0.1552245,0.9924707,0.1017488,0.1017488,1.0,2.884267e-05,0.0002834694,-27.077528,2.183479,0.72782636,0.16800001,0.0,0.16828464,7.139994,7.159994,1152000
hardzero_plus_depr__c0p50__z1p00__lam0p020__nu0p50__psi0p75,hardzero_plus_depr,0.06,39,360,0.0,2,0.1552245,0.15525319,0.988315,0.1027271,0.1027271,1.0,2.868645e-05,0.0002792491,-26.821512,2.1743364,0.72477883,0.128,0.0,0.14616178,7.159994,7.179994,1155200
hardzero_plus_depr__c0p50__z1p00__lam0p020__nu0p50__psi0p75,hardzero_plus_depr,0.06,39,361,0.0,2,0.15525319,0.15528108,0.9938998,0.10141453,0.10141453,1.0,2.789829e-05,0.00027509165,-26.609676,2.1866233,0.72887444,0.16800001,0.0,0.12971877,7.179994,7.199994,1158400
hardzero_plus_depr__c0p50__z1p00__lam0p020__nu0p50__psi0p75,hardzero_plus_depr,0.06,39,362,0.0,2,0.15528108,0.15530829,0.99833,0.100385256,0.100385256,1.0,2.7204002e-05,0.00027099598,-26.768028,2.19637,0.7321233,0.080000006,0.0,0.13114324,7.199994,7.219994,1161600
hardzero_plus_depr__c0p50__z1p00__lam0p020__nu0p50__psi0p75,hardzero_plus_depr,0.06,39,363,0.0,2,0.15530829,0.15530829,1.0441092,0.0,0.09034221,0.0,0.0,0.00026696143,-28.087055,2.2970862,0.76569545,0.2,0.0,0.12978809,7.219994,7.239994,1164800
hardzero_plus_depr__c0p50__z1p00__lam0p020__nu0p50__psi0p75,hardzero_plus_depr,0.06,39,364,0.0,2,0.15530829,0.15530829,1.0408869,0.0,0.091015026,0.0,0.0,0.0002629869,-27.038471,2.2899969,0.7633323,0.12,0.0,0.13212696,7.239994,7.259994,1168000
hardzero_plus_depr__c0p50__z1p00__lam0p020__nu0p50__psi0p75,hardzero_plus_depr,0.06,39,365,0.0,2,0.15530829,0.15533583,0.9734212,0.106311135,0.106311135,1.0,2.7542192e-05,0.00025907156,-26.405869,2.1415694,0.71385646,0.2,0.0,0.12959711,7.259994,7.279994,1171200
hardzero_plus_depr__c0p50__z1p00__lam0p020__nu0p50__psi0p75,hardzero_plus_depr,0.06,39,366,0.0,2,0.15533583,0.15533583,1.0056341,0.0,0.098711096,0.0,0.0,0.00025521455,-27.510681,2.212439,0.7374797,0.128,0.0,0.15069188,7.279994,7.299994,1174400
hardzero_plus_depr__c0p50__z1p00__lam0p020__nu0p50__psi0p75,hardzero_plus_depr,0.06,39,367,0.0,2,0.15533583,0.15533583,1.0159042,0.0,0.09640416,0.0,0.0,0.0002514148,-27.040857,2.2350338,0.74501127,0.136,0.0,0.13847873,7.299994,7.319994,1177600
hardzero_plus_depr__c0p50__z1p00__lam0p020__nu0p50__psi0p75,hardzero_plus_depr,0.06,39,368,0.0,2,0.15533583,0.15533583,1.0201991,0.0,0.0954555,0.0,0.0,0.00024767176,-27.581926,2.2444828,0.74816096,0.17600001,0.0,0.14803669,7.319994,7.339994,1180800
hardzero_plus_depr__c0p50__z1p00__lam0p020__nu0p50__psi0p75,hardzero_plus_depr,0.06,39,369,0.0,2,0.15533583,0.15536149,0.9780736,0.10517837,0.10517837,1.0,2.5661884e-05,0.00024398442,-26.372482,2.151805,0.71726835,0.16000001,0.0,0.1405211,7.339994,7.359994,1184000
hardzero_plus_depr__c0p50__z1p00__lam0p020__nu0p50__psi0p75,hardzero_plus_depr,0.06,39,370,0.0,2,0.15536149,0.15536149,1.0039521,0.0,0.09909411,0.0,0.0,0.0002403519,-27.047348,2.2087388,0.7362463,0.192,0.0,0.12604195,7.359994,7.379994,1187200
hardzero_plus_depr__c0p50__z1p00__lam0p020__nu0p50__psi0p75,hardzero_plus_depr,0.06,39,371,0.0,2,0.15536149,0.15538599,0.9851884,0.103469305,0.103469305,1.0,2.4498795e-05,0.00023677356,-27.140474,2.1674578,0.72248596,0.16800001,0.0,0.15041895,7.379994,7.399994,1190400
hardzero_plus_depr__c0p50__z1p00__lam0p020__nu0p50__psi0p75,hardzero_plus_depr,0.06,39,372,0.0,2,0.15538599,0.15538599,1.0241404,0.0,0.094593145,0.0,0.0,0.00023324849,-27.401255,2.2531538,0.7510513,0.16000001,0.0,0.13757166,7.399994,7.419994,1193600
hardzero_plus_depr__c0p50__z1p00__lam0p020__nu0p50__psi0p75,hardzero_plus_depr,0.06,39,373,0.0,2,0.15538599,0.15538599,1.0056355,0.0,0.09871076,0.0,0.0,0.0002297759,-26.885033,2.2124424,0.7374808,0.128,0.0,0.13792944,7.419994,7.439994,1196800
hardzero_plus_depr__c0p50__z1p00__lam0p020__nu0p50__psi0p75,hardzero_plus_depr,0.06,39,374,0.0,2,0.15538599,0.15538599,1.0387161,0.0,0.0914711,0.0,0.0,0.00022635504,-27.276548,2.285221,0.7617404,0.16000001,0.0,0.14090854,7.439994,7.459994,1200000
hardzero_plus_depr__c0p50__z1p00__lam0p020__nu0p50__psi0p75,hardzero_plus_depr,0.06,39,375,0.0,2,0.15538599,0.15540993,0.96911395,0.10737078,0.10737078,1.0,2.3942068e-05,0.00022298495,-26.143705,2.1320932,0.71069777,0.16000001,0.0,0.13414025,7.459994,7.479994,1203200
hardzero_plus_depr__c0p50__z1p00__lam0p020__nu0p50__psi0p75,hardzero_plus_depr,0.06,39,376,0.0,2,0.15540993,0.15540993,1.0312155,0.0,0.09306458,0.0,0.0,0.00021966518,-27.314837,2.2687194,0.75623983,0.14400001,0.0,0.15141653,7.479994,7.499994,1206400
hardzero_plus_depr__c0p50__z1p00__lam0p020__nu0p50__psi0p75,hardzero_plus_depr,0.06,39,377,0.0,2,0.15540993,0.15540993,1.0642245,0.0,0.08625327,0.0,0.0,0.00021639482,-27.35529,2.3413405,0.7804469,0.17,0.0,0.13407676,7.499994,7.519994,1209600
hardzero_plus_depr__c0p50__z1p00__lam0p020__nu0p50__psi0p75,hardzero_plus_depr,0.06,39,378,0.0,2,0.15540993,0.15543157,0.9935138,0.101504706,0.101504706,1.0,2.1638067e-05,0.00021317304,-26.950521,2.185774,0.7285914,0.17600001,0.0,0.14701948,7.519994,7.539994,1212800
hardzero_plus_depr__c0p50__z1p00__lam0p020__nu0p50__psi0p75,hardzero_plus_depr,0.06,39,379,0.0,2,0.15543157,0.15543157,1.109468,0.0,0.07771985,0.0,0.0,0.00020999934,-28.821331,2.4408784,0.81362617,0.15200001,0.0,0.16713513,7.539994,7.5599937,1216000
hardzero_plus_depr__c0p50__z1p00__lam0p020__nu0p50__psi0p75,hardzero_plus_depr,0.06,39,380,0.0,2,0.15543157,0.15545331,0.97840846,0.105097294,0.105097294,1.0,2.174178e-05,0.00020687288,-26.965067,2.1525416,0.7175139,0.16800001,0.0,0.14390995,7.5599937,7.5799937,1219200
hardzero_plus_depr__c0p50__z1p00__lam0p020__nu0p50__psi0p75,hardzero_plus_depr,0.06,39,381,0.0,2,0.15545331,0.15545331,1.0162536,0.0,0.096326634,0.0,0.0,0.00020379298,-27.821228,2.2358027,0.74526757,0.15200001,0.0,0.14013389,7.5799937,7.5999937,1222400
hardzero_plus_depr__c0p50__z1p00__lam0p020__nu0p50__psi0p75,hardzero_plus_depr,0.06,39,382,0.0,2,0.15545331,0.155474,0.98667514,0.103115715,0.103115715,1.0,2.07014e-05,0.00020075892,-26.857428,2.1707287,0.72357625,0.17600001,0.0,0.16718368,7.5999937,7.6199937,1225600
hardzero_plus_depr__c0p50__z1p00__lam0p020__nu0p50__psi0p75,hardzero_plus_depr,0.06,39,383,0.0,2,0.155474,0.155474,1.0279595,0.0,0.09376495,0.0,0.0,0.00019776993,-28.072313,2.261556,0.753852,0.16000001,0.0,0.16007604,7.6199937,7.6399937,1228800
hardzero_plus_depr__c0p50__z1p00__lam0p020__nu0p50__psi0p75,hardzero_plus_depr,0.06,39,384,0.0,2,0.155474,0.155474,1.0708126,0.0,0.08495469,0.0,0.0,0.00019482555,-28.297924,2.3558347,0.78527826,0.136,0.0,0.14363764,7.6399937,7.6599936,1232000
hardzero_plus_depr__c0p50__z1p00__lam0p020__nu0p50__psi0p75,hardzero_plus_depr,0.06,39,385,0.0,2,0.155474,0.15549332,0.9973213,0.10061869,0.10061869,1.0,1.9311245e-05,0.00019192502,-26.777271,2.1941507,0.73138356,0.192,0.0,0.14792468,7.6599936,7.6799936,1235200
hardzero_plus_depr__c0p50__z1p00__lam0p020__nu0p50__psi0p75,hardzero_plus_depr,0.06,39,386,0.0,2,0.15549332,0.15549332,1.001209,0.0,0.099722005,0.0,0.0,0.00018906753,-27.204288,2.202704,0.7342347,0.14400001,0.0,0.12990904,7.6799936,7.6999936,1238400
hardzero_plus_depr__c0p50__z1p00__lam0p020__nu0p50__psi0p75,hardzero_plus_depr,0.06,39,387,0.0,2,0.15549332,0.15549332,1.0164855,0.0,0.09627523,0.0,0.0,0.00018625273,-26.803795,2.2363126,0.74543756,0.15200001,0.0,0.12706845,7.6999936,7.7199936,1241600
hardzero_plus_depr__c0p50__z1p00__lam0p020__nu0p50__psi0p75,hardzero_plus_depr,0.06,39,388,0.0,2,0.15549332,0.15549332,1.0271233,0.0,0.09394565,0.0,0.0,0.00018347982,-26.957033,2.2597165,0.75323886,0.104,0.0,0.13633427,7.7199936,7.7399936,1244800
hardzero_plus_depr__c0p50__z1p00__lam0p020__nu0p50__psi0p75,hardzero_plus_depr,0.06,39,389,0.0,2,0.15549332,0.15549332,1.0227356,0.0,0.09489959,0.0,0.0,0.00018074816,-27.574835,2.2500632,0.7500211,0.112,0.0,0.13753243,7.7399936,7.7599936,1248000
hardzero_plus_depr__c0p50__z1p00__lam0p020__nu0p50__psi0p75,hardzero_plus_depr,0.06,39,390,0.0,2,0.15549332,0.15549332,1.0277852,0.0,0.093802586,0.0,0.0,0.0001780572,-26.166103,2.2611725,0.7537242,0.04,0.0,0.14236197,7.7599936,7.7799935,1251200
hardzero_plus_depr__c0p50__z1p00__lam0p020__nu0p50__psi0p75,hardzero_plus_depr,0.06,39,391,0.0,2,0.15549332,0.15551159,0.982248,0.10417222,0.10417222,1.0,1.8272454e-05,0.00017540621,-26.291182,2.1609888,0.72032964,0.14400001,0.0,0.1598112,7.7799935,7.7999935,1254400
hardzero_plus_depr__c0p50__z1p00__lam0p020__nu0p50__psi0p75,hardzero_plus_depr,0.06,39,392,0.0,2,0.15551159,0.15552926,0.99032027,0.10225385,0.10225385,1.0,1.7668932e-05,0.00017279478,-27.188631,2.1787481,0.7262494,0.15200001,0.0,0.13115421,7.7999935,7.8199935,1257600
hardzero_plus_depr__c0p50__z1p00__lam0p020__nu0p50__psi0p75,hardzero_plus_depr,0.06,39,393,0.0,2,0.15552926,0.15552926,1.0714005,0.0,0.08483976,0.0,0.0,0.00017022222,-27.813412,2.3571281,0.7857094,0.16000001,0.0,0.1421592,7.8199935,7.8399935,1260800
hardzero_plus_depr__c0p50__z1p00__lam0p020__nu0p50__psi0p75,hardzero_plus_depr,0.06,39,394,0.0,2,0.15552926,0.15552926,1.019834,0.0,0.095535755,0.0,0.0,0.00016768789,-27.30147,2.2436798,0.7478933,0.14400001,0.0,0.16041927,7.8399935,7.8599935,1264000
hardzero_plus_depr__c0p50__z1p00__lam0p020__nu0p50__psi0p75,hardzero_plus_depr,0.06,39,395,0.0,2,0.15552926,0.15554617,0.9897426,0.10238998,0.10238998,1.0,1.691394e-05,0.00016519136,-26.711977,2.1774771,0.7258257,0.18400002,0.0,0.15781622,7.8599935,7.8799934,1267200
hardzero_plus_depr__c0p50__z1p00__lam0p020__nu0p50__psi0p75,hardzero_plus_depr,0.06,39,396,0.0,2,0.15554617,0.15554617,1.0411142,0.0,0.09096741,0.0,0.0,0.000162732,-27.517952,2.290497,0.763499,0.192,0.0,0.13272156,7.8799934,7.8999934,1270400
hardzero_plus_depr__c0p50__z1p00__lam0p020__nu0p50__psi0p75,hardzero_plus_depr,0.06,39,397,0.0,2,0.15554617,0.15554617,1.0043489,0.0,0.099003635,0.0,0.0,0.00016030927,-27.25963,2.2096117,0.7365372,0.136,0.0,0.15024625,7.8999934,7.9199934,1273600
hardzero_plus_depr__c0p50__z1p00__lam0p020__nu0p50__psi0p75,hardzero_plus_depr,0.06,39,398,0.0,2,0.15554617,0.15554617,1.046755,0.0,0.08979353,0.0,0.0,0.00015792261,-27.254847,2.302907,0.7676357,0.224,0.0,0.16114467,7.9199934,7.9399934,1276800
hardzero_plus_depr__c0p50__z1p00__lam0p020__nu0p50__psi0p75,hardzero_plus_depr,0.06,39,399,0.0,2,0.15554617,0.15554617,1.0373085,0.0,0.09176806,0.0,0.0,0.00015557137,-27.478033,2.282124,0.76070803,0.15200001,0.0,0.14580187,7.9399934,7.9599934,1280000
hardzero_plus_depr__c0p50__z1p00__lam0p020__nu0p50__psi0p75,hardzero_plus_depr,0.06,39,400,0.0,2,0.15554617,0.15556298,0.9599391,0.109663196,0.109663196,1.0,1.680646e-05,0.00015325524,-26.800915,2.1119082,0.7039694,0.18400002,0.0,0.13178098,7.9599934,7.9799933,1283200
hardzero_plus_depr__c0p50__z1p00__lam0p020__nu0p50__psi0p75,hardzero_plus_depr,0.06,39,401,0.0,2,0.15556298,0.15556298,1.0406533,0.0,0.09106398,0.0,0.0,0.00015097359,-27.430254,2.289483,0.76316106,0.15200001,0.0,0.15022929,7.9799933,7.9999933,1286400
hardzero_plus_depr__c0p50__z1p00__lam0p020__nu0p50__psi0p75,hardzero_plus_depr,0.06,39,402,0.0,2,0.15556298,0.15556298,1.0026435,0.0,0.09939317,0.0,0.0,0.00014872583,-26.581276,2.2058597,0.7352866,0.15200001,0.0,0.13325351,7.9999933,8.019994,1289600
hardzero_plus_depr__c0p50__z1p00__lam0p020__nu0p50__psi0p75,hardzero_plus_depr,0.06,39,403,0.0,2,0.15556298,0.15557952,0.94731367,0.11289802,0.11289802,1.0,1.6540864e-05,0.00014651155,-25.81883,2.0841317,0.6947106,0.22,0.0,0.10623472,8.019994,8.039994,1292800
hardzero_plus_depr__c0p50__z1p00__lam0p020__nu0p50__psi0p75,hardzero_plus_depr,0.06,39,404,0.0,2,0.15557952,0.15559423,0.9919724,0.10186562,0.10186562,1.0,1.47022865e-05,0.00014433022,-26.310352,2.1823828,0.727461,0.16000001,0.0,0.12840316,8.039994,8.059995,1296000
hardzero_plus_depr__c0p50__z1p00__lam0p020__nu0p50__psi0p75,hardzero_plus_depr,0.06,39,405,0.0,2,0.15559423,0.15559423,1.0233086,0.0,0.094774455,0.0,0.0,0.00014218138,-27.281384,2.251324,0.7504413,0.136,0.0,0.14439939,8.059995,8.079995,1299200
hardzero_plus_depr__c0p50__z1p00__lam0p020__nu0p50__psi0p75,hardzero_plus_depr,0.06,39,406,0.0,2,0.15559423,0.15561007,0.9467156,0.113053605,0.113053605,1.0,1.58348e-05,0.00014006453,-25.688715,2.082816,0.694272,0.192,0.0,0.12612964,8.079995,8.099996,1302400
hardzero_plus_depr__c0p50__z1p00__lam0p020__nu0p50__psi0p75,hardzero_plus_depr,0.06,39,407,0.0,2,0.15561007,0.15561007,1.0161959,0.0,0.09633943,0.0,0.0,0.00013797918,-26.804754,2.2356756,0.7452252,0.128,0.0,0.14199185,8.099996,8.119996,1305600
hardzero_plus_depr__c0p50__z1p00__lam0p020__nu0p50__psi0p75,hardzero_plus_depr,0.06,39,408,0.0,2,0.15561007,0.15561007,1.03355,0.0,0.09256568,0.0,0.0,0.0001359249,-28.808723,2.2738554,0.75795186,0.16800001,0.0,0.16896531,8.119996,8.139997,1308800
hardzero_plus_depr__c0p50__z1p00__lam0p020__nu0p50__psi0p75,hardzero_plus_depr,0.06,39,409,0.0,2,0.15561007,0.15561007,1.0381554,0.0,0.09158927,0.0,0.0,0.0001339012,-27.149965,2.2839875,0.7613292,0.2,0.0,0.14976259,8.139997,8.159997,1312000
hardzero_plus_depr__c0p50__z1p00__lam0p020__nu0p50__psi0p75,hardzero_plus_depr,0.06,39,410,0.0,2,0.15561007,0.15562443,0.96312994,0.10886044,0.10886044,1.0,1.43595225e-05,0.00013190763,-25.621452,2.1189282,0.70630944,0.128,0.0,0.124073744,8.159997,8.179997,1315200
hardzero_plus_depr__c0p50__z1p00__lam0p020__nu0p50__psi0p75,hardzero_plus_depr,0.06,39,411,0.0,2,0.15562443,0.15562443,1.0008936,0.0,0.099794455,0.0,0.0,0.00012994371,-26.675325,2.20201,0.7340033,0.136,0.0,0.12015,8.179997,8.199998,1318400
hardzero_plus_depr__c0p50__z1p00__lam0p020__nu0p50__psi0p75,hardzero_plus_depr,0.06,39,412,0.0,2,0.15562443,0.15562443,1.0149083,0.0,0.09662547,0.0,0.0,0.00012800908,-26.828068,2.232843,0.744281,0.096,0.0,0.13035083,8.199998,8.219998,1321600
hardzero_plus_depr__c0p50__z1p00__lam0p020__nu0p50__psi0p75,hardzero_plus_depr,0.06,39,413,0.0,2,0.15562443,0.15563753,0.98360807,0.10384651,0.10384651,1.0,1.309538e-05,0.00012610323,-27.01042,2.163981,0.721327,0.15200001,0.0,0.13458323,8.219998,8.239999,1324800
hardzero_plus_depr__c0p50__z1p00__lam0p020__nu0p50__psi0p75,hardzero_plus_depr,0.06,39,414,0.0,2,0.15563753,0.15563753,1.0366486,0.0,0.09190759,0.0,0.0,0.00012422576,-28.034786,2.2806726,0.7602242,0.136,0.0,0.15788607,8.239999,8.259999,1328000
hardzero_plus_depr__c0p50__z1p00__lam0p020__nu0p50__psi0p75,hardzero_plus_depr,0.06,39,415,0.0,2,0.15563753,0.15563753,1.033051,0.0,0.092672095,0.0,0.0,0.00012237624,-27.80387,2.2727575,0.7575859,0.136,0.0,0.13173032,8.259999,8.28,1331200
hardzero_plus_depr__c0p50__z1p00__lam0p020__nu0p50__psi0p75,hardzero_plus_depr,0.06,39,416,0.0,2,0.15563753,0.15563753,1.0310192,0.0,0.09310666,0.0,0.0,0.00012055424,-27.183945,2.2682877,0.7560959,0.14999999,0.0,0.13524958,8.28,8.3,1334400
hardzero_plus_depr__c0p50__z1p00__lam0p020__nu0p50__psi0p75,hardzero_plus_depr,0.06,39,417,0.0,2,0.15563753,0.15563753,1.069125,0.0,0.08528545,0.0,0.0,0.000118759366,-28.382025,2.352122,0.7840407,0.16800001,0.0,0.15464178,8.3,8.320001,1337600
hardzero_plus_depr__c0p50__z1p00__lam0p020__nu0p50__psi0p75,hardzero_plus_depr,0.06,39,418,0.0,2,0.15563753,0.15563753,1.0510275,0.0,0.08891447,0.0,0.0,0.00011699124,-27.378834,2.3123066,0.7707689,0.128,0.0,0.17732403,8.320001,8.340001,1340800
hardzero_plus_depr__c0p50__z1p00__lam0p020__nu0p50__psi0p75,hardzero_plus_depr,0.06,39,419,0.0,2,0.15563753,0.15563753,1.0167351,0.0,0.096219905,0.0,0.0,0.00011524943,-26.775864,2.2368617,0.7456206,0.14400001,0.0,0.15139456,8.340001,8.360002,1344000
hardzero_plus_depr__c0p50__z1p00__lam0p020__nu0p50__psi0p75,hardzero_plus_depr,0.06,39,420,0.0,2,0.15563753,0.15565036,0.9466602,0.113068014,0.113068014,1.0,1.2837014e-05,0.000113533555,-25.778013,2.082694,0.6942314,0.2,0.0,0.110286616,8.360002,8.380002,1347200
hardzero_plus_depr__c0p50__z1p00__lam0p020__nu0p50__psi0p75,hardzero_plus_depr,0.06,39,421,0.0,2,0.15565036,0.15565036,1.0290108,0.0,0.09353823,0.0,0.0,0.00011184323,-27.776049,2.2638688,0.75462294,0.18400002,0.0,0.14646034,8.380002,8.4000025,1350400
hardzero_plus_depr__c0p50__z1p00__lam0p020__nu0p50__psi0p75,hardzero_plus_depr,0.06,39,422,0.0,2,0.15565036,0.15565036,1.0582913,0.0,0.087439716,0.0,0.0,0.00011017805,-26.776423,2.3282874,0.7760958,0.16000001,0.0,0.16274056,8.4000025,8.420003,1353600
hardzero_plus_depr__c0p50__z1p00__lam0p020__nu0p50__psi0p75,hardzero_plus_depr,0.06,39,423,0.0,2,0.15565036,0.15565036,1.0155344,0.0,0.096486285,0.0,0.0,0.00010853767,-27.071518,2.2342203,0.7447401,0.17600001,0.0,0.15301207,8.420003,8.440003,1356800
hardzero_plus_depr__c0p50__z1p00__lam0p020__nu0p50__psi0p75,hardzero_plus_depr,0.06,39,424,0.0,2,0.15565036,0.15565036,1.0051241,0.0,0.098827064,0.0,0.0,0.000106921725,-27.121847,2.211317,0.7371057,0.104,0.0,0.15146099,8.440003,8.460004,1360000
hardzero_plus_depr__c0p50__z1p00__lam0p020__nu0p50__psi0p75,hardzero_plus_depr,0.06,39,425,0.0,2,0.15565036,0.15565036,1.0401672,0.0,0.09116597,0.0,0.0,0.00010532983,-27.072294,2.2884135,0.7628045,0.15200001,0.0,0.16019146,8.460004,8.480004,1363200
hardzero_plus_depr__c0p50__z1p00__lam0p020__nu0p50__psi0p75,hardzero_plus_depr,0.06,39,426,0.0,2,0.15565036,0.15565036,1.0305197,0.0,0.093213804,0.0,0.0,0.000103761646,-27.512215,2.2671885,0.75572956,0.120000005,0.0,0.15751317,8.480004,8.500005,1366400
hardzero_plus_depr__c0p50__z1p00__lam0p020__nu0p50__psi0p75,hardzero_plus_depr,0.06,39,427,0.0,2,0.15565036,0.15565036,1.0917522,0.0,0.08095577,0.0,0.0,0.0001022168,-29.14508,2.4019027,0.80063426,0.14400001,0.0,0.15332216,8.500005,8.520005,1369600
hardzero_plus_depr__c0p50__z1p00__lam0p020__nu0p50__psi0p75,hardzero_plus_depr,0.06,39,428,0.0,2,0.15565036,0.15565036,1.026085,0.0,0.094170526,0.0,0.0,0.00010069495,-27.741722,2.2574322,0.7524774,0.14400001,0.0,0.13804579,8.520005,8.540006,1372800
hardzero_plus_depr__c0p50__z1p00__lam0p020__nu0p50__psi0p75,hardzero_plus_depr,0.06,39,429,0.0,2,0.15565036,0.15566066,0.98369855,0.103824876,0.103824876,1.0,1.0298988e-05,9.9195764e-05,-26.511581,2.16418,0.72139335,0.14999999,0.0,0.1530579,8.540006,8.560006,1376000
hardzero_plus_depr__c0p50__z1p00__lam0p020__nu0p50__psi0p75,hardzero_plus_depr,0.06,39,430,0.0,2,0.15566066,0.15567125,0.9645885,0.108495444,0.108495444,1.0,1.0602055e-05,9.77189e-05,-26.848852,2.122137,0.70737904,0.17600001,0.0,0.13419174,8.560006,8.580007,1379200
hardzero_plus_depr__c0p50__z1p00__lam0p020__nu0p50__psi0p75,hardzero_plus_depr,0.06,39,431,0.0,2,0.15567125,0.15567125,1.0296957,0.0,0.09339083,0.0,0.0,9.6264026e-05,-27.307781,2.2653759,0.7551253,0.15200001,0.0,0.16087909,8.580007,8.600007,1382400
hardzero_plus_depr__c0p50__z1p00__lam0p020__nu0p50__psi0p75,hardzero_plus_depr,0.06,39,432,0.0,2,0.15567125,0.1556812,0.97981596,0.10475723,0.10475723,1.0,9.934211e-06,9.48308e-05,-27.535006,2.1556382,0.7185461,0.17600001,0.0,0.1276706,8.600007,8.6200075,1385600
hardzero_plus_depr__c0p50__z1p00__lam0p020__nu0p50__psi0p75,hardzero_plus_depr,0.06,39,433,0.0,2,0.1556812,0.1556812,1.0068016,0.0,0.09844607,0.0,0.0,9.341892e-05,-27.214003,2.2150078,0.73833597,0.208,0.0,0.15784627,8.6200075,8.640008,1388800
hardzero_plus_depr__c0p50__z1p00__lam0p020__nu0p50__psi0p75,hardzero_plus_depr,0.06,39,434,0.0,2,0.1556812,0.1556812,1.041778,0.0,0.09082847,0.0,0.0,9.2028065e-05,-28.152887,2.2919574,0.7639858,0.072000004,0.0,0.14082693,8.640008,8.660008,1392000
hardzero_plus_depr__c0p50__z1p00__lam0p020__nu0p50__psi0p75,hardzero_plus_depr,0.06,39,435,0.0,2,0.1556812,0.15569052,0.98785174,0.102836736,0.102836736,1.0,9.322964e-06,9.0657915e-05,-27.146385,2.1733172,0.7244391,0.16800001,0.0,0.14463356,8.660008,8.680009,1395200
hardzero_plus_depr__c0p50__z1p00__lam0p020__nu0p50__psi0p75,hardzero_plus_depr,0.06,39,436,0.0,2,0.15569052,0.15569052,1.0530182,0.0,0.088507846,0.0,0.0,8.930817e-05,-27.661638,2.3166864,0.77222884,0.120000005,0.0,0.16268349,8.680009,8.700009,1398400
hardzero_plus_depr__c0p50__z1p00__lam0p020__nu0p50__psi0p75,hardzero_plus_depr,0.06,39,437,0.0,2,0.15569052,0.15569052,1.0661256,0.0,0.08587651,0.0,0.0,8.797851e-05,-28.019583,2.345523,0.78184104,0.23200001,0.0,0.1723447,8.700009,8.72001,1401600
hardzero_plus_depr__c0p50__z1p00__lam0p020__nu0p50__psi0p75,hardzero_plus_depr,0.06,39,438,0.0,2,0.15569052,0.15569052,1.0130963,0.0,0.09702947,0.0,0.0,8.6668646e-05,-26.899181,2.2288566,0.7429522,0.14400001,0.0,0.17161131,8.72001,8.74001,1404800
hardzero_plus_depr__c0p50__z1p00__lam0p020__nu0p50__psi0p75,hardzero_plus_depr,0.06,39,439,0.0,2,0.15569052,0.15569906,0.9999741,0.10000596,0.10000596,1.0,8.538338e-06,8.537829e-05,-26.421913,2.199987,0.733329,0.216,0.0,0.1343832,8.74001,8.760011,1408000
hardzero_plus_depr__c0p50__z1p00__lam0p020__nu0p50__psi0p75,hardzero_plus_depr,0.06,39,440,0.0,2,0.15569906,0.15569906,1.0599467,0.0,0.08710706,0.0,0.0,8.410715e-05,-28.47383,2.3319292,0.7773098,0.112,0.0,0.1607711,8.760011,8.780011,1411200
hardzero_plus_depr__c0p50__z1p00__lam0p020__nu0p50__psi0p75,hardzero_plus_depr,0.06,39,441,0.0,2,0.15569906,0.15569906,1.0668567,0.0,0.08573206,0.0,0.0,8.285493e-05,-26.986006,2.3471317,0.78237724,0.216,0.008,0.1419392,8.780011,8.800012,1414400
hardzero_plus_depr__c0p50__z1p00__lam0p020__nu0p50__psi0p75,hardzero_plus_depr,0.06,39,442,0.0,2,0.15569906,0.15570731,0.99489427,0.10118257,0.10118257,1.0,8.2586575e-06,8.162134e-05,-26.303934,2.188811,0.7296037,0.17,0.0,0.14993902,8.800012,8.820012,1417600
hardzero_plus_depr__c0p50__z1p00__lam0p020__nu0p50__psi0p75,hardzero_plus_depr,0.06,39,443,0.0,2,0.15570731,0.15570731,1.0591912,0.0,0.0872587,0.0,0.0,8.0406135e-05,-27.894245,2.3302672,0.77675575,0.08800001,0.0,0.13319525,8.820012,8.840013,1420800
hardzero_plus_depr__c0p50__z1p00__lam0p020__nu0p50__psi0p75,hardzero_plus_depr,0.06,39,444,0.0,2,0.15570731,0.15571545,0.9881527,0.102765486,0.102765486,1.0,8.139954e-06,7.920902e-05,-26.604507,2.1739793,0.7246598,0.104,0.0,0.11343788,8.840013,8.860013,1424000
hardzero_plus_depr__c0p50__z1p00__lam0p020__nu0p50__psi0p75,hardzero_plus_depr,0.06,39,445,0.0,2,0.15571545,0.15572412,0.953838,0.11121465,0.11121465,1.0,8.678049e-06,7.802973e-05,-25.686243,2.0984855,0.6994952,0.18400002,0.008,0.12494972,8.860013,8.880013,1427200
hardzero_plus_depr__c0p50__z1p00__lam0p020__nu0p50__psi0p75,hardzero_plus_depr,0.06,39,446,0.0,2,0.15572412,0.15572412,1.026738,0.0,0.094029024,0.0,0.0,7.686799e-05,-27.177984,2.2588687,0.7529563,0.120000005,0.0,0.13080312,8.880013,8.900014,1430400
hardzero_plus_depr__c0p50__z1p00__lam0p020__nu0p50__psi0p75,hardzero_plus_depr,0.06,39,447,0.0,2,0.15572412,0.15572412,1.006735,0.0,0.098461166,0.0,0.0,7.572355e-05,-26.956068,2.2148612,0.7382871,0.072000004,0.0,0.13315211,8.900014,8.920014,1433600
hardzero_plus_depr__c0p50__z1p00__lam0p020__nu0p50__psi0p75,hardzero_plus_depr,0.06,39,448,0.0,2,0.15572412,0.15572412,1.070226,0.0,0.08506953,0.0,0.0,7.4596144e-05,-27.913261,2.3545442,0.7848481,0.136,0.0,0.1439663,8.920014,8.940015,1436800
hardzero_plus_depr__c0p50__z1p00__lam0p020__nu0p50__psi0p75,hardzero_plus_depr,0.06,39,449,0.0,2,0.15572412,0.15573181,0.98032427,0.104634695,0.104634695,1.0,7.689136e-06,7.348553e-05,-25.944525,2.1567564,0.7189188,0.23200001,0.0,0.102201715,8.940015,8.960015,1440000
hardzero_plus_depr__c0p50__z1p00__lam0p020__nu0p50__psi0p75,hardzero_plus_depr,0.06,39,450,0.0,2,0.15573181,0.15573181,1.0495577,0.0,0.08921592,0.0,0.0,7.239144e-05,-27.598938,2.309073,0.769691,0.17600001,0.0,0.13522875,8.960015,8.980016,1443200
hardzero_plus_depr__c0p50__z1p00__lam0p020__nu0p50__psi0p75,hardzero_plus_depr,0.06,39,451,0.0,2,0.15573181,0.155739,0.9973535,0.100611225,0.100611225,1.0,7.174954e-06,7.1313654e-05,-26.912361,2.1942215,0.73140717,0.16000001,0.0,0.12095215,8.980016,9.000016,1446400
hardzero_plus_depr__c0p50__z1p00__lam0p020__nu0p50__psi0p75,hardzero_plus_depr,0.06,39,452,0.0,2,0.155739,0.155739,1.0409995,0.0,0.09099142,0.0,0.0,7.025191e-05,-28.163565,2.2902446,0.76341486,0.14400001,0.0,0.17568296,9.000016,9.020017,1449600
hardzero_plus_depr__c0p50__z1p00__lam0p020__nu0p50__psi0p75,hardzero_plus_depr,0.06,39,453,0.0,2,0.155739,0.155739,1.0283079,0.0,0.09368974,0.0,0.0,6.920596e-05,-27.075478,2.2623227,0.7541076,0.136,0.0,0.16020556,9.020017,9.040017,1452800
hardzero_plus_depr__c0p50__z1p00__lam0p020__nu0p50__psi0p75,hardzero_plus_depr,0.06,39,454,0.0,2,0.155739,0.155739,1.0103484,0.0,0.097645335,0.0,0.0,6.81756e-05,-26.596642,2.222811,0.740937,0.16800001,0.0,0.13853371,9.040017,9.060018,1456000
hardzero_plus_depr__c0p50__z1p00__lam0p020__nu0p50__psi0p75,hardzero_plus_depr,0.06,39,455,0.0,2,0.155739,0.155739,1.001328,0.0,0.0996947,0.0,0.0,6.7160574e-05,-26.531435,2.2029655,0.73432183,0.14,0.0,0.12513298,9.060018,9.080018,1459200
hardzero_plus_depr__c0p50__z1p00__lam0p020__nu0p50__psi0p75,hardzero_plus_depr,0.06,39,456,0.0,2,0.155739,0.155739,1.0407438,0.0,0.09104502,0.0,0.0,6.616066e-05,-27.793188,2.2896821,0.7632274,0.136,0.0,0.1483133,9.080018,9.1000185,1462400
hardzero_plus_depr__c0p50__z1p00__lam0p020__nu0p50__psi0p75,hardzero_plus_depr,0.06,39,457,0.0,2,0.155739,0.15574613,0.9607288,0.10946396,0.10946396,1.0,7.134383e-06,6.5175635e-05,-25.620525,2.1136456,0.70454854,0.2,0.008,0.13971777,9.1000185,9.120019,1465600
hardzero_plus_depr__c0p50__z1p00__lam0p020__nu0p50__psi0p75,hardzero_plus_depr,0.06,39,458,0.0,2,0.15574613,0.15575287,0.97946024,0.10484309,0.10484309,1.0,6.7314786e-06,6.420527e-05,-26.335217,2.1548555,0.7182852,0.08800001,0.0,0.12617783,9.120019,9.140019,1468800
hardzero_plus_depr__c0p50__z1p00__lam0p020__nu0p50__psi0p75,hardzero_plus_depr,0.06,39,459,0.0,2,0.15575287,0.15575287,1.0085605,0.0,0.098048165,0.0,0.0,6.324937e-05,-27.051786,2.2188776,0.7396259,0.17600001,0.0,0.1301521,9.140019,9.16002,1472000
hardzero_plus_depr__c0p50__z1p00__lam0p020__nu0p50__psi0p75,hardzero_plus_depr,0.06,39,460,0.0,2,0.15575287,0.15575287,1.0262644,0.0,0.094131626,0.0,0.0,6.2307685e-05,-27.984192,2.2578268,0.75260895,0.18400002,0.0,0.16646224,9.16002,9.18002,1475200
hardzero_plus_depr__c0p50__z1p00__lam0p020__nu0p50__psi0p75,hardzero_plus_depr,0.06,39,461,0.0,2,0.15575287,0.15575287,1.0386317,0.0,0.091488875,0.0,0.0,6.138002e-05,-28.130388,2.2850354,0.76167846,0.15200001,0.0,0.17794025,9.18002,9.200021,1478400
hardzero_plus_depr__c0p50__z1p00__lam0p020__nu0p50__psi0p75,hardzero_plus_depr,0.06,39,462,0.0,2,0.15575287,0.1557592,0.98022985,0.10465745,0.10465745,1.0,6.328235e-06,6.046617e-05,-26.322487,2.1565487,0.7188496,0.064,0.0,0.13888934,9.200021,9.220021,1481600
hardzero_plus_depr__c0p50__z1p00__lam0p020__nu0p50__psi0p75,hardzero_plus_depr,0.06,39,463,0.0,2,0.1557592,0.15576571,0.9610632,0.10937972,0.10937972,1.0,6.515304e-06,5.9565922e-05,-25.909245,2.1143813,0.7047938,0.16800001,0.0,0.1421947,9.220021,9.240022,1484800
hardzero_plus_depr__c0p50__z1p00__lam0p020__nu0p50__psi0p75,hardzero_plus_depr,0.06,39,464,0.0,2,0.15576571,0.15577179,0.984911,0.103535414,0.103535414,1.0,6.075363e-06,5.8679085e-05,-26.220541,2.1668475,0.7222825,0.15200001,0.0,0.12082841,9.240022,9.260022,1488000
hardzero_plus_depr__c0p50__z1p00__lam0p020__nu0p50__psi0p75,hardzero_plus_depr,0.06,39,465,0.0,2,0.15577179,0.15577179,1.0621939,0.0,0.086657494,0.0,0.0,5.7805446e-05,-27.836866,2.3368733,0.7789578,0.136,0.0,0.1548668,9.260022,9.280023,1491200
hardzero_plus_depr__c0p50__z1p00__lam0p020__nu0p50__psi0p75,hardzero_plus_depr,0.06,39,466,0.0,2,0.15577179,0.15577179,1.0219755,0.0,0.09506583,0.0,0.0,5.6944817e-05,-27.645603,2.248391,0.7494637,0.16000001,0.0,0.16195671,9.280023,9.300023,1494400
hardzero_plus_depr__c0p50__z1p00__lam0p020__nu0p50__psi0p75,hardzero_plus_depr,0.06,39,467,0.0,2,0.15577179,0.15577824,0.9390905,0.11505605,0.11505605,1.0,6.454299e-06,5.6096997e-05,-25.78104,2.0660403,0.6886801,0.264,0.008,0.13369836,9.300023,9.320024,1497600
hardzero_plus_depr__c0p50__z1p00__lam0p020__nu0p50__psi0p75,hardzero_plus_depr,0.06,39,468,0.0,2,0.15577824,0.15577824,1.0165268,0.0,0.096266046,0.0,0.0,5.5261804e-05,-27.310987,2.2364037,0.7454679,0.099999994,0.0,0.1528787,9.320024,9.340024,1500800
hardzero_plus_depr__c0p50__z1p00__lam0p020__nu0p50__psi0p75,hardzero_plus_depr,0.06,39,469,0.0,2,0.15577824,0.15577824,1.084114,0.0,0.082392186,0.0,0.0,5.4439042e-05,-27.979607,2.3850985,0.79503286,0.16000001,0.0,0.14179957,9.340024,9.360024,1504000
hardzero_plus_depr__c0p50__z1p00__lam0p020__nu0p50__psi0p75,hardzero_plus_depr,0.06,39,470,0.0,2,0.15577824,0.15577824,1.0116453,0.0,0.0973542,0.0,0.0,5.3628533e-05,-27.07595,2.2256641,0.74188805,0.18400002,0.0,0.1643189,9.360024,9.380025,1507200
hardzero_plus_depr__c0p50__z1p00__lam0p020__nu0p50__psi0p75,hardzero_plus_depr,0.06,39,471,0.0,2,0.15577824,0.15577824,1.0295231,0.0,0.09342795,0.0,0.0,5.283009e-05,-27.685863,2.264996,0.7549987,0.16000001,0.0,0.13430654,9.380025,9.400025,1510400
hardzero_plus_depr__c0p50__z1p00__lam0p020__nu0p50__psi0p75,hardzero_plus_depr,0.06,39,472,0.0,2,0.15577824,0.15577824,1.0099856,0.0,0.09772696,0.0,0.0,5.204353e-05,-26.651257,2.2220125,0.74067086,0.18400002,0.008,0.1467331,9.400025,9.420026,1513600
hardzero_plus_depr__c0p50__z1p00__lam0p020__nu0p50__psi0p75,hardzero_plus_depr,0.06,39,473,0.0,2,0.15577824,0.15577824,1.0677283,0.0,0.08556019,0.0,0.0,5.126869e-05,-28.373257,2.349049,0.7830164,0.136,0.0,0.15122034,9.420026,9.440026,1516800
hardzero_plus_depr__c0p50__z1p00__lam0p020__nu0p50__psi0p75,hardzero_plus_depr,0.06,39,474,0.0,2,0.15577824,0.15577824,1.033456,0.0,0.09258572,0.0,0.0,5.050538e-05,-27.099741,2.2736485,0.75788283,0.112,0.0,0.15379427,9.440026,9.460027,1520000
hardzero_plus_depr__c0p50__z1p00__lam0p020__nu0p50__psi0p75,hardzero_plus_depr,0.06,39,475,0.0,2,0.15577824,0.15577824,1.0192739,0.0,0.09565906,0.0,0.0,4.975344e-05,-27.541172,2.2424474,0.7474825,0.18400002,0.0,0.13210398,9.460027,9.480027,1523200
hardzero_plus_depr__c0p50__z1p00__lam0p020__nu0p50__psi0p75,hardzero_plus_depr,0.06,39,476,0.0,2,0.15577824,0.15577824,1.018344,0.0,0.09586409,0.0,0.0,4.9012688e-05,-26.778416,2.2404017,0.7468006,0.128,0.0,0.116204076,9.480027,9.500028,1526400
hardzero_plus_depr__c0p50__z1p00__lam0p020__nu0p50__psi0p75,hardzero_plus_depr,0.06,39,477,0.0,2,0.15577824,0.15577824,1.0108646,0.0,0.097529344,0.0,0.0,4.8282964e-05,-26.825233,2.2239466,0.74131554,0.18400002,0.0,0.12619199,9.500028,9.520028,1529600
hardzero_plus_depr__c0p50__z1p00__lam0p020__nu0p50__psi0p75,hardzero_plus_depr,0.06,39,478,0.0,2,0.15577824,0.15577824,1.048998,0.0,0.08933096,0.0,0.0,4.756411e-05,-27.66782,2.3078418,0.7692806,0.16800001,0.0,0.14378169,9.520028,9.540029,1532800
hardzero_plus_depr__c0p50__z1p00__lam0p020__nu0p50__psi0p75,hardzero_plus_depr,0.06,39,479,0.0,2,0.15577824,0.15577824,1.0187874,0.0,0.09576627,0.0,0.0,4.685596e-05,-27.67931,2.241377,0.74712574,0.16800001,0.0,0.11858668,9.540029,9.560029,1536000
hardzero_plus_depr__c0p50__z1p00__lam0p020__nu0p50__psi0p75,hardzero_plus_depr,0.06,39,480,0.0,2,0.15577824,0.15577824,1.0010029,0.0,0.09976933,0.0,0.0,4.615835e-05,-27.335886,2.2022502,0.7340834,0.18400002,0.0,0.15325859,9.560029,9.5800295,1539200
hardzero_plus_depr__c0p50__z1p00__lam0p020__nu0p50__psi0p75,hardzero_plus_depr,0.06,39,481,0.0,2,0.15577824,0.15578312,0.9704591,0.10703871,0.10703871,1.0,4.8671704e-06,4.5471126e-05,-26.007515,2.1350527,0.7116842,0.14999999,0.0,0.117939815,9.5800295,9.60003,1542400
hardzero_plus_depr__c0p50__z1p00__lam0p020__nu0p50__psi0p75,hardzero_plus_depr,0.06,39,482,0.0,2,0.15578312,0.1557876,0.9999869,0.10000303,0.10000303,1.0,4.479549e-06,4.479413e-05,-26.098738,2.200015,0.73333836,0.14400001,0.0,0.1358991,9.60003,9.62003,1545600
hardzero_plus_depr__c0p50__z1p00__lam0p020__nu0p50__psi0p75,hardzero_plus_depr,0.06,39,483,0.0,2,0.1557876,0.15579206,0.99568295,0.10099899,0.10099899,1.0,4.456804e-06,4.4127217e-05,-27.589737,2.1905463,0.7301821,0.192,0.0,0.15439504,9.62003,9.640031,1548800
hardzero_plus_depr__c0p50__z1p00__lam0p020__nu0p50__psi0p75,hardzero_plus_depr,0.06,39,484,0.0,2,0.15579206,0.15579206,1.0041056,0.0,0.0990591,0.0,0.0,4.3470234e-05,-26.0782,2.2090764,0.7363588,0.16000001,0.0,0.14027873,9.640031,9.660031,1552000
hardzero_plus_depr__c0p50__z1p00__lam0p020__nu0p50__psi0p75,hardzero_plus_depr,0.06,39,485,0.0,2,0.15579206,0.15579206,1.0101855,0.0,0.097681984,0.0,0.0,4.2823034e-05,-27.041756,2.2224524,0.7408175,0.18400002,0.0,0.15956202,9.660031,9.680032,1555200
hardzero_plus_depr__c0p50__z1p00__lam0p020__nu0p50__psi0p75,hardzero_plus_depr,0.06,39,486,0.0,2,0.15579206,0.15579651,0.97557896,0.10578425,0.10578425,1.0,4.462558e-06,4.2185467e-05,-25.863842,2.1463165,0.71543884,0.120000005,0.0,0.12839906,9.680032,9.700032,1558400
hardzero_plus_depr__c0p50__z1p00__lam0p020__nu0p50__psi0p75,hardzero_plus_depr,0.06,39,487,0.0,2,0.15579651,0.15579651,1.0060031,0.0,0.098627225,0.0,0.0,4.1557392e-05,-27.035368,2.213251,0.7377504,0.120000005,0.0,0.13552956,9.700032,9.720033,1561600
hardzero_plus_depr__c0p50__z1p00__lam0p020__nu0p50__psi0p75,hardzero_plus_depr,0.06,39,488,0.0,2,0.15579651,0.15580067,0.99306375,0.10160996,0.10160996,1.0,4.1597764e-06,4.0938667e-05,-26.204107,2.184784,0.72826135,0.16800001,0.0,0.1361755,9.720033,9.740033,1564800
hardzero_plus_depr__c0p50__z1p00__lam0p020__nu0p50__psi0p75,hardzero_plus_depr,0.06,39,489,0.0,2,0.15580067,0.15580067,1.0183378,0.0,0.09586546,0.0,0.0,4.032916e-05,-27.140749,2.240388,0.746796,0.16000001,0.0,0.1415132,9.740033,9.760034,1568000
hardzero_plus_depr__c0p50__z1p00__lam0p020__nu0p50__psi0p75,hardzero_plus_depr,0.06,39,490,0.0,2,0.15580067,0.15580067,1.0470835,0.0,0.089725636,0.0,0.0,3.972872e-05,-27.75168,2.3036296,0.76787657,0.16800001,0.0,0.12854996,9.760034,9.780034,1571200
hardzero_plus_depr__c0p50__z1p00__lam0p020__nu0p50__psi0p75,hardzero_plus_depr,0.06,39,491,0.0,2,0.15580067,0.15580067,1.0533483,0.0,0.0884406,0.0,0.0,3.9137223e-05,-26.630955,2.3174126,0.7724709,0.15200001,0.0,0.13894476,9.780034,9.8000345,1574400
hardzero_plus_depr__c0p50__z1p00__lam0p020__nu0p50__psi0p75,hardzero_plus_depr,0.06,39,492,0.0,2,0.15580067,0.1558046,0.9912448,0.102036424,0.102036424,1.0,3.9339666e-06,3.855453e-05,-26.55333,2.180782,0.7269274,0.15200001,0.0,0.13219996,9.8000345,9.820035,1577600
hardzero_plus_depr__c0p50__z1p00__lam0p020__nu0p50__psi0p75,hardzero_plus_depr,0.06,39,493,0.0,2,0.1558046,0.1558046,1.027438,0.0,0.093877584,0.0,0.0,3.798052e-05,-26.494299,2.2604089,0.75346965,0.17600001,0.0,0.15535781,9.820035,9.840035,1580800
hardzero_plus_depr__c0p50__z1p00__lam0p020__nu0p50__psi0p75,hardzero_plus_depr,0.06,39,494,0.0,2,0.1558046,0.1558046,1.0080322,0.0,0.09816751,0.0,0.0,3.741505e-05,-27.231913,2.217715,0.7392384,0.24,0.0,0.13889956,9.840035,9.860036,1584000
hardzero_plus_depr__c0p50__z1p00__lam0p020__nu0p50__psi0p75,hardzero_plus_depr,0.06,39,495,0.0,2,0.1558046,0.1558046,1.0496905,0.0,0.089188635,0.0,0.0,3.6857997e-05,-27.401726,2.3093653,0.76978844,0.112,0.0,0.13420069,9.860036,9.880036,1587200
hardzero_plus_depr__c0p50__z1p00__lam0p020__nu0p50__psi0p75,hardzero_plus_depr,0.06,39,496,0.0,2,0.1558046,0.1558087,0.9481799,0.11267305,0.11267305,1.0,4.0910727e-06,3.630924e-05,-26.33961,2.0860374,0.6953458,0.216,0.0,0.124388546,9.880036,9.900037,1590400
hardzero_plus_depr__c0p50__z1p00__lam0p020__nu0p50__psi0p75,hardzero_plus_depr,0.06,39,497,0.0,2,0.1558087,0.15581249,0.97472477,0.105992526,0.105992526,1.0,3.7912105e-06,3.576866e-05,-27.016775,2.1444373,0.71481246,0.192,0.0,0.15075584,9.900037,9.920037,1593600
hardzero_plus_depr__c0p50__z1p00__lam0p020__nu0p50__psi0p75,hardzero_plus_depr,0.06,39,498,0.0,2,0.15581249,0.15581249,1.0685419,0.0,0.085400045,0.0,0.0,3.523612e-05,-27.969248,2.3508391,0.7836131,0.120000005,0.0,0.15925716,9.920037,9.940038,1596800
hardzero_plus_depr__c0p50__z1p00__lam0p020__nu0p50__psi0p75,hardzero_plus_depr,0.06,39,499,0.0,2,0.15581249,0.155816,0.9945357,0.10126615,0.10126615,1.0,3.515101e-06,3.471151e-05,-27.095228,2.1880221,0.72934073,0.192,0.0,0.12463288,9.940038,9.960038,1600000
hardzero_plus_depr__c0p50__z1p00__lam0p020__nu0p50__psi0p75,hardzero_plus_depr,0.06,39,500,0.0,2,0.155816,0.155816,1.0098836,0.0,0.0977499,0.0,0.0,3.4194705e-05,-26.666607,2.2217884,0.7405962,0.112,0.0,0.1317053,9.960038,9.980039,1603200
hardzero_plus_depr__c0p50__z1p00__lam0p020__nu0p50__psi0p75,hardzero_plus_depr,0.06,39,501,0.0,2,0.155816,0.155816,1.1239533,0.0,0.07517037,0.0,0.0,3.3685603e-05,-29.233942,2.4727466,0.8242489,0.18400002,0.0,0.16982865,9.980039,10.000039,1606400
hardzero_plus_depr__c0p50__z1p00__lam0p020__nu0p50__psi0p75,hardzero_plus_depr,0.06,39,502,0.0,2,0.155816,0.155816,1.0447478,0.0,0.09020948,0.0,0.0,3.318408e-05,-27.904396,2.298491,0.7661637,0.14400001,0.0,0.14538312,10.000039,10.02004,1609600
hardzero_plus_depr__c0p50__z1p00__lam0p020__nu0p50__psi0p75,hardzero_plus_depr,0.06,39,503,0.0,2,0.155816,0.15581976,0.93964434,0.11490942,0.11490942,1.0,3.7563914e-06,3.2690023e-05,-24.685099,2.0672588,0.6890863,0.216,0.0,0.12320669,10.02004,10.04004,1612800
hardzero_plus_depr__c0p50__z1p00__lam0p020__nu0p50__psi0p75,hardzero_plus_depr,0.06,39,504,0.0,2,0.15581976,0.15582313,0.9799161,0.10473308,0.10473308,1.0,3.3727529e-06,3.220332e-05,-26.223623,2.1558585,0.7186195,0.18400002,0.0,0.14386159,10.04004,10.06004,1616000
hardzero_plus_depr__c0p50__z1p00__lam0p020__nu0p50__psi0p75,hardzero_plus_depr,0.06,39,505,0.0,2,0.15582313,0.15582313,1.0292064,0.0,0.093496114,0.0,0.0,3.1723866e-05,-27.242682,2.2642992,0.7547664,0.16800001,0.0,0.13755178,10.06004,10.080041,1619200
hardzero_plus_depr__c0p50__z1p00__lam0p020__nu0p50__psi0p75,hardzero_plus_depr,0.06,39,506,0.0,2,0.15582313,0.15582632,0.9912155,0.10204328,0.10204328,1.0,3.1890104e-06,3.1251548e-05,-26.076946,2.1807177,0.72690594,0.16800001,0.0,0.14374751,10.080041,10.100041,1622400
hardzero_plus_depr__c0p50__z1p00__lam0p020__nu0p50__psi0p75,hardzero_plus_depr,0.06,39,507,0.0,2,0.15582632,0.15582947,0.98802274,0.102796234,0.102796234,1.0,3.1647116e-06,3.078626e-05,-26.884623,2.1736934,0.7245645,0.17,0.0,0.14200246,10.100041,10.120042,1625600
hardzero_plus_depr__c0p50__z1p00__lam0p020__nu0p50__psi0p75,hardzero_plus_depr,0.06,39,508,0.0,2,0.15582947,0.15582947,1.018889,0.0,0.09574387,0.0,0.0,3.0327905e-05,-27.718176,2.2416005,0.7472002,0.14400001,0.0,0.16541025,10.120042,10.140042,1628800
hardzero_plus_depr__c0p50__z1p00__lam0p020__nu0p50__psi0p75,hardzero_plus_depr,0.06,39,509,0.0,2,0.15582947,0.15582947,1.0124807,0.0,0.0971671,0.0,0.0,2.9876372e-05,-27.06248,2.227502,0.7425007,0.14400001,0.0,0.11750425,10.140042,10.160043,1632000
hardzero_plus_depr__c0p50__z1p00__lam0p020__nu0p50__psi0p75,hardzero_plus_depr,0.06,39,510,0.0,2,0.15582947,0.15582947,1.0103425,0.0,0.097646676,0.0,0.0,2.9431558e-05,-26.994074,2.2227979,0.74093264,0.216,0.0,0.15406421,10.160043,10.180043,1635200
hardzero_plus_depr__c0p50__z1p00__lam0p020__nu0p50__psi0p75,hardzero_plus_depr,0.06,39,511,0.0,2,0.15582947,0.15582947,1.0452257,0.0,0.09011026,0.0,0.0,2.899337e-05,-27.773829,2.2995427,0.76651424,0.23200001,0.008,0.16321829,10.180043,10.200044,1638400
hardzero_plus_depr__c0p50__z1p00__lam0p020__nu0p50__psi0p75,hardzero_plus_depr,0.06,39,512,0.0,2,0.15582947,0.15582947,1.0734662,0.0,0.08443721,0.0,0.0,2.8561704e-05,-27.951763,2.3616729,0.7872243,0.104,0.0,0.13342525,10.200044,10.220044,1641600
hardzero_plus_depr__c0p50__z1p00__lam0p020__nu0p50__psi0p75,hardzero_plus_depr,0.06,39,513,0.0,2,0.15582947,0.15582947,1.0354253,0.0,0.09216685,0.0,0.0,2.8136466e-05,-27.46766,2.2779813,0.7593271,0.16800001,0.0,0.14247063,10.220044,10.240045,1644800
hardzero_plus_depr__c0p50__z1p00__lam0p020__nu0p50__psi0p75,hardzero_plus_depr,0.06,39,514,0.0,2,0.15582947,0.15582947,1.0416815,0.0,0.090848655,0.0,0.0,2.771756e-05,-27.306013,2.2917452,0.76391506,0.16000001,0.0,0.14584054,10.240045,10.260045,1648000
hardzero_plus_depr__c0p50__z1p00__lam0p020__nu0p50__psi0p75,hardzero_plus_depr,0.06,39,515,0.0,2,0.15582947,0.15582947,1.042789,0.0,0.09061728,0.0,0.0,2.730489e-05,-27.089777,2.2941816,0.76472723,0.16800001,0.0,0.15289342,10.260045,10.2800455,1651200
hardzero_plus_depr__c0p50__z1p00__lam0p020__nu0p50__psi0p75,hardzero_plus_depr,0.06,39,516,0.0,2,0.15582947,0.15582947,1.1198722,0.0,0.07588008,0.0,0.0,2.6898364e-05,-29.998306,2.463768,0.82125604,0.120000005,0.0,0.15727463,10.2800455,10.300046,1654400
hardzero_plus_depr__c0p50__z1p00__lam0p020__nu0p50__psi0p75,hardzero_plus_depr,0.06,39,517,0.0,2,0.15582947,0.15582947,1.0707407,0.0,0.08496876,0.0,0.0,2.649789e-05,-27.50314,2.3556767,0.7852256,0.15200001,0.0,0.14801572,10.300046,10.320046,1657600
hardzero_plus_depr__c0p50__z1p00__lam0p020__nu0p50__psi0p75,hardzero_plus_depr,0.06,39,518,0.0,2,0.15582947,0.15582947,1.04098,0.0,0.09099552,0.0,0.0,2.610338e-05,-28.115566,2.2902017,0.76340055,0.16000001,0.0,0.14263725,10.320046,10.340047,1660800
hardzero_plus_depr__c0p50__z1p00__lam0p020__nu0p50__psi0p75,hardzero_plus_depr,0.06,39,519,0.0,2,0.15582947,0.15582947,1.0107101,0.0,0.09756404,0.0,0.0,2.5714742e-05,-27.332878,2.2236066,0.74120224,0.208,0.0,0.13221417,10.340047,10.360047,1664000
hardzero_plus_depr__c0p50__z1p00__lam0p020__nu0p50__psi0p75,hardzero_plus_depr,0.06,39,520,0.0,2,0.15582947,0.15582947,1.0208874,0.0,0.09530432,0.0,0.0,2.533189e-05,-27.078003,2.245997,0.7486657,0.12,0.0,0.13515116,10.360047,10.380048,1667200
hardzero_plus_depr__c0p50__z1p00__lam0p020__nu0p50__psi0p75,hardzero_plus_depr,0.06,39,521,0.0,2,0.15582947,0.15583207,0.9845975,0.10361019,0.10361019,1.0,2.585565e-06,2.4954737e-05,-26.103893,2.1661577,0.7220526,0.16800001,0.0,0.10600001,10.380048,10.400048,1670400
hardzero_plus_depr__c0p50__z1p00__lam0p020__nu0p50__psi0p75,hardzero_plus_depr,0.06,39,522,0.0,2,0.15583207,0.15583207,1.0310857,0.0,0.09309241,0.0,0.0,2.4583203e-05,-26.984459,2.2684338,0.75614464,0.120000005,0.0,0.14707534,10.400048,10.420049,1673600
hardzero_plus_depr__c0p50__z1p00__lam0p020__nu0p50__psi0p75,hardzero_plus_depr,0.06,39,523,0.0,2,0.15583207,0.15583207,1.0440077,0.0,0.090363346,0.0,0.0,2.42172e-05,-27.58679,2.2968628,0.76562095,0.120000005,0.0,0.12083177,10.420049,10.440049,1676800
hardzero_plus_depr__c0p50__z1p00__lam0p020__nu0p50__psi0p75,hardzero_plus_depr,0.06,39,524,0.0,2,0.15583207,0.15583207,1.042785,0.0,0.0906181,0.0,0.0,2.3856644e-05,-27.092552,2.294173,0.7647244,0.120000005,0.0,0.14260525,10.440049,10.46005,1680000
hardzero_plus_depr__c0p50__z1p00__lam0p020__nu0p50__psi0p75,hardzero_plus_depr,0.06,39,525,0.0,2,0.15583207,0.15583207,1.0223391,0.0,0.09498628,0.0,0.0,2.3501456e-05,-26.74646,2.249191,0.74973035,0.14400001,0.0,0.12971209,10.46005,10.48005,1683200
hardzero_plus_depr__c0p50__z1p00__lam0p020__nu0p50__psi0p75,hardzero_plus_depr,0.06,39,526,0.0,2,0.15583207,0.15583207,1.0568736,0.0,0.08772562,0.0,0.0,2.3151557e-05,-28.346474,2.3251681,0.77505606,0.120000005,0.0,0.13047363,10.48005,10.500051,1686400
hardzero_plus_depr__c0p50__z1p00__lam0p020__nu0p50__psi0p75,hardzero_plus_depr,0.06,39,527,0.0,2,0.15583207,0.15583207,1.0228792,0.0,0.09486821,0.0,0.0,2.2806867e-05,-26.585632,2.2503793,0.7501265,0.16800001,0.0,0.12000747,10.500051,10.520051,1689600
hardzero_plus_depr__c0p50__z1p00__lam0p020__nu0p50__psi0p75,hardzero_plus_depr,0.06,39,528,0.0,2,0.15583207,0.15583453,0.96046513,0.10953046,0.10953046,1.0,2.4608546e-06,2.246731e-05,-26.61669,2.1130655,0.7043552,0.208,0.0,0.1423817,10.520051,10.540051,1692800
hardzero_plus_depr__c0p50__z1p00__lam0p020__nu0p50__psi0p75,hardzero_plus_depr,0.06,39,529,0.0,2,0.15583453,0.15583453,1.0209533,0.0,0.09528985,0.0,0.0,2.2132808e-05,-27.244411,2.2461421,0.7487141,0.15200001,0.0,0.12307879,10.540051,10.560052,1696000
hardzero_plus_depr__c0p50__z1p00__lam0p020__nu0p50__psi0p75,hardzero_plus_depr,0.06,39,530,0.0,2,0.15583453,0.15583453,1.0105501,0.0,0.09759999,0.0,0.0,2.1803284e-05,-26.463434,2.2232547,0.74108493,0.120000005,0.008,0.12562594,10.560052,10.580052,1699200
hardzero_plus_depr__c0p50__z1p00__lam0p020__nu0p50__psi0p75,hardzero_plus_depr,0.06,39,531,0.0,2,0.15583453,0.15583453,1.0190921,0.0,0.09569912,0.0,0.0,2.1478669e-05,-27.287983,2.2420473,0.74734914,0.18400002,0.0,0.13550954,10.580052,10.600053,1702400
hardzero_plus_depr__c0p50__z1p00__lam0p020__nu0p50__psi0p75,hardzero_plus_depr,0.06,39,532,0.0,2,0.15583453,0.15583453,1.02252,0.0,0.09494673,0.0,0.0,2.1158885e-05,-27.968924,2.2495887,0.7498629,0.128,0.0,0.14165913,10.600053,10.620053,1705600
hardzero_plus_depr__c0p50__z1p00__lam0p020__nu0p50__psi0p75,hardzero_plus_depr,0.06,39,533,0.0,2,0.15583453,0.1558369,0.94561034,0.11334167,0.11334167,1.0,2.3624784e-06,2.0843865e-05,-26.989136,2.0803843,0.6934614,0.22999999,0.0,0.14646147,10.620053,10.640054,1708800
hardzero_plus_depr__c0p50__z1p00__lam0p020__nu0p50__psi0p75,hardzero_plus_depr,0.06,39,534,0.0,2,0.1558369,0.1558369,1.0150915,0.0,0.09658473,0.0,0.0,2.0533533e-05,-26.307802,2.233246,0.7444154,0.136,0.0,0.13647573,10.640054,10.660054,1712000
hardzero_plus_depr__c0p50__z1p00__lam0p020__nu0p50__psi0p75,hardzero_plus_depr,0.06,39,535,0.0,2,0.1558369,0.1558369,1.0444788,0.0,0.09026537,0.0,0.0,2.0227819e-05,-27.943626,2.2978992,0.7659664,0.128,0.0,0.15209465,10.660054,10.680055,1715200
hardzero_plus_depr__c0p50__z1p00__lam0p020__nu0p50__psi0p75,hardzero_plus_depr,0.06,39,536,0.0,2,0.1558369,0.15583904,0.96748763,0.107773595,0.107773595,1.0,2.147568e-06,1.9926661e-05,-26.19454,2.1285152,0.7095051,0.16800001,0.0,0.1333591,10.680055,10.700055,1718400
hardzero_plus_depr__c0p50__z1p00__lam0p020__nu0p50__psi0p75,hardzero_plus_depr,0.06,39,537,0.0,2,0.15583904,0.15583904,1.033366,0.0,0.09260491,0.0,0.0,1.9629986e-05,-27.4971,2.2734506,0.7578169,0.120000005,0.0,0.15998133,10.700055,10.720056,1721600
hardzero_plus_depr__c0p50__z1p00__lam0p020__nu0p50__psi0p75,hardzero_plus_depr,0.06,39,538,0.0,2,0.15583904,0.15583904,1.0398207,0.0,0.09123874,0.0,0.0,1.9337725e-05,-28.040657,2.287651,0.76255035,0.18400002,0.0,0.1562155,10.720056,10.740056,1724800
hardzero_plus_depr__c0p50__z1p00__lam0p020__nu0p50__psi0p75,hardzero_plus_depr,0.06,39,539,0.0,2,0.15583904,0.15583904,1.0803661,0.0,0.08310629,0.0,0.0,1.9049818e-05,-28.639011,2.376853,0.79228437,0.14400001,0.0,0.17911077,10.740056,10.7600565,1728000
hardzero_plus_depr__c0p50__z1p00__lam0p020__nu0p50__psi0p75,hardzero_plus_depr,0.06,39,540,0.0,2,0.15583904,0.15583904,1.0077317,0.0,0.09823546,0.0,0.0,1.8766197e-05,-27.257034,2.217054,0.73901796,0.18400002,0.0,0.1662279,10.7600565,10.780057,1731200
hardzero_plus_depr__c0p50__z1p00__lam0p020__nu0p50__psi0p75,hardzero_plus_depr,0.06,39,541,0.0,2,0.15583904,0.15583904,1.0563741,0.0,0.08782657,0.0,0.0,1.8486799e-05,-28.489328,2.3240693,0.7746898,0.16800001,0.0,0.1493967,10.780057,10.800057,1734400
hardzero_plus_depr__c0p50__z1p00__lam0p020__nu0p50__psi0p75,hardzero_plus_depr,0.06,39,542,0.0,2,0.15583904,0.15583904,1.0361016,0.0,0.092023425,0.0,0.0,1.821156e-05,-27.062082,2.279469,0.759823,0.080000006,0.0,0.16946295,10.800057,10.820058,1737600
hardzero_plus_depr__c0p50__z1p00__lam0p020__nu0p50__psi0p75,hardzero_plus_depr,0.06,39,543,0.0,2,0.15583904,0.15583904,1.0445673,0.0,0.09024697,0.0,0.0,1.794042e-05,-27.657854,2.298094,0.7660314,0.16800001,0.0,0.14172311,10.820058,10.840058,1740800
hardzero_plus_depr__c0p50__z1p00__lam0p020__nu0p50__psi0p75,hardzero_plus_depr,0.06,39,544,0.0,2,0.15583904,0.15584081,0.99988586,0.10002627,0.10002627,1.0,1.7677957e-06,1.7673314e-05,-27.044447,2.1997929,0.7332643,0.16800001,0.0,0.12793826,10.840058,10.860059,1744000
hardzero_plus_depr__c0p50__z1p00__lam0p020__nu0p50__psi0p75,hardzero_plus_depr,0.06,39,545,0.0,2,0.15584081,0.15584081,1.0221956,0.0,0.09501768,0.0,0.0,1.7410186e-05,-27.625082,2.2488751,0.7496251,0.208,0.0,0.12908304,10.860059,10.880059,1747200
hardzero_plus_depr__c0p50__z1p00__lam0p020__nu0p50__psi0p75,hardzero_plus_depr,0.06,39,546,0.0,2,0.15584081,0.15584081,1.0240033,0.0,0.09462301,0.0,0.0,1.7150976e-05,-27.141308,2.2528522,0.75095075,0.19,0.0,0.11455167,10.880059,10.90006,1750400
hardzero_plus_depr__c0p50__z1p00__lam0p020__nu0p50__psi0p75,hardzero_plus_depr,0.06,39,547,0.0,2,0.15584081,0.15584284,0.92108923,0.11992528,0.11992528,1.0,2.0262128e-06,1.6895627e-05,-25.46444,2.0264368,0.67547894,0.208,0.0,0.14201121,10.90006,10.92006,1753600
hardzero_plus_depr__c0p50__z1p00__lam0p020__nu0p50__psi0p75,hardzero_plus_depr,0.06,39,548,0.0,2,0.15584284,0.15584284,1.0338811,0.0,0.092495136,0.0,0.0,1.6644077e-05,-27.486183,2.2745838,0.7581946,0.120000005,0.0,0.14490193,10.92006,10.940061,1756800
hardzero_plus_depr__c0p50__z1p00__lam0p020__nu0p50__psi0p75,hardzero_plus_depr,0.06,39,549,0.0,2,0.15584284,0.15584458,0.9721585,0.10662069,0.10662069,1.0,1.7481823e-06,1.6396276e-05,-26.551085,2.1387913,0.71293044,0.17600001,0.0,0.14546174,10.940061,10.960061,1760000
hardzero_plus_depr__c0p50__z1p00__lam0p020__nu0p50__psi0p75,hardzero_plus_depr,0.06,39,550,0.0,2,0.15584458,0.15584458,1.0160627,0.0,0.09636897,0.0,0.0,1.6152158e-05,-27.419146,2.2353826,0.74512756,0.136,0.0,0.1438127,10.960061,10.980062,1763200
hardzero_plus_depr__c0p50__z1p00__lam0p020__nu0p50__psi0p75,hardzero_plus_depr,0.06,39,551,0.0,2,0.15584458,0.15584458,1.0397377,0.0,0.09125619,0.0,0.0,1.591168e-05,-27.965773,2.2874687,0.76248956,0.14400001,0.0,0.18687265,10.980062,11.000062,1766400
hardzero_plus_depr__c0p50__z1p00__lam0p020__nu0p50__psi0p75,hardzero_plus_depr,0.06,39,552,0.0,2,0.15584458,0.15584458,1.0479038,0.0,0.08955632,0.0,0.0,1.5674781e-05,-28.68517,2.3054345,0.76847816,0.17600001,0.0,0.17152205,11.000062,11.020062,1769600
hardzero_plus_depr__c0p50__z1p00__lam0p020__nu0p50__psi0p75,hardzero_plus_depr,0.06,39,553,0.0,2,0.15584458,0.15584458,1.0404168,0.0,0.0911136,0.0,0.0,1.5441408e-05,-27.300966,2.2889628,0.7629876,0.208,0.0,0.17220457,11.020062,11.040063,1772800
hardzero_plus_depr__c0p50__z1p00__lam0p020__nu0p50__psi0p75,hardzero_plus_depr,0.06,39,554,0.0,2,0.15584458,0.15584458,1.1094289,0.0,0.07772685,0.0,0.0,1.5211509e-05,-28.727486,2.4407923,0.81359744,0.120000005,0.0,0.15997076,11.040063,11.060063,1776000
hardzero_plus_depr__c0p50__z1p00__lam0p020__nu0p50__psi0p75,hardzero_plus_depr,0.06,39,555,0.0,2,0.15584458,0.15584458,1.0180264,0.0,0.09593424,0.0,0.0,1.4985035e-05,-27.503536,2.2397027,0.7465676,0.136,0.0,0.16427143,11.060063,11.080064,1779200
hardzero_plus_depr__c0p50__z1p00__lam0p020__nu0p50__psi0p75,hardzero_plus_depr,0.06,39,556,0.0,2,0.15584458,0.15584458,1.0262752,0.0,0.094129294,0.0,0.0,1.4761933e-05,-27.542929,2.2578504,0.7526168,0.192,0.0,0.14791201,11.080064,11.100064,1782400
hardzero_plus_depr__c0p50__z1p00__lam0p020__nu0p50__psi0p75,hardzero_plus_depr,0.06,39,557,0.0,2,0.15584458,0.15584458,1.0233955,0.0,0.09475551,0.0,0.0,1.454215e-05,-27.918205,2.2515152,0.7505051,0.17600001,0.0,0.17979786,11.100064,11.120065,1785600
hardzero_plus_depr__c0p50__z1p00__lam0p020__nu0p50__psi0p75,hardzero_plus_depr,0.06,39,558,0.0,2,0.15584458,0.15584603,0.99417835,0.10134951,0.10134951,1.0,1.4518968e-06,1.4325641e-05,-26.492495,2.187236,0.7290787,0.192,0.0,0.13970183,11.120065,11.140065,1788800
hardzero_plus_depr__c0p50__z1p00__lam0p020__nu0p50__psi0p75,hardzero_plus_depr,0.06,39,559,0.0,2,0.15584603,0.1558475,0.98251235,0.10410884,0.10410884,1.0,1.4692209e-06,1.41123555e-05,-26.183125,2.1615703,0.7205235,0.19,0.0,0.1440903,11.140065,11.160066,1792000
hardzero_plus_depr__c0p50__z1p00__lam0p020__nu0p50__psi0p75,hardzero_plus_depr,0.06,39,560,0.0,2,0.1558475,0.1558475,1.0001456,0.0,0.09996648,0.0,0.0,1.3902244e-05,-26.427338,2.200364,0.7334547,0.14400001,0.0,0.12780441,11.160066,11.180066,1795200
hardzero_plus_depr__c0p50__z1p00__lam0p020__nu0p50__psi0p75,hardzero_plus_depr,0.06,39,561,0.0,2,0.1558475,0.1558475,1.0449584,0.0,0.090165764,0.0,0.0,1.3695263e-05,-27.766474,2.2989542,0.7663181,0.16000001,0.0,0.15965472,11.180066,11.200067,1798400
hardzero_plus_depr__c0p50__z1p00__lam0p020__nu0p50__psi0p75,hardzero_plus_depr,0.06,39,562,0.0,2,0.1558475,0.1558475,1.0139313,0.0,0.0968431,0.0,0.0,1.3491362e-05,-27.064253,2.2306933,0.7435645,0.14400001,0.0,0.1470538,11.200067,11.220067,1801600
hardzero_plus_depr__c0p50__z1p00__lam0p020__nu0p50__psi0p75,hardzero_plus_depr,0.06,39,563,0.0,2,0.1558475,0.1558475,1.0368495,0.0,0.091865085,0.0,0.0,1.3290498e-05,-27.825861,2.2811143,0.76037145,0.16800001,0.0,0.1585033,11.220067,11.2400675,1804800
hardzero_plus_depr__c0p50__z1p00__lam0p020__nu0p50__psi0p75,hardzero_plus_depr,0.06,39,564,0.0,2,0.1558475,0.1558475,1.0734686,0.0,0.084436744,0.0,0.0,1.3092624e-05,-27.947275,2.3616781,0.7872261,0.128,0.0,0.17623332,11.2400675,11.260068,1808000
hardzero_plus_depr__c0p50__z1p00__lam0p020__nu0p50__psi0p75,hardzero_plus_depr,0.06,39,565,0.0,2,0.1558475,0.1558475,1.0463316,0.0,0.0898811,0.0,0.0,1.2897694e-05,-27.62545,2.3019755,0.76732516,0.104,0.0,0.1412848,11.260068,11.280068,1811200
hardzero_plus_depr__c0p50__z1p00__lam0p020__nu0p50__psi0p75,hardzero_plus_depr,0.06,39,566,0.0,2,0.1558475,0.1558475,1.0308486,0.0,0.09314325,0.0,0.0,1.2705669e-05,-27.919401,2.2679121,0.7559707,0.128,0.0,0.15792422,11.280068,11.300069,1814400
hardzero_plus_depr__c0p50__z1p00__lam0p020__nu0p50__psi0p75,hardzero_plus_depr,0.06,39,567,0.0,2,0.1558475,0.1558475,1.0140252,0.0,0.09682216,0.0,0.0,1.2516502e-05,-27.018938,2.2309,0.7436334,0.16000001,0.0,0.13997428,11.300069,11.320069,1817600
hardzero_plus_depr__c0p50__z1p00__lam0p020__nu0p50__psi0p75,hardzero_plus_depr,0.06,39,568,0.0,2,0.1558475,0.1558475,1.0092074,0.0,0.097902246,0.0,0.0,1.2330152e-05,-27.818964,2.2203007,0.74010026,0.16000001,0.0,0.16023843,11.320069,11.34007,1820800
hardzero_plus_depr__c0p50__z1p00__lam0p020__nu0p50__psi0p75,hardzero_plus_depr,0.06,39,569,0.0,2,0.1558475,0.1558475,1.02164,0.0,0.09513932,0.0,0.0,1.21465755e-05,-27.083992,2.2476528,0.7492176,0.104,0.0,0.13123807,11.34007,11.36007,1824000
hardzero_plus_depr__c0p50__z1p00__lam0p020__nu0p50__psi0p75,hardzero_plus_depr,0.06,39,570,0.0,2,0.1558475,0.1558475,1.0123136,0.0,0.09720449,0.0,0.0,1.1965732e-05,-26.015657,2.2271345,0.7423782,0.120000005,0.0,0.116657816,11.36007,11.380071,1827200
hardzero_plus_depr__c0p50__z1p00__lam0p020__nu0p50__psi0p75,hardzero_plus_depr,0.06,39,571,0.0,2,0.1558475,0.1558475,1.0731409,0.0,0.08450046,0.0,0.0,1.1787581e-05,-27.853815,2.360957,0.78698564,0.16000001,0.0,0.16251549,11.380071,11.400071,1830400
hardzero_plus_depr__c0p50__z1p00__lam0p020__nu0p50__psi0p75,hardzero_plus_depr,0.06,39,572,0.0,2,0.1558475,0.1558475,1.0115795,0.0,0.09736895,0.0,0.0,1.1612084e-05,-27.120302,2.2255194,0.7418398,0.12,0.0,0.1498438,11.400071,11.420072,1833600
hardzero_plus_depr__c0p50__z1p00__lam0p020__nu0p50__psi0p75,hardzero_plus_depr,0.06,39,573,0.0,2,0.1558475,0.1558475,1.0667675,0.0,0.08574968,0.0,0.0,1.1439198e-05,-27.426668,2.3469353,0.7823118,0.192,0.0,0.17075369,11.420072,11.440072,1836800
hardzero_plus_depr__c0p50__z1p00__lam0p020__nu0p50__psi0p75,hardzero_plus_depr,0.06,39,574,0.0,2,0.1558475,0.1558475,1.0334203,0.0,0.09259332,0.0,0.0,1.1268887e-05,-28.505953,2.27357,0.7578567,0.15200001,0.0,0.165696,11.440072,11.4600725,1840000
hardzero_plus_depr__c0p50__z1p00__lam0p020__nu0p50__psi0p75,hardzero_plus_depr,0.06,39,575,0.0,2,0.1558475,0.15584865,0.98650634,0.10315579,0.10315579,1.0,1.1451439e-06,1.110111e-05,-27.137266,2.1703572,0.72345245,0.14400001,0.0,0.13297091,11.4600725,11.480073,1843200
hardzero_plus_depr__c0p50__z1p00__lam0p020__nu0p50__psi0p75,hardzero_plus_depr,0.06,39,576,0.0,2,0.15584865,0.15584975,0.9973034,0.10062284,0.10062284,1.0,1.1003946e-06,1.0935833e-05,-26.11618,2.1941113,0.73137045,0.128,0.0,0.13657925,11.480073,11.500073,1846400
hardzero_plus_depr__c0p50__z1p00__lam0p020__nu0p50__psi0p75,hardzero_plus_depr,0.06,39,577,0.0,2,0.15584975,0.15584975,1.0384681,0.0,0.09152334,0.0,0.0,1.0773017e-05,-27.45796,2.2846754,0.7615585,0.096,0.0,0.16641486,11.500073,11.520074,1849600
hardzero_plus_depr__c0p50__z1p00__lam0p020__nu0p50__psi0p75,hardzero_plus_depr,0.06,39,578,0.0,2,0.15584975,0.15585083,0.9964953,0.10081023,0.10081023,1.0,1.069861e-06,1.0612624e-05,-27.09995,2.1923335,0.73077786,0.192,0.0,0.14060049,11.520074,11.540074,1852800
hardzero_plus_depr__c0p50__z1p00__lam0p020__nu0p50__psi0p75,hardzero_plus_depr,0.06,39,579,0.0,2,0.15585083,0.15585195,0.9714148,0.10680342,0.10680342,1.0,1.116589e-06,1.0454619e-05,-26.64445,2.1371553,0.7123851,0.15200001,0.0,0.14953314,11.540074,11.560075,1856000
hardzero_plus_depr__c0p50__z1p00__lam0p020__nu0p50__psi0p75,hardzero_plus_depr,0.06,39,580,0.0,2,0.15585195,0.15585195,1.0267917,0.0,0.09401742,0.0,0.0,1.0298965e-05,-27.757133,2.258987,0.75299567,0.136,0.0,0.15487349,11.560075,11.580075,1859200
hardzero_plus_depr__c0p50__z1p00__lam0p020__nu0p50__psi0p75,hardzero_plus_depr,0.06,39,581,0.0,2,0.15585195,0.15585195,1.0565302,0.0,0.087795,0.0,0.0,1.0145631e-05,-28.245337,2.3244128,0.7748043,0.16000001,0.0,0.18918838,11.580075,11.600076,1862400
hardzero_plus_depr__c0p50__z1p00__lam0p020__nu0p50__psi0p75,hardzero_plus_depr,0.06,39,582,0.0,2,0.15585195,0.15585195,1.0116577,0.0,0.09735142,0.0,0.0,9.994578e-06,-26.505844,2.2256913,0.7418971,0.08800001,0.0,0.14552873,11.600076,11.620076,1865600
hardzero_plus_depr__c0p50__z1p00__lam0p020__nu0p50__psi0p75,hardzero_plus_depr,0.06,39,583,0.0,2,0.15585195,0.15585195,1.0407798,0.0,0.09103747,0.0,0.0,9.845775e-06,-27.169064,2.2897613,0.7632538,0.15200001,0.0,0.13198686,11.620076,11.640077,1868800
hardzero_plus_depr__c0p50__z1p00__lam0p020__nu0p50__psi0p75,hardzero_plus_depr,0.06,39,584,0.0,2,0.15585195,0.15585296,0.9814605,0.10436131,0.10436131,1.0,1.0122199e-06,9.699187e-06,-26.065556,2.1592562,0.7197521,0.15200001,0.0,0.13273886,11.640077,11.660077,1872000
hardzero_plus_depr__c0p50__z1p00__lam0p020__nu0p50__psi0p75,hardzero_plus_depr,0.06,39,585,0.0,2,0.15585296,0.15585393,0.99427927,0.10132595,0.10132595,1.0,9.681473e-07,9.554782e-06,-27.053257,2.187458,0.7291527,0.13,0.0,0.16188149,11.660077,11.680078,1875200
hardzero_plus_depr__c0p50__z1p00__lam0p020__nu0p50__psi0p75,hardzero_plus_depr,0.06,39,586,0.0,2,0.15585393,0.15585393,1.031646,0.0,0.09297239,0.0,0.0,9.412526e-06,-27.552736,2.2696667,0.75655556,0.112,0.0,0.15554169,11.680078,11.700078,1878400
hardzero_plus_depr__c0p50__z1p00__lam0p020__nu0p50__psi0p75,hardzero_plus_depr,0.06,39,587,0.0,2,0.15585393,0.15585487,0.99380934,0.10143566,0.10143566,1.0,9.4055093e-07,9.272389e-06,-26.466967,2.1864243,0.7288081,0.15200001,0.0,0.13920611,11.700078,11.720078,1881600
hardzero_plus_depr__c0p50__z1p00__lam0p020__nu0p50__psi0p75,hardzero_plus_depr,0.06,39,588,0.0,2,0.15585487,0.15585579,0.9970406,0.10068375,0.10068375,1.0,9.196794e-07,9.134338e-06,-26.593138,2.1935332,0.73117775,0.16000001,0.0,0.13931453,11.720078,11.740079,1884800
hardzero_plus_depr__c0p50__z1p00__lam0p020__nu0p50__psi0p75,hardzero_plus_depr,0.06,39,589,0.0,2,0.15585579,0.15585579,1.0200205,0.0,0.09549475,0.0,0.0,8.998342e-06,-27.818235,2.2440898,0.74802995,0.272,0.0,0.16785066,11.740079,11.760079,1888000
hardzero_plus_depr__c0p50__z1p00__lam0p020__nu0p50__psi0p75,hardzero_plus_depr,0.06,39,590,0.0,2,0.15585579,0.15585579,1.0525826,0.0,0.08859667,0.0,0.0,8.864371e-06,-28.235977,2.315728,0.77190936,0.120000005,0.0,0.13777085,11.760079,11.78008,1891200
hardzero_plus_depr__c0p50__z1p00__lam0p020__nu0p50__psi0p75,hardzero_plus_depr,0.06,39,591,0.0,2,0.15585579,0.15585579,1.0774701,0.0,0.083662316,0.0,0.0,8.732395e-06,-28.030773,2.3704815,0.79016054,0.128,0.0,0.17023125,11.78008,11.80008,1894400
hardzero_plus_depr__c0p50__z1p00__lam0p020__nu0p50__psi0p75,hardzero_plus_depr,0.06,39,592,0.0,2,0.15585579,0.15585579,1.070028,0.0,0.085108325,0.0,0.0,8.602384e-06,-27.630507,2.3541086,0.7847029,0.136,0.0,0.16290635,11.80008,11.820081,1897600
hardzero_plus_depr__c0p50__z1p00__lam0p020__nu0p50__psi0p75,hardzero_plus_depr,0.06,39,593,0.0,2,0.15585579,0.15585579,1.006769,0.0,0.09845347,0.0,0.0,8.474308e-06,-27.14144,2.2149358,0.73831195,0.16800001,0.0,0.12408798,11.820081,11.840081,1900800
hardzero_plus_depr__c0p50__z1p00__lam0p020__nu0p50__psi0p75,hardzero_plus_depr,0.06,39,594,0.0,2,0.15585579,0.15585668,0.9734564,0.106302515,0.106302515,1.0,8.8742826e-07,8.34814e-06,-26.086498,2.1416469,0.7138823,0.224,0.0,0.14094457,11.840081,11.860082,1904000
hardzero_plus_depr__c0p50__z1p00__lam0p020__nu0p50__psi0p75,hardzero_plus_depr,0.06,39,595,0.0,2,0.15585668,0.15585668,1.0238657,0.0,0.09465297,0.0,0.0,8.223849e-06,-27.011202,2.2525494,0.75084984,0.16000001,0.0,0.15236509,11.860082,11.880082,1907200
hardzero_plus_depr__c0p50__z1p00__lam0p020__nu0p50__psi0p75,hardzero_plus_depr,0.06,39,596,0.0,2,0.15585668,0.15585668,1.0548557,0.0,0.08813417,0.0,0.0,8.101409e-06,-27.054436,2.320729,0.7735764,0.14400001,0.0,0.10927317,11.880082,11.900083,1910400
hardzero_plus_depr__c0p50__z1p00__lam0p020__nu0p50__psi0p75,hardzero_plus_depr,0.06,39,597,0.0,2,0.15585668,0.15585753,0.97082907,0.106947556,0.106947556,1.0,8.535262e-07,7.980792e-06,-26.692541,2.1358666,0.71195555,0.16000001,0.0,0.14292961,11.900083,11.920083,1913600
hardzero_plus_depr__c0p50__z1p00__lam0p020__nu0p50__psi0p75,hardzero_plus_depr,0.06,39,598,0.0,2,0.15585753,0.15585832,0.9976215,0.10054917,0.10054917,1.0,7.905146e-07,7.8619705e-06,-26.728807,2.194811,0.73160374,0.14999999,0.0,0.12945701,11.920083,11.9400835,1916800
hardzero_plus_depr__c0p50__z1p00__lam0p020__nu0p50__psi0p75,hardzero_plus_depr,0.06,39,599,0.0,2,0.15585832,0.15585832,1.0055386,0.0,0.09873279,0.0,0.0,7.744919e-06,-27.477085,2.212229,0.7374097,0.192,0.0,0.13433559,11.9400835,11.960084,1920000
hardzero_plus_depr__c0p50__z1p00__lam0p020__nu0p50__psi0p75,hardzero_plus_depr,0.06,39,600,0.0,2,0.15585832,0.15585832,1.0399904,0.0,0.09120309,0.0,0.0,7.629609e-06,-27.087343,2.2880247,0.7626749,0.112,0.0,0.14062627,11.960084,11.980084,1923200
hardzero_plus_depr__c0p50__z1p00__lam0p020__nu0p50__psi0p75,hardzero_plus_depr,0.06,39,601,0.0,2,0.15585832,0.15585914,0.9652696,0.10832542,0.10832542,1.0,8.141757e-07,7.5160165e-06,-25.813631,2.1236355,0.70787853,0.15200001,0.0,0.11450965,11.980084,12.000085,1926400
hardzero_plus_depr__c0p50__z1p00__lam0p020__nu0p50__psi0p75,hardzero_plus_depr,0.06,39,602,0.0,2,0.15585914,0.1558599,0.9893389,0.10248518,0.10248518,1.0,7.58812e-07,7.4041145e-06,-26.679914,2.176589,0.7255297,0.14400001,0.0,0.12907074,12.000085,12.020085,1929600
hardzero_plus_depr__c0p50__z1p00__lam0p020__nu0p50__psi0p75,hardzero_plus_depr,0.06,39,603,0.0,2,0.1558599,0.15586063,0.99732053,0.100618884,0.100618884,1.0,7.33902e-07,7.2938797e-06,-26.515593,2.194149,0.731383,0.18400002,0.0,0.14743157,12.020085,12.040086,1932800
hardzero_plus_depr__c0p50__z1p00__lam0p020__nu0p50__psi0p75,hardzero_plus_depr,0.06,39,604,0.0,2,0.15586063,0.15586138,0.98180574,0.10427836,0.10427836,1.0,7.492698e-07,7.1852855e-06,-26.785736,2.1600158,0.7200053,0.16800001,0.0,0.13815193,12.040086,12.060086,1936000
hardzero_plus_depr__c0p50__z1p00__lam0p020__nu0p50__psi0p75,hardzero_plus_depr,0.06,39,605,0.0,2,0.15586138,0.15586138,1.0790313,0.0,0.0833621,0.0,0.0,7.078308e-06,-28.608358,2.3739164,0.7913055,0.192,0.0,0.15847224,12.060086,12.080087,1939200
hardzero_plus_depr__c0p50__z1p00__lam0p020__nu0p50__psi0p75,hardzero_plus_depr,0.06,39,606,0.0,2,0.15586138,0.15586138,1.0036716,0.0,0.09915813,0.0,0.0,6.972923e-06,-27.499252,2.2081218,0.7360406,0.128,0.0,0.1700901,12.080087,12.100087,1942400
hardzero_plus_depr__c0p50__z1p00__lam0p020__nu0p50__psi0p75,hardzero_plus_depr,0.06,39,607,0.0,2,0.15586138,0.15586138,1.0080025,0.0,0.09817422,0.0,0.0,6.869108e-06,-26.885874,2.2176497,0.73921657,0.136,0.0,0.1261553,12.100087,12.120088,1945600
hardzero_plus_depr__c0p50__z1p00__lam0p020__nu0p50__psi0p75,hardzero_plus_depr,0.06,39,608,0.0,2,0.15586138,0.15586138,1.077283,0.0,0.08369835,0.0,0.0,6.766838e-06,-28.351006,2.37007,0.7900233,0.112,0.0,0.14789666,12.120088,12.140088,1948800
hardzero_plus_depr__c0p50__z1p00__lam0p020__nu0p50__psi0p75,hardzero_plus_depr,0.06,39,609,0.0,2,0.15586138,0.15586138,1.0597839,0.0,0.087139696,0.0,0.0,6.666091e-06,-28.298054,2.3315713,0.77719045,0.15200001,0.0,0.1535729,12.140088,12.160089,1952000
hardzero_plus_depr__c0p50__z1p00__lam0p020__nu0p50__psi0p75,hardzero_plus_depr,0.06,39,610,0.0,2,0.15586138,0.15586138,1.0222057,0.0,0.095015466,0.0,0.0,6.5668423e-06,-27.61068,2.2488976,0.74963254,0.136,0.0,0.12820363,12.160089,12.180089,1955200
hardzero_plus_depr__c0p50__z1p00__lam0p020__nu0p50__psi0p75,hardzero_plus_depr,0.06,39,611,0.0,2,0.15586138,0.15586138,1.0270149,0.0,0.09396913,0.0,0.0,6.469073e-06,-26.753744,2.2594779,0.7531593,0.22,0.0,0.13680346,12.180089,12.200089,1958400
hardzero_plus_depr__c0p50__z1p00__lam0p020__nu0p50__psi0p75,hardzero_plus_depr,0.06,39,612,0.0,2,0.15586138,0.15586138,1.0119932,0.0,0.097276255,0.0,0.0,6.372759e-06,-27.078014,2.2264295,0.74214315,0.208,0.0,0.14873667,12.200089,12.22009,1961600
hardzero_plus_depr__c0p50__z1p00__lam0p020__nu0p50__psi0p75,hardzero_plus_depr,0.06,39,613,0.0,2,0.15586138,0.15586205,0.97537607,0.105833694,0.105833694,1.0,6.644111e-07,6.277879e-06,-26.744062,2.1458702,0.71529007,0.14400001,0.0,0.14653447,12.22009,12.24009,1964800
hardzero_plus_depr__c0p50__z1p00__lam0p020__nu0p50__psi0p75,hardzero_plus_depr,0.06,39,614,0.0,2,0.15586205,0.15586205,1.0553803,0.0,0.08802776,0.0,0.0,6.184411e-06,-27.954414,2.3218832,0.77396107,0.208,0.0,0.16417488,12.24009,12.260091,1968000
hardzero_plus_depr__c0p50__z1p00__lam0p020__nu0p50__psi0p75,hardzero_plus_depr,0.06,39,615,0.0,2,0.15586205,0.15586205,1.032185,0.0,0.09285708,0.0,0.0,6.0923353e-06,-27.093752,2.2708523,0.7569508,0.14400001,0.0,0.14973697,12.260091,12.280091,1971200
hardzero_plus_depr__c0p50__z1p00__lam0p020__nu0p50__psi0p75,hardzero_plus_depr,0.06,39,616,0.0,2,0.15586205,0.15586205,1.0451545,0.0,0.090125054,0.0,0.0,6.0016305e-06,-27.34578,2.2993858,0.76646197,0.208,0.0,0.13959868,12.280091,12.300092,1974400
hardzero_plus_depr__c0p50__z1p00__lam0p020__nu0p50__psi0p75,hardzero_plus_depr,0.06,39,617,0.0,2,0.15586205,0.15586267,0.97744185,0.10533147,0.10533147,1.0,6.227487e-07,5.9122754e-06,-26.77304,2.150415,0.716805,0.192,0.0,0.12840655,12.300092,12.320092,1977600
hardzero_plus_depr__c0p50__z1p00__lam0p020__nu0p50__psi0p75,hardzero_plus_depr,0.06,39,618,0.0,2,0.15586267,0.15586329,0.98152685,0.10434536,0.10434536,1.0,6.0773357e-07,5.8242513e-06,-25.378534,2.1594021,0.7198007,0.18400002,0.0,0.13367735,12.320092,12.340093,1980800
hardzero_plus_depr__c0p50__z1p00__lam0p020__nu0p50__psi0p75,hardzero_plus_depr,0.06,39,619,0.0,2,0.15586329,0.15586329,1.0043079,0.0,0.099012986,0.0,0.0,5.7375373e-06,-26.585304,2.2095215,0.7365072,0.16800001,0.0,0.15261526,12.340093,12.360093,1984000
hardzero_plus_depr__c0p50__z1p00__lam0p020__nu0p50__psi0p75,hardzero_plus_depr,0.06,39,620,0.0,2,0.15586329,0.15586385,0.9967827,0.100743555,0.100743555,1.0,5.694141e-07,5.6521144e-06,-27.480587,2.1929657,0.7309886,0.128,0.0,0.14345063,12.360093,12.380094,1987200
hardzero_plus_depr__c0p50__z1p00__lam0p020__nu0p50__psi0p75,hardzero_plus_depr,0.06,39,621,0.0,2,0.15586385,0.15586442,0.9906805,0.10216907,0.10216907,1.0,5.6887365e-07,5.567964e-06,-26.2662,2.1795406,0.72651356,0.224,0.0,0.13198416,12.380094,12.400094,1990400
hardzero_plus_depr__c0p50__z1p00__lam0p020__nu0p50__psi0p75,hardzero_plus_depr,0.06,39,622,0.0,2,0.15586442,0.15586497,0.99580294,0.10097109,0.10097109,1.0,5.5383305e-07,5.4850657e-06,-26.7874,2.1908102,0.7302701,0.16800001,0.0,0.13555281,12.400094,12.4200945,1993600
hardzero_plus_depr__c0p50__z1p00__lam0p020__nu0p50__psi0p75,hardzero_plus_depr,0.06,39,623,0.0,2,0.15586497,0.15586497,1.0459456,0.0,0.08996102,0.0,0.0,5.403402e-06,-28.003645,2.3011265,0.76704216,0.16800001,0.0,0.1439598,12.4200945,12.440095,1996800
hardzero_plus_depr__c0p50__z1p00__lam0p020__nu0p50__psi0p75,hardzero_plus_depr,0.06,39,624,0.0,2,0.15586497,0.15586497,1.0252581,0.0,0.09435,0.0,0.0,5.322954e-06,-27.567139,2.2556129,0.751871,0.16,0.0,0.15038034,12.440095,12.460095,2000000
hardzero_plus_depr__c0p50__z1p00__lam0p020__nu0p50__psi0p75,hardzero_plus_depr,0.06,39,625,0.0,2,0.15586497,0.1558655,0.9862012,0.10322829,0.10322829,1.0,5.4129856e-07,5.2437035e-06,-27.16979,2.169686,0.7232287,0.224,0.0,0.13552704,12.460095,12.480096,2003200
hardzero_plus_depr__c0p50__z1p00__lam0p020__nu0p50__psi0p75,hardzero_plus_depr,0.06,39,626,0.0,2,0.1558655,0.1558655,1.072018,0.0,0.08471921,0.0,0.0,5.1656334e-06,-28.30232,2.3584867,0.78616226,0.15200001,0.0,0.18476617,12.480096,12.500096,2006400
hardzero_plus_depr__c0p50__z1p00__lam0p020__nu0p50__psi0p75,hardzero_plus_depr,0.06,39,627,0.0,2,0.1558655,0.1558655,1.0318058,0.0,0.09293819,0.0,0.0,5.0887247e-06,-27.150106,2.2700179,0.7566726,0.192,0.0,0.18580419,12.500096,12.520097,2009600
hardzero_plus_depr__c0p50__z1p00__lam0p020__nu0p50__psi0p75,hardzero_plus_depr,0.06,39,628,0.0,2,0.1558655,0.1558655,1.0228491,0.0,0.0948748,0.0,0.0,5.0129624e-06,-27.860296,2.250313,0.75010437,0.23200001,0.0,0.14816938,12.520097,12.540097,2012800
hardzero_plus_depr__c0p50__z1p00__lam0p020__nu0p50__psi0p75,hardzero_plus_depr,0.06,39,629,0.0,2,0.1558655,0.1558655,1.0012525,0.0,0.099712,0.0,0.0,4.9383275e-06,-26.445469,2.2027996,0.7342665,0.136,0.0,0.13881075,12.540097,12.560098,2016000
hardzero_plus_depr__c0p50__z1p00__lam0p020__nu0p50__psi0p75,hardzero_plus_depr,0.06,39,630,0.0,2,0.1558655,0.1558655,1.0587085,0.0,0.08735573,0.0,0.0,4.864803e-06,-27.345411,2.3292053,0.77640176,0.15200001,0.0,0.14910236,12.560098,12.580098,2019200
hardzero_plus_depr__c0p50__z1p00__lam0p020__nu0p50__psi0p75,hardzero_plus_depr,0.06,39,631,0.0,2,0.1558655,0.1558655,1.009333,0.0,0.09787391,0.0,0.0,4.7923745e-06,-27.088829,2.220577,0.74019235,0.16800001,0.0,0.14774595,12.580098,12.600099,2022400
hardzero_plus_depr__c0p50__z1p00__lam0p020__nu0p50__psi0p75,hardzero_plus_depr,0.06,39,632,0.0,2,0.1558655,0.1558655,1.0031799,0.0,0.09927046,0.0,0.0,4.7210237e-06,-25.91341,2.2070398,0.73568,0.16000001,0.0,0.14078203,12.600099,12.620099,2025600
hardzero_plus_depr__c0p50__z1p00__lam0p020__nu0p50__psi0p75,hardzero_plus_depr,0.06,39,633,0.0,2,0.1558655,0.1558655,1.0203081,0.0,0.095431514,0.0,0.0,4.6507353e-06,-27.186388,2.2447228,0.74824095,0.128,0.0,0.14541526,12.620099,12.6401,2028800
hardzero_plus_depr__c0p50__z1p00__lam0p020__nu0p50__psi0p75,hardzero_plus_depr,0.06,39,634,0.0,2,0.1558655,0.1558655,1.0054655,0.0,0.098749414,0.0,0.0,4.5814927e-06,-27.199465,2.2120683,0.7373561,0.15200001,0.0,0.12928762,12.6401,12.6601,2032000
hardzero_plus_depr__c0p50__z1p00__lam0p020__nu0p50__psi0p75,hardzero_plus_depr,0.06,39,635,0.0,2,0.1558655,0.15586597,0.9860837,0.10325623,0.10325623,1.0,4.660245e-07,4.513282e-06,-26.108746,2.1694274,0.7231425,0.16000001,0.0,0.14830837,12.6601,12.6801,2035200
hardzero_plus_depr__c0p50__z1p00__lam0p020__nu0p50__psi0p75,hardzero_plus_depr,0.06,39,636,0.0,2,0.15586597,0.15586641,0.99798,0.100466214,0.100466214,1.0,4.466815e-07,4.4460867e-06,-27.021164,2.1955998,0.7318666,0.17600001,0.0,0.16440491,12.6801,12.700101,2038400
hardzero_plus_depr__c0p50__z1p00__lam0p020__nu0p50__psi0p75,hardzero_plus_depr,0.06,39,637,0.0,2,0.15586641,0.15586641,1.028148,0.0,0.09372423,0.0,0.0,4.3798914e-06,-26.886522,2.261971,0.75399035,0.14999999,0.0,0.14751327,12.700101,12.720101,2041600
hardzero_plus_depr__c0p50__z1p00__lam0p020__nu0p50__psi0p75,hardzero_plus_depr,0.06,39,638,0.0,2,0.15586641,0.15586686,0.99036485,0.10224337,0.10224337,1.0,4.4114762e-07,4.314682e-06,-27.055084,2.1788461,0.72628206,0.216,0.0,0.16783029,12.720101,12.740102,2044800
hardzero_plus_depr__c0p50__z1p00__lam0p020__nu0p50__psi0p75,hardzero_plus_depr,0.06,39,639,0.0,2,0.15586686,0.15586732,0.9666733,0.10797587,0.10797587,1.0,4.589453e-07,4.250443e-06,-26.399832,2.1267238,0.70890796,0.192,0.0,0.13751203,12.740102,12.760102,2048000
hardzero_plus_depr__c0p50__z1p00__lam0p020__nu0p50__psi0p75,hardzero_plus_depr,0.06,39,640,0.0,2,0.15586732,0.1558678,0.9405094,0.11468077,0.11468077,1.0,4.801868e-07,4.187161e-06,-25.45461,2.069162,0.68972063,0.17600001,0.0,0.11834803,12.760102,12.780103,2051200
hardzero_plus_depr__c0p50__z1p00__lam0p020__nu0p50__psi0p75,hardzero_plus_depr,0.06,39,641,0.0,2,0.1558678,0.1558678,1.016308,0.0,0.09631457,0.0,0.0,4.1248204e-06,-27.804628,2.235922,0.7453074,0.16000001,0.0,0.14518028,12.780103,12.800103,2054400
hardzero_plus_depr__c0p50__z1p00__lam0p020__nu0p50__psi0p75,hardzero_plus_depr,0.06,39,642,0.0,2,0.1558678,0.1558678,1.0187186,0.0,0.09578146,0.0,0.0,4.0634086e-06,-26.959911,2.2412257,0.74707526,0.15200001,0.0,0.12277754,12.800103,12.820104,2057600
hardzero_plus_depr__c0p50__z1p00__lam0p020__nu0p50__psi0p75,hardzero_plus_depr,0.06,39,643,0.0,2,0.1558678,0.1558678,1.0431494,0.0,0.090542115,0.0,0.0,4.0029113e-06,-28.075802,2.2949743,0.76499146,0.18400002,0.0,0.13830195,12.820104,12.840104,2060800
hardzero_plus_depr__c0p50__z1p00__lam0p020__nu0p50__psi0p75,hardzero_plus_depr,0.06,39,644,0.0,2,0.1558678,0.1558683,0.88830763,0.12932792,0.12932792,1.0,5.099806e-07,3.943314e-06,-24.89751,1.9543158,0.6514386,0.208,0.0,0.12409874,12.840104,12.860105,2064000
hardzero_plus_depr__c0p50__z1p00__lam0p020__nu0p50__psi0p75,hardzero_plus_depr,0.06,39,645,0.0,2,0.1558683,0.1558683,1.0009574,0.0,0.09977979,0.0,0.0,3.8846047e-06,-27.5632,2.20215,0.73405004,0.2,0.0,0.18475072,12.860105,12.880105,2067200
hardzero_plus_depr__c0p50__z1p00__lam0p020__nu0p50__psi0p75,hardzero_plus_depr,0.06,39,646,0.0,2,0.1558683,0.1558683,1.0641456,0.0,0.08626894,0.0,0.0,3.826769e-06,-27.643206,2.341167,0.780389,0.192,0.0,0.16545418,12.880105,12.900105,2070400
hardzero_plus_depr__c0p50__z1p00__lam0p020__nu0p50__psi0p75,hardzero_plus_depr,0.06,39,647,0.0,2,0.1558683,0.1558683,1.0139556,0.0,0.09683768,0.0,0.0,3.7697944e-06,-26.796124,2.2307467,0.74358225,0.120000005,0.0,0.12386157,12.900105,12.920106,2073600
hardzero_plus_depr__c0p50__z1p00__lam0p020__nu0p50__psi0p75,hardzero_plus_depr,0.06,39,648,0.0,2,0.1558683,0.15586871,0.9593239,0.10981864,0.10981864,1.0,4.0782996e-07,3.713668e-06,-25.636349,2.1105547,0.7035183,0.16800001,0.0,0.11482877,12.920106,12.940106,2076800
hardzero_plus_depr__c0p50__z1p00__lam0p020__nu0p50__psi0p75,hardzero_plus_depr,0.06,39,649,0.0,2,0.15586871,0.15586871,1.0594261,0.0,0.08721153,0.0,0.0,3.6583779e-06,-27.585743,2.3307838,0.77692795,0.16000001,0.0,0.1453167,12.940106,12.960107,2080000
hardzero_plus_depr__c0p50__z1p00__lam0p020__nu0p50__psi0p75,hardzero_plus_depr,0.06,39,650,0.0,2,0.15586871,0.15586871,1.0064414,0.0,0.09852776,0.0,0.0,3.60391e-06,-27.291883,2.2142153,0.7380718,0.17999999,0.0,0.12316254,12.960107,12.980107,2083200
hardzero_plus_depr__c0p50__z1p00__lam0p020__nu0p50__psi0p75,hardzero_plus_depr,0.06,39,651,0.0,2,0.15586871,0.15586871,1.0120816,0.0,0.097256444,0.0,0.0,3.550254e-06,-26.859814,2.226624,0.742208,0.18400002,0.0,0.16679661,12.980107,13.000108,2086400
hardzero_plus_depr__c0p50__z1p00__lam0p020__nu0p50__psi0p75,hardzero_plus_depr,0.06,39,652,0.0,2,0.15586871,0.15586871,1.0283885,0.0,0.09367236,0.0,0.0,3.4973964e-06,-28.177027,2.2624998,0.7541666,0.136,0.0,0.11865321,13.000108,13.020108,2089600
hardzero_plus_depr__c0p50__z1p00__lam0p020__nu0p50__psi0p75,hardzero_plus_depr,0.06,39,653,0.0,2,0.15586871,0.15586907,0.982342,0.104149684,0.104149684,1.0,3.588296e-07,3.4453258e-06,-26.234676,2.1611955,0.72039855,0.17600001,0.0,0.16613424,13.020108,13.040109,2092800
hardzero_plus_depr__c0p50__z1p00__lam0p020__nu0p50__psi0p75,hardzero_plus_depr,0.06,39,654,0.0,2,0.15586907,0.15586907,1.0689243,0.0,0.08532488,0.0,0.0,3.3940305e-06,-28.124792,2.3516805,0.7838935,0.112,0.0,0.14063843,13.040109,13.060109,2096000
hardzero_plus_depr__c0p50__z1p00__lam0p020__nu0p50__psi0p75,hardzero_plus_depr,0.06,39,655,0.0,2,0.15586907,0.15586907,1.0587167,0.0,0.08735411,0.0,0.0,3.3434985e-06,-29.465712,2.3292232,0.7764077,0.16800001,0.0,0.20194972,13.060109,13.08011,2099200
hardzero_plus_depr__c0p50__z1p00__lam0p020__nu0p50__psi0p75,hardzero_plus_depr,0.06,39,656,0.0,2,0.15586907,0.15586907,1.0086983,0.0,0.09801706,0.0,0.0,3.2937191e-06,-27.519249,2.2191806,0.7397269,0.17600001,0.0,0.13440573,13.08011,13.10011,2102400
hardzero_plus_depr__c0p50__z1p00__lam0p020__nu0p50__psi0p75,hardzero_plus_depr,0.06,39,657,0.0,2,0.15586907,0.15586907,1.0425403,0.0,0.090669185,0.0,0.0,3.244681e-06,-27.890541,2.2936344,0.76454484,0.096,0.0,0.14526741,13.10011,13.1201105,2105600
hardzero_plus_depr__c0p50__z1p00__lam0p020__nu0p50__psi0p75,hardzero_plus_depr,0.06,39,658,0.0,2,0.15586907,0.15586907,1.0325459,0.0,0.09277994,0.0,0.0,3.196373e-06,-28.026623,2.2716465,0.7572155,0.112,0.0,0.15934847,13.1201105,13.140111,2108800
hardzero_plus_depr__c0p50__z1p00__lam0p020__nu0p50__psi0p75,hardzero_plus_depr,0.06,39,659,0.0,2,0.15586907,0.15586907,1.0430738,0.0,0.09055788,0.0,0.0,3.1487841e-06,-27.815315,2.2948081,0.7649361,0.208,0.0,0.14596742,13.140111,13.160111,2112000
hardzero_plus_depr__c0p50__z1p00__lam0p020__nu0p50__psi0p75,hardzero_plus_depr,0.06,39,660,0.0,2,0.15586907,0.1558694,0.97994536,0.10472604,0.10472604,1.0,3.248501e-07,3.1019038e-06,-25.59887,2.155923,0.718641,0.16000001,0.0,0.13749796,13.160111,13.180112,2115200
hardzero_plus_depr__c0p50__z1p00__lam0p020__nu0p50__psi0p75,hardzero_plus_depr,0.06,39,661,0.0,2,0.1558694,0.1558694,1.0690044,0.0,0.08530914,0.0,0.0,3.0557212e-06,-28.694345,2.3518567,0.78395224,0.136,0.0,0.18620646,13.180112,13.200112,2118400
hardzero_plus_depr__c0p50__z1p00__lam0p020__nu0p50__psi0p75,hardzero_plus_depr,0.06,39,662,0.0,2,0.1558694,0.1558694,1.0232724,0.0,0.09478237,0.0,0.0,3.0102267e-06,-26.71043,2.2512443,0.7504148,0.104,0.0,0.14906962,13.200112,13.220113,2121600
hardzero_plus_depr__c0p50__z1p00__lam0p020__nu0p50__psi0p75,hardzero_plus_depr,0.06,39,663,0.0,2,0.1558694,0.15586971,0.9745346,0.106038965,0.106038965,1.0,3.1444893e-07,2.9654093e-06,-26.100712,2.144019,0.714673,0.26,0.0,0.14124843,13.220113,13.240113,2124800
hardzero_plus_depr__c0p50__z1p00__lam0p020__nu0p50__psi0p75,hardzero_plus_depr,0.06,39,664,0.0,2,0.15586971,0.15587002,0.9603158,0.10956812,0.10956812,1.0,3.2007685e-07,2.921259e-06,-26.56031,2.112737,0.7042457,0.24800001,0.0,0.13288246,13.240113,13.260114,2128000
hardzero_plus_depr__c0p50__z1p00__lam0p020__nu0p50__psi0p75,hardzero_plus_depr,0.06,39,665,0.0,2,0.15587002,0.15587002,1.0495267,0.0,0.089222275,0.0,0.0,2.877766e-06,-27.678234,2.3090048,0.7696683,0.136,0.0,0.14693432,13.260114,13.280114,2131200
hardzero_plus_depr__c0p50__z1p00__lam0p020__nu0p50__psi0p75,hardzero_plus_depr,0.06,39,666,0.0,2,0.15587002,0.15587002,1.0252335,0.0,0.09435533,0.0,0.0,2.8349207e-06,-27.867126,2.2555587,0.7518529,0.18400002,0.0,0.15355477,13.280114,13.300115,2134400
hardzero_plus_depr__c0p50__z1p00__lam0p020__nu0p50__psi0p75,hardzero_plus_depr,0.06,39,667,0.0,2,0.15587002,0.15587002,1.0287951,0.0,0.093584694,0.0,0.0,2.7927133e-06,-27.593174,2.2633946,0.75446486,0.080000006,0.0,0.1525543,13.300115,13.320115,2137600
hardzero_plus_depr__c0p50__z1p00__lam0p020__nu0p50__psi0p75,hardzero_plus_depr,0.06,39,668,0.0,2,0.15587002,0.15587002,1.0254737,0.0,0.09430315,0.0,0.0,2.7511344e-06,-27.491083,2.2560873,0.7520291,0.15200001,0.0,0.15355007,13.320115,13.340116,2140800
hardzero_plus_depr__c0p50__z1p00__lam0p020__nu0p50__psi0p75,hardzero_plus_depr,0.06,39,669,0.0,2,0.15587002,0.15587002,1.0558641,0.0,0.08792976,0.0,0.0,2.7101744e-06,-28.273531,2.3229475,0.77431583,0.128,0.0,0.15263928,13.340116,13.360116,2144000
hardzero_plus_depr__c0p50__z1p00__lam0p020__nu0p50__psi0p75,hardzero_plus_depr,0.06,39,670,0.0,2,0.15587002,0.15587002,1.0396792,0.0,0.09126848,0.0,0.0,2.669824e-06,-27.301815,2.28734,0.76244664,0.104,0.0,0.1484376,13.360116,13.380116,2147200
hardzero_plus_depr__c0p50__z1p00__lam0p020__nu0p50__psi0p75,hardzero_plus_depr,0.06,39,671,0.0,2,0.15587002,0.15587002,1.0315924,0.0,0.092983864,0.0,0.0,2.6300747e-06,-27.937637,2.2695484,0.75651616,0.15200001,0.0,0.17375436,13.380116,13.400117,2150400
hardzero_plus_depr__c0p50__z1p00__lam0p020__nu0p50__psi0p75,hardzero_plus_depr,0.06,39,672,0.0,2,0.15587002,0.15587002,1.0271628,0.0,0.093937114,0.0,0.0,2.5909171e-06,-26.81963,2.2598033,0.75326777,0.08800001,0.0,0.16333644,13.400117,13.420117,2153600
hardzero_plus_depr__c0p50__z1p00__lam0p020__nu0p50__psi0p75,hardzero_plus_depr,0.06,39,673,0.0,2,0.15587002,0.15587027,0.9981808,0.10041975,0.10041975,1.0,2.5630558e-07,2.5523423e-06,-27.135061,2.1960416,0.7320139,0.128,0.0,0.13859901,13.420117,13.440118,2156800
hardzero_plus_depr__c0p50__z1p00__lam0p020__nu0p50__psi0p75,hardzero_plus_depr,0.06,39,674,0.0,2,0.15587027,0.15587053,0.9978204,0.10050313,0.10050313,1.0,2.5269927e-07,2.5143422e-06,-26.718096,2.1952486,0.73174953,0.136,0.0,0.12028453,13.440118,13.460118,2160000
hardzero_plus_depr__c0p50__z1p00__lam0p020__nu0p50__psi0p75,hardzero_plus_depr,0.06,39,675,0.0,2,0.15587053,0.15587053,1.0017326,0.0,0.09960184,0.0,0.0,2.4769076e-06,-26.270504,2.2038558,0.7346186,0.18400002,0.0,0.13109756,13.460118,13.480119,2163200
hardzero_plus_depr__c0p50__z1p00__lam0p020__nu0p50__psi0p75,hardzero_plus_depr,0.06,39,676,0.0,2,0.15587053,0.15587053,1.0099034,0.0,0.09774545,0.0,0.0,2.4400304e-06,-26.284529,2.221832,0.7406107,0.19,0.0,0.12485993,13.480119,13.500119,2166400
hardzero_plus_depr__c0p50__z1p00__lam0p020__nu0p50__psi0p75,hardzero_plus_depr,0.06,39,677,0.0,2,0.15587053,0.15587053,1.0489525,0.0,0.08934033,0.0,0.0,2.4037024e-06,-27.35,2.3077414,0.7692472,0.104,0.0,0.13503405,13.500119,13.52012,2169600
hardzero_plus_depr__c0p50__z1p00__lam0p020__nu0p50__psi0p75,hardzero_plus_depr,0.06,39,678,0.0,2,0.15587053,0.15587078,0.97947073,0.10484053,0.10484053,1.0,2.4825346e-07,2.367915e-06,-26.428595,2.1548786,0.7182929,0.18400002,0.0,0.13368416,13.52012,13.54012,2172800
hardzero_plus_depr__c0p50__z1p00__lam0p020__nu0p50__psi0p75,hardzero_plus_depr,0.06,39,679,0.0,2,0.15587078,0.15587102,0.9847709,0.103568844,0.103568844,1.0,2.4159095e-07,2.3326604e-06,-25.662819,2.1665392,0.7221798,0.17600001,0.0,0.11289943,13.54012,13.560121,2176000
hardzero_plus_depr__c0p50__z1p00__lam0p020__nu0p50__psi0p75,hardzero_plus_depr,0.06,39,680,0.0,2,0.15587102,0.15587126,0.97384655,0.106207065,0.106207065,1.0,2.440565e-07,2.297931e-06,-26.38686,2.1425052,0.7141684,0.224,0.0,0.12862137,13.560121,13.580121,2179200
hardzero_plus_depr__c0p50__z1p00__lam0p020__nu0p50__psi0p75,hardzero_plus_depr,0.06,39,681,0.0,2,0.15587126,0.15587126,1.0006387,0.0,0.099853024,0.0,0.0,2.2637184e-06,-26.392586,2.2014492,0.7338164,0.192,0.0,0.14613266,13.580121,13.6001215,2182400
hardzero_plus_depr__c0p50__z1p00__lam0p020__nu0p50__psi0p75,hardzero_plus_depr,0.06,39,682,0.0,2,0.15587126,0.15587126,1.0029479,0.0,0.09932352,0.0,0.0,2.2300153e-06,-27.78088,2.2065294,0.7355098,0.17600001,0.0,0.15266636,13.6001215,13.620122,2185600
hardzero_plus_depr__c0p50__z1p00__lam0p020__nu0p50__psi0p75,hardzero_plus_depr,0.06,39,683,0.0,2,0.15587126,0.15587126,1.0198512,0.0,0.09553197,0.0,0.0,2.1968137e-06,-27.8669,2.2437174,0.74790585,0.120000005,0.0,0.1585284,13.620122,13.640122,2188800
hardzero_plus_depr__c0p50__z1p00__lam0p020__nu0p50__psi0p75,hardzero_plus_depr,0.06,39,684,0.0,2,0.15587126,0.15587126,1.0023401,0.0,0.09946262,0.0,0.0,2.164107e-06,-27.140125,2.205192,0.735064,0.192,0.0,0.15452063,13.640122,13.660123,2192000
hardzero_plus_depr__c0p50__z1p00__lam0p020__nu0p50__psi0p75,hardzero_plus_depr,0.06,39,685,0.0,2,0.15587126,0.15587126,1.0909244,0.0,0.081110224,0.0,0.0,2.1318867e-06,-28.606638,2.4000816,0.80002725,0.136,0.0,0.1529128,13.660123,13.680123,2195200
hardzero_plus_depr__c0p50__z1p00__lam0p020__nu0p50__psi0p75,hardzero_plus_depr,0.06,39,686,0.0,2,0.15587126,0.15587126,1.0311743,0.0,0.093073435,0.0,0.0,2.1001465e-06,-27.027155,2.2686288,0.7562096,0.128,0.0,0.136772,13.680123,13.700124,2198400
hardzero_plus_depr__c0p50__z1p00__lam0p020__nu0p50__psi0p75,hardzero_plus_depr,0.06,39,687,0.0,2,0.15587126,0.15587126,1.0188673,0.0,0.09574866,0.0,0.0,2.0688788e-06,-26.920769,2.2415526,0.7471842,0.2,0.0,0.14438574,13.700124,13.720124,2201600
hardzero_plus_depr__c0p50__z1p00__lam0p020__nu0p50__psi0p75,hardzero_plus_depr,0.06,39,688,0.0,2,0.15587126,0.15587126,1.0476005,0.0,0.089618884,0.0,0.0,2.0380762e-06,-27.653028,2.3047671,0.7682557,0.15200001,0.0,0.13976069,13.720124,13.740125,2204800
hardzero_plus_depr__c0p50__z1p00__lam0p020__nu0p50__psi0p75,hardzero_plus_depr,0.06,39,689,0.0,2,0.15587126,0.15587148,0.9574815,0.11028552,0.11028552,1.0,2.2142383e-07,2.0077325e-06,-26.178528,2.1065013,0.70216715,0.21,0.0,0.121648565,13.740125,13.760125,2208000
hardzero_plus_depr__c0p50__z1p00__lam0p020__nu0p50__psi0p75,hardzero_plus_depr,0.06,39,690,0.0,2,0.15587148,0.15587148,1.0193148,0.0,0.095650055,0.0,0.0,1.9778408e-06,-26.89659,2.2425373,0.74751246,0.16000001,0.0,0.16402277,13.760125,13.780126,2211200
hardzero_plus_depr__c0p50__z1p00__lam0p020__nu0p50__psi0p75,hardzero_plus_depr,0.06,39,691,0.0,2,0.15587148,0.15587148,1.0474802,0.0,0.089643694,0.0,0.0,1.948394e-06,-27.466162,2.3045025,0.7681675,0.104,0.0,0.13454674,13.780126,13.800126,2214400
hardzero_plus_depr__c0p50__z1p00__lam0p020__nu0p50__psi0p75,hardzero_plus_depr,0.06,39,692,0.0,2,0.15587148,0.15587148,1.0816436,0.0,0.08286218,0.0,0.0,1.9193856e-06,-28.0923,2.3796635,0.7932212,0.16800001,0.0,0.16749406,13.800126,13.820127,2217600
hardzero_plus_depr__c0p50__z1p00__lam0p020__nu0p50__psi0p75,hardzero_plus_depr,0.06,39,693,0.0,2,0.15587148,0.15587169,0.9629005,0.108917944,0.108917944,1.0,2.05943e-07,1.8908087e-06,-26.283302,2.1184235,0.7061412,0.15200001,0.0,0.12313984,13.820127,13.840127,2220800
hardzero_plus_depr__c0p50__z1p00__lam0p020__nu0p50__psi0p75,hardzero_plus_depr,0.06,39,694,0.0,2,0.15587169,0.15587169,1.0091896,0.0,0.09790623,0.0,0.0,1.8626577e-06,-27.337902,2.2202616,0.7400872,0.14400001,0.0,0.116416536,13.840127,13.860127,2224000
hardzero_plus_depr__c0p50__z1p00__lam0p020__nu0p50__psi0p75,hardzero_plus_depr,0.06,39,695,0.0,2,0.15587169,0.15587169,1.0276955,0.0,0.09382196,0.0,0.0,1.8349258e-06,-26.653542,2.2609754,0.7536585,0.120000005,0.0,0.13570145,13.860127,13.880128,2227200
hardzero_plus_depr__c0p50__z1p00__lam0p020__nu0p50__psi0p75,hardzero_plus_depr,0.06,39,696,0.0,2,0.15587169,0.15587169,1.0395992,0.0,0.09128528,0.0,0.0,1.8076066e-06,-27.821222,2.287164,0.762388,0.120000005,0.0,0.18325786,13.880128,13.900128,2230400
hardzero_plus_depr__c0p50__z1p00__lam0p020__nu0p50__psi0p75,hardzero_plus_depr,0.06,39,697,0.0,2,0.15587169,0.15587169,1.0341576,0.0,0.09243625,0.0,0.0,1.7806942e-06,-27.448444,2.2751923,0.75839746,0.112,0.0,0.1718573,13.900128,13.920129,2233600
hardzero_plus_depr__c0p50__z1p00__lam0p020__nu0p50__psi0p75,hardzero_plus_depr,0.06,39,698,0.0,2,0.15587169,0.15587169,1.0328189,0.0,0.092721626,0.0,0.0,1.7541827e-06,-26.81388,2.272247,0.7574157,0.096,0.0,0.13972582,13.920129,13.940129,2236800
hardzero_plus_depr__c0p50__z1p00__lam0p020__nu0p50__psi0p75,hardzero_plus_depr,0.06,39,699,0.0,2,0.15587169,0.15587169,1.0468884,0.0,0.08976594,0.0,0.0,1.7280657e-06,-27.43548,2.3032005,0.7677335,0.14400001,0.0,0.13743876,13.940129,13.96013,2240000
hardzero_plus_depr__c0p50__z1p00__lam0p020__nu0p50__psi0p75,hardzero_plus_depr,0.06,39,700,0.0,2,0.15587169,0.15587169,1.0697663,0.0,0.085159615,0.0,0.0,1.7023374e-06,-27.877712,2.3535328,0.78451097,0.16000001,0.0,0.15314469,13.96013,13.98013,2243200
hardzero_plus_depr__c0p50__z1p00__lam0p020__nu0p50__psi0p75,hardzero_plus_depr,0.06,39,701,0.0,2,0.15587169,0.15587187,0.9727949,0.106464565,0.106464565,1.0,1.7854025e-07,1.6769923e-06,-26.303694,2.1401916,0.7133972,0.16800001,0.0,0.12264316,13.98013,14.000131,2246400
hardzero_plus_depr__c0p50__z1p00__lam0p020__nu0p50__psi0p75,hardzero_plus_depr,0.06,39,702,0.0,2,0.15587187,0.15587187,1.0033773,0.0,0.099225365,0.0,0.0,1.6520246e-06,-27.807499,2.2074742,0.73582476,0.17999999,0.0,0.15527214,14.000131,14.020131,2249600
hardzero_plus_depr__c0p50__z1p00__lam0p020__nu0p50__psi0p75,hardzero_plus_depr,0.06,39,703,0.0,2,0.15587187,0.15587187,1.0176092,0.0,0.096026435,0.0,0.0,1.6274288e-06,-27.190653,2.238785,0.7462617,0.112,0.0,0.14789803,14.020131,14.040132,2252800
hardzero_plus_depr__c0p50__z1p00__lam0p020__nu0p50__psi0p75,hardzero_plus_depr,0.06,39,704,0.0,2,0.15587187,0.15587187,1.0073179,0.0,0.09832912,0.0,0.0,1.6031989e-06,-26.706507,2.2161436,0.7387146,0.17600001,0.0,0.143898,14.040132,14.060132,2256000
hardzero_plus_depr__c0p50__z1p00__lam0p020__nu0p50__psi0p75,hardzero_plus_depr,0.06,39,705,0.0,2,0.15587187,0.15587187,1.0367886,0.0,0.09187797,0.0,0.0,1.5793297e-06,-26.882029,2.2809803,0.7603268,0.18400002,0.0,0.1447167,14.060132,14.0801325,2259200
hardzero_plus_depr__c0p50__z1p00__lam0p020__nu0p50__psi0p75,hardzero_plus_depr,0.06,39,706,0.0,2,0.15587187,0.15587187,1.0606976,0.0,0.086956576,0.0,0.0,1.5558161e-06,-28.211544,2.3335812,0.7778604,0.15200001,0.0,0.16009745,14.0801325,14.100133,2262400
hardzero_plus_depr__c0p50__z1p00__lam0p020__nu0p50__psi0p75,hardzero_plus_depr,0.06,39,707,0.0,2,0.15587187,0.15587203,0.98321027,0.10394168,0.10394168,1.0,1.5930648e-07,1.5326526e-06,-26.197033,2.1631057,0.72103524,0.128,0.0,0.12776801,14.100133,14.120133,2265600
hardzero_plus_depr__c0p50__z1p00__lam0p020__nu0p50__psi0p75,hardzero_plus_depr,0.06,39,708,0.0,2,0.15587203,0.15587203,1.0317343,0.0,0.09295348,0.0,0.0,1.5098339e-06,-26.968807,2.269861,0.75662035,0.17600001,0.0,0.1673137,14.120133,14.140134,2268800
hardzero_plus_depr__c0p50__z1p00__lam0p020__nu0p50__psi0p75,hardzero_plus_depr,0.06,39,709,0.0,2,0.15587203,0.15587203,1.0022024,0.0,0.09949416,0.0,0.0,1.4873548e-06,-26.942736,2.2048893,0.7349631,0.192,0.0,0.14847453,14.140134,14.160134,2272000
hardzero_plus_depr__c0p50__z1p00__lam0p020__nu0p50__psi0p75,hardzero_plus_depr,0.06,39,710,0.0,2,0.15587203,0.15587203,1.0112088,0.0,0.09745211,0.0,0.0,1.4652104e-06,-26.975498,2.2247038,0.74156797,0.14400001,0.0,0.14779,14.160134,14.180135,2275200
hardzero_plus_depr__c0p50__z1p00__lam0p020__nu0p50__psi0p75,hardzero_plus_depr,0.06,39,711,0.0,2,0.15587203,0.15587203,1.0478629,0.0,0.089564756,0.0,0.0,1.4433958e-06,-27.931538,2.3053443,0.7684481,0.064,0.0,0.14260833,14.180135,14.200135,2278400
hardzero_plus_depr__c0p50__z1p00__lam0p020__nu0p50__psi0p75,hardzero_plus_depr,0.06,39,712,0.0,2,0.15587203,0.15587203,1.0287645,0.0,0.0935913,0.0,0.0,1.421906e-06,-26.614859,2.2633271,0.7544424,0.224,0.0,0.13809948,14.200135,14.220136,2281600
hardzero_plus_depr__c0p50__z1p00__lam0p020__nu0p50__psi0p75,hardzero_plus_depr,0.06,39,713,0.0,2,0.15587203,0.15587203,1.0522825,0.0,0.08865793,0.0,0.0,1.4007361e-06,-27.967245,2.3150675,0.7716892,0.136,0.0,0.140142,14.220136,14.240136,2284800
hardzero_plus_depr__c0p50__z1p00__lam0p020__nu0p50__psi0p75,hardzero_plus_depr,0.06,39,714,0.0,2,0.15587203,0.15587203,1.0542622,0.0,0.0882547,0.0,0.0,1.3798814e-06,-27.705984,2.319423,0.773141,0.136,0.0,0.15659156,14.240136,14.260137,2288000
hardzero_plus_depr__c0p50__z1p00__lam0p020__nu0p50__psi0p75,hardzero_plus_depr,0.06,39,715,0.0,2,0.15587203,0.15587218,0.9735802,0.106272236,0.106272236,1.0,1.4445979e-07,1.359337e-06,-25.964098,2.1419191,0.71397305,0.22,0.0,0.1204507,14.260137,14.280137,2291200
hardzero_plus_depr__c0p50__z1p00__lam0p020__nu0p50__psi0p75,hardzero_plus_depr,0.06,39,716,0.0,2,0.15587218,0.15587233,0.9706002,0.10700396,0.10700396,1.0,1.4328886e-07,1.3390987e-06,-26.227037,2.135363,0.7117877,0.16800001,0.0,0.14314914,14.280137,14.3001375,2294400
hardzero_plus_depr__c0p50__z1p00__lam0p020__nu0p50__psi0p75,hardzero_plus_depr,0.06,39,717,0.0,2,0.15587233,0.15587233,1.0530758,0.0,0.08849612,0.0,0.0,1.3191618e-06,-27.782047,2.316813,0.77227104,0.17600001,0.0,0.1308186,14.3001375,14.320138,2297600
hardzero_plus_depr__c0p50__z1p00__lam0p020__nu0p50__psi0p75,hardzero_plus_depr,0.06,39,718,0.0,2,0.15587233,0.15587246,0.9905246,0.10220577,0.10220577,1.0,1.328186e-07,1.2995215e-06,-26.73329,2.1791975,0.7263992,0.16000001,0.0,0.12355509,14.320138,14.340138,2300800
hardzero_plus_depr__c0p50__z1p00__lam0p020__nu0p50__psi0p75,hardzero_plus_depr,0.06,39,719,0.0,2,0.15587246,0.15587246,1.026409,0.0,0.09410028,0.0,0.0,1.2801736e-06,-27.040865,2.2581449,0.752715,0.096,0.0,0.11927325,14.340138,14.360139,2304000
hardzero_plus_depr__c0p50__z1p00__lam0p020__nu0p50__psi0p75,hardzero_plus_depr,0.06,39,720,0.0,2,0.15587246,0.1558726,0.9824758,0.1041176,0.1041176,1.0,1.3130416e-07,1.261114e-06,-26.595135,2.16149,0.72049665,0.136,0.0,0.13146867,14.360139,14.380139,2307200
hardzero_plus_depr__c0p50__z1p00__lam0p020__nu0p50__psi0p75,hardzero_plus_depr,0.06,39,721,0.0,2,0.1558726,0.15587273,0.9863615,0.103190206,0.103190206,1.0,1.281971e-07,1.2423379e-06,-26.106707,2.1700387,0.72334623,0.256,0.0,0.14774722,14.380139,14.40014,2310400
hardzero_plus_depr__c0p50__z1p00__lam0p020__nu0p50__psi0p75,hardzero_plus_depr,0.06,39,722,0.0,2,0.15587273,0.15587287,0.97215015,0.10662274,0.10662274,1.0,1.3048934e-07,1.2238415e-06,-27.355165,2.138773,0.71292436,0.18400002,0.0,0.14291002,14.40014,14.42014,2313600
hardzero_plus_depr__c0p50__z1p00__lam0p020__nu0p50__psi0p75,hardzero_plus_depr,0.06,39,723,0.0,2,0.15587287,0.15587287,1.013527,0.0,0.096933275,0.0,0.0,1.2056205e-06,-27.289028,2.229804,0.743268,0.18400002,0.0,0.17863849,14.42014,14.440141,2316800
hardzero_plus_depr__c0p50__z1p00__lam0p020__nu0p50__psi0p75,hardzero_plus_depr,0.06,39,724,0.0,2,0.15587287,0.155873,0.9667001,0.10796921,0.10796921,1.0,1.2823186e-07,1.1876707e-06,-26.691088,2.1267827,0.7089276,0.2,0.0,0.154145,14.440141,14.460141,2320000
hardzero_plus_depr__c0p50__z1p00__lam0p020__nu0p50__psi0p75,hardzero_plus_depr,0.06,39,725,0.0,2,0.155873,0.15587313,0.9620106,0.10914137,0.10914137,1.0,1.2769414e-07,1.1699883e-06,-26.620682,2.1164656,0.70548856,0.2,0.0,0.13599662,14.460141,14.480142,2323200
hardzero_plus_depr__c0p50__z1p00__lam0p020__nu0p50__psi0p75,hardzero_plus_depr,0.06,39,726,0.0,2,0.15587313,0.15587313,1.0213504,0.0,0.09520279,0.0,0.0,1.152569e-06,-26.743074,2.2470157,0.74900526,0.128,0.0,0.118304245,14.480142,14.500142,2326400
hardzero_plus_depr__c0p50__z1p00__lam0p020__nu0p50__psi0p75,hardzero_plus_depr,0.06,39,727,0.0,2,0.15587313,0.15587313,1.0580049,0.0,0.0874974,0.0,0.0,1.1354092e-06,-27.56564,2.3276572,0.77588576,0.18400002,0.0,0.18484277,14.500142,14.520143,2329600
hardzero_plus_depr__c0p50__z1p00__lam0p020__nu0p50__psi0p75,hardzero_plus_depr,0.06,39,728,0.0,2,0.15587313,0.15587325,0.9978905,0.10048691,0.10048691,1.0,1.1239508e-07,1.1185047e-06,-27.092743,2.1954029,0.731801,0.11,0.0,0.14308606,14.520143,14.540143,2332800
hardzero_plus_depr__c0p50__z1p00__lam0p020__nu0p50__psi0p75,hardzero_plus_depr,0.06,39,729,0.0,2,0.15587325,0.15587325,1.0239849,0.0,0.094627,0.0,0.0,1.1018519e-06,-27.692385,2.2528117,0.7509372,0.14400001,0.0,0.12995467,14.540143,14.560143,2336000
hardzero_plus_depr__c0p50__z1p00__lam0p020__nu0p50__psi0p75,hardzero_plus_depr,0.06,39,730,0.0,2,0.15587325,0.15587325,1.0272874,0.0,0.09391017,0.0,0.0,1.0854471e-06,-27.713707,2.2600772,0.7533591,0.17600001,0.008,0.14259978,14.560143,14.580144,2339200
hardzero_plus_depr__c0p50__z1p00__lam0p020__nu0p50__psi0p75,hardzero_plus_depr,0.06,39,731,0.0,2,0.15587325,0.15587325,1.059788,0.0,0.08713888,0.0,0.0,1.0692866e-06,-28.163664,2.3315802,0.7771934,0.112,0.0,0.14234662,14.580144,14.600144,2342400
hardzero_plus_depr__c0p50__z1p00__lam0p020__nu0p50__psi0p75,hardzero_plus_depr,0.06,39,732,0.0,2,0.15587325,0.15587325,1.031595,0.0,0.09298331,0.0,0.0,1.0533666e-06,-27.897831,2.2695544,0.7565181,0.16800001,0.0,0.1822203,14.600144,14.620145,2345600
hardzero_plus_depr__c0p50__z1p00__lam0p020__nu0p50__psi0p75,hardzero_plus_depr,0.06,39,733,0.0,2,0.15587325,0.15587325,1.0087521,0.0,0.09800491,0.0,0.0,1.0376837e-06,-27.368458,2.2192988,0.7397663,0.15200001,0.0,0.12971902,14.620145,14.640145,2348800
hardzero_plus_depr__c0p50__z1p00__lam0p020__nu0p50__psi0p75,hardzero_plus_depr,0.06,39,734,0.0,2,0.15587325,0.15587325,1.0606203,0.0,0.08697204,0.0,0.0,1.0222342e-06,-26.775831,2.3334112,0.7778038,0.16000001,0.0,0.12443767,14.640145,14.660146,2352000
hardzero_plus_depr__c0p50__z1p00__lam0p020__nu0p50__psi0p75,hardzero_plus_depr,0.06,39,735,0.0,2,0.15587325,0.15587325,1.0495473,0.0,0.08921804,0.0,0.0,1.0070147e-06,-27.27272,2.30905,0.76968336,0.15200001,0.0,0.14113286,14.660146,14.680146,2355200
hardzero_plus_depr__c0p50__z1p00__lam0p020__nu0p50__psi0p75,hardzero_plus_depr,0.06,39,736,0.0,2,0.15587325,0.15587336,0.9867485,0.10309828,0.10309828,1.0,1.0227576e-07,9.92022e-07,-26.261126,2.17089,0.7236301,0.16800001,0.0,0.13460425,14.680146,14.700147,2358400
hardzero_plus_depr__c0p50__z1p00__lam0p020__nu0p50__psi0p75,hardzero_plus_depr,0.06,39,737,0.0,2,0.15587336,0.15587346,0.9970753,0.1006757,0.1006757,1.0,9.838556e-08,9.772523e-07,-26.465172,2.1936095,0.7312032,0.136,0.0,0.15128343,14.700147,14.720147,2361600
hardzero_plus_depr__c0p50__z1p00__lam0p020__nu0p50__psi0p75,hardzero_plus_depr,0.06,39,738,0.0,2,0.15587346,0.15587357,0.9826903,0.10406621,0.10406621,1.0,1.0018481e-07,9.627026e-07,-27.152111,2.1619618,0.72065395,0.15200001,0.0,0.14835228,14.720147,14.740148,2364800
hardzero_plus_depr__c0p50__z1p00__lam0p020__nu0p50__psi0p75,hardzero_plus_depr,0.06,39,739,0.0,2,0.15587357,0.15587357,1.051419,0.0,0.08883435,0.0,0.0,9.483694e-07,-27.983517,2.313168,0.77105606,0.120000005,0.0,0.15034553,14.740148,14.760148,2368000
hardzero_plus_depr__c0p50__z1p00__lam0p020__nu0p50__psi0p75,hardzero_plus_depr,0.06,39,740,0.0,2,0.15587357,0.15587357,1.0710233,0.0,0.08491348,0.0,0.0,9.3424984e-07,-27.87565,2.3562984,0.7854328,0.18400002,0.0,0.16594514,14.760148,14.7801485,2371200
hardzero_plus_depr__c0p50__z1p00__lam0p020__nu0p50__psi0p75,hardzero_plus_depr,0.06,39,741,0.0,2,0.15587357,0.15587366,0.98515797,0.10347658,0.10347658,1.0,9.523367e-08,9.2034037e-07,-26.930492,2.1673908,0.7224636,0.14999999,0.0,0.13350105,14.7801485,14.800149,2374400
hardzero_plus_depr__c0p50__z1p00__lam0p020__nu0p50__psi0p75,hardzero_plus_depr,0.06,39,742,0.0,2,0.15587366,0.15587376,0.94245166,0.11416904,0.11416904,1.0,1.03509976e-07,9.0663787e-07,-26.447231,2.073435,0.69114506,0.16800001,0.0,0.12185046,14.800149,14.820149,2377600
hardzero_plus_depr__c0p50__z1p00__lam0p020__nu0p50__psi0p75,hardzero_plus_depr,0.06,39,743,0.0,2,0.15587376,0.15587385,0.97236395,0.106570266,0.106570266,1.0,9.518211e-08,8.9313943e-07,-26.311974,2.1392434,0.7130811,0.224,0.008,0.13917895,14.820149,14.84015,2380800
hardzero_plus_depr__c0p50__z1p00__lam0p020__nu0p50__psi0p75,hardzero_plus_depr,0.06,39,744,0.0,2,0.15587385,0.15587394,0.9619897,0.10914663,0.10914663,1.0,9.6031805e-08,8.798421e-07,-25.93597,2.1164196,0.7054732,0.272,0.008,0.1178031,14.84015,14.86015,2384000
hardzero_plus_depr__c0p50__z1p00__lam0p020__nu0p50__psi0p75,hardzero_plus_depr,0.06,39,745,0.0,2,0.15587394,0.15587394,1.0081787,0.0,0.09813439,0.0,0.0,8.6674265e-07,-26.634846,2.2180374,0.7393458,0.17600001,0.0,0.1324748,14.86015,14.880151,2387200
hardzero_plus_depr__c0p50__z1p00__lam0p020__nu0p50__psi0p75,hardzero_plus_depr,0.06,39,746,0.0,2,0.15587394,0.15587394,1.0524087,0.0,0.08863214,0.0,0.0,8.538383e-07,-28.418737,2.3153453,0.7717818,0.112,0.0,0.15530458,14.880151,14.900151,2390400
hardzero_plus_depr__c0p50__z1p00__lam0p020__nu0p50__psi0p75,hardzero_plus_depr,0.06,39,747,0.0,2,0.15587394,0.15587403,0.984125,0.10372297,0.10372297,1.0,8.7244075e-08,8.4112594e-07,-25.811071,2.1651182,0.7217061,0.192,0.0,0.14794157,14.900151,14.920152,2393600
hardzero_plus_depr__c0p50__z1p00__lam0p020__nu0p50__psi0p75,hardzero_plus_depr,0.06,39,748,0.0,2,0.15587403,0.15587403,1.0327754,0.0,0.09273093,0.0,0.0,8.286029e-07,-27.931469,2.2721512,0.75738376,0.14400001,0.0,0.14402604,14.920152,14.940152,2396800
hardzero_plus_depr__c0p50__z1p00__lam0p020__nu0p50__psi0p75,hardzero_plus_depr,0.06,39,749,0.0,2,0.15587403,0.15587403,1.00576,0.0,0.09868248,0.0,0.0,8.162664e-07,-27.194536,2.212716,0.7375721,0.18400002,0.0,0.16654631,14.940152,14.960153,2400000
hardzero_plus_depr__c0p50__z1p00__lam0p020__nu0p50__psi0p75,hardzero_plus_depr,0.06,39,750,0.0,2,0.15587403,0.15587403,1.0206041,0.0,0.095366515,0.0,0.0,8.041135e-07,-27.5044,2.245374,0.748458,0.104,0.0,0.143886,14.960153,14.980153,2403200
hardzero_plus_depr__c0p50__z1p00__lam0p020__nu0p50__psi0p75,hardzero_plus_depr,0.06,39,751,0.0,2,0.15587403,0.1558741,0.99157035,0.101959944,0.101959944,1.0,8.076671e-08,7.921416e-07,-26.888361,2.1814983,0.7271661,0.216,0.0,0.13668561,14.980153,15.000154,2406400
hardzero_plus_depr__c0p50__z1p00__lam0p020__nu0p50__psi0p75,hardzero_plus_depr,0.06,39,752,0.0,2,0.1558741,0.1558742,0.93081653,0.117269054,0.117269054,1.0,9.151064e-08,7.8034776e-07,-26.37567,2.0478373,0.6826124,0.208,0.0,0.1459567,15.000154,15.020154,2409600
hardzero_plus_depr__c0p50__z1p00__lam0p020__nu0p50__psi0p75,hardzero_plus_depr,0.06,39,753,0.0,2,0.1558742,0.15587427,0.98898625,0.10256844,0.10256844,1.0,7.88474e-08,7.6872965e-07,-26.380392,2.1758132,0.7252711,0.192,0.0,0.121379204,15.020154,15.040154,2412800
hardzero_plus_depr__c0p50__z1p00__lam0p020__nu0p50__psi0p75,hardzero_plus_depr,0.06,39,754,0.0,2,0.15587427,0.15587427,1.0660942,0.0,0.08588273,0.0,0.0,7.572845e-07,-28.190239,2.345454,0.78181803,0.14,0.0,0.1550853,15.040154,15.060155,2416000
hardzero_plus_depr__c0p50__z1p00__lam0p020__nu0p50__psi0p75,hardzero_plus_depr,0.06,39,755,0.0,2,0.15587427,0.15587427,1.0337266,0.0,0.09252804,0.0,0.0,7.4600973e-07,-27.652582,2.2742438,0.7580813,0.16800001,0.0,0.15837286,15.060155,15.080155,2419200
hardzero_plus_depr__c0p50__z1p00__lam0p020__nu0p50__psi0p75,hardzero_plus_depr,0.06,39,756,0.0,2,0.15587427,0.15587434,0.95300883,0.111427195,0.111427195,1.0,8.188817e-08,7.3490287e-07,-26.312683,2.0966613,0.6988871,0.136,0.0,0.15114161,15.080155,15.100156,2422400
hardzero_plus_depr__c0p50__z1p00__lam0p020__nu0p50__psi0p75,hardzero_plus_depr,0.06,39,757,0.0,2,0.15587434,0.15587442,0.9847271,0.10357928,0.10357928,1.0,7.498739e-08,7.239613e-07,-26.351198,2.1664429,0.72214764,0.16800001,0.0,0.14470114,15.100156,15.120156,2425600
hardzero_plus_depr__c0p50__z1p00__lam0p020__nu0p50__psi0p75,hardzero_plus_depr,0.06,39,758,0.0,2,0.15587442,0.15587442,1.0294101,0.0,0.09345228,0.0,0.0,7.131827e-07,-28.120888,2.2647474,0.75491583,0.15200001,0.0,0.13401963,15.120156,15.140157,2428800
hardzero_plus_depr__c0p50__z1p00__lam0p020__nu0p50__psi0p75,hardzero_plus_depr,0.06,39,759,0.0,2,0.15587442,0.15587449,0.9696291,0.10724347,0.10724347,1.0,7.534546e-08,7.0256453e-07,-27.236002,2.1332266,0.71107554,0.2,0.0,0.1353313,15.140157,15.160157,2432000
hardzero_plus_depr__c0p50__z1p00__lam0p020__nu0p50__psi0p75,hardzero_plus_depr,0.06,39,760,0.0,2,0.15587449,0.15587449,1.0296601,0.0,0.09339849,0.0,0.0,6.921045e-07,-27.372124,2.2652974,0.7550992,0.216,0.0,0.13300215,15.160157,15.180158,2435200
hardzero_plus_depr__c0p50__z1p00__lam0p020__nu0p50__psi0p75,hardzero_plus_depr,0.06,39,761,0.0,2,0.15587449,0.15587449,1.0037804,0.0,0.099133305,0.0,0.0,6.818002e-07,-27.006798,2.208361,0.73612034,0.128,0.0,0.1373927,15.180158,15.200158,2438400
hardzero_plus_depr__c0p50__z1p00__lam0p020__nu0p50__psi0p75,hardzero_plus_depr,0.06,39,762,0.0,2,0.15587449,0.15587449,1.0520365,0.0,0.08870814,0.0,0.0,6.716493e-07,-27.466938,2.3145266,0.7715089,0.136,0.0,0.1609718,15.200158,15.220159,2441600
hardzero_plus_depr__c0p50__z1p00__lam0p020__nu0p50__psi0p75,hardzero_plus_depr,0.06,39,763,0.0,2,0.15587449,0.15587457,0.978998,0.10495473,0.10495473,1.0,6.944324e-08,6.616495e-07,-26.261095,2.1538386,0.71794623,0.15200001,0.0,0.14331996,15.220159,15.240159,2444800
hardzero_plus_depr__c0p50__z1p00__lam0p020__nu0p50__psi0p75,hardzero_plus_depr,0.06,39,764,0.0,2,0.15587457,0.15587457,1.0071168,0.0,0.09837465,0.0,0.0,6.517986e-07,-26.920494,2.215701,0.73856705,0.216,0.0,0.13178535,15.240159,15.2601595,2448000
hardzero_plus_depr__c0p50__z1p00__lam0p020__nu0p50__psi0p75,hardzero_plus_depr,0.06,39,765,0.0,2,0.15587457,0.15587457,1.0356846,0.0,0.09211182,0.0,0.0,6.420944e-07,-27.817768,2.2785516,0.7595172,0.2,0.0,0.14699379,15.2601595,15.28016,2451200
hardzero_plus_depr__c0p50__z1p00__lam0p020__nu0p50__psi0p75,hardzero_plus_depr,0.06,39,766,0.0,2,0.15587457,0.15587462,0.99713945,0.10066082,0.10066082,1.0,6.367145e-08,6.325346e-07,-27.485235,2.1937506,0.7312502,0.192,0.0,0.14832616,15.28016,15.30016,2454400
hardzero_plus_depr__c0p50__z1p00__lam0p020__nu0p50__psi0p75,hardzero_plus_depr,0.06,39,767,0.0,2,0.15587462,0.15587462,1.0229349,0.0,0.09485607,0.0,0.0,6.2311716e-07,-27.629042,2.2505016,0.75016725,0.22,0.0,0.17869848,15.30016,15.320161,2457600
hardzero_plus_depr__c0p50__z1p00__lam0p020__nu0p50__psi0p75,hardzero_plus_depr,0.06,39,768,0.0,2,0.15587462,0.15587468,0.9948103,0.10120214,0.10120214,1.0,6.212191e-08,6.138399e-07,-26.423435,2.1886263,0.72954214,0.16000001,0.0,0.1297363,15.320161,15.340161,2460800
hardzero_plus_depr__c0p50__z1p00__lam0p020__nu0p50__psi0p75,hardzero_plus_depr,0.06,39,769,0.0,2,0.15587468,0.15587468,1.0088538,0.0,0.09798197,0.0,0.0,6.0470086e-07,-27.02572,2.2195227,0.7398409,0.104,0.0,0.14938734,15.340161,15.360162,2464000
hardzero_plus_depr__c0p50__z1p00__lam0p020__nu0p50__psi0p75,hardzero_plus_depr,0.06,39,770,0.0,2,0.15587468,0.15587474,0.97905797,0.104940236,0.104940236,1.0,6.251267e-08,5.956978e-07,-26.539568,2.1539705,0.71799016,0.128,0.0,0.12733333,15.360162,15.380162,2467200
hardzero_plus_depr__c0p50__z1p00__lam0p020__nu0p50__psi0p75,hardzero_plus_depr,0.06,39,771,0.0,2,0.15587474,0.15587474,1.102979,0.0,0.07888983,0.0,0.0,5.868289e-07,-28.6254,2.4266021,0.8088674,0.112,0.0,0.17305437,15.380162,15.400163,2470400
hardzero_plus_depr__c0p50__z1p00__lam0p020__nu0p50__psi0p75,hardzero_plus_depr,0.06,39,772,0.0,2,0.15587474,0.15587474,1.0468464,0.0,0.08977464,0.0,0.0,5.7809194e-07,-28.57037,2.303108,0.7677027,0.15200001,0.0,0.15541808,15.400163,15.420163,2473600
hardzero_plus_depr__c0p50__z1p00__lam0p020__nu0p50__psi0p75,hardzero_plus_depr,0.06,39,773,0.0,2,0.15587474,0.1558748,0.9762982,0.105609216,0.105609216,1.0,6.014287e-08,5.69485e-07,-26.53124,2.147899,0.71596634,0.2,0.0,0.13796967,15.420163,15.440164,2476800
hardzero_plus_depr__c0p50__z1p00__lam0p020__nu0p50__psi0p75,hardzero_plus_depr,0.06,39,774,0.0,2,0.1558748,0.15587486,0.9532696,0.1113603,0.1113603,1.0,6.247383e-08,5.6100635e-07,-26.160332,2.097235,0.6990783,0.16000001,0.0,0.12676463,15.440164,15.460164,2480000
hardzero_plus_depr__c0p50__z1p00__lam0p020__nu0p50__psi0p75,hardzero_plus_depr,0.06,39,775,0.0,2,0.15587486,0.15587492,0.98584014,0.103314154,0.103314154,1.0,5.7096962e-08,5.5265383e-07,-26.613333,2.1688917,0.7229639,0.17600001,0.0,0.11226784,15.460164,15.480165,2483200
hardzero_plus_depr__c0p50__z1p00__lam0p020__nu0p50__psi0p75,hardzero_plus_depr,0.06,39,776,0.0,2,0.15587492,0.15587492,1.0052098,0.0,0.09880756,0.0,0.0,5.4442575e-07,-26.95547,2.2115057,0.73716855,0.16800001,0.0,0.1544463,15.480165,15.500165,2486400
hardzero_plus_depr__c0p50__z1p00__lam0p020__nu0p50__psi0p75,hardzero_plus_depr,0.06,39,777,0.0,2,0.15587492,0.15587498,0.95564896,0.11075186,0.11075186,1.0,5.939844e-08,5.3632004e-07,-26.045774,2.1024697,0.70082325,0.224,0.0,0.13884763,15.500165,15.520165,2489600
hardzero_plus_depr__c0p50__z1p00__lam0p020__nu0p50__psi0p75,hardzero_plus_depr,0.06,39,778,0.0,2,0.15587498,0.15587498,1.0482512,0.0,0.08948472,0.0,0.0,5.2833514e-07,-27.31257,2.3061986,0.7687329,0.15200001,0.0,0.15432918,15.520165,15.540166,2492800
hardzero_plus_depr__c0p50__z1p00__lam0p020__nu0p50__psi0p75,hardzero_plus_depr,0.06,39,779,0.0,2,0.15587498,0.15587504,0.97678953,0.105489805,0.105489805,1.0,5.4904177e-08,5.2046903e-07,-25.50345,2.14898,0.71632665,0.15200001,0.0,0.12343649,15.540166,15.560166,2496000
hardzero_plus_depr__c0p50__z1p00__lam0p020__nu0p50__psi0p75,hardzero_plus_depr,0.06,39,780,0.0,2,0.15587504,0.15587504,1.0282127,0.0,0.093710296,0.0,0.0,5.1272013e-07,-27.067455,2.262113,0.75403774,0.099999994,0.0,0.16830671,15.560166,15.580167,2499200
hardzero_plus_depr__c0p50__z1p00__lam0p020__nu0p50__psi0p75,hardzero_plus_depr,0.06,39,781,0.0,2,0.15587504,0.15587504,1.0992272,0.0,0.07957429,0.0,0.0,5.050865e-07,-28.471634,2.418348,0.80611604,0.072000004,0.0,0.14659052,15.580167,15.600167,2502400
hardzero_plus_depr__c0p50__z1p00__lam0p020__nu0p50__psi0p75,hardzero_plus_depr,0.06,39,782,0.0,2,0.15587504,0.15587509,0.98110104,0.10444771,0.10444771,1.0,5.196969e-08,4.975666e-07,-26.03899,2.1584654,0.7194885,0.14400001,0.0,0.16087346,15.600167,15.620168,2505600
hardzero_plus_depr__c0p50__z1p00__lam0p020__nu0p50__psi0p75,hardzero_plus_depr,0.06,39,783,0.0,2,0.15587509,0.15587515,0.92990917,0.11751433,0.11751433,1.0,5.7600662e-08,4.9015864e-07,-25.564322,2.045841,0.681947,0.256,0.0,0.1386957,15.620168,15.640168,2508800
hardzero_plus_depr__c0p50__z1p00__lam0p020__nu0p50__psi0p75,hardzero_plus_depr,0.06,39,784,0.0,2,0.15587515,0.15587515,1.0188298,0.0,0.09575691,0.0,0.0,4.8286097e-07,-27.56214,2.2414703,0.7471568,0.16000001,0.0,0.157169,15.640168,15.660169,2512000
hardzero_plus_depr__c0p50__z1p00__lam0p020__nu0p50__psi0p75,hardzero_plus_depr,0.06,39,785,0.0,2,0.15587515,0.1558752,0.92181784,0.11972425,0.11972425,1.0,5.6949467e-08,4.7567195e-07,-24.814161,2.0280397,0.67601323,0.120000005,0.0,0.10783118,15.660169,15.680169,2515200
hardzero_plus_depr__c0p50__z1p00__lam0p020__nu0p50__psi0p75,hardzero_plus_depr,0.06,39,786,0.0,2,0.1558752,0.1558752,1.0036011,0.0,0.09917426,0.0,0.0,4.6858995e-07,-27.403048,2.2079666,0.73598886,0.16000001,0.0,0.13990635,15.680169,15.70017,2518400
hardzero_plus_depr__c0p50__z1p00__lam0p020__nu0p50__psi0p75,hardzero_plus_depr,0.06,39,787,0.0,2,0.1558752,0.1558752,1.0243152,0.0,0.09455506,0.0,0.0,4.6161338e-07,-27.342564,2.2535386,0.7511796,0.128,0.0,0.14474587,15.70017,15.72017,2521600
hardzero_plus_depr__c0p50__z1p00__lam0p020__nu0p50__psi0p75,hardzero_plus_depr,0.06,39,788,0.0,2,0.1558752,0.1558752,1.0027548,0.0,0.09936769,0.0,0.0,4.5474067e-07,-26.841698,2.2061045,0.7353682,0.18400002,0.0,0.15129893,15.72017,15.7401705,2524800
hardzero_plus_depr__c0p50__z1p00__lam0p020__nu0p50__psi0p75,hardzero_plus_depr,0.06,39,789,0.0,2,0.1558752,0.15587525,0.99703217,0.100685716,0.100685716,1.0,4.5104215e-08,4.4797034e-07,-26.335323,2.1935146,0.73117155,0.15200001,0.0,0.14431486,15.7401705,15.760171,2528000
hardzero_plus_depr__c0p50__z1p00__lam0p020__nu0p50__psi0p75,hardzero_plus_depr,0.06,39,790,0.0,2,0.15587525,0.1558753,0.9986043,0.10032188,0.10032188,1.0,4.4272124e-08,4.4130078e-07,-27.338585,2.1969733,0.7323245,0.208,0.0,0.1446186,15.760171,15.780171,2531200
hardzero_plus_depr__c0p50__z1p00__lam0p020__nu0p50__psi0p75,hardzero_plus_depr,0.06,39,791,0.0,2,0.1558753,0.1558753,1.0016199,0.0,0.09962769,0.0,0.0,4.347305e-07,-26.085215,2.2036078,0.73453593,0.16800001,0.0,0.1395255,15.780171,15.800172,2534400
hardzero_plus_depr__c0p50__z1p00__lam0p020__nu0p50__psi0p75,hardzero_plus_depr,0.06,39,792,0.0,2,0.1558753,0.1558753,1.0075942,0.0,0.09826656,0.0,0.0,4.2825806e-07,-26.756111,2.2167516,0.73891723,0.15200001,0.0,0.15682808,15.800172,15.820172,2537600
hardzero_plus_depr__c0p50__z1p00__lam0p020__nu0p50__psi0p75,hardzero_plus_depr,0.06,39,793,0.0,2,0.1558753,0.1558753,1.0692835,0.0,0.08525434,0.0,0.0,4.2188196e-07,-28.51484,2.3524706,0.7841569,0.14,0.0,0.1727695,15.820172,15.840173,2540800
hardzero_plus_depr__c0p50__z1p00__lam0p020__nu0p50__psi0p75,hardzero_plus_depr,0.06,39,794,0.0,2,0.1558753,0.1558753,1.0468264,0.0,0.089778766,0.0,0.0,4.1560082e-07,-27.737207,2.3030639,0.767688,0.15200001,0.0,0.13389845,15.840173,15.860173,2544000
hardzero_plus_depr__c0p50__z1p00__lam0p020__nu0p50__psi0p75,hardzero_plus_depr,0.06,39,795,0.0,2,0.1558753,0.15587534,0.9854237,0.10341328,0.10341328,1.0,4.2338765e-08,4.0941325e-07,-26.882816,2.1679754,0.7226585,0.216,0.0,0.14000684,15.860173,15.880174,2547200
hardzero_plus_depr__c0p50__z1p00__lam0p020__nu0p50__psi0p75,hardzero_plus_depr,0.06,39,796,0.0,2,0.15587534,0.15587534,1.0150605,0.0,0.096591614,0.0,0.0,4.0331773e-07,-26.600431,2.2331777,0.7443926,0.23200001,0.0,0.15762319,15.880174,15.900174,2550400
hardzero_plus_depr__c0p50__z1p00__lam0p020__nu0p50__psi0p75,hardzero_plus_depr,0.06,39,797,0.0,2,0.15587534,0.15587538,0.9930253,0.10161895,0.10161895,1.0,4.0374523e-08,3.9731293e-07,-27.777264,2.1846993,0.7282331,0.14400001,0.0,0.15924762,15.900174,15.920175,2553600
hardzero_plus_depr__c0p50__z1p00__lam0p020__nu0p50__psi0p75,hardzero_plus_depr,0.06,39,798,0.0,2,0.15587538,0.15587538,1.0094193,0.0,0.09785448,0.0,0.0,3.9139758e-07,-27.436918,2.2207668,0.7402556,0.17600001,0.0,0.17397064,15.920175,15.940175,2556800
hardzero_plus_depr__c0p50__z1p00__lam0p020__nu0p50__psi0p75,hardzero_plus_depr,0.06,39,799,0.0,2,0.15587538,0.15587538,1.044908,0.0,0.09017621,0.0,0.0,3.8557033e-07,-27.138014,2.2988436,0.76628125,0.192,0.0,0.12234068,15.940175,15.9601755,2560000
hardzero_plus_depr__c0p50__z1p00__lam0p020__nu0p50__psi0p75,hardzero_plus_depr,0.06,39,800,0.0,2,0.15587538,0.15587538,1.008169,0.0,0.098136574,0.0,0.0,3.798298e-07,-26.684706,2.2180161,0.73933876,0.23200001,0.0,0.17171763,15.9601755,15.980176,2563200
hardzero_plus_depr__c0p50__z1p00__lam0p020__nu0p50__psi0p75,hardzero_plus_depr,0.06,39,801,0.0,2,0.15587538,0.15587538,1.0137128,0.0,0.09689185,0.0,0.0,3.7417473e-07,-26.671047,2.2302127,0.74340427,0.15200001,0.0,0.11951797,15.980176,16.000175,2566400
hardzero_plus_depr__c0p50__z1p00__lam0p020__nu0p50__psi0p75,hardzero_plus_depr,0.06,39,802,0.0,2,0.15587538,0.15587538,1.0298164,0.0,0.093364894,0.0,0.0,3.6860422e-07,-26.39459,2.2656412,0.75521374,0.15200001,0.0,0.12492514,16.000175,16.020176,2569600
hardzero_plus_depr__c0p50__z1p00__lam0p020__nu0p50__psi0p75,hardzero_plus_depr,0.06,39,803,0.0,2,0.15587538,0.15587543,0.9601917,0.10959942,0.10959942,1.0,3.979734e-08,3.6311633e-07,-26.22532,2.112464,0.7041547,0.18400002,0.0,0.12511933,16.020176,16.040176,2572800
hardzero_plus_depr__c0p50__z1p00__lam0p020__nu0p50__psi0p75,hardzero_plus_depr,0.06,39,804,0.0,2,0.15587543,0.15587543,1.0384445,0.0,0.09152832,0.0,0.0,3.5771006e-07,-27.761723,2.2846236,0.76154125,0.208,0.0,0.13691321,16.040176,16.060177,2576000
hardzero_plus_depr__c0p50__z1p00__lam0p020__nu0p50__psi0p75,hardzero_plus_depr,0.06,39,805,0.0,2,0.15587543,0.15587543,1.0355762,0.0,0.09213482,0.0,0.0,3.5238435e-07,-27.114428,2.2783132,0.75943774,0.16800001,0.0,0.12815535,16.060177,16.080177,2579200
hardzero_plus_depr__c0p50__z1p00__lam0p020__nu0p50__psi0p75,hardzero_plus_depr,0.06,39,806,0.0,2,0.15587543,0.15587543,1.0355707,0.0,0.09213598,0.0,0.0,3.471379e-07,-28.149696,2.2783012,0.75943375,0.12,0.0,0.14353712,16.080177,16.100178,2582400
hardzero_plus_depr__c0p50__z1p00__lam0p020__nu0p50__psi0p75,hardzero_plus_depr,0.06,39,807,0.0,2,0.15587543,0.15587543,1.0356916,0.0,0.09211035,0.0,0.0,3.4196958e-07,-26.705372,2.278567,0.7595224,0.096,0.0,0.13133357,16.100178,16.120178,2585600
hardzero_plus_depr__c0p50__z1p00__lam0p020__nu0p50__psi0p75,hardzero_plus_depr,0.06,39,808,0.0,2,0.15587543,0.15587543,1.0340737,0.0,0.09245412,0.0,0.0,3.368782e-07,-27.77442,2.2750075,0.7583358,0.16000001,0.0,0.17280404,16.120178,16.140179,2588800
hardzero_plus_depr__c0p50__z1p00__lam0p020__nu0p50__psi0p75,hardzero_plus_depr,0.06,39,809,0.0,2,0.15587543,0.15587546,0.9831638,0.1039528,0.1039528,1.0,3.449805e-08,3.3186262e-07,-26.368084,2.1630034,0.72100115,0.16000001,0.0,0.16454738,16.140179,16.16018,2592000
hardzero_plus_depr__c0p50__z1p00__lam0p020__nu0p50__psi0p75,hardzero_plus_depr,0.06,39,810,0.0,2,0.15587546,0.15587546,1.0163782,0.0,0.09629901,0.0,0.0,3.269217e-07,-27.716135,2.2360766,0.7453589,0.15200001,0.0,0.14754522,16.16018,16.18018,2595200
hardzero_plus_depr__c0p50__z1p00__lam0p020__nu0p50__psi0p75,hardzero_plus_depr,0.06,39,811,0.0,2,0.15587546,0.15587549,0.9999781,0.10000502,0.10000502,1.0,3.2207055e-08,3.2205438e-07,-27.225592,2.1999958,0.7333319,0.16000001,0.0,0.13123639,16.18018,16.20018,2598400
hardzero_plus_depr__c0p50__z1p00__lam0p020__nu0p50__psi0p75,hardzero_plus_depr,0.06,39,812,0.0,2,0.15587549,0.15587552,0.9748497,0.10596203,0.10596203,1.0,3.361746e-08,3.172595e-07,-27.082169,2.1447122,0.71490407,0.2,0.0,0.13712755,16.20018,16.22018,2601600
hardzero_plus_depr__c0p50__z1p00__lam0p020__nu0p50__psi0p75,hardzero_plus_depr,0.06,39,813,0.0,2,0.15587552,0.15587552,1.0187927,0.0,0.095765084,0.0,0.0,3.1253603e-07,-27.723692,2.2413888,0.7471296,0.208,0.0,0.12219353,16.22018,16.240181,2604800
hardzero_plus_depr__c0p50__z1p00__lam0p020__nu0p50__psi0p75,hardzero_plus_depr,0.06,39,814,0.0,2,0.15587552,0.15587555,0.9980968,0.100439176,0.100439176,1.0,3.0923502e-08,3.0788286e-07,-26.925476,2.1958568,0.7319523,0.216,0.0,0.15574396,16.240181,16.260181,2608000
hardzero_plus_depr__c0p50__z1p00__lam0p020__nu0p50__psi0p75,hardzero_plus_depr,0.06,39,815,0.0,2,0.15587555,0.15587555,1.0238239,0.0,0.09466209,0.0,0.0,3.0329898e-07,-27.1088,2.2524574,0.75081915,0.16000001,0.0,0.13423371,16.260181,16.280182,2611200
hardzero_plus_depr__c0p50__z1p00__lam0p020__nu0p50__psi0p75,hardzero_plus_depr,0.06,39,816,0.0,2,0.15587555,0.15587555,1.0181458,0.0,0.095907874,0.0,0.0,2.9878333e-07,-27.996105,2.2399654,0.74665517,0.15200001,0.0,0.13352075,16.280182,16.300182,2614400
hardzero_plus_depr__c0p50__z1p00__lam0p020__nu0p50__psi0p75,hardzero_plus_depr,0.06,39,817,0.0,2,0.15587555,0.15587555,1.0103214,0.0,0.09765143,0.0,0.0,2.9433494e-07,-27.793432,2.2227514,0.74091715,0.17600001,0.0,0.16035971,16.300182,16.320183,2617600
hardzero_plus_depr__c0p50__z1p00__lam0p020__nu0p50__psi0p75,hardzero_plus_depr,0.06,39,818,0.0,2,0.15587555,0.15587558,0.9953956,0.10106584,0.10106584,1.0,2.9304319e-08,2.8995277e-07,-26.38045,2.189914,0.72997135,0.128,0.0,0.14657646,16.320183,16.340183,2620800
hardzero_plus_depr__c0p50__z1p00__lam0p020__nu0p50__psi0p75,hardzero_plus_depr,0.06,39,819,0.0,2,0.15587558,0.15587558,1.0574349,0.0,0.08761229,0.0,0.0,2.856358e-07,-26.944786,2.3264031,0.77546775,0.099999994,0.0,0.15135452,16.340183,16.360184,2624000
hardzero_plus_depr__c0p50__z1p00__lam0p020__nu0p50__psi0p75,hardzero_plus_depr,0.06,39,820,0.0,2,0.15587558,0.15587558,1.063133,0.0,0.08647031,0.0,0.0,2.8138317e-07,-28.257706,2.3389392,0.7796464,0.16000001,0.0,0.14009297,16.360184,16.380184,2627200
hardzero_plus_depr__c0p50__z1p00__lam0p020__nu0p50__psi0p75,hardzero_plus_depr,0.06,39,821,0.0,2,0.15587558,0.15587561,0.97610164,0.10565701,0.10565701,1.0,2.9287468e-08,2.771938e-07,-26.846533,2.1474664,0.71582216,0.16000001,0.0,0.16849628,16.380184,16.400185,2630400
hardzero_plus_depr__c0p50__z1p00__lam0p020__nu0p50__psi0p75,hardzero_plus_depr,0.06,39,822,0.0,2,0.15587561,0.15587561,1.0492679,0.0,0.08927545,0.0,0.0,2.7306686e-07,-28.100807,2.3084354,0.7694785,0.15200001,0.0,0.17841667,16.400185,16.420185,2633600
hardzero_plus_depr__c0p50__z1p00__lam0p020__nu0p50__psi0p75,hardzero_plus_depr,0.06,39,823,0.0,2,0.15587561,0.15587564,0.97618765,0.105636105,0.105636105,1.0,2.8416252e-08,2.6900133e-07,-27.16133,2.1476557,0.7158853,0.2,0.0,0.15590943,16.420185,16.440186,2636800
hardzero_plus_depr__c0p50__z1p00__lam0p020__nu0p50__psi0p75,hardzero_plus_depr,0.06,39,824,0.0,2,0.15587564,0.15587564,1.0226276,0.0,0.09492321,0.0,0.0,2.6499632e-07,-26.779667,2.2498257,0.74994195,0.14400001,0.0,0.14959344,16.440186,16.460186,2640000
hardzero_plus_depr__c0p50__z1p00__lam0p020__nu0p50__psi0p75,hardzero_plus_depr,0.06,39,825,0.0,2,0.15587564,0.15587567,0.9871328,0.1030071,0.1030071,1.0,2.6890099e-08,2.6105093e-07,-26.594091,2.1717355,0.7239119,0.192,0.0,0.1172331,16.460186,16.480186,2643200
hardzero_plus_depr__c0p50__z1p00__lam0p020__nu0p50__psi0p75,hardzero_plus_depr,0.06,39,826,0.0,2,0.15587567,0.1558757,0.98307794,0.10397335,0.10397335,1.0,2.6738237e-08,2.5716432e-07,-26.044968,2.1628146,0.7209382,0.14400001,0.0,0.14079086,16.480186,16.500187,2646400
hardzero_plus_depr__c0p50__z1p00__lam0p020__nu0p50__psi0p75,hardzero_plus_depr,0.06,39,827,0.0,2,0.1558757,0.15587573,0.9687676,0.10745644,0.10745644,1.0,2.7222535e-08,2.5333554e-07,-26.297415,2.1313312,0.71044374,0.208,0.0,0.13021351,16.500187,16.520187,2649600
hardzero_plus_depr__c0p50__z1p00__lam0p020__nu0p50__psi0p75,hardzero_plus_depr,0.06,39,828,0.0,2,0.15587573,0.15587573,1.0643632,0.0,0.086225696,0.0,0.0,2.4956378e-07,-27.648693,2.341646,0.7805487,0.192,0.0,0.14468239,16.520187,16.540188,2652800
hardzero_plus_depr__c0p50__z1p00__lam0p020__nu0p50__psi0p75,hardzero_plus_depr,0.06,39,829,0.0,2,0.15587573,0.15587573,1.0150703,0.0,0.09658945,0.0,0.0,2.4584818e-07,-27.828106,2.2331994,0.7443998,0.15200001,0.0,0.13075328,16.540188,16.560188,2656000
hardzero_plus_depr__c0p50__z1p00__lam0p020__nu0p50__psi0p75,hardzero_plus_depr,0.06,39,830,0.0,2,0.15587573,0.15587573,1.0119793,0.0,0.097279355,0.0,0.0,2.4218792e-07,-27.414814,2.226399,0.742133,0.120000005,0.0,0.14416963,16.560188,16.580189,2659200
hardzero_plus_depr__c0p50__z1p00__lam0p020__nu0p50__psi0p75,hardzero_plus_depr,0.06,39,831,0.0,2,0.15587573,0.15587576,0.9974571,0.10058725,0.10058725,1.0,2.3998318e-08,2.3858212e-07,-27.19088,2.1944494,0.73148316,0.216,0.0,0.16800347,16.580189,16.60019,2662400
hardzero_plus_depr__c0p50__z1p00__lam0p020__nu0p50__psi0p75,hardzero_plus_depr,0.06,39,832,0.0,2,0.15587576,0.15587576,1.021332,0.0,0.0952068,0.0,0.0,2.3503e-07,-28.39778,2.2469754,0.74899185,0.14999999,0.0,0.15874629,16.60019,16.62019,2665600
hardzero_plus_depr__c0p50__z1p00__lam0p020__nu0p50__psi0p75,hardzero_plus_depr,0.06,39,833,0.0,2,0.15587576,0.15587579,0.9746641,0.10600734,0.10600734,1.0,2.4543962e-08,2.3153078e-07,-26.882732,2.1443038,0.71476793,0.216,0.0,0.14908578,16.62019,16.64019,2668800
hardzero_plus_depr__c0p50__z1p00__lam0p020__nu0p50__psi0p75,hardzero_plus_depr,0.06,39,834,0.0,2,0.15587579,0.15587579,1.0127032,0.0,0.09711734,0.0,0.0,2.2808366e-07,-27.17633,2.2279916,0.74266386,0.096,0.0,0.17905936,16.64019,16.66019,2672000
hardzero_plus_depr__c0p50__z1p00__lam0p020__nu0p50__psi0p75,hardzero_plus_depr,0.06,39,835,0.0,2,0.15587579,0.15587579,1.0327854,0.0,0.092728786,0.0,0.0,2.2468785e-07,-27.830185,2.2721732,0.7573911,0.17600001,0.0,0.15245424,16.66019,16.680191,2675200
hardzero_plus_depr__c0p50__z1p00__lam0p020__nu0p50__psi0p75,hardzero_plus_depr,0.06,39,836,0.0,2,0.15587579,0.15587579,1.0207634,0.0,0.09533153,0.0,0.0,2.2134262e-07,-26.418085,2.2457242,0.74857473,0.16000001,0.0,0.15103069,16.680191,16.700191,2678400
hardzero_plus_depr__c0p50__z1p00__lam0p020__nu0p50__psi0p75,hardzero_plus_depr,0.06,39,837,0.0,2,0.15587579,0.15587579,1.0245343,0.0,0.09450737,0.0,0.0,2.1804719e-07,-26.347967,2.2540205,0.75134015,0.15200001,0.0,0.11666107,16.700191,16.720192,2681600
hardzero_plus_depr__c0p50__z1p00__lam0p020__nu0p50__psi0p75,hardzero_plus_depr,0.06,39,838,0.0,2,0.15587579,0.15587582,0.9782364,0.105138935,0.105138935,1.0,2.258393e-08,2.1480082e-07,-26.646372,2.152163,0.7173877,0.16800001,0.0,0.15577863,16.720192,16.740192,2684800
hardzero_plus_depr__c0p50__z1p00__lam0p020__nu0p50__psi0p75,hardzero_plus_depr,0.06,39,839,0.0,2,0.15587582,0.15587583,0.99296385,0.101633325,0.101633325,1.0,2.1505894e-08,2.1160278e-07,-27.091785,2.184564,0.72818804,0.136,0.0,0.1443851,16.740192,16.760193,2688000
hardzero_plus_depr__c0p50__z1p00__lam0p020__nu0p50__psi0p75,hardzero_plus_depr,0.06,39,840,0.0,2,0.15587583,0.15587583,1.0315818,0.0,0.09298616,0.0,0.0,2.0845233e-07,-26.805988,2.2695253,0.75650847,0.15200001,0.0,0.13580076,16.760193,16.780193,2691200
hardzero_plus_depr__c0p50__z1p00__lam0p020__nu0p50__psi0p75,hardzero_plus_depr,0.06,39,841,0.0,2,0.15587583,0.15587583,1.017551,0.0,0.0960393,0.0,0.0,2.0534883e-07,-27.131308,2.2386568,0.7462189,0.224,0.0,0.18738864,16.780193,16.800194,2694400
hardzero_plus_depr__c0p50__z1p00__lam0p020__nu0p50__psi0p75,hardzero_plus_depr,0.06,39,842,0.0,2,0.15587583,0.15587583,1.0214878,0.0,0.09517265,0.0,0.0,2.022915e-07,-26.76534,2.247318,0.74910605,0.120000005,0.0,0.13695917,16.800194,16.820194,2697600
hardzero_plus_depr__c0p50__z1p00__lam0p020__nu0p50__psi0p75,hardzero_plus_depr,0.06,39,843,0.0,2,0.15587583,0.15587583,1.013578,0.0,0.09692191,0.0,0.0,1.9927971e-07,-27.45608,2.2299163,0.74330544,0.208,0.0,0.15493914,16.820194,16.840195,2700800
hardzero_plus_depr__c0p50__z1p00__lam0p020__nu0p50__psi0p75,hardzero_plus_depr,0.06,39,844,0.0,2,0.15587583,0.15587583,1.0303444,0.0,0.09325146,0.0,0.0,1.9631277e-07,-27.392683,2.2668028,0.7556009,0.16800001,0.0,0.13892765,16.840195,16.860195,2704000
hardzero_plus_depr__c0p50__z1p00__lam0p020__nu0p50__psi0p75,hardzero_plus_depr,0.06,39,845,0.0,2,0.15587583,0.15587583,1.0964841,0.0,0.080078505,0.0,0.0,1.9338997e-07,-28.812014,2.4123132,0.80410445,0.14,0.0,0.17090134,16.860195,16.880196,2707200
hardzero_plus_depr__c0p50__z1p00__lam0p020__nu0p50__psi0p75,hardzero_plus_depr,0.06,39,846,0.0,2,0.15587583,0.15587585,0.9778326,0.10523674,0.10523674,1.0,2.0048724e-08,1.9051069e-07,-26.23797,2.1512747,0.71709156,0.16000001,0.0,0.15744399,16.880196,16.900196,2710400
hardzero_plus_depr__c0p50__z1p00__lam0p020__nu0p50__psi0p75,hardzero_plus_depr,0.06,39,847,0.0,2,0.15587585,0.15587585,1.0238137,0.0,0.0946643,0.0,0.0,1.8767432e-07,-27.125605,2.2524352,0.75081176,0.224,0.0,0.16692446,16.900196,16.920197,2713600
hardzero_plus_depr__c0p50__z1p00__lam0p020__nu0p50__psi0p75,hardzero_plus_depr,0.06,39,848,0.0,2,0.15587585,0.15587585,1.0115601,0.0,0.097373314,0.0,0.0,1.8488014e-07,-27.019724,2.2254765,0.7418255,0.128,0.0,0.15765066,16.920197,16.940197,2716800
hardzero_plus_depr__c0p50__z1p00__lam0p020__nu0p50__psi0p75,hardzero_plus_depr,0.06,39,849,0.0,2,0.15587585,0.15587586,0.9859301,0.10329277,0.10329277,1.0,1.8812463e-08,1.8212758e-07,-26.749727,2.1690896,0.72302985,0.192,0.0,0.15639967,16.940197,16.960197,2720000
hardzero_plus_depr__c0p50__z1p00__lam0p020__nu0p50__psi0p75,hardzero_plus_depr,0.06,39,850,0.0,2,0.15587586,0.15587586,1.0379013,0.0,0.09164287,0.0,0.0,1.7941598e-07,-27.852535,2.2834284,0.76114285,0.17600001,0.0,0.15041117,16.960197,16.980198,2723200
hardzero_plus_depr__c0p50__z1p00__lam0p020__nu0p50__psi0p75,hardzero_plus_depr,0.06,39,851,0.0,2,0.15587586,0.15587586,1.0023657,0.0,0.099456765,0.0,0.0,1.7674476e-07,-27.165915,2.2052486,0.73508286,0.208,0.0,0.17839016,16.980198,17.000198,2726400
hardzero_plus_depr__c0p50__z1p00__lam0p020__nu0p50__psi0p75,hardzero_plus_depr,0.06,39,852,0.0,2,0.15587586,0.15587586,1.0367656,0.0,0.09188285,0.0,0.0,1.7411331e-07,-27.130219,2.2809298,0.76030993,0.15200001,0.0,0.13901561,17.000198,17.020199,2729600
hardzero_plus_depr__c0p50__z1p00__lam0p020__nu0p50__psi0p75,hardzero_plus_depr,0.06,39,853,0.0,2,0.15587586,0.15587588,0.989408,0.102468885,0.102468885,1.0,1.7575571e-08,1.7152105e-07,-26.73153,2.1767411,0.7255804,0.16800001,0.0,0.14644396,17.020199,17.0402,2732800
hardzero_plus_depr__c0p50__z1p00__lam0p020__nu0p50__psi0p75,hardzero_plus_depr,0.06,39,854,0.0,2,0.15587588,0.15587588,1.0831794,0.0,0.08256968,0.0,0.0,1.6896738e-07,-28.01711,2.383042,0.7943474,0.120000005,0.0,0.1565764,17.0402,17.0602,2736000
hardzero_plus_depr__c0p50__z1p00__lam0p020__nu0p50__psi0p75,hardzero_plus_depr,0.06,39,855,0.0,2,0.15587588,0.15587588,1.0486919,0.0,0.089393936,0.0,0.0,1.6645171e-07,-28.301334,2.3071682,0.7690561,0.192,0.0,0.17881125,17.0602,17.0802,2739200
hardzero_plus_depr__c0p50__z1p00__lam0p020__nu0p50__psi0p75,hardzero_plus_depr,0.06,39,856,0.0,2,0.15587588,0.15587588,1.0179573,0.0,0.09594949,0.0,0.0,1.6397352e-07,-26.86077,2.2395508,0.74651694,0.15200001,0.0,0.15444288,17.0802,17.1002,2742400
hardzero_plus_depr__c0p50__z1p00__lam0p020__nu0p50__psi0p75,hardzero_plus_depr,0.06,39,857,0.0,2,0.15587588,0.15587589,0.9929566,0.10163504,0.10163504,1.0,1.6417333e-08,1.6153221e-07,-27.221521,2.1845481,0.72818273,0.15200001,0.0,0.12915789,17.1002,17.120201,2745600
hardzero_plus_depr__c0p50__z1p00__lam0p020__nu0p50__psi0p75,hardzero_plus_depr,0.06,39,858,0.0,2,0.15587589,0.1558759,0.9879764,0.10280722,0.10280722,1.0,1.6359431e-08,1.5912727e-07,-26.949787,2.1735914,0.72453046,0.13,0.0,0.1356923,17.120201,17.140202,2748800
hardzero_plus_depr__c0p50__z1p00__lam0p020__nu0p50__psi0p75,hardzero_plus_depr,0.06,39,859,0.0,2,0.1558759,0.15587592,0.974372,0.10607864,0.10607864,1.0,1.6628686e-08,1.567581e-07,-26.109774,2.1436613,0.7145538,0.15200001,0.0,0.1371385,17.140202,17.160202,2752000
hardzero_plus_depr__c0p50__z1p00__lam0p020__nu0p50__psi0p75,hardzero_plus_depr,0.06,39,860,0.0,2,0.15587592,0.15587594,0.9926274,0.1017121,0.1017121,1.0,1.5706812e-08,1.5442423e-07,-27.145441,2.1838238,0.7279413,0.16800001,0.0,0.122087784,17.160202,17.180202,2755200
hardzero_plus_depr__c0p50__z1p00__lam0p020__nu0p50__psi0p75,hardzero_plus_depr,0.06,39,861,0.0,2,0.15587594,0.15587594,1.0026873,0.0,0.099383116,0.0,0.0,1.521251e-07,-26.899033,2.2059562,0.7353188,0.23200001,0.0,0.13960879,17.180202,17.200203,2758400
hardzero_plus_depr__c0p50__z1p00__lam0p020__nu0p50__psi0p75,hardzero_plus_depr,0.06,39,862,0.0,2,0.15587594,0.15587595,0.9798325,0.10475326,0.10475326,1.0,1.5698346e-08,1.4986021e-07,-26.564842,2.1556745,0.7185582,0.2,0.0,0.13374278,17.200203,17.220203,2761600
hardzero_plus_depr__c0p50__z1p00__lam0p020__nu0p50__psi0p75,hardzero_plus_depr,0.06,39,863,0.0,2,0.15587595,0.15587595,1.0577652,0.0,0.08754568,0.0,0.0,1.4762904e-07,-27.724348,2.32713,0.77571005,0.120000005,0.0,0.1785848,17.220203,17.240204,2764800
hardzero_plus_depr__c0p50__z1p00__lam0p020__nu0p50__psi0p75,hardzero_plus_depr,0.06,39,864,0.0,2,0.15587595,0.15587595,1.0354859,0.0,0.092153996,0.0,0.0,1.4543106e-07,-27.58992,2.2781143,0.75937146,0.14400001,0.0,0.13007593,17.240204,17.260204,2768000
hardzero_plus_depr__c0p50__z1p00__lam0p020__nu0p50__psi0p75,hardzero_plus_depr,0.06,39,865,0.0,2,0.15587595,0.15587595,1.005451,0.0,0.09875271,0.0,0.0,1.4326584e-07,-26.59309,2.2120364,0.73734546,0.2,0.0,0.15622926,17.260204,17.280205,2771200
hardzero_plus_depr__c0p50__z1p00__lam0p020__nu0p50__psi0p75,hardzero_plus_depr,0.06,39,866,0.0,2,0.15587595,0.15587595,1.0051813,0.0,0.09881404,0.0,0.0,1.4113283e-07,-27.559036,2.211443,0.7371477,0.16800001,0.0,0.14816207,17.280205,17.300205,2774400
hardzero_plus_depr__c0p50__z1p00__lam0p020__nu0p50__psi0p75,hardzero_plus_depr,0.06,39,867,0.0,2,0.15587595,0.15587595,1.034232,0.0,0.09242042,0.0,0.0,1.390316e-07,-27.60055,2.2753558,0.75845194,0.120000005,0.0,0.13437864,17.300205,17.320206,2777600
hardzero_plus_depr__c0p50__z1p00__lam0p020__nu0p50__psi0p75,hardzero_plus_depr,0.06,39,868,0.0,2,0.15587595,0.15587595,1.0600576,0.0,0.0870848,0.0,0.0,1.3696163e-07,-27.39166,2.3321733,0.77739114,0.15200001,0.0,0.16640961,17.320206,17.340206,2780800
hardzero_plus_depr__c0p50__z1p00__lam0p020__nu0p50__psi0p75,hardzero_plus_depr,0.06,39,869,0.0,2,0.15587595,0.15587595,1.026896,0.0,0.093994826,0.0,0.0,1.3492249e-07,-26.823374,2.2592163,0.75307214,0.17600001,0.0,0.14436495,17.340206,17.360207,2784000
hardzero_plus_depr__c0p50__z1p00__lam0p020__nu0p50__psi0p75,hardzero_plus_depr,0.06,39,870,0.0,2,0.15587595,0.15587597,0.9934314,0.10152397,0.10152397,1.0,1.3493928e-08,1.3291371e-07,-26.562197,2.1855927,0.7285309,0.2,0.0,0.13842936,17.360207,17.380207,2787200
hardzero_plus_depr__c0p50__z1p00__lam0p020__nu0p50__psi0p75,hardzero_plus_depr,0.06,39,871,0.0,2,0.15587597,0.15587597,1.0948576,0.0,0.080378965,0.0,0.0,1.3093485e-07,-28.953876,2.4087348,0.80291164,0.12,0.0,0.18439604,17.380207,17.400208,2790400
hardzero_plus_depr__c0p50__z1p00__lam0p020__nu0p50__psi0p75,hardzero_plus_depr,0.06,39,872,0.0,2,0.15587597,0.15587598,0.9953923,0.101066604,0.101066604,1.0,1.303612e-08,1.2898543e-07,-26.520584,2.1899068,0.72996897,0.208,0.0,0.12662002,17.400208,17.420208,2793600
hardzero_plus_depr__c0p50__z1p00__lam0p020__nu0p50__psi0p75,hardzero_plus_depr,0.06,39,873,0.0,2,0.15587598,0.155876,0.97773767,0.10525975,0.10525975,1.0,1.3374835e-08,1.2706505e-07,-26.351238,2.1510658,0.71702194,0.14400001,0.0,0.13812749,17.420208,17.440208,2796800
hardzero_plus_depr__c0p50__z1p00__lam0p020__nu0p50__psi0p75,hardzero_plus_depr,0.06,39,874,0.0,2,0.155876,0.15587601,0.9993254,0.10015545,0.10015545,1.0,1.2536782e-08,1.2517324e-07,-27.12325,2.1985598,0.7328533,0.14400001,0.008,0.13612749,17.440208,17.460209,2800000
hardzero_plus_depr__c0p50__z1p00__lam0p020__nu0p50__psi0p75,hardzero_plus_depr,0.06,39,875,0.0,2,0.15587601,0.15587601,1.0085468,0.0,0.09805126,0.0,0.0,1.2330962e-07,-26.938536,2.2188473,0.7396158,0.17600001,0.0,0.164201,17.460209,17.48021,2803200
hardzero_plus_depr__c0p50__z1p00__lam0p020__nu0p50__psi0p75,hardzero_plus_depr,0.06,39,876,0.0,2,0.15587601,0.15587601,1.0243467,0.0,0.0945482,0.0,0.0,1.2147375e-07,-27.583357,2.2536077,0.7512026,0.128,0.0,0.14295702,17.48021,17.50021,2806400
hardzero_plus_depr__c0p50__z1p00__lam0p020__nu0p50__psi0p75,hardzero_plus_depr,0.06,39,877,0.0,2,0.15587601,0.15587601,1.0049728,0.0,0.0988615,0.0,0.0,1.196652e-07,-27.259604,2.2109845,0.73699486,0.18400002,0.0,0.14814678,17.50021,17.52021,2809600
hardzero_plus_depr__c0p50__z1p00__lam0p020__nu0p50__psi0p75,hardzero_plus_depr,0.06,39,878,0.0,2,0.15587601,0.15587601,1.0126226,0.0,0.097135365,0.0,0.0,1.17883566e-07,-27.306557,2.2278142,0.74260473,0.15200001,0.0,0.13687201,17.52021,17.54021,2812800
hardzero_plus_depr__c0p50__z1p00__lam0p020__nu0p50__psi0p75,hardzero_plus_depr,0.06,39,879,0.0,2,0.15587601,0.15587601,1.0183835,0.0,0.095855385,0.0,0.0,1.16128454e-07,-26.376734,2.2404885,0.7468295,0.128,0.0,0.13854231,17.54021,17.560211,2816000
hardzero_plus_depr__c0p50__z1p00__lam0p020__nu0p50__psi0p75,hardzero_plus_depr,0.06,39,880,0.0,2,0.15587601,0.15587601,1.0415765,0.0,0.090870626,0.0,0.0,1.143995e-07,-27.276318,2.2915142,0.76383805,0.18400002,0.0,0.16270235,17.560211,17.580212,2819200
hardzero_plus_depr__c0p50__z1p00__lam0p020__nu0p50__psi0p75,hardzero_plus_depr,0.06,39,881,0.0,2,0.15587601,0.15587601,1.0515864,0.0,0.088800125,0.0,0.0,1.1269628e-07,-26.876875,2.3135362,0.7711787,0.136,0.0,0.14569803,17.580212,17.600212,2822400
hardzero_plus_depr__c0p50__z1p00__lam0p020__nu0p50__psi0p75,hardzero_plus_depr,0.06,39,882,0.0,2,0.15587601,0.15587601,1.0434523,0.0,0.09047898,0.0,0.0,1.1101841e-07,-27.38385,2.295641,0.76521367,0.128,0.0,0.14329994,17.600212,17.620213,2825600
hardzero_plus_depr__c0p50__z1p00__lam0p020__nu0p50__psi0p75,hardzero_plus_depr,0.06,39,883,0.0,2,0.15587601,0.15587601,1.0077599,0.0,0.09822909,0.0,0.0,1.0936552e-07,-26.536184,2.217116,0.7390387,0.136,0.0,0.13962507,17.620213,17.640213,2828800
hardzero_plus_depr__c0p50__z1p00__lam0p020__nu0p50__psi0p75,hardzero_plus_depr,0.06,39,884,0.0,2,0.15587601,0.15587601,1.0163572,0.0,0.09630367,0.0,0.0,1.0773725e-07,-27.175917,2.2360306,0.74534357,0.17,0.0,0.14330742,17.640213,17.660213,2832000
hardzero_plus_depr__c0p50__z1p00__lam0p020__nu0p50__psi0p75,hardzero_plus_depr,0.06,39,885,0.0,2,0.15587601,0.15587603,0.9885661,0.10266773,0.10266773,1.0,1.0896455e-08,1.0613321e-07,-26.915918,2.1748888,0.72496295,0.16800001,0.0,0.15192053,17.660213,17.680214,2835200
hardzero_plus_depr__c0p50__z1p00__lam0p020__nu0p50__psi0p75,hardzero_plus_depr,0.06,39,886,0.0,2,0.15587603,0.15587603,1.0591491,0.0,0.08726716,0.0,0.0,1.0455306e-07,-27.681929,2.3301747,0.77672493,0.18400002,0.0,0.17938447,17.680214,17.700214,2838400
hardzero_plus_depr__c0p50__z1p00__lam0p020__nu0p50__psi0p75,hardzero_plus_depr,0.06,39,887,0.0,2,0.15587603,0.15587603,1.0475636,0.0,0.0896265,0.0,0.0,1.0299643e-07,-27.17195,2.3046858,0.76822865,0.16000001,0.0,0.1455764,17.700214,17.720215,2841600
hardzero_plus_depr__c0p50__z1p00__lam0p020__nu0p50__psi0p75,hardzero_plus_depr,0.06,39,888,0.0,2,0.15587603,0.15587604,0.9923701,0.10177235,0.10177235,1.0,1.0326126e-08,1.0146297e-07,-27.281141,2.1832578,0.7277526,0.192,0.0,0.15734246,17.720215,17.740215,2844800
hardzero_plus_depr__c0p50__z1p00__lam0p020__nu0p50__psi0p75,hardzero_plus_depr,0.06,39,889,0.0,2,0.15587604,0.15587604,1.0733627,0.0,0.08445732,0.0,0.0,9.9952366e-08,-27.695467,2.3614452,0.7871484,0.18400002,0.0,0.16041724,17.740215,17.760216,2848000
hardzero_plus_depr__c0p50__z1p00__lam0p020__nu0p50__psi0p75,hardzero_plus_depr,0.06,39,890,0.0,2,0.15587604,0.15587606,0.9871851,0.1029947,0.1029947,1.0,1.0141293e-08,9.846422e-08,-26.817122,2.1718507,0.72395027,0.136,0.0,0.1312223,17.760216,17.780216,2851200
hardzero_plus_depr__c0p50__z1p00__lam0p020__nu0p50__psi0p75,hardzero_plus_depr,0.06,39,891,0.0,2,0.15587606,0.15587607,0.9683019,0.10757171,0.10757171,1.0,1.0434268e-08,9.699825e-08,-26.463213,2.1303067,0.71010226,0.16800001,0.0,0.13786912,17.780216,17.800217,2854400
hardzero_plus_depr__c0p50__z1p00__lam0p020__nu0p50__psi0p75,hardzero_plus_depr,0.06,39,892,0.0,2,0.15587607,0.15587607,1.0368553,0.0,0.09186386,0.0,0.0,9.55541e-08,-27.374367,2.2811272,0.76037574,0.16800001,0.0,0.152416,17.800217,17.820217,2857600
hardzero_plus_depr__c0p50__z1p00__lam0p020__nu0p50__psi0p75,hardzero_plus_depr,0.06,39,893,0.0,2,0.15587607,0.15587607,1.0391985,0.0,0.09136955,0.0,0.0,9.413146e-08,-27.049181,2.2862823,0.76209414,0.224,0.0,0.14373812,17.820217,17.840218,2860800
hardzero_plus_depr__c0p50__z1p00__lam0p020__nu0p50__psi0p75,hardzero_plus_depr,0.06,39,894,0.0,2,0.15587607,0.15587607,1.048154,0.0,0.089504726,0.0,0.0,9.272999e-08,-27.601738,2.3059847,0.7686616,0.16800001,0.0,0.13874845,17.840218,17.860218,2864000
hardzero_plus_depr__c0p50__z1p00__lam0p020__nu0p50__psi0p75,hardzero_plus_depr,0.06,39,895,0.0,2,0.15587607,0.15587607,1.0168716,0.0,0.09618967,0.0,0.0,9.1349385e-08,-27.63296,2.237162,0.74572074,0.18400002,0.0,0.14468625,17.860218,17.880219,2867200
hardzero_plus_depr__c0p50__z1p00__lam0p020__nu0p50__psi0p75,hardzero_plus_depr,0.06,39,896,0.0,2,0.15587607,0.15587609,0.9756873,0.10575788,0.10575788,1.0,9.517082e-09,8.998934e-08,-26.745157,2.146555,0.71551836,0.136,0.0,0.14601965,17.880219,17.900219,2870400
hardzero_plus_depr__c0p50__z1p00__lam0p020__nu0p50__psi0p75,hardzero_plus_depr,0.06,39,897,0.0,2,0.15587609,0.1558761,0.9936378,0.10147572,0.10147572,1.0,8.995777e-09,8.864954e-08,-26.375837,2.1860468,0.7286823,0.13,0.0,0.13718084,17.900219,17.92022,2873600
hardzero_plus_depr__c0p50__z1p00__lam0p020__nu0p50__psi0p75,hardzero_plus_depr,0.06,39,898,0.0,2,0.1558761,0.1558761,1.0867904,0.0,0.08188597,0.0,0.0,8.7329695e-08,-28.72178,2.3909867,0.7969956,0.16800001,0.0,0.15000659,17.92022,17.94022,2876800
hardzero_plus_depr__c0p50__z1p00__lam0p020__nu0p50__psi0p75,hardzero_plus_depr,0.06,39,899,0.0,2,0.1558761,0.15587611,0.987159,0.10300089,0.10300089,1.0,8.8611145e-09,8.6029495e-08,-26.962772,2.1717932,0.7239311,0.096,0.0,0.14498012,17.94022,17.96022,2880000
hardzero_plus_depr__c0p50__z1p00__lam0p020__nu0p50__psi0p75,hardzero_plus_depr,0.06,39,900,0.0,2,0.15587611,0.15587611,1.0467993,0.0,0.089784354,0.0,0.0,8.474865e-08,-27.502438,2.3030045,0.7676682,0.15200001,0.0,0.13414271,17.96022,17.98022,2883200
hardzero_plus_depr__c0p50__z1p00__lam0p020__nu0p50__psi0p75,hardzero_plus_depr,0.06,39,901,0.0,2,0.15587611,0.15587613,0.99876857,0.10028396,0.10028396,1.0,8.372394e-09,8.3486874e-08,-27.499144,2.1973348,0.73244494,0.16000001,0.0,0.14487986,17.98022,18.000221,2886400
hardzero_plus_depr__c0p50__z1p00__lam0p020__nu0p50__psi0p75,hardzero_plus_depr,0.06,39,902,0.0,2,0.15587613,0.15587613,1.0155234,0.0,0.09648873,0.0,0.0,8.22439e-08,-27.257511,2.2341962,0.7447321,0.16000001,0.0,0.14232595,18.000221,18.020222,2889600
hardzero_plus_depr__c0p50__z1p00__lam0p020__nu0p50__psi0p75,hardzero_plus_depr,0.06,39,903,0.0,2,0.15587613,0.15587613,1.0396065,0.0,0.09128376,0.0,0.0,8.1019415e-08,-27.760479,2.28718,0.76239336,0.192,0.0,0.13837008,18.020222,18.040222,2892800
hardzero_plus_depr__c0p50__z1p00__lam0p020__nu0p50__psi0p75,hardzero_plus_depr,0.06,39,904,0.0,2,0.15587613,0.15587614,0.99263173,0.10171109,0.10171109,1.0,8.117882e-09,7.9813155e-08,-26.067278,2.1838334,0.7279445,0.15200001,0.0,0.1468046,18.040222,18.060223,2896000
hardzero_plus_depr__c0p50__z1p00__lam0p020__nu0p50__psi0p75,hardzero_plus_depr,0.06,39,905,0.0,2,0.15587614,0.15587614,1.0260849,0.0,0.09417055,0.0,0.0,7.862488e-08,-27.72036,2.2574317,0.7524773,0.128,0.0,0.13594984,18.060223,18.080223,2899200
hardzero_plus_depr__c0p50__z1p00__lam0p020__nu0p50__psi0p75,hardzero_plus_depr,0.06,39,906,0.0,2,0.15587614,0.15587614,1.0705789,0.0,0.08500041,0.0,0.0,7.7454274e-08,-27.802172,2.3553207,0.7851069,0.112,0.0,0.14530085,18.080223,18.100224,2902400
hardzero_plus_depr__c0p50__z1p00__lam0p020__nu0p50__psi0p75,hardzero_plus_depr,0.06,39,907,0.0,2,0.15587614,0.15587614,1.0053082,0.0,0.098785184,0.0,0.0,7.6301106e-08,-26.115145,2.2117221,0.73724073,0.136,0.0,0.14801936,18.100224,18.120224,2905600
hardzero_plus_depr__c0p50__z1p00__lam0p020__nu0p50__psi0p75,hardzero_plus_depr,0.06,39,908,0.0,2,0.15587614,0.15587614,1.0746456,0.0,0.084208205,0.0,0.0,7.5165104e-08,-29.259369,2.3642676,0.7880892,0.15200001,0.0,0.1848928,18.120224,18.140224,2908800
hardzero_plus_depr__c0p50__z1p00__lam0p020__nu0p50__psi0p75,hardzero_plus_depr,0.06,39,909,0.0,2,0.15587614,0.15587616,0.99587023,0.10095544,0.10095544,1.0,7.475348e-09,7.4046014e-08,-27.267466,2.1909583,0.73031944,0.120000005,0.0,0.14489675,18.140224,18.160225,2912000
hardzero_plus_depr__c0p50__z1p00__lam0p020__nu0p50__psi0p75,hardzero_plus_depr,0.06,39,910,0.0,2,0.15587616,0.15587616,1.0475316,0.0,0.08963309,0.0,0.0,7.294359e-08,-27.552683,2.3046155,0.76820517,0.14,0.0,0.1404973,18.160225,18.180225,2915200
hardzero_plus_depr__c0p50__z1p00__lam0p020__nu0p50__psi0p75,hardzero_plus_depr,0.06,39,911,0.0,2,0.15587616,0.15587616,0.98897284,0.10257159,0.10257159,1.0,7.370546e-09,7.185758e-08,-26.253626,2.1757836,0.7252612,0.16800001,0.0,0.11867157,18.180225,18.200226,2918400
hardzero_plus_depr__c0p50__z1p00__lam0p020__nu0p50__psi0p75,hardzero_plus_depr,0.06,39,912,0.0,2,0.15587616,0.15587616,1.0065868,0.0,0.09849476,0.0,0.0,7.0787735e-08,-26.729801,2.2145352,0.73817843,0.23200001,0.0,0.1599363,18.200226,18.220226,2921600
hardzero_plus_depr__c0p50__z1p00__lam0p020__nu0p50__psi0p75,hardzero_plus_depr,0.06,39,913,0.0,2,0.15587616,0.15587616,1.0997877,0.0,0.079471655,0.0,0.0,6.9733815e-08,-28.621918,2.4195812,0.8065271,0.096,0.0,0.15751766,18.220226,18.240227,2924800
hardzero_plus_depr__c0p50__z1p00__lam0p020__nu0p50__psi0p75,hardzero_plus_depr,0.06,39,914,0.0,2,0.15587616,0.15587616,1.0066905,0.0,0.09847126,0.0,0.0,6.869559e-08,-26.807243,2.2147634,0.7382545,0.208,0.0,0.13273817,18.240227,18.260227,2928000
hardzero_plus_depr__c0p50__z1p00__lam0p020__nu0p50__psi0p75,hardzero_plus_depr,0.06,39,915,0.0,2,0.15587616,0.15587616,1.030554,0.0,0.09320644,0.0,0.0,6.767282e-08,-27.875942,2.2672641,0.7557547,0.128,0.0,0.1575087,18.260227,18.280228,2931200
hardzero_plus_depr__c0p50__z1p00__lam0p020__nu0p50__psi0p75,hardzero_plus_depr,0.06,39,916,0.0,2,0.15587616,0.15587616,1.0134013,0.0,0.096961364,0.0,0.0,6.666529e-08,-27.448692,2.2295272,0.74317575,0.15200001,0.0,0.15458931,18.280228,18.300228,2934400
hardzero_plus_depr__c0p50__z1p00__lam0p020__nu0p50__psi0p75,hardzero_plus_depr,0.06,39,917,0.0,2,0.15587616,0.15587616,0.97785264,0.105231866,0.105231866,1.0,6.910866e-09,6.567275e-08,-25.609419,2.1513188,0.7171063,0.192,0.0,0.12546407,18.300228,18.320229,2937600
hardzero_plus_depr__c0p50__z1p00__lam0p020__nu0p50__psi0p75,hardzero_plus_depr,0.06,39,918,0.0,2,0.15587616,0.15587616,1.0314144,0.0,0.09302198,0.0,0.0,6.469498e-08,-26.917706,2.269157,0.7563857,0.15200001,0.0,0.1446049,18.320229,18.340229,2940800
hardzero_plus_depr__c0p50__z1p00__lam0p020__nu0p50__psi0p75,hardzero_plus_depr,0.06,39,919,0.0,2,0.15587616,0.15587616,0.9903377,0.10224976,0.10224976,1.0,6.5165593e-09,6.373178e-08,-25.939491,2.1787865,0.7262622,0.216,0.0,0.12124231,18.340229,18.36023,2944000
hardzero_plus_depr__c0p50__z1p00__lam0p020__nu0p50__psi0p75,hardzero_plus_depr,0.06,39,920,0.0,2,0.15587616,0.15587616,1.0026226,0.0,0.09939794,0.0,0.0,6.278292e-08,-27.002228,2.2058136,0.7352712,0.120000005,0.0,0.14321664,18.36023,18.38023,2947200
hardzero_plus_depr__c0p50__z1p00__lam0p020__nu0p50__psi0p75,hardzero_plus_depr,0.06,39,921,0.0,2,0.15587616,0.15587616,1.0500417,0.0,0.08911653,0.0,0.0,6.1848176e-08,-26.858557,2.3101377,0.77004594,0.17600001,0.0,0.13668999,18.38023,18.40023,2950400
hardzero_plus_depr__c0p50__z1p00__lam0p020__nu0p50__psi0p75,hardzero_plus_depr,0.06,39,922,0.0,2,0.15587616,0.15587616,1.1056745,0.0,0.07840171,0.0,0.0,6.092736e-08,-27.967306,2.4325325,0.8108442,0.112,0.0,0.15659428,18.40023,18.42023,2953600
hardzero_plus_depr__c0p50__z1p00__lam0p020__nu0p50__psi0p75,hardzero_plus_depr,0.06,39,923,0.0,2,0.15587616,0.15587616,1.0012926,0.0,0.09970282,0.0,0.0,6.002024e-08,-26.427748,2.2028878,0.73429596,0.17999999,0.0,0.15281299,18.42023,18.440231,2956800
hardzero_plus_depr__c0p50__z1p00__lam0p020__nu0p50__psi0p75,hardzero_plus_depr,0.06,39,924,0.0,2,0.15587616,0.15587616,1.022525,0.0,0.09494565,0.0,0.0,5.9126638e-08,-26.97008,2.2496,0.74986666,0.17600001,0.0,0.12874012,18.440231,18.460232,2960000
hardzero_plus_depr__c0p50__z1p00__lam0p020__nu0p50__psi0p75,hardzero_plus_depr,0.06,39,925,0.0,2,0.15587616,0.15587616,1.0086166,0.0,0.0980355,0.0,0.0,5.824634e-08,-26.554695,2.2190008,0.73966694,0.2,0.008,0.16655017,18.460232,18.480232,2963200
hardzero_plus_depr__c0p50__z1p00__lam0p020__nu0p50__psi0p75,hardzero_plus_depr,0.06,39,926,0.0,2,0.15587616,0.15587616,1.0488908,0.0,0.08935301,0.0,0.0,5.7379147e-08,-26.987934,2.307606,0.769202,0.128,0.0,0.14910151,18.480232,18.500233,2966400
hardzero_plus_depr__c0p50__z1p00__lam0p020__nu0p50__psi0p75,hardzero_plus_depr,0.06,39,927,0.0,2,0.15587616,0.15587616,1.0466733,0.0,0.08981041,0.0,0.0,5.652486e-08,-27.14356,2.3027272,0.76757574,0.15200001,0.0,0.11897104,18.500233,18.520233,2969600
hardzero_plus_depr__c0p50__z1p00__lam0p020__nu0p50__psi0p75,hardzero_plus_depr,0.06,39,928,0.0,2,0.15587616,0.15587616,1.0207208,0.0,0.09534087,0.0,0.0,5.5683298e-08,-26.965439,2.2456307,0.7485436,0.16000001,0.0,0.15000658,18.520233,18.540234,2972800
hardzero_plus_depr__c0p50__z1p00__lam0p020__nu0p50__psi0p75,hardzero_plus_depr,0.06,39,929,0.0,2,0.15587616,0.15587616,1.0001283,0.0,0.09997047,0.0,0.0,5.4854265e-08,-26.172523,2.2003262,0.73344207,0.104,0.0,0.11002704,18.540234,18.560234,2976000
hardzero_plus_depr__c0p50__z1p00__lam0p020__nu0p50__psi0p75,hardzero_plus_depr,0.06,39,930,0.0,2,0.15587616,0.15587616,1.0055997,0.0,0.09871888,0.0,0.0,5.4037567e-08,-25.904163,2.2123637,0.7374546,0.136,0.0,0.15017617,18.560234,18.580235,2979200
hardzero_plus_depr__c0p50__z1p00__lam0p020__nu0p50__psi0p75,hardzero_plus_depr,0.06,39,931,0.0,2,0.15587616,0.15587616,1.053055,0.0,0.088500336,0.0,0.0,5.3233038e-08,-27.515846,2.3167675,0.77225584,0.16800001,0.0,0.15674523,18.580235,18.600235,2982400
hardzero_plus_depr__c0p50__z1p00__lam0p020__nu0p50__psi0p75,hardzero_plus_depr,0.06,39,932,0.0,2,0.15587616,0.15587616,0.9930992,0.10160165,0.10160165,1.0,5.32804e-09,5.2440484e-08,-27.086678,2.184862,0.72828734,0.128,0.0,0.122627616,18.600235,18.620235,2985600
hardzero_plus_depr__c0p50__z1p00__lam0p020__nu0p50__psi0p75,hardzero_plus_depr,0.06,39,933,0.0,2,0.15587616,0.15587616,1.0162596,0.0,0.0963253,0.0,0.0,5.1659725e-08,-27.08954,2.2358158,0.7452719,0.17600001,0.0,0.1322703,18.620235,18.640236,2988800
hardzero_plus_depr__c0p50__z1p00__lam0p020__nu0p50__psi0p75,hardzero_plus_depr,0.06,39,934,0.0,2,0.15587616,0.15587616,1.0468713,0.0,0.089769475,0.0,0.0,5.0890595e-08,-27.712643,2.3031628,0.76772094,0.15200001,0.0,0.13258044,18.640236,18.660236,2992000
hardzero_plus_depr__c0p50__z1p00__lam0p020__nu0p50__psi0p75,hardzero_plus_depr,0.06,39,935,0.0,2,0.15587616,0.15587616,1.0264554,0.0,0.094090246,0.0,0.0,5.013292e-08,-26.471031,2.258247,0.75274897,0.072000004,0.0,0.14556484,18.660236,18.680237,2995200
hardzero_plus_depr__c0p50__z1p00__lam0p020__nu0p50__psi0p75,hardzero_plus_depr,0.06,39,936,0.0,2,0.15587616,0.15587616,0.96625763,0.108079255,0.108079255,1.0,5.337658e-09,4.9386518e-08,-26.048376,2.1258092,0.7086031,0.19,0.0,0.122014225,18.680237,18.700237,2998400
hardzero_plus_depr__c0p50__z1p00__lam0p020__nu0p50__psi0p75,hardzero_plus_depr,0.06,39,937,0.0,2,0.15587616,0.15587616,1.0391674,0.0,0.09137608,0.0,0.0,4.8651234e-08,-27.281471,2.2862139,0.7620713,0.16800001,0.0,0.15322746,18.700237,18.720238,3001600
hardzero_plus_depr__c0p50__z1p00__lam0p020__nu0p50__psi0p75,hardzero_plus_depr,0.06,39,938,0.0,2,0.15587616,0.15587616,0.997589,0.1005567,0.1005567,1.0,4.8193702e-09,4.7926893e-08,-26.876951,2.1947396,0.7315799,0.14400001,0.0,0.13356572,18.720238,18.740238,3004800
hardzero_plus_depr__c0p50__z1p00__lam0p020__nu0p50__psi0p75,hardzero_plus_depr,0.06,39,939,0.0,2,0.15587616,0.15587616,0.99399143,0.10139313,0.10139313,1.0,4.787108e-09,4.7213337e-08,-26.468153,2.1868248,0.7289416,0.216,0.0,0.16485165,18.740238,18.760239,3008000
hardzero_plus_depr__c0p50__z1p00__lam0p020__nu0p50__psi0p75,hardzero_plus_depr,0.06,39,940,0.0,2,0.15587616,0.15587616,1.012212,0.0,0.09722723,0.0,0.0,4.6510408e-08,-26.390121,2.2269108,0.7423036,0.16800001,0.0,0.13928668,18.760239,18.78024,3011200
hardzero_plus_depr__c0p50__z1p00__lam0p020__nu0p50__psi0p75,hardzero_plus_depr,0.06,39,941,0.0,2,0.15587616,0.15587616,1.0491505,0.0,0.08929959,0.0,0.0,4.581794e-08,-27.373348,2.308177,0.7693924,0.15200001,0.0,0.13665172,18.78024,18.80024,3014400
hardzero_plus_depr__c0p50__z1p00__lam0p020__nu0p50__psi0p75,hardzero_plus_depr,0.06,39,942,0.0,2,0.15587616,0.15587616,0.97596335,0.10569067,0.10569067,1.0,4.770432e-09,4.513579e-08,-26.943079,2.1471622,0.7157208,0.18400002,0.0,0.119226724,18.80024,18.82024,3017600
hardzero_plus_depr__c0p50__z1p00__lam0p020__nu0p50__psi0p75,hardzero_plus_depr,0.06,39,943,0.0,2,0.15587616,0.15587616,1.027238,0.0,0.093920834,0.0,0.0,4.4463786e-08,-27.5047,2.2599688,0.75332296,0.15200001,0.0,0.12696451,18.82024,18.84024,3020800
hardzero_plus_depr__c0p50__z1p00__lam0p020__nu0p50__psi0p75,hardzero_plus_depr,0.06,39,944,0.0,2,0.15587616,0.15587616,1.0598193,0.0,0.08713259,0.0,0.0,4.380179e-08,-27.822535,2.331649,0.7772164,0.112,0.0,0.16210763,18.84024,18.86024,3024000
hardzero_plus_depr__c0p50__z1p00__lam0p020__nu0p50__psi0p75,hardzero_plus_depr,0.06,39,945,0.0,2,0.15587616,0.15587616,0.9990819,0.10021163,0.10021163,1.0,4.324097e-09,4.3149655e-08,-27.374146,2.198024,0.7326747,0.16800001,0.008,0.14426494,18.86024,18.880241,3027200
hardzero_plus_depr__c0p50__z1p00__lam0p020__nu0p50__psi0p75,hardzero_plus_depr,0.06,39,946,0.0,2,0.15587616,0.15587616,1.0196849,0.0,0.09556856,0.0,0.0,4.2507228e-08,-27.376299,2.2433517,0.7477839,0.17600001,0.0,0.1419081,18.880241,18.900242,3030400
hardzero_plus_depr__c0p50__z1p00__lam0p020__nu0p50__psi0p75,hardzero_plus_depr,0.06,39,947,0.0,2,0.15587616,0.15587616,0.9535212,0.111295804,0.111295804,1.0,4.660441e-09,4.187436e-08,-26.188658,2.0977886,0.69926286,0.296,0.0,0.15755,18.900242,18.920242,3033600
hardzero_plus_depr__c0p50__z1p00__lam0p020__nu0p50__psi0p75,hardzero_plus_depr,0.06,39,948,0.0,2,0.15587616,0.15587616,1.0633337,0.0,0.08643034,0.0,0.0,4.1250917e-08,-28.119177,2.339381,0.7797937,0.136,0.0,0.15877439,18.920242,18.940243,3036800
hardzero_plus_depr__c0p50__z1p00__lam0p020__nu0p50__psi0p75,hardzero_plus_depr,0.06,39,949,0.0,2,0.15587616,0.15587616,0.96374214,0.108707085,0.108707085,1.0,4.4175033e-09,4.0636756e-08,-26.836826,2.120275,0.7067584,0.19,0.0,0.13544698,18.940243,18.960243,3040000
hardzero_plus_depr__c0p50__z1p00__lam0p020__nu0p50__psi0p75,hardzero_plus_depr,0.06,39,950,0.0,2,0.15587616,0.15587616,1.0302324,0.0,0.093275495,0.0,0.0,4.0031743e-08,-27.159134,2.2665565,0.75551885,0.192,0.0,0.17376694,18.960243,18.980244,3043200
hardzero_plus_depr__c0p50__z1p00__lam0p020__nu0p50__psi0p75,hardzero_plus_depr,0.06,39,951,0.0,2,0.15587616,0.15587616,1.0188786,0.0,0.09574618,0.0,0.0,3.9435736e-08,-26.89866,2.2415776,0.74719256,0.216,0.0,0.15141612,18.980244,19.000244,3046400
hardzero_plus_depr__c0p50__z1p00__lam0p020__nu0p50__psi0p75,hardzero_plus_depr,0.06,39,952,0.0,2,0.15587616,0.15587616,1.0314708,0.0,0.0930099,0.0,0.0,3.88486e-08,-27.224615,2.2692811,0.75642705,0.16800001,0.0,0.13904858,19.000244,19.020245,3049600
hardzero_plus_depr__c0p50__z1p00__lam0p020__nu0p50__psi0p75,hardzero_plus_depr,0.06,39,953,0.0,2,0.15587616,0.15587616,1.0167133,0.0,0.09622474,0.0,0.0,3.8270205e-08,-26.864166,2.2368138,0.74560463,0.128,0.0,0.14034493,19.020245,19.040245,3052800
hardzero_plus_depr__c0p50__z1p00__lam0p020__nu0p50__psi0p75,hardzero_plus_depr,0.06,39,954,0.0,2,0.15587616,0.15587616,0.9868333,0.10307818,0.10307818,1.0,3.886091e-09,3.7700424e-08,-26.019545,2.1710765,0.7236922,0.112,0.0,0.12049861,19.040245,19.060246,3056000
hardzero_plus_depr__c0p50__z1p00__lam0p020__nu0p50__psi0p75,hardzero_plus_depr,0.06,39,955,0.0,2,0.15587616,0.15587616,0.97033036,0.10707045,0.10707045,1.0,3.9765027e-09,3.7139124e-08,-25.91022,2.1347694,0.7115898,0.208,0.0,0.12448147,19.060246,19.080246,3059200
hardzero_plus_depr__c0p50__z1p00__lam0p020__nu0p50__psi0p75,hardzero_plus_depr,0.06,39,956,0.0,2,0.15587616,0.15587616,0.99030524,0.102257386,0.102257386,1.0,3.7412073e-09,3.6586183e-08,-27.403515,2.178715,0.72623837,0.224,0.0,0.13402341,19.080246,19.100246,3062400
hardzero_plus_depr__c0p50__z1p00__lam0p020__nu0p50__psi0p75,hardzero_plus_depr,0.06,39,957,0.0,2,0.15587616,0.15587616,1.0373664,0.0,0.09175582,0.0,0.0,3.6041474e-08,-26.558878,2.2822516,0.76075053,0.16000001,0.0,0.12473023,19.100246,19.120247,3065600
hardzero_plus_depr__c0p50__z1p00__lam0p020__nu0p50__psi0p75,hardzero_plus_depr,0.06,39,958,0.0,2,0.15587616,0.15587616,1.022437,0.0,0.09496487,0.0,0.0,3.5504872e-08,-27.699102,2.2494063,0.7498021,0.17600001,0.0,0.14314276,19.120247,19.140247,3068800
hardzero_plus_depr__c0p50__z1p00__lam0p020__nu0p50__psi0p75,hardzero_plus_depr,0.06,39,959,0.0,2,0.15587616,0.15587616,1.0354338,0.0,0.092165045,0.0,0.0,3.4976264e-08,-27.666359,2.2779999,0.7593333,0.136,0.0,0.13392271,19.140247,19.160248,3072000
hardzero_plus_depr__c0p50__z1p00__lam0p020__nu0p50__psi0p75,hardzero_plus_depr,0.06,39,960,0.0,2,0.15587616,0.15587616,0.97284716,0.10645175,0.10645175,1.0,3.6678505e-09,3.445552e-08,-25.943584,2.1403065,0.71343553,0.16800001,0.0,0.13970807,19.160248,19.180248,3075200
hardzero_plus_depr__c0p50__z1p00__lam0p020__nu0p50__psi0p75,hardzero_plus_depr,0.06,39,961,0.0,2,0.15587616,0.15587616,0.9913228,0.10201808,0.10201808,1.0,3.4627525e-09,3.3942538e-08,-26.215376,2.1809537,0.7269846,0.120000005,0.0,0.15892133,19.180248,19.200249,3078400
hardzero_plus_depr__c0p50__z1p00__lam0p020__nu0p50__psi0p75,hardzero_plus_depr,0.06,39,962,0.0,2,0.15587616,0.15587616,1.020233,0.0,0.09544803,0.0,0.0,3.343718e-08,-26.746872,2.2445574,0.7481858,0.17999999,0.0,0.13600342,19.200249,19.22025,3081600
hardzero_plus_depr__c0p50__z1p00__lam0p020__nu0p50__psi0p75,hardzero_plus_depr,0.06,39,963,0.0,2,0.15587616,0.15587616,1.0190638,0.0,0.09570533,0.0,0.0,3.2939358e-08,-27.33712,2.241985,0.7473284,0.15200001,0.0,0.14228417,19.22025,19.24025,3084800
hardzero_plus_depr__c0p50__z1p00__lam0p020__nu0p50__psi0p75,hardzero_plus_depr,0.06,39,964,0.0,2,0.15587616,0.15587616,1.0162997,0.0,0.09631639,0.0,0.0,3.2448945e-08,-27.520945,2.235904,0.74530137,0.14400001,0.0,0.17251542,19.24025,19.26025,3088000
hardzero_plus_depr__c0p50__z1p00__lam0p020__nu0p50__psi0p75,hardzero_plus_depr,0.06,39,965,0.0,2,0.15587616,0.15587616,1.0487287,0.0,0.089386374,0.0,0.0,3.1965833e-08,-27.742561,2.3072493,0.76908314,0.16000001,0.0,0.15058723,19.26025,19.28025,3091200
hardzero_plus_depr__c0p50__z1p00__lam0p020__nu0p50__psi0p75,hardzero_plus_depr,0.06,39,966,0.0,2,0.15587616,0.15587616,1.0331894,0.0,0.09264256,0.0,0.0,3.148991e-08,-27.359735,2.2730622,0.75768745,0.136,0.0,0.15820989,19.28025,19.300251,3094400
hardzero_plus_depr__c0p50__z1p00__lam0p020__nu0p50__psi0p75,hardzero_plus_depr,0.06,39,967,0.0,2,0.15587616,0.15587616,1.0007514,0.0,0.099827126,0.0,0.0,3.1021077e-08,-26.715693,2.2016969,0.733899,0.104,0.0,0.13365445,19.300251,19.320251,3097600
hardzero_plus_depr__c0p50__z1p00__lam0p020__nu0p50__psi0p75,hardzero_plus_depr,0.06,39,968,0.0,2,0.15587616,0.15587616,1.0606929,0.0,0.086957514,0.0,0.0,3.0559217e-08,-27.173553,2.333571,0.777857,0.16800001,0.0,0.13983113,19.320251,19.340252,3100800
hardzero_plus_depr__c0p50__z1p00__lam0p020__nu0p50__psi0p75,hardzero_plus_depr,0.06,39,969,0.0,2,0.15587616,0.15587616,1.0781225,0.0,0.08353673,0.0,0.0,3.0104243e-08,-28.165781,2.3719168,0.7906389,0.128,0.0,0.15100563,19.340252,19.360252,3104000
hardzero_plus_depr__c0p50__z1p00__lam0p020__nu0p50__psi0p75,hardzero_plus_depr,0.06,39,970,0.0,2,0.15587616,0.15587616,0.9892537,0.1025053,0.1025053,1.0,3.0399012e-09,2.965604e-08,-26.412413,2.1764016,0.7254672,0.192,0.0,0.1557711,19.360252,19.380253,3107200
hardzero_plus_depr__c0p50__z1p00__lam0p020__nu0p50__psi0p75,hardzero_plus_depr,0.06,39,971,0.0,2,0.15587616,0.15587616,1.0623231,0.0,0.086631715,0.0,0.0,2.921451e-08,-27.747877,2.3371575,0.7790525,0.15200001,0.0,0.15820044,19.380253,19.400253,3110400
hardzero_plus_depr__c0p50__z1p00__lam0p020__nu0p50__psi0p75,hardzero_plus_depr,0.06,39,972,0.0,2,0.15587616,0.15587616,1.0255749,0.0,0.09428119,0.0,0.0,2.8779551e-08,-27.61993,2.25631,0.7521033,0.192,0.0,0.16186333,19.400253,19.420254,3113600
hardzero_plus_depr__c0p50__z1p00__lam0p020__nu0p50__psi0p75,hardzero_plus_depr,0.06,39,973,0.0,2,0.15587616,0.15587616,1.0563229,0.0,0.08783692,0.0,0.0,2.8351069e-08,-27.560484,2.3239567,0.77465224,0.104,0.0,0.15324183,19.420254,19.440254,3116800
hardzero_plus_depr__c0p50__z1p00__lam0p020__nu0p50__psi0p75,hardzero_plus_depr,0.06,39,974,0.0,2,0.15587616,0.15587616,1.0584571,0.0,0.087406315,0.0,0.0,2.7928968e-08,-27.753733,2.3286521,0.7762174,0.16800001,0.0,0.15526223,19.440254,19.460255,3120000
hardzero_plus_depr__c0p50__z1p00__lam0p020__nu0p50__psi0p75,hardzero_plus_depr,0.06,39,975,0.0,2,0.15587616,0.15587616,0.99297374,0.101631016,0.101631016,1.0,2.7961895e-09,2.751315e-08,-26.306953,2.1845858,0.7281953,0.14,0.0,0.11152971,19.460255,19.480255,3123200
hardzero_plus_depr__c0p50__z1p00__lam0p020__nu0p50__psi0p75,hardzero_plus_depr,0.06,39,976,0.0,2,0.15587616,0.15587616,0.9556267,0.11075754,0.11075754,1.0,3.0019196e-09,2.7103525e-08,-25.511461,2.1024208,0.700807,0.208,0.0,0.13805757,19.480255,19.500256,3126400
hardzero_plus_depr__c0p50__z1p00__lam0p020__nu0p50__psi0p75,hardzero_plus_depr,0.06,39,977,0.0,2,0.15587616,0.15587616,1.0221629,0.0,0.09502482,0.0,0.0,2.6699997e-08,-26.42351,2.2488034,0.7496011,0.096,0.0,0.14637427,19.500256,19.520256,3129600
hardzero_plus_depr__c0p50__z1p00__lam0p020__nu0p50__psi0p75,hardzero_plus_depr,0.06,39,978,0.0,2,0.15587616,0.15587616,1.0282531,0.0,0.09370157,0.0,0.0,2.6302473e-08,-27.253067,2.262202,0.75406736,0.15200001,0.0,0.1357691,19.520256,19.540257,3132800
hardzero_plus_depr__c0p50__z1p00__lam0p020__nu0p50__psi0p75,hardzero_plus_depr,0.06,39,979,0.0,2,0.15587616,0.15587616,1.039462,0.0,0.09131412,0.0,0.0,2.5910873e-08,-27.402441,2.286862,0.7622873,0.16800001,0.0,0.1502017,19.540257,19.560257,3136000
hardzero_plus_depr__c0p50__z1p00__lam0p020__nu0p50__psi0p75,hardzero_plus_depr,0.06,39,980,0.0,2,0.15587616,0.15587616,1.012529,0.0,0.0971563,0.0,0.0,2.5525104e-08,-27.099882,2.2276084,0.7425362,0.17600001,0.0,0.15183005,19.560257,19.580257,3139200
hardzero_plus_depr__c0p50__z1p00__lam0p020__nu0p50__psi0p75,hardzero_plus_depr,0.06,39,981,0.0,2,0.15587616,0.15587616,0.9741356,0.10613642,0.10613642,1.0,2.6688083e-09,2.5145075e-08,-26.746275,2.143141,0.7143804,0.16000001,0.0,0.13780652,19.580257,19.600258,3142400
hardzero_plus_depr__c0p50__z1p00__lam0p020__nu0p50__psi0p75,hardzero_plus_depr,0.06,39,982,0.0,2,0.15587616,0.15587616,0.99733365,0.10061584,0.10061584,1.0,2.4923255e-09,2.4770706e-08,-26.8611,2.1941779,0.7313926,0.16000001,0.008,0.1423411,19.600258,19.620258,3145600
hardzero_plus_depr__c0p50__z1p00__lam0p020__nu0p50__psi0p75,hardzero_plus_depr,0.06,39,983,0.0,2,0.15587616,0.15587616,1.019696,0.0,0.09556612,0.0,0.0,2.4401906e-08,-26.157776,2.243376,0.747792,0.120000005,0.0,0.14706333,19.620258,19.640259,3148800
hardzero_plus_depr__c0p50__z1p00__lam0p020__nu0p50__psi0p75,hardzero_plus_depr,0.06,39,984,0.0,2,0.15587616,0.15587616,1.0240941,0.0,0.0946032,0.0,0.0,2.4038602e-08,-27.372955,2.253052,0.75101733,0.192,0.008,0.14920451,19.640259,19.66026,3152000
hardzero_plus_depr__c0p50__z1p00__lam0p020__nu0p50__psi0p75,hardzero_plus_depr,0.06,39,985,0.0,2,0.15587616,0.15587616,1.0957887,0.0,0.08020681,0.0,0.0,2.3680707e-08,-27.994967,2.4107833,0.80359447,0.112,0.0,0.18409495,19.66026,19.68026,3155200
hardzero_plus_depr__c0p50__z1p00__lam0p020__nu0p50__psi0p75,hardzero_plus_depr,0.06,39,986,0.0,2,0.15587616,0.15587616,1.0930375,0.0,0.080716535,0.0,0.0,2.332814e-08,-28.23877,2.4047306,0.80157685,0.128,0.0,0.15186647,19.68026,19.70026,3158400
hardzero_plus_depr__c0p50__z1p00__lam0p020__nu0p50__psi0p75,hardzero_plus_depr,0.06,39,987,0.0,2,0.15587616,0.15587616,0.9426958,0.11410487,0.11410487,1.0,2.6222238e-09,2.2980823e-08,-26.054644,2.0739722,0.6913241,0.192,0.0,0.131243,19.70026,19.72026,3161600
hardzero_plus_depr__c0p50__z1p00__lam0p020__nu0p50__psi0p75,hardzero_plus_depr,0.06,39,988,0.0,2,0.15587616,0.15587616,0.9940649,0.10137597,0.10137597,1.0,2.2950173e-09,2.2638671e-08,-26.460375,2.1869864,0.7289955,0.19,0.0,0.16428949,19.72026,19.740261,3164800
hardzero_plus_depr__c0p50__z1p00__lam0p020__nu0p50__psi0p75,hardzero_plus_depr,0.06,39,989,0.0,2,0.15587616,0.15587616,1.05755,0.0,0.087589085,0.0,0.0,2.2301618e-08,-26.926609,2.3266563,0.77555215,0.104,0.0,0.14422862,19.740261,19.760262,3168000
hardzero_plus_depr__c0p50__z1p00__lam0p020__nu0p50__psi0p75,hardzero_plus_depr,0.06,39,990,0.0,2,0.15587616,0.15587616,0.9683071,0.10757043,0.10757043,1.0,2.3632778e-09,2.1969585e-08,-26.273876,2.1303182,0.7101061,0.16000001,0.0,0.114849426,19.760262,19.780262,3171200
hardzero_plus_depr__c0p50__z1p00__lam0p020__nu0p50__psi0p75,hardzero_plus_depr,0.06,39,991,0.0,2,0.15587616,0.15587616,0.9867362,0.10310123,0.10310123,1.0,2.2313675e-09,2.1642492e-08,-26.44471,2.170863,0.723621,0.16000001,0.0,0.13660409,19.780262,19.800262,3174400
hardzero_plus_depr__c0p50__z1p00__lam0p020__nu0p50__psi0p75,hardzero_plus_depr,0.06,39,992,0.0,2,0.15587616,0.15587616,0.9763876,0.10558746,0.10558746,1.0,2.2511533e-09,2.132027e-08,-26.916204,2.1480956,0.7160319,0.14400001,0.0,0.13552979,19.800262,19.820263,3177600
hardzero_plus_depr__c0p50__z1p00__lam0p020__nu0p50__psi0p75,hardzero_plus_depr,0.06,39,993,0.0,2,0.15587616,0.15587616,1.0015966,0.0,0.09963305,0.0,0.0,2.1002846e-08,-26.21231,2.2035565,0.7345189,0.16800001,0.0,0.11628736,19.820263,19.840263,3180800
hardzero_plus_depr__c0p50__z1p00__lam0p020__nu0p50__psi0p75,hardzero_plus_depr,0.06,39,994,0.0,2,0.15587616,0.15587616,0.9831292,0.10396109,0.10396109,1.0,2.15097e-09,2.0690146e-08,-26.48812,2.1629274,0.7209758,0.16000001,0.0,0.116012804,19.840263,19.860264,3184000
hardzero_plus_depr__c0p50__z1p00__lam0p020__nu0p50__psi0p75,hardzero_plus_depr,0.06,39,995,0.0,2,0.15587616,0.15587616,1.0551845,0.0,0.08806746,0.0,0.0,2.0382103e-08,-28.062475,2.3214521,0.7738174,0.14400001,0.0,0.15614693,19.860264,19.880264,3187200
hardzero_plus_depr__c0p50__z1p00__lam0p020__nu0p50__psi0p75,hardzero_plus_depr,0.06,39,996,0.0,2,0.15587616,0.15587616,1.0016276,0.0,0.09962592,0.0,0.0,2.0078646e-08,-27.137733,2.2036247,0.7345416,0.16000001,0.0,0.15611356,19.880264,19.900265,3190400
hardzero_plus_depr__c0p50__z1p00__lam0p020__nu0p50__psi0p75,hardzero_plus_depr,0.06,39,997,0.0,2,0.15587616,0.15587616,1.0336896,0.0,0.09253591,0.0,0.0,1.9779707e-08,-27.854769,2.2741625,0.7580542,0.104,0.0,0.15524177,19.900265,19.920265,3193600
hardzero_plus_depr__c0p50__z1p00__lam0p020__nu0p50__psi0p75,hardzero_plus_depr,0.06,39,998,0.0,2,0.15587616,0.15587616,1.0133066,0.0,0.096982494,0.0,0.0,1.948522e-08,-26.874142,2.229319,0.74310637,0.128,0.0,0.12814696,19.920265,19.940266,3196800
hardzero_plus_depr__c0p50__z1p00__lam0p020__nu0p50__psi0p75,hardzero_plus_depr,0.06,39,999,0.0,2,0.15587616,0.15587616,1.0504341,0.0,0.08903604,0.0,0.0,1.9195115e-08,-28.153194,2.311001,0.7703337,0.112,0.0,0.1493922,19.940266,19.960266,3200000
hardzero_plus_depr__c0p50__z1p00__lam0p020__nu0p50__psi0p75,hardzero_plus_depr,0.06,39,1000,0.0,2,0.15587616,0.15587616,1.0533499,0.0,0.088440284,0.0,0.0,1.8909333e-08,-28.545511,2.317416,0.772472,0.128,0.0,0.1778228,19.960266,19.980267,3203200
hardzero_plus_depr__c0p50__z1p00__lam0p020__nu0p50__psi0p75,hardzero_plus_depr,0.06,39,1001,0.0,2,0.15587616,0.15587616,0.9838596,0.10378639,0.10378639,1.0,1.9333122e-09,1.8627802e-08,-26.032763,2.1645343,0.7215115,0.16,0.0,0.13446483,19.980267,20.000267,3206400
hardzero_plus_depr__c0p50__z1p00__lam0p020__nu0p50__psi0p75,hardzero_plus_depr,0.06,39,1002,0.0,2,0.15587616,0.15587616,1.0224189,0.0,0.09496883,0.0,0.0,1.8350464e-08,-26.986614,2.2493663,0.74978876,0.216,0.0,0.14431086,20.000267,20.020267,3209600
hardzero_plus_depr__c0p50__z1p00__lam0p020__nu0p50__psi0p75,hardzero_plus_depr,0.06,39,1003,0.0,2,0.15587616,0.15587616,1.0287826,0.0,0.09358739,0.0,0.0,1.8077253e-08,-27.293772,2.263367,0.7544557,0.18400002,0.0,0.16737923,20.020267,20.040268,3212800
hardzero_plus_depr__c0p50__z1p00__lam0p020__nu0p50__psi0p75,hardzero_plus_depr,0.06,39,1004,0.0,2,0.15587616,0.15587616,1.0165854,0.0,0.09625308,0.0,0.0,1.7808112e-08,-26.508934,2.2365324,0.7455108,0.192,0.0,0.13621618,20.040268,20.060268,3216000
hardzero_plus_depr__c0p50__z1p00__lam0p020__nu0p50__psi0p75,hardzero_plus_depr,0.06,39,1005,0.0,2,0.15587616,0.15587616,0.9927646,0.10167997,0.10167997,1.0,1.7837696e-09,1.7542979e-08,-27.42185,2.1841257,0.7280419,0.16000001,0.0,0.15735509,20.060268,20.080269,3219200
hardzero_plus_depr__c0p50__z1p00__lam0p020__nu0p50__psi0p75,hardzero_plus_depr,0.06,39,1006,0.0,2,0.15587616,0.15587616,1.027391,0.0,0.09388777,0.0,0.0,1.7281792e-08,-27.13808,2.2603052,0.7534351,0.16000001,0.0,0.1422579,20.080269,20.10027,3222400
hardzero_plus_depr__c0p50__z1p00__lam0p020__nu0p50__psi0p75,hardzero_plus_depr,0.06,39,1007,0.0,2,0.15587616,0.15587616,1.03793,0.0,0.091636814,0.0,0.0,1.7024494e-08,-26.915184,2.2834916,0.7611639,0.128,0.0,0.15269573,20.10027,20.12027,3225600
hardzero_plus_depr__c0p50__z1p00__lam0p020__nu0p50__psi0p75,hardzero_plus_depr,0.06,39,1008,0.0,2,0.15587616,0.15587616,1.0260943,0.0,0.09416851,0.0,0.0,1.6771025e-08,-27.282001,2.2574525,0.7524842,0.17600001,0.0,0.15952405,20.12027,20.14027,3228800
hardzero_plus_depr__c0p50__z1p00__lam0p020__nu0p50__psi0p75,hardzero_plus_depr,0.06,39,1009,0.0,2,0.15587616,0.15587616,1.0569475,0.0,0.087710686,0.0,0.0,1.6521332e-08,-27.924618,2.325331,0.77511036,0.104,0.0,0.15840846,20.14027,20.16027,3232000
hardzero_plus_depr__c0p50__z1p00__lam0p020__nu0p50__psi0p75,hardzero_plus_depr,0.06,39,1010,0.0,2,0.15587616,0.15587616,0.99806917,0.10044557,0.10044557,1.0,1.6347874e-09,1.6275356e-08,-27.158243,2.195796,0.73193204,0.17600001,0.0,0.124235205,20.16027,20.180271,3235200
hardzero_plus_depr__c0p50__z1p00__lam0p020__nu0p50__psi0p75,hardzero_plus_depr,0.06,39,1011,0.0,2,0.15587616,0.15587616,0.95193124,0.11170402,0.11170402,1.0,1.7909554e-09,1.6033043e-08,-25.574347,2.0942905,0.6980969,0.256,0.008,0.14330293,20.180271,20.200272,3238400
hardzero_plus_depr__c0p50__z1p00__lam0p020__nu0p50__psi0p75,hardzero_plus_depr,0.06,39,1012,0.0,2,0.15587616,0.15587616,1.018282,0.0,0.09587779,0.0,0.0,1.5794335e-08,-26.815697,2.2402654,0.7467551,0.120000005,0.0,0.14937808,20.200272,20.220272,3241600
hardzero_plus_depr__c0p50__z1p00__lam0p020__nu0p50__psi0p75,hardzero_plus_depr,0.06,39,1013,0.0,2,0.15587616,0.15587616,1.0118484,0.0,0.09730867,0.0,0.0,1.5559184e-08,-27.071054,2.226111,0.742037,0.112,0.0,0.16548628,20.220272,20.240273,3244800
hardzero_plus_depr__c0p50__z1p00__lam0p020__nu0p50__psi0p75,hardzero_plus_depr,0.06,39,1014,0.0,2,0.15587616,0.15587616,1.0607898,0.0,0.086938106,0.0,0.0,1.5327531e-08,-27.966719,2.3337843,0.7779281,0.099999994,0.0,0.1667963,20.240273,20.260273,3248000
hardzero_plus_depr__c0p50__z1p00__lam0p020__nu0p50__psi0p75,hardzero_plus_depr,0.06,39,1015,0.0,2,0.15587616,0.15587616,1.0103892,0.0,0.097636186,0.0,0.0,1.509933e-08,-27.288864,2.2229006,0.7409669,0.120000005,0.0,0.14207388,20.260273,20.280273,3251200
hardzero_plus_depr__c0p50__z1p00__lam0p020__nu0p50__psi0p75,hardzero_plus_depr,0.06,39,1016,0.0,2,0.15587616,0.15587616,0.99606943,0.10090914,0.10090914,1.0,1.5009757e-09,1.4874526e-08,-27.050325,2.1913965,0.73046553,0.17600001,0.0,0.13200255,20.280273,20.300274,3254400
hardzero_plus_depr__c0p50__z1p00__lam0p020__nu0p50__psi0p75,hardzero_plus_depr,0.06,39,1017,0.0,2,0.15587616,0.15587616,1.0151591,0.0,0.096569695,0.0,0.0,1.4653066e-08,-26.461506,2.2333946,0.7444649,0.14400001,0.0,0.11946812,20.300274,20.320274,3257600
hardzero_plus_depr__c0p50__z1p00__lam0p020__nu0p50__psi0p75,hardzero_plus_depr,0.06,39,1018,0.0,2,0.15587616,0.15587616,1.0084845,0.0,0.09806533,0.0,0.0,1.4434907e-08,-27.112606,2.2187102,0.7395701,0.120000005,0.0,0.13914295,20.320274,20.340275,3260800
hardzero_plus_depr__c0p50__z1p00__lam0p020__nu0p50__psi0p75,hardzero_plus_depr,0.06,39,1019,0.0,2,0.15587616,0.15587616,1.0028621,0.0,0.09934316,0.0,0.0,1.4219993e-08,-26.668621,2.2063406,0.7354469,0.14400001,0.0,0.12688357,20.340275,20.360275,3264000
hardzero_plus_depr__c0p50__z1p00__lam0p020__nu0p50__psi0p75,hardzero_plus_depr,0.06,39,1020,0.0,2,0.15587616,0.15587616,1.109241,0.0,0.07776049,0.0,0.0,1.4008281e-08,-28.980305,2.440379,0.81345963,0.08800001,0.0,0.15762869,20.360275,20.380276,3267200
hardzero_plus_depr__c0p50__z1p00__lam0p020__nu0p50__psi0p75,hardzero_plus_depr,0.06,39,1021,0.0,2,0.15587616,0.15587616,1.0155468,0.0,0.09648353,0.0,0.0,1.37997205e-08,-27.077618,2.2342477,0.74474925,0.128,0.0,0.1369488,20.380276,20.400276,3270400
hardzero_plus_depr__c0p50__z1p00__lam0p020__nu0p50__psi0p75,hardzero_plus_depr,0.06,39,1022,0.0,2,0.15587616,0.15587616,1.0049495,0.0,0.0988668,0.0,0.0,1.3594264e-08,-26.5117,2.210933,0.7369777,0.14400001,0.0,0.14222178,20.400276,20.420277,3273600
hardzero_plus_depr__c0p50__z1p00__lam0p020__nu0p50__psi0p75,hardzero_plus_depr,0.06,39,1023,0.0,2,0.15587616,0.15587616,1.0364339,0.0,0.09195302,0.0,0.0,1.3391867e-08,-27.209223,2.2802002,0.76006675,0.128,0.0,0.12851287,20.420277,20.440277,3276800
hardzero_plus_depr__c0p50__z1p00__lam0p020__nu0p50__psi0p75,hardzero_plus_depr,0.06,39,1024,0.0,2,0.15587616,0.15587616,1.0355563,0.0,0.092139035,0.0,0.0,1.31924836e-08,-27.31629,2.2782693,0.75942314,0.216,0.0,0.16273864,20.440277,20.460278,3280000
hardzero_plus_depr__c0p50__z1p00__lam0p020__nu0p50__psi0p75,hardzero_plus_depr,0.06,39,1025,0.0,2,0.15587616,0.15587616,1.0334525,0.0,0.09258645,0.0,0.0,1.299607e-08,-27.906927,2.2736409,0.75788033,0.16800001,0.0,0.14740932,20.460278,20.480278,3283200
hardzero_plus_depr__c0p50__z1p00__lam0p020__nu0p50__psi0p75,hardzero_plus_depr,0.06,39,1026,0.0,2,0.15587616,0.15587616,1.0980071,0.0,0.07979817,0.0,0.0,1.2802579e-08,-28.037283,2.4156637,0.80522126,0.112,0.0,0.172067,20.480278,20.500278,3286400
hardzero_plus_depr__c0p50__z1p00__lam0p020__nu0p50__psi0p75,hardzero_plus_depr,0.06,39,1027,0.0,2,0.15587616,0.15587616,1.049634,0.0,0.08920024,0.0,0.0,1.2611969e-08,-28.248325,2.3092408,0.76974696,0.19,0.0,0.14813478,20.500278,20.520279,3289600
hardzero_plus_depr__c0p50__z1p00__lam0p020__nu0p50__psi0p75,hardzero_plus_depr,0.06,39,1028,0.0,2,0.15587616,0.15587616,0.9861256,0.10324626,0.10324626,1.0,1.2827518e-09,1.2424197e-08,-25.972767,2.1695197,0.72317326,0.16800001,0.0,0.1300608,20.520279,20.54028,3292800
hardzero_plus_depr__c0p50__z1p00__lam0p020__nu0p50__psi0p75,hardzero_plus_depr,0.06,39,1029,0.0,2,0.15587616,0.15587616,0.945812,0.113289066,0.113289066,1.0,1.3865697e-09,1.2239219e-08,-25.777546,2.080828,0.69360936,0.192,0.0,0.15193874,20.54028,20.56028,3296000
hardzero_plus_depr__c0p50__z1p00__lam0p020__nu0p50__psi0p75,hardzero_plus_depr,0.06,39,1030,0.0,2,0.15587616,0.15587616,1.0160316,0.0,0.09637589,0.0,0.0,1.2056998e-08,-27.544897,2.2353141,0.74510473,0.128,0.0,0.15275724,20.56028,20.58028,3299200
hardzero_plus_depr__c0p50__z1p00__lam0p020__nu0p50__psi0p75,hardzero_plus_depr,0.06,39,1031,0.0,2,0.15587616,0.15587616,1.0361884,0.0,0.092005044,0.0,0.0,1.1877488e-08,-27.335888,2.27966,0.7598867,0.128,0.0,0.12463314,20.58028,20.60028,3302400
hardzero_plus_depr__c0p50__z1p00__lam0p020__nu0p50__psi0p75,hardzero_plus_depr,0.06,39,1032,0.0,2,0.15587616,0.15587616,1.0735947,0.0,0.08441221,0.0,0.0,1.1700652e-08,-28.096392,2.3619554,0.78731847,0.17600001,0.0,0.15475842,20.60028,20.620281,3305600
hardzero_plus_depr__c0p50__z1p00__lam0p020__nu0p50__psi0p75,hardzero_plus_depr,0.06,39,1033,0.0,2,0.15587616,0.15587616,0.99164575,0.10194225,0.10194225,1.0,1.175032e-09,1.1526447e-08,-26.0237,2.1816642,0.7272214,0.216,0.0,0.1420237,20.620281,20.640282,3308800
hardzero_plus_depr__c0p50__z1p00__lam0p020__nu0p50__psi0p75,hardzero_plus_depr,0.06,39,1034,0.0,2,0.15587616,0.15587616,1.001731,0.0,0.09960221,0.0,0.0,1.1354837e-08,-27.347328,2.2038522,0.7346174,0.2,0.0,0.1366603,20.640282,20.660282,3312000
hardzero_plus_depr__c0p50__z1p00__lam0p020__nu0p50__psi0p75,hardzero_plus_depr,0.06,39,1035,0.0,2,0.15587616,0.15587616,1.0214908,0.0,0.09517199,0.0,0.0,1.1185782e-08,-26.886341,2.2473247,0.74910825,0.136,0.0,0.15120997,20.660282,20.680283,3315200
hardzero_plus_depr__c0p50__z1p00__lam0p020__nu0p50__psi0p75,hardzero_plus_depr,0.06,39,1036,0.0,2,0.15587616,0.15587616,1.0358407,0.0,0.09207871,0.0,0.0,1.1019243e-08,-27.478125,2.2788951,0.75963175,0.18400002,0.0,0.15218072,20.680283,20.700283,3318400
hardzero_plus_depr__c0p50__z1p00__lam0p020__nu0p50__psi0p75,hardzero_plus_depr,0.06,39,1037,0.0,2,0.15587616,0.15587616,1.0509347,0.0,0.08893348,0.0,0.0,1.0855185e-08,-27.140615,2.3121023,0.7707008,0.14400001,0.0,0.15407915,20.700283,20.720284,3321600
hardzero_plus_depr__c0p50__z1p00__lam0p020__nu0p50__psi0p75,hardzero_plus_depr,0.06,39,1038,0.0,2,0.15587616,0.15587616,1.0343595,0.0,0.0923933,0.0,0.0,1.0693568e-08,-26.796438,2.2756362,0.7585454,0.08800001,0.0,0.13756864,20.720284,20.740284,3324800
hardzero_plus_depr__c0p50__z1p00__lam0p020__nu0p50__psi0p75,hardzero_plus_depr,0.06,39,1039,0.0,2,0.15587616,0.15587616,1.0113009,0.0,0.097431436,0.0,0.0,1.0534359e-08,-26.48246,2.2249064,0.7416355,0.16800001,0.0,0.14723796,20.740284,20.760284,3328000
hardzero_plus_depr__c0p50__z1p00__lam0p020__nu0p50__psi0p75,hardzero_plus_depr,0.06,39,1040,0.0,2,0.15587616,0.15587616,1.0644091,0.0,0.086216584,0.0,0.0,1.0377518e-08,-28.353596,2.3417468,0.7805823,0.14,0.0,0.14410166,20.760284,20.780285,3331200
hardzero_plus_depr__c0p50__z1p00__lam0p020__nu0p50__psi0p75,hardzero_plus_depr,0.06,39,1041,0.0,2,0.15587616,0.15587616,1.0329461,0.0,0.09269448,0.0,0.0,1.0223014e-08,-27.216103,2.2725267,0.75750893,0.136,0.0,0.15595691,20.780285,20.800285,3334400
hardzero_plus_depr__c0p50__z1p00__lam0p020__nu0p50__psi0p75,hardzero_plus_depr,0.06,39,1042,0.0,2,0.15587616,0.15587616,0.9648009,0.1084424,0.1084424,1.0,1.0921027e-09,1.0070809e-08,-26.920404,2.1226044,0.7075348,0.17600001,0.0,0.12912098,20.800285,20.820286,3337600
hardzero_plus_depr__c0p50__z1p00__lam0p020__nu0p50__psi0p75,hardzero_plus_depr,0.06,39,1043,0.0,2,0.15587616,0.15587616,1.0072923,0.0,0.0983349,0.0,0.0,9.920871e-09,-26.492916,2.2160873,0.7386958,0.136,0.0,0.1361805,20.820286,20.840286,3340800
hardzero_plus_depr__c0p50__z1p00__lam0p020__nu0p50__psi0p75,hardzero_plus_depr,0.06,39,1044,0.0,2,0.15587616,0.15587616,1.0612252,0.0,0.08685099,0.0,0.0,9.773165e-09,-28.00814,2.334742,0.77824736,0.136,0.0,0.15338333,20.840286,20.860287,3344000
hardzero_plus_depr__c0p50__z1p00__lam0p020__nu0p50__psi0p75,hardzero_plus_depr,0.06,39,1045,0.0,2,0.15587616,0.15587616,0.97116256,0.10686549,0.10686549,1.0,1.0288644e-09,9.627659e-09,-25.978891,2.1366003,0.7122001,0.16000001,0.0,0.1322368,20.860287,20.880287,3347200
hardzero_plus_depr__c0p50__z1p00__lam0p020__nu0p50__psi0p75,hardzero_plus_depr,0.06,39,1046,0.0,2,0.15587616,0.15587616,1.0305946,0.0,0.09319773,0.0,0.0,9.484318e-09,-27.37208,2.2673533,0.75578445,0.18400002,0.0,0.13279407,20.880287,20.900288,3350400
hardzero_plus_depr__c0p50__z1p00__lam0p020__nu0p50__psi0p75,hardzero_plus_depr,0.06,39,1047,0.0,2,0.15587616,0.15587616,1.0680021,0.0,0.085506245,0.0,0.0,9.343111e-09,-27.843815,2.3496516,0.7832172,0.15200001,0.0,0.16157593,20.900288,20.920288,3353600
hardzero_plus_depr__c0p50__z1p00__lam0p020__nu0p50__psi0p75,hardzero_plus_depr,0.06,39,1048,0.0,2,0.15587616,0.15587616,1.0390604,0.0,0.09139862,0.0,0.0,9.204008e-09,-27.876513,2.2859783,0.7619928,0.128,0.0,0.15811493,20.920288,20.940289,3356800
hardzero_plus_depr__c0p50__z1p00__lam0p020__nu0p50__psi0p75,hardzero_plus_depr,0.06,39,1049,0.0,2,0.15587616,0.15587616,1.0028331,0.0,0.09934976,0.0,0.0,9.066975e-09,-26.689741,2.206277,0.73542565,0.136,0.0,0.1679939,20.940289,20.960289,3360000
hardzero_plus_depr__c0p50__z1p00__lam0p020__nu0p50__psi0p75,hardzero_plus_depr,0.06,39,1050,0.0,2,0.15587616,0.15587616,1.0248344,0.0,0.09444209,0.0,0.0,8.931982e-09,-27.03551,2.2546806,0.7515602,0.080000006,0.0,0.14430769,20.960289,20.98029,3363200
hardzero_plus_depr__c0p50__z1p00__lam0p020__nu0p50__psi0p75,hardzero_plus_depr,0.06,39,1051,0.0,2,0.15587616,0.15587616,0.9962374,0.100870125,0.100870125,1.0,8.875562e-10,8.799e-09,-27.421122,2.191766,0.7305887,0.112,0.0,0.16390452,20.98029,21.00029,3366400
hardzero_plus_depr__c0p50__z1p00__lam0p020__nu0p50__psi0p75,hardzero_plus_depr,0.06,39,1052,0.0,2,0.15587616,0.15587616,1.0655346,0.0,0.085993454,0.0,0.0,8.667996e-09,-28.186771,2.3442228,0.7814076,0.128,0.0,0.16215816,21.00029,21.02029,3369600
hardzero_plus_depr__c0p50__z1p00__lam0p020__nu0p50__psi0p75,hardzero_plus_depr,0.06,39,1053,0.0,2,0.15587616,0.15587616,1.0390985,0.0,0.091390595,0.0,0.0,8.538944e-09,-27.257685,2.2860622,0.76202077,0.16,0.0,0.14055894,21.02029,21.04029,3372800
hardzero_plus_depr__c0p50__z1p00__lam0p020__nu0p50__psi0p75,hardzero_plus_depr,0.06,39,1054,0.0,2,0.15587616,0.15587616,1.0613354,0.0,0.08682894,0.0,0.0,8.411813e-09,-28.10751,2.3349845,0.7783282,0.096,0.0,0.12790622,21.04029,21.060291,3376000
hardzero_plus_depr__c0p50__z1p00__lam0p020__nu0p50__psi0p75,hardzero_plus_depr,0.06,39,1055,0.0,2,0.15587616,0.15587616,1.049635,0.0,0.089200005,0.0,0.0,8.286575e-09,-27.40991,2.3092432,0.76974773,0.16000001,0.0,0.1514308,21.060291,21.080292,3379200
hardzero_plus_depr__c0p50__z1p00__lam0p020__nu0p50__psi0p75,hardzero_plus_depr,0.06,39,1056,0.0,2,0.15587616,0.15587616,0.9985235,0.10034056,0.10034056,1.0,8.191001e-10,8.163201e-09,-26.727228,2.1967955,0.7322652,0.18400002,0.0,0.15752964,21.080292,21.100292,3382400
hardzero_plus_depr__c0p50__z1p00__lam0p020__nu0p50__psi0p75,hardzero_plus_depr,0.06,39,1057,0.0,2,0.15587616,0.15587616,0.95888215,0.10993041,0.10993041,1.0,8.8402335e-10,8.041663e-09,-26.188175,2.109583,0.7031943,0.2,0.0,0.14310782,21.100292,21.120293,3385600
hardzero_plus_depr__c0p50__z1p00__lam0p020__nu0p50__psi0p75,hardzero_plus_depr,0.06,39,1058,0.0,2,0.15587616,0.15587616,0.9818053,0.10427845,0.10427845,1.0,8.2608725e-10,7.921936e-09,-26.846931,2.1600149,0.720005,0.192,0.0,0.109822914,21.120293,21.140293,3388800
hardzero_plus_depr__c0p50__z1p00__lam0p020__nu0p50__psi0p75,hardzero_plus_depr,0.06,39,1059,0.0,2,0.15587616,0.15587616,1.0253625,0.0,0.09432733,0.0,0.0,7.803991e-09,-27.358778,2.2558424,0.7519475,0.136,0.0,0.11301719,21.140293,21.160294,3392000
hardzero_plus_depr__c0p50__z1p00__lam0p020__nu0p50__psi0p75,hardzero_plus_depr,0.06,39,1060,0.0,2,0.15587616,0.15587616,0.98054975,0.10458037,0.10458037,1.0,8.0399326e-10,7.687802e-09,-26.208467,2.1572526,0.7190842,0.18400002,0.0,0.14602971,21.160294,21.180294,3395200
hardzero_plus_depr__c0p50__z1p00__lam0p020__nu0p50__psi0p75,hardzero_plus_depr,0.06,39,1061,0.0,2,0.15587616,0.15587616,1.0227609,0.0,0.09489407,0.0,0.0,7.573343e-09,-27.661156,2.2501187,0.7500396,0.2,0.0,0.14036797,21.180294,21.200294,3398400
hardzero_plus_depr__c0p50__z1p00__lam0p020__nu0p50__psi0p75,hardzero_plus_depr,0.06,39,1062,0.0,2,0.15587616,0.15587616,1.0311183,0.0,0.09308544,0.0,0.0,7.460588e-09,-27.977072,2.2685056,0.75616854,0.15200001,0.0,0.15715443,21.200294,21.220295,3401600
hardzero_plus_depr__c0p50__z1p00__lam0p020__nu0p50__psi0p75,hardzero_plus_depr,0.06,39,1063,0.0,2,0.15587616,0.15587616,1.0139382,0.0,0.09684157,0.0,0.0,7.349512e-09,-27.959513,2.2307086,0.74356955,0.18400002,0.0,0.13650624,21.220295,21.240295,3404800
hardzero_plus_depr__c0p50__z1p00__lam0p020__nu0p50__psi0p75,hardzero_plus_depr,0.06,39,1064,0.0,2,0.15587616,0.15587616,0.9930445,0.101614445,0.101614445,1.0,7.3569767e-10,7.2400894e-09,-25.725931,2.1847415,0.72824717,0.136,0.0,0.12018209,21.240295,21.260296,3408000
hardzero_plus_depr__c0p50__z1p00__lam0p020__nu0p50__psi0p75,hardzero_plus_depr,0.06,39,1065,0.0,2,0.15587616,0.15587616,1.0400686,0.0,0.09118668,0.0,0.0,7.132296e-09,-27.47365,2.2881966,0.7627322,0.16800001,0.0,0.1281659,21.260296,21.280296,3411200
hardzero_plus_depr__c0p50__z1p00__lam0p020__nu0p50__psi0p75,hardzero_plus_depr,0.06,39,1066,0.0,2,0.15587616,0.15587616,1.0066427,0.0,0.09848211,0.0,0.0,7.0261077e-09,-27.307547,2.2146583,0.73821944,0.21,0.0,0.15046066,21.280296,21.300297,3414400
hardzero_plus_depr__c0p50__z1p00__lam0p020__nu0p50__psi0p75,hardzero_plus_depr,0.06,39,1067,0.0,2,0.15587616,0.15587616,0.969505,0.10727414,0.10727414,1.0,7.4249795e-10,6.9215003e-09,-25.913824,2.1329536,0.7109846,0.16000001,0.0,0.12585871,21.300297,21.320297,3417600
hardzero_plus_depr__c0p50__z1p00__lam0p020__nu0p50__psi0p75,hardzero_plus_depr,0.06,39,1068,0.0,2,0.15587616,0.15587616,1.0593107,0.0,0.08723471,0.0,0.0,6.81845e-09,-27.399855,2.33053,0.7768433,0.15200001,0.0,0.15413025,21.320297,21.340298,3420800
hardzero_plus_depr__c0p50__z1p00__lam0p020__nu0p50__psi0p75,hardzero_plus_depr,0.06,39,1069,0.0,2,0.15587616,0.15587616,0.97427744,0.10610175,0.10610175,1.0,7.1267925e-10,6.7169412e-09,-26.566015,2.1434531,0.7144844,0.192,0.008,0.1396082,21.340298,21.360298,3424000
hardzero_plus_depr__c0p50__z1p00__lam0p020__nu0p50__psi0p75,hardzero_plus_depr,0.06,39,1070,0.0,2,0.15587616,0.15587616,1.0847211,0.0,0.0822771,0.0,0.0,6.6169297e-09,-28.543106,2.386434,0.79547805,0.120000005,0.0,0.18206203,21.360298,21.380299,3427200
hardzero_plus_depr__c0p50__z1p00__lam0p020__nu0p50__psi0p75,hardzero_plus_depr,0.06,39,1071,0.0,2,0.15587616,0.15587616,1.0376245,0.0,0.09170129,0.0,0.0,6.518408e-09,-26.921688,2.2828195,0.76093984,0.16000001,0.0,0.14422043,21.380299,21.4003,3430400
hardzero_plus_depr__c0p50__z1p00__lam0p020__nu0p50__psi0p75,hardzero_plus_depr,0.06,39,1072,0.0,2,0.15587616,0.15587616,1.0531448,0.0,0.088482045,0.0,0.0,6.4213657e-09,-27.963556,2.3169649,0.77232164,0.16800001,0.0,0.13394119,21.4003,21.4203,3433600
hardzero_plus_depr__c0p50__z1p00__lam0p020__nu0p50__psi0p75,hardzero_plus_depr,0.06,39,1073,0.0,2,0.15587616,0.15587616,1.002932,0.0,0.09932716,0.0,0.0,6.325768e-09,-26.533892,2.2064943,0.73549813,0.136,0.0,0.1308807,21.4203,21.4403,3436800
hardzero_plus_depr__c0p50__z1p00__lam0p020__nu0p50__psi0p75,hardzero_plus_depr,0.06,39,1074,0.0,2,0.15587616,0.15587616,1.0399712,0.0,0.091207124,0.0,0.0,6.2315815e-09,-27.977726,2.2879825,0.76266086,0.120000005,0.0,0.15877612,21.4403,21.4603,3440000
hardzero_plus_depr__c0p50__z1p00__lam0p020__nu0p50__psi0p75,hardzero_plus_depr,0.06,39,1075,0.0,2,0.15587616,0.15587616,1.0335512,0.0,0.09256542,0.0,0.0,6.138797e-09,-27.27095,2.273858,0.7579527,0.16000001,0.0,0.14267497,21.4603,21.4803,3443200
hardzero_plus_depr__c0p50__z1p00__lam0p020__nu0p50__psi0p75,hardzero_plus_depr,0.06,39,1076,0.0,2,0.15587616,0.15587616,1.029436,0.0,0.09344671,0.0,0.0,6.047406e-09,-27.505045,2.2648044,0.7549348,0.15200001,0.0,0.1620985,21.4803,21.500301,3446400
hardzero_plus_depr__c0p50__z1p00__lam0p020__nu0p50__psi0p75,hardzero_plus_depr,0.06,39,1077,0.0,2,0.15587616,0.15587616,0.99577445,0.10097771,0.10097771,1.0,6.0156213e-10,5.9573755e-09,-26.282963,2.1907475,0.73024917,0.14400001,0.0,0.15510084,21.500301,21.520302,3449600
hardzero_plus_depr__c0p50__z1p00__lam0p020__nu0p50__psi0p75,hardzero_plus_depr,0.06,39,1078,0.0,2,0.15587616,0.15587616,1.022975,0.0,0.094847314,0.0,0.0,5.868674e-09,-27.443531,2.2505898,0.75019664,0.17600001,0.0,0.1340684,21.520302,21.540302,3452800
hardzero_plus_depr__c0p50__z1p00__lam0p020__nu0p50__psi0p75,hardzero_plus_depr,0.06,39,1079,0.0,2,0.15587616,0.15587616,0.98472375,0.10358008,0.10358008,1.0,5.988269e-10,5.7812937e-09,-27.468254,2.1664355,0.7221452,0.21,0.0,0.14219224,21.540302,21.560303,3456000
hardzero_plus_depr__c0p50__z1p00__lam0p020__nu0p50__psi0p75,hardzero_plus_depr,0.06,39,1080,0.0,2,0.15587616,0.15587616,1.0566933,0.0,0.08776204,0.0,0.0,5.6952247e-09,-28.338987,2.3247716,0.7749239,0.120000005,0.0,0.14020537,21.560303,21.580303,3459200
hardzero_plus_depr__c0p50__z1p00__lam0p020__nu0p50__psi0p75,hardzero_plus_depr,0.06,39,1081,0.0,2,0.15587616,0.15587616,1.056659,0.0,0.087768964,0.0,0.0,5.610437e-09,-28.021318,2.324696,0.7748987,0.128,0.0,0.16933027,21.580303,21.600304,3462400
hardzero_plus_depr__c0p50__z1p00__lam0p020__nu0p50__psi0p75,hardzero_plus_depr,0.06,39,1082,0.0,2,0.15587616,0.15587616,1.0012398,0.0,0.09971495,0.0,0.0,5.5269016e-09,-26.82801,2.2027714,0.73425716,0.136,0.0,0.14197564,21.600304,21.620304,3465600
hardzero_plus_depr__c0p50__z1p00__lam0p020__nu0p50__psi0p75,hardzero_plus_depr,0.06,39,1083,0.0,2,0.15587616,0.15587616,0.96914124,0.10736402,0.10736402,1.0,5.845552e-10,5.4446097e-09,-25.926891,2.1321533,0.7107178,0.18400002,0.0,0.14360145,21.620304,21.640305,3468800
hardzero_plus_depr__c0p50__z1p00__lam0p020__nu0p50__psi0p75,hardzero_plus_depr,0.06,39,1084,0.0,2,0.15587616,0.15587616,1.0163728,0.0,0.0963002,0.0,0.0,5.363553e-09,-27.20618,2.236065,0.745355,0.14400001,0.0,0.1538226,21.640305,21.660305,3472000
hardzero_plus_depr__c0p50__z1p00__lam0p020__nu0p50__psi0p75,hardzero_plus_depr,0.06,39,1085,0.0,2,0.15587616,0.15587616,0.9718381,0.10669936,0.10669936,1.0,5.6376775e-10,5.2837033e-09,-26.994518,2.1380866,0.71269554,0.17600001,0.0,0.14603284,21.660305,21.680305,3475200
hardzero_plus_depr__c0p50__z1p00__lam0p020__nu0p50__psi0p75,hardzero_plus_depr,0.06,39,1086,0.0,2,0.15587616,0.15587616,1.0428592,0.0,0.09060263,0.0,0.0,5.2050333e-09,-27.342823,2.294336,0.76477873,0.136,0.0,0.15360226,21.680305,21.700306,3478400
hardzero_plus_depr__c0p50__z1p00__lam0p020__nu0p50__psi0p75,hardzero_plus_depr,0.06,39,1087,0.0,2,0.15587616,0.15587616,1.0876886,0.0,0.081716806,0.0,0.0,5.1275335e-09,-28.23804,2.3929627,0.7976543,0.14400001,0.0,0.16416176,21.700306,21.720306,3481600
hardzero_plus_depr__c0p50__z1p00__lam0p020__nu0p50__psi0p75,hardzero_plus_depr,0.06,39,1088,0.0,2,0.15587616,0.15587616,0.9927944,0.10167299,0.10167299,1.0,5.1357035e-10,5.0511972e-09,-25.864801,2.1841912,0.72806376,0.14400001,0.0,0.12762922,21.720306,21.740307,3484800
hardzero_plus_depr__c0p50__z1p00__lam0p020__nu0p50__psi0p75,hardzero_plus_depr,0.06,39,1089,0.0,2,0.15587616,0.15587616,1.0298749,0.0,0.09335231,0.0,0.0,4.9759974e-09,-27.749653,2.26577,0.75525665,0.14400001,0.0,0.13044833,21.740307,21.760307,3488000
hardzero_plus_depr__c0p50__z1p00__lam0p020__nu0p50__psi0p75,hardzero_plus_depr,0.06,39,1090,0.0,2,0.15587616,0.15587616,0.99813646,0.10043003,0.10043003,1.0,4.922988e-10,4.9019087e-09,-26.128227,2.195944,0.7319814,0.15200001,0.0,0.13724107,21.760307,21.780308,3491200
hardzero_plus_depr__c0p50__z1p00__lam0p020__nu0p50__psi0p75,hardzero_plus_depr,0.06,39,1091,0.0,2,0.15587616,0.15587616,0.9862,0.10322859,0.10322859,1.0,4.9848287e-10,4.8289226e-09,-26.734922,2.1696832,0.72322774,0.128,0.0,0.14804275,21.780308,21.800308,3494400
hardzero_plus_depr__c0p50__z1p00__lam0p020__nu0p50__psi0p75,hardzero_plus_depr,0.06,39,1092,0.0,2,0.15587616,0.15587616,0.99831927,0.100387745,0.100387745,1.0,4.7754767e-10,4.7570317e-09,-26.224287,2.1963463,0.73211545,0.14,0.0,0.13208522,21.800308,21.820309,3497600
hardzero_plus_depr__c0p50__z1p00__lam0p020__nu0p50__psi0p75,hardzero_plus_depr,0.06,39,1093,0.0,2,0.15587616,0.15587616,1.0281519,0.0,0.093723424,0.0,0.0,4.6862114e-09,-27.373306,2.2619793,0.75399315,0.192,0.008,0.14908297,21.820309,21.84031,3500800
hardzero_plus_depr__c0p50__z1p00__lam0p020__nu0p50__psi0p75,hardzero_plus_depr,0.06,39,1094,0.0,2,0.15587616,0.15587616,1.0657456,0.0,0.085951686,0.0,0.0,4.6164375e-09,-27.652788,2.3446872,0.78156245,0.15200001,0.0,0.16522904,21.84031,21.86031,3504000
hardzero_plus_depr__c0p50__z1p00__lam0p020__nu0p50__psi0p75,hardzero_plus_depr,0.06,39,1095,0.0,2,0.15587616,0.15587616,1.0909362,0.0,0.08110802,0.0,0.0,4.5477013e-09,-27.951725,2.4001076,0.8000359,0.112,0.0,0.21508703,21.86031,21.88031,3507200
hardzero_plus_depr__c0p50__z1p00__lam0p020__nu0p50__psi0p75,hardzero_plus_depr,0.06,39,1096,0.0,2,0.15587616,0.15587616,1.0287246,0.0,0.093599916,0.0,0.0,4.4799977e-09,-27.38666,2.2632391,0.75441307,0.192,0.0,0.14041695,21.88031,21.90031,3510400
hardzero_plus_depr__c0p50__z1p00__lam0p020__nu0p50__psi0p75,hardzero_plus_depr,0.06,39,1097,0.0,2,0.15587616,0.15587616,0.99006516,0.10231394,0.10231394,1.0,4.5154236e-10,4.413302e-09,-26.291895,2.178187,0.7260623,0.15200001,0.0,0.12030276,21.90031,21.920311,3513600
hardzero_plus_depr__c0p50__z1p00__lam0p020__nu0p50__psi0p75,hardzero_plus_depr,0.06,39,1098,0.0,2,0.15587616,0.15587616,1.0051149,0.0,0.09882914,0.0,0.0,4.3475907e-09,-26.874857,2.211297,0.73709905,0.216,0.0,0.13824454,21.920311,21.940311,3516800
hardzero_plus_depr__c0p50__z1p00__lam0p020__nu0p50__psi0p75,hardzero_plus_depr,0.06,39,1099,0.0,2,0.15587616,0.15587616,0.94923055,0.1124008,0.1124008,1.0,4.813967e-10,4.282858e-09,-25.849981,2.0883489,0.6961163,0.14400001,0.0,0.12644437,21.940311,21.960312,3520000
hardzero_plus_depr__c0p50__z1p00__lam0p020__nu0p50__psi0p75,hardzero_plus_depr,0.06,39,1100,0.0,2,0.15587616,0.15587616,1.0432833,0.0,0.09051419,0.0,0.0,4.2190975e-09,-27.429169,2.2952693,0.76508975,0.15200001,0.0,0.1563481,21.960312,21.980312,3523200
hardzero_plus_depr__c0p50__z1p00__lam0p020__nu0p50__psi0p75,hardzero_plus_depr,0.06,39,1101,0.0,2,0.15587616,0.15587616,0.990987,0.10209699,0.10209699,1.0,4.2434425e-10,4.1562855e-09,-26.860056,2.180215,0.72673833,0.15200001,0.0,0.14540426,21.980312,22.000313,3526400
hardzero_plus_depr__c0p50__z1p00__lam0p020__nu0p50__psi0p75,hardzero_plus_depr,0.06,39,1102,0.0,2,0.15587616,0.15587616,1.0758286,0.0,0.08397914,0.0,0.0,4.0944013e-09,-27.54177,2.3668702,0.78895676,0.16800001,0.0,0.1522885,22.000313,22.020313,3529600
hardzero_plus_depr__c0p50__z1p00__lam0p020__nu0p50__psi0p75,hardzero_plus_depr,0.06,39,1103,0.0,2,0.15587616,0.15587616,0.99233675,0.10178019,0.10178019,1.0,4.105241e-10,4.033438e-09,-26.3499,2.1831844,0.7277281,0.17600001,0.0,0.12656717,22.020313,22.040314,3532800
hardzero_plus_depr__c0p50__z1p00__lam0p020__nu0p50__psi0p75,hardzero_plus_depr,0.06,39,1104,0.0,2,0.15587616,0.15587616,0.995156,0.10112161,0.10112161,1.0,4.0179565e-10,3.9733905e-09,-26.875387,2.1893868,0.72979563,0.16000001,0.0,0.13148323,22.040314,22.060314,3536000
hardzero_plus_depr__c0p50__z1p00__lam0p020__nu0p50__psi0p75,hardzero_plus_depr,0.06,39,1105,0.0,2,0.15587616,0.15587616,1.1083491,0.0,0.07792034,0.0,0.0,3.914237e-09,-28.716284,2.4384167,0.8128056,0.13,0.0,0.19869919,22.060314,22.080315,3539200
hardzero_plus_depr__c0p50__z1p00__lam0p020__nu0p50__psi0p75,hardzero_plus_depr,0.06,39,1106,0.0,2,0.15587616,0.15587616,0.9987773,0.10028194,0.10028194,1.0,3.866828e-10,3.8559564e-09,-25.796494,2.1973538,0.7324513,0.16800001,0.0,0.13201332,22.080315,22.100315,3542400
hardzero_plus_depr__c0p50__z1p00__lam0p020__nu0p50__psi0p75,hardzero_plus_depr,0.06,39,1107,0.0,2,0.15587616,0.15587616,1.0558938,0.0,0.08792374,0.0,0.0,3.798544e-09,-28.409952,2.3230126,0.77433753,0.14400001,0.0,0.1732872,22.100315,22.120316,3545600
hardzero_plus_depr__c0p50__z1p00__lam0p020__nu0p50__psi0p75,hardzero_plus_depr,0.06,39,1108,0.0,2,0.15587616,0.15587616,1.033073,0.0,0.09266741,0.0,0.0,3.7419934e-09,-27.21739,2.272806,0.757602,0.096,0.0,0.16560449,22.120316,22.140316,3548800
hardzero_plus_depr__c0p50__z1p00__lam0p020__nu0p50__psi0p75,hardzero_plus_depr,0.06,39,1109,0.0,2,0.15587616,0.15587616,1.0110451,0.0,0.09748883,0.0,0.0,3.6862842e-09,-27.695889,2.2243435,0.74144787,0.16800001,0.0,0.12943652,22.140316,22.160316,3552000
hardzero_plus_depr__c0p50__z1p00__lam0p020__nu0p50__psi0p75,hardzero_plus_depr,0.06,39,1110,0.0,2,0.15587616,0.15587616,0.9874181,0.102939464,0.102939464,1.0,3.7381415e-10,3.6313978e-09,-25.93097,2.1723633,0.7241211,0.17600001,0.0,0.12775752,22.160316,22.180317,3555200
hardzero_plus_depr__c0p50__z1p00__lam0p020__nu0p50__psi0p75,hardzero_plus_depr,0.06,39,1111,0.0,2,0.15587616,0.15587616,1.0048922,0.0,0.098879844,0.0,0.0,3.577329e-09,-27.133076,2.210807,0.73693573,0.17600001,0.0,0.13961287,22.180317,22.200317,3558400
hardzero_plus_depr__c0p50__z1p00__lam0p020__nu0p50__psi0p75,hardzero_plus_depr,0.06,39,1112,0.0,2,0.15587616,0.15587616,0.9844051,0.10365612,0.10365612,1.0,3.6529163e-10,3.524072e-09,-26.382603,2.1657345,0.72191155,0.18400002,0.0,0.14342922,22.200317,22.220318,3561600
hardzero_plus_depr__c0p50__z1p00__lam0p020__nu0p50__psi0p75,hardzero_plus_depr,0.06,39,1113,0.0,2,0.15587616,0.15587616,1.027575,0.0,0.093848,0.0,0.0,3.4716074e-09,-27.37886,2.2607102,0.7535701,0.192,0.0,0.16584802,22.220318,22.240318,3564800
hardzero_plus_depr__c0p50__z1p00__lam0p020__nu0p50__psi0p75,hardzero_plus_depr,0.06,39,1114,0.0,2,0.15587616,0.15587616,1.0154388,0.0,0.09650752,0.0,0.0,3.4199172e-09,-26.982462,2.23401,0.74467003,0.15200001,0.0,0.15632352,22.240318,22.260319,3568000
hardzero_plus_depr__c0p50__z1p00__lam0p020__nu0p50__psi0p75,hardzero_plus_depr,0.06,39,1115,0.0,2,0.15587616,0.15587616,1.0273786,0.0,0.09389045,0.0,0.0,3.3689969e-09,-27.559446,2.260278,0.753426,0.16000001,0.0,0.14663686,22.260319,22.28032,3571200
hardzero_plus_depr__c0p50__z1p00__lam0p020__nu0p50__psi0p75,hardzero_plus_depr,0.06,39,1116,0.0,2,0.15587616,0.15587616,1.0144278,0.0,0.096732445,0.0,0.0,3.3188414e-09,-26.298359,2.2317858,0.7439286,0.136,0.0,0.14826429,22.28032,22.30032,3574400
hardzero_plus_depr__c0p50__z1p00__lam0p020__nu0p50__psi0p75,hardzero_plus_depr,0.06,39,1117,0.0,2,0.15587616,0.15587616,0.94258845,0.11413308,0.11413308,1.0,3.7315037e-10,3.2694323e-09,-24.792913,2.073736,0.6912453,0.17600001,0.0,0.108804986,22.30032,22.32032,3577600
hardzero_plus_depr__c0p50__z1p00__lam0p020__nu0p50__psi0p75,hardzero_plus_depr,0.06,39,1118,0.0,2,0.15587616,0.15587616,0.98530275,0.10344207,0.10344207,1.0,3.3316133e-10,3.2207526e-09,-26.801579,2.1677094,0.7225698,0.26,0.0,0.123912856,22.32032,22.34032,3580800
hardzero_plus_depr__c0p50__z1p00__lam0p020__nu0p50__psi0p75,hardzero_plus_depr,0.06,39,1119,0.0,2,0.15587616,0.15587616,1.0208225,0.0,0.09531855,0.0,0.0,3.1727976e-09,-26.367928,2.2458544,0.7486181,0.136,0.0,0.11323277,22.34032,22.360321,3584000
hardzero_plus_depr__c0p50__z1p00__lam0p020__nu0p50__psi0p75,hardzero_plus_depr,0.06,39,1120,0.0,2,0.15587616,0.15587616,1.0402691,0.0,0.09114458,0.0,0.0,3.125563e-09,-27.362871,2.2886379,0.7628793,0.16000001,0.0,0.14204556,22.360321,22.380322,3587200
hardzero_plus_depr__c0p50__z1p00__lam0p020__nu0p50__psi0p75,hardzero_plus_depr,0.06,39,1121,0.0,2,0.15587616,0.15587616,1.0403386,0.0,0.091129996,0.0,0.0,3.079031e-09,-27.01632,2.2887907,0.7629303,0.17600001,0.0,0.1875592,22.380322,22.400322,3590400
hardzero_plus_depr__c0p50__z1p00__lam0p020__nu0p50__psi0p75,hardzero_plus_depr,0.06,39,1122,0.0,2,0.15587616,0.15587616,1.015499,0.0,0.09649415,0.0,0.0,3.0331864e-09,-27.192963,2.2341423,0.74471414,0.24000001,0.0,0.15476173,22.400322,22.420322,3593600
hardzero_plus_depr__c0p50__z1p00__lam0p020__nu0p50__psi0p75,hardzero_plus_depr,0.06,39,1123,0.0,2,0.15587616,0.15587616,0.96197766,0.10914965,0.10914965,1.0,3.261418e-10,2.9880243e-09,-25.65676,2.116393,0.70546436,0.16000001,0.0,0.11266971,22.420322,22.440323,3596800
hardzero_plus_depr__c0p50__z1p00__lam0p020__nu0p50__psi0p75,hardzero_plus_depr,0.06,39,1124,0.0,2,0.15587616,0.15587616,1.0425661,0.0,0.090663806,0.0,0.0,2.9435399e-09,-27.75772,2.2936912,0.76456374,0.15200001,0.0,0.15453593,22.440323,22.460323,3600000
hardzero_plus_depr__c0p50__z1p00__lam0p020__nu0p50__psi0p75,hardzero_plus_depr,0.06,39,1125,0.0,2,0.15587616,0.15587616,0.92602193,0.11857087,0.11857087,1.0,3.438221e-10,2.8997182e-09,-26.499935,2.037289,0.67909634,0.224,0.008,0.15006885,22.460323,22.480324,3603200
hardzero_plus_depr__c0p50__z1p00__lam0p020__nu0p50__psi0p75,hardzero_plus_depr,0.06,39,1126,0.0,2,0.15587616,0.15587616,1.0720539,0.0,0.08471222,0.0,0.0,2.8565434e-09,-27.983822,2.3585658,0.7861886,0.14400001,0.0,0.1649818,22.480324,22.500324,3606400
hardzero_plus_depr__c0p50__z1p00__lam0p020__nu0p50__psi0p75,hardzero_plus_depr,0.06,39,1127,0.0,2,0.15587616,0.15587616,1.0072707,0.0,0.0983398,0.0,0.0,2.8140115e-09,-27.477005,2.2160397,0.7386799,0.136,0.0,0.13403787,22.500324,22.520325,3609600
hardzero_plus_depr__c0p50__z1p00__lam0p020__nu0p50__psi0p75,hardzero_plus_depr,0.06,39,1128,0.0,2,0.15587616,0.15587616,1.0026499,0.0,0.0993917,0.0,0.0,2.7721179e-09,-27.056238,2.2058737,0.73529124,0.18400002,0.0,0.14474137,22.520325,22.540325,3612800
hardzero_plus_depr__c0p50__z1p00__lam0p020__nu0p50__psi0p75,hardzero_plus_depr,0.06,39,1129,0.0,2,0.15587616,0.15587616,1.0251071,0.0,0.09438281,0.0,0.0,2.7308482e-09,-27.192196,2.2552807,0.75176024,0.14400001,0.0,0.14496455,22.540325,22.560326,3616000
hardzero_plus_depr__c0p50__z1p00__lam0p020__nu0p50__psi0p75,hardzero_plus_depr,0.06,39,1130,0.0,2,0.15587616,0.15587616,1.0158403,0.0,0.09641836,0.0,0.0,2.6901876e-09,-27.115232,2.2348933,0.7449645,0.128,0.0,0.14166845,22.560326,22.580326,3619200
hardzero_plus_depr__c0p50__z1p00__lam0p020__nu0p50__psi0p75,hardzero_plus_depr,0.06,39,1131,0.0,2,0.15587616,0.15587616,0.93166494,0.11704018,0.11704018,1.0,3.1017197e-10,2.6501323e-09,-25.006008,2.0497038,0.68323463,0.24,0.0,0.12187658,22.580326,22.600327,3622400
hardzero_plus_depr__c0p50__z1p00__lam0p020__nu0p50__psi0p75,hardzero_plus_depr,0.06,39,1132,0.0,2,0.15587616,0.15587616,1.0067114,0.0,0.098466516,0.0,0.0,2.6106788e-09,-27.393429,2.2148092,0.73826975,0.128,0.0,0.17246099,22.600327,22.620327,3625600
hardzero_plus_depr__c0p50__z1p00__lam0p020__nu0p50__psi0p75,hardzero_plus_depr,0.06,39,1133,0.0,2,0.15587616,0.15587616,0.99242234,0.10176013,0.10176013,1.0,2.6170796e-10,2.5718123e-09,-26.65594,2.1833727,0.72779095,0.14400001,0.0,0.1286031,22.620327,22.640327,3628800
hardzero_plus_depr__c0p50__z1p00__lam0p020__nu0p50__psi0p75,hardzero_plus_depr,0.06,39,1134,0.0,2,0.15587616,0.15587616,0.98240626,0.10413429,0.10413429,1.0,2.6382627e-10,2.5335196e-09,-25.752829,2.161337,0.72044563,0.16000001,0.0,0.14450134,22.640327,22.660328,3632000
hardzero_plus_depr__c0p50__z1p00__lam0p020__nu0p50__psi0p75,hardzero_plus_depr,0.06,39,1135,0.0,2,0.15587616,0.15587616,1.0194818,0.0,0.09561328,0.0,0.0,2.4957971e-09,-27.192026,2.2429047,0.7476349,0.14400001,0.0,0.16925074,22.660328,22.680328,3635200
hardzero_plus_depr__c0p50__z1p00__lam0p020__nu0p50__psi0p75,hardzero_plus_depr,0.06,39,1136,0.0,2,0.15587616,0.15587616,0.9893272,0.10248794,0.10248794,1.0,2.5198105e-10,2.458641e-09,-26.755938,2.1765633,0.7255211,0.136,0.0,0.12951322,22.680328,22.700329,3638400
hardzero_plus_depr__c0p50__z1p00__lam0p020__nu0p50__psi0p75,hardzero_plus_depr,0.06,39,1137,0.0,2,0.15587616,0.15587616,0.9664946,0.10802028,0.10802028,1.0,2.6162925e-10,2.4220381e-09,-25.234598,2.1263306,0.7087769,0.18400002,0.0,0.12121153,22.700329,22.72033,3641600
hardzero_plus_depr__c0p50__z1p00__lam0p020__nu0p50__psi0p75,hardzero_plus_depr,0.06,39,1138,0.0,2,0.15587616,0.15587616,0.94731164,0.11289855,0.11289855,1.0,2.693732e-10,2.3859756e-09,-25.599737,2.0841272,0.69470906,0.2,0.0,0.12823911,22.72033,22.74033,3644800
hardzero_plus_depr__c0p50__z1p00__lam0p020__nu0p50__psi0p75,hardzero_plus_depr,0.06,39,1139,0.0,2,0.15587616,0.15587616,0.98071533,0.10454051,0.10454051,1.0,2.4571725e-10,2.35045e-09,-25.42373,2.1576169,0.7192056,0.17600001,0.0,0.1379933,22.74033,22.76033,3648000
hardzero_plus_depr__c0p50__z1p00__lam0p020__nu0p50__psi0p75,hardzero_plus_depr,0.06,39,1140,0.0,2,0.15587616,0.15587616,0.9938528,0.101425506,0.101425506,1.0,2.348465e-10,2.315458e-09,-26.611813,2.1865199,0.72884,0.136,0.0,0.13674569,22.76033,22.78033,3651200
hardzero_plus_depr__c0p50__z1p00__lam0p020__nu0p50__psi0p75,hardzero_plus_depr,0.06,39,1141,0.0,2,0.15587616,0.15587616,1.0449733,0.0,0.090162665,0.0,0.0,2.2809867e-09,-27.611326,2.2989872,0.76632905,0.136,0.0,0.16708902,22.78033,22.800331,3654400
hardzero_plus_depr__c0p50__z1p00__lam0p020__nu0p50__psi0p75,hardzero_plus_depr,0.06,39,1142,0.0,2,0.15587616,0.15587616,0.9490631,0.11244414,0.11244414,1.0,2.5266472e-10,2.2470243e-09,-25.126556,2.0879805,0.69599354,0.192,0.0,0.11222405,22.800331,22.820332,3657600
hardzero_plus_depr__c0p50__z1p00__lam0p020__nu0p50__psi0p75,hardzero_plus_depr,0.06,39,1143,0.0,2,0.15587616,0.15587616,1.0141717,0.0,0.0967895,0.0,0.0,2.2135676e-09,-26.490137,2.2312224,0.7437408,0.16800001,0.0,0.14460146,22.820332,22.840332,3660800
hardzero_plus_depr__c0p50__z1p00__lam0p020__nu0p50__psi0p75,hardzero_plus_depr,0.06,39,1144,0.0,2,0.15587616,0.15587616,1.0696061,0.0,0.08519105,0.0,0.0,2.1806132e-09,-28.462536,2.3531804,0.7843935,0.11,0.0,0.14654472,22.840332,22.860332,3664000
hardzero_plus_depr__c0p50__z1p00__lam0p020__nu0p50__psi0p75,hardzero_plus_depr,0.06,39,1145,0.0,2,0.15587616,0.15587616,1.0216166,0.0,0.09514444,0.0,0.0,2.1481494e-09,-26.686846,2.2476013,0.74920046,0.128,0.0,0.12953052,22.860332,22.880333,3667200
hardzero_plus_depr__c0p50__z1p00__lam0p020__nu0p50__psi0p75,hardzero_plus_depr,0.06,39,1146,0.0,2,0.15587616,0.15587616,0.9778876,0.10522342,0.10522342,1.0,2.2267009e-10,2.1161648e-09,-26.550583,2.1513956,0.71713185,0.2,0.0,0.14685126,22.880333,22.900333,3670400
hardzero_plus_depr__c0p50__z1p00__lam0p020__nu0p50__psi0p75,hardzero_plus_depr,0.06,39,1147,0.0,2,0.15587616,0.15587616,0.9991977,0.1001849,0.1001849,1.0,2.0885113e-10,2.0846567e-09,-26.35647,2.198279,0.73275965,0.112,0.0,0.11695511,22.900333,22.920334,3673600
hardzero_plus_depr__c0p50__z1p00__lam0p020__nu0p50__psi0p75,hardzero_plus_depr,0.06,39,1148,0.0,2,0.15587616,0.15587616,0.9962117,0.10087609,0.10087609,1.0,2.0716132e-10,2.0536215e-09,-26.357185,2.1917095,0.73056984,0.17600001,0.0,0.12586504,22.920334,22.940334,3676800
hardzero_plus_depr__c0p50__z1p00__lam0p020__nu0p50__psi0p75,hardzero_plus_depr,0.06,39,1149,0.0,2,0.15587616,0.15587616,1.0333611,0.0,0.09260594,0.0,0.0,2.023048e-09,-27.750948,2.27344,0.75781333,0.18400002,0.0,0.14321956,22.940334,22.960335,3680000
hardzero_plus_depr__c0p50__z1p00__lam0p020__nu0p50__psi0p75,hardzero_plus_depr,0.06,39,1150,0.0,2,0.15587616,0.15587616,1.0393472,0.0,0.09133827,0.0,0.0,1.992926e-09,-27.63452,2.2866094,0.76220316,0.216,0.008,0.15283997,22.960335,22.980335,3683200
hardzero_plus_depr__c0p50__z1p00__lam0p020__nu0p50__psi0p75,hardzero_plus_depr,0.06,39,1151,0.0,2,0.15587616,0.15587616,0.99831265,0.10038928,0.10038928,1.0,1.9708953e-10,1.9632527e-09,-26.942621,2.1963317,0.7321106,0.192,0.0,0.14771557,22.980335,23.000336,3686400
hardzero_plus_depr__c0p50__z1p00__lam0p020__nu0p50__psi0p75,hardzero_plus_depr,0.06,39,1152,0.0,2,0.15587616,0.15587616,0.9876612,0.102881856,0.102881856,1.0,1.9897607e-10,1.934025e-09,-26.551016,2.172898,0.7242994,0.18400002,0.0,0.12892902,23.000336,23.020336,3689600
hardzero_plus_depr__c0p50__z1p00__lam0p020__nu0p50__psi0p75,hardzero_plus_depr,0.06,39,1153,0.0,2,0.15587616,0.15587616,1.0324997,0.0,0.09278983,0.0,0.0,1.9052322e-09,-26.960169,2.2715447,0.7571816,0.14400001,0.008,0.1743762,23.020336,23.040337,3692800
hardzero_plus_depr__c0p50__z1p00__lam0p020__nu0p50__psi0p75,hardzero_plus_depr,0.06,39,1154,0.0,2,0.15587616,0.15587616,1.0410533,0.0,0.09098016,0.0,0.0,1.8768647e-09,-27.53077,2.290363,0.7634544,0.112,0.0,0.13693851,23.040337,23.060337,3696000
hardzero_plus_depr__c0p50__z1p00__lam0p020__nu0p50__psi0p75,hardzero_plus_depr,0.06,39,1155,0.0,2,0.15587616,0.15587616,0.9969312,0.100709125,0.100709125,1.0,1.8620304e-10,1.8489192e-09,-25.898043,2.1932924,0.73109746,0.192,0.0,0.14274661,23.060337,23.080338,3699200
hardzero_plus_depr__c0p50__z1p00__lam0p020__nu0p50__psi0p75,hardzero_plus_depr,0.06,39,1156,0.0,2,0.15587616,0.15587616,1.0237716,0.0,0.09467349,0.0,0.0,1.8213936e-09,-26.764652,2.2523427,0.75078094,0.112,0.0,0.14380263,23.080338,23.100338,3702400
hardzero_plus_depr__c0p50__z1p00__lam0p020__nu0p50__psi0p75,hardzero_plus_depr,0.06,39,1157,0.0,2,0.15587616,0.15587616,0.9590794,0.1098805,0.1098805,1.0,1.9715614e-10,1.7942777e-09,-25.677673,2.1100168,0.703339,0.17,0.0,0.15451439,23.100338,23.120338,3705600
hardzero_plus_depr__c0p50__z1p00__lam0p020__nu0p50__psi0p75,hardzero_plus_depr,0.06,39,1158,0.0,2,0.15587616,0.15587616,1.0196422,0.0,0.09557795,0.0,0.0,1.7675622e-09,-27.288645,2.2432578,0.7477526,0.15200001,0.0,0.13694416,23.120338,23.140339,3708800
hardzero_plus_depr__c0p50__z1p00__lam0p020__nu0p50__psi0p75,hardzero_plus_depr,0.06,39,1159,0.0,2,0.15587616,0.15587616,1.0879227,0.0,0.081672765,0.0,0.0,1.7412443e-09,-28.13145,2.3934777,0.79782593,0.128,0.0,0.16039494,23.140339,23.16034,3712000
hardzero_plus_depr__c0p50__z1p00__lam0p020__nu0p50__psi0p75,hardzero_plus_depr,0.06,39,1160,0.0,2,0.15587616,0.15587616,0.9806944,0.10454555,0.10454555,1.0,1.7932923e-10,1.7153216e-09,-25.55127,2.1575708,0.7191903,0.192,0.0,0.121619165,23.16034,23.18034,3715200
hardzero_plus_depr__c0p50__z1p00__lam0p020__nu0p50__psi0p75,hardzero_plus_depr,0.06,39,1161,0.0,2,0.15587616,0.15587616,1.0090954,0.0,0.09792748,0.0,0.0,1.6897848e-09,-26.553572,2.2200541,0.74001807,0.14400001,0.0,0.139973,23.18034,23.20034,3718400
hardzero_plus_depr__c0p50__z1p00__lam0p020__nu0p50__psi0p75,hardzero_plus_depr,0.06,39,1162,0.0,2,0.15587616,0.15587616,1.0128525,0.0,0.09708394,0.0,0.0,1.664625e-09,-26.953411,2.2283201,0.7427734,0.16800001,0.0,0.15498468,23.20034,23.22034,3721600
hardzero_plus_depr__c0p50__z1p00__lam0p020__nu0p50__psi0p75,hardzero_plus_depr,0.06,39,1163,0.0,2,0.15587616,0.15587616,1.0170463,0.0,0.09615097,0.0,0.0,1.6398398e-09,-26.635681,2.2375467,0.7458489,0.14400001,0.0,0.1521059,23.22034,23.240341,3724800
hardzero_plus_depr__c0p50__z1p00__lam0p020__nu0p50__psi0p75,hardzero_plus_depr,0.06,39,1164,0.0,2,0.15587616,0.15587616,1.0028996,0.0,0.09933455,0.0,0.0,1.6154269e-09,-26.441603,2.2064233,0.73547447,0.112,0.0,0.13294706,23.240341,23.260342,3728000
hardzero_plus_depr__c0p50__z1p00__lam0p020__nu0p50__psi0p75,hardzero_plus_depr,0.06,39,1165,0.0,2,0.15587616,0.15587616,1.0220094,0.0,0.09505842,0.0,0.0,1.5913773e-09,-26.930365,2.2484655,0.74948853,0.17600001,0.0,0.13225652,23.260342,23.280342,3731200
hardzero_plus_depr__c0p50__z1p00__lam0p020__nu0p50__psi0p75,hardzero_plus_depr,0.06,39,1166,0.0,2,0.15587616,0.15587616,1.0243134,0.0,0.094555445,0.0,0.0,1.5676825e-09,-27.442122,2.2535346,0.7511782,0.15200001,0.0,0.115616485,23.280342,23.300343,3734400
hardzero_plus_depr__c0p50__z1p00__lam0p020__nu0p50__psi0p75,hardzero_plus_depr,0.06,39,1167,0.0,2,0.15587616,0.15587616,0.97799927,0.10519636,0.10519636,1.0,1.6245903e-10,1.5443409e-09,-25.927095,2.1516414,0.7172138,0.15200001,0.0,0.12476253,23.300343,23.320343,3737600
hardzero_plus_depr__c0p50__z1p00__lam0p020__nu0p50__psi0p75,hardzero_plus_depr,0.06,39,1168,0.0,2,0.15587616,0.15587616,1.0468597,0.0,0.089771874,0.0,0.0,1.5213496e-09,-27.590487,2.3031373,0.7677125,0.128,0.0,0.14216372,23.320343,23.340343,3740800
hardzero_plus_depr__c0p50__z1p00__lam0p020__nu0p50__psi0p75,hardzero_plus_depr,0.06,39,1169,0.0,2,0.15587616,0.15587616,1.0305482,0.0,0.093207695,0.0,0.0,1.4987005e-09,-26.635923,2.2672513,0.7557504,0.24000001,0.0,0.15112717,23.340343,23.360344,3744000
hardzero_plus_depr__c0p50__z1p00__lam0p020__nu0p50__psi0p75,hardzero_plus_depr,0.06,39,1170,0.0,2,0.15587616,0.15587616,1.0511642,0.0,0.088886514,0.0,0.0,1.4763858e-09,-27.33038,2.3126073,0.77086914,0.12,0.0,0.14018825,23.360344,23.380344,3747200
hardzero_plus_depr__c0p50__z1p00__lam0p020__nu0p50__psi0p75,hardzero_plus_depr,0.06,39,1171,0.0,2,0.15587616,0.15587616,1.0598853,0.0,0.08711938,0.0,0.0,1.4544036e-09,-27.989666,2.331794,0.7772647,0.16000001,0.0,0.1553312,23.380344,23.400345,3750400
hardzero_plus_depr__c0p50__z1p00__lam0p020__nu0p50__psi0p75,hardzero_plus_depr,0.06,39,1172,0.0,2,0.15587616,0.15587616,1.0865297,0.0,0.081935145,0.0,0.0,1.4327511e-09,-27.496157,2.390413,0.79680437,0.15200001,0.0,0.15145291,23.400345,23.420345,3753600
hardzero_plus_depr__c0p50__z1p00__lam0p020__nu0p50__psi0p75,hardzero_plus_depr,0.06,39,1173,0.0,2,0.15587616,0.15587616,1.0641453,0.0,0.08626898,0.0,0.0,1.411421e-09,-27.790897,2.3411665,0.78038883,0.080000006,0.0,0.16308936,23.420345,23.440346,3756800
hardzero_plus_depr__c0p50__z1p00__lam0p020__nu0p50__psi0p75,hardzero_plus_depr,0.06,39,1174,0.0,2,0.15587616,0.15587616,1.0068421,0.0,0.09843687,0.0,0.0,1.390406e-09,-26.573973,2.215097,0.73836565,0.14400001,0.0,0.14025065,23.440346,23.460346,3760000
hardzero_plus_depr__c0p50__z1p00__lam0p020__nu0p50__psi0p75,hardzero_plus_depr,0.06,39,1175,0.0,2,0.15587616,0.15587616,1.0603513,0.0,0.08702594,0.0,0.0,1.3697038e-09,-27.041502,2.3328195,0.7776065,0.128,0.0,0.13412629,23.460346,23.480347,3763200
hardzero_plus_depr__c0p50__z1p00__lam0p020__nu0p50__psi0p75,hardzero_plus_depr,0.06,39,1176,0.0,2,0.15587616,0.15587616,1.0717361,0.0,0.084774226,0.0,0.0,1.3493123e-09,-28.500975,2.3578665,0.78595555,0.16800001,0.0,0.16636564,23.480347,23.500347,3766400
hardzero_plus_depr__c0p50__z1p00__lam0p020__nu0p50__psi0p75,hardzero_plus_depr,0.06,39,1177,0.0,2,0.15587616,0.15587616,1.0087644,0.0,0.09800215,0.0,0.0,1.3292246e-09,-27.188221,2.219326,0.73977536,0.18400002,0.0,0.15332362,23.500347,23.520348,3769600
hardzero_plus_depr__c0p50__z1p00__lam0p020__nu0p50__psi0p75,hardzero_plus_depr,0.06,39,1178,0.0,2,0.15587616,0.15587616,0.980575,0.10457429,0.10457429,1.0,1.3693305e-10,1.3094332e-09,-26.667397,2.157308,0.71910274,0.23200001,0.0,0.14602953,23.520348,23.540348,3772800
hardzero_plus_depr__c0p50__z1p00__lam0p020__nu0p50__psi0p75,hardzero_plus_depr,0.06,39,1179,0.0,2,0.15587616,0.15587616,0.9885401,0.102673866,0.102673866,1.0,1.3244279e-10,1.2899367e-09,-26.893747,2.1748316,0.7249439,0.16000001,0.0,0.14245133,23.540348,23.560349,3776000
hardzero_plus_depr__c0p50__z1p00__lam0p020__nu0p50__psi0p75,hardzero_plus_depr,0.06,39,1180,0.0,2,0.15587616,0.15587616,0.99148697,0.10197954,0.10197954,1.0,1.2958874e-10,1.2707327e-09,-26.36511,2.181315,0.727105,0.16800001,0.0,0.15016095,23.560349,23.580349,3779200
hardzero_plus_depr__c0p50__z1p00__lam0p020__nu0p50__psi0p75,hardzero_plus_depr,0.06,39,1181,0.0,2,0.15587616,0.15587616,0.99525684,0.101098135,0.101098135,1.0,1.2655615e-10,1.2518149e-09,-26.884146,2.1896088,0.7298696,0.15200001,0.0,0.13932386,23.580349,23.60035,3782400
hardzero_plus_depr__c0p50__z1p00__lam0p020__nu0p50__psi0p75,hardzero_plus_depr,0.06,39,1182,0.0,2,0.15587616,0.15587616,1.0334023,0.0,0.09259716,0.0,0.0,1.2331761e-09,-28.137653,2.2735305,0.7578435,0.18400002,0.0,0.14057249,23.60035,23.62035,3785600
hardzero_plus_depr__c0p50__z1p00__lam0p020__nu0p50__psi0p75,hardzero_plus_depr,0.06,39,1183,0.0,2,0.15587616,0.15587616,0.98904616,0.10255428,0.10255428,1.0,1.2458447e-10,1.2148149e-09,-26.300232,2.175945,0.72531503,0.11,0.0,0.14777623,23.62035,23.64035,3788800
hardzero_plus_depr__c0p50__z1p00__lam0p020__nu0p50__psi0p75,hardzero_plus_depr,0.06,39,1184,0.0,2,0.15587616,0.15587616,1.0446805,0.0,0.090223454,0.0,0.0,1.1967294e-09,-28.155956,2.298343,0.76611435,0.128,0.0,0.13519762,23.64035,23.66035,3792000
hardzero_plus_depr__c0p50__z1p00__lam0p020__nu0p50__psi0p75,hardzero_plus_depr,0.06,39,1185,0.0,2,0.15587616,0.15587616,1.0191536,0.0,0.095685564,0.0,0.0,1.1789132e-09,-27.033127,2.2421827,0.74739426,0.104,0.0,0.117371894,23.66035,23.680351,3795200
hardzero_plus_depr__c0p50__z1p00__lam0p020__nu0p50__psi0p75,hardzero_plus_depr,0.06,39,1186,0.0,2,0.15587616,0.15587616,1.031299,0.0,0.093046695,0.0,0.0,1.1613598e-09,-26.964525,2.268903,0.75630105,0.112,0.0,0.17727374,23.680351,23.700352,3798400
hardzero_plus_depr__c0p50__z1p00__lam0p020__nu0p50__psi0p75,hardzero_plus_depr,0.06,39,1187,0.0,2,0.15587616,0.15587616,1.0002453,0.0,0.09994353,0.0,0.0,1.1440681e-09,-26.787346,2.2005837,0.7335279,0.17600001,0.0,0.12439693,23.700352,23.720352,3801600
hardzero_plus_depr__c0p50__z1p00__lam0p020__nu0p50__psi0p75,hardzero_plus_depr,0.06,39,1188,0.0,2,0.15587616,0.15587616,1.0190889,0.0,0.09569983,0.0,0.0,1.1270358e-09,-26.763449,2.2420402,0.74734676,0.120000005,0.0,0.1262302,23.720352,23.740353,3804800
hardzero_plus_depr__c0p50__z1p00__lam0p020__nu0p50__psi0p75,hardzero_plus_depr,0.06,39,1189,0.0,2,0.15587616,0.15587616,1.0202732,0.0,0.0954392,0.0,0.0,1.1102571e-09,-27.084717,2.2446458,0.7482153,0.120000005,0.0,0.14952032,23.740353,23.760353,3808000
hardzero_plus_depr__c0p50__z1p00__lam0p020__nu0p50__psi0p75,hardzero_plus_depr,0.06,39,1190,0.0,2,0.15587616,0.15587616,1.0721927,0.0,0.08468516,0.0,0.0,1.093726e-09,-27.89367,2.358871,0.78629035,0.112,0.0,0.1607526,23.760353,23.780354,3811200
hardzero_plus_depr__c0p50__z1p00__lam0p020__nu0p50__psi0p75,hardzero_plus_depr,0.06,39,1191,0.0,2,0.15587616,0.15587616,1.002656,0.0,0.0993903,0.0,0.0,1.0774412e-09,-27.107054,2.2058873,0.7352958,0.17600001,0.0,0.1480104,23.780354,23.800354,3814400
hardzero_plus_depr__c0p50__z1p00__lam0p020__nu0p50__psi0p75,hardzero_plus_depr,0.06,39,1192,0.0,2,0.15587616,0.15587616,0.9944043,0.1012968,0.1012968,1.0,1.0751651e-10,1.0614009e-09,-26.516567,2.1877332,0.7292444,0.17600001,0.0,0.11529296,23.800354,23.820354,3817600
hardzero_plus_depr__c0p50__z1p00__lam0p020__nu0p50__psi0p75,hardzero_plus_depr,0.06,39,1193,0.0,2,0.15587616,0.15587616,0.994408,0.101295926,0.101295926,1.0,1.0591494e-10,1.0455992e-09,-26.18077,2.1877413,0.7292471,0.14400001,0.0,0.12983707,23.820354,23.840355,3820800
hardzero_plus_depr__c0p50__z1p00__lam0p020__nu0p50__psi0p75,hardzero_plus_depr,0.06,39,1194,0.0,2,0.15587616,0.15587616,1.0296668,0.0,0.09339706,0.0,0.0,1.0300311e-09,-26.910158,2.2653122,0.75510406,0.128,0.0,0.14803609,23.840355,23.860355,3824000
hardzero_plus_depr__c0p50__z1p00__lam0p020__nu0p50__psi0p75,hardzero_plus_depr,0.06,39,1195,0.0,2,0.15587616,0.15587616,1.0333257,0.0,0.092613496,0.0,0.0,1.0146946e-09,-27.397583,2.273362,0.75778735,0.14400001,0.0,0.14246278,23.860355,23.880356,3827200
hardzero_plus_depr__c0p50__z1p00__lam0p020__nu0p50__psi0p75,hardzero_plus_depr,0.06,39,1196,0.0,2,0.15587616,0.15587616,0.9832961,0.10392114,0.10392114,1.0,1.0387834e-10,9.995882e-10,-26.489153,2.1632946,0.7210982,0.21,0.01,0.13167173,23.880356,23.900356,3830400
hardzero_plus_depr__c0p50__z1p00__lam0p020__nu0p50__psi0p75,hardzero_plus_depr,0.06,39,1197,0.0,2,0.15587616,0.15587616,1.041657,0.0,0.090853795,0.0,0.0,9.84707e-10,-27.410576,2.291691,0.76389706,0.128,0.0,0.1514256,23.900356,23.920357,3833600
hardzero_plus_depr__c0p50__z1p00__lam0p020__nu0p50__psi0p75,hardzero_plus_depr,0.06,39,1198,0.0,2,0.15587616,0.15587616,0.9993787,0.10014318,0.10014318,1.0,9.7143425e-11,9.700454e-10,-26.656885,2.198677,0.7328924,0.18400002,0.0,0.124550834,23.920357,23.940357,3836800
hardzero_plus_depr__c0p50__z1p00__lam0p020__nu0p50__psi0p75,hardzero_plus_depr,0.06,39,1199,0.0,2,0.15587616,0.15587616,1.0170529,0.0,0.09614953,0.0,0.0,9.556019e-10,-26.640848,2.237561,0.74585366,0.128,0.0,0.12799759,23.940357,23.960358,3840000
hardzero_plus_depr__c0p50__z1p00__lam0p020__nu0p50__psi0p75,hardzero_plus_depr,0.06,39,1200,0.0,2,0.15587616,0.15587616,1.036191,0.0,0.092004485,0.0,0.0,9.413755e-10,-27.5353,2.2796657,0.7598886,0.16800001,0.0,0.13467705,23.960358,23.980358,3843200
hardzero_plus_depr__c0p50__z1p00__lam0p020__nu0p50__psi0p75,hardzero_plus_depr,0.06,39,1201,0.0,2,0.15587616,0.15587616,1.0164027,0.0,0.09629357,0.0,0.0,9.273609e-10,-27.34484,2.2361307,0.74537694,0.216,0.0,0.16001266,23.980358,24.000359,3846400
hardzero_plus_depr__c0p50__z1p00__lam0p020__nu0p50__psi0p75,hardzero_plus_depr,0.06,39,1202,0.0,2,0.15587616,0.15587616,0.961879,0.109174445,0.109174445,1.0,9.973665e-11,9.1355307e-10,-25.78514,2.1161761,0.70539206,0.15200001,0.0,0.14032137,24.000359,24.020359,3849600
hardzero_plus_depr__c0p50__z1p00__lam0p020__nu0p50__psi0p75,hardzero_plus_depr,0.06,39,1203,0.0,2,0.15587616,0.15587616,0.9706032,0.10700318,0.10700318,1.0,9.62976e-11,8.9995084e-10,-26.408974,2.1353698,0.71178997,0.224,0.0,0.15827172,24.020359,24.04036,3852800
hardzero_plus_depr__c0p50__z1p00__lam0p020__nu0p50__psi0p75,hardzero_plus_depr,0.06,39,1204,0.0,2,0.15587616,0.15587616,0.995234,0.101103455,0.101103455,1.0,8.963356e-11,8.865529e-10,-26.602722,2.1895585,0.72985286,0.15200001,0.0,0.109322436,24.04036,24.06036,3856000
hardzero_plus_depr__c0p50__z1p00__lam0p020__nu0p50__psi0p75,hardzero_plus_depr,0.06,39,1205,0.0,2,0.15587616,0.15587616,1.0188483,0.0,0.09575284,0.0,0.0,8.7335433e-10,-27.875408,2.241511,0.7471704,0.16800001,0.0,0.14885285,24.06036,24.08036,3859200
hardzero_plus_depr__c0p50__z1p00__lam0p020__nu0p50__psi0p75,hardzero_plus_depr,0.06,39,1206,0.0,2,0.15587616,0.15587616,1.0571522,0.0,0.08766936,0.0,0.0,8.603506e-10,-27.900423,2.325781,0.7752604,0.120000005,0.0,0.18938334,24.08036,24.10036,3862400
hardzero_plus_depr__c0p50__z1p00__lam0p020__nu0p50__psi0p75,hardzero_plus_depr,0.06,39,1207,0.0,2,0.15587616,0.15587616,0.98465836,0.10359568,0.10359568,1.0,8.7801544e-11,8.475406e-10,-25.743835,2.1662917,0.7220973,0.2,0.0,0.12270976,24.10036,24.120361,3865600
hardzero_plus_depr__c0p50__z1p00__lam0p020__nu0p50__psi0p75,hardzero_plus_depr,0.06,39,1208,0.0,2,0.15587616,0.15587616,1.0150495,0.0,0.09659408,0.0,0.0,8.349229e-10,-27.066694,2.2331533,0.74438447,0.136,0.0,0.16168712,24.120361,24.140362,3868800
hardzero_plus_depr__c0p50__z1p00__lam0p020__nu0p50__psi0p75,hardzero_plus_depr,0.06,39,1209,0.0,2,0.15587616,0.15587616,0.9648597,0.10842771,0.10842771,1.0,8.918103e-11,8.2249296e-10,-25.998955,2.1227338,0.70757794,0.22,0.0,0.12001435,24.140362,24.160362,3872000
hardzero_plus_depr__c0p50__z1p00__lam0p020__nu0p50__psi0p75,hardzero_plus_depr,0.06,39,1210,0.0,2,0.15587616,0.15587616,1.0048108,0.0,0.09889837,0.0,0.0,8.1024665e-10,-26.58443,2.210628,0.736876,0.15200001,0.0,0.13912302,24.160362,24.180363,3875200
hardzero_plus_depr__c0p50__z1p00__lam0p020__nu0p50__psi0p75,hardzero_plus_depr,0.06,39,1211,0.0,2,0.15587616,0.15587616,1.01676,0.0,0.09621438,0.0,0.0,7.9818263e-10,-26.654606,2.2369165,0.74563885,0.16000001,0.0,0.14717282,24.180363,24.200363,3878400
hardzero_plus_depr__c0p50__z1p00__lam0p020__nu0p50__psi0p75,hardzero_plus_depr,0.06,39,1212,0.0,2,0.15587616,0.15587616,0.9728193,0.106458575,0.106458575,1.0,8.3708346e-11,7.862997e-10,-27.095589,2.1402452,0.7134151,0.216,0.0,0.14331411,24.200363,24.220364,3881600
hardzero_plus_depr__c0p50__z1p00__lam0p020__nu0p50__psi0p75,hardzero_plus_depr,0.06,39,1213,0.0,2,0.15587616,0.15587616,0.96871036,0.10747058,0.10747058,1.0,8.3246035e-11,7.745937e-10,-25.685612,2.1312053,0.7104018,0.16000001,0.0,0.13203125,24.220364,24.240364,3884800
hardzero_plus_depr__c0p50__z1p00__lam0p020__nu0p50__psi0p75,hardzero_plus_depr,0.06,39,1214,0.0,2,0.15587616,0.15587616,1.0489454,0.0,0.08934178,0.0,0.0,7.630605e-10,-28.18564,2.307726,0.769242,0.15200001,0.0,0.1513081,24.240364,24.260365,3888000
hardzero_plus_depr__c0p50__z1p00__lam0p020__nu0p50__psi0p75,hardzero_plus_depr,0.06,39,1215,0.0,2,0.15587616,0.15587616,0.99170333,0.10192873,0.10192873,1.0,7.6619724e-11,7.51699e-10,-26.340176,2.1817908,0.7272636,0.104,0.0,0.110119686,24.260365,24.280365,3891200
hardzero_plus_depr__c0p50__z1p00__lam0p020__nu0p50__psi0p75,hardzero_plus_depr,0.06,39,1216,0.0,2,0.15587616,0.15587616,1.0501068,0.0,0.089103185,0.0,0.0,7.405081e-10,-27.013617,2.310281,0.7700937,0.14400001,0.0,0.14058372,24.280365,24.300365,3894400
hardzero_plus_depr__c0p50__z1p00__lam0p020__nu0p50__psi0p75,hardzero_plus_depr,0.06,39,1217,0.0,2,0.15587616,0.15587616,0.9630348,0.108884275,0.108884275,1.0,7.9429324e-11,7.2948386e-10,-26.416243,2.1187189,0.70623964,0.18400002,0.0,0.11479471,24.300365,24.320366,3897600
hardzero_plus_depr__c0p50__z1p00__lam0p020__nu0p50__psi0p75,hardzero_plus_depr,0.06,39,1218,0.0,2,0.15587616,0.15587616,0.9984823,0.10035009,0.10035009,1.0,7.211382e-11,7.186224e-10,-26.467772,2.1967049,0.73223495,0.18400002,0.0,0.15457654,24.320366,24.340366,3900800
hardzero_plus_depr__c0p50__z1p00__lam0p020__nu0p50__psi0p75,hardzero_plus_depr,0.06,39,1219,0.0,2,0.15587616,0.15587616,1.0798329,0.0,0.08320837,0.0,0.0,7.079225e-10,-28.582521,2.3756797,0.79189324,0.120000005,0.0,0.18182786,24.340366,24.360367,3904000
hardzero_plus_depr__c0p50__z1p00__lam0p020__nu0p50__psi0p75,hardzero_plus_depr,0.06,39,1220,0.0,2,0.15587616,0.15587616,1.030188,0.0,0.09328503,0.0,0.0,6.973833e-10,-26.877401,2.2664587,0.75548625,0.128,0.0,0.13099404,24.360367,24.380367,3907200
hardzero_plus_depr__c0p50__z1p00__lam0p020__nu0p50__psi0p75,hardzero_plus_depr,0.06,39,1221,0.0,2,0.15587616,0.15587616,0.9737579,0.10622875,0.10622875,1.0,7.297927e-11,6.870011e-10,-26.990234,2.1423101,0.7141034,0.224,0.008,0.12514302,24.380367,24.400368,3910400
hardzero_plus_depr__c0p50__z1p00__lam0p020__nu0p50__psi0p75,hardzero_plus_depr,0.06,39,1222,0.0,2,0.15587616,0.15587616,1.0010924,0.0,0.09974878,0.0,0.0,6.767721e-10,-27.028688,2.2024474,0.73414916,0.17,0.0,0.14008647,24.400368,24.420368,3913600
hardzero_plus_depr__c0p50__z1p00__lam0p020__nu0p50__psi0p75,hardzero_plus_depr,0.06,39,1223,0.0,2,0.15587616,0.15587616,1.0242915,0.0,0.09456022,0.0,0.0,6.6669537e-10,-26.925682,2.2534864,0.7511622,0.136,0.0,0.15548566,24.420368,24.440369,3916800
hardzero_plus_depr__c0p50__z1p00__lam0p020__nu0p50__psi0p75,hardzero_plus_depr,0.06,39,1224,0.0,2,0.15587616,0.15587616,0.99956554,0.10010009,0.10010009,1.0,6.574274e-11,6.5677e-10,-27.507587,2.199088,0.73302937,0.08800001,0.0,0.14950837,24.440369,24.46037,3920000
hardzero_plus_depr__c0p50__z1p00__lam0p020__nu0p50__psi0p75,hardzero_plus_depr,0.06,39,1225,0.0,2,0.15587616,0.15587616,1.0184448,0.0,0.095841855,0.0,0.0,6.4699235e-10,-26.684628,2.2406232,0.74687445,0.15200001,0.0,0.14214633,24.46037,24.48037,3923200
hardzero_plus_depr__c0p50__z1p00__lam0p020__nu0p50__psi0p75,hardzero_plus_depr,0.06,39,1226,0.0,2,0.15587616,0.15587616,1.0288656,0.0,0.093569525,0.0,0.0,6.373591e-10,-27.467724,2.2635496,0.75451654,0.16800001,0.0,0.12869263,24.48037,24.50037,3926400
hardzero_plus_depr__c0p50__z1p00__lam0p020__nu0p50__psi0p75,hardzero_plus_depr,0.06,39,1227,0.0,2,0.15587616,0.15587616,0.96475613,0.108453564,0.108453564,1.0,6.8094655e-11,6.278692e-10,-26.107008,2.122506,0.707502,0.18400002,0.0,0.126217,24.50037,24.52037,3929600
hardzero_plus_depr__c0p50__z1p00__lam0p020__nu0p50__psi0p75,hardzero_plus_depr,0.06,39,1228,0.0,2,0.15587616,0.15587616,1.0219421,0.0,0.09507313,0.0,0.0,6.1852184e-10,-26.75572,2.2483175,0.7494392,0.216,0.0,0.15248999,24.52037,24.54037,3932800
hardzero_plus_depr__c0p50__z1p00__lam0p020__nu0p50__psi0p75,hardzero_plus_depr,0.06,39,1229,0.0,2,0.15587616,0.15587616,1.0231276,0.0,0.09481399,0.0,0.0,6.0931366e-10,-27.53236,2.2509255,0.7503085,0.15200001,0.0,0.1287604,24.54037,24.560371,3936000
hardzero_plus_depr__c0p50__z1p00__lam0p020__nu0p50__psi0p75,hardzero_plus_depr,0.06,39,1230,0.0,2,0.15587616,0.15587616,1.0132961,0.0,0.09698483,0.0,0.0,6.0024136e-10,-27.44413,2.229296,0.7430987,0.136,0.0,0.12885414,24.560371,24.580372,3939200
hardzero_plus_depr__c0p50__z1p00__lam0p020__nu0p50__psi0p75,hardzero_plus_depr,0.06,39,1231,0.0,2,0.15587616,0.15587616,1.011392,0.0,0.097411,0.0,0.0,5.913042e-10,-27.271364,2.2251067,0.74170226,0.18400002,0.0,0.18074214,24.580372,24.600372,3942400
hardzero_plus_depr__c0p50__z1p00__lam0p020__nu0p50__psi0p75,hardzero_plus_depr,0.06,39,1232,0.0,2,0.15587616,0.15587616,1.0095593,0.0,0.09782294,0.0,0.0,5.825011e-10,-27.288292,2.2210748,0.7403583,0.15200001,0.0,0.14091776,24.600372,24.620373,3945600
hardzero_plus_depr__c0p50__z1p00__lam0p020__nu0p50__psi0p75,hardzero_plus_depr,0.06,39,1233,0.0,2,0.15587616,0.15587616,0.98196626,0.10423984,0.10423984,1.0,5.981586e-11,5.738292e-10,-26.821209,2.160369,0.720123,0.2,0.0,0.13789828,24.620373,24.640373,3948800
hardzero_plus_depr__c0p50__z1p00__lam0p020__nu0p50__psi0p75,hardzero_plus_depr,0.06,39,1234,0.0,2,0.15587616,0.15587616,0.989422,0.10246556,0.10246556,1.0,5.792227e-11,5.6528526e-10,-26.42918,2.1767719,0.72559065,0.208,0.0,0.12197233,24.640373,24.660374,3952000
hardzero_plus_depr__c0p50__z1p00__lam0p020__nu0p50__psi0p75,hardzero_plus_depr,0.06,39,1235,0.0,2,0.15587616,0.15587616,0.9979196,0.10048018,0.10048018,1.0,5.5954245e-11,5.568685e-10,-27.62661,2.195467,0.7318224,0.24,0.01,0.14698757,24.660374,24.680374,3955200
hardzero_plus_depr__c0p50__z1p00__lam0p020__nu0p50__psi0p75,hardzero_plus_depr,0.06,39,1236,0.0,2,0.15587616,0.15587616,0.94478023,0.113558516,0.113558516,1.0,6.2295724e-11,5.485782e-10,-24.9147,2.078558,0.6928527,0.208,0.0,0.1526546,24.680374,24.700375,3958400
hardzero_plus_depr__c0p50__z1p00__lam0p020__nu0p50__psi0p75,hardzero_plus_depr,0.06,39,1237,0.0,2,0.15587616,0.15587616,1.018307,0.0,0.09587227,0.0,0.0,5.4041116e-10,-27.672796,2.24032,0.74677336,0.14400001,0.0,0.12408175,24.700375,24.720375,3961600
hardzero_plus_depr__c0p50__z1p00__lam0p020__nu0p50__psi0p75,hardzero_plus_depr,0.06,39,1238,0.0,2,0.15587616,0.15587616,1.029854,0.0,0.09335679,0.0,0.0,5.323649e-10,-27.744804,2.2657242,0.7552414,0.15200001,0.0,0.14869489,24.720375,24.740376,3964800
hardzero_plus_depr__c0p50__z1p00__lam0p020__nu0p50__psi0p75,hardzero_plus_depr,0.06,39,1239,0.0,2,0.15587616,0.15587616,1.0659204,0.0,0.0859171,0.0,0.0,5.2443827e-10,-26.884178,2.3450716,0.78169054,0.08800001,0.0,0.16224205,24.740376,24.760376,3968000
hardzero_plus_depr__c0p50__z1p00__lam0p020__nu0p50__psi0p75,hardzero_plus_depr,0.06,39,1240,0.0,2,0.15587616,0.15587616,1.0096976,0.0,0.097791806,0.0,0.0,5.1663074e-10,-27.807274,2.221379,0.7404597,0.15200001,0.0,0.13470593,24.760376,24.780376,3971200
hardzero_plus_depr__c0p50__z1p00__lam0p020__nu0p50__psi0p75,hardzero_plus_depr,0.06,39,1241,0.0,2,0.15587616,0.15587616,1.0244038,0.0,0.09453577,0.0,0.0,5.0893945e-10,-27.243269,2.2537334,0.7512445,0.14400001,0.0,0.12776938,24.780376,24.800377,3974400
hardzero_plus_depr__c0p50__z1p00__lam0p020__nu0p50__psi0p75,hardzero_plus_depr,0.06,39,1242,0.0,2,0.15587616,0.15587616,1.011679,0.0,0.09734664,0.0,0.0,5.013617e-10,-27.196444,2.2257383,0.7419128,0.128,0.0,0.12542896,24.800377,24.820377,3977600
hardzero_plus_depr__c0p50__z1p00__lam0p020__nu0p50__psi0p75,hardzero_plus_depr,0.06,39,1243,0.0,2,0.15587616,0.15587616,1.035299,0.0,0.092193656,0.0,0.0,4.938967e-10,-27.030535,2.2777033,0.7592344,0.208,0.0,0.15490821,24.820377,24.840378,3980800
hardzero_plus_depr__c0p50__z1p00__lam0p020__nu0p50__psi0p75,hardzero_plus_depr,0.06,39,1244,0.0,2,0.15587616,0.15587616,1.0128225,0.0,0.09709068,0.0,0.0,4.865438e-10,-27.728796,2.228254,0.74275136,0.16000001,0.0,0.123668954,24.840378,24.860378,3984000
hardzero_plus_depr__c0p50__z1p00__lam0p020__nu0p50__psi0p75,hardzero_plus_depr,0.06,39,1245,0.0,2,0.15587616,0.15587616,1.0188468,0.0,0.09575319,0.0,0.0,4.7930043e-10,-26.9374,2.2415075,0.7471692,0.17600001,0.0,0.16296433,24.860378,24.880379,3987200
hardzero_plus_depr__c0p50__z1p00__lam0p020__nu0p50__psi0p75,hardzero_plus_depr,0.06,39,1246,0.0,2,0.15587616,0.15587616,1.0427103,0.0,0.0906337,0.0,0.0,4.72164e-10,-27.248283,2.2940085,0.76466954,0.17600001,0.0,0.16359682,24.880379,24.90038,3990400
hardzero_plus_depr__c0p50__z1p00__lam0p020__nu0p50__psi0p75,hardzero_plus_depr,0.06,39,1247,0.0,2,0.15587616,0.15587616,1.0093678,0.0,0.09786607,0.0,0.0,4.651338e-10,-26.53526,2.2206535,0.74021786,0.120000005,0.0,0.14130692,24.90038,24.92038,3993600
hardzero_plus_depr__c0p50__z1p00__lam0p020__nu0p50__psi0p75,hardzero_plus_depr,0.06,39,1248,0.0,2,0.15587616,0.15587616,0.9969588,0.10070271,0.10070271,1.0,4.6142902e-11,4.5820914e-10,-27.431175,2.1933532,0.7311177,0.13,0.0,0.13031812,24.92038,24.94038,3996800
hardzero_plus_depr__c0p50__z1p00__lam0p020__nu0p50__psi0p75,hardzero_plus_depr,0.06,39,1249,0.0,2,0.15587616,0.15587616,1.0210227,0.0,0.09527463,0.0,0.0,4.5138757e-10,-26.622894,2.2462947,0.74876493,0.16000001,0.0,0.14034551,24.94038,24.96038,4000000
hardzero_plus_depr__c0p50__z1p00__lam0p020__nu0p50__psi0p75,hardzero_plus_depr,0.06,40,0,1.0,1,1.0,0.5,1.0384048,0.0,0.09153668,0.0,0.0,0.06,-27.009108,2.2845361,0.76151204,0.14,0.0,0.1360506,0.0,0.0,3200
hardzero_plus_depr__c0p50__z1p00__lam0p020__nu0p50__psi0p75,hardzero_plus_depr,0.06,40,1,1.0,2,0.5,0.0,1.0130329,0.0,0.097043626,0.0,0.0,0.06,-27.20836,2.2287169,0.7429056,0.18400002,0.0,0.14540449,0.0,0.0,6400
hardzero_plus_depr__c0p50__z1p00__lam0p020__nu0p50__psi0p75,hardzero_plus_depr,0.06,40,2,0.0,2,0.0,0.00601601,0.9988427,0.10026684,0.10026684,1.0,0.00601601,0.06,-27.780302,2.1974978,0.7324993,0.16800001,0.0,0.16132686,0.0,0.02,9600
hardzero_plus_depr__c0p50__z1p00__lam0p020__nu0p50__psi0p75,hardzero_plus_depr,0.06,40,3,0.0,2,0.00601601,0.00601601,1.0070612,0.0,0.09838723,0.0,0.0,0.059106715,-26.917995,2.215579,0.73852634,0.16800001,0.0,0.1328929,0.02,0.04,12800
hardzero_plus_depr__c0p50__z1p00__lam0p020__nu0p50__psi0p75,hardzero_plus_depr,0.06,40,4,0.0,2,0.00601601,0.011887139,0.99640083,0.10083219,0.10083219,1.0,0.0058711288,0.058226734,-26.340006,2.1921256,0.73070854,0.136,0.0,0.1401727,0.04,0.06,16000
hardzero_plus_depr__c0p50__z1p00__lam0p020__nu0p50__psi0p75,hardzero_plus_depr,0.06,40,5,0.0,2,0.011887139,0.011887139,1.0166867,0.0,0.09623062,0.0,0.0,0.057359852,-27.487005,2.2367554,0.74558514,0.17600001,0.0,0.16387458,0.06,0.08,19200
hardzero_plus_depr__c0p50__z1p00__lam0p020__nu0p50__psi0p75,hardzero_plus_depr,0.06,40,6,0.0,2,0.011887139,0.011887139,1.0317626,0.0,0.09294743,0.0,0.0,0.056505874,-27.128986,2.269923,0.75664103,0.16000001,0.0,0.15120308,0.08,0.099999994,22400
hardzero_plus_depr__c0p50__z1p00__lam0p020__nu0p50__psi0p75,hardzero_plus_depr,0.06,40,7,0.0,2,0.011887139,0.011887139,1.0148312,0.0,0.096642636,0.0,0.0,0.055664614,-26.648064,2.2326732,0.7442244,0.15200001,0.0,0.14585213,0.099999994,0.11999999,25600
hardzero_plus_depr__c0p50__z1p00__lam0p020__nu0p50__psi0p75,hardzero_plus_depr,0.06,40,8,0.0,2,0.011887139,0.011887139,1.0498143,0.0,0.08916321,0.0,0.0,0.054835875,-26.624485,2.3096375,0.7698792,0.136,0.0,0.16227286,0.11999999,0.13999999,28800
hardzero_plus_depr__c0p50__z1p00__lam0p020__nu0p50__psi0p75,hardzero_plus_depr,0.06,40,9,0.0,2,0.011887139,0.017624542,0.97383493,0.1062099,0.1062099,1.0,0.0057374025,0.054019473,-26.2174,2.1424797,0.7141599,0.16800001,0.008,0.15181248,0.13999999,0.15999998,32000
hardzero_plus_depr__c0p50__z1p00__lam0p020__nu0p50__psi0p75,hardzero_plus_depr,0.06,40,10,0.0,2,0.017624542,0.017624542,1.0381858,0.0,0.09158285,0.0,0.0,0.053215224,-27.371944,2.2840545,0.7613515,0.16800001,0.0,0.15865107,0.15999998,0.17999998,35200
hardzero_plus_depr__c0p50__z1p00__lam0p020__nu0p50__psi0p75,hardzero_plus_depr,0.06,40,11,0.0,2,0.017624542,0.017624542,1.0027177,0.0,0.09937617,0.0,0.0,0.052422956,-26.281637,2.206023,0.735341,0.136,0.0,0.14688243,0.17999998,0.19999997,38400
hardzero_plus_depr__c0p50__z1p00__lam0p020__nu0p50__psi0p75,hardzero_plus_depr,0.06,40,12,0.0,2,0.017624542,0.017624542,1.0145594,0.0,0.09670314,0.0,0.0,0.051642478,-27.554037,2.2320752,0.7440251,0.15200001,0.0,0.16482274,0.19999997,0.21999997,41600
hardzero_plus_depr__c0p50__z1p00__lam0p020__nu0p50__psi0p75,hardzero_plus_depr,0.06,40,13,0.0,2,0.017624542,0.023302544,0.9522971,0.11160994,0.11160994,1.0,0.0056780027,0.050873626,-26.100712,2.0950954,0.69836515,0.12,0.0,0.1507045,0.21999997,0.23999996,44800
hardzero_plus_depr__c0p50__z1p00__lam0p020__nu0p50__psi0p75,hardzero_plus_depr,0.06,40,14,0.0,2,0.023302544,0.023302544,1.0304308,0.0,0.09323289,0.0,0.0,0.05011621,-28.37225,2.266993,0.75566435,0.112,0.0,0.1493687,0.23999996,0.25999996,48000
hardzero_plus_depr__c0p50__z1p00__lam0p020__nu0p50__psi0p75,hardzero_plus_depr,0.06,40,15,0.0,2,0.023302544,0.028813848,0.9522094,0.11163248,0.11163248,1.0,0.005511305,0.049370084,-25.877314,2.0949025,0.69830084,0.23200001,0.0,0.13669762,0.25999996,0.27999997,51200
hardzero_plus_depr__c0p50__z1p00__lam0p020__nu0p50__psi0p75,hardzero_plus_depr,0.06,40,16,0.0,2,0.028813848,0.028813848,1.0206397,0.0,0.095358714,0.0,0.0,0.048635054,-27.242157,2.2454522,0.7484841,0.16000001,0.0,0.16012728,0.27999997,0.29999998,54400
hardzero_plus_depr__c0p50__z1p00__lam0p020__nu0p50__psi0p75,hardzero_plus_depr,0.06,40,17,0.0,2,0.028813848,0.028813848,1.0066099,0.0,0.09848953,0.0,0.0,0.047910973,-26.668291,2.214586,0.73819536,0.17600001,0.0,0.14945324,0.29999998,0.32,57600
hardzero_plus_depr__c0p50__z1p00__lam0p020__nu0p50__psi0p75,hardzero_plus_depr,0.06,40,18,0.0,2,0.028813848,0.028813848,1.0351074,0.0,0.092234336,0.0,0.0,0.047197673,-27.498774,2.2772818,0.75909394,0.120000005,0.0,0.13975714,0.32,0.34,60800
hardzero_plus_depr__c0p50__z1p00__lam0p020__nu0p50__psi0p75,hardzero_plus_depr,0.06,40,19,0.0,2,0.028813848,0.028813848,1.0156778,0.0,0.096454434,0.0,0.0,0.04649499,-26.378029,2.2345357,0.7448453,0.14400001,0.0,0.12335592,0.34,0.36,64000
hardzero_plus_depr__c0p50__z1p00__lam0p020__nu0p50__psi0p75,hardzero_plus_depr,0.06,40,20,0.0,2,0.028813848,0.028813848,1.0134441,0.0,0.09695181,0.0,0.0,0.04580277,-26.975595,2.2296214,0.74320716,0.136,0.0,0.14028738,0.36,0.38000003,67200
hardzero_plus_depr__c0p50__z1p00__lam0p020__nu0p50__psi0p75,hardzero_plus_depr,0.06,40,21,0.0,2,0.028813848,0.028813848,1.020294,0.0,0.095434636,0.0,0.0,0.045120854,-27.414448,2.2446916,0.7482306,0.208,0.0,0.15417205,0.38000003,0.40000004,70400
hardzero_plus_depr__c0p50__z1p00__lam0p020__nu0p50__psi0p75,hardzero_plus_depr,0.06,40,22,0.0,2,0.028813848,0.033644296,0.9638754,0.10867373,0.10867373,1.0,0.0048304484,0.04444909,-25.653013,2.1205683,0.70685613,0.16800001,0.0,0.12540866,0.40000004,0.42000005,73600
hardzero_plus_depr__c0p50__z1p00__lam0p020__nu0p50__psi0p75,hardzero_plus_depr,0.06,40,23,0.0,2,0.033644296,0.038049407,0.99739176,0.10060238,0.10060238,1.0,0.0044051097,0.04378733,-27.208778,2.1943057,0.73143524,0.18400002,0.0,0.1391152,0.42000005,0.44000006,76800
hardzero_plus_depr__c0p50__z1p00__lam0p020__nu0p50__psi0p75,hardzero_plus_depr,0.06,40,24,0.0,2,0.038049407,0.038049407,1.0142647,0.0,0.09676878,0.0,0.0,0.043135423,-27.116817,2.231427,0.743809,0.14400001,0.0,0.1567898,0.44000006,0.46000007,80000
hardzero_plus_depr__c0p50__z1p00__lam0p020__nu0p50__psi0p75,hardzero_plus_depr,0.06,40,25,0.0,2,0.038049407,0.042303585,0.99950397,0.10011429,0.10011429,1.0,0.004254178,0.042493217,-26.631754,2.1989527,0.73298424,0.17600001,0.0,0.14008315,0.46000007,0.48000008,83200
hardzero_plus_depr__c0p50__z1p00__lam0p020__nu0p50__psi0p75,hardzero_plus_depr,0.06,40,26,0.0,2,0.042303585,0.042303585,1.0314318,0.0,0.09301826,0.0,0.0,0.041860577,-26.898579,2.2691953,0.75639844,0.13,0.0,0.14627133,0.48000008,0.50000006,86400
hardzero_plus_depr__c0p50__z1p00__lam0p020__nu0p50__psi0p75,hardzero_plus_depr,0.06,40,27,0.0,2,0.042303585,0.042303585,1.0018871,0.0,0.099566415,0.0,0.0,0.041237354,-26.306658,2.2041955,0.73473185,0.16800001,0.0,0.15138502,0.50000006,0.52000004,89600
hardzero_plus_depr__c0p50__z1p00__lam0p020__nu0p50__psi0p75,hardzero_plus_depr,0.06,40,28,0.0,2,0.042303585,0.042303585,1.0449008,0.0,0.090177715,0.0,0.0,0.04062341,-27.537804,2.2988276,0.7662759,0.208,0.0,0.16090633,0.52000004,0.54,92800
hardzero_plus_depr__c0p50__z1p00__lam0p020__nu0p50__psi0p75,hardzero_plus_depr,0.06,40,29,0.0,2,0.042303585,0.042303585,1.0209482,0.0,0.09529099,0.0,0.0,0.040018607,-26.909649,2.246131,0.74871033,0.15200001,0.0,0.15380585,0.54,0.56,96000
hardzero_plus_depr__c0p50__z1p00__lam0p020__nu0p50__psi0p75,hardzero_plus_depr,0.06,40,30,0.0,2,0.042303585,0.046281673,0.9960732,0.10090827,0.10090827,1.0,0.003978087,0.039422806,-27.39738,2.1914048,0.7304683,0.15200001,0.0,0.16218743,0.56,0.58,99200
hardzero_plus_depr__c0p50__z1p00__lam0p020__nu0p50__psi0p75,hardzero_plus_depr,0.06,40,31,0.0,2,0.046281673,0.046281673,1.0583063,0.0,0.08743667,0.0,0.0,0.03883588,-27.680447,2.3283205,0.77610683,0.112,0.0,0.1507633,0.58,0.59999996,102400
hardzero_plus_depr__c0p50__z1p00__lam0p020__nu0p50__psi0p75,hardzero_plus_depr,0.06,40,32,0.0,2,0.046281673,0.046281673,1.0252604,0.0,0.09434949,0.0,0.0,0.03825769,-27.101797,2.255618,0.7518727,0.16000001,0.0,0.13347858,0.59999996,0.61999995,105600
hardzero_plus_depr__c0p50__z1p00__lam0p020__nu0p50__psi0p75,hardzero_plus_depr,0.06,40,33,0.0,2,0.046281673,0.046281673,1.0175323,0.0,0.09604342,0.0,0.0,0.037688106,-26.810892,2.2386158,0.7462053,0.16800001,0.0,0.15149796,0.61999995,0.6399999,108800
hardzero_plus_depr__c0p50__z1p00__lam0p020__nu0p50__psi0p75,hardzero_plus_depr,0.06,40,34,0.0,2,0.046281673,0.046281673,1.1196916,0.0,0.07591163,0.0,0.0,0.037127007,-28.970179,2.4633708,0.8211236,0.08800001,0.0,0.165633,0.6399999,0.6599999,112000
hardzero_plus_depr__c0p50__z1p00__lam0p020__nu0p50__psi0p75,hardzero_plus_depr,0.06,40,35,0.0,2,0.046281673,0.046281673,1.0212871,0.0,0.095216654,0.0,0.0,0.03657426,-27.80347,2.2468765,0.7489588,0.112,0.0,0.13942127,0.6599999,0.6799999,115200
hardzero_plus_depr__c0p50__z1p00__lam0p020__nu0p50__psi0p75,hardzero_plus_depr,0.06,40,36,0.0,2,0.046281673,0.046281673,1.040219,0.0,0.09115512,0.0,0.0,0.036029737,-27.725119,2.2885275,0.76284254,0.136,0.0,0.15670542,0.6799999,0.69999987,118400
hardzero_plus_depr__c0p50__z1p00__lam0p020__nu0p50__psi0p75,hardzero_plus_depr,0.06,40,37,0.0,2,0.046281673,0.046281673,1.0504189,0.0,0.089039184,0.0,0.0,0.035493325,-27.201391,2.3109677,0.77032256,0.096,0.0,0.121080615,0.69999987,0.71999985,121600
hardzero_plus_depr__c0p50__z1p00__lam0p020__nu0p50__psi0p75,hardzero_plus_depr,0.06,40,38,0.0,2,0.046281673,0.046281673,1.0790374,0.0,0.08336093,0.0,0.0,0.034964897,-28.996428,2.3739297,0.79130995,0.16000001,0.0,0.17940639,0.71999985,0.73999983,124800
hardzero_plus_depr__c0p50__z1p00__lam0p020__nu0p50__psi0p75,hardzero_plus_depr,0.06,40,39,0.0,2,0.046281673,0.046281673,1.0151774,0.0,0.09656564,0.0,0.0,0.03444434,-26.93242,2.233435,0.74447834,0.19999999,0.0,0.129151,0.73999983,0.7599998,128000
hardzero_plus_depr__c0p50__z1p00__lam0p020__nu0p50__psi0p75,hardzero_plus_depr,0.06,40,40,0.0,2,0.046281673,0.046281673,1.0442528,0.0,0.09031236,0.0,0.0,0.033931527,-26.740606,2.297402,0.76580065,0.136,0.0,0.15412416,0.7599998,0.7799998,131200
hardzero_plus_depr__c0p50__z1p00__lam0p020__nu0p50__psi0p75,hardzero_plus_depr,0.06,40,41,0.0,2,0.046281673,0.049789827,0.97901016,0.10495178,0.10495178,1.0,0.003508155,0.03342635,-25.561726,2.1538653,0.7179551,0.2,0.0,0.12065829,0.7799998,0.7999998,134400
hardzero_plus_depr__c0p50__z1p00__lam0p020__nu0p50__psi0p75,hardzero_plus_depr,0.06,40,42,0.0,2,0.049789827,0.049789827,1.0231277,0.0,0.094813965,0.0,0.0,0.0329287,-27.189098,2.2509258,0.75030863,0.112,0.0,0.13559017,0.7999998,0.81999975,137600
hardzero_plus_depr__c0p50__z1p00__lam0p020__nu0p50__psi0p75,hardzero_plus_depr,0.06,40,43,0.0,2,0.049789827,0.053174637,0.9815261,0.10434553,0.10434553,1.0,0.0033848083,0.03243846,-26.61768,2.1594005,0.7198002,0.15200001,0.0,0.13297243,0.81999975,0.83999974,140800
hardzero_plus_depr__c0p50__z1p00__lam0p020__nu0p50__psi0p75,hardzero_plus_depr,0.06,40,44,0.0,2,0.053174637,0.053174637,1.0174357,0.0,0.09606481,0.0,0.0,0.031955514,-26.869955,2.238403,0.7461344,0.208,0.0,0.14146902,0.83999974,0.8599997,144000
hardzero_plus_depr__c0p50__z1p00__lam0p020__nu0p50__psi0p75,hardzero_plus_depr,0.06,40,45,0.0,2,0.053174637,0.05640093,0.9893276,0.10248785,0.10248785,1.0,0.003226293,0.03147976,-27.771898,2.1765642,0.72552145,0.112,0.0,0.16510944,0.8599997,0.8799997,147200
hardzero_plus_depr__c0p50__z1p00__lam0p020__nu0p50__psi0p75,hardzero_plus_depr,0.06,40,46,0.0,2,0.05640093,0.05640093,1.0071455,0.0,0.09836813,0.0,0.0,0.031011084,-27.308805,2.2157643,0.7385881,0.18400002,0.0,0.13263829,0.8799997,0.8999997,150400
hardzero_plus_depr__c0p50__z1p00__lam0p020__nu0p50__psi0p75,hardzero_plus_depr,0.06,40,47,0.0,2,0.05640093,0.05640093,1.0942919,0.0,0.08048373,0.0,0.0,0.03054939,-28.939236,2.4074903,0.8024968,0.128,0.0,0.15804927,0.8999997,0.91999966,153600
hardzero_plus_depr__c0p50__z1p00__lam0p020__nu0p50__psi0p75,hardzero_plus_depr,0.06,40,48,0.0,2,0.05640093,0.05640093,1.0226246,0.0,0.09492385,0.0,0.0,0.03009457,-27.473228,2.249819,0.7499397,0.104,0.0,0.1448958,0.91999966,0.93999964,156800
hardzero_plus_depr__c0p50__z1p00__lam0p020__nu0p50__psi0p75,hardzero_plus_depr,0.06,40,49,0.0,2,0.05640093,0.05640093,1.0690312,0.0,0.085303865,0.0,0.0,0.029646521,-28.494493,2.3519156,0.7839719,0.15200001,0.0,0.17018326,0.93999964,0.9599996,160000
hardzero_plus_depr__c0p50__z1p00__lam0p020__nu0p50__psi0p75,hardzero_plus_depr,0.06,40,50,0.0,2,0.05640093,0.05640093,1.0108545,0.0,0.097531624,0.0,0.0,0.029205143,-26.217705,2.2239244,0.74130815,0.208,0.0,0.14663124,0.9599996,0.9799996,163200
hardzero_plus_depr__c0p50__z1p00__lam0p020__nu0p50__psi0p75,hardzero_plus_depr,0.06,40,51,0.0,2,0.05640093,0.05640093,1.0646379,0.0,0.08617119,0.0,0.0,0.028770335,-28.522833,2.34225,0.78075004,0.16800001,0.0,0.17231224,0.9799996,0.9999996,166400
hardzero_plus_depr__c0p50__z1p00__lam0p020__nu0p50__psi0p75,hardzero_plus_depr,0.06,40,52,0.0,2,0.05640093,0.05938279,0.97794336,0.105209894,0.105209894,1.0,0.002981859,0.028342001,-27.37568,2.1515183,0.7171728,0.17,0.0,0.14220355,0.9999996,1.0199996,169600
hardzero_plus_depr__c0p50__z1p00__lam0p020__nu0p50__psi0p75,hardzero_plus_depr,0.06,40,53,0.0,2,0.05938279,0.062338814,0.975208,0.10587466,0.10587466,1.0,0.002956025,0.027920043,-26.187834,2.1455004,0.7151668,0.128,0.0,0.14560091,1.0199996,1.0399996,172800
hardzero_plus_depr__c0p50__z1p00__lam0p020__nu0p50__psi0p75,hardzero_plus_depr,0.06,40,54,0.0,2,0.062338814,0.062338814,1.0187814,0.0,0.095767595,0.0,0.0,0.027504368,-27.428202,2.2413638,0.7471213,0.14400001,0.0,0.13412724,1.0399996,1.0599996,176000
hardzero_plus_depr__c0p50__z1p00__lam0p020__nu0p50__psi0p75,hardzero_plus_depr,0.06,40,55,0.0,2,0.062338814,0.062338814,1.0138111,0.0,0.09686991,0.0,0.0,0.027094882,-27.299366,2.230429,0.74347633,0.17600001,0.0,0.16857968,1.0599996,1.0799996,179200
hardzero_plus_depr__c0p50__z1p00__lam0p020__nu0p50__psi0p75,hardzero_plus_depr,0.06,40,56,0.0,2,0.062338814,0.065189995,0.9713484,0.106819764,0.106819764,1.0,0.0028511789,0.026691493,-27.086771,2.1370091,0.7123364,0.192,0.0,0.15883583,1.0799996,1.0999995,182400
hardzero_plus_depr__c0p50__z1p00__lam0p020__nu0p50__psi0p75,hardzero_plus_depr,0.06,40,57,0.0,2,0.065189995,0.06793637,0.98109865,0.10444828,0.10444828,1.0,0.0027463743,0.026294107,-26.758629,2.1584601,0.7194867,0.17600001,0.0,0.13341184,1.0999995,1.1199995,185600
hardzero_plus_depr__c0p50__z1p00__lam0p020__nu0p50__psi0p75,hardzero_plus_depr,0.06,40,58,0.0,2,0.06793637,0.06793637,1.0267727,0.0,0.09402152,0.0,0.0,0.025902638,-26.146051,2.2589452,0.7529818,0.128,0.0,0.15208057,1.1199995,1.1399995,188800
hardzero_plus_depr__c0p50__z1p00__lam0p020__nu0p50__psi0p75,hardzero_plus_depr,0.06,40,59,0.0,2,0.06793637,0.06793637,1.0080992,0.0,0.09815236,0.0,0.0,0.025517,-26.962341,2.2178626,0.73928756,0.16800001,0.0,0.13563998,1.1399995,1.1599995,192000
hardzero_plus_depr__c0p50__z1p00__lam0p020__nu0p50__psi0p75,hardzero_plus_depr,0.06,40,60,0.0,2,0.06793637,0.06793637,1.0382118,0.0,0.091577366,0.0,0.0,0.0251371,-27.418106,2.2841117,0.7613706,0.136,0.0,0.13736185,1.1599995,1.1799995,195200
hardzero_plus_depr__c0p50__z1p00__lam0p020__nu0p50__psi0p75,hardzero_plus_depr,0.06,40,61,0.0,2,0.06793637,0.07044496,0.9943715,0.10130446,0.10130446,1.0,0.0025085881,0.024762861,-26.898125,2.187661,0.72922033,0.23200001,0.0,0.14250438,1.1799995,1.1999995,198400
hardzero_plus_depr__c0p50__z1p00__lam0p020__nu0p50__psi0p75,hardzero_plus_depr,0.06,40,62,0.0,2,0.07044496,0.07044496,1.0056741,0.0,0.09870198,0.0,0.0,0.02439419,-26.611813,2.2125273,0.73750913,0.17600001,0.0,0.14435853,1.1999995,1.2199994,201600
hardzero_plus_depr__c0p50__z1p00__lam0p020__nu0p50__psi0p75,hardzero_plus_depr,0.06,40,63,0.0,2,0.07044496,0.07044496,1.1014669,0.0,0.07916498,0.0,0.0,0.024031008,-28.764927,2.4232755,0.8077585,0.120000005,0.0,0.16340154,1.2199994,1.2399994,204800
hardzero_plus_depr__c0p50__z1p00__lam0p020__nu0p50__psi0p75,hardzero_plus_depr,0.06,40,64,0.0,2,0.07044496,0.07287838,0.9880389,0.10279241,0.10279241,1.0,0.0024334288,0.023673233,-26.582382,2.173729,0.72457635,0.096,0.0,0.14350304,1.2399994,1.2599994,208000
hardzero_plus_depr__c0p50__z1p00__lam0p020__nu0p50__psi0p75,hardzero_plus_depr,0.06,40,65,0.0,2,0.07287838,0.07287838,1.0338991,0.0,0.09249132,0.0,0.0,0.023320785,-26.355488,2.2746234,0.7582078,0.16,0.0,0.13402711,1.2599994,1.2799994,211200
hardzero_plus_depr__c0p50__z1p00__lam0p020__nu0p50__psi0p75,hardzero_plus_depr,0.06,40,66,0.0,2,0.07287838,0.07527333,0.98193276,0.104247876,0.104247876,1.0,0.0023949472,0.022973582,-27.521753,2.1602952,0.72009844,0.128,0.0,0.1569884,1.2799994,1.2999994,214400
hardzero_plus_depr__c0p50__z1p00__lam0p020__nu0p50__psi0p75,hardzero_plus_depr,0.06,40,67,0.0,2,0.07527333,0.07527333,1.0112479,0.0,0.097443335,0.0,0.0,0.02263155,-27.361452,2.2247899,0.74159664,0.23200001,0.0,0.13237137,1.2999994,1.3199993,217600
hardzero_plus_depr__c0p50__z1p00__lam0p020__nu0p50__psi0p75,hardzero_plus_depr,0.06,40,68,0.0,2,0.07527333,0.077609755,0.97964704,0.104798,0.104798,1.0,0.0023364308,0.022294613,-26.48281,2.1552665,0.7184222,0.14400001,0.0,0.10647822,1.3199993,1.3399993,220800
hardzero_plus_depr__c0p50__z1p00__lam0p020__nu0p50__psi0p75,hardzero_plus_depr,0.06,40,69,0.0,2,0.077609755,0.079974174,0.96796095,0.107656196,0.107656196,1.0,0.0023644196,0.02196269,-25.696278,2.1295567,0.7098522,0.18400002,0.0,0.12494733,1.3399993,1.3599993,224000
hardzero_plus_depr__c0p50__z1p00__lam0p020__nu0p50__psi0p75,hardzero_plus_depr,0.06,40,70,0.0,2,0.079974174,0.079974174,1.0149931,0.0,0.09660663,0.0,0.0,0.021635707,-26.4954,2.2330294,0.74434316,0.16000001,0.0,0.15133741,1.3599993,1.3799993,227200
hardzero_plus_depr__c0p50__z1p00__lam0p020__nu0p50__psi0p75,hardzero_plus_depr,0.06,40,71,0.0,2,0.079974174,0.08213669,0.99369806,0.101461664,0.101461664,1.0,0.0021625129,0.021313595,-26.993488,2.1861794,0.7287265,0.120000005,0.0,0.14792061,1.3799993,1.3999993,230400
hardzero_plus_depr__c0p50__z1p00__lam0p020__nu0p50__psi0p75,hardzero_plus_depr,0.06,40,72,0.0,2,0.08213669,0.08430986,0.98504776,0.10350283,0.10350283,1.0,0.0021731742,0.020996276,-26.295248,2.1671484,0.7223828,0.16800001,0.008,0.14618096,1.3999993,1.4199992,233600
hardzero_plus_depr__c0p50__z1p00__lam0p020__nu0p50__psi0p75,hardzero_plus_depr,0.06,40,73,0.0,2,0.08430986,0.08430986,1.0081697,0.0,0.098136455,0.0,0.0,0.020683683,-27.560118,2.2180176,0.73933923,0.224,0.0,0.15874553,1.4199992,1.4399992,236800
hardzero_plus_depr__c0p50__z1p00__lam0p020__nu0p50__psi0p75,hardzero_plus_depr,0.06,40,74,0.0,2,0.08430986,0.08649209,0.97021216,0.107099585,0.107099585,1.0,0.0021822334,0.020375742,-26.17777,2.1345093,0.71150315,0.17600001,0.0,0.1348349,1.4399992,1.4599992,240000
hardzero_plus_depr__c0p50__z1p00__lam0p020__nu0p50__psi0p75,hardzero_plus_depr,0.06,40,75,0.0,2,0.08649209,0.08853542,0.99226063,0.10179803,0.10179803,1.0,0.0020433294,0.020072388,-26.420897,2.183017,0.72767234,0.192,0.0,0.174939,1.4599992,1.4799992,243200
hardzero_plus_depr__c0p50__z1p00__lam0p020__nu0p50__psi0p75,hardzero_plus_depr,0.06,40,76,0.0,2,0.08853542,0.09054136,0.9937669,0.10144558,0.10144558,1.0,0.0020059391,0.019773548,-26.155403,2.1863308,0.72877693,0.208,0.0,0.17180176,1.4799992,1.4999992,246400
hardzero_plus_depr__c0p50__z1p00__lam0p020__nu0p50__psi0p75,hardzero_plus_depr,0.06,40,77,0.0,2,0.09054136,0.09054136,1.0447928,0.0,0.09020015,0.0,0.0,0.019479157,-26.80686,2.29859,0.76619667,0.16800001,0.0,0.1321684,1.4999992,1.5199991,249600
hardzero_plus_depr__c0p50__z1p00__lam0p020__nu0p50__psi0p75,hardzero_plus_depr,0.06,40,78,0.0,2,0.09054136,0.09054136,1.0677179,0.0,0.08556223,0.0,0.0,0.019189153,-26.947876,2.3490262,0.78300875,0.13,0.0,0.14628538,1.5199991,1.5399991,252800
hardzero_plus_depr__c0p50__z1p00__lam0p020__nu0p50__psi0p75,hardzero_plus_depr,0.06,40,79,0.0,2,0.09054136,0.09054136,1.0048656,0.0,0.098885894,0.0,0.0,0.018903462,-27.001871,2.2107487,0.73691624,0.2,0.0,0.14058085,1.5399991,1.5599991,256000
hardzero_plus_depr__c0p50__z1p00__lam0p020__nu0p50__psi0p75,hardzero_plus_depr,0.06,40,80,0.0,2,0.09054136,0.092519246,0.97382694,0.10621188,0.10621188,1.0,0.0019778807,0.01862203,-26.280186,2.142462,0.714154,0.18400002,0.0,0.12136976,1.5599991,1.5799991,259200
hardzero_plus_depr__c0p50__z1p00__lam0p020__nu0p50__psi0p75,hardzero_plus_depr,0.06,40,81,0.0,2,0.092519246,0.092519246,1.0636785,0.0,0.08636175,0.0,0.0,0.018344784,-27.560102,2.3401394,0.78004646,0.17600001,0.0,0.14214551,1.5799991,1.5999991,262400
hardzero_plus_depr__c0p50__z1p00__lam0p020__nu0p50__psi0p75,hardzero_plus_depr,0.06,40,82,0.0,2,0.092519246,0.09441602,0.9789826,0.10495843,0.10495843,1.0,0.0018967736,0.018071664,-27.188692,2.1538048,0.71793497,0.104,0.0,0.15306184,1.5999991,1.619999,265600
hardzero_plus_depr__c0p50__z1p00__lam0p020__nu0p50__psi0p75,hardzero_plus_depr,0.06,40,83,0.0,2,0.09441602,0.09441602,1.0534855,0.0,0.088412665,0.0,0.0,0.017802613,-27.002642,2.3177145,0.7725715,0.112,0.0,0.13495114,1.619999,1.639999,268800
hardzero_plus_depr__c0p50__z1p00__lam0p020__nu0p50__psi0p75,hardzero_plus_depr,0.06,40,84,0.0,2,0.09441602,0.09627066,0.9757113,0.10575202,0.10575202,1.0,0.001854633,0.017537566,-25.691637,2.1466076,0.7155359,0.16800001,0.0,0.112763524,1.639999,1.659999,272000
hardzero_plus_depr__c0p50__z1p00__lam0p020__nu0p50__psi0p75,hardzero_plus_depr,0.06,40,85,0.0,2,0.09627066,0.09627066,1.0410421,0.0,0.090982504,0.0,0.0,0.017276466,-27.752024,2.2903383,0.7634461,0.14400001,0.0,0.15486738,1.659999,1.679999,275200
hardzero_plus_depr__c0p50__z1p00__lam0p020__nu0p50__psi0p75,hardzero_plus_depr,0.06,40,86,0.0,2,0.09627066,0.09627066,1.0191714,0.0,0.095681645,0.0,0.0,0.017019253,-27.654577,2.2422218,0.7474073,0.128,0.0,0.15399323,1.679999,1.699999,278400
hardzero_plus_depr__c0p50__z1p00__lam0p020__nu0p50__psi0p75,hardzero_plus_depr,0.06,40,87,0.0,2,0.09627066,0.09802781,0.97961617,0.10480544,0.10480544,1.0,0.0017571544,0.01676587,-26.066074,2.1551986,0.7183995,0.16000001,0.0,0.1357526,1.699999,1.719999,281600
hardzero_plus_depr__c0p50__z1p00__lam0p020__nu0p50__psi0p75,hardzero_plus_depr,0.06,40,88,0.0,2,0.09802781,0.09969852,0.99501044,0.10115552,0.10115552,1.0,0.0016707107,0.016516259,-26.813255,2.1890666,0.7296889,0.16800001,0.0,0.15656093,1.719999,1.7399989,284800
hardzero_plus_depr__c0p50__z1p00__lam0p020__nu0p50__psi0p75,hardzero_plus_depr,0.06,40,89,0.0,2,0.09969852,0.101373024,0.9875104,0.102917574,0.102917574,1.0,0.0016745066,0.016270366,-26.87131,2.1725662,0.72418875,0.2,0.0,0.14581586,1.7399989,1.7599989,288000
hardzero_plus_depr__c0p50__z1p00__lam0p020__nu0p50__psi0p75,hardzero_plus_depr,0.06,40,90,0.0,2,0.101373024,0.10301174,0.99037796,0.10224027,0.10224027,1.0,0.0016387204,0.01602813,-26.972334,2.178875,0.72629166,0.16000001,0.0,0.12814341,1.7599989,1.7799989,291200
hardzero_plus_depr__c0p50__z1p00__lam0p020__nu0p50__psi0p75,hardzero_plus_depr,0.06,40,91,0.0,2,0.10301174,0.10301174,1.0025368,0.0,0.099417575,0.0,0.0,0.015789503,-26.615927,2.2056248,0.7352083,0.099999994,0.0,0.14592187,1.7799989,1.7999989,294400
hardzero_plus_depr__c0p50__z1p00__lam0p020__nu0p50__psi0p75,hardzero_plus_depr,0.06,40,92,0.0,2,0.10301174,0.10301174,1.0592583,0.0,0.08724521,0.0,0.0,0.015554428,-26.905704,2.3304148,0.7768049,0.15200001,0.0,0.15419923,1.7999989,1.8199989,297600
hardzero_plus_depr__c0p50__z1p00__lam0p020__nu0p50__psi0p75,hardzero_plus_depr,0.06,40,93,0.0,2,0.10301174,0.10301174,1.0201102,0.0,0.095475,0.0,0.0,0.015322854,-27.409111,2.2442873,0.74809575,0.15200001,0.0,0.15974067,1.8199989,1.8399988,300800
hardzero_plus_depr__c0p50__z1p00__lam0p020__nu0p50__psi0p75,hardzero_plus_depr,0.06,40,94,0.0,2,0.10301174,0.10455011,0.99176466,0.101914346,0.101914346,1.0,0.0015383692,0.015094726,-27.004604,2.1819258,0.72730863,0.16800001,0.0,0.14525214,1.8399988,1.8599988,304000
hardzero_plus_depr__c0p50__z1p00__lam0p020__nu0p50__psi0p75,hardzero_plus_depr,0.06,40,95,0.0,2,0.10455011,0.10455011,1.0386021,0.0,0.09149511,0.0,0.0,0.0148699945,-27.367136,2.2849703,0.76165676,0.14400001,0.0,0.13998191,1.8599988,1.8799988,307200
hardzero_plus_depr__c0p50__z1p00__lam0p020__nu0p50__psi0p75,hardzero_plus_depr,0.06,40,96,0.0,2,0.10455011,0.10455011,1.0237112,0.0,0.09468665,0.0,0.0,0.01464861,-26.971085,2.2522097,0.7507366,0.16800001,0.0,0.12442364,1.8799988,1.8999988,310400
hardzero_plus_depr__c0p50__z1p00__lam0p020__nu0p50__psi0p75,hardzero_plus_depr,0.06,40,97,0.0,2,0.10455011,0.10455011,1.0693588,0.0,0.085239545,0.0,0.0,0.01443052,-28.057121,2.3526363,0.7842121,0.15200001,0.0,0.17219453,1.8999988,1.9199988,313600
hardzero_plus_depr__c0p50__z1p00__lam0p020__nu0p50__psi0p75,hardzero_plus_depr,0.06,40,98,0.0,2,0.10455011,0.10599728,0.9922467,0.10180128,0.10180128,1.0,0.0014471742,0.014215678,-27.02444,2.1829863,0.7276621,0.224,0.008,0.14474641,1.9199988,1.9399987,316800
hardzero_plus_depr__c0p50__z1p00__lam0p020__nu0p50__psi0p75,hardzero_plus_depr,0.06,40,99,0.0,2,0.10599728,0.10599728,1.0009034,0.0,0.09979222,0.0,0.0,0.014004034,-26.336977,2.2020314,0.73401046,0.208,0.0,0.16686249,1.9399987,1.9599987,320000
hardzero_plus_depr__c0p50__z1p00__lam0p020__nu0p50__psi0p75,hardzero_plus_depr,0.06,40,100,0.0,2,0.10599728,0.10741697,0.98754406,0.1029096,0.1029096,1.0,0.0014196938,0.0137955425,-26.81213,2.1726403,0.7242135,0.23200001,0.0,0.14058466,1.9599987,1.9799987,323200
hardzero_plus_depr__c0p50__z1p00__lam0p020__nu0p50__psi0p75,hardzero_plus_depr,0.06,40,101,0.0,2,0.10741697,0.108839855,0.98005635,0.10469928,0.10469928,1.0,0.0014228792,0.013590153,-26.354664,2.156167,0.71872234,0.18400002,0.0,0.1444588,1.9799987,1.9999987,326400
hardzero_plus_depr__c0p50__z1p00__lam0p020__nu0p50__psi0p75,hardzero_plus_depr,0.06,40,102,0.0,2,0.108839855,0.108839855,1.0376767,0.0,0.09169027,0.0,0.0,0.0133878235,-28.126486,2.2829344,0.76097816,0.14400001,0.0,0.13902515,1.9999987,2.0199988,329600
hardzero_plus_depr__c0p50__z1p00__lam0p020__nu0p50__psi0p75,hardzero_plus_depr,0.06,40,103,0.0,2,0.108839855,0.108839855,1.0497106,0.0,0.08918451,0.0,0.0,0.013188502,-26.980524,2.3094096,0.7698032,0.18400002,0.0,0.13341919,2.0199988,2.0399988,332800
hardzero_plus_depr__c0p50__z1p00__lam0p020__nu0p50__psi0p75,hardzero_plus_depr,0.06,40,104,0.0,2,0.108839855,0.108839855,1.0415176,0.0,0.09088295,0.0,0.0,0.012992154,-28.195166,2.2913845,0.76379484,0.19999999,0.0,0.14473572,2.0399988,2.0599988,336000
hardzero_plus_depr__c0p50__z1p00__lam0p020__nu0p50__psi0p75,hardzero_plus_depr,0.06,40,105,0.0,2,0.108839855,0.108839855,1.0459571,0.0,0.08995864,0.0,0.0,0.012798723,-27.228167,2.3011515,0.7670505,0.128,0.0,0.15582317,2.0599988,2.0799987,339200
hardzero_plus_depr__c0p50__z1p00__lam0p020__nu0p50__psi0p75,hardzero_plus_depr,0.06,40,106,0.0,2,0.108839855,0.11011144,0.9963084,0.10085365,0.10085365,1.0,0.0012715806,0.012608176,-26.635439,2.1919222,0.73064077,0.15200001,0.0,0.13188525,2.0799987,2.0999987,342400
hardzero_plus_depr__c0p50__z1p00__lam0p020__nu0p50__psi0p75,hardzero_plus_depr,0.06,40,107,0.0,2,0.11011144,0.1114962,0.9527622,0.111490496,0.111490496,1.0,0.0013847637,0.012420464,-26.22161,2.0961187,0.69870627,0.15200001,0.0,0.12198896,2.0999987,2.1199987,345600
hardzero_plus_depr__c0p50__z1p00__lam0p020__nu0p50__psi0p75,hardzero_plus_depr,0.06,40,108,0.0,2,0.1114962,0.1114962,1.0580665,0.0,0.087484986,0.0,0.0,0.012235549,-27.822374,2.327793,0.775931,0.120000005,0.0,0.14750326,2.1199987,2.1399987,348800
hardzero_plus_depr__c0p50__z1p00__lam0p020__nu0p50__psi0p75,hardzero_plus_depr,0.06,40,109,0.0,2,0.1114962,0.112788364,0.9697924,0.107203156,0.107203156,1.0,0.0012921608,0.012053384,-26.630997,2.133586,0.71119535,0.17600001,0.0,0.14115357,2.1399987,2.1599987,352000
hardzero_plus_depr__c0p50__z1p00__lam0p020__nu0p50__psi0p75,hardzero_plus_depr,0.06,40,110,0.0,2,0.112788364,0.1140233,0.9829508,0.104003794,0.104003794,1.0,0.0012349342,0.011873934,-26.242992,2.162535,0.720845,0.216,0.0,0.13716744,2.1599987,2.1799986,355200
hardzero_plus_depr__c0p50__z1p00__lam0p020__nu0p50__psi0p75,hardzero_plus_depr,0.06,40,111,0.0,2,0.1140233,0.1140233,1.0270858,0.0,0.09395378,0.0,0.0,0.011697154,-27.346136,2.2596338,0.75321126,0.056,0.0,0.13981178,2.1799986,2.1999986,358400
hardzero_plus_depr__c0p50__z1p00__lam0p020__nu0p50__psi0p75,hardzero_plus_depr,0.06,40,112,0.0,2,0.1140233,0.1140233,1.0856582,0.0,0.082099736,0.0,0.0,0.011523007,-28.567778,2.3884957,0.7961652,0.15200001,0.0,0.16320786,2.1999986,2.2199986,361600
hardzero_plus_depr__c0p50__z1p00__lam0p020__nu0p50__psi0p75,hardzero_plus_depr,0.06,40,113,0.0,2,0.1140233,0.1140233,1.003325,0.0,0.09923731,0.0,0.0,0.011351449,-26.968185,2.207359,0.7357864,0.192,0.0,0.13742201,2.2199986,2.2399986,364800
hardzero_plus_depr__c0p50__z1p00__lam0p020__nu0p50__psi0p75,hardzero_plus_depr,0.06,40,114,0.0,2,0.1140233,0.11518219,0.98449445,0.10363479,0.10363479,1.0,0.0011588909,0.011182451,-26.130999,2.165931,0.721977,0.23200001,0.0,0.13221565,2.2399986,2.2599986,368000
hardzero_plus_depr__c0p50__z1p00__lam0p020__nu0p50__psi0p75,hardzero_plus_depr,0.06,40,115,0.0,2,0.11518219,0.11518219,1.0263659,0.0,0.09410963,0.0,0.0,0.011015966,-26.874588,2.25805,0.75268334,0.216,0.0,0.15719396,2.2599986,2.2799985,371200
hardzero_plus_depr__c0p50__z1p00__lam0p020__nu0p50__psi0p75,hardzero_plus_depr,0.06,40,116,0.0,2,0.11518219,0.11632641,0.977,0.10543869,0.10543869,1.0,0.0011442164,0.01085196,-25.917295,2.149443,0.716481,0.192,0.0,0.14309077,2.2799985,2.2999985,374400
hardzero_plus_depr__c0p50__z1p00__lam0p020__nu0p50__psi0p75,hardzero_plus_depr,0.06,40,117,0.0,2,0.11632641,0.117432185,0.9853271,0.103436284,0.103436284,1.0,0.0011057747,0.010690395,-26.800453,2.167763,0.7225877,0.14,0.0,0.14001462,2.2999985,2.3199985,377600
hardzero_plus_depr__c0p50__z1p00__lam0p020__nu0p50__psi0p75,hardzero_plus_depr,0.06,40,118,0.0,2,0.117432185,0.117432185,1.0800726,0.0,0.083162464,0.0,0.0,0.0105312355,-27.837393,2.3762074,0.79206914,0.16800001,0.0,0.15399575,2.3199985,2.3399985,380800
hardzero_plus_depr__c0p50__z1p00__lam0p020__nu0p50__psi0p75,hardzero_plus_depr,0.06,40,119,0.0,2,0.117432185,0.118474275,0.9980606,0.10044756,0.10044756,1.0,0.0010420877,0.0103744455,-27.139702,2.1957772,0.7319257,0.16000001,0.0,0.14418566,2.3399985,2.3599985,384000
hardzero_plus_depr__c0p50__z1p00__lam0p020__nu0p50__psi0p75,hardzero_plus_depr,0.06,40,120,0.0,2,0.118474275,0.118474275,1.0032978,0.0,0.09924354,0.0,0.0,0.010219992,-27.543808,2.2072992,0.7357664,0.208,0.0,0.15253897,2.3599985,2.3799984,387200
hardzero_plus_depr__c0p50__z1p00__lam0p020__nu0p50__psi0p75,hardzero_plus_depr,0.06,40,121,0.0,2,0.118474275,0.11950817,0.98846066,0.10269264,0.10269264,1.0,0.0010338924,0.010067834,-26.800306,2.1746569,0.72488564,0.14400001,0.0,0.1393181,2.3799984,2.3999984,390400
hardzero_plus_depr__c0p50__z1p00__lam0p020__nu0p50__psi0p75,hardzero_plus_depr,0.06,40,122,0.0,2,0.11950817,0.11950817,1.0504644,0.0,0.08902984,0.0,0.0,0.009917946,-27.7769,2.3110678,0.77035594,0.16800001,0.0,0.16663702,2.3999984,2.4199984,393600
hardzero_plus_depr__c0p50__z1p00__lam0p020__nu0p50__psi0p75,hardzero_plus_depr,0.06,40,123,0.0,2,0.11950817,0.120528795,0.98104167,0.104462,0.104462,1.0,0.0010206236,0.009770286,-25.555794,2.1583347,0.71944493,0.16000001,0.0,0.12880376,2.4199984,2.4399984,396800
hardzero_plus_depr__c0p50__z1p00__lam0p020__nu0p50__psi0p75,hardzero_plus_depr,0.06,40,124,0.0,2,0.120528795,0.120528795,1.0390863,0.0,0.09139314,0.0,0.0,0.009624826,-27.226696,2.2860355,0.7620119,0.120000005,0.0,0.14462996,2.4399984,2.4599984,400000
hardzero_plus_depr__c0p50__z1p00__lam0p020__nu0p50__psi0p75,hardzero_plus_depr,0.06,40,125,0.0,2,0.120528795,0.12152443,0.9787778,0.10500793,0.10500793,1.0,0.0009956359,0.00948153,-26.749048,2.1533542,0.71778476,0.16800001,0.0,0.15161382,2.4599984,2.4799984,403200
hardzero_plus_depr__c0p50__z1p00__lam0p020__nu0p50__psi0p75,hardzero_plus_depr,0.06,40,126,0.0,2,0.12152443,0.12152443,1.0207387,0.0,0.09533696,0.0,0.0,0.009340369,-26.881908,2.24567,0.74855673,0.15200001,0.0,0.1352336,2.4799984,2.4999983,406400
hardzero_plus_depr__c0p50__z1p00__lam0p020__nu0p50__psi0p75,hardzero_plus_depr,0.06,40,127,0.0,2,0.12152443,0.12247024,0.9880471,0.102790475,0.102790475,1.0,0.0009458069,0.009201309,-27.214336,2.173747,0.7245824,0.08800001,0.0,0.14365669,2.4999983,2.5199983,409600
hardzero_plus_depr__c0p50__z1p00__lam0p020__nu0p50__psi0p75,hardzero_plus_depr,0.06,40,128,0.0,2,0.12247024,0.12247024,1.0037353,0.0,0.09914359,0.0,0.0,0.0090643205,-26.746603,2.2082617,0.73608726,0.104,0.0,0.1331123,2.5199983,2.5399983,412800
hardzero_plus_depr__c0p50__z1p00__lam0p020__nu0p50__psi0p75,hardzero_plus_depr,0.06,40,129,0.0,2,0.12247024,0.123380154,0.99181765,0.10190191,0.10190191,1.0,0.0009099198,0.008929369,-26.902822,2.1820424,0.7273475,0.216,0.0,0.17334382,2.5399983,2.5599983,416000
hardzero_plus_depr__c0p50__z1p00__lam0p020__nu0p50__psi0p75,hardzero_plus_depr,0.06,40,130,0.0,2,0.123380154,0.123380154,1.0642575,0.0,0.08624671,0.0,0.0,0.008796429,-27.647882,2.3414133,0.7804711,0.12,0.0,0.171887,2.5599983,2.5799983,419200
hardzero_plus_depr__c0p50__z1p00__lam0p020__nu0p50__psi0p75,hardzero_plus_depr,0.06,40,131,0.0,2,0.123380154,0.123380154,1.0271462,0.0,0.0939407,0.0,0.0,0.008665467,-27.485165,2.2597668,0.7532556,0.128,0.008,0.13264577,2.5799983,2.5999982,422400
hardzero_plus_depr__c0p50__z1p00__lam0p020__nu0p50__psi0p75,hardzero_plus_depr,0.06,40,132,0.0,2,0.123380154,0.123380154,1.0085632,0.0,0.09804756,0.0,0.0,0.008536455,-27.089981,2.2188833,0.7396278,0.15200001,0.0,0.14123282,2.5999982,2.6199982,425600
hardzero_plus_depr__c0p50__z1p00__lam0p020__nu0p50__psi0p75,hardzero_plus_depr,0.06,40,133,0.0,2,0.123380154,0.123380154,1.0307603,0.0,0.09316219,0.0,0.0,0.008409364,-27.881733,2.2677178,0.755906,0.15200001,0.0,0.14068133,2.6199982,2.6399982,428800
hardzero_plus_depr__c0p50__z1p00__lam0p020__nu0p50__psi0p75,hardzero_plus_depr,0.06,40,134,0.0,2,0.123380154,0.123380154,1.0101081,0.0,0.09769938,0.0,0.0,0.0082841655,-26.701204,2.2222822,0.74076074,0.136,0.0,0.13481554,2.6399982,2.6599982,432000
hardzero_plus_depr__c0p50__z1p00__lam0p020__nu0p50__psi0p75,hardzero_plus_depr,0.06,40,135,0.0,2,0.123380154,0.123380154,1.0308994,0.0,0.09313236,0.0,0.0,0.00816083,-26.834396,2.268024,0.756008,0.15200001,0.0,0.12689407,2.6599982,2.6799982,435200
hardzero_plus_depr__c0p50__z1p00__lam0p020__nu0p50__psi0p75,hardzero_plus_depr,0.06,40,136,0.0,2,0.123380154,0.123380154,1.0034014,0.0,0.09921986,0.0,0.0,0.008039332,-26.822111,2.2075272,0.7358424,0.2,0.0,0.13767052,2.6799982,2.6999981,438400
hardzero_plus_depr__c0p50__z1p00__lam0p020__nu0p50__psi0p75,hardzero_plus_depr,0.06,40,137,0.0,2,0.123380154,0.123380154,1.0621445,0.0,0.08666734,0.0,0.0,0.00791964,-28.118933,2.3367646,0.77892154,0.128,0.0,0.14229842,2.6999981,2.7199981,441600
hardzero_plus_depr__c0p50__z1p00__lam0p020__nu0p50__psi0p75,hardzero_plus_depr,0.06,40,138,0.0,2,0.123380154,0.123380154,1.0382018,0.0,0.09157948,0.0,0.0,0.007801734,-27.495222,2.2840896,0.7613632,0.096,0.0,0.1500984,2.7199981,2.739998,444800
hardzero_plus_depr__c0p50__z1p00__lam0p020__nu0p50__psi0p75,hardzero_plus_depr,0.06,40,139,0.0,2,0.123380154,0.123380154,1.0637041,0.0,0.08635666,0.0,0.0,0.0076855808,-28.106936,2.340196,0.7800653,0.136,0.0,0.1674966,2.739998,2.759998,448000
hardzero_plus_depr__c0p50__z1p00__lam0p020__nu0p50__psi0p75,hardzero_plus_depr,0.06,40,140,0.0,2,0.123380154,0.123380154,1.0493119,0.0,0.089266434,0.0,0.0,0.007571158,-28.001804,2.3085322,0.76951075,0.136,0.0,0.15889451,2.759998,2.779998,451200
hardzero_plus_depr__c0p50__z1p00__lam0p020__nu0p50__psi0p75,hardzero_plus_depr,0.06,40,141,0.0,2,0.123380154,0.123380154,1.0033697,0.0,0.09922709,0.0,0.0,0.0074584372,-26.942944,2.2074573,0.7358191,0.15200001,0.0,0.16157635,2.779998,2.799998,454400
hardzero_plus_depr__c0p50__z1p00__lam0p020__nu0p50__psi0p75,hardzero_plus_depr,0.06,40,142,0.0,2,0.123380154,0.123380154,1.0356461,0.0,0.092119984,0.0,0.0,0.0073473966,-27.17467,2.278467,0.759489,0.192,0.0,0.15903573,2.799998,2.819998,457600
hardzero_plus_depr__c0p50__z1p00__lam0p020__nu0p50__psi0p75,hardzero_plus_depr,0.06,40,143,0.0,2,0.123380154,0.12412594,0.98700273,0.10303795,0.10303795,1.0,0.0007457895,0.0072380076,-25.722805,2.1714494,0.7238165,0.21,0.0,0.116199076,2.819998,2.839998,460800
hardzero_plus_depr__c0p50__z1p00__lam0p020__nu0p50__psi0p75,hardzero_plus_depr,0.06,40,144,0.0,2,0.12412594,0.12412594,1.0332738,0.0,0.09262456,0.0,0.0,0.0071302485,-27.61379,2.2732477,0.75774926,0.14400001,0.0,0.15586144,2.839998,2.859998,464000
hardzero_plus_depr__c0p50__z1p00__lam0p020__nu0p50__psi0p75,hardzero_plus_depr,0.06,40,145,0.0,2,0.12412594,0.124934524,0.9388672,0.11511523,0.11511523,1.0,0.00080858,0.007024092,-25.626516,2.0655491,0.6885164,0.216,0.0,0.12983178,2.859998,2.879998,467200
hardzero_plus_depr__c0p50__z1p00__lam0p020__nu0p50__psi0p75,hardzero_plus_depr,0.06,40,146,0.0,2,0.124934524,0.124934524,1.0065917,0.0,0.098493665,0.0,0.0,0.006919518,-26.533895,2.214546,0.738182,0.14400001,0.0,0.16201349,2.879998,2.899998,470400
hardzero_plus_depr__c0p50__z1p00__lam0p020__nu0p50__psi0p75,hardzero_plus_depr,0.06,40,147,0.0,2,0.124934524,0.124934524,1.0223777,0.0,0.09497784,0.0,0.0,0.0068164994,-27.415096,2.249276,0.74975866,0.17600001,0.0,0.14283742,2.899998,2.919998,473600
hardzero_plus_depr__c0p50__z1p00__lam0p020__nu0p50__psi0p75,hardzero_plus_depr,0.06,40,148,0.0,2,0.124934524,0.124934524,1.0139837,0.0,0.09683142,0.0,0.0,0.0067150155,-27.163591,2.2308087,0.74360293,0.16000001,0.0,0.15044309,2.919998,2.939998,476800
hardzero_plus_depr__c0p50__z1p00__lam0p020__nu0p50__psi0p75,hardzero_plus_depr,0.06,40,149,0.0,2,0.124934524,0.124934524,1.0159793,0.0,0.09638749,0.0,0.0,0.0066150413,-27.498415,2.235199,0.74506634,0.2,0.0,0.15648176,2.939998,2.959998,480000
hardzero_plus_depr__c0p50__z1p00__lam0p020__nu0p50__psi0p75,hardzero_plus_depr,0.06,40,150,0.0,2,0.124934524,0.124934524,1.0402904,0.0,0.09114012,0.0,0.0,0.0065165567,-27.372852,2.2886844,0.7628948,0.16000001,0.008,0.13328664,2.959998,2.9799979,483200
hardzero_plus_depr__c0p50__z1p00__lam0p020__nu0p50__psi0p75,hardzero_plus_depr,0.06,40,151,0.0,2,0.124934524,0.124934524,1.0264286,0.0,0.094096065,0.0,0.0,0.006419537,-28.227657,2.258188,0.75272936,0.16000001,0.0,0.15429355,2.9799979,2.9999979,486400
hardzero_plus_depr__c0p50__z1p00__lam0p020__nu0p50__psi0p75,hardzero_plus_depr,0.06,40,152,0.0,2,0.124934524,0.12556817,0.9991409,0.100198016,0.100198016,1.0,0.00063364865,0.006323964,-27.291065,2.198154,0.732718,0.16800001,0.0,0.13659815,2.9999979,3.0199978,489600
hardzero_plus_depr__c0p50__z1p00__lam0p020__nu0p50__psi0p75,hardzero_plus_depr,0.06,40,153,0.0,2,0.12556817,0.12556817,1.0520331,0.0,0.08870885,0.0,0.0,0.006229812,-27.02303,2.314519,0.7715063,0.15200001,0.0,0.13839193,3.0199978,3.0399978,492800
hardzero_plus_depr__c0p50__z1p00__lam0p020__nu0p50__psi0p75,hardzero_plus_depr,0.06,40,154,0.0,2,0.12556817,0.12556817,1.0063653,0.0,0.09854503,0.0,0.0,0.006137063,-27.297298,2.214048,0.738016,0.16800001,0.0,0.20118137,3.0399978,3.0599978,496000
hardzero_plus_depr__c0p50__z1p00__lam0p020__nu0p50__psi0p75,hardzero_plus_depr,0.06,40,155,0.0,2,0.12556817,0.12556817,1.0132883,0.0,0.09698659,0.0,0.0,0.006045693,-27.294008,2.2292788,0.74309295,0.17600001,0.0,0.16153409,3.0599978,3.0799978,499200
hardzero_plus_depr__c0p50__z1p00__lam0p020__nu0p50__psi0p75,hardzero_plus_depr,0.06,40,156,0.0,2,0.12556817,0.12618297,0.986189,0.10323121,0.10323121,1.0,0.0006148126,0.0059556854,-26.848042,2.1696591,0.72321975,0.19,0.0,0.16083403,3.0799978,3.0999978,502400
hardzero_plus_depr__c0p50__z1p00__lam0p020__nu0p50__psi0p75,hardzero_plus_depr,0.06,40,157,0.0,2,0.12618297,0.12618297,1.0640174,0.0,0.08629439,0.0,0.0,0.005867016,-27.35458,2.3408852,0.7802951,0.15200001,0.0,0.15231001,3.0999978,3.1199977,505600
hardzero_plus_depr__c0p50__z1p00__lam0p020__nu0p50__psi0p75,hardzero_plus_depr,0.06,40,158,0.0,2,0.12618297,0.12618297,1.0132931,0.0,0.0969855,0.0,0.0,0.005779668,-26.870914,2.2292895,0.74309653,0.16800001,0.008,0.12154474,3.1199977,3.1399977,508800
hardzero_plus_depr__c0p50__z1p00__lam0p020__nu0p50__psi0p75,hardzero_plus_depr,0.06,40,159,0.0,2,0.12618297,0.12618297,1.0414498,0.0,0.09089714,0.0,0.0,0.0056936196,-26.872774,2.2912352,0.76374507,0.128,0.0,0.18030828,3.1399977,3.1599977,512000
hardzero_plus_depr__c0p50__z1p00__lam0p020__nu0p50__psi0p75,hardzero_plus_depr,0.06,40,160,0.0,2,0.12618297,0.12618297,1.087321,0.0,0.081786,0.0,0.0,0.0056088534,-27.76222,2.392154,0.7973847,0.112,0.0,0.13985892,3.1599977,3.1799977,515200
hardzero_plus_depr__c0p50__z1p00__lam0p020__nu0p50__psi0p75,hardzero_plus_depr,0.06,40,161,0.0,2,0.12618297,0.12618297,1.0166618,0.0,0.09623615,0.0,0.0,0.005525348,-27.222754,2.2367005,0.74556684,0.128,0.0,0.14704354,3.1799977,3.1999977,518400
hardzero_plus_depr__c0p50__z1p00__lam0p020__nu0p50__psi0p75,hardzero_plus_depr,0.06,40,162,0.0,2,0.12618297,0.12677026,0.9669969,0.10789543,0.10789543,1.0,0.0005872842,0.0054430873,-25.884169,2.1274357,0.70914525,0.23200001,0.0,0.12151052,3.1999977,3.2199976,521600
hardzero_plus_depr__c0p50__z1p00__lam0p020__nu0p50__psi0p75,hardzero_plus_depr,0.06,40,163,0.0,2,0.12677026,0.12677026,1.0007231,0.0,0.09983362,0.0,0.0,0.0053620497,-26.160486,2.201635,0.7338783,0.208,0.0,0.13806891,3.2199976,3.2399976,524800
hardzero_plus_depr__c0p50__z1p00__lam0p020__nu0p50__psi0p75,hardzero_plus_depr,0.06,40,164,0.0,2,0.12677026,0.12677026,1.0271748,0.0,0.0939345,0.0,0.0,0.0052822195,-27.41446,2.2598298,0.7532766,0.14400001,0.0,0.15632275,3.2399976,3.2599976,528000
hardzero_plus_depr__c0p50__z1p00__lam0p020__nu0p50__psi0p75,hardzero_plus_depr,0.06,40,165,0.0,2,0.12677026,0.12729537,0.996048,0.10091414,0.10091414,1.0,0.00052511453,0.005203577,-26.35526,2.1913493,0.7304498,0.224,0.0,0.13390036,3.2599976,3.2799976,531200
hardzero_plus_depr__c0p50__z1p00__lam0p020__nu0p50__psi0p75,hardzero_plus_depr,0.06,40,166,0.0,2,0.12729537,0.12729537,1.0260068,0.0,0.09418748,0.0,0.0,0.0051261066,-27.340853,2.25726,0.75242007,0.192,0.0,0.13695683,3.2799976,3.2999976,534400
hardzero_plus_depr__c0p50__z1p00__lam0p020__nu0p50__psi0p75,hardzero_plus_depr,0.06,40,167,0.0,2,0.12729537,0.12729537,1.0781877,0.0,0.08352418,0.0,0.0,0.005049788,-27.210377,2.3720603,0.7906868,0.120000005,0.0,0.1378972,3.2999976,3.3199975,537600
hardzero_plus_depr__c0p50__z1p00__lam0p020__nu0p50__psi0p75,hardzero_plus_depr,0.06,40,168,0.0,2,0.12729537,0.12779851,0.9950749,0.10114049,0.10114049,1.0,0.0005031342,0.0049746074,-27.045177,2.1892085,0.7297362,0.128,0.0,0.13237378,3.3199975,3.3399975,540800
hardzero_plus_depr__c0p50__z1p00__lam0p020__nu0p50__psi0p75,hardzero_plus_depr,0.06,40,169,0.0,2,0.12779851,0.12830316,0.98726016,0.102976896,0.102976896,1.0,0.00050464284,0.0049005444,-26.310549,2.1720157,0.7240052,0.17,0.0,0.1387673,3.3399975,3.3599975,544000
hardzero_plus_depr__c0p50__z1p00__lam0p020__nu0p50__psi0p75,hardzero_plus_depr,0.06,40,170,0.0,2,0.12830316,0.12830316,1.0207397,0.0,0.09533676,0.0,0.0,0.004827586,-26.85275,2.2456722,0.74855745,0.112,0.0,0.14464578,3.3599975,3.3799975,547200
hardzero_plus_depr__c0p50__z1p00__lam0p020__nu0p50__psi0p75,hardzero_plus_depr,0.06,40,171,0.0,2,0.12830316,0.12830316,1.0215589,0.0,0.09515709,0.0,0.0,0.004755712,-26.823545,2.2474744,0.74915814,0.16800001,0.0,0.15750362,3.3799975,3.3999975,550400
hardzero_plus_depr__c0p50__z1p00__lam0p020__nu0p50__psi0p75,hardzero_plus_depr,0.06,40,172,0.0,2,0.12830316,0.12881124,0.96476376,0.10845169,0.10845169,1.0,0.00050808623,0.004684909,-25.820896,2.1225226,0.70750755,0.18400002,0.0,0.12766176,3.3999975,3.4199975,553600
hardzero_plus_depr__c0p50__z1p00__lam0p020__nu0p50__psi0p75,hardzero_plus_depr,0.06,40,173,0.0,2,0.12881124,0.12881124,1.032447,0.0,0.092801064,0.0,0.0,0.0046151592,-26.874659,2.2714286,0.7571429,0.15200001,0.0,0.15077706,3.4199975,3.4399974,556800
hardzero_plus_depr__c0p50__z1p00__lam0p020__nu0p50__psi0p75,hardzero_plus_depr,0.06,40,174,0.0,2,0.12881124,0.12881124,1.0905595,0.0,0.081178404,0.0,0.0,0.0045464486,-28.165945,2.3992786,0.79975957,0.136,0.0,0.14629796,3.4399974,3.4599974,560000
hardzero_plus_depr__c0p50__z1p00__lam0p020__nu0p50__psi0p75,hardzero_plus_depr,0.06,40,175,0.0,2,0.12881124,0.12927908,0.98106724,0.10445584,0.10445584,1.0,0.0004678327,0.0044787605,-26.553879,2.158391,0.7194637,0.208,0.0,0.14941958,3.4599974,3.4799974,563200
hardzero_plus_depr__c0p50__z1p00__lam0p020__nu0p50__psi0p75,hardzero_plus_depr,0.06,40,176,0.0,2,0.12927908,0.1297439,0.9773575,0.10535191,0.10535191,1.0,0.0004648212,0.0044120816,-25.68477,2.1502295,0.7167432,0.17600001,0.0,0.13334087,3.4799974,3.4999974,566400
hardzero_plus_depr__c0p50__z1p00__lam0p020__nu0p50__psi0p75,hardzero_plus_depr,0.06,40,177,0.0,2,0.1297439,0.1297439,1.0522871,0.0,0.08865698,0.0,0.0,0.0043463935,-27.576267,2.3150778,0.77169263,0.15200001,0.0,0.15651381,3.4999974,3.5199974,569600
hardzero_plus_depr__c0p50__z1p00__lam0p020__nu0p50__psi0p75,hardzero_plus_depr,0.06,40,178,0.0,2,0.1297439,0.1297439,1.0140854,0.0,0.09680875,0.0,0.0,0.0042816848,-26.084938,2.2310324,0.7436775,0.17600001,0.0,0.143677,3.5199974,3.5399973,572800
hardzero_plus_depr__c0p50__z1p00__lam0p020__nu0p50__psi0p75,hardzero_plus_depr,0.06,40,179,0.0,2,0.1297439,0.1297439,1.0543731,0.0,0.088232145,0.0,0.0,0.0042179385,-28.537237,2.3196673,0.77322245,0.136,0.0,0.15439713,3.5399973,3.5599973,576000
hardzero_plus_depr__c0p50__z1p00__lam0p020__nu0p50__psi0p75,hardzero_plus_depr,0.06,40,180,0.0,2,0.1297439,0.1297439,1.052885,0.0,0.088534996,0.0,0.0,0.0041551418,-28.222975,2.3163934,0.77213115,0.136,0.0,0.14553711,3.5599973,3.5799973,579200
hardzero_plus_depr__c0p50__z1p00__lam0p020__nu0p50__psi0p75,hardzero_plus_depr,0.06,40,181,0.0,2,0.1297439,0.1297439,1.0188445,0.0,0.09575369,0.0,0.0,0.0040932796,-27.05391,2.2415025,0.7471675,0.18400002,0.0,0.1442025,3.5799973,3.5999973,582400
hardzero_plus_depr__c0p50__z1p00__lam0p020__nu0p50__psi0p75,hardzero_plus_depr,0.06,40,182,0.0,2,0.1297439,0.13021193,0.93528855,0.11606773,0.11606773,1.0,0.00046802443,0.004032339,-25.424679,2.0576758,0.685892,0.17,0.0,0.14161319,3.5999973,3.6199973,585600
hardzero_plus_depr__c0p50__z1p00__lam0p020__nu0p50__psi0p75,hardzero_plus_depr,0.06,40,183,0.0,2,0.13021193,0.13021193,1.0120893,0.0,0.09725473,0.0,0.0,0.003972305,-26.900713,2.2266407,0.7422136,0.104,0.0,0.1454141,3.6199973,3.6399972,588800
hardzero_plus_depr__c0p50__z1p00__lam0p020__nu0p50__psi0p75,hardzero_plus_depr,0.06,40,184,0.0,2,0.13021193,0.13021193,1.048361,0.0,0.08946208,0.0,0.0,0.003913166,-27.60379,2.30644,0.7688134,0.120000005,0.0,0.15271905,3.6399972,3.6599972,592000
hardzero_plus_depr__c0p50__z1p00__lam0p020__nu0p50__psi0p75,hardzero_plus_depr,0.06,40,185,0.0,2,0.13021193,0.1306246,0.9704011,0.10705299,0.10705299,1.0,0.00041267916,0.0038549055,-27.17041,2.1349251,0.7116417,0.192,0.0,0.1714329,3.6599972,3.6799972,595200
hardzero_plus_depr__c0p50__z1p00__lam0p020__nu0p50__psi0p75,hardzero_plus_depr,0.06,40,186,0.0,2,0.1306246,0.1306246,1.0781705,0.0,0.08352749,0.0,0.0,0.003797514,-27.680277,2.3720226,0.7906742,0.120000005,0.0,0.17716238,3.6799972,3.6999972,598400
hardzero_plus_depr__c0p50__z1p00__lam0p020__nu0p50__psi0p75,hardzero_plus_depr,0.06,40,187,0.0,2,0.1306246,0.13102409,0.971488,0.10678543,0.10678543,1.0,0.00039948177,0.0037409763,-25.969282,2.1373162,0.71243876,0.192,0.0,0.11509974,3.6999972,3.7199972,601600
hardzero_plus_depr__c0p50__z1p00__lam0p020__nu0p50__psi0p75,hardzero_plus_depr,0.06,40,188,0.0,2,0.13102409,0.13102409,1.0146416,0.0,0.096684836,0.0,0.0,0.0036852807,-26.99522,2.2322562,0.74408543,0.17600001,0.0,0.15715528,3.7199972,3.7399971,604800
hardzero_plus_depr__c0p50__z1p00__lam0p020__nu0p50__psi0p75,hardzero_plus_depr,0.06,40,189,0.0,2,0.13102409,0.1314351,0.9461101,0.113211304,0.113211304,1.0,0.0004110039,0.003630414,-25.924685,2.0814838,0.693828,0.2,0.0,0.13679363,3.7399971,3.7599971,608000
hardzero_plus_depr__c0p50__z1p00__lam0p020__nu0p50__psi0p75,hardzero_plus_depr,0.06,40,190,0.0,2,0.1314351,0.13182162,0.9662612,0.10807838,0.10807838,1.0,0.00038652768,0.0035763644,-26.595026,2.125817,0.7086057,0.16000001,0.0,0.14146762,3.7599971,3.779997,611200
hardzero_plus_depr__c0p50__z1p00__lam0p020__nu0p50__psi0p75,hardzero_plus_depr,0.06,40,191,0.0,2,0.13182162,0.13182162,1.012966,0.0,0.09705857,0.0,0.0,0.0035231188,-26.936623,2.2285697,0.7428566,0.17600001,0.0,0.15618828,3.779997,3.799997,614400
hardzero_plus_depr__c0p50__z1p00__lam0p020__nu0p50__psi0p75,hardzero_plus_depr,0.06,40,192,0.0,2,0.13182162,0.13217911,0.98714733,0.10300366,0.10300366,1.0,0.00035749143,0.0034706672,-26.925777,2.1717675,0.7239225,0.208,0.0,0.13597207,3.799997,3.819997,617600
hardzero_plus_depr__c0p50__z1p00__lam0p020__nu0p50__psi0p75,hardzero_plus_depr,0.06,40,193,0.0,2,0.13217911,0.13217911,1.0147136,0.0,0.096668795,0.0,0.0,0.0034189953,-27.64281,2.2324147,0.74413824,0.192,0.0,0.14426187,3.819997,3.839997,620800
hardzero_plus_depr__c0p50__z1p00__lam0p020__nu0p50__psi0p75,hardzero_plus_depr,0.06,40,194,0.0,2,0.13217911,0.13251667,0.9990446,0.100220226,0.100220226,1.0,0.0003375511,0.0033680934,-26.368134,2.197942,0.73264736,0.136,0.0,0.15533388,3.839997,3.859997,624000
hardzero_plus_depr__c0p50__z1p00__lam0p020__nu0p50__psi0p75,hardzero_plus_depr,0.06,40,195,0.0,2,0.13251667,0.13290423,0.93251836,0.11681042,0.11681042,1.0,0.00038757097,0.0033179487,-25.519068,2.0515814,0.6838605,0.17999999,0.0,0.13647678,3.859997,3.879997,627200
hardzero_plus_depr__c0p50__z1p00__lam0p020__nu0p50__psi0p75,hardzero_plus_depr,0.06,40,196,0.0,2,0.13290423,0.13290423,1.0340358,0.0,0.09246219,0.0,0.0,0.0032685513,-27.08773,2.2749243,0.7583081,0.120000005,0.0,0.13017257,3.879997,3.899997,630400
hardzero_plus_depr__c0p50__z1p00__lam0p020__nu0p50__psi0p75,hardzero_plus_depr,0.06,40,197,0.0,2,0.13290423,0.13290423,1.0306838,0.0,0.09317861,0.0,0.0,0.0032198885,-28.054459,2.2675495,0.75584984,0.128,0.0,0.14826243,3.899997,3.919997,633600
hardzero_plus_depr__c0p50__z1p00__lam0p020__nu0p50__psi0p75,hardzero_plus_depr,0.06,40,198,0.0,2,0.13290423,0.13322403,0.99645823,0.100818835,0.100818835,1.0,0.00031979242,0.0031719513,-26.172266,2.192252,0.7307507,0.16000001,0.0,0.13909392,3.919997,3.939997,636800
hardzero_plus_depr__c0p50__z1p00__lam0p020__nu0p50__psi0p75,hardzero_plus_depr,0.06,40,199,0.0,2,0.13322403,0.13322403,1.0332615,0.0,0.09262719,0.0,0.0,0.0031247265,-26.725895,2.2732208,0.75774026,0.192,0.0,0.1871259,3.939997,3.959997,640000
hardzero_plus_depr__c0p50__z1p00__lam0p020__nu0p50__psi0p75,hardzero_plus_depr,0.06,40,200,0.0,2,0.13322403,0.13355932,0.9628682,0.10892604,0.10892604,1.0,0.00033529676,0.0030782057,-26.865108,2.1183524,0.7061175,0.15200001,0.0,0.14238986,3.959997,3.979997,643200
hardzero_plus_depr__c0p50__z1p00__lam0p020__nu0p50__psi0p75,hardzero_plus_depr,0.06,40,201,0.0,2,0.13355932,0.1338759,0.9812936,0.1044014,0.1044014,1.0,0.00031658442,0.0030323772,-27.364033,2.158889,0.7196297,0.120000005,0.0,0.14384848,3.979997,3.999997,646400
hardzero_plus_depr__c0p50__z1p00__lam0p020__nu0p50__psi0p75,hardzero_plus_depr,0.06,40,202,0.0,2,0.1338759,0.1338759,1.0193856,0.0,0.09563446,0.0,0.0,0.0029872311,-27.097183,2.242693,0.7475643,0.15200001,0.0,0.14182529,3.999997,4.019997,649600
hardzero_plus_depr__c0p50__z1p00__lam0p020__nu0p50__psi0p75,hardzero_plus_depr,0.06,40,203,0.0,2,0.1338759,0.1338759,1.0205065,0.0,0.09538796,0.0,0.0,0.002942756,-27.186617,2.2451591,0.7483864,0.136,0.0,0.15172525,4.019997,4.039997,652800
hardzero_plus_depr__c0p50__z1p00__lam0p020__nu0p50__psi0p75,hardzero_plus_depr,0.06,40,204,0.0,2,0.1338759,0.1338759,1.0406265,0.0,0.091069594,0.0,0.0,0.0028989443,-27.264915,2.289424,0.76314133,0.16000001,0.0,0.14243609,4.039997,4.059997,656000
hardzero_plus_depr__c0p50__z1p00__lam0p020__nu0p50__psi0p75,hardzero_plus_depr,0.06,40,205,0.0,2,0.1338759,0.1338759,1.022426,0.0,0.09496726,0.0,0.0,0.0028557852,-28.11426,2.2493823,0.7497941,0.14400001,0.0,0.16235046,4.059997,4.079997,659200
hardzero_plus_depr__c0p50__z1p00__lam0p020__nu0p50__psi0p75,hardzero_plus_depr,0.06,40,206,0.0,2,0.1338759,0.1338759,1.0417368,0.0,0.09083707,0.0,0.0,0.002813268,-27.125715,2.2918668,0.7639556,0.128,0.0,0.13721414,4.079997,4.099997,662400
hardzero_plus_depr__c0p50__z1p00__lam0p020__nu0p50__psi0p75,hardzero_plus_depr,0.06,40,207,0.0,2,0.1338759,0.1338759,1.0160562,0.0,0.09637044,0.0,0.0,0.0027713832,-26.304869,2.2353683,0.7451228,0.192,0.0,0.14811835,4.099997,4.119997,665600
hardzero_plus_depr__c0p50__z1p00__lam0p020__nu0p50__psi0p75,hardzero_plus_depr,0.06,40,208,0.0,2,0.1338759,0.1341575,0.9865796,0.1031384,0.1031384,1.0,0.00028158055,0.0027301232,-27.414877,2.1705184,0.72350615,0.16,0.0,0.14643721,4.119997,4.139997,668800
hardzero_plus_depr__c0p50__z1p00__lam0p020__nu0p50__psi0p75,hardzero_plus_depr,0.06,40,209,0.0,2,0.1341575,0.1341575,1.000996,0.0,0.099770926,0.0,0.0,0.0026894775,-26.78935,2.2022352,0.7340784,0.208,0.008,0.1308153,4.139997,4.159997,672000
hardzero_plus_depr__c0p50__z1p00__lam0p020__nu0p50__psi0p75,hardzero_plus_depr,0.06,40,210,0.0,2,0.1341575,0.1341575,1.0323997,0.0,0.092811175,0.0,0.0,0.002649436,-28.27316,2.2713246,0.7571082,0.14400001,0.0,0.17061216,4.159997,4.179997,675200
hardzero_plus_depr__c0p50__z1p00__lam0p020__nu0p50__psi0p75,hardzero_plus_depr,0.06,40,211,0.0,2,0.1341575,0.13442369,0.99143964,0.10199065,0.10199065,1.0,0.00026619463,0.0026099908,-26.41822,2.1812108,0.7270703,0.112,0.0,0.13676323,4.179997,4.199997,678400
hardzero_plus_depr__c0p50__z1p00__lam0p020__nu0p50__psi0p75,hardzero_plus_depr,0.06,40,212,0.0,2,0.13442369,0.13442369,1.006765,0.0,0.09845436,0.0,0.0,0.0025711334,-26.843458,2.2149272,0.7383091,0.208,0.0,0.12092237,4.199997,4.219997,681600
hardzero_plus_depr__c0p50__z1p00__lam0p020__nu0p50__psi0p75,hardzero_plus_depr,0.06,40,213,0.0,2,0.13442369,0.13442369,1.0409094,0.0,0.091010295,0.0,0.0,0.0025328547,-27.552292,2.2900465,0.7633488,0.128,0.0,0.15678686,4.219997,4.239997,684800
hardzero_plus_depr__c0p50__z1p00__lam0p020__nu0p50__psi0p75,hardzero_plus_depr,0.06,40,214,0.0,2,0.13442369,0.13442369,1.0133586,0.0,0.09697089,0.0,0.0,0.002495145,-27.308537,2.2294335,0.7431445,0.16000001,0.0,0.12705877,4.239997,4.259997,688000
hardzero_plus_depr__c0p50__z1p00__lam0p020__nu0p50__psi0p75,hardzero_plus_depr,0.06,40,215,0.0,2,0.13442369,0.13442369,1.0358013,0.0,0.09208707,0.0,0.0,0.0024579968,-27.02174,2.2788084,0.7596028,0.24000001,0.0,0.15794551,4.259997,4.279997,691200
hardzero_plus_depr__c0p50__z1p00__lam0p020__nu0p50__psi0p75,hardzero_plus_depr,0.06,40,216,0.0,2,0.13442369,0.13442369,1.0238757,0.0,0.094650805,0.0,0.0,0.0024214026,-27.182177,2.2525716,0.75085723,0.16000001,0.0,0.14805117,4.279997,4.299997,694400
hardzero_plus_depr__c0p50__z1p00__lam0p020__nu0p50__psi0p75,hardzero_plus_depr,0.06,40,217,0.0,2,0.13442369,0.13467576,0.9760262,0.10567538,0.10567538,1.0,0.00025207302,0.0023853525,-27.01302,2.1473005,0.71576685,0.264,0.0,0.1318856,4.299997,4.319997,697600
hardzero_plus_depr__c0p50__z1p00__lam0p020__nu0p50__psi0p75,hardzero_plus_depr,0.06,40,218,0.0,2,0.13467576,0.13467576,1.0049573,0.0,0.09886501,0.0,0.0,0.0023498393,-27.007906,2.2109501,0.7369834,0.136,0.0,0.13289219,4.319997,4.339997,700800
hardzero_plus_depr__c0p50__z1p00__lam0p020__nu0p50__psi0p75,hardzero_plus_depr,0.06,40,219,0.0,2,0.13467576,0.13492873,0.96143377,0.109286435,0.109286435,1.0,0.0002529822,0.0023148544,-25.756014,2.1151965,0.7050655,0.2,0.0,0.14955989,4.339997,4.359997,704000
hardzero_plus_depr__c0p50__z1p00__lam0p020__nu0p50__psi0p75,hardzero_plus_depr,0.06,40,220,0.0,2,0.13492873,0.13492873,1.059184,0.0,0.08726017,0.0,0.0,0.002280391,-28.665283,2.3302512,0.77675045,0.16000001,0.0,0.17998724,4.359997,4.379997,707200
hardzero_plus_depr__c0p50__z1p00__lam0p020__nu0p50__psi0p75,hardzero_plus_depr,0.06,40,221,0.0,2,0.13492873,0.13492873,1.0625298,0.0,0.08659048,0.0,0.0,0.0022464409,-27.645805,2.3376122,0.7792041,0.089999996,0.0,0.1380196,4.379997,4.3999968,710400
hardzero_plus_depr__c0p50__z1p00__lam0p020__nu0p50__psi0p75,hardzero_plus_depr,0.06,40,222,0.0,2,0.13492873,0.13492873,1.0474992,0.0,0.08963978,0.0,0.0,0.0022129954,-27.58104,2.3045442,0.76818144,0.224,0.0,0.1278499,4.3999968,4.4199967,713600
hardzero_plus_depr__c0p50__z1p00__lam0p020__nu0p50__psi0p75,hardzero_plus_depr,0.06,40,223,0.0,2,0.13492873,0.13515225,0.98914903,0.10253,0.10253,1.0,0.00022352031,0.0021800478,-27.136917,2.1761713,0.72539043,0.112,0.0,0.1716608,4.4199967,4.4399967,716800
hardzero_plus_depr__c0p50__z1p00__lam0p020__nu0p50__psi0p75,hardzero_plus_depr,0.06,40,224,0.0,2,0.13515225,0.13515225,1.0548092,0.0,0.0881436,0.0,0.0,0.0021475914,-28.152079,2.3206267,0.7735423,0.14400001,0.0,0.16968493,4.4399967,4.4599967,720000
hardzero_plus_depr__c0p50__z1p00__lam0p020__nu0p50__psi0p75,hardzero_plus_depr,0.06,40,225,0.0,2,0.13515225,0.13515225,1.0071722,0.0,0.09836208,0.0,0.0,0.0021156182,-27.269855,2.2158232,0.73860776,0.17600001,0.0,0.13439496,4.4599967,4.4799967,723200
hardzero_plus_depr__c0p50__z1p00__lam0p020__nu0p50__psi0p75,hardzero_plus_depr,0.06,40,226,0.0,2,0.13515225,0.13515225,1.0542918,0.0,0.088248655,0.0,0.0,0.0020841206,-27.641485,2.3194883,0.7731628,0.15200001,0.0,0.14409508,4.4799967,4.4999967,726400
hardzero_plus_depr__c0p50__z1p00__lam0p020__nu0p50__psi0p75,hardzero_plus_depr,0.06,40,227,0.0,2,0.13515225,0.13515225,1.0684533,0.0,0.08541748,0.0,0.0,0.002053092,-28.692232,2.350644,0.78354806,0.14400001,0.0,0.15390712,4.4999967,4.5199966,729600
hardzero_plus_depr__c0p50__z1p00__lam0p020__nu0p50__psi0p75,hardzero_plus_depr,0.06,40,228,0.0,2,0.13515225,0.13535884,0.990789,0.10214354,0.10214354,1.0,0.00020658792,0.0020225255,-26.3823,2.1797793,0.72659314,0.112,0.0,0.11946708,4.5199966,4.5399966,732800
hardzero_plus_depr__c0p50__z1p00__lam0p020__nu0p50__psi0p75,hardzero_plus_depr,0.06,40,229,0.0,2,0.13535884,0.13535884,1.026218,0.0,0.094141684,0.0,0.0,0.0019924145,-27.400972,2.2577248,0.7525749,0.136,0.0,0.15216692,4.5399966,4.5599966,736000
hardzero_plus_depr__c0p50__z1p00__lam0p020__nu0p50__psi0p75,hardzero_plus_depr,0.06,40,230,0.0,2,0.13535884,0.13535884,1.0338715,0.0,0.092497155,0.0,0.0,0.0019627512,-27.776989,2.2745628,0.75818765,0.128,0.0,0.14973006,4.5599966,4.5799966,739200
hardzero_plus_depr__c0p50__z1p00__lam0p020__nu0p50__psi0p75,hardzero_plus_depr,0.06,40,231,0.0,2,0.13535884,0.13535884,1.0375057,0.0,0.09172638,0.0,0.0,0.0019335294,-27.29746,2.2825582,0.76085275,0.128,0.0,0.14578453,4.5799966,4.5999966,742400
hardzero_plus_depr__c0p50__z1p00__lam0p020__nu0p50__psi0p75,hardzero_plus_depr,0.06,40,232,0.0,2,0.13535884,0.13535884,1.0039586,0.0,0.09909264,0.0,0.0,0.001904743,-27.367558,2.2087529,0.736251,0.104,0.0,0.16028684,4.5999966,4.6199965,745600
hardzero_plus_depr__c0p50__z1p00__lam0p020__nu0p50__psi0p75,hardzero_plus_depr,0.06,40,233,0.0,2,0.13535884,0.13535884,1.0071304,0.0,0.09837158,0.0,0.0,0.0018763853,-26.849222,2.2157311,0.73857707,0.18400002,0.0,0.14437956,4.6199965,4.6399965,748800
hardzero_plus_depr__c0p50__z1p00__lam0p020__nu0p50__psi0p75,hardzero_plus_depr,0.06,40,234,0.0,2,0.13535884,0.13535884,1.02124,0.0,0.09522699,0.0,0.0,0.0018484495,-28.56213,2.2467728,0.74892426,0.11,0.0,0.12959707,4.6399965,4.6599965,752000
hardzero_plus_depr__c0p50__z1p00__lam0p020__nu0p50__psi0p75,hardzero_plus_depr,0.06,40,235,0.0,2,0.13535884,0.13535884,1.0062283,0.0,0.0985761,0.0,0.0,0.0018209295,-27.03293,2.2137465,0.7379155,0.15200001,0.0,0.13363655,4.6599965,4.6799965,755200
hardzero_plus_depr__c0p50__z1p00__lam0p020__nu0p50__psi0p75,hardzero_plus_depr,0.06,40,236,0.0,2,0.13535884,0.13535884,1.0248772,0.0,0.09443279,0.0,0.0,0.0017938197,-27.262863,2.2547748,0.7515916,0.17600001,0.0,0.14109755,4.6799965,4.6999965,758400
hardzero_plus_depr__c0p50__z1p00__lam0p020__nu0p50__psi0p75,hardzero_plus_depr,0.06,40,237,0.0,2,0.13535884,0.13535884,1.0371753,0.0,0.09179621,0.0,0.0,0.0017671133,-27.597982,2.2818313,0.76061046,0.16000001,0.0,0.14354032,4.6999965,4.7199965,761600
hardzero_plus_depr__c0p50__z1p00__lam0p020__nu0p50__psi0p75,hardzero_plus_depr,0.06,40,238,0.0,2,0.13535884,0.13535884,1.0781848,0.0,0.08352474,0.0,0.0,0.0017408043,-28.496248,2.372054,0.7906847,0.080000006,0.0,0.19137968,4.7199965,4.7399964,764800
hardzero_plus_depr__c0p50__z1p00__lam0p020__nu0p50__psi0p75,hardzero_plus_depr,0.06,40,239,0.0,2,0.13535884,0.13535884,1.0622531,0.0,0.08664566,0.0,0.0,0.001714887,-27.959257,2.3370035,0.7790012,0.208,0.0,0.1826781,4.7399964,4.7599964,768000
hardzero_plus_depr__c0p50__z1p00__lam0p020__nu0p50__psi0p75,hardzero_plus_depr,0.06,40,240,0.0,2,0.13535884,0.13535884,1.0472617,0.0,0.08968882,0.0,0.0,0.0016893558,-27.188524,2.3040218,0.7680073,0.128,0.0,0.17392118,4.7599964,4.7799964,771200
hardzero_plus_depr__c0p50__z1p00__lam0p020__nu0p50__psi0p75,hardzero_plus_depr,0.06,40,241,0.0,2,0.13535884,0.13553326,0.97960865,0.10480724,0.10480724,1.0,0.00017442073,0.0016642049,-26.431295,2.1551821,0.71839404,0.14400001,0.0,0.113515936,4.7799964,4.7999964,774400
hardzero_plus_depr__c0p50__z1p00__lam0p020__nu0p50__psi0p75,hardzero_plus_depr,0.06,40,242,0.0,2,0.13553326,0.13570103,0.9899682,0.1023368,0.1023368,1.0,0.0001677738,0.0016394279,-26.661436,2.1779735,0.7259912,0.096,0.0,0.13662137,4.7999964,4.8199964,777600
hardzero_plus_depr__c0p50__z1p00__lam0p020__nu0p50__psi0p75,hardzero_plus_depr,0.06,40,243,0.0,2,0.13570103,0.13570103,1.039062,0.0,0.09139826,0.0,0.0,0.0016150197,-28.506638,2.2859821,0.76199406,0.16000001,0.0,0.17667857,4.8199964,4.8399963,780800
hardzero_plus_depr__c0p50__z1p00__lam0p020__nu0p50__psi0p75,hardzero_plus_depr,0.06,40,244,0.0,2,0.13570103,0.13586822,0.9784478,0.10508778,0.10508778,1.0,0.00016719208,0.0015909754,-26.408684,2.1526282,0.71754277,0.192,0.0,0.13485746,4.8399963,4.8599963,784000
hardzero_plus_depr__c0p50__z1p00__lam0p020__nu0p50__psi0p75,hardzero_plus_depr,0.06,40,245,0.0,2,0.13586822,0.13603249,0.9796011,0.10480907,0.10480907,1.0,0.00016426611,0.0015672891,-26.43742,2.1551654,0.7183885,0.15200001,0.0,0.12847875,4.8599963,4.8799963,787200
hardzero_plus_depr__c0p50__z1p00__lam0p020__nu0p50__psi0p75,hardzero_plus_depr,0.06,40,246,0.0,2,0.13603249,0.13603249,1.0227686,0.0,0.0948924,0.0,0.0,0.0015439551,-28.058481,2.250136,0.7500453,0.18400002,0.0,0.13521443,4.8799963,4.8999963,790400
hardzero_plus_depr__c0p50__z1p00__lam0p020__nu0p50__psi0p75,hardzero_plus_depr,0.06,40,247,0.0,2,0.13603249,0.13603249,1.0502005,0.0,0.08908396,0.0,0.0,0.0015209685,-28.007284,2.310487,0.77016234,0.17,0.0,0.1413422,4.8999963,4.9199963,793600
hardzero_plus_depr__c0p50__z1p00__lam0p020__nu0p50__psi0p75,hardzero_plus_depr,0.06,40,248,0.0,2,0.13603249,0.13603249,1.0389574,0.0,0.09142029,0.0,0.0,0.0014983243,-27.97905,2.2857518,0.7619173,0.136,0.0,0.1243102,4.9199963,4.9399962,796800
hardzero_plus_depr__c0p50__z1p00__lam0p020__nu0p50__psi0p75,hardzero_plus_depr,0.06,40,249,0.0,2,0.13603249,0.13603249,1.0171082,0.0,0.09613726,0.0,0.0,0.0014760174,-27.014519,2.2376828,0.7458943,0.112,0.0,0.14226542,4.9399962,4.959996,800000
hardzero_plus_depr__c0p50__z1p00__lam0p020__nu0p50__psi0p75,hardzero_plus_depr,0.06,40,250,0.0,2,0.13603249,0.13603249,1.0270839,0.0,0.09395418,0.0,0.0,0.0014540422,-26.756924,2.2596297,0.75320995,0.16800001,0.0,0.14488763,4.959996,4.979996,803200
hardzero_plus_depr__c0p50__z1p00__lam0p020__nu0p50__psi0p75,hardzero_plus_depr,0.06,40,251,0.0,2,0.13603249,0.13618296,0.97859985,0.10505098,0.10505098,1.0,0.00015047441,0.0014323941,-26.735004,2.1529627,0.7176542,0.17600001,0.0,0.14400214,4.979996,4.999996,806400
hardzero_plus_depr__c0p50__z1p00__lam0p020__nu0p50__psi0p75,hardzero_plus_depr,0.06,40,252,0.0,2,0.13618296,0.13618296,1.0243139,0.0,0.094555326,0.0,0.0,0.0014110688,-27.069214,2.2535357,0.7511786,0.14400001,0.0,0.156953,4.999996,5.019996,809600
hardzero_plus_depr__c0p50__z1p00__lam0p020__nu0p50__psi0p75,hardzero_plus_depr,0.06,40,253,0.0,2,0.13618296,0.13632609,0.9873001,0.102967426,0.102967426,1.0,0.000143131,0.0013900609,-26.771517,2.1721036,0.72403455,0.14400001,0.0,0.16943496,5.019996,5.039996,812800
hardzero_plus_depr__c0p50__z1p00__lam0p020__nu0p50__psi0p75,hardzero_plus_depr,0.06,40,254,0.0,2,0.13632609,0.13646744,0.9862322,0.10322093,0.10322093,1.0,0.00014134718,0.0013693655,-27.04153,2.1697543,0.72325146,0.216,0.0,0.15777294,5.039996,5.059996,816000
hardzero_plus_depr__c0p50__z1p00__lam0p020__nu0p50__psi0p75,hardzero_plus_depr,0.06,40,255,0.0,2,0.13646744,0.13646744,1.0509847,0.0,0.088923246,0.0,0.0,0.0013489783,-28.291172,2.3122125,0.7707375,0.096,0.0,0.1668523,5.059996,5.079996,819200
hardzero_plus_depr__c0p50__z1p00__lam0p020__nu0p50__psi0p75,hardzero_plus_depr,0.06,40,256,0.0,2,0.13646744,0.13646744,1.031132,0.0,0.09308249,0.0,0.0,0.0013288946,-27.056822,2.2685356,0.75617856,0.128,0.008,0.15562925,5.079996,5.099996,822400
hardzero_plus_depr__c0p50__z1p00__lam0p020__nu0p50__psi0p75,hardzero_plus_depr,0.06,40,257,0.0,2,0.13646744,0.13646744,1.0770704,0.0,0.083739355,0.0,0.0,0.0013091101,-28.14196,2.3696022,0.7898674,0.096,0.0,0.14389704,5.099996,5.119996,825600
hardzero_plus_depr__c0p50__z1p00__lam0p020__nu0p50__psi0p75,hardzero_plus_depr,0.06,40,258,0.0,2,0.13646744,0.13646744,1.0653272,0.0,0.08603453,0.0,0.0,0.0012896198,-27.914438,2.3437667,0.7812556,0.128,0.0,0.15464444,5.119996,5.139996,828800
hardzero_plus_depr__c0p50__z1p00__lam0p020__nu0p50__psi0p75,hardzero_plus_depr,0.06,40,259,0.0,2,0.13646744,0.13646744,1.0462164,0.0,0.08990495,0.0,0.0,0.0012704198,-27.141224,2.301722,0.7672407,0.104,0.0,0.15239029,5.139996,5.159996,832000
hardzero_plus_depr__c0p50__z1p00__lam0p020__nu0p50__psi0p75,hardzero_plus_depr,0.06,40,260,0.0,2,0.13646744,0.13646744,1.042819,0.0,0.09061101,0.0,0.0,0.0012515058,-26.727749,2.2942476,0.7647492,0.14999999,0.0,0.18802662,5.159996,5.179996,835200
hardzero_plus_depr__c0p50__z1p00__lam0p020__nu0p50__psi0p75,hardzero_plus_depr,0.06,40,261,0.0,2,0.13646744,0.13646744,1.0699073,0.0,0.085131966,0.0,0.0,0.0012328735,-29.357494,2.353843,0.7846143,0.14400001,0.0,0.17285724,5.179996,5.199996,838400
hardzero_plus_depr__c0p50__z1p00__lam0p020__nu0p50__psi0p75,hardzero_plus_depr,0.06,40,262,0.0,2,0.13646744,0.13658895,0.9998343,0.10003815,0.10003815,1.0,0.000121498175,0.0012145184,-26.984097,2.1996794,0.7332265,0.23200001,0.0,0.12731196,5.199996,5.219996,841600
hardzero_plus_depr__c0p50__z1p00__lam0p020__nu0p50__psi0p75,hardzero_plus_depr,0.06,40,263,0.0,2,0.13658895,0.13671716,0.9699837,0.10715596,0.10715596,1.0,0.00012820528,0.0011964364,-26.563028,2.1340067,0.7113356,0.16000001,0.0,0.1295321,5.219996,5.239996,844800
hardzero_plus_depr__c0p50__z1p00__lam0p020__nu0p50__psi0p75,hardzero_plus_depr,0.06,40,264,0.0,2,0.13671716,0.13683751,0.99090993,0.10211513,0.10211513,1.0,0.00012035535,0.001178624,-26.213013,2.1800454,0.7266818,0.128,0.0,0.16066669,5.239996,5.259996,848000
hardzero_plus_depr__c0p50__z1p00__lam0p020__nu0p50__psi0p75,hardzero_plus_depr,0.06,40,265,0.0,2,0.13683751,0.13695447,0.99682355,0.10073408,0.10073408,1.0,0.00011695998,0.0011610766,-26.00363,2.1930556,0.73101854,0.192,0.0,0.14228417,5.259996,5.279996,851200
hardzero_plus_depr__c0p50__z1p00__lam0p020__nu0p50__psi0p75,hardzero_plus_depr,0.06,40,266,0.0,2,0.13695447,0.13695447,1.0421624,0.0,0.0907481,0.0,0.0,0.0011437903,-27.96734,2.292803,0.7642677,0.112,0.0,0.15123816,5.279996,5.299996,854400
hardzero_plus_depr__c0p50__z1p00__lam0p020__nu0p50__psi0p75,hardzero_plus_depr,0.06,40,267,0.0,2,0.13695447,0.13707148,0.9836119,0.1038456,0.1038456,1.0,0.000117009215,0.0011267614,-27.202732,2.1639893,0.7213298,0.128,0.0,0.16037163,5.299996,5.319996,857600
hardzero_plus_depr__c0p50__z1p00__lam0p020__nu0p50__psi0p75,hardzero_plus_depr,0.06,40,268,0.0,2,0.13707148,0.13718313,0.9974571,0.10058725,0.10058725,1.0,0.00011165046,0.0011099862,-27.139446,2.1944494,0.73148316,0.15200001,0.0,0.13028304,5.319996,5.339996,860800
hardzero_plus_depr__c0p50__z1p00__lam0p020__nu0p50__psi0p75,hardzero_plus_depr,0.06,40,269,0.0,2,0.13718313,0.13730079,0.96819085,0.107599236,0.107599236,1.0,0.00011765555,0.0010934608,-26.427164,2.1300623,0.7100208,0.136,0.0,0.12962118,5.339996,5.359996,864000
hardzero_plus_depr__c0p50__z1p00__lam0p020__nu0p50__psi0p75,hardzero_plus_depr,0.06,40,270,0.0,2,0.13730079,0.13741899,0.9596944,0.10972499,0.10972499,1.0,0.00011819373,0.0010771815,-27.101408,2.1113698,0.70378995,0.15200001,0.0,0.14782503,5.359996,5.379996,867200
hardzero_plus_depr__c0p50__z1p00__lam0p020__nu0p50__psi0p75,hardzero_plus_depr,0.06,40,271,0.0,2,0.13741899,0.13754156,0.9373654,0.115513995,0.115513995,1.0,0.00012257698,0.0010611439,-25.244349,2.0622451,0.68741506,0.18400002,0.0,0.1169661,5.379996,5.399996,870400
hardzero_plus_depr__c0p50__z1p00__lam0p020__nu0p50__psi0p75,hardzero_plus_depr,0.06,40,272,0.0,2,0.13754156,0.13754156,1.0607315,0.0,0.08694978,0.0,0.0,0.0010453457,-27.570314,2.3336558,0.7778853,0.104,0.0,0.15763652,5.399996,5.419996,873600
hardzero_plus_depr__c0p50__z1p00__lam0p020__nu0p50__psi0p75,hardzero_plus_depr,0.06,40,273,0.0,2,0.13754156,0.13754156,1.0017611,0.0,0.099595316,0.0,0.0,0.0010297826,-26.992577,2.2039185,0.7346395,0.12,0.0,0.14461458,5.419996,5.439996,876800
hardzero_plus_depr__c0p50__z1p00__lam0p020__nu0p50__psi0p75,hardzero_plus_depr,0.06,40,274,0.0,2,0.13754156,0.13754156,1.0130887,0.0,0.09703118,0.0,0.0,0.0010144509,-27.915602,2.2288396,0.74294657,0.136,0.0,0.13618894,5.439996,5.4599957,880000
hardzero_plus_depr__c0p50__z1p00__lam0p020__nu0p50__psi0p75,hardzero_plus_depr,0.06,40,275,0.0,2,0.13754156,0.13754156,1.0200888,0.0,0.09547974,0.0,0.0,0.0009993479,-27.645151,2.2442403,0.74808013,0.136,0.0,0.12786819,5.4599957,5.4799957,883200
hardzero_plus_depr__c0p50__z1p00__lam0p020__nu0p50__psi0p75,hardzero_plus_depr,0.06,40,276,0.0,2,0.13754156,0.13754156,1.0648942,0.0,0.08612036,0.0,0.0,0.0009844695,-28.206738,2.342814,0.780938,0.136,0.008,0.15870526,5.4799957,5.4999957,886400
hardzero_plus_depr__c0p50__z1p00__lam0p020__nu0p50__psi0p75,hardzero_plus_depr,0.06,40,277,0.0,2,0.13754156,0.1376455,0.9699226,0.10717104,0.10717104,1.0,0.000103935854,0.0009698129,-26.427986,2.1338723,0.7112908,0.192,0.0,0.14061885,5.4999957,5.5199957,889600
hardzero_plus_depr__c0p50__z1p00__lam0p020__nu0p50__psi0p75,hardzero_plus_depr,0.06,40,278,0.0,2,0.1376455,0.1376455,1.0574477,0.0,0.08760972,0.0,0.0,0.00095537433,-27.855568,2.3264313,0.7754771,0.072000004,0.0,0.17022923,5.5199957,5.5399957,892800
hardzero_plus_depr__c0p50__z1p00__lam0p020__nu0p50__psi0p75,hardzero_plus_depr,0.06,40,279,0.0,2,0.1376455,0.1376455,1.0801303,0.0,0.08315142,0.0,0.0,0.00094115036,-27.97349,2.3763342,0.7921114,0.128,0.0,0.16597067,5.5399957,5.5599957,896000
hardzero_plus_depr__c0p50__z1p00__lam0p020__nu0p50__psi0p75,hardzero_plus_depr,0.06,40,280,0.0,2,0.1376455,0.13773984,0.9924736,0.10174812,0.10174812,1.0,9.433461e-05,0.0009271386,-26.747896,2.1834855,0.7278285,0.18400002,0.0,0.15349743,5.5599957,5.5799956,899200
hardzero_plus_depr__c0p50__z1p00__lam0p020__nu0p50__psi0p75,hardzero_plus_depr,0.06,40,281,0.0,2,0.13773984,0.13783522,0.9811544,0.104434885,0.104434885,1.0,9.5384086e-05,0.0009133355,-26.156212,2.1585827,0.7195276,0.17600001,0.0,0.13100015,5.5799956,5.5999956,902400
hardzero_plus_depr__c0p50__z1p00__lam0p020__nu0p50__psi0p75,hardzero_plus_depr,0.06,40,282,0.0,2,0.13783522,0.13793772,0.94334877,0.113933444,0.113933444,1.0,0.00010251018,0.0008997374,-26.508228,2.0754087,0.6918029,0.23200001,0.0,0.14213713,5.5999956,5.6199956,905600
hardzero_plus_depr__c0p50__z1p00__lam0p020__nu0p50__psi0p75,hardzero_plus_depr,0.06,40,283,0.0,2,0.13793772,0.13793772,1.0510466,0.0,0.08891057,0.0,0.0,0.0008863421,-27.67644,2.3123488,0.77078295,0.104,0.0,0.13177772,5.6199956,5.6399956,908800
hardzero_plus_depr__c0p50__z1p00__lam0p020__nu0p50__psi0p75,hardzero_plus_depr,0.06,40,284,0.0,2,0.13793772,0.13803248,0.9644627,0.10852687,0.10852687,1.0,9.475984e-05,0.00087314635,-25.989668,2.1218603,0.7072868,0.112,0.0,0.1265518,5.6399956,5.6599956,912000
hardzero_plus_depr__c0p50__z1p00__lam0p020__nu0p50__psi0p75,hardzero_plus_depr,0.06,40,285,0.0,2,0.13803248,0.13803248,1.0532478,0.0,0.08846106,0.0,0.0,0.00086014695,-28.112759,2.3171914,0.77239716,0.16800001,0.0,0.1473731,5.6599956,5.6799955,915200
hardzero_plus_depr__c0p50__z1p00__lam0p020__nu0p50__psi0p75,hardzero_plus_depr,0.06,40,286,0.0,2,0.13803248,0.13803248,1.0534028,0.0,0.08842951,0.0,0.0,0.0008473412,-27.136328,2.3175323,0.77251077,0.089999996,0.0,0.13489665,5.6799955,5.6999955,918400
hardzero_plus_depr__c0p50__z1p00__lam0p020__nu0p50__psi0p75,hardzero_plus_depr,0.06,40,287,0.0,2,0.13803248,0.13803248,1.0081049,0.0,0.09815108,0.0,0.0,0.0008347257,-26.27347,2.217875,0.73929167,0.18400002,0.0,0.1432363,5.6999955,5.7199955,921600
hardzero_plus_depr__c0p50__z1p00__lam0p020__nu0p50__psi0p75,hardzero_plus_depr,0.06,40,288,0.0,2,0.13803248,0.13803248,1.0269265,0.0,0.09398824,0.0,0.0,0.0008222983,-27.36936,2.2592835,0.75309455,0.16000001,0.0,0.14107652,5.7199955,5.7399955,924800
hardzero_plus_depr__c0p50__z1p00__lam0p020__nu0p50__psi0p75,hardzero_plus_depr,0.06,40,289,0.0,2,0.13803248,0.13803248,1.0600748,0.0,0.08708135,0.0,0.0,0.000810056,-27.376709,2.3322113,0.7774038,0.15200001,0.0,0.16536209,5.7399955,5.7599955,928000
hardzero_plus_depr__c0p50__z1p00__lam0p020__nu0p50__psi0p75,hardzero_plus_depr,0.06,40,290,0.0,2,0.13803248,0.13811462,0.9874847,0.10292369,0.10292369,1.0,8.213265e-05,0.00079799554,-25.81641,2.1725097,0.7241699,0.14400001,0.0,0.11698246,5.7599955,5.7799954,931200
hardzero_plus_depr__c0p50__z1p00__lam0p020__nu0p50__psi0p75,hardzero_plus_depr,0.06,40,291,0.0,2,0.13811462,0.13811462,1.0038226,0.0,0.099123694,0.0,0.0,0.00078611507,-27.547308,2.2084537,0.7361512,0.16800001,0.0,0.16351146,5.7799954,5.7999954,934400
hardzero_plus_depr__c0p50__z1p00__lam0p020__nu0p50__psi0p75,hardzero_plus_depr,0.06,40,292,0.0,2,0.13811462,0.13811462,1.059251,0.0,0.08724671,0.0,0.0,0.0007744114,-27.157827,2.3303986,0.77679956,0.16800001,0.0,0.16346838,5.7999954,5.8199954,937600
hardzero_plus_depr__c0p50__z1p00__lam0p020__nu0p50__psi0p75,hardzero_plus_depr,0.06,40,293,0.0,2,0.13811462,0.13819699,0.9666728,0.107976004,0.107976004,1.0,8.237295e-05,0.000762882,-26.074411,2.1267226,0.70890754,0.24800001,0.0,0.1375154,5.8199954,5.8399954,940800
hardzero_plus_depr__c0p50__z1p00__lam0p020__nu0p50__psi0p75,hardzero_plus_depr,0.06,40,294,0.0,2,0.13819699,0.13827305,0.99485254,0.1011923,0.1011923,1.0,7.6048476e-05,0.00075152435,-26.543224,2.1887193,0.72957313,0.136,0.0,0.15550752,5.8399954,5.8599954,944000
hardzero_plus_depr__c0p50__z1p00__lam0p020__nu0p50__psi0p75,hardzero_plus_depr,0.06,40,295,0.0,2,0.13827305,0.13827305,1.021484,0.0,0.095173486,0.0,0.0,0.0007403353,-27.75635,2.2473097,0.74910325,0.224,0.0,0.16831559,5.8599954,5.8799953,947200
hardzero_plus_depr__c0p50__z1p00__lam0p020__nu0p50__psi0p75,hardzero_plus_depr,0.06,40,296,0.0,2,0.13827305,0.13827305,1.0207587,0.0,0.09533255,0.0,0.0,0.00072931324,-26.887306,2.2457142,0.7485714,0.14400001,0.0,0.1335147,5.8799953,5.8999953,950400
hardzero_plus_depr__c0p50__z1p00__lam0p020__nu0p50__psi0p75,hardzero_plus_depr,0.06,40,297,0.0,2,0.13827305,0.13835523,0.9416712,0.1143744,0.1143744,1.0,8.217289e-05,0.0007184553,-25.21592,2.071718,0.6905727,0.23200001,0.0,0.13123558,5.8999953,5.9199953,953600
hardzero_plus_depr__c0p50__z1p00__lam0p020__nu0p50__psi0p75,hardzero_plus_depr,0.06,40,298,0.0,2,0.13835523,0.13843206,0.9643475,0.108555675,0.108555675,1.0,7.683122e-05,0.00070775865,-26.20625,2.1216068,0.7072023,0.224,0.008,0.12021696,5.9199953,5.9399953,956800
hardzero_plus_depr__c0p50__z1p00__lam0p020__nu0p50__psi0p75,hardzero_plus_depr,0.06,40,299,0.0,2,0.13843206,0.13850294,0.9928326,0.101664044,0.101664044,1.0,7.0882365e-05,0.00069722155,-26.508402,2.1842754,0.72809184,0.14,0.0,0.15211512,5.9399953,5.9599953,960000
hardzero_plus_depr__c0p50__z1p00__lam0p020__nu0p50__psi0p75,hardzero_plus_depr,0.06,40,300,0.0,2,0.13850294,0.13850294,1.0686585,0.0,0.08537712,0.0,0.0,0.0006868414,-28.494041,2.3510957,0.78369856,0.16000001,0.0,0.157764,5.9599953,5.9799953,963200
hardzero_plus_depr__c0p50__z1p00__lam0p020__nu0p50__psi0p75,hardzero_plus_depr,0.06,40,301,0.0,2,0.13850294,0.13850294,1.0098939,0.0,0.09774759,0.0,0.0,0.0006766157,-26.054388,2.221811,0.7406037,0.23200001,0.0,0.12020793,5.9799953,5.999995,966400
hardzero_plus_depr__c0p50__z1p00__lam0p020__nu0p50__psi0p75,hardzero_plus_depr,0.06,40,302,0.0,2,0.13850294,0.13850294,1.0192409,0.0,0.09566634,0.0,0.0,0.0006665423,-27.556889,2.2423747,0.7474582,0.192,0.0,0.15228648,5.999995,6.019995,969600
hardzero_plus_depr__c0p50__z1p00__lam0p020__nu0p50__psi0p75,hardzero_plus_depr,0.06,40,303,0.0,2,0.13850294,0.13850294,1.0020628,0.0,0.099526145,0.0,0.0,0.00065661856,-27.003145,2.2045822,0.7348608,0.16800001,0.0,0.1591254,6.019995,6.039995,972800
hardzero_plus_depr__c0p50__z1p00__lam0p020__nu0p50__psi0p75,hardzero_plus_depr,0.06,40,304,0.0,2,0.13850294,0.13857661,0.943523,0.113887735,0.113887735,1.0,7.366748e-05,0.00064684293,-26.09302,2.075792,0.6919307,0.272,0.0,0.12386921,6.039995,6.059995,976000
hardzero_plus_depr__c0p50__z1p00__lam0p020__nu0p50__psi0p75,hardzero_plus_depr,0.06,40,305,0.0,2,0.13857661,0.13864058,0.9982998,0.10039225,0.10039225,1.0,6.3971216e-05,0.0006372127,-26.18742,2.1963034,0.73210114,0.14400001,0.0,0.13207972,6.059995,6.079995,979200
hardzero_plus_depr__c0p50__z1p00__lam0p020__nu0p50__psi0p75,hardzero_plus_depr,0.06,40,306,0.0,2,0.13864058,0.13870825,0.9674005,0.10779522,0.10779522,1.0,6.7665824e-05,0.0006277256,-26.404697,2.1283236,0.7094412,0.16000001,0.0,0.14166245,6.079995,6.099995,982400
hardzero_plus_depr__c0p50__z1p00__lam0p020__nu0p50__psi0p75,hardzero_plus_depr,0.06,40,307,0.0,2,0.13870825,0.13870825,1.0189186,0.0,0.095737346,0.0,0.0,0.00061838015,-26.947239,2.2416658,0.74722195,0.192,0.0,0.1358871,6.099995,6.119995,985600
hardzero_plus_depr__c0p50__z1p00__lam0p020__nu0p50__psi0p75,hardzero_plus_depr,0.06,40,308,0.0,2,0.13870825,0.13870825,1.0690005,0.0,0.08530991,0.0,0.0,0.0006091737,-27.025204,2.3518481,0.7839494,0.128,0.0,0.13561463,6.119995,6.139995,988800
hardzero_plus_depr__c0p50__z1p00__lam0p020__nu0p50__psi0p75,hardzero_plus_depr,0.06,40,309,0.0,2,0.13870825,0.13877206,0.973336,0.106332,0.106332,1.0,6.38103e-05,0.0006001044,-27.129858,2.141382,0.713794,0.18400002,0.0,0.13662636,6.139995,6.159995,992000
hardzero_plus_depr__c0p50__z1p00__lam0p020__nu0p50__psi0p75,hardzero_plus_depr,0.06,40,310,0.0,2,0.13877206,0.13883387,0.9806736,0.104550555,0.104550555,1.0,6.1807164e-05,0.0005911701,-26.72164,2.157525,0.71917504,0.14400001,0.0,0.14253317,6.159995,6.179995,995200
hardzero_plus_depr__c0p50__z1p00__lam0p020__nu0p50__psi0p75,hardzero_plus_depr,0.06,40,311,0.0,2,0.13883387,0.13889426,0.9841693,0.1037124,0.1037124,1.0,6.0398834e-05,0.00058236846,-26.878466,2.1652157,0.7217386,0.18400002,0.0,0.12826096,6.179995,6.199995,998400
hardzero_plus_depr__c0p50__z1p00__lam0p020__nu0p50__psi0p75,hardzero_plus_depr,0.06,40,312,0.0,2,0.13889426,0.13889426,1.020613,0.0,0.095364556,0.0,0.0,0.00057369826,-26.659662,2.2453933,0.74846447,0.13,0.0,0.14075519,6.199995,6.219995,1001600
hardzero_plus_depr__c0p50__z1p00__lam0p020__nu0p50__psi0p75,hardzero_plus_depr,0.06,40,313,0.0,2,0.13889426,0.13889426,1.0067827,0.0,0.09845037,0.0,0.0,0.0005651571,-27.64139,2.214966,0.738322,0.136,0.0,0.12491515,6.219995,6.239995,1004800
hardzero_plus_depr__c0p50__z1p00__lam0p020__nu0p50__psi0p75,hardzero_plus_depr,0.06,40,314,0.0,2,0.13889426,0.13895461,0.9649353,0.10840884,0.10840884,1.0,6.0355836e-05,0.0005567428,-25.757853,2.1229,0.7076334,0.264,0.0,0.14571464,6.239995,6.259995,1008000
hardzero_plus_depr__c0p50__z1p00__lam0p020__nu0p50__psi0p75,hardzero_plus_depr,0.06,40,315,0.0,2,0.13895461,0.13895461,1.0964084,0.0,0.08009246,0.0,0.0,0.000548454,-28.140202,2.4121466,0.8040489,0.14400001,0.0,0.16250253,6.259995,6.279995,1011200
hardzero_plus_depr__c0p50__z1p00__lam0p020__nu0p50__psi0p75,hardzero_plus_depr,0.06,40,316,0.0,2,0.13895461,0.13895461,1.0320953,0.0,0.092876256,0.0,0.0,0.0005402887,-26.56654,2.2706552,0.75688505,0.15200001,0.0,0.1899323,6.279995,6.299995,1014400
hardzero_plus_depr__c0p50__z1p00__lam0p020__nu0p50__psi0p75,hardzero_plus_depr,0.06,40,317,0.0,2,0.13895461,0.13900979,0.98436403,0.10366591,0.10366591,1.0,5.5175653e-05,0.0005322449,-26.449387,2.1656442,0.7218814,0.14400001,0.0,0.12251048,6.299995,6.319995,1017600
hardzero_plus_depr__c0p50__z1p00__lam0p020__nu0p50__psi0p75,hardzero_plus_depr,0.06,40,318,0.0,2,0.13900979,0.13900979,1.0294604,0.0,0.09344146,0.0,0.0,0.0005243209,-26.865564,2.2648582,0.7549528,0.192,0.0,0.14398661,6.319995,6.339995,1020800
hardzero_plus_depr__c0p50__z1p00__lam0p020__nu0p50__psi0p75,hardzero_plus_depr,0.06,40,319,0.0,2,0.13900979,0.13900979,1.005268,0.0,0.098794326,0.0,0.0,0.0005165145,-26.853703,2.2116337,0.7372112,0.15200001,0.0,0.14652137,6.339995,6.359995,1024000
hardzero_plus_depr__c0p50__z1p00__lam0p020__nu0p50__psi0p75,hardzero_plus_depr,0.06,40,320,0.0,2,0.13900979,0.13900979,1.064893,0.0,0.08612058,0.0,0.0,0.00050882477,-27.440407,2.3428113,0.78093714,0.192,0.0,0.17094949,6.359995,6.379995,1027200
hardzero_plus_depr__c0p50__z1p00__lam0p020__nu0p50__psi0p75,hardzero_plus_depr,0.06,40,321,0.0,2,0.13900979,0.13900979,1.0300102,0.0,0.09332323,0.0,0.0,0.0005012494,-27.474453,2.2660677,0.75535595,0.14400001,0.0,0.1687277,6.379995,6.399995,1030400
hardzero_plus_depr__c0p50__z1p00__lam0p020__nu0p50__psi0p75,hardzero_plus_depr,0.06,40,322,0.0,2,0.13900979,0.13900979,1.0366349,0.0,0.09191048,0.0,0.0,0.00049378665,-27.880352,2.2806423,0.7602141,0.15200001,0.0,0.1258246,6.399995,6.419995,1033600
hardzero_plus_depr__c0p50__z1p00__lam0p020__nu0p50__psi0p75,hardzero_plus_depr,0.06,40,323,0.0,2,0.13900979,0.13906497,0.9452269,0.11344179,0.11344179,1.0,5.518207e-05,0.00048643514,-26.189613,2.0795407,0.69318026,0.17600001,0.0,0.13768074,6.419995,6.439995,1036800
hardzero_plus_depr__c0p50__z1p00__lam0p020__nu0p50__psi0p75,hardzero_plus_depr,0.06,40,324,0.0,2,0.13906497,0.13906497,1.0248194,0.0,0.09444536,0.0,0.0,0.0004791931,-27.201271,2.2546477,0.75154924,0.17600001,0.0,0.13561346,6.439995,6.459995,1040000
hardzero_plus_depr__c0p50__z1p00__lam0p020__nu0p50__psi0p75,hardzero_plus_depr,0.06,40,325,0.0,2,0.13906497,0.13906497,1.0320423,0.0,0.09288759,0.0,0.0,0.00047205895,-27.84431,2.2705383,0.75684613,0.17999999,0.0,0.15145284,6.459995,6.479995,1043200
hardzero_plus_depr__c0p50__z1p00__lam0p020__nu0p50__psi0p75,hardzero_plus_depr,0.06,40,326,0.0,2,0.13906497,0.13906497,1.012595,0.0,0.09714153,0.0,0.0,0.0004650309,-27.91563,2.2277536,0.7425846,0.192,0.0,0.14351296,6.479995,6.4999948,1046400
hardzero_plus_depr__c0p50__z1p00__lam0p020__nu0p50__psi0p75,hardzero_plus_depr,0.06,40,327,0.0,2,0.13906497,0.13906497,1.0093111,0.0,0.09787886,0.0,0.0,0.0004581074,-26.020073,2.2205286,0.7401762,0.120000005,0.0,0.13058786,6.4999948,6.5199947,1049600
hardzero_plus_depr__c0p50__z1p00__lam0p020__nu0p50__psi0p75,hardzero_plus_depr,0.06,40,328,0.0,2,0.13906497,0.13906497,1.0251814,0.0,0.09436665,0.0,0.0,0.00045128714,-28.084158,2.255444,0.7518147,0.128,0.0,0.13767166,6.5199947,6.5399947,1052800
hardzero_plus_depr__c0p50__z1p00__lam0p020__nu0p50__psi0p75,hardzero_plus_depr,0.06,40,329,0.0,2,0.13906497,0.13911544,0.9448976,0.11352785,0.11352785,1.0,5.047089e-05,0.00044456837,-25.139532,2.0788162,0.69293875,0.2,0.008,0.1432025,6.5399947,6.5599947,1056000
hardzero_plus_depr__c0p50__z1p00__lam0p020__nu0p50__psi0p75,hardzero_plus_depr,0.06,40,330,0.0,2,0.13911544,0.13915966,0.9956992,0.10099521,0.10099521,1.0,4.42308e-05,0.00043794946,-26.455545,2.190582,0.73019403,0.16800001,0.0,0.13405734,6.5599947,6.5799947,1059200
hardzero_plus_depr__c0p50__z1p00__lam0p020__nu0p50__psi0p75,hardzero_plus_depr,0.06,40,331,0.0,2,0.13915966,0.13915966,1.0985799,0.0,0.07969299,0.0,0.0,0.0004314293,-28.255463,2.416924,0.80564135,0.112,0.008,0.14428224,6.5799947,6.5999947,1062400
hardzero_plus_depr__c0p50__z1p00__lam0p020__nu0p50__psi0p75,hardzero_plus_depr,0.06,40,332,0.0,2,0.13915966,0.13915966,1.0287172,0.0,0.0936015,0.0,0.0,0.0004250062,-28.439474,2.263223,0.75440764,0.2,0.0,0.1478731,6.5999947,6.6199946,1065600
hardzero_plus_depr__c0p50__z1p00__lam0p020__nu0p50__psi0p75,hardzero_plus_depr,0.06,40,333,0.0,2,0.13915966,0.13920335,0.9815591,0.104337595,0.104337595,1.0,4.3683936e-05,0.00041867877,-26.72623,2.1594732,0.71982443,0.18400002,0.0,0.17917389,6.6199946,6.6399946,1068800
hardzero_plus_depr__c0p50__z1p00__lam0p020__nu0p50__psi0p75,hardzero_plus_depr,0.06,40,334,0.0,2,0.13920335,0.13920335,1.009095,0.0,0.09792758,0.0,0.0,0.00041244552,-26.827164,2.2200532,0.7400178,0.136,0.0,0.14887765,6.6399946,6.6599946,1072000
hardzero_plus_depr__c0p50__z1p00__lam0p020__nu0p50__psi0p75,hardzero_plus_depr,0.06,40,335,0.0,2,0.13920335,0.13920335,1.071732,0.0,0.084775016,0.0,0.0,0.00040630484,-27.703764,2.3578577,0.78595257,0.16800001,0.0,0.15032887,6.6599946,6.6799946,1075200
hardzero_plus_depr__c0p50__z1p00__lam0p020__nu0p50__psi0p75,hardzero_plus_depr,0.06,40,336,0.0,2,0.13920335,0.13920335,1.0527084,0.0,0.088571005,0.0,0.0,0.0004002558,-27.96115,2.3160048,0.7720016,0.112,0.0,0.14388742,6.6799946,6.6999946,1078400
hardzero_plus_depr__c0p50__z1p00__lam0p020__nu0p50__psi0p75,hardzero_plus_depr,0.06,40,337,0.0,2,0.13920335,0.13920335,1.0828482,0.0,0.08263268,0.0,0.0,0.0003942968,-28.331873,2.3823135,0.7941045,0.104,0.0,0.15434836,6.6999946,6.7199945,1081600
hardzero_plus_depr__c0p50__z1p00__lam0p020__nu0p50__psi0p75,hardzero_plus_depr,0.06,40,338,0.0,2,0.13920335,0.13920335,1.012732,0.0,0.09711088,0.0,0.0,0.0003884264,-26.662983,2.228055,0.742685,0.16,0.0,0.16242836,6.7199945,6.7399945,1084800
hardzero_plus_depr__c0p50__z1p00__lam0p020__nu0p50__psi0p75,hardzero_plus_depr,0.06,40,339,0.0,2,0.13920335,0.13924533,0.95986235,0.10968257,0.10968257,1.0,4.1969324e-05,0.0003826435,-26.25553,2.1117394,0.70391315,0.18400002,0.0,0.11751988,6.7399945,6.7599945,1088000
hardzero_plus_depr__c0p50__z1p00__lam0p020__nu0p50__psi0p75,hardzero_plus_depr,0.06,40,340,0.0,2,0.13924533,0.13924533,1.0052589,0.0,0.0987964,0.0,0.0,0.00037694676,-27.679043,2.211614,0.7372047,0.15200001,0.0,0.14850253,6.7599945,6.7799945,1091200
hardzero_plus_depr__c0p50__z1p00__lam0p020__nu0p50__psi0p75,hardzero_plus_depr,0.06,40,341,0.0,2,0.13924533,0.13924533,1.003619,0.0,0.09917016,0.0,0.0,0.00037133478,-27.01991,2.208006,0.73600197,0.16800001,0.0,0.12385174,6.7799945,6.7999945,1094400
hardzero_plus_depr__c0p50__z1p00__lam0p020__nu0p50__psi0p75,hardzero_plus_depr,0.06,40,342,0.0,2,0.13924533,0.13924533,1.0688992,0.0,0.08532982,0.0,0.0,0.0003658064,-27.619665,2.351625,0.783875,0.208,0.0,0.15385348,6.7999945,6.8199944,1097600
hardzero_plus_depr__c0p50__z1p00__lam0p020__nu0p50__psi0p75,hardzero_plus_depr,0.06,40,343,0.0,2,0.13924533,0.13924533,1.0577255,0.0,0.087553695,0.0,0.0,0.0003603601,-27.907087,2.3270426,0.7756809,0.16000001,0.0,0.15268293,6.8199944,6.8399944,1100800
hardzero_plus_depr__c0p50__z1p00__lam0p020__nu0p50__psi0p75,hardzero_plus_depr,0.06,40,344,0.0,2,0.13924533,0.13924533,1.0510485,0.0,0.088910185,0.0,0.0,0.0003549951,-27.7296,2.312353,0.7707843,0.17600001,0.0,0.16045326,6.8399944,6.8599944,1104000
hardzero_plus_depr__c0p50__z1p00__lam0p020__nu0p50__psi0p75,hardzero_plus_depr,0.06,40,345,0.0,2,0.13924533,0.13924533,1.0383937,0.0,0.09153902,0.0,0.0,0.00034970994,-28.308228,2.2845118,0.76150393,0.16800001,0.0,0.14756249,6.8599944,6.8799944,1107200
hardzero_plus_depr__c0p50__z1p00__lam0p020__nu0p50__psi0p75,hardzero_plus_depr,0.06,40,346,0.0,2,0.13924533,0.13924533,1.0068566,0.0,0.098433614,0.0,0.0,0.00034450335,-26.551455,2.2151287,0.73837626,0.216,0.0,0.123427026,6.8799944,6.8999944,1110400
hardzero_plus_depr__c0p50__z1p00__lam0p020__nu0p50__psi0p75,hardzero_plus_depr,0.06,40,347,0.0,2,0.13924533,0.13924533,1.0133818,0.0,0.096965715,0.0,0.0,0.00033937438,-25.94905,2.2294846,0.74316156,0.17600001,0.0,0.13622099,6.8999944,6.9199944,1113600
hardzero_plus_depr__c0p50__z1p00__lam0p020__nu0p50__psi0p75,hardzero_plus_depr,0.06,40,348,0.0,2,0.13924533,0.13924533,1.0437251,0.0,0.09042216,0.0,0.0,0.0003343218,-27.125494,2.296241,0.7654137,0.112,0.0,0.15951002,6.9199944,6.9399943,1116800
hardzero_plus_depr__c0p50__z1p00__lam0p020__nu0p50__psi0p75,hardzero_plus_depr,0.06,40,349,0.0,2,0.13924533,0.13924533,1.0184816,0.0,0.09583371,0.0,0.0,0.00032934448,-26.263517,2.2407043,0.74690145,0.120000005,0.0,0.13093506,6.9399943,6.9599943,1120000
hardzero_plus_depr__c0p50__z1p00__lam0p020__nu0p50__psi0p75,hardzero_plus_depr,0.06,40,350,0.0,2,0.13924533,0.139282,0.9467569,0.11304284,0.11304284,1.0,3.667576e-05,0.00032444124,-25.451773,2.0829067,0.69430226,0.16800001,0.0,0.147601,6.9599943,6.9799943,1123200
hardzero_plus_depr__c0p50__z1p00__lam0p020__nu0p50__psi0p75,hardzero_plus_depr,0.06,40,351,0.0,2,0.139282,0.13931565,0.97759205,0.10529504,0.10529504,1.0,3.3653432e-05,0.0003196108,-26.354784,2.1507454,0.71691513,0.17,0.0,0.107761,6.9799943,6.9999943,1126400
hardzero_plus_depr__c0p50__z1p00__lam0p020__nu0p50__psi0p75,hardzero_plus_depr,0.06,40,352,0.0,2,0.13931565,0.13934974,0.9653836,0.10829699,0.10829699,1.0,3.4097575e-05,0.00031485246,-26.71681,2.1238863,0.70796216,0.16800001,0.0,0.14181662,6.9999943,7.0199943,1129600
hardzero_plus_depr__c0p50__z1p00__lam0p020__nu0p50__psi0p75,hardzero_plus_depr,0.06,40,353,0.0,2,0.13934974,0.13934974,1.0115558,0.0,0.09737426,0.0,0.0,0.00031016496,-26.959845,2.2254672,0.7418224,0.16000001,0.0,0.14325838,7.0199943,7.0399942,1132800
hardzero_plus_depr__c0p50__z1p00__lam0p020__nu0p50__psi0p75,hardzero_plus_depr,0.06,40,354,0.0,2,0.13934974,0.13934974,1.0265177,0.0,0.09407672,0.0,0.0,0.0003055471,-27.172611,2.2583842,0.75279474,0.14400001,0.0,0.14145842,7.0399942,7.059994,1136000
hardzero_plus_depr__c0p50__z1p00__lam0p020__nu0p50__psi0p75,hardzero_plus_depr,0.06,40,355,0.0,2,0.13934974,0.13934974,1.0819639,0.0,0.082801096,0.0,0.0,0.00030099813,-27.993986,2.3803682,0.7934561,0.120000005,0.0,0.1604567,7.059994,7.079994,1139200
hardzero_plus_depr__c0p50__z1p00__lam0p020__nu0p50__psi0p75,hardzero_plus_depr,0.06,40,356,0.0,2,0.13934974,0.13938048,0.98422515,0.10369906,0.10369906,1.0,3.0748524e-05,0.00029651693,-25.546215,2.1653385,0.7217795,0.16000001,0.0,0.120562516,7.079994,7.099994,1142400
hardzero_plus_depr__c0p50__z1p00__lam0p020__nu0p50__psi0p75,hardzero_plus_depr,0.06,40,357,0.0,2,0.13938048,0.13938048,1.0288513,0.0,0.0935726,0.0,0.0,0.00029210237,-27.44345,2.263518,0.75450605,0.112,0.0,0.1257148,7.099994,7.119994,1145600
hardzero_plus_depr__c0p50__z1p00__lam0p020__nu0p50__psi0p75,hardzero_plus_depr,0.06,40,358,0.0,2,0.13938048,0.13938048,1.0274045,0.0,0.09388483,0.0,0.0,0.0002877536,-26.482887,2.2603352,0.7534451,0.18400002,0.0,0.14922144,7.119994,7.139994,1148800
hardzero_plus_depr__c0p50__z1p00__lam0p020__nu0p50__psi0p75,hardzero_plus_depr,0.06,40,359,0.0,2,0.13938048,0.13938048,1.0361603,0.0,0.09201099,0.0,0.0,0.0002834694,-27.735882,2.2795982,0.7598661,0.15200001,0.0,0.15030342,7.139994,7.159994,1152000
hardzero_plus_depr__c0p50__z1p00__lam0p020__nu0p50__psi0p75,hardzero_plus_depr,0.06,40,360,0.0,2,0.13938048,0.13938048,1.018513,0.0,0.09582682,0.0,0.0,0.0002792491,-26.284597,2.2407732,0.7469244,0.224,0.0,0.14480537,7.159994,7.179994,1155200
hardzero_plus_depr__c0p50__z1p00__lam0p020__nu0p50__psi0p75,hardzero_plus_depr,0.06,40,361,0.0,2,0.13938048,0.13938048,1.0250885,0.0,0.09438684,0.0,0.0,0.00027509165,-27.768309,2.2552397,0.7517466,0.208,0.0,0.12878296,7.179994,7.199994,1158400
hardzero_plus_depr__c0p50__z1p00__lam0p020__nu0p50__psi0p75,hardzero_plus_depr,0.06,40,362,0.0,2,0.13938048,0.13940902,0.97753686,0.10530842,0.10530842,1.0,2.853816e-05,0.00027099598,-26.664593,2.150624,0.7168747,0.104,0.0,0.12606601,7.199994,7.219994,1161600
hardzero_plus_depr__c0p50__z1p00__lam0p020__nu0p50__psi0p75,hardzero_plus_depr,0.06,40,363,0.0,2,0.13940902,0.13940902,1.0650767,0.0,0.086084165,0.0,0.0,0.00026696143,-27.825014,2.3432155,0.78107184,0.128,0.0,0.17229876,7.219994,7.239994,1164800
hardzero_plus_depr__c0p50__z1p00__lam0p020__nu0p50__psi0p75,hardzero_plus_depr,0.06,40,364,0.0,2,0.13940902,0.13943675,0.97698903,0.10544135,0.10544135,1.0,2.7729693e-05,0.0002629869,-26.912817,2.1494188,0.716473,0.19999999,0.0,0.14626716,7.239994,7.259994,1168000
hardzero_plus_depr__c0p50__z1p00__lam0p020__nu0p50__psi0p75,hardzero_plus_depr,0.06,40,365,0.0,2,0.13943675,0.13943675,1.0445831,0.0,0.0902437,0.0,0.0,0.00025907156,-27.867203,2.2981286,0.7660429,0.15200001,0.0,0.16377795,7.259994,7.279994,1171200
hardzero_plus_depr__c0p50__z1p00__lam0p020__nu0p50__psi0p75,hardzero_plus_depr,0.06,40,366,0.0,2,0.13943675,0.13943675,1.0265917,0.0,0.094060734,0.0,0.0,0.00025521455,-27.096333,2.2585468,0.752849,0.14400001,0.008,0.14127454,7.279994,7.299994,1174400
hardzero_plus_depr__c0p50__z1p00__lam0p020__nu0p50__psi0p75,hardzero_plus_depr,0.06,40,367,0.0,2,0.13943675,0.13946266,0.98690057,0.1030622,0.1030622,1.0,2.5911362e-05,0.0002514148,-26.864727,2.1712246,0.72374153,0.16000001,0.0,0.15075535,7.299994,7.319994,1177600
hardzero_plus_depr__c0p50__z1p00__lam0p020__nu0p50__psi0p75,hardzero_plus_depr,0.06,40,368,0.0,2,0.13946266,0.13946266,1.0443867,0.0,0.090284504,0.0,0.0,0.00024767176,-27.426071,2.2976968,0.76589894,0.136,0.0,0.14232808,7.319994,7.339994,1180800
hardzero_plus_depr__c0p50__z1p00__lam0p020__nu0p50__psi0p75,hardzero_plus_depr,0.06,40,369,0.0,2,0.13946266,0.13948831,0.97835237,0.105110854,0.105110854,1.0,2.5645411e-05,0.00024398442,-26.76233,2.1524181,0.71747273,0.15200001,0.0,0.17293547,7.339994,7.359994,1184000
hardzero_plus_depr__c0p50__z1p00__lam0p020__nu0p50__psi0p75,hardzero_plus_depr,0.06,40,370,0.0,2,0.13948831,0.13948831,1.0000983,0.0,0.09997735,0.0,0.0,0.0002403519,-26.221464,2.2002604,0.73342013,0.2,0.0,0.13462408,7.359994,7.379994,1187200
hardzero_plus_depr__c0p50__z1p00__lam0p020__nu0p50__psi0p75,hardzero_plus_depr,0.06,40,371,0.0,2,0.13948831,0.13948831,1.0055413,0.0,0.09873216,0.0,0.0,0.00023677356,-27.576405,2.212235,0.7374117,0.18400002,0.0,0.18540429,7.379994,7.399994,1190400
hardzero_plus_depr__c0p50__z1p00__lam0p020__nu0p50__psi0p75,hardzero_plus_depr,0.06,40,372,0.0,2,0.13948831,0.13948831,1.0428381,0.0,0.09060703,0.0,0.0,0.00023324849,-28.00583,2.2942896,0.76476324,0.15200001,0.0,0.1610775,7.399994,7.419994,1193600
hardzero_plus_depr__c0p50__z1p00__lam0p020__nu0p50__psi0p75,hardzero_plus_depr,0.06,40,373,0.0,2,0.13948831,0.13948831,1.0104167,0.0,0.097629994,0.0,0.0,0.0002297759,-26.870775,2.2229612,0.74098706,0.16800001,0.0,0.1553135,7.419994,7.439994,1196800
hardzero_plus_depr__c0p50__z1p00__lam0p020__nu0p50__psi0p75,hardzero_plus_depr,0.06,40,374,0.0,2,0.13948831,0.13948831,1.036312,0.0,0.09197885,0.0,0.0,0.00022635504,-27.724516,2.2799318,0.7599773,0.17600001,0.0,0.1436114,7.439994,7.459994,1200000
hardzero_plus_depr__c0p50__z1p00__lam0p020__nu0p50__psi0p75,hardzero_plus_depr,0.06,40,375,0.0,2,0.13948831,0.13951077,0.99704975,0.10068163,0.10068163,1.0,2.245049e-05,0.00022298495,-26.664042,2.1935532,0.7311844,0.14400001,0.0,0.1423468,7.459994,7.479994,1203200
hardzero_plus_depr__c0p50__z1p00__lam0p020__nu0p50__psi0p75,hardzero_plus_depr,0.06,40,376,0.0,2,0.13951077,0.13953523,0.9530578,0.11141461,0.11141461,1.0,2.447391e-05,0.00021966518,-26.73063,2.096769,0.69892305,0.216,0.0,0.14014594,7.479994,7.499994,1206400
hardzero_plus_depr__c0p50__z1p00__lam0p020__nu0p50__psi0p75,hardzero_plus_depr,0.06,40,377,0.0,2,0.13953523,0.13953523,1.0213081,0.0,0.09521205,0.0,0.0,0.00021639482,-26.659416,2.2469225,0.7489742,0.13,0.0,0.12286821,7.499994,7.519994,1209600
hardzero_plus_depr__c0p50__z1p00__lam0p020__nu0p50__psi0p75,hardzero_plus_depr,0.06,40,378,0.0,2,0.13953523,0.13953523,1.0016036,0.0,0.09963144,0.0,0.0,0.00021317304,-26.645212,2.2035718,0.73452395,0.192,0.0,0.14851111,7.519994,7.539994,1212800
hardzero_plus_depr__c0p50__z1p00__lam0p020__nu0p50__psi0p75,hardzero_plus_depr,0.06,40,379,0.0,2,0.13953523,0.1395567,0.9903971,0.10223576,0.10223576,1.0,2.1469441e-05,0.00020999934,-26.900963,2.1789172,0.7263057,0.104,0.0,0.15303464,7.539994,7.5599937,1216000
hardzero_plus_depr__c0p50__z1p00__lam0p020__nu0p50__psi0p75,hardzero_plus_depr,0.06,40,380,0.0,2,0.1395567,0.1395567,1.0131667,0.0,0.09701376,0.0,0.0,0.00020687288,-27.20201,2.229011,0.7430037,0.17600001,0.0,0.14972188,7.5599937,7.5799937,1219200
hardzero_plus_depr__c0p50__z1p00__lam0p020__nu0p50__psi0p75,hardzero_plus_depr,0.06,40,381,0.0,2,0.1395567,0.13957714,0.998952,0.100241624,0.100241624,1.0,2.0428539e-05,0.00020379298,-26.687637,2.1977382,0.7325794,0.15200001,0.0,0.13991588,7.5799937,7.5999937,1222400
hardzero_plus_depr__c0p50__z1p00__lam0p020__nu0p50__psi0p75,hardzero_plus_depr,0.06,40,382,0.0,2,0.13957714,0.13957714,1.0112876,0.0,0.09743444,0.0,0.0,0.00020075892,-27.019009,2.224877,0.7416257,0.104,0.0,0.13393599,7.5999937,7.6199937,1225600
hardzero_plus_depr__c0p50__z1p00__lam0p020__nu0p50__psi0p75,hardzero_plus_depr,0.06,40,383,0.0,2,0.13957714,0.13957714,1.0243186,0.0,0.09455431,0.0,0.0,0.00019776993,-27.43489,2.2535458,0.75118196,0.128,0.0,0.1786918,7.6199937,7.6399937,1228800
hardzero_plus_depr__c0p50__z1p00__lam0p020__nu0p50__psi0p75,hardzero_plus_depr,0.06,40,384,0.0,2,0.13957714,0.13957714,1.0270718,0.0,0.09395678,0.0,0.0,0.00019482555,-27.114176,2.259603,0.753201,0.16800001,0.0,0.14006953,7.6399937,7.6599936,1232000
hardzero_plus_depr__c0p50__z1p00__lam0p020__nu0p50__psi0p75,hardzero_plus_depr,0.06,40,385,0.0,2,0.13957714,0.13957714,1.0306681,0.0,0.09318196,0.0,0.0,0.00019192502,-27.356249,2.2675152,0.7558384,0.104,0.0,0.13901119,7.6599936,7.6799936,1235200
hardzero_plus_depr__c0p50__z1p00__lam0p020__nu0p50__psi0p75,hardzero_plus_depr,0.06,40,386,0.0,2,0.13957714,0.13957714,1.0161732,0.0,0.096344456,0.0,0.0,0.00018906753,-27.815928,2.2356257,0.7452086,0.216,0.0,0.1613835,7.6799936,7.6999936,1238400
hardzero_plus_depr__c0p50__z1p00__lam0p020__nu0p50__psi0p75,hardzero_plus_depr,0.06,40,387,0.0,2,0.13957714,0.13957714,1.009103,0.0,0.09792577,0.0,0.0,0.00018625273,-27.575254,2.2200708,0.7400236,0.15200001,0.0,0.14264046,7.6999936,7.7199936,1241600
hardzero_plus_depr__c0p50__z1p00__lam0p020__nu0p50__psi0p75,hardzero_plus_depr,0.06,40,388,0.0,2,0.13957714,0.13959576,0.99354494,0.10149743,0.10149743,1.0,1.862273e-05,0.00018347982,-26.10239,2.1858425,0.7286142,0.2,0.0,0.1091714,7.7199936,7.7399936,1244800
hardzero_plus_depr__c0p50__z1p00__lam0p020__nu0p50__psi0p75,hardzero_plus_depr,0.06,40,389,0.0,2,0.13959576,0.1396139,0.9985407,0.10033659,0.10033659,1.0,1.8135654e-05,0.00018074816,-26.682745,2.1968334,0.7322778,0.24000001,0.0,0.14890131,7.7399936,7.7599936,1248000
hardzero_plus_depr__c0p50__z1p00__lam0p020__nu0p50__psi0p75,hardzero_plus_depr,0.06,40,390,0.0,2,0.1396139,0.1396139,1.0511829,0.0,0.08888268,0.0,0.0,0.0001780572,-27.663767,2.3126485,0.77088284,0.13,0.0,0.18224865,7.7599936,7.7799935,1251200
hardzero_plus_depr__c0p50__z1p00__lam0p020__nu0p50__psi0p75,hardzero_plus_depr,0.06,40,391,0.0,2,0.1396139,0.13963209,0.9841938,0.103706546,0.103706546,1.0,1.8190773e-05,0.00017540621,-26.854013,2.1652696,0.7217566,0.192,0.0,0.12102364,7.7799935,7.7999935,1254400
hardzero_plus_depr__c0p50__z1p00__lam0p020__nu0p50__psi0p75,hardzero_plus_depr,0.06,40,392,0.0,2,0.13963209,0.13965018,0.97999436,0.10471421,0.10471421,1.0,1.8094068e-05,0.00017279478,-26.021225,2.1560307,0.7186769,0.18400002,0.0,0.13034613,7.7999935,7.8199935,1257600
hardzero_plus_depr__c0p50__z1p00__lam0p020__nu0p50__psi0p75,hardzero_plus_depr,0.06,40,393,0.0,2,0.13965018,0.13965018,1.0258723,0.0,0.09421666,0.0,0.0,0.00017022222,-27.352915,2.2569642,0.7523214,0.15200001,0.0,0.16356874,7.8199935,7.8399935,1260800
hardzero_plus_depr__c0p50__z1p00__lam0p020__nu0p50__psi0p75,hardzero_plus_depr,0.06,40,394,0.0,2,0.13965018,0.13966757,0.9843374,0.10367226,0.10367226,1.0,1.7384582e-05,0.00016768789,-26.853798,2.1655855,0.72186184,0.15200001,0.0,0.14481016,7.8399935,7.8599935,1264000
hardzero_plus_depr__c0p50__z1p00__lam0p020__nu0p50__psi0p75,hardzero_plus_depr,0.06,40,395,0.0,2,0.13966757,0.13966757,1.0313979,0.0,0.09302551,0.0,0.0,0.00016519136,-28.005785,2.2691207,0.7563736,0.096,0.0,0.12756427,7.8599935,7.8799934,1267200
hardzero_plus_depr__c0p50__z1p00__lam0p020__nu0p50__psi0p75,hardzero_plus_depr,0.06,40,396,0.0,2,0.13966757,0.13966757,1.0239137,0.0,0.0946425,0.0,0.0,0.000162732,-27.13425,2.2526553,0.7508851,0.17600001,0.0,0.13878894,7.8799934,7.8999934,1270400
hardzero_plus_depr__c0p50__z1p00__lam0p020__nu0p50__psi0p75,hardzero_plus_depr,0.06,40,397,0.0,2,0.13966757,0.13966757,1.0669961,0.0,0.08570455,0.0,0.0,0.00016030927,-27.18195,2.3474383,0.78247947,0.112,0.0,0.14428511,7.8999934,7.9199934,1273600
hardzero_plus_depr__c0p50__z1p00__lam0p020__nu0p50__psi0p75,hardzero_plus_depr,0.06,40,398,0.0,2,0.13966757,0.13968343,0.99821764,0.10041126,0.10041126,1.0,1.5857207e-05,0.00015792261,-26.444963,2.1961226,0.7320409,0.128,0.0,0.15894997,7.9199934,7.9399934,1276800
hardzero_plus_depr__c0p50__z1p00__lam0p020__nu0p50__psi0p75,hardzero_plus_depr,0.06,40,399,0.0,2,0.13968343,0.13968343,1.0387286,0.0,0.09146846,0.0,0.0,0.00015557137,-27.8879,2.2852485,0.7617495,0.16800001,0.0,0.1450724,7.9399934,7.9599934,1280000
hardzero_plus_depr__c0p50__z1p00__lam0p020__nu0p50__psi0p75,hardzero_plus_depr,0.06,40,400,0.0,2,0.13968343,0.13969876,0.99986607,0.100030825,0.100030825,1.0,1.5330248e-05,0.00015325524,-27.15678,2.1997492,0.7332498,0.128,0.0,0.14661111,7.9599934,7.9799933,1283200
hardzero_plus_depr__c0p50__z1p00__lam0p020__nu0p50__psi0p75,hardzero_plus_depr,0.06,40,401,0.0,2,0.13969876,0.13971484,0.97275496,0.10647437,0.10647437,1.0,1.6074817e-05,0.00015097359,-26.98538,2.1401036,0.7133679,0.192,0.0,0.13125329,7.9799933,7.9999933,1286400
hardzero_plus_depr__c0p50__z1p00__lam0p020__nu0p50__psi0p75,hardzero_plus_depr,0.06,40,402,0.0,2,0.13971484,0.13971484,1.0063512,0.0,0.0985482,0.0,0.0,0.00014872583,-26.85538,2.214017,0.73800564,0.17600001,0.0,0.12340696,7.9999933,8.019994,1289600
hardzero_plus_depr__c0p50__z1p00__lam0p020__nu0p50__psi0p75,hardzero_plus_depr,0.06,40,403,0.0,2,0.13971484,0.13971484,1.0498176,0.0,0.08916254,0.0,0.0,0.00014651155,-26.430912,2.3096447,0.7698816,0.13,0.0,0.14504455,8.019994,8.039994,1292800
hardzero_plus_depr__c0p50__z1p00__lam0p020__nu0p50__psi0p75,hardzero_plus_depr,0.06,40,404,0.0,2,0.13971484,0.13971484,1.0155421,0.0,0.096484564,0.0,0.0,0.00014433022,-26.715101,2.2342374,0.74474585,0.2,0.008,0.14823514,8.039994,8.059995,1296000
hardzero_plus_depr__c0p50__z1p00__lam0p020__nu0p50__psi0p75,hardzero_plus_depr,0.06,40,405,0.0,2,0.13971484,0.13971484,1.0260549,0.0,0.09417706,0.0,0.0,0.00014218138,-27.21588,2.2573657,0.75245523,0.16000001,0.0,0.15189789,8.059995,8.079995,1299200
hardzero_plus_depr__c0p50__z1p00__lam0p020__nu0p50__psi0p75,hardzero_plus_depr,0.06,40,406,0.0,2,0.13971484,0.13971484,1.093069,0.0,0.08071069,0.0,0.0,0.00014006453,-28.181248,2.4047997,0.8015999,0.128,0.0,0.11916166,8.079995,8.099996,1302400
hardzero_plus_depr__c0p50__z1p00__lam0p020__nu0p50__psi0p75,hardzero_plus_depr,0.06,40,407,0.0,2,0.13971484,0.13971484,1.0677755,0.0,0.08555088,0.0,0.0,0.00013797918,-28.054504,2.349153,0.783051,0.14400001,0.0,0.17195556,8.099996,8.119996,1305600
hardzero_plus_depr__c0p50__z1p00__lam0p020__nu0p50__psi0p75,hardzero_plus_depr,0.06,40,408,0.0,2,0.13971484,0.13971484,1.0624789,0.0,0.08660064,0.0,0.0,0.0001359249,-28.115374,2.3375003,0.7791668,0.16000001,0.0,0.1515075,8.119996,8.139997,1308800
hardzero_plus_depr__c0p50__z1p00__lam0p020__nu0p50__psi0p75,hardzero_plus_depr,0.06,40,409,0.0,2,0.13971484,0.13971484,1.0452396,0.0,0.090107396,0.0,0.0,0.0001339012,-27.625122,2.299573,0.7665243,0.17600001,0.0,0.15316182,8.139997,8.159997,1312000
hardzero_plus_depr__c0p50__z1p00__lam0p020__nu0p50__psi0p75,hardzero_plus_depr,0.06,40,410,0.0,2,0.13971484,0.13972937,0.95819414,0.11010469,0.11010469,1.0,1.4523648e-05,0.00013190763,-25.911137,2.1080692,0.70268977,0.192,0.0,0.12630875,8.159997,8.179997,1315200
hardzero_plus_depr__c0p50__z1p00__lam0p020__nu0p50__psi0p75,hardzero_plus_depr,0.06,40,411,0.0,2,0.13972937,0.13972937,1.0384027,0.0,0.09153714,0.0,0.0,0.00012994371,-27.694016,2.2845316,0.76151055,0.120000005,0.0,0.15512756,8.179997,8.199998,1318400
hardzero_plus_depr__c0p50__z1p00__lam0p020__nu0p50__psi0p75,hardzero_plus_depr,0.06,40,412,0.0,2,0.13972937,0.13972937,1.0410278,0.0,0.0909855,0.0,0.0,0.00012800908,-27.725174,2.2903068,0.7634356,0.120000005,0.0,0.1414414,8.199998,8.219998,1321600
hardzero_plus_depr__c0p50__z1p00__lam0p020__nu0p50__psi0p75,hardzero_plus_depr,0.06,40,413,0.0,2,0.13972937,0.13974209,0.9959052,0.100947306,0.100947306,1.0,1.2729782e-05,0.00012610323,-26.15596,2.1910353,0.73034513,0.136,0.0,0.1307046,8.219998,8.239999,1324800
hardzero_plus_depr__c0p50__z1p00__lam0p020__nu0p50__psi0p75,hardzero_plus_depr,0.06,40,414,0.0,2,0.13974209,0.13975453,0.99908787,0.10021024,0.10021024,1.0,1.2448693e-05,0.00012422576,-27.412905,2.1980371,0.73267907,0.15200001,0.0,0.14386839,8.239999,8.259999,1328000
hardzero_plus_depr__c0p50__z1p00__lam0p020__nu0p50__psi0p75,hardzero_plus_depr,0.06,40,415,0.0,2,0.13975453,0.13976686,0.99684113,0.10073002,0.10073002,1.0,1.232696e-05,0.00012237624,-26.86607,2.1930943,0.7310314,0.192,0.0,0.133828,8.259999,8.28,1331200
hardzero_plus_depr__c0p50__z1p00__lam0p020__nu0p50__psi0p75,hardzero_plus_depr,0.06,40,416,0.0,2,0.13976686,0.13977961,0.97537035,0.10583509,0.10583509,1.0,1.2758869e-05,0.00012055424,-26.44808,2.1458576,0.7152859,0.14999999,0.0,0.13695973,8.28,8.3,1334400
hardzero_plus_depr__c0p50__z1p00__lam0p020__nu0p50__psi0p75,hardzero_plus_depr,0.06,40,417,0.0,2,0.13977961,0.13979226,0.9724009,0.10656119,0.10656119,1.0,1.26551395e-05,0.000118759366,-26.546638,2.1393247,0.71310824,0.216,0.0,0.14542861,8.3,8.320001,1337600
hardzero_plus_depr__c0p50__z1p00__lam0p020__nu0p50__psi0p75,hardzero_plus_depr,0.06,40,418,0.0,2,0.13979226,0.13980487,0.96767247,0.10772773,0.10772773,1.0,1.2603201e-05,0.00011699124,-26.193829,2.128922,0.7096407,0.16800001,0.0,0.13554619,8.320001,8.340001,1340800
hardzero_plus_depr__c0p50__z1p00__lam0p020__nu0p50__psi0p75,hardzero_plus_depr,0.06,40,419,0.0,2,0.13980487,0.13981742,0.9628597,0.1089282,0.1089282,1.0,1.2553914e-05,0.00011524943,-25.919733,2.1183336,0.7061112,0.18400002,0.0,0.12580305,8.340001,8.360002,1344000
hardzero_plus_depr__c0p50__z1p00__lam0p020__nu0p50__psi0p75,hardzero_plus_depr,0.06,40,420,0.0,2,0.13981742,0.13981742,1.007714,0.0,0.09823946,0.0,0.0,0.000113533555,-26.452604,2.217015,0.739005,0.136,0.0,0.14739339,8.360002,8.380002,1347200
hardzero_plus_depr__c0p50__z1p00__lam0p020__nu0p50__psi0p75,hardzero_plus_depr,0.06,40,421,0.0,2,0.13981742,0.13981742,1.0674497,0.0,0.085615076,0.0,0.0,0.00011184323,-27.893486,2.348436,0.78281206,0.128,0.0,0.14866729,8.380002,8.4000025,1350400
hardzero_plus_depr__c0p50__z1p00__lam0p020__nu0p50__psi0p75,hardzero_plus_depr,0.06,40,422,0.0,2,0.13981742,0.13982928,0.968215,0.10759323,0.10759323,1.0,1.1854412e-05,0.00011017805,-26.114843,2.1301155,0.71003854,0.16800001,0.0,0.11647428,8.4000025,8.420003,1353600
hardzero_plus_depr__c0p50__z1p00__lam0p020__nu0p50__psi0p75,hardzero_plus_depr,0.06,40,423,0.0,2,0.13982928,0.13982928,1.0275698,0.0,0.093849115,0.0,0.0,0.00010853767,-27.159319,2.2606986,0.7535662,0.208,0.0,0.14265554,8.420003,8.440003,1356800
hardzero_plus_depr__c0p50__z1p00__lam0p020__nu0p50__psi0p75,hardzero_plus_depr,0.06,40,424,0.0,2,0.13982928,0.13982928,1.0866567,0.0,0.0819112,0.0,0.0,0.000106921725,-28.239555,2.3906925,0.79689753,0.18400002,0.0,0.17205696,8.440003,8.460004,1360000
hardzero_plus_depr__c0p50__z1p00__lam0p020__nu0p50__psi0p75,hardzero_plus_depr,0.06,40,425,0.0,2,0.13982928,0.13984036,0.9776176,0.10528883,0.10528883,1.0,1.10900555e-05,0.00010532983,-26.012955,2.1508017,0.7169339,0.192,0.0,0.14364906,8.460004,8.480004,1363200
hardzero_plus_depr__c0p50__z1p00__lam0p020__nu0p50__psi0p75,hardzero_plus_depr,0.06,40,426,0.0,2,0.13984036,0.13985099,0.98973185,0.102392495,0.102392495,1.0,1.0624413e-05,0.000103761646,-26.81671,2.1774535,0.72581786,0.17600001,0.0,0.15344934,8.480004,8.500005,1366400
hardzero_plus_depr__c0p50__z1p00__lam0p020__nu0p50__psi0p75,hardzero_plus_depr,0.06,40,427,0.0,2,0.13985099,0.13985099,1.0895225,0.0,0.08137247,0.0,0.0,0.0001022168,-28.476892,2.3969972,0.7989991,0.112,0.0,0.15149131,8.500005,8.520005,1369600
hardzero_plus_depr__c0p50__z1p00__lam0p020__nu0p50__psi0p75,hardzero_plus_depr,0.06,40,428,0.0,2,0.13985099,0.13985099,1.0510404,0.0,0.08891184,0.0,0.0,0.00010069495,-26.77875,2.312335,0.77077836,0.17600001,0.0,0.14081083,8.520005,8.540006,1372800
hardzero_plus_depr__c0p50__z1p00__lam0p020__nu0p50__psi0p75,hardzero_plus_depr,0.06,40,429,0.0,2,0.13985099,0.1398615,0.97499895,0.105925635,0.105925635,1.0,1.0507374e-05,9.9195764e-05,-25.83251,2.1450405,0.7150135,0.22,0.0,0.13164723,8.540006,8.560006,1376000
hardzero_plus_depr__c0p50__z1p00__lam0p020__nu0p50__psi0p75,hardzero_plus_depr,0.06,40,430,0.0,2,0.1398615,0.13987169,0.98162717,0.10432126,0.10432126,1.0,1.0194158e-05,9.77189e-05,-26.731796,2.159623,0.7198743,0.080000006,0.0,0.10476754,8.560006,8.580007,1379200
hardzero_plus_depr__c0p50__z1p00__lam0p020__nu0p50__psi0p75,hardzero_plus_depr,0.06,40,431,0.0,2,0.13987169,0.13988133,0.9994352,0.10013013,0.10013013,1.0,9.638929e-06,9.6264026e-05,-26.888529,2.1988013,0.73293376,0.112,0.0,0.12878998,8.580007,8.600007,1382400
hardzero_plus_depr__c0p50__z1p00__lam0p020__nu0p50__psi0p75,hardzero_plus_depr,0.06,40,432,0.0,2,0.13988133,0.13989124,0.98119575,0.10442495,0.10442495,1.0,9.902702e-06,9.48308e-05,-25.833883,2.1586738,0.71955794,0.192,0.0,0.13728243,8.600007,8.6200075,1385600
hardzero_plus_depr__c0p50__z1p00__lam0p020__nu0p50__psi0p75,hardzero_plus_depr,0.06,40,433,0.0,2,0.13989124,0.13989124,1.0728276,0.0,0.084561445,0.0,0.0,9.341892e-05,-28.00348,2.3602679,0.786756,0.136,0.0,0.14161198,8.6200075,8.640008,1388800
hardzero_plus_depr__c0p50__z1p00__lam0p020__nu0p50__psi0p75,hardzero_plus_depr,0.06,40,434,0.0,2,0.13989124,0.13990086,0.9802642,0.104649164,0.104649164,1.0,9.63066e-06,9.2028065e-05,-27.007975,2.1566243,0.7188748,0.136,0.0,0.15235585,8.640008,8.660008,1392000
hardzero_plus_depr__c0p50__z1p00__lam0p020__nu0p50__psi0p75,hardzero_plus_depr,0.06,40,435,0.0,2,0.13990086,0.13990086,1.0545377,0.0,0.08819872,0.0,0.0,9.0657915e-05,-28.470013,2.3200293,0.7733431,0.14400001,0.0,0.17104976,8.660008,8.680009,1395200
hardzero_plus_depr__c0p50__z1p00__lam0p020__nu0p50__psi0p75,hardzero_plus_depr,0.06,40,436,0.0,2,0.13990086,0.13991018,0.98185205,0.10426725,0.10426725,1.0,9.311917e-06,8.930817e-05,-26.4278,2.1601176,0.72003925,0.2,0.0,0.14087276,8.680009,8.700009,1398400
hardzero_plus_depr__c0p50__z1p00__lam0p020__nu0p50__psi0p75,hardzero_plus_depr,0.06,40,437,0.0,2,0.13991018,0.13991018,1.0775973,0.0,0.08363783,0.0,0.0,8.797851e-05,-27.692198,2.3707614,0.7902538,0.104,0.0,0.14056888,8.700009,8.72001,1401600
hardzero_plus_depr__c0p50__z1p00__lam0p020__nu0p50__psi0p75,hardzero_plus_depr,0.06,40,438,0.0,2,0.13991018,0.13991018,1.0005802,0.0,0.0998665,0.0,0.0,8.6668646e-05,-26.514809,2.2013204,0.73377347,0.16800001,0.0,0.15591535,8.72001,8.74001,1404800
hardzero_plus_depr__c0p50__z1p00__lam0p020__nu0p50__psi0p75,hardzero_plus_depr,0.06,40,439,0.0,2,0.13991018,0.13991018,1.0242661,0.0,0.09456574,0.0,0.0,8.537829e-05,-26.823904,2.2534304,0.75114346,0.14400001,0.0,0.14780468,8.74001,8.760011,1408000
hardzero_plus_depr__c0p50__z1p00__lam0p020__nu0p50__psi0p75,hardzero_plus_depr,0.06,40,440,0.0,2,0.13991018,0.13991871,0.9938244,0.10143213,0.10143213,1.0,8.531168e-06,8.410715e-05,-26.822615,2.1864574,0.72881913,0.2,0.0,0.13231307,8.760011,8.780011,1411200
hardzero_plus_depr__c0p50__z1p00__lam0p020__nu0p50__psi0p75,hardzero_plus_depr,0.06,40,441,0.0,2,0.13991871,0.13991871,1.0094224,0.0,0.09785377,0.0,0.0,8.285493e-05,-26.519499,2.2207737,0.7402579,0.14400001,0.0,0.14780962,8.780011,8.800012,1414400
hardzero_plus_depr__c0p50__z1p00__lam0p020__nu0p50__psi0p75,hardzero_plus_depr,0.06,40,442,0.0,2,0.13991871,0.1399269,0.9989598,0.1002398,0.1002398,1.0,8.181707e-06,8.162134e-05,-26.817745,2.1977553,0.73258513,0.14999999,0.0,0.1497246,8.800012,8.820012,1417600
hardzero_plus_depr__c0p50__z1p00__lam0p020__nu0p50__psi0p75,hardzero_plus_depr,0.06,40,443,0.0,2,0.1399269,0.13993536,0.97766507,0.105277345,0.105277345,1.0,8.464945e-06,8.0406135e-05,-26.759052,2.150906,0.7169687,0.24000001,0.0,0.15804587,8.820012,8.840013,1420800
hardzero_plus_depr__c0p50__z1p00__lam0p020__nu0p50__psi0p75,hardzero_plus_depr,0.06,40,444,0.0,2,0.13993536,0.13993536,1.0525558,0.0,0.08860214,0.0,0.0,7.920902e-05,-27.648447,2.315669,0.7718897,0.18400002,0.0,0.16338967,8.840013,8.860013,1424000
hardzero_plus_depr__c0p50__z1p00__lam0p020__nu0p50__psi0p75,hardzero_plus_depr,0.06,40,445,0.0,2,0.13993536,0.13993536,1.0051183,0.0,0.09882839,0.0,0.0,7.802973e-05,-26.555868,2.2113042,0.73710144,0.112,0.0,0.13034812,8.860013,8.880013,1427200
hardzero_plus_depr__c0p50__z1p00__lam0p020__nu0p50__psi0p75,hardzero_plus_depr,0.06,40,446,0.0,2,0.13993536,0.1399434,0.9800025,0.10471223,0.10471223,1.0,8.049019e-06,7.686799e-05,-26.101402,2.1560485,0.7186829,0.112,0.0,0.11992142,8.880013,8.900014,1430400
hardzero_plus_depr__c0p50__z1p00__lam0p020__nu0p50__psi0p75,hardzero_plus_depr,0.06,40,447,0.0,2,0.1399434,0.1399434,1.0325423,0.0,0.09278069,0.0,0.0,7.572355e-05,-27.645393,2.2716384,0.7572128,0.15200001,0.0,0.14970148,8.900014,8.920014,1433600
hardzero_plus_depr__c0p50__z1p00__lam0p020__nu0p50__psi0p75,hardzero_plus_depr,0.06,40,448,0.0,2,0.1399434,0.13995099,0.99275273,0.10168274,0.10168274,1.0,7.5851403e-06,7.4596144e-05,-27.275002,2.1840997,0.72803324,0.18400002,0.0,0.15446116,8.920014,8.940015,1436800
hardzero_plus_depr__c0p50__z1p00__lam0p020__nu0p50__psi0p75,hardzero_plus_depr,0.06,40,449,0.0,2,0.13995099,0.13995099,1.0444744,0.0,0.090266295,0.0,0.0,7.348553e-05,-26.84542,2.2978895,0.7659632,0.120000005,0.0,0.15788645,8.940015,8.960015,1440000
hardzero_plus_depr__c0p50__z1p00__lam0p020__nu0p50__psi0p75,hardzero_plus_depr,0.06,40,450,0.0,2,0.13995099,0.13995834,0.9932392,0.10156891,0.10156891,1.0,7.35272e-06,7.239144e-05,-27.111467,2.18517,0.72839,0.208,0.0,0.14322805,8.960015,8.980016,1443200
hardzero_plus_depr__c0p50__z1p00__lam0p020__nu0p50__psi0p75,hardzero_plus_depr,0.06,40,451,0.0,2,0.13995834,0.13995834,1.0115868,0.0,0.097367324,0.0,0.0,7.1313654e-05,-27.391039,2.2255354,0.74184513,0.17600001,0.0,0.16433227,8.980016,9.000016,1446400
hardzero_plus_depr__c0p50__z1p00__lam0p020__nu0p50__psi0p75,hardzero_plus_depr,0.06,40,452,0.0,2,0.13995834,0.13995834,1.0236828,0.0,0.09469283,0.0,0.0,7.025191e-05,-26.891254,2.2521472,0.75071573,0.15200001,0.0,0.13469051,9.000016,9.020017,1449600
hardzero_plus_depr__c0p50__z1p00__lam0p020__nu0p50__psi0p75,hardzero_plus_depr,0.06,40,453,0.0,2,0.13995834,0.13995834,1.0629731,0.0,0.08650215,0.0,0.0,6.920596e-05,-27.430574,2.3385875,0.7795292,0.096,0.0,0.1429201,9.020017,9.040017,1452800
hardzero_plus_depr__c0p50__z1p00__lam0p020__nu0p50__psi0p75,hardzero_plus_depr,0.06,40,454,0.0,2,0.13995834,0.13996525,0.9934678,0.10151545,0.10151545,1.0,6.920877e-06,6.81756e-05,-26.880295,2.1856728,0.7285576,0.17600001,0.0,0.13770485,9.040017,9.060018,1456000
hardzero_plus_depr__c0p50__z1p00__lam0p020__nu0p50__psi0p75,hardzero_plus_depr,0.06,40,455,0.0,2,0.13996525,0.13996525,1.0043705,0.0,0.0989987,0.0,0.0,6.7160574e-05,-26.869368,2.209659,0.7365531,0.16,0.0,0.14891963,9.060018,9.080018,1459200
hardzero_plus_depr__c0p50__z1p00__lam0p020__nu0p50__psi0p75,hardzero_plus_depr,0.06,40,456,0.0,2,0.13996525,0.139972,0.99084044,0.10213146,0.10213146,1.0,6.757085e-06,6.616066e-05,-26.769106,2.1798925,0.72663087,0.16000001,0.0,0.13675462,9.080018,9.1000185,1462400
hardzero_plus_depr__c0p50__z1p00__lam0p020__nu0p50__psi0p75,hardzero_plus_depr,0.06,40,457,0.0,2,0.139972,0.139972,1.0347128,0.0,0.09231817,0.0,0.0,6.5175635e-05,-27.025043,2.2764137,0.75880456,0.112,0.0,0.17224322,9.1000185,9.120019,1465600
hardzero_plus_depr__c0p50__z1p00__lam0p020__nu0p50__psi0p75,hardzero_plus_depr,0.06,40,458,0.0,2,0.139972,0.139972,1.0415599,0.0,0.09087408,0.0,0.0,6.420527e-05,-27.897627,2.2914777,0.7638259,0.136,0.0,0.14190401,9.120019,9.140019,1468800
hardzero_plus_depr__c0p50__z1p00__lam0p020__nu0p50__psi0p75,hardzero_plus_depr,0.06,40,459,0.0,2,0.139972,0.13997859,0.9821811,0.10418829,0.10418829,1.0,6.589844e-06,6.324937e-05,-26.793352,2.1608415,0.7202805,0.15200001,0.0,0.14460233,9.140019,9.16002,1472000
hardzero_plus_depr__c0p50__z1p00__lam0p020__nu0p50__psi0p75,hardzero_plus_depr,0.06,40,460,0.0,2,0.13997859,0.13998502,0.986053,0.10326355,0.10326355,1.0,6.4341125e-06,6.2307685e-05,-25.77447,2.16936,0.72312,0.16800001,0.0,0.1284151,9.16002,9.18002,1475200
hardzero_plus_depr__c0p50__z1p00__lam0p020__nu0p50__psi0p75,hardzero_plus_depr,0.06,40,461,0.0,2,0.13998502,0.13998502,1.0328941,0.0,0.09270557,0.0,0.0,6.138002e-05,-27.456425,2.2724125,0.75747085,0.14400001,0.0,0.1725735,9.18002,9.200021,1478400
hardzero_plus_depr__c0p50__z1p00__lam0p020__nu0p50__psi0p75,hardzero_plus_depr,0.06,40,462,0.0,2,0.13998502,0.13998502,1.0426915,0.0,0.09063763,0.0,0.0,6.046617e-05,-27.946705,2.293967,0.7646557,0.136,0.0,0.15543705,9.200021,9.220021,1481600
hardzero_plus_depr__c0p50__z1p00__lam0p020__nu0p50__psi0p75,hardzero_plus_depr,0.06,40,463,0.0,2,0.13998502,0.13999121,0.9835552,0.103859164,0.103859164,1.0,6.186467e-06,5.9565922e-05,-25.814978,2.1638646,0.7212882,0.16000001,0.0,0.15358089,9.220021,9.240022,1484800
hardzero_plus_depr__c0p50__z1p00__lam0p020__nu0p50__psi0p75,hardzero_plus_depr,0.06,40,464,0.0,2,0.13999121,0.13999121,1.0185113,0.0,0.095827185,0.0,0.0,5.8679085e-05,-27.39325,2.2407696,0.7469232,0.14400001,0.0,0.12421794,9.240022,9.260022,1488000
hardzero_plus_depr__c0p50__z1p00__lam0p020__nu0p50__psi0p75,hardzero_plus_depr,0.06,40,465,0.0,2,0.13999121,0.13999744,0.9673866,0.10779867,0.10779867,1.0,6.23135e-06,5.7805446e-05,-26.225761,2.128293,0.70943105,0.2,0.0,0.13594162,9.260022,9.280023,1491200
hardzero_plus_depr__c0p50__z1p00__lam0p020__nu0p50__psi0p75,hardzero_plus_depr,0.06,40,466,0.0,2,0.13999744,0.13999744,1.0436958,0.0,0.090428255,0.0,0.0,5.6944817e-05,-27.037676,2.2961767,0.76539224,0.16800001,0.0,0.15255633,9.280023,9.300023,1494400
hardzero_plus_depr__c0p50__z1p00__lam0p020__nu0p50__psi0p75,hardzero_plus_depr,0.06,40,467,0.0,2,0.13999744,0.13999744,1.0399853,0.0,0.09120416,0.0,0.0,5.6096997e-05,-26.674076,2.2880132,0.7626711,0.136,0.0,0.16056539,9.300023,9.320024,1497600
hardzero_plus_depr__c0p50__z1p00__lam0p020__nu0p50__psi0p75,hardzero_plus_depr,0.06,40,468,0.0,2,0.13999744,0.14000353,0.95774484,0.11021865,0.11021865,1.0,6.0908815e-06,5.5261804e-05,-26.287178,2.1070807,0.7023603,0.14999999,0.0,0.123162694,9.320024,9.340024,1500800
hardzero_plus_depr__c0p50__z1p00__lam0p020__nu0p50__psi0p75,hardzero_plus_depr,0.06,40,469,0.0,2,0.14000353,0.14000353,1.0797858,0.0,0.0832174,0.0,0.0,5.4439042e-05,-28.623526,2.3755763,0.7918588,0.16000001,0.0,0.14450018,9.340024,9.360024,1504000
hardzero_plus_depr__c0p50__z1p00__lam0p020__nu0p50__psi0p75,hardzero_plus_depr,0.06,40,470,0.0,2,0.14000353,0.14000353,1.0063353,0.0,0.09855185,0.0,0.0,5.3628533e-05,-26.821556,2.2139819,0.73799396,0.120000005,0.0,0.17467082,9.360024,9.380025,1507200
hardzero_plus_depr__c0p50__z1p00__lam0p020__nu0p50__psi0p75,hardzero_plus_depr,0.06,40,471,0.0,2,0.14000353,0.14000353,1.0159094,0.0,0.096403,0.0,0.0,5.283009e-05,-27.520765,2.2350454,0.74501514,0.14400001,0.0,0.14885002,9.380025,9.400025,1510400
hardzero_plus_depr__c0p50__z1p00__lam0p020__nu0p50__psi0p75,hardzero_plus_depr,0.06,40,472,0.0,2,0.14000353,0.14000353,1.0267774,0.0,0.094020516,0.0,0.0,5.204353e-05,-27.479752,2.2589555,0.7529852,0.08800001,0.0,0.12647466,9.400025,9.420026,1513600
hardzero_plus_depr__c0p50__z1p00__lam0p020__nu0p50__psi0p75,hardzero_plus_depr,0.06,40,473,0.0,2,0.14000353,0.14000353,1.0310395,0.0,0.09310232,0.0,0.0,5.126869e-05,-28.14683,2.2683322,0.7561108,0.18400002,0.0,0.14147057,9.420026,9.440026,1516800
hardzero_plus_depr__c0p50__z1p00__lam0p020__nu0p50__psi0p75,hardzero_plus_depr,0.06,40,474,0.0,2,0.14000353,0.14000873,0.98767734,0.10287803,0.10287803,1.0,5.1958937e-06,5.050538e-05,-26.490854,2.1729336,0.72431123,0.192,0.0,0.16033396,9.440026,9.460027,1520000
hardzero_plus_depr__c0p50__z1p00__lam0p020__nu0p50__psi0p75,hardzero_plus_depr,0.06,40,475,0.0,2,0.14000873,0.14000873,1.035979,0.0,0.092049405,0.0,0.0,4.975344e-05,-27.53688,2.2791994,0.75973314,0.128,0.0,0.15590033,9.460027,9.480027,1523200
hardzero_plus_depr__c0p50__z1p00__lam0p020__nu0p50__psi0p75,hardzero_plus_depr,0.06,40,476,0.0,2,0.14000873,0.14001381,0.9842962,0.1036821,0.1036821,1.0,5.0817384e-06,4.9012688e-05,-26.959171,2.165495,0.7218317,0.128,0.0,0.14221503,9.480027,9.500028,1526400
hardzero_plus_depr__c0p50__z1p00__lam0p020__nu0p50__psi0p75,hardzero_plus_depr,0.06,40,477,0.0,2,0.14001381,0.14001867,0.99680316,0.1007388,0.1007388,1.0,4.8639677e-06,4.8282964e-05,-27.769064,2.1930108,0.73100364,0.17600001,0.0,0.14295177,9.500028,9.520028,1529600
hardzero_plus_depr__c0p50__z1p00__lam0p020__nu0p50__psi0p75,hardzero_plus_depr,0.06,40,478,0.0,2,0.14001867,0.14001867,1.0142043,0.0,0.09678225,0.0,0.0,4.756411e-05,-27.614174,2.231294,0.74376464,0.104,0.0,0.15169187,9.520028,9.540029,1532800
hardzero_plus_depr__c0p50__z1p00__lam0p020__nu0p50__psi0p75,hardzero_plus_depr,0.06,40,479,0.0,2,0.14001867,0.14001867,1.0203681,0.0,0.09541835,0.0,0.0,4.685596e-05,-27.160172,2.2448547,0.74828494,0.208,0.0,0.16714244,9.540029,9.560029,1536000
hardzero_plus_depr__c0p50__z1p00__lam0p020__nu0p50__psi0p75,hardzero_plus_depr,0.06,40,480,0.0,2,0.14001867,0.14001867,1.0326339,0.0,0.09276114,0.0,0.0,4.615835e-05,-28.407215,2.2718399,0.75728,0.15200001,0.0,0.15566711,9.560029,9.5800295,1539200
hardzero_plus_depr__c0p50__z1p00__lam0p020__nu0p50__psi0p75,hardzero_plus_depr,0.06,40,481,0.0,2,0.14001867,0.14001867,1.022811,0.0,0.09488312,0.0,0.0,4.5471126e-05,-27.418636,2.2502294,0.7500765,0.17999999,0.0,0.12800258,9.5800295,9.60003,1542400
hardzero_plus_depr__c0p50__z1p00__lam0p020__nu0p50__psi0p75,hardzero_plus_depr,0.06,40,482,0.0,2,0.14001867,0.14001867,1.0430553,0.0,0.09056172,0.0,0.0,4.479413e-05,-27.193037,2.2947674,0.7649225,0.16000001,0.0,0.13735631,9.60003,9.62003,1545600
hardzero_plus_depr__c0p50__z1p00__lam0p020__nu0p50__psi0p75,hardzero_plus_depr,0.06,40,483,0.0,2,0.14001867,0.14001867,1.0518789,0.0,0.08874034,0.0,0.0,4.4127217e-05,-28.615282,2.31418,0.7713933,0.136,0.0,0.1681105,9.62003,9.640031,1548800
hardzero_plus_depr__c0p50__z1p00__lam0p020__nu0p50__psi0p75,hardzero_plus_depr,0.06,40,484,0.0,2,0.14001867,0.14001867,1.0342113,0.0,0.09242483,0.0,0.0,4.3470234e-05,-27.707722,2.2753103,0.7584368,0.080000006,0.0,0.14283532,9.640031,9.660031,1552000
hardzero_plus_depr__c0p50__z1p00__lam0p020__nu0p50__psi0p75,hardzero_plus_depr,0.06,40,485,0.0,2,0.14001867,0.14001867,1.0227935,0.0,0.09488694,0.0,0.0,4.2823034e-05,-27.146788,2.2501907,0.7500636,0.136,0.0,0.14147392,9.660031,9.680032,1555200
hardzero_plus_depr__c0p50__z1p00__lam0p020__nu0p50__psi0p75,hardzero_plus_depr,0.06,40,486,0.0,2,0.14001867,0.14001867,1.0117272,0.0,0.097335845,0.0,0.0,4.2185467e-05,-26.723082,2.2258444,0.7419481,0.192,0.0,0.14054057,9.680032,9.700032,1558400
hardzero_plus_depr__c0p50__z1p00__lam0p020__nu0p50__psi0p75,hardzero_plus_depr,0.06,40,487,0.0,2,0.14001867,0.14001867,1.0225385,0.0,0.09494268,0.0,0.0,4.1557392e-05,-27.040527,2.2496297,0.7498766,0.16000001,0.0,0.13016859,9.700032,9.720033,1561600
hardzero_plus_depr__c0p50__z1p00__lam0p020__nu0p50__psi0p75,hardzero_plus_depr,0.06,40,488,0.0,2,0.14001867,0.14002302,0.9730619,0.10639913,0.10639913,1.0,4.3558384e-06,4.0938667e-05,-26.26345,2.140779,0.713593,0.224,0.0,0.1573095,9.720033,9.740033,1564800
hardzero_plus_depr__c0p50__z1p00__lam0p020__nu0p50__psi0p75,hardzero_plus_depr,0.06,40,489,0.0,2,0.14002302,0.14002302,1.0402099,0.0,0.09115701,0.0,0.0,4.032916e-05,-28.251568,2.2885075,0.76283586,0.128,0.0,0.14375448,9.740033,9.760034,1568000
hardzero_plus_depr__c0p50__z1p00__lam0p020__nu0p50__psi0p75,hardzero_plus_depr,0.06,40,490,0.0,2,0.14002302,0.14002302,1.0312423,0.0,0.093058854,0.0,0.0,3.972872e-05,-27.601595,2.2687783,0.75625944,0.208,0.0,0.15323047,9.760034,9.780034,1571200
hardzero_plus_depr__c0p50__z1p00__lam0p020__nu0p50__psi0p75,hardzero_plus_depr,0.06,40,491,0.0,2,0.14002302,0.14002302,1.0555732,0.0,0.08798867,0.0,0.0,3.9137223e-05,-27.28362,2.3223076,0.77410257,0.120000005,0.0,0.13846664,9.780034,9.8000345,1574400
hardzero_plus_depr__c0p50__z1p00__lam0p020__nu0p50__psi0p75,hardzero_plus_depr,0.06,40,492,0.0,2,0.14002302,0.14002302,1.0776066,0.0,0.08363603,0.0,0.0,3.855453e-05,-28.018974,2.3707817,0.79026055,0.16800001,0.0,0.18369728,9.8000345,9.820035,1577600
hardzero_plus_depr__c0p50__z1p00__lam0p020__nu0p50__psi0p75,hardzero_plus_depr,0.06,40,493,0.0,2,0.14002302,0.14002302,1.0200365,0.0,0.09549123,0.0,0.0,3.798052e-05,-27.508759,2.244125,0.7480416,0.128,0.0,0.14025712,9.820035,9.840035,1580800
hardzero_plus_depr__c0p50__z1p00__lam0p020__nu0p50__psi0p75,hardzero_plus_depr,0.06,40,494,0.0,2,0.14002302,0.14002302,1.0346253,0.0,0.092336774,0.0,0.0,3.741505e-05,-26.805187,2.276221,0.75874037,0.14,0.0,0.13627605,9.840035,9.860036,1584000
hardzero_plus_depr__c0p50__z1p00__lam0p020__nu0p50__psi0p75,hardzero_plus_depr,0.06,40,495,0.0,2,0.14002302,0.14002691,0.9766922,0.105513446,0.105513446,1.0,3.8890144e-06,3.6857997e-05,-26.423058,2.1487658,0.7162553,0.208,0.0,0.1549087,9.860036,9.880036,1587200
hardzero_plus_depr__c0p50__z1p00__lam0p020__nu0p50__psi0p75,hardzero_plus_depr,0.06,40,496,0.0,2,0.14002691,0.14002691,1.0416548,0.0,0.09085422,0.0,0.0,3.630924e-05,-27.943712,2.2916863,0.76389545,0.16000001,0.0,0.1584254,9.880036,9.900037,1590400
hardzero_plus_depr__c0p50__z1p00__lam0p020__nu0p50__psi0p75,hardzero_plus_depr,0.06,40,497,0.0,2,0.14002691,0.14002691,1.0215918,0.0,0.09514987,0.0,0.0,3.576866e-05,-27.636282,2.247547,0.74918234,0.17600001,0.0,0.14309716,9.900037,9.920037,1593600
hardzero_plus_depr__c0p50__z1p00__lam0p020__nu0p50__psi0p75,hardzero_plus_depr,0.06,40,498,0.0,2,0.14002691,0.14002691,1.0601919,0.0,0.08705787,0.0,0.0,3.523612e-05,-27.874763,2.3324687,0.7774896,0.112,0.0,0.14807431,9.920037,9.940038,1596800
hardzero_plus_depr__c0p50__z1p00__lam0p020__nu0p50__psi0p75,hardzero_plus_depr,0.06,40,499,0.0,2,0.14002691,0.14002691,1.0257533,0.0,0.09424249,0.0,0.0,3.471151e-05,-26.48085,2.2567022,0.7522341,0.16000001,0.0,0.13822475,9.940038,9.960038,1600000
hardzero_plus_depr__c0p50__z1p00__lam0p020__nu0p50__psi0p75,hardzero_plus_depr,0.06,40,500,0.0,2,0.14002691,0.14003053,0.97455525,0.10603391,0.10603391,1.0,3.6257982e-06,3.4194705e-05,-26.393412,2.1440644,0.7146882,0.136,0.0,0.13848373,9.960038,9.980039,1603200
hardzero_plus_depr__c0p50__z1p00__lam0p020__nu0p50__psi0p75,hardzero_plus_depr,0.06,40,501,0.0,2,0.14003053,0.14003053,1.096606,0.0,0.08005601,0.0,0.0,3.3685603e-05,-28.385658,2.4125814,0.80419385,0.15200001,0.0,0.16158636,9.980039,10.000039,1606400
hardzero_plus_depr__c0p50__z1p00__lam0p020__nu0p50__psi0p75,hardzero_plus_depr,0.06,40,502,0.0,2,0.14003053,0.14003053,1.1097947,0.0,0.07766141,0.0,0.0,3.318408e-05,-29.847572,2.4415972,0.8138658,0.136,0.0,0.16387124,10.000039,10.02004,1609600
hardzero_plus_depr__c0p50__z1p00__lam0p020__nu0p50__psi0p75,hardzero_plus_depr,0.06,40,503,0.0,2,0.14003053,0.14003053,1.0333238,0.0,0.09261392,0.0,0.0,3.2690023e-05,-27.24388,2.2733576,0.7577859,0.08800001,0.0,0.14631122,10.02004,10.04004,1612800
hardzero_plus_depr__c0p50__z1p00__lam0p020__nu0p50__psi0p75,hardzero_plus_depr,0.06,40,504,0.0,2,0.14003053,0.14003384,0.9874736,0.10292631,0.10292631,1.0,3.3145686e-06,3.220332e-05,-27.75184,2.1724854,0.7241618,0.16000001,0.0,0.16429786,10.04004,10.06004,1616000
hardzero_plus_depr__c0p50__z1p00__lam0p020__nu0p50__psi0p75,hardzero_plus_depr,0.06,40,505,0.0,2,0.14003384,0.14003716,0.97969353,0.10478678,0.10478678,1.0,3.324242e-06,3.1723866e-05,-26.55384,2.1553688,0.71845627,0.15200001,0.0,0.13489507,10.06004,10.080041,1619200
hardzero_plus_depr__c0p50__z1p00__lam0p020__nu0p50__psi0p75,hardzero_plus_depr,0.06,40,506,0.0,2,0.14003716,0.14004043,0.98064566,0.10455729,0.10455729,1.0,3.267577e-06,3.1251548e-05,-25.728315,2.1574636,0.71915454,0.14400001,0.0,0.12813559,10.080041,10.100041,1622400
hardzero_plus_depr__c0p50__z1p00__lam0p020__nu0p50__psi0p75,hardzero_plus_depr,0.06,40,507,0.0,2,0.14004043,0.14004043,1.0177661,0.0,0.09599174,0.0,0.0,3.078626e-05,-26.306293,2.2391303,0.74637675,0.14999999,0.0,0.1564494,10.100041,10.120042,1625600
hardzero_plus_depr__c0p50__z1p00__lam0p020__nu0p50__psi0p75,hardzero_plus_depr,0.06,40,508,0.0,2,0.14004043,0.1400435,0.99386734,0.10142212,0.10142212,1.0,3.0759204e-06,3.0327905e-05,-26.840872,2.1865518,0.7288506,0.14400001,0.0,0.13526426,10.120042,10.140042,1628800
hardzero_plus_depr__c0p50__z1p00__lam0p020__nu0p50__psi0p75,hardzero_plus_depr,0.06,40,509,0.0,2,0.1400435,0.1400435,1.0088013,0.0,0.09799381,0.0,0.0,2.9876372e-05,-27.371653,2.2194073,0.7398025,0.264,0.0,0.15809703,10.140042,10.160043,1632000
hardzero_plus_depr__c0p50__z1p00__lam0p020__nu0p50__psi0p75,hardzero_plus_depr,0.06,40,510,0.0,2,0.1400435,0.1400435,1.0182692,0.0,0.09588061,0.0,0.0,2.9431558e-05,-27.998016,2.240237,0.7467457,0.2,0.0,0.14857645,10.160043,10.180043,1635200
hardzero_plus_depr__c0p50__z1p00__lam0p020__nu0p50__psi0p75,hardzero_plus_depr,0.06,40,511,0.0,2,0.1400435,0.1400465,0.98339784,0.10389678,0.10389678,1.0,3.0123178e-06,2.899337e-05,-26.377344,2.1635184,0.7211728,0.192,0.0,0.1391988,10.180043,10.200044,1638400
hardzero_plus_depr__c0p50__z1p00__lam0p020__nu0p50__psi0p75,hardzero_plus_depr,0.06,40,512,0.0,2,0.1400465,0.1400465,1.0013778,0.0,0.09968324,0.0,0.0,2.8561704e-05,-26.71776,2.2030752,0.73435843,0.192,0.0,0.15044072,10.200044,10.220044,1641600
hardzero_plus_depr__c0p50__z1p00__lam0p020__nu0p50__psi0p75,hardzero_plus_depr,0.06,40,513,0.0,2,0.1400465,0.1400465,1.0277326,0.0,0.09381395,0.0,0.0,2.8136466e-05,-27.2539,2.261057,0.75368565,0.15200001,0.0,0.15379377,10.220044,10.240045,1644800
hardzero_plus_depr__c0p50__z1p00__lam0p020__nu0p50__psi0p75,hardzero_plus_depr,0.06,40,514,0.0,2,0.1400465,0.14004934,0.9914096,0.1019977,0.1019977,1.0,2.8271274e-06,2.771756e-05,-26.794329,2.1811447,0.7270483,0.14400001,0.0,0.16346814,10.240045,10.260045,1648000
hardzero_plus_depr__c0p50__z1p00__lam0p020__nu0p50__psi0p75,hardzero_plus_depr,0.06,40,515,0.0,2,0.14004934,0.14004934,1.0910577,0.0,0.08108535,0.0,0.0,2.730489e-05,-28.478489,2.4003747,0.8001249,0.120000005,0.0,0.16200775,10.260045,10.2800455,1651200
hardzero_plus_depr__c0p50__z1p00__lam0p020__nu0p50__psi0p75,hardzero_plus_depr,0.06,40,516,0.0,2,0.14004934,0.14004934,1.0353386,0.0,0.092185244,0.0,0.0,2.6898364e-05,-27.004107,2.2777905,0.7592635,0.16000001,0.0,0.12736112,10.2800455,10.300046,1654400
hardzero_plus_depr__c0p50__z1p00__lam0p020__nu0p50__psi0p75,hardzero_plus_depr,0.06,40,517,0.0,2,0.14004934,0.14004934,1.0288312,0.0,0.09357691,0.0,0.0,2.649789e-05,-27.54,2.263474,0.7544913,0.17600001,0.0,0.14892457,10.300046,10.320046,1657600
hardzero_plus_depr__c0p50__z1p00__lam0p020__nu0p50__psi0p75,hardzero_plus_depr,0.06,40,518,0.0,2,0.14004934,0.14004934,1.0690452,0.0,0.08530112,0.0,0.0,2.610338e-05,-27.93231,2.3519464,0.78398216,0.15200001,0.0,0.16131371,10.320046,10.340047,1660800
hardzero_plus_depr__c0p50__z1p00__lam0p020__nu0p50__psi0p75,hardzero_plus_depr,0.06,40,519,0.0,2,0.14004934,0.14004934,1.0297889,0.0,0.09337081,0.0,0.0,2.5714742e-05,-27.67896,2.2655807,0.7551936,0.16800001,0.0,0.15749028,10.340047,10.360047,1664000
hardzero_plus_depr__c0p50__z1p00__lam0p020__nu0p50__psi0p75,hardzero_plus_depr,0.06,40,520,0.0,2,0.14004934,0.1400519,0.9960941,0.100903414,0.100903414,1.0,2.5560742e-06,2.533189e-05,-26.494638,2.1914508,0.73048365,0.16,0.0,0.13306937,10.360047,10.380048,1667200
hardzero_plus_depr__c0p50__z1p00__lam0p020__nu0p50__psi0p75,hardzero_plus_depr,0.06,40,521,0.0,2,0.1400519,0.1400544,0.99773866,0.10052204,0.10052204,1.0,2.5085012e-06,2.4954737e-05,-26.39873,2.1950688,0.73168963,0.104,0.0,0.14231668,10.380048,10.400048,1670400
hardzero_plus_depr__c0p50__z1p00__lam0p020__nu0p50__psi0p75,hardzero_plus_depr,0.06,40,522,0.0,2,0.1400544,0.1400544,1.0457975,0.0,0.08999172,0.0,0.0,2.4583203e-05,-26.87223,2.3008003,0.76693344,0.120000005,0.0,0.13964109,10.400048,10.420049,1673600
hardzero_plus_depr__c0p50__z1p00__lam0p020__nu0p50__psi0p75,hardzero_plus_depr,0.06,40,523,0.0,2,0.1400544,0.14005685,0.996834,0.10073167,0.10073167,1.0,2.439439e-06,2.42172e-05,-27.222115,2.1930785,0.7310262,0.128,0.0,0.15721999,10.420049,10.440049,1676800
hardzero_plus_depr__c0p50__z1p00__lam0p020__nu0p50__psi0p75,hardzero_plus_depr,0.06,40,524,0.0,2,0.14005685,0.14005685,1.0321802,0.0,0.0928581,0.0,0.0,2.3856644e-05,-27.687267,2.2708418,0.7569473,0.18400002,0.0,0.13878833,10.440049,10.46005,1680000
hardzero_plus_depr__c0p50__z1p00__lam0p020__nu0p50__psi0p75,hardzero_plus_depr,0.06,40,525,0.0,2,0.14005685,0.1400594,0.9640734,0.1086242,0.1086242,1.0,2.5528268e-06,2.3501456e-05,-25.564358,2.1210039,0.7070013,0.208,0.0,0.122404575,10.46005,10.48005,1683200
hardzero_plus_depr__c0p50__z1p00__lam0p020__nu0p50__psi0p75,hardzero_plus_depr,0.06,40,526,0.0,2,0.1400594,0.1400594,1.0093595,0.0,0.09786796,0.0,0.0,2.3151557e-05,-27.59802,2.2206352,0.7402117,0.18400002,0.0,0.14611657,10.48005,10.500051,1686400
hardzero_plus_depr__c0p50__z1p00__lam0p020__nu0p50__psi0p75,hardzero_plus_depr,0.06,40,527,0.0,2,0.1400594,0.1400617,0.9942601,0.101330444,0.101330444,1.0,2.31103e-06,2.2806867e-05,-26.324993,2.1874158,0.7291386,0.208,0.0,0.14269853,10.500051,10.520051,1689600
hardzero_plus_depr__c0p50__z1p00__lam0p020__nu0p50__psi0p75,hardzero_plus_depr,0.06,40,528,0.0,2,0.1400617,0.1400617,1.0090268,0.0,0.097942956,0.0,0.0,2.246731e-05,-27.10392,2.2199032,0.73996776,0.216,0.0,0.15717359,10.520051,10.540051,1692800
hardzero_plus_depr__c0p50__z1p00__lam0p020__nu0p50__psi0p75,hardzero_plus_depr,0.06,40,529,0.0,2,0.1400617,0.1400617,1.0073789,0.0,0.09831528,0.0,0.0,2.2132808e-05,-27.503819,2.2162778,0.7387593,0.15200001,0.0,0.1464189,10.540051,10.560052,1696000
hardzero_plus_depr__c0p50__z1p00__lam0p020__nu0p50__psi0p75,hardzero_plus_depr,0.06,40,530,0.0,2,0.1400617,0.14006394,0.98800594,0.102800235,0.102800235,1.0,2.2413826e-06,2.1803284e-05,-26.44883,2.1736565,0.72455215,0.112,0.0,0.12920462,10.560052,10.580052,1699200
hardzero_plus_depr__c0p50__z1p00__lam0p020__nu0p50__psi0p75,hardzero_plus_depr,0.06,40,531,0.0,2,0.14006394,0.14006394,1.008521,0.0,0.0980571,0.0,0.0,2.1478669e-05,-27.133455,2.2187905,0.73959684,0.112,0.0,0.16688608,10.580052,10.600053,1702400
hardzero_plus_depr__c0p50__z1p00__lam0p020__nu0p50__psi0p75,hardzero_plus_depr,0.06,40,532,0.0,2,0.14006394,0.14006394,1.0424947,0.0,0.09067872,0.0,0.0,2.1158885e-05,-28.116066,2.293534,0.76451135,0.14400001,0.0,0.16555499,10.600053,10.620053,1705600
hardzero_plus_depr__c0p50__z1p00__lam0p020__nu0p50__psi0p75,hardzero_plus_depr,0.06,40,533,0.0,2,0.14006394,0.14006394,1.0176958,0.0,0.0960073,0.0,0.0,2.0843865e-05,-26.236443,2.2389755,0.7463252,0.17999999,0.0,0.17443289,10.620053,10.640054,1708800
hardzero_plus_depr__c0p50__z1p00__lam0p020__nu0p50__psi0p75,hardzero_plus_depr,0.06,40,534,0.0,2,0.14006394,0.14006394,1.0341679,0.0,0.09243406,0.0,0.0,2.0533533e-05,-26.52332,2.2752147,0.7584049,0.16000001,0.0,0.15961784,10.640054,10.660054,1712000
hardzero_plus_depr__c0p50__z1p00__lam0p020__nu0p50__psi0p75,hardzero_plus_depr,0.06,40,535,0.0,2,0.14006394,0.14006394,1.024257,0.0,0.09456775,0.0,0.0,2.0227819e-05,-27.012896,2.2534103,0.7511368,0.16800001,0.0,0.14803587,10.660054,10.680055,1715200
hardzero_plus_depr__c0p50__z1p00__lam0p020__nu0p50__psi0p75,hardzero_plus_depr,0.06,40,536,0.0,2,0.14006394,0.14006606,0.9749825,0.10592964,0.10592964,1.0,2.1108242e-06,1.9926661e-05,-26.54904,2.1450043,0.71500146,0.128,0.0,0.13460024,10.680055,10.700055,1718400
hardzero_plus_depr__c0p50__z1p00__lam0p020__nu0p50__psi0p75,hardzero_plus_depr,0.06,40,537,0.0,2,0.14006606,0.14006606,1.0157923,0.0,0.09642903,0.0,0.0,1.9629986e-05,-27.489626,2.2347875,0.7449292,0.15200001,0.0,0.12445595,10.700055,10.720056,1721600
hardzero_plus_depr__c0p50__z1p00__lam0p020__nu0p50__psi0p75,hardzero_plus_depr,0.06,40,538,0.0,2,0.14006606,0.14006606,1.1037128,0.0,0.078756645,0.0,0.0,1.9337725e-05,-28.710787,2.4282167,0.80940557,0.104,0.0,0.15580946,10.720056,10.740056,1724800
hardzero_plus_depr__c0p50__z1p00__lam0p020__nu0p50__psi0p75,hardzero_plus_depr,0.06,40,539,0.0,2,0.14006606,0.14006814,0.961098,0.10937094,0.10937094,1.0,2.0834964e-06,1.9049818e-05,-26.283337,2.1144578,0.7048193,0.224,0.0,0.15115806,10.740056,10.7600565,1728000
hardzero_plus_depr__c0p50__z1p00__lam0p020__nu0p50__psi0p75,hardzero_plus_depr,0.06,40,540,0.0,2,0.14006814,0.14006814,1.0452027,0.0,0.09011504,0.0,0.0,1.8766197e-05,-28.07944,2.299492,0.7664973,0.16000001,0.0,0.13235426,10.7600565,10.780057,1731200
hardzero_plus_depr__c0p50__z1p00__lam0p020__nu0p50__psi0p75,hardzero_plus_depr,0.06,40,541,0.0,2,0.14006814,0.14006814,1.0172517,0.0,0.0961055,0.0,0.0,1.8486799e-05,-27.208088,2.2379985,0.7459995,0.17600001,0.0,0.1586211,10.780057,10.800057,1734400
hardzero_plus_depr__c0p50__z1p00__lam0p020__nu0p50__psi0p75,hardzero_plus_depr,0.06,40,542,0.0,2,0.14006814,0.14006999,0.9954595,0.10105097,0.10105097,1.0,1.8402959e-06,1.821156e-05,-27.121239,2.1900547,0.73001826,0.128,0.0,0.13225171,10.800057,10.820058,1737600
hardzero_plus_depr__c0p50__z1p00__lam0p020__nu0p50__psi0p75,hardzero_plus_depr,0.06,40,543,0.0,2,0.14006999,0.14006999,1.062978,0.0,0.08650115,0.0,0.0,1.794042e-05,-28.278954,2.3385985,0.77953285,0.136,0.0,0.16767362,10.820058,10.840058,1740800
hardzero_plus_depr__c0p50__z1p00__lam0p020__nu0p50__psi0p75,hardzero_plus_depr,0.06,40,544,0.0,2,0.14006999,0.14006999,1.0786746,0.0,0.0834306,0.0,0.0,1.7673314e-05,-28.551205,2.3731315,0.7910439,0.112,0.0,0.15862498,10.840058,10.860059,1744000
hardzero_plus_depr__c0p50__z1p00__lam0p020__nu0p50__psi0p75,hardzero_plus_depr,0.06,40,545,0.0,2,0.14006999,0.14006999,1.0618982,0.0,0.0867165,0.0,0.0,1.7410186e-05,-27.545729,2.3362226,0.7787409,0.136,0.0,0.14774469,10.860059,10.880059,1747200
hardzero_plus_depr__c0p50__z1p00__lam0p020__nu0p50__psi0p75,hardzero_plus_depr,0.06,40,546,0.0,2,0.14006999,0.14006999,1.0602098,0.0,0.087054305,0.0,0.0,1.7150976e-05,-28.992575,2.332508,0.7775027,0.089999996,0.0,0.1552295,10.880059,10.90006,1750400
hardzero_plus_depr__c0p50__z1p00__lam0p020__nu0p50__psi0p75,hardzero_plus_depr,0.06,40,547,0.0,2,0.14006999,0.14006999,1.0401703,0.0,0.09116531,0.0,0.0,1.6895627e-05,-27.022318,2.2884204,0.76280683,0.08800001,0.0,0.15357406,10.90006,10.92006,1753600
hardzero_plus_depr__c0p50__z1p00__lam0p020__nu0p50__psi0p75,hardzero_plus_depr,0.06,40,548,0.0,2,0.14006999,0.14007188,0.94469863,0.113579854,0.113579854,1.0,1.8904318e-06,1.6644077e-05,-25.803997,2.0783784,0.69279283,0.23200001,0.0,0.123895384,10.92006,10.940061,1756800
hardzero_plus_depr__c0p50__z1p00__lam0p020__nu0p50__psi0p75,hardzero_plus_depr,0.06,40,549,0.0,2,0.14007188,0.14007188,1.0001799,0.0,0.09995859,0.0,0.0,1.6396276e-05,-26.60953,2.2004397,0.7334799,0.2,0.0,0.13270386,10.940061,10.960061,1760000
hardzero_plus_depr__c0p50__z1p00__lam0p020__nu0p50__psi0p75,hardzero_plus_depr,0.06,40,550,0.0,2,0.14007188,0.14007188,1.0372913,0.0,0.09177168,0.0,0.0,1.6152158e-05,-26.616625,2.2820864,0.76069546,0.17600001,0.0,0.15292415,10.960061,10.980062,1763200
hardzero_plus_depr__c0p50__z1p00__lam0p020__nu0p50__psi0p75,hardzero_plus_depr,0.06,40,551,0.0,2,0.14007188,0.14007188,1.0024343,0.0,0.09944107,0.0,0.0,1.591168e-05,-26.85123,2.2053995,0.7351332,0.14400001,0.0,0.14928645,10.980062,11.000062,1766400
hardzero_plus_depr__c0p50__z1p00__lam0p020__nu0p50__psi0p75,hardzero_plus_depr,0.06,40,552,0.0,2,0.14007188,0.14007188,1.0636574,0.0,0.08636595,0.0,0.0,1.5674781e-05,-27.525232,2.340093,0.78003097,0.08800001,0.0,0.16395272,11.000062,11.020062,1769600
hardzero_plus_depr__c0p50__z1p00__lam0p020__nu0p50__psi0p75,hardzero_plus_depr,0.06,40,553,0.0,2,0.14007188,0.14007188,1.0393465,0.0,0.091338426,0.0,0.0,1.5441408e-05,-27.99187,2.286608,0.7622027,0.16800001,0.0,0.13939779,11.020062,11.040063,1772800
hardzero_plus_depr__c0p50__z1p00__lam0p020__nu0p50__psi0p75,hardzero_plus_depr,0.06,40,554,0.0,2,0.14007188,0.14007188,1.0549148,0.0,0.08812217,0.0,0.0,1.5211509e-05,-28.535038,2.320859,0.77361965,0.136,0.0,0.18871722,11.040063,11.060063,1776000
hardzero_plus_depr__c0p50__z1p00__lam0p020__nu0p50__psi0p75,hardzero_plus_depr,0.06,40,555,0.0,2,0.14007188,0.14007188,1.015323,0.0,0.09653325,0.0,0.0,1.4985035e-05,-26.814083,2.2337554,0.74458516,0.14400001,0.0,0.13144231,11.060063,11.080064,1779200
hardzero_plus_depr__c0p50__z1p00__lam0p020__nu0p50__psi0p75,hardzero_plus_depr,0.06,40,556,0.0,2,0.14007188,0.14007188,1.0034286,0.0,0.09921366,0.0,0.0,1.4761933e-05,-27.505384,2.207587,0.7358624,0.136,0.0,0.14890864,11.080064,11.100064,1782400
hardzero_plus_depr__c0p50__z1p00__lam0p020__nu0p50__psi0p75,hardzero_plus_depr,0.06,40,557,0.0,2,0.14007188,0.14007343,0.972595,0.1065136,0.1065136,1.0,1.5489367e-06,1.454215e-05,-26.24662,2.1397517,0.7132506,0.18400002,0.0,0.13206801,11.100064,11.120065,1785600
hardzero_plus_depr__c0p50__z1p00__lam0p020__nu0p50__psi0p75,hardzero_plus_depr,0.06,40,558,0.0,2,0.14007343,0.14007343,1.0118382,0.0,0.097310975,0.0,0.0,1.4325641e-05,-27.042446,2.2260885,0.74202955,0.15200001,0.0,0.13314578,11.120065,11.140065,1788800
hardzero_plus_depr__c0p50__z1p00__lam0p020__nu0p50__psi0p75,hardzero_plus_depr,0.06,40,559,0.0,2,0.14007343,0.14007343,1.0098176,0.0,0.09776477,0.0,0.0,1.41123555e-05,-27.164625,2.2216432,0.7405478,0.14999999,0.0,0.14278592,11.140065,11.160066,1792000
hardzero_plus_depr__c0p50__z1p00__lam0p020__nu0p50__psi0p75,hardzero_plus_depr,0.06,40,560,0.0,2,0.14007343,0.14007494,0.96707636,0.1078757,0.1078757,1.0,1.4997142e-06,1.3902244e-05,-26.871195,2.1276104,0.7092035,0.17600001,0.0,0.12362285,11.160066,11.180066,1795200
hardzero_plus_depr__c0p50__z1p00__lam0p020__nu0p50__psi0p75,hardzero_plus_depr,0.06,40,561,0.0,2,0.14007494,0.14007494,1.0318309,0.0,0.092932805,0.0,0.0,1.3695263e-05,-27.644478,2.2700734,0.75669116,0.192,0.0,0.18358304,11.180066,11.200067,1798400
hardzero_plus_depr__c0p50__z1p00__lam0p020__nu0p50__psi0p75,hardzero_plus_depr,0.06,40,562,0.0,2,0.14007494,0.14007494,1.0187407,0.0,0.09577659,0.0,0.0,1.3491362e-05,-27.17377,2.241274,0.7470914,0.096,0.0,0.15567687,11.200067,11.220067,1801600
hardzero_plus_depr__c0p50__z1p00__lam0p020__nu0p50__psi0p75,hardzero_plus_depr,0.06,40,563,0.0,2,0.14007494,0.14007635,0.9716161,0.106753916,0.106753916,1.0,1.4188126e-06,1.3290498e-05,-25.459465,2.137598,0.7125327,0.15200001,0.0,0.15636612,11.220067,11.2400675,1804800
hardzero_plus_depr__c0p50__z1p00__lam0p020__nu0p50__psi0p75,hardzero_plus_depr,0.06,40,564,0.0,2,0.14007635,0.14007635,1.0529583,0.0,0.08852007,0.0,0.0,1.3092624e-05,-27.898457,2.3165543,0.7721848,0.192,0.0,0.19189137,11.2400675,11.260068,1808000
hardzero_plus_depr__c0p50__z1p00__lam0p020__nu0p50__psi0p75,hardzero_plus_depr,0.06,40,565,0.0,2,0.14007635,0.14007635,1.0569282,0.0,0.0877146,0.0,0.0,1.2897694e-05,-27.377201,2.3252883,0.7750961,0.16800001,0.0,0.1337394,11.260068,11.280068,1811200
hardzero_plus_depr__c0p50__z1p00__lam0p020__nu0p50__psi0p75,hardzero_plus_depr,0.06,40,566,0.0,2,0.14007635,0.1400777,0.9764747,0.105566286,0.105566286,1.0,1.3412903e-06,1.2705669e-05,-26.828712,2.1482873,0.7160958,0.128,0.0,0.13764867,11.280068,11.300069,1814400
hardzero_plus_depr__c0p50__z1p00__lam0p020__nu0p50__psi0p75,hardzero_plus_depr,0.06,40,567,0.0,2,0.1400777,0.1400777,1.0072513,0.0,0.09834419,0.0,0.0,1.2516502e-05,-26.475721,2.215997,0.7386657,0.112,0.0,0.12874159,11.300069,11.320069,1817600
hardzero_plus_depr__c0p50__z1p00__lam0p020__nu0p50__psi0p75,hardzero_plus_depr,0.06,40,568,0.0,2,0.1400777,0.1400777,1.0275836,0.0,0.09384614,0.0,0.0,1.2330152e-05,-26.591496,2.260729,0.7535764,0.120000005,0.0,0.13331296,11.320069,11.34007,1820800
hardzero_plus_depr__c0p50__z1p00__lam0p020__nu0p50__psi0p75,hardzero_plus_depr,0.06,40,569,0.0,2,0.1400777,0.1400777,1.0629865,0.0,0.08649949,0.0,0.0,1.21465755e-05,-28.123863,2.338617,0.77953905,0.072000004,0.0,0.17906985,11.34007,11.36007,1824000
hardzero_plus_depr__c0p50__z1p00__lam0p020__nu0p50__psi0p75,hardzero_plus_depr,0.06,40,570,0.0,2,0.1400777,0.1400777,1.0471419,0.0,0.08971357,0.0,0.0,1.1965732e-05,-28.093065,2.3037581,0.7679194,0.136,0.0,0.17076056,11.36007,11.380071,1827200
hardzero_plus_depr__c0p50__z1p00__lam0p020__nu0p50__psi0p75,hardzero_plus_depr,0.06,40,571,0.0,2,0.1400777,0.1400777,1.0182478,0.0,0.09588533,0.0,0.0,1.1787581e-05,-27.612387,2.24019,0.74673,0.2,0.0,0.16864777,11.380071,11.400071,1830400
hardzero_plus_depr__c0p50__z1p00__lam0p020__nu0p50__psi0p75,hardzero_plus_depr,0.06,40,572,0.0,2,0.1400777,0.14007886,0.99712485,0.100664206,0.100664206,1.0,1.1689211e-06,1.1612084e-05,-26.744717,2.1937184,0.7312395,0.21,0.0,0.12649605,11.400071,11.420072,1833600
hardzero_plus_depr__c0p50__z1p00__lam0p020__nu0p50__psi0p75,hardzero_plus_depr,0.06,40,573,0.0,2,0.14007886,0.14007886,1.0202539,0.0,0.095443435,0.0,0.0,1.1439198e-05,-27.154612,2.2446034,0.74820113,0.16800001,0.0,0.14329167,11.420072,11.440072,1836800
hardzero_plus_depr__c0p50__z1p00__lam0p020__nu0p50__psi0p75,hardzero_plus_depr,0.06,40,574,0.0,2,0.14007886,0.14007999,0.99907476,0.100213274,0.100213274,1.0,1.1292921e-06,1.1268887e-05,-26.695902,2.1980083,0.7326695,0.080000006,0.0,0.124708176,11.440072,11.4600725,1840000
hardzero_plus_depr__c0p50__z1p00__lam0p020__nu0p50__psi0p75,hardzero_plus_depr,0.06,40,575,0.0,2,0.14007999,0.14007999,1.0311694,0.0,0.09307447,0.0,0.0,1.110111e-05,-27.136618,2.268618,0.75620604,0.128,0.0,0.14237666,11.4600725,11.480073,1843200
hardzero_plus_depr__c0p50__z1p00__lam0p020__nu0p50__psi0p75,hardzero_plus_depr,0.06,40,576,0.0,2,0.14007999,0.14008111,0.9883952,0.10270812,0.10270812,1.0,1.1231989e-06,1.0935833e-05,-26.698374,2.1745129,0.72483766,0.216,0.0,0.15792947,11.480073,11.500073,1846400
hardzero_plus_depr__c0p50__z1p00__lam0p020__nu0p50__psi0p75,hardzero_plus_depr,0.06,40,577,0.0,2,0.14008111,0.14008221,0.99079657,0.10214177,0.10214177,1.0,1.1003749e-06,1.0773017e-05,-27.612574,2.179796,0.7265987,0.17600001,0.0,0.12629326,11.500073,11.520074,1849600
hardzero_plus_depr__c0p50__z1p00__lam0p020__nu0p50__psi0p75,hardzero_plus_depr,0.06,40,578,0.0,2,0.14008221,0.14008221,1.014937,0.0,0.09661909,0.0,0.0,1.0612624e-05,-27.095495,2.232906,0.74430203,0.192,0.0,0.13980381,11.520074,11.540074,1852800
hardzero_plus_depr__c0p50__z1p00__lam0p020__nu0p50__psi0p75,hardzero_plus_depr,0.06,40,579,0.0,2,0.14008221,0.14008221,1.0207376,0.0,0.09533719,0.0,0.0,1.0454619e-05,-26.966852,2.2456677,0.7485559,0.16000001,0.0,0.16106321,11.540074,11.560075,1856000
hardzero_plus_depr__c0p50__z1p00__lam0p020__nu0p50__psi0p75,hardzero_plus_depr,0.06,40,580,0.0,2,0.14008221,0.14008221,1.0322812,0.0,0.09283652,0.0,0.0,1.0298965e-05,-27.30074,2.2710638,0.7570213,0.120000005,0.0,0.1636899,11.560075,11.580075,1859200
hardzero_plus_depr__c0p50__z1p00__lam0p020__nu0p50__psi0p75,hardzero_plus_depr,0.06,40,581,0.0,2,0.14008221,0.14008221,1.0176402,0.0,0.096019566,0.0,0.0,1.0145631e-05,-27.278212,2.2388532,0.7462844,0.16800001,0.0,0.15920837,11.580075,11.600076,1862400
hardzero_plus_depr__c0p50__z1p00__lam0p020__nu0p50__psi0p75,hardzero_plus_depr,0.06,40,582,0.0,2,0.14008221,0.14008221,1.0797187,0.0,0.08323026,0.0,0.0,9.994578e-06,-28.158663,2.3754287,0.79180956,0.128,0.008,0.21192117,11.600076,11.620076,1865600
hardzero_plus_depr__c0p50__z1p00__lam0p020__nu0p50__psi0p75,hardzero_plus_depr,0.06,40,583,0.0,2,0.14008221,0.14008221,1.0042043,0.0,0.09903659,0.0,0.0,9.845775e-06,-26.772392,2.2092936,0.73643124,0.18400002,0.0,0.16049261,11.620076,11.640077,1868800
hardzero_plus_depr__c0p50__z1p00__lam0p020__nu0p50__psi0p75,hardzero_plus_depr,0.06,40,584,0.0,2,0.14008221,0.14008221,1.0178217,0.0,0.09597947,0.0,0.0,9.699187e-06,-26.830719,2.2392523,0.74641746,0.080000006,0.0,0.139977,11.640077,11.660077,1872000
hardzero_plus_depr__c0p50__z1p00__lam0p020__nu0p50__psi0p75,hardzero_plus_depr,0.06,40,585,0.0,2,0.14008221,0.14008221,1.051309,0.0,0.08885687,0.0,0.0,9.554782e-06,-27.886757,2.312926,0.77097535,0.13,0.0,0.1253655,11.660077,11.680078,1875200
hardzero_plus_depr__c0p50__z1p00__lam0p020__nu0p50__psi0p75,hardzero_plus_depr,0.06,40,586,0.0,2,0.14008221,0.14008221,1.0216444,0.0,0.09513834,0.0,0.0,9.412526e-06,-26.594433,2.2476625,0.74922085,0.112,0.0,0.1355119,11.680078,11.700078,1878400
hardzero_plus_depr__c0p50__z1p00__lam0p020__nu0p50__psi0p75,hardzero_plus_depr,0.06,40,587,0.0,2,0.14008221,0.14008221,1.0268518,0.0,0.094004415,0.0,0.0,9.272389e-06,-27.42011,2.259119,0.7530397,0.16000001,0.0,0.17617105,11.700078,11.720078,1881600
hardzero_plus_depr__c0p50__z1p00__lam0p020__nu0p50__psi0p75,hardzero_plus_depr,0.06,40,588,0.0,2,0.14008221,0.14008221,1.0488625,0.0,0.089358844,0.0,0.0,9.134338e-06,-28.302107,2.3075435,0.7691812,0.15200001,0.0,0.16744128,11.720078,11.740079,1884800
hardzero_plus_depr__c0p50__z1p00__lam0p020__nu0p50__psi0p75,hardzero_plus_depr,0.06,40,589,0.0,2,0.14008221,0.14008221,1.0670462,0.0,0.08569466,0.0,0.0,8.998342e-06,-27.838184,2.3475485,0.7825162,0.080000006,0.0,0.1796514,11.740079,11.760079,1888000
hardzero_plus_depr__c0p50__z1p00__lam0p020__nu0p50__psi0p75,hardzero_plus_depr,0.06,40,590,0.0,2,0.14008221,0.14008221,1.0239555,0.0,0.09463341,0.0,0.0,8.864371e-06,-27.283384,2.252747,0.7509157,0.136,0.0,0.1382562,11.760079,11.78008,1891200
hardzero_plus_depr__c0p50__z1p00__lam0p020__nu0p50__psi0p75,hardzero_plus_depr,0.06,40,591,0.0,2,0.14008221,0.14008221,1.0337921,0.0,0.092514075,0.0,0.0,8.732395e-06,-26.69363,2.274388,0.75812936,0.18400002,0.0,0.15558617,11.78008,11.80008,1894400
hardzero_plus_depr__c0p50__z1p00__lam0p020__nu0p50__psi0p75,hardzero_plus_depr,0.06,40,592,0.0,2,0.14008221,0.14008221,1.0190331,0.0,0.0957121,0.0,0.0,8.602384e-06,-27.544294,2.2419176,0.74730587,0.2,0.0,0.17186,11.80008,11.820081,1897600
hardzero_plus_depr__c0p50__z1p00__lam0p020__nu0p50__psi0p75,hardzero_plus_depr,0.06,40,593,0.0,2,0.14008221,0.14008221,1.0532773,0.0,0.088455066,0.0,0.0,8.474308e-06,-27.712337,2.3172562,0.77241874,0.16800001,0.0,0.12505786,11.820081,11.840081,1900800
hardzero_plus_depr__c0p50__z1p00__lam0p020__nu0p50__psi0p75,hardzero_plus_depr,0.06,40,594,0.0,2,0.14008221,0.1400831,0.9680673,0.10762984,0.10762984,1.0,8.98509e-07,8.34814e-06,-26.071032,2.1297905,0.7099302,0.216,0.0,0.15395045,11.840081,11.860082,1904000
hardzero_plus_depr__c0p50__z1p00__lam0p020__nu0p50__psi0p75,hardzero_plus_depr,0.06,40,595,0.0,2,0.1400831,0.1400831,1.0123245,0.0,0.097202085,0.0,0.0,8.223849e-06,-27.589333,2.2271583,0.7423861,0.16000001,0.0,0.15786646,11.860082,11.880082,1907200
hardzero_plus_depr__c0p50__z1p00__lam0p020__nu0p50__psi0p75,hardzero_plus_depr,0.06,40,596,0.0,2,0.1400831,0.14008392,0.9936272,0.10147821,0.10147821,1.0,8.221165e-07,8.101409e-06,-26.710394,2.1860235,0.72867453,0.18400002,0.0,0.12868403,11.880082,11.900083,1910400
hardzero_plus_depr__c0p50__z1p00__lam0p020__nu0p50__psi0p75,hardzero_plus_depr,0.06,40,597,0.0,2,0.14008392,0.14008392,1.0113609,0.0,0.09741799,0.0,0.0,7.980792e-06,-25.764936,2.2250383,0.74167943,0.2,0.0,0.12117328,11.900083,11.920083,1913600
hardzero_plus_depr__c0p50__z1p00__lam0p020__nu0p50__psi0p75,hardzero_plus_depr,0.06,40,598,0.0,2,0.14008392,0.14008392,1.0111144,0.0,0.09747328,0.0,0.0,7.8619705e-06,-26.874237,2.224496,0.74149865,0.21,0.01,0.1340028,11.920083,11.9400835,1916800
hardzero_plus_depr__c0p50__z1p00__lam0p020__nu0p50__psi0p75,hardzero_plus_depr,0.06,40,599,0.0,2,0.14008392,0.14008473,0.9817942,0.10428114,0.10428114,1.0,8.07649e-07,7.744919e-06,-26.096277,2.1599903,0.7199968,0.23200001,0.0,0.12633422,11.9400835,11.960084,1920000
hardzero_plus_depr__c0p50__z1p00__lam0p020__nu0p50__psi0p75,hardzero_plus_depr,0.06,40,600,0.0,2,0.14008473,0.14008473,1.0370156,0.0,0.09182996,0.0,0.0,7.629609e-06,-27.324177,2.2814798,0.7604933,0.136,0.0,0.17850228,11.960084,11.980084,1923200
hardzero_plus_depr__c0p50__z1p00__lam0p020__nu0p50__psi0p75,hardzero_plus_depr,0.06,40,601,0.0,2,0.14008473,0.14008473,1.022542,0.0,0.094941914,0.0,0.0,7.5160165e-06,-27.457975,2.2496374,0.7498791,0.136,0.0,0.17899963,11.980084,12.000085,1926400
hardzero_plus_depr__c0p50__z1p00__lam0p020__nu0p50__psi0p75,hardzero_plus_depr,0.06,40,602,0.0,2,0.14008473,0.14008556,0.9487005,0.11253807,0.11253807,1.0,8.3324477e-07,7.4041145e-06,-26.42278,2.0871828,0.6957276,0.18400002,0.0,0.14051948,12.000085,12.020085,1929600
hardzero_plus_depr__c0p50__z1p00__lam0p020__nu0p50__psi0p75,hardzero_plus_depr,0.06,40,603,0.0,2,0.14008556,0.14008632,0.98223644,0.10417502,0.10417502,1.0,7.5984e-07,7.2938797e-06,-27.315344,2.1609633,0.7203211,0.16000001,0.0,0.13979009,12.020085,12.040086,1932800
hardzero_plus_depr__c0p50__z1p00__lam0p020__nu0p50__psi0p75,hardzero_plus_depr,0.06,40,604,0.0,2,0.14008632,0.14008632,1.0148293,0.0,0.096643075,0.0,0.0,7.1852855e-06,-27.38316,2.2326689,0.744223,0.16000001,0.0,0.14819889,12.040086,12.060086,1936000
hardzero_plus_depr__c0p50__z1p00__lam0p020__nu0p50__psi0p75,hardzero_plus_depr,0.06,40,605,0.0,2,0.14008632,0.14008632,1.0473698,0.0,0.08966648,0.0,0.0,7.078308e-06,-27.61441,2.3042598,0.7680866,0.104,0.0,0.1564868,12.060086,12.080087,1939200
hardzero_plus_depr__c0p50__z1p00__lam0p020__nu0p50__psi0p75,hardzero_plus_depr,0.06,40,606,0.0,2,0.14008632,0.14008632,1.0851896,0.0,0.08218838,0.0,0.0,6.972923e-06,-28.0889,2.3874648,0.7958216,0.112,0.0,0.14141835,12.080087,12.100087,1942400
hardzero_plus_depr__c0p50__z1p00__lam0p020__nu0p50__psi0p75,hardzero_plus_depr,0.06,40,607,0.0,2,0.14008632,0.14008632,1.0407567,0.0,0.0910423,0.0,0.0,6.869108e-06,-27.798338,2.2897105,0.7632369,0.120000005,0.0,0.1434773,12.100087,12.120088,1945600
hardzero_plus_depr__c0p50__z1p00__lam0p020__nu0p50__psi0p75,hardzero_plus_depr,0.06,40,608,0.0,2,0.14008632,0.14008632,1.0341817,0.0,0.09243113,0.0,0.0,6.766838e-06,-27.673903,2.2752452,0.7584151,0.17600001,0.0,0.14271094,12.120088,12.140088,1948800
hardzero_plus_depr__c0p50__z1p00__lam0p020__nu0p50__psi0p75,hardzero_plus_depr,0.06,40,609,0.0,2,0.14008632,0.14008632,1.0136061,0.0,0.09691565,0.0,0.0,6.666091e-06,-27.875256,2.2299778,0.74332595,0.136,0.0,0.14220859,12.140088,12.160089,1952000
hardzero_plus_depr__c0p50__z1p00__lam0p020__nu0p50__psi0p75,hardzero_plus_depr,0.06,40,610,0.0,2,0.14008632,0.14008632,1.0123597,0.0,0.09719418,0.0,0.0,6.5668423e-06,-26.7601,2.2272358,0.742412,0.14400001,0.0,0.14056788,12.160089,12.180089,1955200
hardzero_plus_depr__c0p50__z1p00__lam0p020__nu0p50__psi0p75,hardzero_plus_depr,0.06,40,611,0.0,2,0.14008632,0.14008632,1.0046904,0.0,0.09892579,0.0,0.0,6.469073e-06,-27.463253,2.2103631,0.73678774,0.14999999,0.0,0.15759382,12.180089,12.200089,1958400
hardzero_plus_depr__c0p50__z1p00__lam0p020__nu0p50__psi0p75,hardzero_plus_depr,0.06,40,612,0.0,2,0.14008632,0.14008632,1.0561657,0.0,0.08786871,0.0,0.0,6.372759e-06,-27.710033,2.323611,0.774537,0.112,0.0,0.16349146,12.200089,12.22009,1961600
hardzero_plus_depr__c0p50__z1p00__lam0p020__nu0p50__psi0p75,hardzero_plus_depr,0.06,40,613,0.0,2,0.14008632,0.14008632,1.0333871,0.0,0.092600405,0.0,0.0,6.277879e-06,-27.180376,2.2734969,0.7578323,0.15200001,0.0,0.14488076,12.22009,12.24009,1964800
hardzero_plus_depr__c0p50__z1p00__lam0p020__nu0p50__psi0p75,hardzero_plus_depr,0.06,40,614,0.0,2,0.14008632,0.14008632,1.041126,0.0,0.090964936,0.0,0.0,6.184411e-06,-28.350603,2.290523,0.7635077,0.136,0.0,0.14791301,12.24009,12.260091,1968000
hardzero_plus_depr__c0p50__z1p00__lam0p020__nu0p50__psi0p75,hardzero_plus_depr,0.06,40,615,0.0,2,0.14008632,0.14008632,1.0246279,0.0,0.094487004,0.0,0.0,6.0923353e-06,-27.06181,2.2542264,0.7514088,0.136,0.0,0.13053414,12.260091,12.280091,1971200
hardzero_plus_depr__c0p50__z1p00__lam0p020__nu0p50__psi0p75,hardzero_plus_depr,0.06,40,616,0.0,2,0.14008632,0.14008701,0.9420351,0.11427859,0.11427859,1.0,6.8585786e-07,6.0016305e-06,-25.852236,2.0725186,0.6908395,0.208,0.0,0.12592423,12.280091,12.300092,1974400
hardzero_plus_depr__c0p50__z1p00__lam0p020__nu0p50__psi0p75,hardzero_plus_depr,0.06,40,617,0.0,2,0.14008701,0.14008701,1.0459028,0.0,0.08996988,0.0,0.0,5.9122754e-06,-27.867762,2.3010323,0.7670108,0.128,0.0,0.13397726,12.300092,12.320092,1977600
hardzero_plus_depr__c0p50__z1p00__lam0p020__nu0p50__psi0p75,hardzero_plus_depr,0.06,40,618,0.0,2,0.14008701,0.14008701,1.0057659,0.0,0.098681115,0.0,0.0,5.8242513e-06,-26.931828,2.2127292,0.7375764,0.112,0.0,0.14337133,12.320092,12.340093,1980800
hardzero_plus_depr__c0p50__z1p00__lam0p020__nu0p50__psi0p75,hardzero_plus_depr,0.06,40,619,0.0,2,0.14008701,0.14008701,1.0315149,0.0,0.09300046,0.0,0.0,5.7375373e-06,-26.60146,2.2693782,0.7564594,0.136,0.0,0.14545101,12.340093,12.360093,1984000
hardzero_plus_depr__c0p50__z1p00__lam0p020__nu0p50__psi0p75,hardzero_plus_depr,0.06,40,620,0.0,2,0.14008701,0.1400876,0.97470236,0.10599799,0.10599799,1.0,5.9911275e-07,5.6521144e-06,-26.086388,2.144388,0.714796,0.2,0.008,0.11753906,12.360093,12.380094,1987200
hardzero_plus_depr__c0p50__z1p00__lam0p020__nu0p50__psi0p75,hardzero_plus_depr,0.06,40,621,0.0,2,0.1400876,0.1400876,1.0013043,0.0,0.09970013,0.0,0.0,5.567964e-06,-25.815962,2.2029133,0.7343044,0.15200001,0.0,0.10997648,12.380094,12.400094,1990400
hardzero_plus_depr__c0p50__z1p00__lam0p020__nu0p50__psi0p75,hardzero_plus_depr,0.06,40,622,0.0,2,0.1400876,0.1400876,1.036762,0.0,0.0918836,0.0,0.0,5.4850657e-06,-27.225555,2.280922,0.7603073,0.128,0.0,0.136269,12.400094,12.4200945,1993600
hardzero_plus_depr__c0p50__z1p00__lam0p020__nu0p50__psi0p75,hardzero_plus_depr,0.06,40,623,0.0,2,0.1400876,0.14008816,0.9946589,0.10123743,0.10123743,1.0,5.4702656e-07,5.403402e-06,-26.344698,2.1882932,0.7294311,0.14400001,0.0,0.14529364,12.4200945,12.440095,1996800
hardzero_plus_depr__c0p50__z1p00__lam0p020__nu0p50__psi0p75,hardzero_plus_depr,0.06,40,624,0.0,2,0.14008816,0.14008869,0.99936235,0.10014693,0.10014693,1.0,5.330775e-07,5.322954e-06,-27.271254,2.198641,0.73288035,0.24,0.0,0.15359183,12.440095,12.460095,2000000
hardzero_plus_depr__c0p50__z1p00__lam0p020__nu0p50__psi0p75,hardzero_plus_depr,0.06,40,625,0.0,2,0.14008869,0.14008869,1.0567604,0.0,0.08774846,0.0,0.0,5.2437035e-06,-27.620749,2.3249195,0.77497315,0.136,0.0,0.14727993,12.460095,12.480096,2003200
hardzero_plus_depr__c0p50__z1p00__lam0p020__nu0p50__psi0p75,hardzero_plus_depr,0.06,40,626,0.0,2,0.14008869,0.14008869,1.0152801,0.0,0.09654278,0.0,0.0,5.1656334e-06,-27.349867,2.233661,0.7445537,0.16000001,0.0,0.15270327,12.480096,12.500096,2006400
hardzero_plus_depr__c0p50__z1p00__lam0p020__nu0p50__psi0p75,hardzero_plus_depr,0.06,40,627,0.0,2,0.14008869,0.14008869,1.058561,0.0,0.087385416,0.0,0.0,5.0887247e-06,-27.4126,2.3288805,0.7762935,0.120000005,0.0,0.14797764,12.500096,12.520097,2009600
hardzero_plus_depr__c0p50__z1p00__lam0p020__nu0p50__psi0p75,hardzero_plus_depr,0.06,40,628,0.0,2,0.14008869,0.14008869,1.0484041,0.0,0.08945321,0.0,0.0,5.0129624e-06,-27.410196,2.306535,0.768845,0.16000001,0.0,0.15643363,12.520097,12.540097,2012800
hardzero_plus_depr__c0p50__z1p00__lam0p020__nu0p50__psi0p75,hardzero_plus_depr,0.06,40,629,0.0,2,0.14008869,0.14008869,1.0183202,0.0,0.09586935,0.0,0.0,4.9383275e-06,-26.456974,2.240349,0.746783,0.16000001,0.0,0.11311226,12.540097,12.560098,2016000
hardzero_plus_depr__c0p50__z1p00__lam0p020__nu0p50__psi0p75,hardzero_plus_depr,0.06,40,630,0.0,2,0.14008869,0.14008869,1.0027657,0.0,0.099365205,0.0,0.0,4.864803e-06,-27.098454,2.2061286,0.73537624,0.136,0.0,0.13705693,12.560098,12.580098,2019200
hardzero_plus_depr__c0p50__z1p00__lam0p020__nu0p50__psi0p75,hardzero_plus_depr,0.06,40,631,0.0,2,0.14008869,0.14008869,1.0659205,0.0,0.08591708,0.0,0.0,4.7923745e-06,-27.999094,2.3450718,0.7816906,0.120000005,0.0,0.14917403,12.580098,12.600099,2022400
hardzero_plus_depr__c0p50__z1p00__lam0p020__nu0p50__psi0p75,hardzero_plus_depr,0.06,40,632,0.0,2,0.14008869,0.1400892,0.9648462,0.10843107,0.10843107,1.0,5.119057e-07,4.7210237e-06,-26.802273,2.122704,0.70756805,0.208,0.0,0.13581482,12.600099,12.620099,2025600
hardzero_plus_depr__c0p50__z1p00__lam0p020__nu0p50__psi0p75,hardzero_plus_depr,0.06,40,633,0.0,2,0.1400892,0.14008969,0.979797,0.1047618,0.1047618,1.0,4.872194e-07,4.6507353e-06,-26.189798,2.1555965,0.7185322,0.17600001,0.0,0.1304707,12.620099,12.6401,2028800
hardzero_plus_depr__c0p50__z1p00__lam0p020__nu0p50__psi0p75,hardzero_plus_depr,0.06,40,634,0.0,2,0.14008969,0.14008969,1.0212145,0.0,0.09523257,0.0,0.0,4.5814927e-06,-27.447638,2.2467167,0.7489056,0.14400001,0.0,0.1464624,12.6401,12.6601,2032000
hardzero_plus_depr__c0p50__z1p00__lam0p020__nu0p50__psi0p75,hardzero_plus_depr,0.06,40,635,0.0,2,0.14008969,0.14009015,0.9962155,0.10087523,0.10087523,1.0,4.5527835e-07,4.513282e-06,-26.611032,2.1917179,0.73057264,0.136,0.0,0.1552178,12.6601,12.6801,2035200
hardzero_plus_depr__c0p50__z1p00__lam0p020__nu0p50__psi0p75,hardzero_plus_depr,0.06,40,636,0.0,2,0.14009015,0.14009015,1.010708,0.0,0.09756453,0.0,0.0,4.4460867e-06,-27.502895,2.223602,0.7412007,0.16800001,0.0,0.1656899,12.6801,12.700101,2038400
hardzero_plus_depr__c0p50__z1p00__lam0p020__nu0p50__psi0p75,hardzero_plus_depr,0.06,40,637,0.0,2,0.14009015,0.14009015,1.0226562,0.0,0.09491695,0.0,0.0,4.3798914e-06,-27.43832,2.2498887,0.7499629,0.17999999,0.0,0.16126613,12.700101,12.720101,2041600
hardzero_plus_depr__c0p50__z1p00__lam0p020__nu0p50__psi0p75,hardzero_plus_depr,0.06,40,638,0.0,2,0.14009015,0.14009015,1.0088868,0.0,0.09797451,0.0,0.0,4.314682e-06,-26.622116,2.2195954,0.7398652,0.128,0.0,0.15540138,12.720101,12.740102,2044800
hardzero_plus_depr__c0p50__z1p00__lam0p020__nu0p50__psi0p75,hardzero_plus_depr,0.06,40,639,0.0,2,0.14009015,0.14009015,1.0090123,0.0,0.097946204,0.0,0.0,4.250443e-06,-27.33417,2.2198715,0.7399572,0.136,0.0,0.13208552,12.740102,12.760102,2048000
hardzero_plus_depr__c0p50__z1p00__lam0p020__nu0p50__psi0p75,hardzero_plus_depr,0.06,40,640,0.0,2,0.14009015,0.14009015,1.0466312,0.0,0.08981912,0.0,0.0,4.187161e-06,-27.33282,2.3026347,0.7675449,0.14400001,0.0,0.14250712,12.760102,12.780103,2051200
hardzero_plus_depr__c0p50__z1p00__lam0p020__nu0p50__psi0p75,hardzero_plus_depr,0.06,40,641,0.0,2,0.14009015,0.14009015,1.0595207,0.0,0.08719251,0.0,0.0,4.1248204e-06,-27.64357,2.3309922,0.77699745,0.128,0.0,0.159272,12.780103,12.800103,2054400
hardzero_plus_depr__c0p50__z1p00__lam0p020__nu0p50__psi0p75,hardzero_plus_depr,0.06,40,642,0.0,2,0.14009015,0.14009015,1.0079484,0.0,0.09818645,0.0,0.0,4.0634086e-06,-26.56263,2.2175307,0.7391769,0.17600001,0.0,0.14744757,12.800103,12.820104,2057600
hardzero_plus_depr__c0p50__z1p00__lam0p020__nu0p50__psi0p75,hardzero_plus_depr,0.06,40,643,0.0,2,0.14009015,0.14009015,1.0048687,0.0,0.09888519,0.0,0.0,4.0029113e-06,-26.822178,2.2107553,0.73691845,0.17600001,0.0,0.13163224,12.820104,12.840104,2060800
hardzero_plus_depr__c0p50__z1p00__lam0p020__nu0p50__psi0p75,hardzero_plus_depr,0.06,40,644,0.0,2,0.14009015,0.14009055,0.9868106,0.10308356,0.10308356,1.0,4.0649084e-07,3.943314e-06,-26.920395,2.1710267,0.7236756,0.224,0.0,0.17161542,12.840104,12.860105,2064000
hardzero_plus_depr__c0p50__z1p00__lam0p020__nu0p50__psi0p75,hardzero_plus_depr,0.06,40,645,0.0,2,0.14009055,0.14009055,1.0494204,0.0,0.08924413,0.0,0.0,3.8846047e-06,-28.11377,2.308771,0.7695903,0.208,0.0,0.17918724,12.860105,12.880105,2067200
hardzero_plus_depr__c0p50__z1p00__lam0p020__nu0p50__psi0p75,hardzero_plus_depr,0.06,40,646,0.0,2,0.14009055,0.14009055,1.0136483,0.0,0.09690624,0.0,0.0,3.826769e-06,-27.293451,2.2300708,0.74335694,0.2,0.0,0.15576859,12.880105,12.900105,2070400
hardzero_plus_depr__c0p50__z1p00__lam0p020__nu0p50__psi0p75,hardzero_plus_depr,0.06,40,647,0.0,2,0.14009055,0.14009055,1.012411,0.0,0.09718271,0.0,0.0,3.7697944e-06,-27.054771,2.2273486,0.7424495,0.16800001,0.0,0.1508758,12.900105,12.920106,2073600
hardzero_plus_depr__c0p50__z1p00__lam0p020__nu0p50__psi0p75,hardzero_plus_depr,0.06,40,648,0.0,2,0.14009055,0.14009055,1.0335337,0.0,0.09256914,0.0,0.0,3.713668e-06,-26.75426,2.2738194,0.7579398,0.23200001,0.0,0.15730254,12.920106,12.940106,2076800
hardzero_plus_depr__c0p50__z1p00__lam0p020__nu0p50__psi0p75,hardzero_plus_depr,0.06,40,649,0.0,2,0.14009055,0.14009055,1.046896,0.0,0.08976439,0.0,0.0,3.6583779e-06,-27.150084,2.3032172,0.76773906,0.112,0.0,0.16706604,12.940106,12.960107,2080000
hardzero_plus_depr__c0p50__z1p00__lam0p020__nu0p50__psi0p75,hardzero_plus_depr,0.06,40,650,0.0,2,0.14009055,0.14009055,1.002008,0.0,0.09953872,0.0,0.0,3.60391e-06,-26.70561,2.2044616,0.73482054,0.14999999,0.0,0.14649074,12.960107,12.980107,2083200
hardzero_plus_depr__c0p50__z1p00__lam0p020__nu0p50__psi0p75,hardzero_plus_depr,0.06,40,651,0.0,2,0.14009055,0.14009055,1.0626756,0.0,0.08656141,0.0,0.0,3.550254e-06,-27.391659,2.337933,0.77931106,0.136,0.0,0.13400027,12.980107,13.000108,2086400
hardzero_plus_depr__c0p50__z1p00__lam0p020__nu0p50__psi0p75,hardzero_plus_depr,0.06,40,652,0.0,2,0.14009055,0.14009094,0.95593166,0.110679805,0.110679805,1.0,3.8709115e-07,3.4973964e-06,-26.381666,2.1030917,0.7010306,0.18400002,0.0,0.13520582,13.000108,13.020108,2089600
hardzero_plus_depr__c0p50__z1p00__lam0p020__nu0p50__psi0p75,hardzero_plus_depr,0.06,40,653,0.0,2,0.14009094,0.14009094,1.0485926,0.0,0.089414395,0.0,0.0,3.4453258e-06,-26.687634,2.3069496,0.76898324,0.096,0.0,0.13741812,13.020108,13.040109,2092800
hardzero_plus_depr__c0p50__z1p00__lam0p020__nu0p50__psi0p75,hardzero_plus_depr,0.06,40,654,0.0,2,0.14009094,0.14009129,0.9876569,0.102882884,0.102882884,1.0,3.4918764e-07,3.3940305e-06,-26.214342,2.1728885,0.7242962,0.16800001,0.0,0.14275894,13.040109,13.060109,2096000
hardzero_plus_depr__c0p50__z1p00__lam0p020__nu0p50__psi0p75,hardzero_plus_depr,0.06,40,655,0.0,2,0.14009129,0.14009129,1.0818468,0.0,0.08282341,0.0,0.0,3.3434985e-06,-28.380898,2.3801105,0.7933702,0.16000001,0.0,0.16368702,13.060109,13.08011,2099200
hardzero_plus_depr__c0p50__z1p00__lam0p020__nu0p50__psi0p75,hardzero_plus_depr,0.06,40,656,0.0,2,0.14009129,0.14009129,1.0039942,0.0,0.09908452,0.0,0.0,3.2937191e-06,-26.975306,2.2088313,0.7362771,0.17600001,0.0,0.14775985,13.08011,13.10011,2102400
hardzero_plus_depr__c0p50__z1p00__lam0p020__nu0p50__psi0p75,hardzero_plus_depr,0.06,40,657,0.0,2,0.14009129,0.14009129,1.0348929,0.0,0.09227989,0.0,0.0,3.244681e-06,-27.243185,2.27681,0.75893664,0.15200001,0.0,0.13973962,13.10011,13.1201105,2105600
hardzero_plus_depr__c0p50__z1p00__lam0p020__nu0p50__psi0p75,hardzero_plus_depr,0.06,40,658,0.0,2,0.14009129,0.14009129,1.0442035,0.0,0.090322606,0.0,0.0,3.196373e-06,-28.013762,2.2972937,0.7657646,0.120000005,0.0,0.16445515,13.1201105,13.140111,2108800
hardzero_plus_depr__c0p50__z1p00__lam0p020__nu0p50__psi0p75,hardzero_plus_depr,0.06,40,659,0.0,2,0.14009129,0.14009129,1.025998,0.0,0.09418939,0.0,0.0,3.1487841e-06,-27.80852,2.2572405,0.7524135,0.16000001,0.0,0.15092072,13.140111,13.160111,2112000
hardzero_plus_depr__c0p50__z1p00__lam0p020__nu0p50__psi0p75,hardzero_plus_depr,0.06,40,660,0.0,2,0.14009129,0.14009129,1.0002321,0.0,0.09994656,0.0,0.0,3.1019038e-06,-26.953646,2.2005546,0.73351824,0.14400001,0.0,0.14495492,13.160111,13.180112,2115200
hardzero_plus_depr__c0p50__z1p00__lam0p020__nu0p50__psi0p75,hardzero_plus_depr,0.06,40,661,0.0,2,0.14009129,0.1400916,0.98594767,0.10328858,0.10328858,1.0,3.1562112e-07,3.0557212e-06,-26.25468,2.1691282,0.7230427,0.24800001,0.008,0.14339323,13.180112,13.200112,2118400
hardzero_plus_depr__c0p50__z1p00__lam0p020__nu0p50__psi0p75,hardzero_plus_depr,0.06,40,662,0.0,2,0.1400916,0.1400916,1.0539968,0.0,0.08830864,0.0,0.0,3.0102267e-06,-27.807377,2.3188393,0.7729465,0.104,0.0,0.13919629,13.200112,13.220113,2121600
hardzero_plus_depr__c0p50__z1p00__lam0p020__nu0p50__psi0p75,hardzero_plus_depr,0.06,40,663,0.0,2,0.1400916,0.1400916,1.0442563,0.0,0.09031163,0.0,0.0,2.9654093e-06,-27.503437,2.2974098,0.7658033,0.19,0.0,0.13496959,13.220113,13.240113,2124800
hardzero_plus_depr__c0p50__z1p00__lam0p020__nu0p50__psi0p75,hardzero_plus_depr,0.06,40,664,0.0,2,0.1400916,0.1400919,0.99292105,0.10164335,0.10164335,1.0,2.9692657e-07,2.921259e-06,-26.763817,2.18447,0.7281567,0.18400002,0.0,0.13451923,13.240113,13.260114,2128000
hardzero_plus_depr__c0p50__z1p00__lam0p020__nu0p50__psi0p75,hardzero_plus_depr,0.06,40,665,0.0,2,0.1400919,0.1400919,1.0044615,0.0,0.09897796,0.0,0.0,2.877766e-06,-26.699045,2.2098594,0.73661983,0.16000001,0.0,0.14523888,13.260114,13.280114,2131200
hardzero_plus_depr__c0p50__z1p00__lam0p020__nu0p50__psi0p75,hardzero_plus_depr,0.06,40,666,0.0,2,0.1400919,0.14009218,0.9925216,0.10173689,0.10173689,1.0,2.88416e-07,2.8349207e-06,-26.77935,2.1835911,0.7278637,0.18400002,0.0,0.13839124,13.280114,13.300115,2134400
hardzero_plus_depr__c0p50__z1p00__lam0p020__nu0p50__psi0p75,hardzero_plus_depr,0.06,40,667,0.0,2,0.14009218,0.14009218,1.0611407,0.0,0.08686789,0.0,0.0,2.7927133e-06,-27.65929,2.334556,0.77818537,0.104,0.0,0.1482809,13.300115,13.320115,2137600
hardzero_plus_depr__c0p50__z1p00__lam0p020__nu0p50__psi0p75,hardzero_plus_depr,0.06,40,668,0.0,2,0.14009218,0.14009246,0.9879239,0.102819644,0.102819644,1.0,2.8287064e-07,2.7511344e-06,-26.970423,2.173476,0.724492,0.14400001,0.0,0.12336286,13.320115,13.340116,2140800
hardzero_plus_depr__c0p50__z1p00__lam0p020__nu0p50__psi0p75,hardzero_plus_depr,0.06,40,669,0.0,2,0.14009246,0.14009246,1.0660101,0.0,0.08589934,0.0,0.0,2.7101744e-06,-28.643679,2.3452692,0.7817564,0.16800001,0.0,0.17617735,13.340116,13.360116,2144000
hardzero_plus_depr__c0p50__z1p00__lam0p020__nu0p50__psi0p75,hardzero_plus_depr,0.06,40,670,0.0,2,0.14009246,0.14009275,0.98346144,0.10388158,0.10388158,1.0,2.7734555e-07,2.669824e-06,-26.09586,2.1636584,0.7212195,0.15200001,0.0,0.11804512,13.360116,13.380116,2147200
hardzero_plus_depr__c0p50__z1p00__lam0p020__nu0p50__psi0p75,hardzero_plus_depr,0.06,40,671,0.0,2,0.14009275,0.14009303,0.9682693,0.10757979,0.10757979,1.0,2.829429e-07,2.6300747e-06,-26.338968,2.130235,0.71007836,0.15200001,0.0,0.13512489,13.380116,13.400117,2150400
hardzero_plus_depr__c0p50__z1p00__lam0p020__nu0p50__psi0p75,hardzero_plus_depr,0.06,40,672,0.0,2,0.14009303,0.14009303,1.0353158,0.0,0.0921901,0.0,0.0,2.5909171e-06,-26.867748,2.2777402,0.75924677,0.16000001,0.0,0.14281873,13.400117,13.420117,2153600
hardzero_plus_depr__c0p50__z1p00__lam0p020__nu0p50__psi0p75,hardzero_plus_depr,0.06,40,673,0.0,2,0.14009303,0.14009303,1.0226887,0.0,0.09490984,0.0,0.0,2.5523423e-06,-27.998089,2.2499602,0.74998677,0.136,0.0,0.15636313,13.420117,13.440118,2156800
hardzero_plus_depr__c0p50__z1p00__lam0p020__nu0p50__psi0p75,hardzero_plus_depr,0.06,40,674,0.0,2,0.14009303,0.14009303,1.0322658,0.0,0.09283979,0.0,0.0,2.5143422e-06,-27.217052,2.27103,0.75701,0.136,0.0,0.15389118,13.440118,13.460118,2160000
hardzero_plus_depr__c0p50__z1p00__lam0p020__nu0p50__psi0p75,hardzero_plus_depr,0.06,40,675,0.0,2,0.14009303,0.14009328,0.994184,0.10134818,0.10134818,1.0,2.5103006e-07,2.4769076e-06,-27.267168,2.1872485,0.7290828,0.16000001,0.0,0.15043122,13.460118,13.480119,2163200
hardzero_plus_depr__c0p50__z1p00__lam0p020__nu0p50__psi0p75,hardzero_plus_depr,0.06,40,676,0.0,2,0.14009328,0.14009328,1.0336863,0.0,0.09253664,0.0,0.0,2.4400304e-06,-27.410667,2.2741551,0.75805175,0.17,0.0,0.14462404,13.480119,13.500119,2166400
hardzero_plus_depr__c0p50__z1p00__lam0p020__nu0p50__psi0p75,hardzero_plus_depr,0.06,40,677,0.0,2,0.14009328,0.14009328,1.0553107,0.0,0.08804187,0.0,0.0,2.4037024e-06,-28.418943,2.32173,0.77391,0.17600001,0.008,0.13308726,13.500119,13.52012,2169600
hardzero_plus_depr__c0p50__z1p00__lam0p020__nu0p50__psi0p75,hardzero_plus_depr,0.06,40,678,0.0,2,0.14009328,0.14009328,1.0384661,0.0,0.09152376,0.0,0.0,2.367915e-06,-27.498932,2.284671,0.76155704,0.17600001,0.0,0.15032639,13.52012,13.54012,2172800
hardzero_plus_depr__c0p50__z1p00__lam0p020__nu0p50__psi0p75,hardzero_plus_depr,0.06,40,679,0.0,2,0.14009328,0.14009328,1.0506458,0.0,0.08899266,0.0,0.0,2.3326604e-06,-28.032082,2.311467,0.770489,0.14400001,0.0,0.15465823,13.54012,13.560121,2176000
hardzero_plus_depr__c0p50__z1p00__lam0p020__nu0p50__psi0p75,hardzero_plus_depr,0.06,40,680,0.0,2,0.14009328,0.14009328,1.0359417,0.0,0.09205731,0.0,0.0,2.297931e-06,-27.78907,2.2791173,0.7597058,0.120000005,0.0,0.14129747,13.560121,13.580121,2179200
hardzero_plus_depr__c0p50__z1p00__lam0p020__nu0p50__psi0p75,hardzero_plus_depr,0.06,40,681,0.0,2,0.14009328,0.14009328,1.057268,0.0,0.08764597,0.0,0.0,2.2637184e-06,-27.831512,2.3260362,0.77534544,0.16000001,0.008,0.15679838,13.580121,13.6001215,2182400
hardzero_plus_depr__c0p50__z1p00__lam0p020__nu0p50__psi0p75,hardzero_plus_depr,0.06,40,682,0.0,2,0.14009328,0.1400935,0.9967888,0.10074214,0.10074214,1.0,2.2465652e-07,2.2300153e-06,-26.828909,2.192979,0.73099303,0.192,0.0,0.16225831,13.6001215,13.620122,2185600
hardzero_plus_depr__c0p50__z1p00__lam0p020__nu0p50__psi0p75,hardzero_plus_depr,0.06,40,683,0.0,2,0.1400935,0.14009374,0.9782042,0.10514672,0.10514672,1.0,2.3098777e-07,2.1968137e-06,-26.888588,2.1520922,0.7173641,0.128,0.0,0.17230642,13.620122,13.640122,2188800
hardzero_plus_depr__c0p50__z1p00__lam0p020__nu0p50__psi0p75,hardzero_plus_depr,0.06,40,684,0.0,2,0.14009374,0.14009398,0.9588673,0.109934166,0.109934166,1.0,2.3790929e-07,2.164107e-06,-26.033802,2.1095502,0.7031834,0.192,0.008,0.117616706,13.640122,13.660123,2192000
hardzero_plus_depr__c0p50__z1p00__lam0p020__nu0p50__psi0p75,hardzero_plus_depr,0.06,40,685,0.0,2,0.14009398,0.14009424,0.931531,0.1170763,0.1170763,1.0,2.495934e-07,2.1318867e-06,-26.107212,2.0494092,0.6831364,0.16800001,0.0,0.11763333,13.660123,13.680123,2195200
hardzero_plus_depr__c0p50__z1p00__lam0p020__nu0p50__psi0p75,hardzero_plus_depr,0.06,40,686,0.0,2,0.14009424,0.14009424,1.0411768,0.0,0.09095429,0.0,0.0,2.1001465e-06,-27.009193,2.2906346,0.7635449,0.14400001,0.0,0.1364331,13.680123,13.700124,2198400
hardzero_plus_depr__c0p50__z1p00__lam0p020__nu0p50__psi0p75,hardzero_plus_depr,0.06,40,687,0.0,2,0.14009424,0.14009424,1.0467193,0.0,0.0898009,0.0,0.0,2.0688788e-06,-27.483023,2.3028286,0.76760954,0.128,0.0,0.1383492,13.700124,13.720124,2201600
hardzero_plus_depr__c0p50__z1p00__lam0p020__nu0p50__psi0p75,hardzero_plus_depr,0.06,40,688,0.0,2,0.14009424,0.14009424,1.0099953,0.0,0.09772477,0.0,0.0,2.0380762e-06,-27.280514,2.2220342,0.7406781,0.104,0.0,0.123217456,13.720124,13.740125,2204800
hardzero_plus_depr__c0p50__z1p00__lam0p020__nu0p50__psi0p75,hardzero_plus_depr,0.06,40,689,0.0,2,0.14009424,0.14009424,1.0135112,0.0,0.096936844,0.0,0.0,2.0077325e-06,-27.086655,2.2297692,0.74325645,0.16,0.0,0.17521206,13.740125,13.760125,2208000
hardzero_plus_depr__c0p50__z1p00__lam0p020__nu0p50__psi0p75,hardzero_plus_depr,0.06,40,690,0.0,2,0.14009424,0.14009424,1.0685588,0.0,0.08539672,0.0,0.0,1.9778408e-06,-27.782885,2.3508763,0.7836255,0.096,0.0,0.15131468,13.760125,13.780126,2211200
hardzero_plus_depr__c0p50__z1p00__lam0p020__nu0p50__psi0p75,hardzero_plus_depr,0.06,40,691,0.0,2,0.14009424,0.14009424,1.0041924,0.0,0.09903931,0.0,0.0,1.948394e-06,-27.563341,2.2092674,0.7364225,0.136,0.0,0.14618161,13.780126,13.800126,2214400
hardzero_plus_depr__c0p50__z1p00__lam0p020__nu0p50__psi0p75,hardzero_plus_depr,0.06,40,692,0.0,2,0.14009424,0.14009443,0.9823019,0.10415931,0.10415931,1.0,1.9992187e-07,1.9193856e-06,-27.141365,2.1611073,0.7203691,0.17600001,0.0,0.1278209,13.800126,13.820127,2217600
hardzero_plus_depr__c0p50__z1p00__lam0p020__nu0p50__psi0p75,hardzero_plus_depr,0.06,40,693,0.0,2,0.14009443,0.14009443,1.0215012,0.0,0.09516972,0.0,0.0,1.8908087e-06,-27.279715,2.2473476,0.7491159,0.192,0.0,0.15817069,13.820127,13.840127,2220800
hardzero_plus_depr__c0p50__z1p00__lam0p020__nu0p50__psi0p75,hardzero_plus_depr,0.06,40,694,0.0,2,0.14009443,0.14009462,0.9854817,0.10339946,0.10339946,1.0,1.925978e-07,1.8626577e-06,-27.382011,2.168103,0.722701,0.18400002,0.008,0.16263483,13.840127,13.860127,2224000
hardzero_plus_depr__c0p50__z1p00__lam0p020__nu0p50__psi0p75,hardzero_plus_depr,0.06,40,695,0.0,2,0.14009462,0.14009462,1.0458297,0.0,0.08998504,0.0,0.0,1.8349258e-06,-27.635532,2.3008711,0.76695704,0.136,0.0,0.18345515,13.860127,13.880128,2227200
hardzero_plus_depr__c0p50__z1p00__lam0p020__nu0p50__psi0p75,hardzero_plus_depr,0.06,40,696,0.0,2,0.14009462,0.14009462,1.0348028,0.0,0.09229905,0.0,0.0,1.8076066e-06,-27.69233,2.2766116,0.75887054,0.112,0.0,0.20790742,13.880128,13.900128,2230400
hardzero_plus_depr__c0p50__z1p00__lam0p020__nu0p50__psi0p75,hardzero_plus_depr,0.06,40,697,0.0,2,0.14009462,0.14009462,1.0177838,0.0,0.09598784,0.0,0.0,1.7806942e-06,-25.930153,2.239169,0.7463896,0.15200001,0.0,0.15945607,13.900128,13.920129,2233600
hardzero_plus_depr__c0p50__z1p00__lam0p020__nu0p50__psi0p75,hardzero_plus_depr,0.06,40,698,0.0,2,0.14009462,0.14009462,1.0475378,0.0,0.08963181,0.0,0.0,1.7541827e-06,-27.153708,2.304629,0.7682097,0.14400001,0.0,0.1232949,13.920129,13.940129,2236800
hardzero_plus_depr__c0p50__z1p00__lam0p020__nu0p50__psi0p75,hardzero_plus_depr,0.06,40,699,0.0,2,0.14009462,0.1400948,0.98592675,0.10329356,0.10329356,1.0,1.7849807e-07,1.7280657e-06,-27.099834,2.1690822,0.7230274,0.16000001,0.0,0.12919673,13.940129,13.96013,2240000
hardzero_plus_depr__c0p50__z1p00__lam0p020__nu0p50__psi0p75,hardzero_plus_depr,0.06,40,700,0.0,2,0.1400948,0.14009498,0.9627091,0.10896597,0.10896597,1.0,1.8549684e-07,1.7023374e-06,-26.5042,2.1180024,0.7060008,0.17600001,0.0,0.17961422,13.96013,13.98013,2243200
hardzero_plus_depr__c0p50__z1p00__lam0p020__nu0p50__psi0p75,hardzero_plus_depr,0.06,40,701,0.0,2,0.14009498,0.14009498,1.114626,0.0,0.076802246,0.0,0.0,1.6769923e-06,-28.312916,2.4522262,0.81740874,0.128,0.0,0.16617522,13.98013,14.000131,2246400
hardzero_plus_depr__c0p50__z1p00__lam0p020__nu0p50__psi0p75,hardzero_plus_depr,0.06,40,702,0.0,2,0.14009498,0.14009498,1.0006356,0.0,0.09985374,0.0,0.0,1.6520246e-06,-26.658861,2.2014422,0.7338141,0.19999999,0.0,0.14311546,14.000131,14.020131,2249600
hardzero_plus_depr__c0p50__z1p00__lam0p020__nu0p50__psi0p75,hardzero_plus_depr,0.06,40,703,0.0,2,0.14009498,0.14009516,0.94521356,0.11344527,0.11344527,1.0,1.846241e-07,1.6274288e-06,-26.266111,2.0795114,0.6931705,0.24800001,0.008,0.13314146,14.020131,14.040132,2252800
hardzero_plus_depr__c0p50__z1p00__lam0p020__nu0p50__psi0p75,hardzero_plus_depr,0.06,40,704,0.0,2,0.14009516,0.14009516,1.0388974,0.0,0.09143292,0.0,0.0,1.6031989e-06,-27.851297,2.28562,0.76187336,0.136,0.0,0.13021901,14.040132,14.060132,2256000
hardzero_plus_depr__c0p50__z1p00__lam0p020__nu0p50__psi0p75,hardzero_plus_depr,0.06,40,705,0.0,2,0.14009516,0.14009516,1.0151415,0.0,0.096573606,0.0,0.0,1.5793297e-06,-27.13108,2.2333558,0.74445194,0.15200001,0.0,0.14043841,14.060132,14.0801325,2259200
hardzero_plus_depr__c0p50__z1p00__lam0p020__nu0p50__psi0p75,hardzero_plus_depr,0.06,40,706,0.0,2,0.14009516,0.14009532,0.9885783,0.10266483,0.10266483,1.0,1.5972759e-07,1.5558161e-06,-26.482285,2.1749158,0.72497195,0.192,0.0,0.12759602,14.0801325,14.100133,2262400
hardzero_plus_depr__c0p50__z1p00__lam0p020__nu0p50__psi0p75,hardzero_plus_depr,0.06,40,707,0.0,2,0.14009532,0.14009532,1.0186818,0.0,0.09578956,0.0,0.0,1.5326526e-06,-27.178541,2.2411447,0.74704826,0.16800001,0.0,0.14613633,14.100133,14.120133,2265600
hardzero_plus_depr__c0p50__z1p00__lam0p020__nu0p50__psi0p75,hardzero_plus_depr,0.06,40,708,0.0,2,0.14009532,0.14009532,1.0855722,0.0,0.082115985,0.0,0.0,1.5098339e-06,-28.493486,2.3883066,0.7961022,0.14400001,0.0,0.16148537,14.120133,14.140134,2268800
hardzero_plus_depr__c0p50__z1p00__lam0p020__nu0p50__psi0p75,hardzero_plus_depr,0.06,40,709,0.0,2,0.14009532,0.14009532,1.0191618,0.0,0.09568374,0.0,0.0,1.4873548e-06,-27.387278,2.2422009,0.7474003,0.15200001,0.0,0.13897781,14.140134,14.160134,2272000
hardzero_plus_depr__c0p50__z1p00__lam0p020__nu0p50__psi0p75,hardzero_plus_depr,0.06,40,710,0.0,2,0.14009532,0.14009532,1.0201273,0.0,0.09547127,0.0,0.0,1.4652104e-06,-27.382505,2.244325,0.7481083,0.208,0.0,0.15319622,14.160134,14.180135,2275200
hardzero_plus_depr__c0p50__z1p00__lam0p020__nu0p50__psi0p75,hardzero_plus_depr,0.06,40,711,0.0,2,0.14009532,0.14009532,1.0302049,0.0,0.09328141,0.0,0.0,1.4433958e-06,-27.331923,2.266496,0.75549865,0.18400002,0.0,0.16679649,14.180135,14.200135,2278400
hardzero_plus_depr__c0p50__z1p00__lam0p020__nu0p50__psi0p75,hardzero_plus_depr,0.06,40,712,0.0,2,0.14009532,0.14009532,1.0196627,0.0,0.09557344,0.0,0.0,1.421906e-06,-27.57163,2.2433028,0.7477676,0.192,0.0,0.14763044,14.200135,14.220136,2281600
hardzero_plus_depr__c0p50__z1p00__lam0p020__nu0p50__psi0p75,hardzero_plus_depr,0.06,40,713,0.0,2,0.14009532,0.14009532,1.0154654,0.0,0.09650161,0.0,0.0,1.4007361e-06,-27.049778,2.2340684,0.74468946,0.208,0.0,0.16053365,14.220136,14.240136,2284800
hardzero_plus_depr__c0p50__z1p00__lam0p020__nu0p50__psi0p75,hardzero_plus_depr,0.06,40,714,0.0,2,0.14009532,0.14009532,1.0174726,0.0,0.09605664,0.0,0.0,1.3798814e-06,-27.177713,2.2384844,0.74616146,0.18400002,0.0,0.15889305,14.240136,14.260137,2288000
hardzero_plus_depr__c0p50__z1p00__lam0p020__nu0p50__psi0p75,hardzero_plus_depr,0.06,40,715,0.0,2,0.14009532,0.14009532,1.119321,0.0,0.07597645,0.0,0.0,1.359337e-06,-29.369398,2.4625554,0.8208518,0.13,0.0,0.14721103,14.260137,14.280137,2291200
hardzero_plus_depr__c0p50__z1p00__lam0p020__nu0p50__psi0p75,hardzero_plus_depr,0.06,40,716,0.0,2,0.14009532,0.14009532,1.0734915,0.0,0.084432274,0.0,0.0,1.3390987e-06,-28.211569,2.3617284,0.7872428,0.14400001,0.0,0.1528092,14.280137,14.3001375,2294400
hardzero_plus_depr__c0p50__z1p00__lam0p020__nu0p50__psi0p75,hardzero_plus_depr,0.06,40,717,0.0,2,0.14009532,0.14009532,1.0647082,0.0,0.08615724,0.0,0.0,1.3191618e-06,-28.399693,2.3424048,0.78080165,0.120000005,0.0,0.15048721,14.3001375,14.320138,2297600
hardzero_plus_depr__c0p50__z1p00__lam0p020__nu0p50__psi0p75,hardzero_plus_depr,0.06,40,718,0.0,2,0.14009532,0.14009532,1.0148505,0.0,0.09663835,0.0,0.0,1.2995215e-06,-27.360497,2.2327156,0.74423856,0.128,0.0,0.14221504,14.320138,14.340138,2300800
hardzero_plus_depr__c0p50__z1p00__lam0p020__nu0p50__psi0p75,hardzero_plus_depr,0.06,40,719,0.0,2,0.14009532,0.14009532,1.0210555,0.0,0.09526745,0.0,0.0,1.2801736e-06,-26.403973,2.2463667,0.74878895,0.216,0.0,0.13717294,14.340138,14.360139,2304000
hardzero_plus_depr__c0p50__z1p00__lam0p020__nu0p50__psi0p75,hardzero_plus_depr,0.06,40,720,0.0,2,0.14009532,0.14009544,0.9984913,0.100348,0.100348,1.0,1.2655028e-07,1.261114e-06,-27.45247,2.1967247,0.7322416,0.128,0.0,0.15391609,14.360139,14.380139,2307200
hardzero_plus_depr__c0p50__z1p00__lam0p020__nu0p50__psi0p75,hardzero_plus_depr,0.06,40,721,0.0,2,0.14009544,0.14009544,1.0133929,0.0,0.09696324,0.0,0.0,1.2423379e-06,-27.68278,2.2295089,0.74316967,0.16000001,0.0,0.13642739,14.380139,14.40014,2310400
hardzero_plus_depr__c0p50__z1p00__lam0p020__nu0p50__psi0p75,hardzero_plus_depr,0.06,40,722,0.0,2,0.14009544,0.14009544,1.0432795,0.0,0.09051497,0.0,0.0,1.2238415e-06,-26.984446,2.2952607,0.7650869,0.216,0.0,0.16252136,14.40014,14.42014,2313600
hardzero_plus_depr__c0p50__z1p00__lam0p020__nu0p50__psi0p75,hardzero_plus_depr,0.06,40,723,0.0,2,0.14009544,0.14009544,1.0535173,0.0,0.088406175,0.0,0.0,1.2056205e-06,-27.748781,2.3177845,0.77259487,0.16000001,0.0,0.17314194,14.42014,14.440141,2316800
hardzero_plus_depr__c0p50__z1p00__lam0p020__nu0p50__psi0p75,hardzero_plus_depr,0.06,40,724,0.0,2,0.14009544,0.14009544,1.0628397,0.0,0.08652871,0.0,0.0,1.1876707e-06,-28.200916,2.338294,0.77943134,0.120000005,0.0,0.15083857,14.440141,14.460141,2320000
hardzero_plus_depr__c0p50__z1p00__lam0p020__nu0p50__psi0p75,hardzero_plus_depr,0.06,40,725,0.0,2,0.14009544,0.14009544,1.039667,0.0,0.09127103,0.0,0.0,1.1699883e-06,-27.701748,2.287313,0.7624377,0.14400001,0.0,0.14999993,14.460141,14.480142,2323200
hardzero_plus_depr__c0p50__z1p00__lam0p020__nu0p50__psi0p75,hardzero_plus_depr,0.06,40,726,0.0,2,0.14009544,0.14009544,1.0085818,0.0,0.09804338,0.0,0.0,1.152569e-06,-26.553282,2.218924,0.73964137,0.128,0.0,0.11941483,14.480142,14.500142,2326400
hardzero_plus_depr__c0p50__z1p00__lam0p020__nu0p50__psi0p75,hardzero_plus_depr,0.06,40,727,0.0,2,0.14009544,0.14009544,1.001115,0.0,0.0997436,0.0,0.0,1.1354092e-06,-26.824667,2.202497,0.73416567,0.136,0.0,0.14178416,14.500142,14.520143,2329600
hardzero_plus_depr__c0p50__z1p00__lam0p020__nu0p50__psi0p75,hardzero_plus_depr,0.06,40,728,0.0,2,0.14009544,0.14009556,0.9850174,0.10351007,0.10351007,1.0,1.15776494e-07,1.1185047e-06,-26.538609,2.1670816,0.72236055,0.17999999,0.0,0.1301642,14.520143,14.540143,2332800
hardzero_plus_depr__c0p50__z1p00__lam0p020__nu0p50__psi0p75,hardzero_plus_depr,0.06,40,729,0.0,2,0.14009556,0.14009556,1.0043429,0.0,0.099004984,0.0,0.0,1.1018519e-06,-26.78844,2.2095985,0.73653287,0.17600001,0.0,0.13916415,14.540143,14.560143,2336000
hardzero_plus_depr__c0p50__z1p00__lam0p020__nu0p50__psi0p75,hardzero_plus_depr,0.06,40,730,0.0,2,0.14009556,0.14009556,1.0895592,0.0,0.08136558,0.0,0.0,1.0854471e-06,-28.416937,2.397078,0.799026,0.136,0.0,0.15880981,14.560143,14.580144,2339200
hardzero_plus_depr__c0p50__z1p00__lam0p020__nu0p50__psi0p75,hardzero_plus_depr,0.06,40,731,0.0,2,0.14009556,0.14009556,1.0555228,0.0,0.08799888,0.0,0.0,1.0692866e-06,-27.74487,2.3221965,0.7740655,0.120000005,0.0,0.18567984,14.580144,14.600144,2342400
hardzero_plus_depr__c0p50__z1p00__lam0p020__nu0p50__psi0p75,hardzero_plus_depr,0.06,40,732,0.0,2,0.14009556,0.14009567,0.98877144,0.10261919,0.10261919,1.0,1.08095634e-07,1.0533666e-06,-26.881247,2.1753407,0.7251136,0.15200001,0.0,0.1385338,14.600144,14.620145,2345600
hardzero_plus_depr__c0p50__z1p00__lam0p020__nu0p50__psi0p75,hardzero_plus_depr,0.06,40,733,0.0,2,0.14009567,0.14009567,1.0188051,0.0,0.09576237,0.0,0.0,1.0376837e-06,-27.743986,2.241416,0.7471387,0.128,0.0,0.16019015,14.620145,14.640145,2348800
hardzero_plus_depr__c0p50__z1p00__lam0p020__nu0p50__psi0p75,hardzero_plus_depr,0.06,40,734,0.0,2,0.14009567,0.14009567,1.0484,0.0,0.08945404,0.0,0.0,1.0222342e-06,-28.22864,2.3065262,0.7688421,0.14400001,0.0,0.16076624,14.640145,14.660146,2352000
hardzero_plus_depr__c0p50__z1p00__lam0p020__nu0p50__psi0p75,hardzero_plus_depr,0.06,40,735,0.0,2,0.14009567,0.14009567,1.0128729,0.0,0.0970794,0.0,0.0,1.0070147e-06,-27.543465,2.228365,0.7427883,0.192,0.008,0.18506666,14.660146,14.680146,2355200
hardzero_plus_depr__c0p50__z1p00__lam0p020__nu0p50__psi0p75,hardzero_plus_depr,0.06,40,736,0.0,2,0.14009567,0.14009567,1.0310558,0.0,0.09309882,0.0,0.0,9.92022e-07,-27.242353,2.268368,0.7561227,0.128,0.0,0.14215003,14.680146,14.700147,2358400
hardzero_plus_depr__c0p50__z1p00__lam0p020__nu0p50__psi0p75,hardzero_plus_depr,0.06,40,737,0.0,2,0.14009567,0.14009577,0.9687264,0.10746661,0.10746661,1.0,1.0502199e-07,9.772523e-07,-25.70149,2.1312406,0.7104136,0.16000001,0.0,0.11948031,14.700147,14.720147,2361600
hardzero_plus_depr__c0p50__z1p00__lam0p020__nu0p50__psi0p75,hardzero_plus_depr,0.06,40,738,0.0,2,0.14009577,0.14009587,0.9865788,0.10313857,0.10313857,1.0,9.9291775e-08,9.627026e-07,-26.084124,2.1705167,0.7235056,0.128,0.0,0.12411977,14.720147,14.740148,2364800
hardzero_plus_depr__c0p50__z1p00__lam0p020__nu0p50__psi0p75,hardzero_plus_depr,0.06,40,739,0.0,2,0.14009587,0.14009587,1.0660183,0.0,0.08589772,0.0,0.0,9.483694e-07,-27.664751,2.345287,0.78176236,0.15200001,0.0,0.17008191,14.740148,14.760148,2368000
hardzero_plus_depr__c0p50__z1p00__lam0p020__nu0p50__psi0p75,hardzero_plus_depr,0.06,40,740,0.0,2,0.14009587,0.14009587,1.0091156,0.0,0.09792292,0.0,0.0,9.3424984e-07,-27.55349,2.2200985,0.74003285,0.192,0.0,0.12272471,14.760148,14.7801485,2371200
hardzero_plus_depr__c0p50__z1p00__lam0p020__nu0p50__psi0p75,hardzero_plus_depr,0.06,40,741,0.0,2,0.14009587,0.14009587,1.0592867,0.0,0.08723951,0.0,0.0,9.2034037e-07,-28.133652,2.3304772,0.7768258,0.12,0.0,0.15388598,14.7801485,14.800149,2374400
hardzero_plus_depr__c0p50__z1p00__lam0p020__nu0p50__psi0p75,hardzero_plus_depr,0.06,40,742,0.0,2,0.14009587,0.14009596,0.9897479,0.10238871,0.10238871,1.0,9.282948e-08,9.0663787e-07,-26.36382,2.1774888,0.7258296,0.208,0.0,0.14188899,14.800149,14.820149,2377600
hardzero_plus_depr__c0p50__z1p00__lam0p020__nu0p50__psi0p75,hardzero_plus_depr,0.06,40,743,0.0,2,0.14009596,0.14009596,1.0632105,0.0,0.08645487,0.0,0.0,8.9313943e-07,-28.010918,2.3391097,0.77970326,0.104,0.0,0.1424627,14.820149,14.84015,2380800
hardzero_plus_depr__c0p50__z1p00__lam0p020__nu0p50__psi0p75,hardzero_plus_depr,0.06,40,744,0.0,2,0.14009596,0.14009596,1.0251558,0.0,0.09437223,0.0,0.0,8.798421e-07,-26.836916,2.2553878,0.75179595,0.112,0.0,0.1470744,14.84015,14.86015,2384000
hardzero_plus_depr__c0p50__z1p00__lam0p020__nu0p50__psi0p75,hardzero_plus_depr,0.06,40,745,0.0,2,0.14009596,0.14009596,1.0310687,0.0,0.09309607,0.0,0.0,8.6674265e-07,-27.900684,2.2683964,0.7561321,0.104,0.0,0.138446,14.86015,14.880151,2387200
hardzero_plus_depr__c0p50__z1p00__lam0p020__nu0p50__psi0p75,hardzero_plus_depr,0.06,40,746,0.0,2,0.14009596,0.14009596,1.0086949,0.0,0.098017834,0.0,0.0,8.538383e-07,-26.237116,2.219173,0.73972434,0.16000001,0.0,0.14710976,14.880151,14.900151,2390400
hardzero_plus_depr__c0p50__z1p00__lam0p020__nu0p50__psi0p75,hardzero_plus_depr,0.06,40,747,0.0,2,0.14009596,0.14009596,1.0313064,0.0,0.09304512,0.0,0.0,8.4112594e-07,-28.041641,2.2689192,0.7563064,0.14400001,0.0,0.14052008,14.900151,14.920152,2393600
hardzero_plus_depr__c0p50__z1p00__lam0p020__nu0p50__psi0p75,hardzero_plus_depr,0.06,40,748,0.0,2,0.14009596,0.14009605,0.9477502,0.112784594,0.112784594,1.0,9.345364e-08,8.286029e-07,-25.681215,2.085092,0.6950307,0.2,0.0,0.12175031,14.920152,14.940152,2396800
hardzero_plus_depr__c0p50__z1p00__lam0p020__nu0p50__psi0p75,hardzero_plus_depr,0.06,40,749,0.0,2,0.14009605,0.14009605,1.0583557,0.0,0.087426744,0.0,0.0,8.162664e-07,-28.204044,2.328429,0.776143,0.14400001,0.0,0.18275453,14.940152,14.960153,2400000
hardzero_plus_depr__c0p50__z1p00__lam0p020__nu0p50__psi0p75,hardzero_plus_depr,0.06,40,750,0.0,2,0.14009605,0.14009614,0.9448658,0.11353616,0.11353616,1.0,9.129595e-08,8.041135e-07,-26.23147,2.0787463,0.69291544,0.224,0.0,0.124721505,14.960153,14.980153,2403200
hardzero_plus_depr__c0p50__z1p00__lam0p020__nu0p50__psi0p75,hardzero_plus_depr,0.06,40,751,0.0,2,0.14009614,0.14009614,1.0326005,0.0,0.09276828,0.0,0.0,7.921416e-07,-27.656012,2.2717664,0.7572555,0.136,0.0,0.14174268,14.980153,15.000154,2406400
hardzero_plus_depr__c0p50__z1p00__lam0p020__nu0p50__psi0p75,hardzero_plus_depr,0.06,40,752,0.0,2,0.14009614,0.14009614,1.0844344,0.0,0.08233141,0.0,0.0,7.8034776e-07,-27.410406,2.3858032,0.79526776,0.048,0.0,0.13970433,15.000154,15.020154,2409600
hardzero_plus_depr__c0p50__z1p00__lam0p020__nu0p50__psi0p75,hardzero_plus_depr,0.06,40,753,0.0,2,0.14009614,0.14009614,1.0464758,0.0,0.08985127,0.0,0.0,7.6872965e-07,-27.726646,2.3022926,0.7674309,0.128,0.0,0.16909528,15.020154,15.040154,2412800
hardzero_plus_depr__c0p50__z1p00__lam0p020__nu0p50__psi0p75,hardzero_plus_depr,0.06,40,754,0.0,2,0.14009614,0.14009623,0.9414256,0.11443907,0.11443907,1.0,8.6662936e-08,7.572845e-07,-26.400053,2.0711777,0.6903926,0.13,0.0,0.14311163,15.040154,15.060155,2416000
hardzero_plus_depr__c0p50__z1p00__lam0p020__nu0p50__psi0p75,hardzero_plus_depr,0.06,40,755,0.0,2,0.14009623,0.14009623,1.0429102,0.0,0.09059198,0.0,0.0,7.4600973e-07,-28.24611,2.2944484,0.76481616,0.16000001,0.0,0.14319956,15.060155,15.080155,2419200
hardzero_plus_depr__c0p50__z1p00__lam0p020__nu0p50__psi0p75,hardzero_plus_depr,0.06,40,756,0.0,2,0.14009623,0.14009623,1.0594968,0.0,0.08719734,0.0,0.0,7.3490287e-07,-26.873796,2.3309393,0.7769798,0.14400001,0.0,0.1382896,15.080155,15.100156,2422400
hardzero_plus_depr__c0p50__z1p00__lam0p020__nu0p50__psi0p75,hardzero_plus_depr,0.06,40,757,0.0,2,0.14009623,0.14009623,1.0683213,0.0,0.08544342,0.0,0.0,7.239613e-07,-28.01984,2.350354,0.7834513,0.136,0.0,0.14323784,15.100156,15.120156,2425600
hardzero_plus_depr__c0p50__z1p00__lam0p020__nu0p50__psi0p75,hardzero_plus_depr,0.06,40,758,0.0,2,0.14009623,0.1400963,0.9901433,0.102295525,0.102295525,1.0,7.29554e-08,7.131827e-07,-26.739384,2.1783588,0.72611964,0.192,0.0,0.16263306,15.120156,15.140157,2428800
hardzero_plus_depr__c0p50__z1p00__lam0p020__nu0p50__psi0p75,hardzero_plus_depr,0.06,40,759,0.0,2,0.1400963,0.14009638,0.9950666,0.10114244,0.10114244,1.0,7.105909e-08,7.0256453e-07,-25.883469,2.1891901,0.72973007,0.128,0.0,0.14349385,15.140157,15.160157,2432000
hardzero_plus_depr__c0p50__z1p00__lam0p020__nu0p50__psi0p75,hardzero_plus_depr,0.06,40,760,0.0,2,0.14009638,0.14009646,0.99813753,0.10042976,0.10042976,1.0,6.9507884e-08,6.921045e-07,-26.782705,2.1959465,0.7319822,0.192,0.0,0.1422921,15.160157,15.180158,2435200
hardzero_plus_depr__c0p50__z1p00__lam0p020__nu0p50__psi0p75,hardzero_plus_depr,0.06,40,761,0.0,2,0.14009646,0.14009646,1.0149544,0.0,0.09661522,0.0,0.0,6.818002e-07,-26.982864,2.2329445,0.74431485,0.14400001,0.0,0.16693518,15.180158,15.200158,2438400
hardzero_plus_depr__c0p50__z1p00__lam0p020__nu0p50__psi0p75,hardzero_plus_depr,0.06,40,762,0.0,2,0.14009646,0.14009646,1.0111552,0.0,0.0974641,0.0,0.0,6.716493e-07,-27.095482,2.224586,0.7415287,0.120000005,0.0,0.16102563,15.200158,15.220159,2441600
hardzero_plus_depr__c0p50__z1p00__lam0p020__nu0p50__psi0p75,hardzero_plus_depr,0.06,40,763,0.0,2,0.14009646,0.14009653,0.9729529,0.106425844,0.106425844,1.0,7.0416604e-08,6.616495e-07,-25.828236,2.1405392,0.7135131,0.16000001,0.0,0.13381521,15.220159,15.240159,2444800
hardzero_plus_depr__c0p50__z1p00__lam0p020__nu0p50__psi0p75,hardzero_plus_depr,0.06,40,764,0.0,2,0.14009653,0.1400966,0.9847869,0.103565015,0.103565015,1.0,6.750353e-08,6.517986e-07,-26.929497,2.1665745,0.7221915,0.128,0.0,0.1286555,15.240159,15.2601595,2448000
hardzero_plus_depr__c0p50__z1p00__lam0p020__nu0p50__psi0p75,hardzero_plus_depr,0.06,40,765,0.0,2,0.1400966,0.14009666,0.9981589,0.10042483,0.10042483,1.0,6.448222e-08,6.420944e-07,-27.07662,2.1959934,0.73199785,0.2,0.0,0.15328881,15.2601595,15.28016,2451200
hardzero_plus_depr__c0p50__z1p00__lam0p020__nu0p50__psi0p75,hardzero_plus_depr,0.06,40,766,0.0,2,0.14009666,0.14009666,1.0550076,0.0,0.08810335,0.0,0.0,6.325346e-07,-27.542171,2.321063,0.7736877,0.128,0.0,0.16629255,15.28016,15.30016,2454400
hardzero_plus_depr__c0p50__z1p00__lam0p020__nu0p50__psi0p75,hardzero_plus_depr,0.06,40,767,0.0,2,0.14009666,0.14009674,0.96099246,0.10939754,0.10939754,1.0,6.816748e-08,6.2311716e-07,-26.02043,2.1142256,0.7047419,0.22,0.0,0.13091275,15.30016,15.320161,2457600
hardzero_plus_depr__c0p50__z1p00__lam0p020__nu0p50__psi0p75,hardzero_plus_depr,0.06,40,768,0.0,2,0.14009674,0.14009674,1.0025373,0.0,0.09941748,0.0,0.0,6.138399e-07,-26.698435,2.205626,0.7352087,0.16000001,0.0,0.15220916,15.320161,15.340161,2460800
hardzero_plus_depr__c0p50__z1p00__lam0p020__nu0p50__psi0p75,hardzero_plus_depr,0.06,40,769,0.0,2,0.14009674,0.14009674,1.0011284,0.0,0.099740505,0.0,0.0,6.0470086e-07,-27.462643,2.2025266,0.73417556,0.2,0.0,0.16454443,15.340161,15.360162,2464000
hardzero_plus_depr__c0p50__z1p00__lam0p020__nu0p50__psi0p75,hardzero_plus_depr,0.06,40,770,0.0,2,0.14009674,0.14009674,1.0541781,0.0,0.08827178,0.0,0.0,5.956978e-07,-27.35201,2.3192382,0.7730794,0.08800001,0.0,0.13819608,15.360162,15.380162,2467200
hardzero_plus_depr__c0p50__z1p00__lam0p020__nu0p50__psi0p75,hardzero_plus_depr,0.06,40,771,0.0,2,0.14009674,0.1400968,0.99039245,0.10223686,0.10223686,1.0,5.999554e-08,5.868289e-07,-25.924877,2.178907,0.7263023,0.15200001,0.0,0.13582084,15.380162,15.400163,2470400
hardzero_plus_depr__c0p50__z1p00__lam0p020__nu0p50__psi0p75,hardzero_plus_depr,0.06,40,772,0.0,2,0.1400968,0.1400968,1.0198267,0.0,0.09553737,0.0,0.0,5.7809194e-07,-27.22288,2.2436635,0.74788785,0.136,0.0,0.1423665,15.400163,15.420163,2473600
hardzero_plus_depr__c0p50__z1p00__lam0p020__nu0p50__psi0p75,hardzero_plus_depr,0.06,40,773,0.0,2,0.1400968,0.14009686,0.9684042,0.107546374,0.107546374,1.0,6.124605e-08,5.69485e-07,-27.293814,2.1305318,0.7101773,0.2,0.0,0.16280277,15.420163,15.440164,2476800
hardzero_plus_depr__c0p50__z1p00__lam0p020__nu0p50__psi0p75,hardzero_plus_depr,0.06,40,774,0.0,2,0.14009686,0.14009686,1.0168082,0.0,0.09620371,0.0,0.0,5.6100635e-07,-28.103992,2.2370226,0.74567425,0.128,0.0,0.17021482,15.440164,15.460164,2480000
hardzero_plus_depr__c0p50__z1p00__lam0p020__nu0p50__psi0p75,hardzero_plus_depr,0.06,40,775,0.0,2,0.14009686,0.14009686,1.0042797,0.0,0.099019386,0.0,0.0,5.5265383e-07,-26.498775,2.2094595,0.73648655,0.216,0.0,0.12924981,15.460164,15.480165,2483200
hardzero_plus_depr__c0p50__z1p00__lam0p020__nu0p50__psi0p75,hardzero_plus_depr,0.06,40,776,0.0,2,0.14009686,0.14009686,1.0199108,0.0,0.09551888,0.0,0.0,5.4442575e-07,-26.775583,2.2438486,0.74794954,0.136,0.0,0.1438355,15.480165,15.500165,2486400
hardzero_plus_depr__c0p50__z1p00__lam0p020__nu0p50__psi0p75,hardzero_plus_depr,0.06,40,777,0.0,2,0.14009686,0.14009686,1.0372584,0.0,0.091778636,0.0,0.0,5.3632004e-07,-28.078035,2.2820141,0.7606714,0.15200001,0.0,0.15671057,15.500165,15.520165,2489600
hardzero_plus_depr__c0p50__z1p00__lam0p020__nu0p50__psi0p75,hardzero_plus_depr,0.06,40,778,0.0,2,0.14009686,0.14009686,1.0358088,0.0,0.09208549,0.0,0.0,5.2833514e-07,-27.753262,2.2788248,0.75960827,0.112,0.0,0.15034768,15.520165,15.540166,2492800
hardzero_plus_depr__c0p50__z1p00__lam0p020__nu0p50__psi0p75,hardzero_plus_depr,0.06,40,779,0.0,2,0.14009686,0.14009686,1.0237857,0.0,0.094670415,0.0,0.0,5.2046903e-07,-26.303337,2.2523735,0.7507912,0.128,0.0,0.1728033,15.540166,15.560166,2496000
hardzero_plus_depr__c0p50__z1p00__lam0p020__nu0p50__psi0p75,hardzero_plus_depr,0.06,40,780,0.0,2,0.14009686,0.14009686,1.0339798,0.0,0.09247412,0.0,0.0,5.1272013e-07,-27.625267,2.274801,0.75826705,0.17999999,0.0,0.15354604,15.560166,15.580167,2499200
hardzero_plus_depr__c0p50__z1p00__lam0p020__nu0p50__psi0p75,hardzero_plus_depr,0.06,40,781,0.0,2,0.14009686,0.14009686,1.0405751,0.0,0.09108039,0.0,0.0,5.050865e-07,-27.600632,2.289311,0.76310366,0.112,0.0,0.14110528,15.580167,15.600167,2502400
hardzero_plus_depr__c0p50__z1p00__lam0p020__nu0p50__psi0p75,hardzero_plus_depr,0.06,40,782,0.0,2,0.14009686,0.14009692,0.94893837,0.11247645,0.11247645,1.0,5.5964524e-08,4.975666e-07,-26.091194,2.087706,0.69590205,0.17600001,0.0,0.12849177,15.600167,15.620168,2505600
hardzero_plus_depr__c0p50__z1p00__lam0p020__nu0p50__psi0p75,hardzero_plus_depr,0.06,40,783,0.0,2,0.14009692,0.14009692,1.0313157,0.0,0.093043126,0.0,0.0,4.9015864e-07,-28.41331,2.2689397,0.75631326,0.17600001,0.0,0.15769549,15.620168,15.640168,2508800
hardzero_plus_depr__c0p50__z1p00__lam0p020__nu0p50__psi0p75,hardzero_plus_depr,0.06,40,784,0.0,2,0.14009692,0.14009692,1.0312283,0.0,0.09306184,0.0,0.0,4.8286097e-07,-27.903538,2.2687476,0.7562492,0.16000001,0.0,0.19132195,15.640168,15.660169,2512000
hardzero_plus_depr__c0p50__z1p00__lam0p020__nu0p50__psi0p75,hardzero_plus_depr,0.06,40,785,0.0,2,0.14009692,0.14009692,1.0363364,0.0,0.09197368,0.0,0.0,4.7567195e-07,-27.639675,2.2799857,0.7599952,0.096,0.0,0.13424139,15.660169,15.680169,2515200
hardzero_plus_depr__c0p50__z1p00__lam0p020__nu0p50__psi0p75,hardzero_plus_depr,0.06,40,786,0.0,2,0.14009692,0.14009696,0.9906841,0.10216824,0.10216824,1.0,4.787501e-08,4.6858995e-07,-26.816126,2.1795485,0.7265162,0.16000001,0.0,0.14338619,15.680169,15.70017,2518400
hardzero_plus_depr__c0p50__z1p00__lam0p020__nu0p50__psi0p75,hardzero_plus_depr,0.06,40,787,0.0,2,0.14009696,0.140097,0.9949675,0.101165496,0.101165496,1.0,4.669935e-08,4.6161338e-07,-26.652311,2.1889722,0.7296574,0.136,0.0,0.10725693,15.70017,15.72017,2521600
hardzero_plus_depr__c0p50__z1p00__lam0p020__nu0p50__psi0p75,hardzero_plus_depr,0.06,40,788,0.0,2,0.140097,0.14009705,0.9921434,0.101825505,0.101825505,1.0,4.6304198e-08,4.5474067e-07,-26.607712,2.182759,0.7275864,0.192,0.0,0.13554423,15.72017,15.7401705,2524800
hardzero_plus_depr__c0p50__z1p00__lam0p020__nu0p50__psi0p75,hardzero_plus_depr,0.06,40,789,0.0,2,0.14009705,0.14009705,1.0095166,0.0,0.097832546,0.0,0.0,4.4797034e-07,-26.629099,2.220981,0.740327,0.128,0.0,0.13148059,15.7401705,15.760171,2528000
hardzero_plus_depr__c0p50__z1p00__lam0p020__nu0p50__psi0p75,hardzero_plus_depr,0.06,40,790,0.0,2,0.14009705,0.1400971,0.9798097,0.104758754,0.104758754,1.0,4.623012e-08,4.4130078e-07,-26.757729,2.1556244,0.7185415,0.17600001,0.0,0.15395091,15.760171,15.780171,2531200
hardzero_plus_depr__c0p50__z1p00__lam0p020__nu0p50__psi0p75,hardzero_plus_depr,0.06,40,791,0.0,2,0.1400971,0.14009714,0.98842514,0.102701046,0.102701046,1.0,4.4647276e-08,4.347305e-07,-27.058168,2.1745787,0.7248596,0.23200001,0.008,0.14339346,15.780171,15.800172,2534400
hardzero_plus_depr__c0p50__z1p00__lam0p020__nu0p50__psi0p75,hardzero_plus_depr,0.06,40,792,0.0,2,0.14009714,0.14009719,0.9926454,0.10170788,0.10170788,1.0,4.3557222e-08,4.2825806e-07,-26.445618,2.1838634,0.7279545,0.14400001,0.0,0.124153964,15.800172,15.820172,2537600
hardzero_plus_depr__c0p50__z1p00__lam0p020__nu0p50__psi0p75,hardzero_plus_depr,0.06,40,793,0.0,2,0.14009719,0.14009719,1.0200524,0.0,0.09548773,0.0,0.0,4.2188196e-07,-26.361284,2.2441602,0.74805343,0.17999999,0.0,0.16896501,15.820172,15.840173,2540800
hardzero_plus_depr__c0p50__z1p00__lam0p020__nu0p50__psi0p75,hardzero_plus_depr,0.06,40,794,0.0,2,0.14009719,0.14009719,1.0412763,0.0,0.09093345,0.0,0.0,4.1560082e-07,-27.729643,2.2908537,0.76361793,0.18400002,0.0,0.15577544,15.840173,15.860173,2544000
hardzero_plus_depr__c0p50__z1p00__lam0p020__nu0p50__psi0p75,hardzero_plus_depr,0.06,40,795,0.0,2,0.14009719,0.14009723,0.97361225,0.10626438,0.10626438,1.0,4.3506045e-08,4.0941325e-07,-27.38304,2.1419897,0.7139966,0.16000001,0.0,0.12937222,15.860173,15.880174,2547200
hardzero_plus_depr__c0p50__z1p00__lam0p020__nu0p50__psi0p75,hardzero_plus_depr,0.06,40,796,0.0,2,0.14009723,0.14009723,1.0274279,0.0,0.093879774,0.0,0.0,4.0331773e-07,-27.61322,2.2603865,0.7534622,0.2,0.0,0.15394267,15.880174,15.900174,2550400
hardzero_plus_depr__c0p50__z1p00__lam0p020__nu0p50__psi0p75,hardzero_plus_depr,0.06,40,797,0.0,2,0.14009723,0.14009723,1.1028835,0.0,0.07890718,0.0,0.0,3.9731293e-07,-28.068432,2.426392,0.80879736,0.112,0.0,0.16054918,15.900174,15.920175,2553600
hardzero_plus_depr__c0p50__z1p00__lam0p020__nu0p50__psi0p75,hardzero_plus_depr,0.06,40,798,0.0,2,0.14009723,0.14009728,0.99432576,0.1013151,0.1013151,1.0,3.9654488e-08,3.9139758e-07,-26.36957,2.1875603,0.7291868,0.112,0.0,0.14043666,15.920175,15.940175,2556800
hardzero_plus_depr__c0p50__z1p00__lam0p020__nu0p50__psi0p75,hardzero_plus_depr,0.06,40,799,0.0,2,0.14009728,0.14009728,1.0083847,0.0,0.09808787,0.0,0.0,3.8557033e-07,-27.075762,2.2184906,0.7394969,0.08800001,0.0,0.15365891,15.940175,15.9601755,2560000
hardzero_plus_depr__c0p50__z1p00__lam0p020__nu0p50__psi0p75,hardzero_plus_depr,0.06,40,800,0.0,2,0.14009728,0.14009732,0.9879421,0.10281533,0.10281533,1.0,3.9052328e-08,3.798298e-07,-27.005262,2.173516,0.72450536,0.16800001,0.0,0.15357056,15.9601755,15.980176,2563200
hardzero_plus_depr__c0p50__z1p00__lam0p020__nu0p50__psi0p75,hardzero_plus_depr,0.06,40,801,0.0,2,0.14009732,0.14009732,1.0480067,0.0,0.0895351,0.0,0.0,3.7417473e-07,-27.842892,2.3056607,0.7685536,0.16000001,0.0,0.15412994,15.980176,16.000175,2566400
hardzero_plus_depr__c0p50__z1p00__lam0p020__nu0p50__psi0p75,hardzero_plus_depr,0.06,40,802,0.0,2,0.14009732,0.14009736,0.9687925,0.10745026,0.10745026,1.0,3.960662e-08,3.6860422e-07,-26.090395,2.131386,0.71046203,0.18400002,0.0,0.13942398,16.000175,16.020176,2569600
hardzero_plus_depr__c0p50__z1p00__lam0p020__nu0p50__psi0p75,hardzero_plus_depr,0.06,40,803,0.0,2,0.14009736,0.1400974,0.9997894,0.100048505,0.100048505,1.0,3.6329247e-08,3.6311633e-07,-26.892464,2.1995807,0.7331936,0.192,0.0,0.15900987,16.020176,16.040176,2572800
hardzero_plus_depr__c0p50__z1p00__lam0p020__nu0p50__psi0p75,hardzero_plus_depr,0.06,40,804,0.0,2,0.1400974,0.1400974,1.0458258,0.0,0.08998584,0.0,0.0,3.5771006e-07,-27.716639,2.3008628,0.7669543,0.16000001,0.0,0.1471642,16.040176,16.060177,2576000
hardzero_plus_depr__c0p50__z1p00__lam0p020__nu0p50__psi0p75,hardzero_plus_depr,0.06,40,805,0.0,2,0.1400974,0.1400974,1.0118808,0.0,0.09730144,0.0,0.0,3.5238435e-07,-26.708689,2.2261822,0.7420608,0.120000005,0.0,0.14320104,16.060177,16.080177,2579200
hardzero_plus_depr__c0p50__z1p00__lam0p020__nu0p50__psi0p75,hardzero_plus_depr,0.06,40,806,0.0,2,0.1400974,0.1400974,1.0099056,0.0,0.09774496,0.0,0.0,3.471379e-07,-26.715902,2.2218366,0.7406122,0.21,0.0,0.1552917,16.080177,16.100178,2582400
hardzero_plus_depr__c0p50__z1p00__lam0p020__nu0p50__psi0p75,hardzero_plus_depr,0.06,40,807,0.0,2,0.1400974,0.14009742,0.976971,0.10544572,0.10544572,1.0,3.605923e-08,3.4196958e-07,-27.200735,2.149379,0.7164597,0.16800001,0.0,0.12202458,16.100178,16.120178,2585600
hardzero_plus_depr__c0p50__z1p00__lam0p020__nu0p50__psi0p75,hardzero_plus_depr,0.06,40,808,0.0,2,0.14009742,0.14009747,0.9504963,0.11207369,0.11207369,1.0,3.7755182e-08,3.368782e-07,-26.225733,2.0911336,0.69704455,0.192,0.0,0.13660958,16.120178,16.140179,2588800
hardzero_plus_depr__c0p50__z1p00__lam0p020__nu0p50__psi0p75,hardzero_plus_depr,0.06,40,809,0.0,2,0.14009747,0.14009747,1.0240785,0.0,0.094606616,0.0,0.0,3.3186262e-07,-27.261332,2.2530177,0.7510059,0.14400001,0.0,0.15610528,16.140179,16.16018,2592000
hardzero_plus_depr__c0p50__z1p00__lam0p020__nu0p50__psi0p75,hardzero_plus_depr,0.06,40,810,0.0,2,0.14009747,0.14009747,1.0273439,0.0,0.09389795,0.0,0.0,3.269217e-07,-27.897453,2.2602017,0.75340056,0.2,0.0,0.1466619,16.16018,16.18018,2595200
hardzero_plus_depr__c0p50__z1p00__lam0p020__nu0p50__psi0p75,hardzero_plus_depr,0.06,40,811,0.0,2,0.14009747,0.14009747,1.035418,0.0,0.09216838,0.0,0.0,3.2205438e-07,-26.928192,2.277965,0.7593217,0.18400002,0.0,0.16488887,16.18018,16.20018,2598400
hardzero_plus_depr__c0p50__z1p00__lam0p020__nu0p50__psi0p75,hardzero_plus_depr,0.06,40,812,0.0,2,0.14009747,0.1400975,0.9991153,0.10020391,0.10020391,1.0,3.179064e-08,3.172595e-07,-26.650162,2.1980975,0.73269916,0.2,0.0,0.14031366,16.20018,16.22018,2601600
hardzero_plus_depr__c0p50__z1p00__lam0p020__nu0p50__psi0p75,hardzero_plus_depr,0.06,40,813,0.0,2,0.1400975,0.1400975,1.0384178,0.0,0.09153395,0.0,0.0,3.1253603e-07,-27.204023,2.2845647,0.7615216,0.17600001,0.0,0.1554885,16.22018,16.240181,2604800
hardzero_plus_depr__c0p50__z1p00__lam0p020__nu0p50__psi0p75,hardzero_plus_depr,0.06,40,814,0.0,2,0.1400975,0.1400975,1.0391754,0.0,0.091374405,0.0,0.0,3.0788286e-07,-27.16487,2.2862315,0.7620772,0.136,0.0,0.13802628,16.240181,16.260181,2608000
hardzero_plus_depr__c0p50__z1p00__lam0p020__nu0p50__psi0p75,hardzero_plus_depr,0.06,40,815,0.0,2,0.1400975,0.1400975,1.0726218,0.0,0.084601514,0.0,0.0,3.0329898e-07,-28.73358,2.3598151,0.78660506,0.16000001,0.0,0.17262653,16.260181,16.280182,2611200
hardzero_plus_depr__c0p50__z1p00__lam0p020__nu0p50__psi0p75,hardzero_plus_depr,0.06,40,816,0.0,2,0.1400975,0.1400975,1.0222342,0.0,0.09500923,0.0,0.0,2.9878333e-07,-26.846708,2.2489603,0.74965346,0.136,0.0,0.13181171,16.280182,16.300182,2614400
hardzero_plus_depr__c0p50__z1p00__lam0p020__nu0p50__psi0p75,hardzero_plus_depr,0.06,40,817,0.0,2,0.1400975,0.14009753,0.9728064,0.10646175,0.10646175,1.0,3.133541e-08,2.9433494e-07,-25.475925,2.1402168,0.7134056,0.14400001,0.0,0.1291433,16.300182,16.320183,2617600
hardzero_plus_depr__c0p50__z1p00__lam0p020__nu0p50__psi0p75,hardzero_plus_depr,0.06,40,818,0.0,2,0.14009753,0.14009753,1.0093749,0.0,0.09786448,0.0,0.0,2.8995277e-07,-27.49318,2.220669,0.74022305,0.15200001,0.0,0.12608707,16.320183,16.340183,2620800
hardzero_plus_depr__c0p50__z1p00__lam0p020__nu0p50__psi0p75,hardzero_plus_depr,0.06,40,819,0.0,2,0.14009753,0.14009753,1.0643694,0.0,0.08622448,0.0,0.0,2.856358e-07,-28.442818,2.3416595,0.7805532,0.14999999,0.0,0.14239395,16.340183,16.360184,2624000
hardzero_plus_depr__c0p50__z1p00__lam0p020__nu0p50__psi0p75,hardzero_plus_depr,0.06,40,820,0.0,2,0.14009753,0.14009753,1.0951052,0.0,0.08033316,0.0,0.0,2.8138317e-07,-28.279142,2.4092796,0.8030932,0.14400001,0.0,0.19130982,16.360184,16.380184,2627200
hardzero_plus_depr__c0p50__z1p00__lam0p020__nu0p50__psi0p75,hardzero_plus_depr,0.06,40,821,0.0,2,0.14009753,0.14009753,1.0649658,0.0,0.08610615,0.0,0.0,2.771938e-07,-28.21079,2.3429716,0.78099054,0.18400002,0.0,0.17741555,16.380184,16.400185,2630400
hardzero_plus_depr__c0p50__z1p00__lam0p020__nu0p50__psi0p75,hardzero_plus_depr,0.06,40,822,0.0,2,0.14009753,0.14009753,1.044494,0.0,0.090262204,0.0,0.0,2.7306686e-07,-26.825888,2.2979329,0.7659776,0.16800001,0.0,0.12594791,16.400185,16.420185,2633600
hardzero_plus_depr__c0p50__z1p00__lam0p020__nu0p50__psi0p75,hardzero_plus_depr,0.06,40,823,0.0,2,0.14009753,0.14009753,1.0016651,0.0,0.09961733,0.0,0.0,2.6900133e-07,-27.218435,2.2037072,0.7345691,0.15200001,0.0,0.13117017,16.420185,16.440186,2636800
hardzero_plus_depr__c0p50__z1p00__lam0p020__nu0p50__psi0p75,hardzero_plus_depr,0.06,40,824,0.0,2,0.14009753,0.14009753,1.0488782,0.0,0.08935561,0.0,0.0,2.6499632e-07,-27.101301,2.307578,0.7691927,0.120000005,0.0,0.13158664,16.440186,16.460186,2640000
hardzero_plus_depr__c0p50__z1p00__lam0p020__nu0p50__psi0p75,hardzero_plus_depr,0.06,40,825,0.0,2,0.14009753,0.14009753,1.0327524,0.0,0.092735834,0.0,0.0,2.6105093e-07,-28.293356,2.2721007,0.7573669,0.18400002,0.0,0.16410506,16.460186,16.480186,2643200
hardzero_plus_depr__c0p50__z1p00__lam0p020__nu0p50__psi0p75,hardzero_plus_depr,0.06,40,826,0.0,2,0.14009753,0.14009756,0.9915305,0.1019693,0.1019693,1.0,2.6222866e-08,2.5716432e-07,-26.561708,2.1814106,0.72713685,0.192,0.0,0.1614105,16.480186,16.500187,2646400
hardzero_plus_depr__c0p50__z1p00__lam0p020__nu0p50__psi0p75,hardzero_plus_depr,0.06,40,827,0.0,2,0.14009756,0.14009756,1.0233924,0.0,0.09475618,0.0,0.0,2.5333554e-07,-27.28512,2.2515082,0.75050277,0.16800001,0.0,0.13787228,16.500187,16.520187,2649600
hardzero_plus_depr__c0p50__z1p00__lam0p020__nu0p50__psi0p75,hardzero_plus_depr,0.06,40,828,0.0,2,0.14009756,0.14009759,0.971199,0.106856525,0.106856525,1.0,2.6667518e-08,2.4956378e-07,-26.680826,2.1366804,0.7122268,0.136,0.0,0.13803568,16.520187,16.540188,2652800
hardzero_plus_depr__c0p50__z1p00__lam0p020__nu0p50__psi0p75,hardzero_plus_depr,0.06,40,829,0.0,2,0.14009759,0.14009759,1.0051283,0.0,0.098826125,0.0,0.0,2.4584818e-07,-26.78354,2.2113264,0.7371088,0.136,0.0,0.13586149,16.540188,16.560188,2656000
hardzero_plus_depr__c0p50__z1p00__lam0p020__nu0p50__psi0p75,hardzero_plus_depr,0.06,40,830,0.0,2,0.14009759,0.14009762,0.9998048,0.10004495,0.10004495,1.0,2.422968e-08,2.4218792e-07,-26.297363,2.1996145,0.73320484,0.136,0.0,0.14816098,16.560188,16.580189,2659200
hardzero_plus_depr__c0p50__z1p00__lam0p020__nu0p50__psi0p75,hardzero_plus_depr,0.06,40,831,0.0,2,0.14009762,0.14009765,0.9596051,0.10974758,0.10974758,1.0,2.618381e-08,2.3858212e-07,-26.050873,2.1111734,0.7037245,0.24000001,0.0,0.15160914,16.580189,16.60019,2662400
hardzero_plus_depr__c0p50__z1p00__lam0p020__nu0p50__psi0p75,hardzero_plus_depr,0.06,40,832,0.0,2,0.14009765,0.14009768,0.9808638,0.10450477,0.10450477,1.0,2.4561757e-08,2.3503e-07,-26.09893,2.1579435,0.7193145,0.14999999,0.0,0.14108546,16.60019,16.62019,2665600
hardzero_plus_depr__c0p50__z1p00__lam0p020__nu0p50__psi0p75,hardzero_plus_depr,0.06,40,833,0.0,2,0.14009768,0.14009768,1.0531212,0.0,0.08848686,0.0,0.0,2.3153078e-07,-27.626955,2.316913,0.7723043,0.120000005,0.0,0.14501378,16.62019,16.64019,2668800
hardzero_plus_depr__c0p50__z1p00__lam0p020__nu0p50__psi0p75,hardzero_plus_depr,0.06,40,834,0.0,2,0.14009768,0.14009768,1.0084895,0.0,0.09806421,0.0,0.0,2.2808366e-07,-27.719778,2.2187212,0.7395737,0.136,0.0,0.16661647,16.64019,16.66019,2672000
hardzero_plus_depr__c0p50__z1p00__lam0p020__nu0p50__psi0p75,hardzero_plus_depr,0.06,40,835,0.0,2,0.14009768,0.14009771,0.9594616,0.10978382,0.10978382,1.0,2.4667091e-08,2.2468785e-07,-25.691204,2.1108577,0.70361924,0.2,0.0,0.1344522,16.66019,16.680191,2675200
hardzero_plus_depr__c0p50__z1p00__lam0p020__nu0p50__psi0p75,hardzero_plus_depr,0.06,40,836,0.0,2,0.14009771,0.14009771,1.0077456,0.0,0.098232314,0.0,0.0,2.2134262e-07,-27.621021,2.2170846,0.7390282,0.15200001,0.0,0.15046915,16.680191,16.700191,2678400
hardzero_plus_depr__c0p50__z1p00__lam0p020__nu0p50__psi0p75,hardzero_plus_depr,0.06,40,837,0.0,2,0.14009771,0.14009771,1.0293891,0.0,0.09345678,0.0,0.0,2.1804719e-07,-26.81183,2.2647014,0.75490046,0.17600001,0.0,0.14717552,16.700191,16.720192,2681600
hardzero_plus_depr__c0p50__z1p00__lam0p020__nu0p50__psi0p75,hardzero_plus_depr,0.06,40,838,0.0,2,0.14009771,0.14009771,1.0217979,0.0,0.09510473,0.0,0.0,2.1480082e-07,-27.842152,2.2480004,0.7493335,0.18400002,0.0,0.16272655,16.720192,16.740192,2684800
hardzero_plus_depr__c0p50__z1p00__lam0p020__nu0p50__psi0p75,hardzero_plus_depr,0.06,40,839,0.0,2,0.14009771,0.14009771,1.0973155,0.0,0.079925336,0.0,0.0,2.1160278e-07,-29.01672,2.4141424,0.80471414,0.17600001,0.0,0.19010714,16.740192,16.760193,2688000
hardzero_plus_depr__c0p50__z1p00__lam0p020__nu0p50__psi0p75,hardzero_plus_depr,0.06,40,840,0.0,2,0.14009771,0.14009771,1.1084037,0.0,0.07791055,0.0,0.0,2.0845233e-07,-29.66025,2.438537,0.81284565,0.16800001,0.0,0.17874664,16.760193,16.780193,2691200
hardzero_plus_depr__c0p50__z1p00__lam0p020__nu0p50__psi0p75,hardzero_plus_depr,0.06,40,841,0.0,2,0.14009771,0.14009772,0.9773383,0.10535659,0.10535659,1.0,2.1634852e-08,2.0534883e-07,-26.78924,2.1501873,0.7167291,0.16800001,0.0,0.13471042,16.780193,16.800194,2694400
hardzero_plus_depr__c0p50__z1p00__lam0p020__nu0p50__psi0p75,hardzero_plus_depr,0.06,40,842,0.0,2,0.14009772,0.14009772,1.0436143,0.0,0.09044525,0.0,0.0,2.022915e-07,-26.640295,2.2959971,0.7653324,0.16000001,0.0,0.13654464,16.800194,16.820194,2697600
hardzero_plus_depr__c0p50__z1p00__lam0p020__nu0p50__psi0p75,hardzero_plus_depr,0.06,40,843,0.0,2,0.14009772,0.14009772,1.0332627,0.0,0.09262692,0.0,0.0,1.9927971e-07,-27.755457,2.2732234,0.75774115,0.128,0.0,0.17184228,16.820194,16.840195,2700800
hardzero_plus_depr__c0p50__z1p00__lam0p020__nu0p50__psi0p75,hardzero_plus_depr,0.06,40,844,0.0,2,0.14009772,0.14009772,1.011369,0.0,0.097416155,0.0,0.0,1.9631277e-07,-27.57767,2.2250562,0.7416854,0.14400001,0.0,0.14703639,16.840195,16.860195,2704000
hardzero_plus_depr__c0p50__z1p00__lam0p020__nu0p50__psi0p75,hardzero_plus_depr,0.06,40,845,0.0,2,0.14009772,0.14009772,1.085469,0.0,0.082135506,0.0,0.0,1.9338997e-07,-28.468029,2.3880794,0.79602647,0.099999994,0.0,0.14654565,16.860195,16.880196,2707200
hardzero_plus_depr__c0p50__z1p00__lam0p020__nu0p50__psi0p75,hardzero_plus_depr,0.06,40,846,0.0,2,0.14009772,0.14009772,1.0433283,0.0,0.09050483,0.0,0.0,1.9051069e-07,-27.181341,2.295368,0.76512265,0.096,0.0,0.1503505,16.880196,16.900196,2710400
hardzero_plus_depr__c0p50__z1p00__lam0p020__nu0p50__psi0p75,hardzero_plus_depr,0.06,40,847,0.0,2,0.14009772,0.14009774,0.994571,0.10125792,0.10125792,1.0,1.9003512e-08,1.8767432e-07,-26.496914,2.1880999,0.72936666,0.128,0.0,0.13087964,16.900196,16.920197,2713600
hardzero_plus_depr__c0p50__z1p00__lam0p020__nu0p50__psi0p75,hardzero_plus_depr,0.06,40,848,0.0,2,0.14009774,0.14009774,1.112014,0.0,0.07726555,0.0,0.0,1.8488014e-07,-28.785952,2.4464798,0.8154933,0.112,0.0,0.1860873,16.920197,16.940197,2716800
hardzero_plus_depr__c0p50__z1p00__lam0p020__nu0p50__psi0p75,hardzero_plus_depr,0.06,40,849,0.0,2,0.14009774,0.14009774,1.0341388,0.0,0.092440255,0.0,0.0,1.8212758e-07,-27.450075,2.2751508,0.75838363,0.128,0.0,0.15712155,16.940197,16.960197,2720000
hardzero_plus_depr__c0p50__z1p00__lam0p020__nu0p50__psi0p75,hardzero_plus_depr,0.06,40,850,0.0,2,0.14009774,0.14009774,1.0312606,0.0,0.09305493,0.0,0.0,1.7941598e-07,-26.672693,2.2688186,0.7562729,0.16800001,0.008,0.14027713,16.960197,16.980198,2723200
hardzero_plus_depr__c0p50__z1p00__lam0p020__nu0p50__psi0p75,hardzero_plus_depr,0.06,40,851,0.0,2,0.14009774,0.14009774,1.0400504,0.0,0.0911905,0.0,0.0,1.7674476e-07,-27.398197,2.2881565,0.76271886,0.16000001,0.0,0.13738123,16.980198,17.000198,2726400
hardzero_plus_depr__c0p50__z1p00__lam0p020__nu0p50__psi0p75,hardzero_plus_depr,0.06,40,852,0.0,2,0.14009774,0.14009775,0.99361503,0.10148104,0.10148104,1.0,1.76692e-08,1.7411331e-07,-26.665863,2.1859968,0.7286656,0.16000001,0.0,0.1470562,17.000198,17.020199,2729600
hardzero_plus_depr__c0p50__z1p00__lam0p020__nu0p50__psi0p75,hardzero_plus_depr,0.06,40,853,0.0,2,0.14009775,0.14009775,1.0725378,0.0,0.0846179,0.0,0.0,1.7152105e-07,-27.455643,2.35963,0.78654337,0.096,0.0,0.1609998,17.020199,17.0402,2732800
hardzero_plus_depr__c0p50__z1p00__lam0p020__nu0p50__psi0p75,hardzero_plus_depr,0.06,40,854,0.0,2,0.14009775,0.14009775,1.0173516,0.0,0.096083395,0.0,0.0,1.6896738e-07,-26.731554,2.2382183,0.74607277,0.128,0.0,0.13904014,17.0402,17.0602,2736000
hardzero_plus_depr__c0p50__z1p00__lam0p020__nu0p50__psi0p75,hardzero_plus_depr,0.06,40,855,0.0,2,0.14009775,0.14009775,1.0340834,0.0,0.09245208,0.0,0.0,1.6645171e-07,-27.200954,2.2750287,0.7583429,0.208,0.0,0.16822264,17.0602,17.0802,2739200
hardzero_plus_depr__c0p50__z1p00__lam0p020__nu0p50__psi0p75,hardzero_plus_depr,0.06,40,856,0.0,2,0.14009775,0.14009775,1.0283355,0.0,0.09368382,0.0,0.0,1.6397352e-07,-26.817179,2.2623832,0.75412774,0.18400002,0.0,0.12871644,17.0802,17.1002,2742400
hardzero_plus_depr__c0p50__z1p00__lam0p020__nu0p50__psi0p75,hardzero_plus_depr,0.06,40,857,0.0,2,0.14009775,0.14009775,1.0375247,0.0,0.09172238,0.0,0.0,1.6153221e-07,-27.317848,2.2826,0.76086664,0.128,0.0,0.13909546,17.1002,17.120201,2745600
hardzero_plus_depr__c0p50__z1p00__lam0p020__nu0p50__psi0p75,hardzero_plus_depr,0.06,40,858,0.0,2,0.14009775,0.14009775,1.0172602,0.0,0.09610364,0.0,0.0,1.5912727e-07,-27.254728,2.238017,0.7460057,0.14999999,0.0,0.14647323,17.120201,17.140202,2748800
hardzero_plus_depr__c0p50__z1p00__lam0p020__nu0p50__psi0p75,hardzero_plus_depr,0.06,40,859,0.0,2,0.14009775,0.14009777,0.9695424,0.1072649,0.1072649,1.0,1.6814642e-08,1.567581e-07,-25.984634,2.133036,0.711012,0.15200001,0.0,0.14046071,17.140202,17.160202,2752000
hardzero_plus_depr__c0p50__z1p00__lam0p020__nu0p50__psi0p75,hardzero_plus_depr,0.06,40,860,0.0,2,0.14009777,0.14009778,0.97376984,0.10622583,0.10622583,1.0,1.6403842e-08,1.5442423e-07,-26.811342,2.1423364,0.71411216,0.112,0.0,0.15242101,17.160202,17.180202,2755200
hardzero_plus_depr__c0p50__z1p00__lam0p020__nu0p50__psi0p75,hardzero_plus_depr,0.06,40,861,0.0,2,0.14009778,0.1400978,0.99363446,0.10147652,0.10147652,1.0,1.5437125e-08,1.521251e-07,-26.99053,2.1860394,0.72867984,0.2,0.008,0.14249606,17.180202,17.200203,2758400
hardzero_plus_depr__c0p50__z1p00__lam0p020__nu0p50__psi0p75,hardzero_plus_depr,0.06,40,862,0.0,2,0.1400978,0.1400978,1.0842012,0.0,0.08237563,0.0,0.0,1.4986021e-07,-28.52995,2.3852904,0.7950968,0.14400001,0.0,0.15349242,17.200203,17.220203,2761600
hardzero_plus_depr__c0p50__z1p00__lam0p020__nu0p50__psi0p75,hardzero_plus_depr,0.06,40,863,0.0,2,0.1400978,0.14009781,0.9802863,0.10464385,0.10464385,1.0,1.5448471e-08,1.4762904e-07,-25.933691,2.156673,0.718891,0.112,0.0,0.15593675,17.220203,17.240204,2764800
hardzero_plus_depr__c0p50__z1p00__lam0p020__nu0p50__psi0p75,hardzero_plus_depr,0.06,40,864,0.0,2,0.14009781,0.14009783,0.97317594,0.1063712,0.1063712,1.0,1.5469677e-08,1.4543106e-07,-26.882715,2.1410298,0.71367663,0.112,0.0,0.12732755,17.240204,17.260204,2768000
hardzero_plus_depr__c0p50__z1p00__lam0p020__nu0p50__psi0p75,hardzero_plus_depr,0.06,40,865,0.0,2,0.14009783,0.14009784,0.99795765,0.100471385,0.100471385,1.0,1.4394117e-08,1.4326584e-07,-26.41471,2.1955507,0.73185027,0.192,0.0,0.15415125,17.260204,17.280205,2771200
hardzero_plus_depr__c0p50__z1p00__lam0p020__nu0p50__psi0p75,hardzero_plus_depr,0.06,40,866,0.0,2,0.14009784,0.14009784,1.0345893,0.0,0.09234444,0.0,0.0,1.4113283e-07,-27.71647,2.276142,0.75871396,0.080000006,0.0,0.16869245,17.280205,17.300205,2774400
hardzero_plus_depr__c0p50__z1p00__lam0p020__nu0p50__psi0p75,hardzero_plus_depr,0.06,40,867,0.0,2,0.14009784,0.14009784,1.0025553,0.0,0.09941336,0.0,0.0,1.390316e-07,-26.537107,2.2056656,0.73522186,0.136,0.0,0.1499967,17.300205,17.320206,2777600
hardzero_plus_depr__c0p50__z1p00__lam0p020__nu0p50__psi0p75,hardzero_plus_depr,0.06,40,868,0.0,2,0.14009784,0.14009784,1.0032008,0.0,0.0992657,0.0,0.0,1.3696163e-07,-27.048313,2.2070858,0.7356953,0.136,0.0,0.1434847,17.320206,17.340206,2780800
hardzero_plus_depr__c0p50__z1p00__lam0p020__nu0p50__psi0p75,hardzero_plus_depr,0.06,40,869,0.0,2,0.14009784,0.14009786,0.99085164,0.10212882,0.10212882,1.0,1.37794745e-08,1.3492249e-07,-27.302317,2.179917,0.72663903,0.18400002,0.0,0.16500336,17.340206,17.360207,2784000
hardzero_plus_depr__c0p50__z1p00__lam0p020__nu0p50__psi0p75,hardzero_plus_depr,0.06,40,870,0.0,2,0.14009786,0.14009786,1.029592,0.0,0.09341314,0.0,0.0,1.3291371e-07,-27.287544,2.2651477,0.7550492,0.128,0.0,0.1584543,17.360207,17.380207,2787200
hardzero_plus_depr__c0p50__z1p00__lam0p020__nu0p50__psi0p75,hardzero_plus_depr,0.06,40,871,0.0,2,0.14009786,0.14009786,1.0498208,0.0,0.08916189,0.0,0.0,1.3093485e-07,-27.540207,2.3096519,0.769884,0.089999996,0.0,0.15756726,17.380207,17.400208,2790400
hardzero_plus_depr__c0p50__z1p00__lam0p020__nu0p50__psi0p75,hardzero_plus_depr,0.06,40,872,0.0,2,0.14009786,0.14009786,1.0192047,0.0,0.0956743,0.0,0.0,1.2898543e-07,-27.832792,2.2422953,0.74743176,0.15200001,0.0,0.15814398,17.400208,17.420208,2793600
hardzero_plus_depr__c0p50__z1p00__lam0p020__nu0p50__psi0p75,hardzero_plus_depr,0.06,40,873,0.0,2,0.14009786,0.14009786,1.0187446,0.0,0.09577572,0.0,0.0,1.2706505e-07,-27.213602,2.241283,0.74709433,0.16000001,0.0,0.14681672,17.420208,17.440208,2796800
hardzero_plus_depr__c0p50__z1p00__lam0p020__nu0p50__psi0p75,hardzero_plus_depr,0.06,40,874,0.0,2,0.14009786,0.14009787,0.95713246,0.1103742,0.1103742,1.0,1.3815896e-08,1.2517324e-07,-26.822945,2.1057334,0.70191115,0.14400001,0.0,0.13240756,17.440208,17.460209,2800000
hardzero_plus_depr__c0p50__z1p00__lam0p020__nu0p50__psi0p75,hardzero_plus_depr,0.06,40,875,0.0,2,0.14009787,0.14009787,1.0074775,0.0,0.09829297,0.0,0.0,1.2330962e-07,-27.717285,2.2164948,0.73883164,0.216,0.0,0.18206257,17.460209,17.48021,2803200
hardzero_plus_depr__c0p50__z1p00__lam0p020__nu0p50__psi0p75,hardzero_plus_depr,0.06,40,876,0.0,2,0.14009787,0.14009787,1.0491612,0.0,0.0892974,0.0,0.0,1.2147375e-07,-28.241707,2.3082006,0.76940024,0.23200001,0.0,0.14985083,17.48021,17.50021,2806400
hardzero_plus_depr__c0p50__z1p00__lam0p020__nu0p50__psi0p75,hardzero_plus_depr,0.06,40,877,0.0,2,0.14009787,0.14009789,0.99822253,0.100410104,0.100410104,1.0,1.2015596e-08,1.196652e-07,-27.84065,2.1961334,0.73204446,0.136,0.0,0.14463483,17.50021,17.52021,2809600
hardzero_plus_depr__c0p50__z1p00__lam0p020__nu0p50__psi0p75,hardzero_plus_depr,0.06,40,878,0.0,2,0.14009789,0.14009789,1.0044222,0.0,0.09898692,0.0,0.0,1.17883566e-07,-27.140774,2.2097728,0.736591,0.128,0.0,0.1144235,17.52021,17.54021,2812800
hardzero_plus_depr__c0p50__z1p00__lam0p020__nu0p50__psi0p75,hardzero_plus_depr,0.06,40,879,0.0,2,0.14009789,0.14009789,1.0191413,0.0,0.09568826,0.0,0.0,1.16128454e-07,-27.222023,2.2421556,0.7473852,0.136,0.0,0.14295392,17.54021,17.560211,2816000
hardzero_plus_depr__c0p50__z1p00__lam0p020__nu0p50__psi0p75,hardzero_plus_depr,0.06,40,880,0.0,2,0.14009789,0.14009789,1.029077,0.0,0.09352396,0.0,0.0,1.143995e-07,-27.564346,2.2640147,0.7546716,0.192,0.0,0.18147716,17.560211,17.580212,2819200
hardzero_plus_depr__c0p50__z1p00__lam0p020__nu0p50__psi0p75,hardzero_plus_depr,0.06,40,881,0.0,2,0.14009789,0.14009789,1.025824,0.0,0.09422714,0.0,0.0,1.1269628e-07,-27.07804,2.2568579,0.75228596,0.18400002,0.0,0.13181277,17.580212,17.600212,2822400
hardzero_plus_depr__c0p50__z1p00__lam0p020__nu0p50__psi0p75,hardzero_plus_depr,0.06,40,882,0.0,2,0.14009789,0.1400979,0.9759318,0.10569833,0.10569833,1.0,1.17344605e-08,1.1101841e-07,-26.818895,2.1470928,0.71569765,0.2,0.0,0.122539625,17.600212,17.620213,2825600
hardzero_plus_depr__c0p50__z1p00__lam0p020__nu0p50__psi0p75,hardzero_plus_depr,0.06,40,883,0.0,2,0.1400979,0.1400979,1.0453615,0.0,0.090082094,0.0,0.0,1.0936552e-07,-28.005,2.2998412,0.7666137,0.18400002,0.0,0.17897584,17.620213,17.640213,2828800
hardzero_plus_depr__c0p50__z1p00__lam0p020__nu0p50__psi0p75,hardzero_plus_depr,0.06,40,884,0.0,2,0.1400979,0.14009792,0.9982355,0.100407116,0.100407116,1.0,1.0817587e-08,1.0773725e-07,-26.967552,2.196162,0.732054,0.14,0.0,0.12216253,17.640213,17.660213,2832000
hardzero_plus_depr__c0p50__z1p00__lam0p020__nu0p50__psi0p75,hardzero_plus_depr,0.06,40,885,0.0,2,0.14009792,0.14009792,1.0532336,0.0,0.08846395,0.0,0.0,1.0613321e-07,-26.918564,2.3171604,0.7723868,0.16000001,0.0,0.14708298,17.660213,17.680214,2835200
hardzero_plus_depr__c0p50__z1p00__lam0p020__nu0p50__psi0p75,hardzero_plus_depr,0.06,40,886,0.0,2,0.14009792,0.14009792,1.0395796,0.0,0.09128939,0.0,0.0,1.0455306e-07,-26.919209,2.2871208,0.7623736,0.112,0.0,0.13159373,17.680214,17.700214,2838400
hardzero_plus_depr__c0p50__z1p00__lam0p020__nu0p50__psi0p75,hardzero_plus_depr,0.06,40,887,0.0,2,0.14009792,0.14009793,0.97655535,0.10554668,0.10554668,1.0,1.0870932e-08,1.0299643e-07,-24.84944,2.1484647,0.71615493,0.208,0.008,0.12366284,17.700214,17.720215,2841600
hardzero_plus_depr__c0p50__z1p00__lam0p020__nu0p50__psi0p75,hardzero_plus_depr,0.06,40,888,0.0,2,0.14009793,0.14009793,1.0351536,0.0,0.0922245,0.0,0.0,1.0146297e-07,-27.020397,2.2773836,0.75912786,0.128,0.0,0.12544918,17.720215,17.740215,2844800
hardzero_plus_depr__c0p50__z1p00__lam0p020__nu0p50__psi0p75,hardzero_plus_depr,0.06,40,889,0.0,2,0.14009793,0.14009793,1.0243617,0.0,0.09454494,0.0,0.0,9.9952366e-08,-27.083149,2.253641,0.75121367,0.14400001,0.0,0.1356989,17.740215,17.760216,2848000
hardzero_plus_depr__c0p50__z1p00__lam0p020__nu0p50__psi0p75,hardzero_plus_depr,0.06,40,890,0.0,2,0.14009793,0.14009793,1.0180241,0.0,0.09593474,0.0,0.0,9.846422e-08,-26.935566,2.2396977,0.74656594,0.14400001,0.0,0.16730246,17.760216,17.780216,2851200
hardzero_plus_depr__c0p50__z1p00__lam0p020__nu0p50__psi0p75,hardzero_plus_depr,0.06,40,891,0.0,2,0.14009793,0.14009795,0.9931509,0.10158957,0.10158957,1.0,9.85401e-09,9.699825e-08,-26.290985,2.1849756,0.72832525,0.17600001,0.0,0.1466732,17.780216,17.800217,2854400
hardzero_plus_depr__c0p50__z1p00__lam0p020__nu0p50__psi0p75,hardzero_plus_depr,0.06,40,892,0.0,2,0.14009795,0.14009796,0.98143786,0.104366735,0.104366735,1.0,9.97267e-09,9.55541e-08,-26.311216,2.1592064,0.7197355,0.16000001,0.0,0.12458733,17.800217,17.820217,2857600
hardzero_plus_depr__c0p50__z1p00__lam0p020__nu0p50__psi0p75,hardzero_plus_depr,0.06,40,893,0.0,2,0.14009796,0.14009798,0.9698736,0.10718312,0.10718312,1.0,1.0089304e-08,9.413146e-08,-26.498775,2.1337645,0.71125484,0.15200001,0.0,0.13875756,17.820217,17.840218,2860800
hardzero_plus_depr__c0p50__z1p00__lam0p020__nu0p50__psi0p75,hardzero_plus_depr,0.06,40,894,0.0,2,0.14009798,0.14009798,1.0106331,0.0,0.09758136,0.0,0.0,9.272999e-08,-27.230892,2.2234373,0.7411458,0.136,0.0,0.13158092,17.840218,17.860218,2864000
hardzero_plus_depr__c0p50__z1p00__lam0p020__nu0p50__psi0p75,hardzero_plus_depr,0.06,40,895,0.0,2,0.14009798,0.14009798,1.0317671,0.0,0.092946455,0.0,0.0,9.1349385e-08,-27.985111,2.269933,0.75664437,0.17600001,0.0,0.15156843,17.860218,17.880219,2867200
hardzero_plus_depr__c0p50__z1p00__lam0p020__nu0p50__psi0p75,hardzero_plus_depr,0.06,40,896,0.0,2,0.14009798,0.14009798,1.0591844,0.0,0.08726007,0.0,0.0,8.998934e-08,-28.41079,2.3302524,0.7767508,0.136,0.0,0.1551691,17.880219,17.900219,2870400
hardzero_plus_depr__c0p50__z1p00__lam0p020__nu0p50__psi0p75,hardzero_plus_depr,0.06,40,897,0.0,2,0.14009798,0.14009799,0.9896254,0.10241759,0.10241759,1.0,9.0792724e-09,8.864954e-08,-26.299728,2.1772194,0.72573984,0.24,0.0,0.13697167,17.900219,17.92022,2873600
hardzero_plus_depr__c0p50__z1p00__lam0p020__nu0p50__psi0p75,hardzero_plus_depr,0.06,40,898,0.0,2,0.14009799,0.14009799,1.006147,0.0,0.098594576,0.0,0.0,8.7329695e-08,-27.799564,2.2135677,0.7378559,0.216,0.0,0.26601994,17.92022,17.94022,2876800
hardzero_plus_depr__c0p50__z1p00__lam0p020__nu0p50__psi0p75,hardzero_plus_depr,0.06,40,899,0.0,2,0.14009799,0.140098,0.9686592,0.10748324,0.10748324,1.0,9.246729e-09,8.6029495e-08,-26.330408,2.1310928,0.7103643,0.15200001,0.0,0.12622109,17.94022,17.96022,2880000
hardzero_plus_depr__c0p50__z1p00__lam0p020__nu0p50__psi0p75,hardzero_plus_depr,0.06,40,900,0.0,2,0.140098,0.140098,1.0460088,0.0,0.08994794,0.0,0.0,8.474865e-08,-28.253267,2.3012652,0.7670884,0.104,0.0,0.13437095,17.96022,17.98022,2883200
hardzero_plus_depr__c0p50__z1p00__lam0p020__nu0p50__psi0p75,hardzero_plus_depr,0.06,40,901,0.0,2,0.140098,0.140098,1.0046711,0.0,0.09893021,0.0,0.0,8.3486874e-08,-26.163265,2.2103205,0.7367735,0.104,0.0,0.12188716,17.98022,18.000221,2886400
hardzero_plus_depr__c0p50__z1p00__lam0p020__nu0p50__psi0p75,hardzero_plus_depr,0.06,40,902,0.0,2,0.140098,0.140098,1.0303655,0.0,0.093246914,0.0,0.0,8.22439e-08,-27.93223,2.2668493,0.7556164,0.104,0.0,0.14882672,18.000221,18.020222,2889600
hardzero_plus_depr__c0p50__z1p00__lam0p020__nu0p50__psi0p75,hardzero_plus_depr,0.06,40,903,0.0,2,0.140098,0.14009802,0.98020095,0.104664415,0.104664415,1.0,8.47985e-09,8.1019415e-08,-26.760479,2.156485,0.7188284,0.16800001,0.0,0.15420392,18.020222,18.040222,2892800
hardzero_plus_depr__c0p50__z1p00__lam0p020__nu0p50__psi0p75,hardzero_plus_depr,0.06,40,904,0.0,2,0.14009802,0.14009802,1.0122967,0.0,0.09720829,0.0,0.0,7.9813155e-08,-27.745848,2.2270973,0.7423658,0.136,0.0,0.13842738,18.040222,18.060223,2896000
hardzero_plus_depr__c0p50__z1p00__lam0p020__nu0p50__psi0p75,hardzero_plus_depr,0.06,40,905,0.0,2,0.14009802,0.14009802,1.0375758,0.0,0.091711566,0.0,0.0,7.862488e-08,-27.759563,2.2827125,0.7609042,0.15200001,0.0,0.14436547,18.060223,18.080223,2899200
hardzero_plus_depr__c0p50__z1p00__lam0p020__nu0p50__psi0p75,hardzero_plus_depr,0.06,40,906,0.0,2,0.14009802,0.14009804,0.98395985,0.10376244,0.10376244,1.0,8.036844e-09,7.7454274e-08,-26.702286,2.1647549,0.721585,0.2,0.0,0.1397124,18.080223,18.100224,2902400
hardzero_plus_depr__c0p50__z1p00__lam0p020__nu0p50__psi0p75,hardzero_plus_depr,0.06,40,907,0.0,2,0.14009804,0.14009805,0.9730395,0.1064046,0.1064046,1.0,8.118789e-09,7.6301106e-08,-26.954943,2.1407297,0.71357656,0.28800002,0.0,0.16352627,18.100224,18.120224,2905600
hardzero_plus_depr__c0p50__z1p00__lam0p020__nu0p50__psi0p75,hardzero_plus_depr,0.06,40,908,0.0,2,0.14009805,0.14009805,1.0198225,0.0,0.09553831,0.0,0.0,7.5165104e-08,-27.880083,2.2436543,0.74788475,0.128,0.0,0.16030979,18.120224,18.140224,2908800
hardzero_plus_depr__c0p50__z1p00__lam0p020__nu0p50__psi0p75,hardzero_plus_depr,0.06,40,909,0.0,2,0.14009805,0.14009805,1.0144403,0.0,0.09672966,0.0,0.0,7.4046014e-08,-27.297127,2.2318132,0.74393773,0.192,0.0,0.146404,18.140224,18.160225,2912000
hardzero_plus_depr__c0p50__z1p00__lam0p020__nu0p50__psi0p75,hardzero_plus_depr,0.06,40,910,0.0,2,0.14009805,0.14009805,1.0025208,0.0,0.09942125,0.0,0.0,7.294359e-08,-26.258524,2.2055898,0.7351966,0.16,0.0,0.14521869,18.160225,18.180225,2915200
hardzero_plus_depr__c0p50__z1p00__lam0p020__nu0p50__psi0p75,hardzero_plus_depr,0.06,40,911,0.0,2,0.14009805,0.14009807,0.9472752,0.112908006,0.112908006,1.0,8.113296e-09,7.185758e-08,-26.399271,2.084047,0.69468236,0.17600001,0.0,0.1311571,18.180225,18.200226,2918400
hardzero_plus_depr__c0p50__z1p00__lam0p020__nu0p50__psi0p75,hardzero_plus_depr,0.06,40,912,0.0,2,0.14009807,0.14009808,0.95551425,0.11078622,0.11078622,1.0,7.8423055e-09,7.0787735e-08,-26.13287,2.1021733,0.7007245,0.2,0.0,0.12504537,18.200226,18.220226,2921600
hardzero_plus_depr__c0p50__z1p00__lam0p020__nu0p50__psi0p75,hardzero_plus_depr,0.06,40,913,0.0,2,0.14009808,0.14009808,1.0256188,0.0,0.09427166,0.0,0.0,6.9733815e-08,-27.303278,2.2564063,0.75213546,0.208,0.0,0.13383776,18.220226,18.240227,2924800
hardzero_plus_depr__c0p50__z1p00__lam0p020__nu0p50__psi0p75,hardzero_plus_depr,0.06,40,914,0.0,2,0.14009808,0.14009808,1.0882857,0.0,0.08160455,0.0,0.0,6.869559e-08,-27.962591,2.3942764,0.7980921,0.104,0.0,0.16708942,18.240227,18.260227,2928000
hardzero_plus_depr__c0p50__z1p00__lam0p020__nu0p50__psi0p75,hardzero_plus_depr,0.06,40,915,0.0,2,0.14009808,0.14009808,0.97445166,0.10605919,0.10605919,1.0,7.177325e-09,6.767282e-08,-26.15405,2.1438365,0.7146122,0.18400002,0.0,0.13556756,18.260227,18.280228,2931200
hardzero_plus_depr__c0p50__z1p00__lam0p020__nu0p50__psi0p75,hardzero_plus_depr,0.06,40,916,0.0,2,0.14009808,0.14009808,1.0360919,0.0,0.09202549,0.0,0.0,6.666529e-08,-27.156311,2.2794478,0.75981593,0.128,0.0,0.14588723,18.280228,18.300228,2934400
hardzero_plus_depr__c0p50__z1p00__lam0p020__nu0p50__psi0p75,hardzero_plus_depr,0.06,40,917,0.0,2,0.14009808,0.14009808,1.0566844,0.0,0.08776384,0.0,0.0,6.567275e-08,-28.263868,2.324752,0.77491736,0.17600001,0.0,0.18032087,18.300228,18.320229,2937600
hardzero_plus_depr__c0p50__z1p00__lam0p020__nu0p50__psi0p75,hardzero_plus_depr,0.06,40,918,0.0,2,0.14009808,0.14009808,1.0576053,0.0,0.08757793,0.0,0.0,6.469498e-08,-27.726255,2.3267782,0.77559274,0.120000005,0.0,0.1381111,18.320229,18.340229,2940800
hardzero_plus_depr__c0p50__z1p00__lam0p020__nu0p50__psi0p75,hardzero_plus_depr,0.06,40,919,0.0,2,0.14009808,0.14009808,1.0340586,0.0,0.09245734,0.0,0.0,6.373178e-08,-28.12369,2.2749743,0.7583248,0.15200001,0.0,0.17427514,18.340229,18.36023,2944000
hardzero_plus_depr__c0p50__z1p00__lam0p020__nu0p50__psi0p75,hardzero_plus_depr,0.06,40,920,0.0,2,0.14009808,0.14009808,0.9792632,0.10489067,0.10489067,1.0,6.585342e-09,6.278292e-08,-26.221977,2.154422,0.7181407,0.23200001,0.0,0.14050466,18.36023,18.38023,2947200
hardzero_plus_depr__c0p50__z1p00__lam0p020__nu0p50__psi0p75,hardzero_plus_depr,0.06,40,921,0.0,2,0.14009808,0.14009808,0.99856997,0.100329824,0.100329824,1.0,6.205217e-09,6.1848176e-08,-26.019064,2.1968977,0.73229927,0.216,0.0,0.1442453,18.38023,18.40023,2950400
hardzero_plus_depr__c0p50__z1p00__lam0p020__nu0p50__psi0p75,hardzero_plus_depr,0.06,40,922,0.0,2,0.14009808,0.14009808,1.0041033,0.0,0.09905962,0.0,0.0,6.092736e-08,-26.763443,2.2090714,0.73635715,0.16000001,0.0,0.11193037,18.40023,18.42023,2953600
hardzero_plus_depr__c0p50__z1p00__lam0p020__nu0p50__psi0p75,hardzero_plus_depr,0.06,40,923,0.0,2,0.14009808,0.14009808,0.9629559,0.108904056,0.108904056,1.0,6.536448e-09,6.002024e-08,-25.91392,2.1185453,0.70618176,0.19,0.0,0.10674813,18.42023,18.440231,2956800
hardzero_plus_depr__c0p50__z1p00__lam0p020__nu0p50__psi0p75,hardzero_plus_depr,0.06,40,924,0.0,2,0.14009808,0.14009808,0.99963164,0.10008484,0.10008484,1.0,5.91768e-09,5.9126638e-08,-27.778313,2.1992335,0.7330779,0.16800001,0.0,0.18128993,18.440231,18.460232,2960000
hardzero_plus_depr__c0p50__z1p00__lam0p020__nu0p50__psi0p75,hardzero_plus_depr,0.06,40,925,0.0,2,0.14009808,0.14009808,1.0023403,0.0,0.09946257,0.0,0.0,5.824634e-08,-27.266668,2.2051928,0.73506427,0.18400002,0.0,0.15198885,18.460232,18.480232,2963200
hardzero_plus_depr__c0p50__z1p00__lam0p020__nu0p50__psi0p75,hardzero_plus_depr,0.06,40,926,0.0,2,0.14009808,0.14009808,0.9994367,0.10012978,0.10012978,1.0,5.7453615e-09,5.7379147e-08,-26.019543,2.1988046,0.7329349,0.2,0.0,0.12555201,18.480232,18.500233,2966400
hardzero_plus_depr__c0p50__z1p00__lam0p020__nu0p50__psi0p75,hardzero_plus_depr,0.06,40,927,0.0,2,0.14009808,0.14009808,1.0138689,0.0,0.096857004,0.0,0.0,5.652486e-08,-26.91574,2.2305562,0.74351877,0.136,0.0,0.16376163,18.500233,18.520233,2969600
hardzero_plus_depr__c0p50__z1p00__lam0p020__nu0p50__psi0p75,hardzero_plus_depr,0.06,40,928,0.0,2,0.14009808,0.14009808,1.0272796,0.0,0.09391186,0.0,0.0,5.5683298e-08,-27.281092,2.2600603,0.7533535,0.15200001,0.0,0.14229047,18.520233,18.540234,2972800
hardzero_plus_depr__c0p50__z1p00__lam0p020__nu0p50__psi0p75,hardzero_plus_depr,0.06,40,929,0.0,2,0.14009808,0.14009808,1.0317223,0.0,0.09295605,0.0,0.0,5.4854265e-08,-27.161575,2.2698343,0.75661147,0.16000001,0.0,0.14205132,18.540234,18.560234,2976000
hardzero_plus_depr__c0p50__z1p00__lam0p020__nu0p50__psi0p75,hardzero_plus_depr,0.06,40,930,0.0,2,0.14009808,0.14009808,1.0161424,0.0,0.0963513,0.0,0.0,5.4037567e-08,-26.611856,2.2355578,0.745186,0.18400002,0.0,0.13277993,18.560234,18.580235,2979200
hardzero_plus_depr__c0p50__z1p00__lam0p020__nu0p50__psi0p75,hardzero_plus_depr,0.06,40,931,0.0,2,0.14009808,0.14009808,1.041483,0.0,0.09089016,0.0,0.0,5.3233038e-08,-27.70525,2.2913084,0.7637695,0.136,0.0,0.16229957,18.580235,18.600235,2982400
hardzero_plus_depr__c0p50__z1p00__lam0p020__nu0p50__psi0p75,hardzero_plus_depr,0.06,40,932,0.0,2,0.14009808,0.14009808,0.9627813,0.108947866,0.108947866,1.0,5.7132787e-09,5.2440484e-08,-25.601732,2.1181612,0.70605373,0.128,0.0,0.112127386,18.600235,18.620235,2985600
hardzero_plus_depr__c0p50__z1p00__lam0p020__nu0p50__psi0p75,hardzero_plus_depr,0.06,40,933,0.0,2,0.14009808,0.14009808,1.0307977,0.0,0.09315418,0.0,0.0,5.1659725e-08,-27.382832,2.2678003,0.75593346,0.15200001,0.0,0.16087481,18.620235,18.640236,2988800
hardzero_plus_depr__c0p50__z1p00__lam0p020__nu0p50__psi0p75,hardzero_plus_depr,0.06,40,934,0.0,2,0.14009808,0.14009808,0.9897842,0.102380164,0.102380164,1.0,5.2101874e-09,5.0890595e-08,-26.54265,2.1775687,0.72585624,0.16800001,0.0,0.1370137,18.640236,18.660236,2992000
hardzero_plus_depr__c0p50__z1p00__lam0p020__nu0p50__psi0p75,hardzero_plus_depr,0.06,40,935,0.0,2,0.14009808,0.14009808,1.0300261,0.0,0.093319826,0.0,0.0,5.013292e-08,-27.283451,2.2661026,0.7553675,0.17600001,0.0,0.15648714,18.660236,18.680237,2995200
hardzero_plus_depr__c0p50__z1p00__lam0p020__nu0p50__psi0p75,hardzero_plus_depr,0.06,40,936,0.0,2,0.14009808,0.14009808,1.0193357,0.0,0.09564543,0.0,0.0,4.9386518e-08,-27.42997,2.2425835,0.74752784,0.16,0.0,0.13833646,18.680237,18.700237,2998400
hardzero_plus_depr__c0p50__z1p00__lam0p020__nu0p50__psi0p75,hardzero_plus_depr,0.06,40,937,0.0,2,0.14009808,0.14009808,1.0047858,0.0,0.09890407,0.0,0.0,4.8651234e-08,-26.716974,2.2105727,0.7368576,0.136,0.0,0.121376194,18.700237,18.720238,3001600
hardzero_plus_depr__c0p50__z1p00__lam0p020__nu0p50__psi0p75,hardzero_plus_depr,0.06,40,938,0.0,2,0.14009808,0.14009808,0.99093395,0.102109484,0.102109484,1.0,4.8937903e-09,4.7926893e-08,-26.400787,2.1800983,0.7266995,0.16800001,0.0,0.1439985,18.720238,18.740238,3004800
hardzero_plus_depr__c0p50__z1p00__lam0p020__nu0p50__psi0p75,hardzero_plus_depr,0.06,40,939,0.0,2,0.14009808,0.14009808,1.0190997,0.0,0.09569743,0.0,0.0,4.7213337e-08,-26.836708,2.2420642,0.74735475,0.17600001,0.0,0.15441386,18.740238,18.760239,3008000
hardzero_plus_depr__c0p50__z1p00__lam0p020__nu0p50__psi0p75,hardzero_plus_depr,0.06,40,940,0.0,2,0.14009808,0.14009808,1.0123279,0.0,0.097201295,0.0,0.0,4.6510408e-08,-26.44625,2.227166,0.74238867,0.16800001,0.0,0.16946779,18.760239,18.78024,3011200
hardzero_plus_depr__c0p50__z1p00__lam0p020__nu0p50__psi0p75,hardzero_plus_depr,0.06,40,941,0.0,2,0.14009808,0.14009808,1.0250137,0.0,0.0944031,0.0,0.0,4.581794e-08,-27.562265,2.2550752,0.75169176,0.2,0.0,0.139379,18.78024,18.80024,3014400
hardzero_plus_depr__c0p50__z1p00__lam0p020__nu0p50__psi0p75,hardzero_plus_depr,0.06,40,942,0.0,2,0.14009808,0.14009808,1.0029563,0.0,0.099321604,0.0,0.0,4.513579e-08,-26.547205,2.206548,0.735516,0.18400002,0.0,0.119016014,18.80024,18.82024,3017600
hardzero_plus_depr__c0p50__z1p00__lam0p020__nu0p50__psi0p75,hardzero_plus_depr,0.06,40,943,0.0,2,0.14009808,0.14009808,1.014827,0.0,0.09664358,0.0,0.0,4.4463786e-08,-27.604824,2.232664,0.7442214,0.112,0.0,0.14816852,18.82024,18.84024,3020800
hardzero_plus_depr__c0p50__z1p00__lam0p020__nu0p50__psi0p75,hardzero_plus_depr,0.06,40,944,0.0,2,0.14009808,0.14009808,0.9770064,0.10543713,0.10543713,1.0,4.618335e-09,4.380179e-08,-27.460627,2.149457,0.7164857,0.128,0.0,0.13061543,18.84024,18.86024,3024000
hardzero_plus_depr__c0p50__z1p00__lam0p020__nu0p50__psi0p75,hardzero_plus_depr,0.06,40,945,0.0,2,0.14009808,0.14009808,1.0025312,0.0,0.09941888,0.0,0.0,4.3149655e-08,-26.990988,2.2056127,0.7352042,0.18400002,0.0,0.13451324,18.86024,18.880241,3027200
hardzero_plus_depr__c0p50__z1p00__lam0p020__nu0p50__psi0p75,hardzero_plus_depr,0.06,40,946,0.0,2,0.14009808,0.14009808,1.0156252,0.0,0.096466094,0.0,0.0,4.2507228e-08,-27.499563,2.23442,0.7448067,0.2,0.0,0.15984091,18.880241,18.900242,3030400
hardzero_plus_depr__c0p50__z1p00__lam0p020__nu0p50__psi0p75,hardzero_plus_depr,0.06,40,947,0.0,2,0.14009808,0.14009808,0.97815037,0.10515977,0.10515977,1.0,4.403498e-09,4.187436e-08,-26.094908,2.1519737,0.7173246,0.216,0.0,0.1371845,18.900242,18.920242,3033600
hardzero_plus_depr__c0p50__z1p00__lam0p020__nu0p50__psi0p75,hardzero_plus_depr,0.06,40,948,0.0,2,0.14009808,0.14009808,1.0550371,0.0,0.08809734,0.0,0.0,4.1250917e-08,-27.527533,2.3211281,0.7737094,0.120000005,0.0,0.15227547,18.920242,18.940243,3036800
hardzero_plus_depr__c0p50__z1p00__lam0p020__nu0p50__psi0p75,hardzero_plus_depr,0.06,40,949,0.0,2,0.14009808,0.14009808,0.9879728,0.10280807,0.10280807,1.0,4.1777866e-09,4.0636756e-08,-26.979965,2.1735835,0.72452784,0.16,0.0,0.1140573,18.940243,18.960243,3040000
hardzero_plus_depr__c0p50__z1p00__lam0p020__nu0p50__psi0p75,hardzero_plus_depr,0.06,40,950,0.0,2,0.14009808,0.14009808,0.97968745,0.10478823,0.10478823,1.0,4.1948556e-09,4.0031743e-08,-26.671684,2.1553555,0.71845186,0.192,0.0,0.1592369,18.960243,18.980244,3043200
hardzero_plus_depr__c0p50__z1p00__lam0p020__nu0p50__psi0p75,hardzero_plus_depr,0.06,40,951,0.0,2,0.14009808,0.14009808,0.97088856,0.10693292,0.10693292,1.0,4.2169788e-09,3.9435736e-08,-25.95603,2.1359975,0.7119992,0.14400001,0.0,0.123319186,18.980244,19.000244,3046400
hardzero_plus_depr__c0p50__z1p00__lam0p020__nu0p50__psi0p75,hardzero_plus_depr,0.06,40,952,0.0,2,0.14009808,0.14009808,0.9678367,0.107687004,0.107687004,1.0,4.1834896e-09,3.88486e-08,-26.44256,2.1292832,0.7097611,0.16000001,0.0,0.14651927,19.000244,19.020245,3049600
hardzero_plus_depr__c0p50__z1p00__lam0p020__nu0p50__psi0p75,hardzero_plus_depr,0.06,40,953,0.0,2,0.14009808,0.14009808,1.0263959,0.0,0.094103135,0.0,0.0,3.8270205e-08,-27.382439,2.258116,0.75270534,0.15200001,0.0,0.1373441,19.020245,19.040245,3052800
hardzero_plus_depr__c0p50__z1p00__lam0p020__nu0p50__psi0p75,hardzero_plus_depr,0.06,40,954,0.0,2,0.14009808,0.14009808,1.0281848,0.0,0.09371632,0.0,0.0,3.7700424e-08,-28.101501,2.2620516,0.75401723,0.128,0.0,0.15354866,19.040245,19.060246,3056000
hardzero_plus_depr__c0p50__z1p00__lam0p020__nu0p50__psi0p75,hardzero_plus_depr,0.06,40,955,0.0,2,0.14009808,0.14009808,1.0083723,0.0,0.098090656,0.0,0.0,3.7139124e-08,-28.077047,2.2184634,0.7394878,0.208,0.0,0.16147965,19.060246,19.080246,3059200
hardzero_plus_depr__c0p50__z1p00__lam0p020__nu0p50__psi0p75,hardzero_plus_depr,0.06,40,956,0.0,2,0.14009808,0.14009808,1.0645142,0.0,0.08619575,0.0,0.0,3.6586183e-08,-28.493885,2.3419778,0.7806593,0.112,0.0,0.16399834,19.080246,19.100246,3062400
hardzero_plus_depr__c0p50__z1p00__lam0p020__nu0p50__psi0p75,hardzero_plus_depr,0.06,40,957,0.0,2,0.14009808,0.14009808,1.0787857,0.0,0.08340926,0.0,0.0,3.6041474e-08,-28.279945,2.373376,0.7911253,0.112,0.0,0.14271274,19.100246,19.120247,3065600
hardzero_plus_depr__c0p50__z1p00__lam0p020__nu0p50__psi0p75,hardzero_plus_depr,0.06,40,958,0.0,2,0.14009808,0.14009808,1.0274161,0.0,0.09388233,0.0,0.0,3.5504872e-08,-26.808584,2.2603605,0.7534535,0.128,0.0,0.14093623,19.120247,19.140247,3068800
hardzero_plus_depr__c0p50__z1p00__lam0p020__nu0p50__psi0p75,hardzero_plus_depr,0.06,40,959,0.0,2,0.14009808,0.14009808,1.0045545,0.0,0.09895677,0.0,0.0,3.4976264e-08,-27.73164,2.210064,0.736688,0.18400002,0.0,0.1447765,19.140247,19.160248,3072000
hardzero_plus_depr__c0p50__z1p00__lam0p020__nu0p50__psi0p75,hardzero_plus_depr,0.06,40,960,0.0,2,0.14009808,0.14009808,1.0086309,0.0,0.09803227,0.0,0.0,3.445552e-08,-26.353134,2.2190323,0.7396774,0.14400001,0.0,0.14134249,19.160248,19.180248,3075200
hardzero_plus_depr__c0p50__z1p00__lam0p020__nu0p50__psi0p75,hardzero_plus_depr,0.06,40,961,0.0,2,0.14009808,0.14009808,1.0859807,0.0,0.082038805,0.0,0.0,3.3942538e-08,-28.619802,2.3892052,0.79640174,0.192,0.0,0.16927838,19.180248,19.200249,3078400
hardzero_plus_depr__c0p50__z1p00__lam0p020__nu0p50__psi0p75,hardzero_plus_depr,0.06,40,962,0.0,2,0.14009808,0.14009808,1.0838523,0.0,0.08244184,0.0,0.0,3.343718e-08,-29.677086,2.3845227,0.79484093,0.12,0.0,0.15527111,19.200249,19.22025,3081600
hardzero_plus_depr__c0p50__z1p00__lam0p020__nu0p50__psi0p75,hardzero_plus_depr,0.06,40,963,0.0,2,0.14009808,0.14009808,1.0622739,0.0,0.08664153,0.0,0.0,3.2939358e-08,-28.996166,2.3370492,0.77901644,0.104,0.0,0.14998011,19.22025,19.24025,3084800
hardzero_plus_depr__c0p50__z1p00__lam0p020__nu0p50__psi0p75,hardzero_plus_depr,0.06,40,964,0.0,2,0.14009808,0.14009808,0.963124,0.10886192,0.10886192,1.0,3.5324546e-09,3.2448945e-08,-25.80466,2.118915,0.706305,0.136,0.0,0.122421436,19.24025,19.26025,3088000
hardzero_plus_depr__c0p50__z1p00__lam0p020__nu0p50__psi0p75,hardzero_plus_depr,0.06,40,965,0.0,2,0.14009808,0.14009808,1.0186639,0.0,0.095793515,0.0,0.0,3.1965833e-08,-27.58256,2.2411053,0.74703515,0.136,0.0,0.14731291,19.26025,19.28025,3091200
hardzero_plus_depr__c0p50__z1p00__lam0p020__nu0p50__psi0p75,hardzero_plus_depr,0.06,40,966,0.0,2,0.14009808,0.14009808,1.0279877,0.0,0.09375885,0.0,0.0,3.148991e-08,-27.176208,2.2616181,0.75387275,0.112,0.0,0.14575419,19.28025,19.300251,3094400
hardzero_plus_depr__c0p50__z1p00__lam0p020__nu0p50__psi0p75,hardzero_plus_depr,0.06,40,967,0.0,2,0.14009808,0.14009808,1.0139254,0.0,0.09684441,0.0,0.0,3.1021077e-08,-27.621225,2.2306805,0.7435602,0.216,0.0,0.17586474,19.300251,19.320251,3097600
hardzero_plus_depr__c0p50__z1p00__lam0p020__nu0p50__psi0p75,hardzero_plus_depr,0.06,40,968,0.0,2,0.14009808,0.14009808,0.96470946,0.108465225,0.108465225,1.0,3.3146124e-09,3.0559217e-08,-25.850206,2.1224031,0.70746773,0.16000001,0.0,0.14792661,19.320251,19.340252,3100800
hardzero_plus_depr__c0p50__z1p00__lam0p020__nu0p50__psi0p75,hardzero_plus_depr,0.06,40,969,0.0,2,0.14009808,0.14009808,1.0420052,0.0,0.09078097,0.0,0.0,3.0104243e-08,-27.741999,2.292457,0.7641524,0.18400002,0.0,0.16810468,19.340252,19.360252,3104000
hardzero_plus_depr__c0p50__z1p00__lam0p020__nu0p50__psi0p75,hardzero_plus_depr,0.06,40,970,0.0,2,0.14009808,0.14009808,1.036231,0.0,0.09199601,0.0,0.0,2.965604e-08,-27.120274,2.2797537,0.7599179,0.15200001,0.0,0.13705292,19.360252,19.380253,3107200
hardzero_plus_depr__c0p50__z1p00__lam0p020__nu0p50__psi0p75,hardzero_plus_depr,0.06,40,971,0.0,2,0.14009808,0.14009808,0.9781628,0.10515676,0.10515676,1.0,3.072103e-09,2.921451e-08,-26.515806,2.1520011,0.71733373,0.18400002,0.0,0.14114366,19.380253,19.400253,3110400
hardzero_plus_depr__c0p50__z1p00__lam0p020__nu0p50__psi0p75,hardzero_plus_depr,0.06,40,972,0.0,2,0.14009808,0.14009808,1.078833,0.0,0.083400175,0.0,0.0,2.8779551e-08,-27.863686,2.3734798,0.79116,0.128,0.0,0.164576,19.400253,19.420254,3113600
hardzero_plus_depr__c0p50__z1p00__lam0p020__nu0p50__psi0p75,hardzero_plus_depr,0.06,40,973,0.0,2,0.14009808,0.14009808,1.0128497,0.0,0.0970846,0.0,0.0,2.8351069e-08,-27.636436,2.2283137,0.74277127,0.16000001,0.0,0.1644382,19.420254,19.440254,3116800
hardzero_plus_depr__c0p50__z1p00__lam0p020__nu0p50__psi0p75,hardzero_plus_depr,0.06,40,974,0.0,2,0.14009808,0.14009808,0.98469025,0.10358808,0.10358808,1.0,2.8931082e-09,2.7928968e-08,-26.389193,2.1663618,0.72212064,0.18400002,0.0,0.17222036,19.440254,19.460255,3120000
hardzero_plus_depr__c0p50__z1p00__lam0p020__nu0p50__psi0p75,hardzero_plus_depr,0.06,40,975,0.0,2,0.14009808,0.14009808,1.01468,0.0,0.09667629,0.0,0.0,2.751315e-08,-26.533154,2.2323406,0.74411356,0.14999999,0.0,0.13100775,19.460255,19.480255,3123200
hardzero_plus_depr__c0p50__z1p00__lam0p020__nu0p50__psi0p75,hardzero_plus_depr,0.06,40,976,0.0,2,0.14009808,0.14009808,0.9868404,0.10307648,0.10307648,1.0,2.793736e-09,2.7103525e-08,-26.650564,2.1710923,0.7236974,0.192,0.0,0.16773248,19.480255,19.500256,3126400
hardzero_plus_depr__c0p50__z1p00__lam0p020__nu0p50__psi0p75,hardzero_plus_depr,0.06,40,977,0.0,2,0.14009808,0.14009808,1.0809033,0.0,0.08300355,0.0,0.0,2.6699997e-08,-28.477201,2.3780348,0.7926783,0.120000005,0.0,0.1532506,19.500256,19.520256,3129600
hardzero_plus_depr__c0p50__z1p00__lam0p020__nu0p50__psi0p75,hardzero_plus_depr,0.06,40,978,0.0,2,0.14009808,0.14009808,1.0419104,0.0,0.09080078,0.0,0.0,2.6302473e-08,-27.33123,2.2922487,0.7640829,0.136,0.0,0.13423385,19.520256,19.540257,3132800
hardzero_plus_depr__c0p50__z1p00__lam0p020__nu0p50__psi0p75,hardzero_plus_depr,0.06,40,979,0.0,2,0.14009808,0.14009808,0.9867024,0.10310925,0.10310925,1.0,2.6716507e-09,2.5910873e-08,-26.335638,2.1707885,0.7235962,0.120000005,0.0,0.12552755,19.540257,19.560257,3136000
hardzero_plus_depr__c0p50__z1p00__lam0p020__nu0p50__psi0p75,hardzero_plus_depr,0.06,40,980,0.0,2,0.14009808,0.14009808,0.96076924,0.10945379,0.10945379,1.0,2.7938194e-09,2.5525104e-08,-26.39374,2.1137345,0.70457816,0.28800002,0.008,0.15449385,19.560257,19.580257,3139200
hardzero_plus_depr__c0p50__z1p00__lam0p020__nu0p50__psi0p75,hardzero_plus_depr,0.06,40,981,0.0,2,0.14009808,0.14009808,1.0168921,0.0,0.09618513,0.0,0.0,2.5145075e-08,-27.907806,2.2372072,0.74573576,0.16000001,0.0,0.15369174,19.580257,19.600258,3142400
hardzero_plus_depr__c0p50__z1p00__lam0p020__nu0p50__psi0p75,hardzero_plus_depr,0.06,40,982,0.0,2,0.14009808,0.14009808,1.0107143,0.0,0.09756312,0.0,0.0,2.4770706e-08,-27.12902,2.223616,0.74120533,0.16800001,0.0,0.15467654,19.600258,19.620258,3145600
hardzero_plus_depr__c0p50__z1p00__lam0p020__nu0p50__psi0p75,hardzero_plus_depr,0.06,40,983,0.0,2,0.14009808,0.14009808,1.0310866,0.0,0.09309223,0.0,0.0,2.4401906e-08,-27.216303,2.2684357,0.75614524,0.16000001,0.0,0.17984903,19.620258,19.640259,3148800
hardzero_plus_depr__c0p50__z1p00__lam0p020__nu0p50__psi0p75,hardzero_plus_depr,0.06,40,984,0.0,2,0.14009808,0.14009808,1.008241,0.0,0.09812031,0.0,0.0,2.4038602e-08,-27.315252,2.2181747,0.73939157,0.136,0.0,0.14933358,19.640259,19.66026,3152000
hardzero_plus_depr__c0p50__z1p00__lam0p020__nu0p50__psi0p75,hardzero_plus_depr,0.06,40,985,0.0,2,0.14009808,0.14009808,0.9973263,0.100617535,0.100617535,1.0,2.3826945e-09,2.3680707e-08,-27.01859,2.1941617,0.73138726,0.192,0.0,0.14203326,19.66026,19.68026,3155200
hardzero_plus_depr__c0p50__z1p00__lam0p020__nu0p50__psi0p75,hardzero_plus_depr,0.06,40,986,0.0,2,0.14009808,0.14009808,1.0470067,0.0,0.08974148,0.0,0.0,2.332814e-08,-27.955473,2.3034608,0.7678203,0.17600001,0.0,0.1639733,19.68026,19.70026,3158400
hardzero_plus_depr__c0p50__z1p00__lam0p020__nu0p50__psi0p75,hardzero_plus_depr,0.06,40,987,0.0,2,0.14009808,0.14009808,0.97672063,0.105506524,0.105506524,1.0,2.4246267e-09,2.2980823e-08,-26.962088,2.1488283,0.7162761,0.17600001,0.0,0.15577519,19.70026,19.72026,3161600
hardzero_plus_depr__c0p50__z1p00__lam0p020__nu0p50__psi0p75,hardzero_plus_depr,0.06,40,988,0.0,2,0.14009808,0.14009808,1.0136937,0.0,0.096896105,0.0,0.0,2.2638671e-08,-27.775608,2.2301707,0.74339026,0.24,0.0,0.13750793,19.72026,19.740261,3164800
hardzero_plus_depr__c0p50__z1p00__lam0p020__nu0p50__psi0p75,hardzero_plus_depr,0.06,40,989,0.0,2,0.14009808,0.14009808,0.9953105,0.10108565,0.10108565,1.0,2.2543736e-09,2.2301618e-08,-27.32083,2.1897268,0.72990894,0.16800001,0.0,0.13157158,19.740261,19.760262,3168000
hardzero_plus_depr__c0p50__z1p00__lam0p020__nu0p50__psi0p75,hardzero_plus_depr,0.06,40,990,0.0,2,0.14009808,0.14009808,1.0268805,0.0,0.09399819,0.0,0.0,2.1969585e-08,-28.015848,2.2591822,0.75306076,0.17600001,0.0,0.16297518,19.760262,19.780262,3171200
hardzero_plus_depr__c0p50__z1p00__lam0p020__nu0p50__psi0p75,hardzero_plus_depr,0.06,40,991,0.0,2,0.14009808,0.14009808,0.96121925,0.10934041,0.10934041,1.0,2.3663989e-09,2.1642492e-08,-26.38283,2.1147246,0.70490825,0.15200001,0.0,0.13939318,19.780262,19.800262,3174400
hardzero_plus_depr__c0p50__z1p00__lam0p020__nu0p50__psi0p75,hardzero_plus_depr,0.06,40,992,0.0,2,0.14009808,0.14009808,1.0090789,0.0,0.09793121,0.0,0.0,2.132027e-08,-27.16646,2.220018,0.74000597,0.14400001,0.0,0.14041054,19.800262,19.820263,3177600
hardzero_plus_depr__c0p50__z1p00__lam0p020__nu0p50__psi0p75,hardzero_plus_depr,0.06,40,993,0.0,2,0.14009808,0.14009808,1.0245606,0.0,0.094501644,0.0,0.0,2.1002846e-08,-26.425093,2.2540781,0.7513594,0.15200001,0.0,0.14069468,19.820263,19.840263,3180800
hardzero_plus_depr__c0p50__z1p00__lam0p020__nu0p50__psi0p75,hardzero_plus_depr,0.06,40,994,0.0,2,0.14009808,0.14009808,1.0177912,0.0,0.09598622,0.0,0.0,2.0690146e-08,-27.005587,2.2391853,0.7463951,0.128,0.0,0.13269056,19.840263,19.860264,3184000
hardzero_plus_depr__c0p50__z1p00__lam0p020__nu0p50__psi0p75,hardzero_plus_depr,0.06,40,995,0.0,2,0.14009808,0.14009808,1.0250412,0.0,0.09439711,0.0,0.0,2.0382103e-08,-26.789955,2.2551358,0.75171196,0.16800001,0.0,0.13926993,19.860264,19.880264,3187200
hardzero_plus_depr__c0p50__z1p00__lam0p020__nu0p50__psi0p75,hardzero_plus_depr,0.06,40,996,0.0,2,0.14009808,0.14009808,1.0366368,0.0,0.09191009,0.0,0.0,2.0078646e-08,-27.63918,2.2806466,0.7602155,0.16000001,0.0,0.15439613,19.880264,19.900265,3190400
hardzero_plus_depr__c0p50__z1p00__lam0p020__nu0p50__psi0p75,hardzero_plus_depr,0.06,40,997,0.0,2,0.14009808,0.14009808,1.0531814,0.0,0.0884746,0.0,0.0,1.9779707e-08,-27.600313,2.3170455,0.7723485,0.192,0.0,0.13098614,19.900265,19.920265,3193600
hardzero_plus_depr__c0p50__z1p00__lam0p020__nu0p50__psi0p75,hardzero_plus_depr,0.06,40,998,0.0,2,0.14009808,0.14009808,0.9707734,0.10696127,0.10696127,1.0,2.084164e-09,1.948522e-08,-26.816824,2.135744,0.7119147,0.18400002,0.0,0.15896478,19.920265,19.940266,3196800
hardzero_plus_depr__c0p50__z1p00__lam0p020__nu0p50__psi0p75,hardzero_plus_depr,0.06,40,999,0.0,2,0.14009808,0.14009808,1.0021431,0.0,0.099507734,0.0,0.0,1.9195115e-08,-27.403938,2.204759,0.73491967,0.18400002,0.0,0.1491396,19.940266,19.960266,3200000
hardzero_plus_depr__c0p50__z1p00__lam0p020__nu0p50__psi0p75,hardzero_plus_depr,0.06,40,1000,0.0,2,0.14009808,0.14009808,0.98369455,0.103825845,0.103825845,1.0,1.9632775e-09,1.8909333e-08,-26.326,2.1641712,0.7213904,0.14400001,0.0,0.14762339,19.960266,19.980267,3203200
hardzero_plus_depr__c0p50__z1p00__lam0p020__nu0p50__psi0p75,hardzero_plus_depr,0.06,40,1001,0.0,2,0.14009808,0.14009808,1.0041192,0.0,0.099056005,0.0,0.0,1.8627802e-08,-26.67354,2.2091062,0.7363688,0.16,0.0,0.15222347,19.980267,20.000267,3206400
hardzero_plus_depr__c0p50__z1p00__lam0p020__nu0p50__psi0p75,hardzero_plus_depr,0.06,40,1002,0.0,2,0.14009808,0.14009808,1.0053036,0.0,0.09878622,0.0,0.0,1.8350464e-08,-26.733389,2.2117121,0.7372374,0.120000005,0.0,0.1385067,20.000267,20.020267,3209600
hardzero_plus_depr__c0p50__z1p00__lam0p020__nu0p50__psi0p75,hardzero_plus_depr,0.06,40,1003,0.0,2,0.14009808,0.14009808,1.0084767,0.0,0.09806708,0.0,0.0,1.8077253e-08,-26.80897,2.218693,0.73956436,0.16000001,0.0,0.16803508,20.020267,20.040268,3212800
hardzero_plus_depr__c0p50__z1p00__lam0p020__nu0p50__psi0p75,hardzero_plus_depr,0.06,40,1004,0.0,2,0.14009808,0.14009808,1.0374976,0.0,0.091728084,0.0,0.0,1.7808112e-08,-26.936272,2.2825403,0.7608468,0.208,0.0,0.133303,20.040268,20.060268,3216000
hardzero_plus_depr__c0p50__z1p00__lam0p020__nu0p50__psi0p75,hardzero_plus_depr,0.06,40,1005,0.0,2,0.14009808,0.14009808,0.98501223,0.103511296,0.103511296,1.0,1.8158964e-09,1.7542979e-08,-27.2248,2.1670702,0.72235674,0.16800001,0.0,0.15719223,20.060268,20.080269,3219200
hardzero_plus_depr__c0p50__z1p00__lam0p020__nu0p50__psi0p75,hardzero_plus_depr,0.06,40,1006,0.0,2,0.14009808,0.14009808,1.0118747,0.0,0.09730278,0.0,0.0,1.7281792e-08,-26.836187,2.2261686,0.74205625,0.14400001,0.0,0.15448618,20.080269,20.10027,3222400
hardzero_plus_depr__c0p50__z1p00__lam0p020__nu0p50__psi0p75,hardzero_plus_depr,0.06,40,1007,0.0,2,0.14009808,0.14009808,0.97103596,0.106896624,0.106896624,1.0,1.8198609e-09,1.7024494e-08,-26.792048,2.1363218,0.7121073,0.2,0.0,0.16084917,20.10027,20.12027,3225600
hardzero_plus_depr__c0p50__z1p00__lam0p020__nu0p50__psi0p75,hardzero_plus_depr,0.06,40,1008,0.0,2,0.14009808,0.14009808,0.98720616,0.10298971,0.10298971,1.0,1.727243e-09,1.6771025e-08,-26.439575,2.171897,0.72396564,0.120000005,0.0,0.12930052,20.12027,20.14027,3228800
hardzero_plus_depr__c0p50__z1p00__lam0p020__nu0p50__psi0p75,hardzero_plus_depr,0.06,40,1009,0.0,2,0.14009808,0.14009808,0.9916488,0.10194154,0.10194154,1.0,1.68421e-09,1.6521332e-08,-26.786512,2.181671,0.72722363,0.136,0.0,0.13381903,20.14027,20.16027,3232000
hardzero_plus_depr__c0p50__z1p00__lam0p020__nu0p50__psi0p75,hardzero_plus_depr,0.06,40,1010,0.0,2,0.14009808,0.14009808,0.94797635,0.112725876,0.112725876,1.0,1.8346538e-09,1.6275356e-08,-25.928366,2.0855896,0.69519657,0.208,0.0,0.13978475,20.16027,20.180271,3235200
hardzero_plus_depr__c0p50__z1p00__lam0p020__nu0p50__psi0p75,hardzero_plus_depr,0.06,40,1011,0.0,2,0.14009808,0.14009808,1.0184953,0.0,0.09583071,0.0,0.0,1.6033043e-08,-27.452532,2.2407343,0.74691147,0.192,0.0,0.1740501,20.180271,20.200272,3238400
hardzero_plus_depr__c0p50__z1p00__lam0p020__nu0p50__psi0p75,hardzero_plus_depr,0.06,40,1012,0.0,2,0.14009808,0.14009808,1.0805461,0.0,0.083071835,0.0,0.0,1.5794335e-08,-28.07613,2.377249,0.79241633,0.14400001,0.0,0.15866418,20.200272,20.220272,3241600
hardzero_plus_depr__c0p50__z1p00__lam0p020__nu0p50__psi0p75,hardzero_plus_depr,0.06,40,1013,0.0,2,0.14009808,0.14009808,0.997349,0.10061226,0.10061226,1.0,1.5654447e-09,1.5559184e-08,-27.296078,2.1942117,0.73140395,0.224,0.0,0.12817498,20.220272,20.240273,3244800
hardzero_plus_depr__c0p50__z1p00__lam0p020__nu0p50__psi0p75,hardzero_plus_depr,0.06,40,1014,0.0,2,0.14009808,0.14009808,1.0085652,0.0,0.098047115,0.0,0.0,1.5327531e-08,-26.159288,2.2188878,0.73962927,0.12,0.0,0.12978898,20.240273,20.260273,3248000
hardzero_plus_depr__c0p50__z1p00__lam0p020__nu0p50__psi0p75,hardzero_plus_depr,0.06,40,1015,0.0,2,0.14009808,0.14009808,0.96824175,0.10758661,0.10758661,1.0,1.6244857e-09,1.509933e-08,-25.388752,2.1301744,0.71005815,0.216,0.0,0.13384019,20.260273,20.280273,3251200
hardzero_plus_depr__c0p50__z1p00__lam0p020__nu0p50__psi0p75,hardzero_plus_depr,0.06,40,1016,0.0,2,0.14009808,0.14009808,0.9817505,0.10429164,0.10429164,1.0,1.5512887e-09,1.4874526e-08,-27.648724,2.1598942,0.71996474,0.23200001,0.0,0.13784066,20.280273,20.300274,3254400
hardzero_plus_depr__c0p50__z1p00__lam0p020__nu0p50__psi0p75,hardzero_plus_depr,0.06,40,1017,0.0,2,0.14009808,0.14009808,1.0042619,0.0,0.09902347,0.0,0.0,1.4653066e-08,-26.307615,2.2094202,0.73647344,0.104,0.0,0.13720366,20.300274,20.320274,3257600
hardzero_plus_depr__c0p50__z1p00__lam0p020__nu0p50__psi0p75,hardzero_plus_depr,0.06,40,1018,0.0,2,0.14009808,0.14009808,1.0653497,0.0,0.08603006,0.0,0.0,1.4434907e-08,-28.122877,2.343816,0.78127205,0.2,0.0,0.16843371,20.320274,20.340275,3260800
hardzero_plus_depr__c0p50__z1p00__lam0p020__nu0p50__psi0p75,hardzero_plus_depr,0.06,40,1019,0.0,2,0.14009808,0.14009808,1.0098296,0.0,0.09776206,0.0,0.0,1.4219993e-08,-27.046764,2.2216697,0.7405566,0.120000005,0.0,0.12966666,20.340275,20.360275,3264000
hardzero_plus_depr__c0p50__z1p00__lam0p020__nu0p50__psi0p75,hardzero_plus_depr,0.06,40,1020,0.0,2,0.14009808,0.14009808,1.0346885,0.0,0.09232335,0.0,0.0,1.4008281e-08,-27.59763,2.27636,0.7587867,0.120000005,0.0,0.16166475,20.360275,20.380276,3267200
hardzero_plus_depr__c0p50__z1p00__lam0p020__nu0p50__psi0p75,hardzero_plus_depr,0.06,40,1021,0.0,2,0.14009808,0.14009808,1.0401478,0.0,0.09117005,0.0,0.0,1.37997205e-08,-28.118488,2.2883708,0.7627903,0.08800001,0.0,0.1376771,20.380276,20.400276,3270400
hardzero_plus_depr__c0p50__z1p00__lam0p020__nu0p50__psi0p75,hardzero_plus_depr,0.06,40,1022,0.0,2,0.14009808,0.14009808,1.02209,0.0,0.09504079,0.0,0.0,1.3594264e-08,-27.782227,2.248643,0.74954766,0.224,0.0,0.169329,20.400276,20.420277,3273600
hardzero_plus_depr__c0p50__z1p00__lam0p020__nu0p50__psi0p75,hardzero_plus_depr,0.06,40,1023,0.0,2,0.14009808,0.14009808,1.0134362,0.0,0.09695358,0.0,0.0,1.3391867e-08,-26.59697,2.2296042,0.74320143,0.16800001,0.0,0.14463015,20.420277,20.440277,3276800
hardzero_plus_depr__c0p50__z1p00__lam0p020__nu0p50__psi0p75,hardzero_plus_depr,0.06,40,1024,0.0,2,0.14009808,0.14009808,0.93768156,0.115429915,0.115429915,1.0,1.5228072e-09,1.31924836e-08,-26.056076,2.0629406,0.68764687,0.16800001,0.0,0.12633447,20.440277,20.460278,3280000
hardzero_plus_depr__c0p50__z1p00__lam0p020__nu0p50__psi0p75,hardzero_plus_depr,0.06,40,1025,0.0,2,0.14009808,0.14009808,0.99475,0.10121619,0.10121619,1.0,1.3154127e-09,1.299607e-08,-26.998993,2.1884937,0.7294979,0.15200001,0.0,0.1925314,20.460278,20.480278,3283200
hardzero_plus_depr__c0p50__z1p00__lam0p020__nu0p50__psi0p75,hardzero_plus_depr,0.06,40,1026,0.0,2,0.14009808,0.14009808,0.9795485,0.10482176,0.10482176,1.0,1.3419889e-09,1.2802579e-08,-26.415642,2.1550498,0.71834993,0.208,0.0,0.14749135,20.480278,20.500278,3286400
hardzero_plus_depr__c0p50__z1p00__lam0p020__nu0p50__psi0p75,hardzero_plus_depr,0.06,40,1027,0.0,2,0.14009808,0.14009808,1.0165892,0.0,0.09625223,0.0,0.0,1.2611969e-08,-27.602762,2.2365408,0.7455136,0.22999999,0.01,0.1243368,20.500278,20.520279,3289600
hardzero_plus_depr__c0p50__z1p00__lam0p020__nu0p50__psi0p75,hardzero_plus_depr,0.06,40,1028,0.0,2,0.14009808,0.14009808,1.0226206,0.0,0.09492473,0.0,0.0,1.2424197e-08,-26.6106,2.2498102,0.74993676,0.128,0.0,0.14064926,20.520279,20.54028,3292800
hardzero_plus_depr__c0p50__z1p00__lam0p020__nu0p50__psi0p75,hardzero_plus_depr,0.06,40,1029,0.0,2,0.14009808,0.14009808,1.0805644,0.0,0.08306835,0.0,0.0,1.2239219e-08,-28.896107,2.377289,0.7924297,0.128,0.0,0.16731343,20.54028,20.56028,3296000
hardzero_plus_depr__c0p50__z1p00__lam0p020__nu0p50__psi0p75,hardzero_plus_depr,0.06,40,1030,0.0,2,0.14009808,0.14009808,1.0250032,0.0,0.0944054,0.0,0.0,1.2056998e-08,-27.36935,2.255052,0.75168407,0.15200001,0.0,0.1364281,20.56028,20.58028,3299200
hardzero_plus_depr__c0p50__z1p00__lam0p020__nu0p50__psi0p75,hardzero_plus_depr,0.06,40,1031,0.0,2,0.14009808,0.14009808,0.99472433,0.10122217,0.10122217,1.0,1.2022652e-09,1.1877488e-08,-27.51983,2.1884372,0.7294791,0.208,0.0,0.17894298,20.58028,20.60028,3302400
hardzero_plus_depr__c0p50__z1p00__lam0p020__nu0p50__psi0p75,hardzero_plus_depr,0.06,40,1032,0.0,2,0.14009808,0.14009808,1.0333682,0.0,0.09260442,0.0,0.0,1.1700652e-08,-27.427408,2.2734554,0.75781846,0.16000001,0.0,0.1301003,20.60028,20.620281,3305600
hardzero_plus_depr__c0p50__z1p00__lam0p020__nu0p50__psi0p75,hardzero_plus_depr,0.06,40,1033,0.0,2,0.14009808,0.14009808,0.9923743,0.101771384,0.101771384,1.0,1.1730625e-09,1.1526447e-08,-27.056572,2.183267,0.7277557,0.18400002,0.0,0.15351775,20.620281,20.640282,3308800
hardzero_plus_depr__c0p50__z1p00__lam0p020__nu0p50__psi0p75,hardzero_plus_depr,0.06,40,1034,0.0,2,0.14009808,0.14009808,1.0177028,0.0,0.09600574,0.0,0.0,1.1354837e-08,-27.753286,2.2389908,0.74633026,0.208,0.0,0.17188993,20.640282,20.660282,3312000
hardzero_plus_depr__c0p50__z1p00__lam0p020__nu0p50__psi0p75,hardzero_plus_depr,0.06,40,1035,0.0,2,0.14009808,0.14009808,0.9762536,0.105620034,0.105620034,1.0,1.1814427e-09,1.1185782e-08,-26.650553,2.147801,0.7159337,0.2,0.0,0.20668674,20.660282,20.680283,3315200
hardzero_plus_depr__c0p50__z1p00__lam0p020__nu0p50__psi0p75,hardzero_plus_depr,0.06,40,1036,0.0,2,0.14009808,0.14009808,1.0415598,0.0,0.090874106,0.0,0.0,1.1019243e-08,-28.45385,2.2914774,0.76382583,0.136,0.0,0.16689134,20.680283,20.700283,3318400
hardzero_plus_depr__c0p50__z1p00__lam0p020__nu0p50__psi0p75,hardzero_plus_depr,0.06,40,1037,0.0,2,0.14009808,0.14009808,0.99165314,0.10194053,0.10194053,1.0,1.1065833e-09,1.0855185e-08,-26.729685,2.1816804,0.72722685,0.16000001,0.0,0.13875736,20.700283,20.720284,3321600
hardzero_plus_depr__c0p50__z1p00__lam0p020__nu0p50__psi0p75,hardzero_plus_depr,0.06,40,1038,0.0,2,0.14009808,0.14009808,1.0195999,0.0,0.09558727,0.0,0.0,1.0693568e-08,-27.27929,2.2431645,0.74772155,0.16000001,0.0,0.14430156,20.720284,20.740284,3324800
hardzero_plus_depr__c0p50__z1p00__lam0p020__nu0p50__psi0p75,hardzero_plus_depr,0.06,40,1039,0.0,2,0.14009808,0.14009808,1.0177561,0.0,0.09599395,0.0,0.0,1.0534359e-08,-26.667059,2.239108,0.74636936,0.15200001,0.0,0.14766522,20.740284,20.760284,3328000
hardzero_plus_depr__c0p50__z1p00__lam0p020__nu0p50__psi0p75,hardzero_plus_depr,0.06,40,1040,0.0,2,0.14009808,0.14009808,1.0318202,0.0,0.092935115,0.0,0.0,1.0377518e-08,-26.553223,2.2700498,0.7566833,0.14999999,0.0,0.15195288,20.760284,20.780285,3331200
hardzero_plus_depr__c0p50__z1p00__lam0p020__nu0p50__psi0p75,hardzero_plus_depr,0.06,40,1041,0.0,2,0.14009808,0.14009808,0.98838717,0.10271003,0.10271003,1.0,1.0500061e-09,1.0223014e-08,-26.289852,2.1744952,0.72483176,0.120000005,0.0,0.1277761,20.780285,20.800285,3334400
hardzero_plus_depr__c0p50__z1p00__lam0p020__nu0p50__psi0p75,hardzero_plus_depr,0.06,40,1042,0.0,2,0.14009808,0.14009808,0.99753135,0.10057005,0.10057005,1.0,1.0128218e-09,1.0070809e-08,-26.604872,2.1946127,0.7315376,0.2,0.0,0.13481599,20.800285,20.820286,3337600
hardzero_plus_depr__c0p50__z1p00__lam0p020__nu0p50__psi0p75,hardzero_plus_depr,0.06,40,1043,0.0,2,0.14009808,0.14009808,1.0241156,0.0,0.09459854,0.0,0.0,9.920871e-09,-26.690928,2.2530992,0.75103307,0.17600001,0.0,0.13578448,20.820286,20.840286,3340800
hardzero_plus_depr__c0p50__z1p00__lam0p020__nu0p50__psi0p75,hardzero_plus_depr,0.06,40,1044,0.0,2,0.14009808,0.14009808,0.9927315,0.10168771,0.10168771,1.0,9.938108e-10,9.773165e-09,-26.533018,2.184053,0.7280177,0.16000001,0.0,0.12587142,20.840286,20.860287,3344000
hardzero_plus_depr__c0p50__z1p00__lam0p020__nu0p50__psi0p75,hardzero_plus_depr,0.06,40,1045,0.0,2,0.14009808,0.14009808,0.991191,0.10204905,0.10204905,1.0,9.824934e-10,9.627659e-09,-26.721857,2.1806638,0.72688794,0.16000001,0.0,0.16696818,20.860287,20.880287,3347200
hardzero_plus_depr__c0p50__z1p00__lam0p020__nu0p50__psi0p75,hardzero_plus_depr,0.06,40,1046,0.0,2,0.14009808,0.14009808,1.032547,0.0,0.092779696,0.0,0.0,9.484318e-09,-27.660868,2.271649,0.75721633,0.16800001,0.0,0.16109827,20.880287,20.900288,3350400
hardzero_plus_depr__c0p50__z1p00__lam0p020__nu0p50__psi0p75,hardzero_plus_depr,0.06,40,1047,0.0,2,0.14009808,0.14009808,1.0320089,0.0,0.09289472,0.0,0.0,9.343111e-09,-27.73205,2.270465,0.75682163,0.16000001,0.0,0.15503696,20.900288,20.920288,3353600
hardzero_plus_depr__c0p50__z1p00__lam0p020__nu0p50__psi0p75,hardzero_plus_depr,0.06,40,1048,0.0,2,0.14009808,0.14009808,1.0104218,0.0,0.09762885,0.0,0.0,9.204008e-09,-26.822681,2.2229722,0.74099076,0.14400001,0.0,0.1384725,20.920288,20.940289,3356800
hardzero_plus_depr__c0p50__z1p00__lam0p020__nu0p50__psi0p75,hardzero_plus_depr,0.06,40,1049,0.0,2,0.14009808,0.14009808,0.9698284,0.10719427,0.10719427,1.0,9.719278e-10,9.066975e-09,-26.449625,2.133665,0.7112217,0.16000001,0.0,0.1408948,20.940289,20.960289,3360000
hardzero_plus_depr__c0p50__z1p00__lam0p020__nu0p50__psi0p75,hardzero_plus_depr,0.06,40,1050,0.0,2,0.14009808,0.14009808,1.0008972,0.0,0.09979362,0.0,0.0,8.931982e-09,-26.936825,2.2020178,0.7340059,0.2,0.0,0.17184304,20.960289,20.98029,3363200
hardzero_plus_depr__c0p50__z1p00__lam0p020__nu0p50__psi0p75,hardzero_plus_depr,0.06,40,1051,0.0,2,0.14009808,0.14009808,0.9865596,0.103143156,0.103143156,1.0,9.075566e-10,8.799e-09,-26.726406,2.1704745,0.72349155,0.15200001,0.0,0.12545347,20.98029,21.00029,3366400
hardzero_plus_depr__c0p50__z1p00__lam0p020__nu0p50__psi0p75,hardzero_plus_depr,0.06,40,1052,0.0,2,0.14009808,0.14009808,1.054964,0.0,0.08811219,0.0,0.0,8.667996e-09,-27.647587,2.320967,0.77365565,0.14400001,0.0,0.1512328,21.00029,21.02029,3369600
hardzero_plus_depr__c0p50__z1p00__lam0p020__nu0p50__psi0p75,hardzero_plus_depr,0.06,40,1053,0.0,2,0.14009808,0.14009808,1.0869588,0.0,0.081854254,0.0,0.0,8.538944e-09,-27.643219,2.391357,0.797119,0.14999999,0.0,0.17193018,21.02029,21.04029,3372800
hardzero_plus_depr__c0p50__z1p00__lam0p020__nu0p50__psi0p75,hardzero_plus_depr,0.06,40,1054,0.0,2,0.14009808,0.14009808,1.0477227,0.0,0.08959368,0.0,0.0,8.411813e-09,-27.158882,2.305036,0.76834536,0.15200001,0.0,0.13926984,21.04029,21.060291,3376000
hardzero_plus_depr__c0p50__z1p00__lam0p020__nu0p50__psi0p75,hardzero_plus_depr,0.06,40,1055,0.0,2,0.14009808,0.14009808,0.9950266,0.10115176,0.10115176,1.0,8.382016e-10,8.286575e-09,-26.237528,2.1891022,0.72970074,0.192,0.0,0.14399184,21.060291,21.080292,3379200
hardzero_plus_depr__c0p50__z1p00__lam0p020__nu0p50__psi0p75,hardzero_plus_depr,0.06,40,1056,0.0,2,0.14009808,0.14009808,1.0365841,0.0,0.09192124,0.0,0.0,8.163201e-09,-28.04318,2.2805307,0.7601769,0.128,0.0,0.14062648,21.080292,21.100292,3382400
hardzero_plus_depr__c0p50__z1p00__lam0p020__nu0p50__psi0p75,hardzero_plus_depr,0.06,40,1057,0.0,2,0.14009808,0.14009808,0.979961,0.10472227,0.10472227,1.0,8.4214125e-10,8.041663e-09,-26.194956,2.1559572,0.7186524,0.18400002,0.0,0.12898321,21.100292,21.120293,3385600
hardzero_plus_depr__c0p50__z1p00__lam0p020__nu0p50__psi0p75,hardzero_plus_depr,0.06,40,1058,0.0,2,0.14009808,0.14009808,1.0522176,0.0,0.08867116,0.0,0.0,7.921936e-09,-28.192087,2.314925,0.7716417,0.18400002,0.0,0.15699634,21.120293,21.140293,3388800
hardzero_plus_depr__c0p50__z1p00__lam0p020__nu0p50__psi0p75,hardzero_plus_depr,0.06,40,1059,0.0,2,0.14009808,0.14009808,0.9646556,0.10847868,0.10847868,1.0,8.4656665e-10,7.803991e-09,-27.195677,2.1222847,0.7074282,0.14400001,0.0,0.13518575,21.140293,21.160294,3392000
hardzero_plus_depr__c0p50__z1p00__lam0p020__nu0p50__psi0p75,hardzero_plus_depr,0.06,40,1060,0.0,2,0.14009808,0.14009808,0.95656544,0.110518396,0.110518396,1.0,8.496436e-10,7.687802e-09,-26.690845,2.104486,0.70149535,0.16800001,0.0,0.13698143,21.160294,21.180294,3395200
hardzero_plus_depr__c0p50__z1p00__lam0p020__nu0p50__psi0p75,hardzero_plus_depr,0.06,40,1061,0.0,2,0.14009808,0.14009808,1.0236163,0.0,0.094707355,0.0,0.0,7.573343e-09,-26.79328,2.2520008,0.750667,0.104,0.0,0.1620113,21.180294,21.200294,3398400
hardzero_plus_depr__c0p50__z1p00__lam0p020__nu0p50__psi0p75,hardzero_plus_depr,0.06,40,1062,0.0,2,0.14009808,0.14009808,1.0364622,0.0,0.091947064,0.0,0.0,7.460588e-09,-27.653624,2.2802625,0.7600875,0.18400002,0.0,0.12697016,21.200294,21.220295,3401600
hardzero_plus_depr__c0p50__z1p00__lam0p020__nu0p50__psi0p75,hardzero_plus_depr,0.06,40,1063,0.0,2,0.14009808,0.14009808,1.0228817,0.0,0.09486767,0.0,0.0,7.349512e-09,-28.072573,2.2503848,0.75012827,0.14400001,0.0,0.15149403,21.220295,21.240295,3404800
hardzero_plus_depr__c0p50__z1p00__lam0p020__nu0p50__psi0p75,hardzero_plus_depr,0.06,40,1064,0.0,2,0.14009808,0.14009808,1.0188482,0.0,0.095752865,0.0,0.0,7.2400894e-09,-27.000214,2.2415109,0.7471703,0.208,0.0,0.14515632,21.240295,21.260296,3408000
hardzero_plus_depr__c0p50__z1p00__lam0p020__nu0p50__psi0p75,hardzero_plus_depr,0.06,40,1065,0.0,2,0.14009808,0.14009808,0.997087,0.10067299,0.10067299,1.0,7.180296e-10,7.132296e-09,-27.180637,2.1936352,0.7312118,0.17600001,0.0,0.12781298,21.260296,21.280296,3411200
hardzero_plus_depr__c0p50__z1p00__lam0p020__nu0p50__psi0p75,hardzero_plus_depr,0.06,40,1066,0.0,2,0.14009808,0.14009808,0.9800232,0.10470726,0.10470726,1.0,7.356845e-10,7.0261077e-09,-27.193441,2.156094,0.718698,0.19999999,0.0,0.13751404,21.280296,21.300297,3414400
hardzero_plus_depr__c0p50__z1p00__lam0p020__nu0p50__psi0p75,hardzero_plus_depr,0.06,40,1067,0.0,2,0.14009808,0.14009808,1.0011536,0.0,0.09973473,0.0,0.0,6.9215003e-09,-26.355192,2.202582,0.734194,0.16000001,0.0,0.13893941,21.300297,21.320297,3417600
hardzero_plus_depr__c0p50__z1p00__lam0p020__nu0p50__psi0p75,hardzero_plus_depr,0.06,40,1068,0.0,2,0.14009808,0.14009808,1.0639156,0.0,0.08631463,0.0,0.0,6.81845e-09,-27.699238,2.340661,0.7802204,0.112,0.0,0.15737526,21.320297,21.340298,3420800
hardzero_plus_depr__c0p50__z1p00__lam0p020__nu0p50__psi0p75,hardzero_plus_depr,0.06,40,1069,0.0,2,0.14009808,0.14009808,1.0833071,0.0,0.08254539,0.0,0.0,6.7169412e-09,-28.40803,2.3833234,0.79444116,0.08800001,0.0,0.159873,21.340298,21.360298,3424000
hardzero_plus_depr__c0p50__z1p00__lam0p020__nu0p50__psi0p75,hardzero_plus_depr,0.06,40,1070,0.0,2,0.14009808,0.14009808,1.0131698,0.0,0.09701307,0.0,0.0,6.6169297e-09,-27.29326,2.229018,0.743006,0.17600001,0.0,0.12953947,21.360298,21.380299,3427200
hardzero_plus_depr__c0p50__z1p00__lam0p020__nu0p50__psi0p75,hardzero_plus_depr,0.06,40,1071,0.0,2,0.14009808,0.14009808,0.9792399,0.10489629,0.10489629,1.0,6.8375683e-10,6.518408e-09,-26.98545,2.1543708,0.7181236,0.16000001,0.0,0.15435639,21.380299,21.4003,3430400
hardzero_plus_depr__c0p50__z1p00__lam0p020__nu0p50__psi0p75,hardzero_plus_depr,0.06,40,1072,0.0,2,0.14009808,0.14009808,0.9932465,0.10156721,0.10156721,1.0,6.522002e-10,6.4213657e-09,-26.521156,2.185186,0.72839534,0.16000001,0.0,0.12032166,21.4003,21.4203,3433600
hardzero_plus_depr__c0p50__z1p00__lam0p020__nu0p50__psi0p75,hardzero_plus_depr,0.06,40,1073,0.0,2,0.14009808,0.14009808,1.010567,0.0,0.09759622,0.0,0.0,6.325768e-09,-27.447737,2.2232916,0.7410972,0.16800001,0.0,0.15984492,21.4203,21.4403,3436800
hardzero_plus_depr__c0p50__z1p00__lam0p020__nu0p50__psi0p75,hardzero_plus_depr,0.06,40,1074,0.0,2,0.14009808,0.14009808,0.9607584,0.1094565,0.1094565,1.0,6.820871e-10,6.2315815e-09,-25.90734,2.1137106,0.70457023,0.15200001,0.0,0.11811605,21.4403,21.4603,3440000
hardzero_plus_depr__c0p50__z1p00__lam0p020__nu0p50__psi0p75,hardzero_plus_depr,0.06,40,1075,0.0,2,0.14009808,0.14009808,1.0043526,0.0,0.099002786,0.0,0.0,6.138797e-09,-26.796747,2.2096198,0.73653996,0.17600001,0.0,0.14452949,21.4603,21.4803,3443200
hardzero_plus_depr__c0p50__z1p00__lam0p020__nu0p50__psi0p75,hardzero_plus_depr,0.06,40,1076,0.0,2,0.14009808,0.14009808,0.99145675,0.10198664,0.10198664,1.0,6.1675465e-10,6.047406e-09,-26.295473,2.1812484,0.72708285,0.17600001,0.0,0.13791794,21.4803,21.500301,3446400
hardzero_plus_depr__c0p50__z1p00__lam0p020__nu0p50__psi0p75,hardzero_plus_depr,0.06,40,1077,0.0,2,0.14009808,0.14009808,1.0095766,0.0,0.097819045,0.0,0.0,5.9573755e-09,-27.323711,2.2211127,0.7403709,0.15200001,0.0,0.13196455,21.500301,21.520302,3449600
hardzero_plus_depr__c0p50__z1p00__lam0p020__nu0p50__psi0p75,hardzero_plus_depr,0.06,40,1078,0.0,2,0.14009808,0.14009808,1.0016141,0.0,0.099629015,0.0,0.0,5.868674e-09,-27.58593,2.203595,0.73453164,0.128,0.0,0.15804197,21.520302,21.540302,3452800
hardzero_plus_depr__c0p50__z1p00__lam0p020__nu0p50__psi0p75,hardzero_plus_depr,0.06,40,1079,0.0,2,0.14009808,0.14009808,1.019829,0.0,0.09553685,0.0,0.0,5.7812937e-09,-26.262638,2.2436688,0.74788964,0.14999999,0.0,0.13249394,21.540302,21.560303,3456000
hardzero_plus_depr__c0p50__z1p00__lam0p020__nu0p50__psi0p75,hardzero_plus_depr,0.06,40,1080,0.0,2,0.14009808,0.14009808,1.0631039,0.0,0.0864761,0.0,0.0,5.6952247e-09,-28.092367,2.3388753,0.7796251,0.112,0.0,0.21339147,21.560303,21.580303,3459200
hardzero_plus_depr__c0p50__z1p00__lam0p020__nu0p50__psi0p75,hardzero_plus_depr,0.06,40,1081,0.0,2,0.14009808,0.14009808,1.0347627,0.0,0.092307545,0.0,0.0,5.610437e-09,-28.116611,2.2765236,0.7588412,0.128,0.0,0.14941777,21.580303,21.600304,3462400
hardzero_plus_depr__c0p50__z1p00__lam0p020__nu0p50__psi0p75,hardzero_plus_depr,0.06,40,1082,0.0,2,0.14009808,0.14009808,0.9763218,0.10560347,0.10560347,1.0,5.8366e-10,5.5269016e-09,-26.344404,2.147951,0.7159836,0.15200001,0.0,0.1378262,21.600304,21.620304,3465600
hardzero_plus_depr__c0p50__z1p00__lam0p020__nu0p50__psi0p75,hardzero_plus_depr,0.06,40,1083,0.0,2,0.14009808,0.14009808,1.0251771,0.0,0.0943676,0.0,0.0,5.4446097e-09,-27.315365,2.2554348,0.7518116,0.136,0.0,0.14151065,21.620304,21.640305,3468800
hardzero_plus_depr__c0p50__z1p00__lam0p020__nu0p50__psi0p75,hardzero_plus_depr,0.06,40,1084,0.0,2,0.14009808,0.14009808,0.98851335,0.10268018,0.10268018,1.0,5.507306e-10,5.363553e-09,-27.286663,2.1747727,0.72492427,0.208,0.0,0.13818301,21.640305,21.660305,3472000
hardzero_plus_depr__c0p50__z1p00__lam0p020__nu0p50__psi0p75,hardzero_plus_depr,0.06,40,1085,0.0,2,0.14009808,0.14009808,1.0425023,0.0,0.09067712,0.0,0.0,5.2837033e-09,-28.35335,2.2935507,0.76451695,0.15200001,0.0,0.19337909,21.660305,21.680305,3475200
hardzero_plus_depr__c0p50__z1p00__lam0p020__nu0p50__psi0p75,hardzero_plus_depr,0.06,40,1086,0.0,2,0.14009808,0.14009808,0.9836124,0.10384548,0.10384548,1.0,5.405192e-10,5.2050333e-09,-26.335512,2.1639905,0.72133017,0.15200001,0.0,0.09993346,21.680305,21.700306,3478400
hardzero_plus_depr__c0p50__z1p00__lam0p020__nu0p50__psi0p75,hardzero_plus_depr,0.06,40,1087,0.0,2,0.14009808,0.14009808,0.988716,0.102632284,0.102632284,1.0,5.262505e-10,5.1275335e-09,-27.03659,2.1752186,0.72507286,0.16800001,0.0,0.13502207,21.700306,21.720306,3481600
hardzero_plus_depr__c0p50__z1p00__lam0p020__nu0p50__psi0p75,hardzero_plus_depr,0.06,40,1088,0.0,2,0.14009808,0.14009808,1.0381949,0.0,0.09158095,0.0,0.0,5.0511972e-09,-27.556602,2.2840743,0.76135814,0.15200001,0.0,0.14984696,21.720306,21.740307,3484800
hardzero_plus_depr__c0p50__z1p00__lam0p020__nu0p50__psi0p75,hardzero_plus_depr,0.06,40,1089,0.0,2,0.14009808,0.14009808,1.066342,0.0,0.08583373,0.0,0.0,4.9759974e-09,-27.725058,2.3459992,0.78199977,0.16000001,0.0,0.14619942,21.740307,21.760307,3488000
hardzero_plus_depr__c0p50__z1p00__lam0p020__nu0p50__psi0p75,hardzero_plus_depr,0.06,40,1090,0.0,2,0.14009808,0.14009808,0.9652436,0.108331926,0.108331926,1.0,5.310332e-10,4.9019087e-09,-26.105673,2.1235783,0.70785946,0.16000001,0.0,0.116850235,21.760307,21.780308,3491200
hardzero_plus_depr__c0p50__z1p00__lam0p020__nu0p50__psi0p75,hardzero_plus_depr,0.06,40,1091,0.0,2,0.14009808,0.14009808,1.0297152,0.0,0.09338664,0.0,0.0,4.8289226e-09,-27.696207,2.2654185,0.7551395,0.128,0.0,0.14045861,21.780308,21.800308,3494400
hardzero_plus_depr__c0p50__z1p00__lam0p020__nu0p50__psi0p75,hardzero_plus_depr,0.06,40,1092,0.0,2,0.14009808,0.14009808,1.0833012,0.0,0.08254653,0.0,0.0,4.7570317e-09,-28.236767,2.3833103,0.7944368,0.17,0.0,0.15567742,21.800308,21.820309,3497600
hardzero_plus_depr__c0p50__z1p00__lam0p020__nu0p50__psi0p75,hardzero_plus_depr,0.06,40,1093,0.0,2,0.14009808,0.14009808,0.97756284,0.105302125,0.105302125,1.0,4.9346804e-10,4.6862114e-09,-26.548645,2.1506813,0.7168938,0.15200001,0.0,0.14378707,21.820309,21.84031,3500800
hardzero_plus_depr__c0p50__z1p00__lam0p020__nu0p50__psi0p75,hardzero_plus_depr,0.06,40,1094,0.0,2,0.14009808,0.14009808,1.016665,0.0,0.09623544,0.0,0.0,4.6164375e-09,-27.002134,2.2367077,0.7455692,0.2,0.0,0.1533665,21.84031,21.86031,3504000
hardzero_plus_depr__c0p50__z1p00__lam0p020__nu0p50__psi0p75,hardzero_plus_depr,0.06,40,1095,0.0,2,0.14009808,0.14009808,1.0679826,0.0,0.085510105,0.0,0.0,4.5477013e-09,-28.108875,2.3496084,0.7832028,0.096,0.0,0.14756595,21.86031,21.88031,3507200
hardzero_plus_depr__c0p50__z1p00__lam0p020__nu0p50__psi0p75,hardzero_plus_depr,0.06,40,1096,0.0,2,0.14009808,0.14009808,0.96207875,0.10912426,0.10912426,1.0,4.8887644e-10,4.4799977e-09,-25.427706,2.1166155,0.7055385,0.16000001,0.0,0.13245028,21.88031,21.90031,3510400
hardzero_plus_depr__c0p50__z1p00__lam0p020__nu0p50__psi0p75,hardzero_plus_depr,0.06,40,1097,0.0,2,0.14009808,0.14009808,1.0239662,0.0,0.09463108,0.0,0.0,4.413302e-09,-27.232286,2.2527707,0.7509236,0.136,0.0,0.12342449,21.90031,21.920311,3513600
hardzero_plus_depr__c0p50__z1p00__lam0p020__nu0p50__psi0p75,hardzero_plus_depr,0.06,40,1098,0.0,2,0.14009808,0.14009808,1.0550009,0.0,0.088104695,0.0,0.0,4.3475907e-09,-28.330559,2.3210483,0.7736828,0.16800001,0.0,0.17521518,21.920311,21.940311,3516800
hardzero_plus_depr__c0p50__z1p00__lam0p020__nu0p50__psi0p75,hardzero_plus_depr,0.06,40,1099,0.0,2,0.14009808,0.14009808,0.9627567,0.10895402,0.10895402,1.0,4.666346e-10,4.282858e-09,-26.32733,2.118107,0.70603573,0.18400002,0.0,0.17054918,21.940311,21.960312,3520000
hardzero_plus_depr__c0p50__z1p00__lam0p020__nu0p50__psi0p75,hardzero_plus_depr,0.06,40,1100,0.0,2,0.14009808,0.14009808,1.0483693,0.0,0.08946037,0.0,0.0,4.2190975e-09,-27.651724,2.3064585,0.7688195,0.17600001,0.0,0.13649574,21.960312,21.980312,3523200
hardzero_plus_depr__c0p50__z1p00__lam0p020__nu0p50__psi0p75,hardzero_plus_depr,0.06,40,1101,0.0,2,0.14009808,0.14009808,0.9698886,0.10717941,0.10717941,1.0,4.4546825e-10,4.1562855e-09,-26.855938,2.1337976,0.7112659,0.208,0.0,0.15946901,21.980312,22.000313,3526400
hardzero_plus_depr__c0p50__z1p00__lam0p020__nu0p50__psi0p75,hardzero_plus_depr,0.06,40,1102,0.0,2,0.14009808,0.14009808,1.03008,0.0,0.09330823,0.0,0.0,4.0944013e-09,-27.41044,2.2662213,0.7554071,0.14400001,0.0,0.1612917,22.000313,22.020313,3529600
hardzero_plus_depr__c0p50__z1p00__lam0p020__nu0p50__psi0p75,hardzero_plus_depr,0.06,40,1103,0.0,2,0.14009808,0.14009808,1.0013217,0.0,0.099696144,0.0,0.0,4.033438e-09,-26.020555,2.2029517,0.73431724,0.192,0.0,0.118147776,22.020313,22.040314,3532800
hardzero_plus_depr__c0p50__z1p00__lam0p020__nu0p50__psi0p75,hardzero_plus_depr,0.06,40,1104,0.0,2,0.14009808,0.14009808,1.0223368,0.0,0.09498679,0.0,0.0,3.9733905e-09,-27.620472,2.249186,0.7497287,0.208,0.0,0.1465297,22.040314,22.060314,3536000
hardzero_plus_depr__c0p50__z1p00__lam0p020__nu0p50__psi0p75,hardzero_plus_depr,0.06,40,1105,0.0,2,0.14009808,0.14009808,1.0294015,0.0,0.09345412,0.0,0.0,3.914237e-09,-27.127111,2.2647285,0.7549095,0.14,0.0,0.13084544,22.060314,22.080315,3539200
hardzero_plus_depr__c0p50__z1p00__lam0p020__nu0p50__psi0p75,hardzero_plus_depr,0.06,40,1106,0.0,2,0.14009808,0.14009808,1.0319611,0.0,0.09290496,0.0,0.0,3.8559564e-09,-27.298288,2.2703598,0.7567866,0.14400001,0.0,0.15008664,22.080315,22.100315,3542400
hardzero_plus_depr__c0p50__z1p00__lam0p020__nu0p50__psi0p75,hardzero_plus_depr,0.06,40,1107,0.0,2,0.14009808,0.14009808,0.97503316,0.10591728,0.10591728,1.0,4.0233147e-10,3.798544e-09,-26.655766,2.1451159,0.71503866,0.216,0.008,0.15328306,22.100315,22.120316,3545600
hardzero_plus_depr__c0p50__z1p00__lam0p020__nu0p50__psi0p75,hardzero_plus_depr,0.06,40,1108,0.0,2,0.14009808,0.14009808,1.023657,0.0,0.09469848,0.0,0.0,3.7419934e-09,-27.868517,2.2520902,0.7506968,0.136,0.0,0.16067299,22.120316,22.140316,3548800
hardzero_plus_depr__c0p50__z1p00__lam0p020__nu0p50__psi0p75,hardzero_plus_depr,0.06,40,1109,0.0,2,0.14009808,0.14009808,1.0039574,0.0,0.09909292,0.0,0.0,3.6862842e-09,-27.038233,2.2087505,0.73625016,0.14400001,0.0,0.14520836,22.140316,22.160316,3552000
hardzero_plus_depr__c0p50__z1p00__lam0p020__nu0p50__psi0p75,hardzero_plus_depr,0.06,40,1110,0.0,2,0.14009808,0.14009808,1.0174282,0.0,0.09606646,0.0,0.0,3.6313978e-09,-27.87671,2.2383866,0.7461289,0.216,0.0,0.15889256,22.160316,22.180317,3555200
hardzero_plus_depr__c0p50__z1p00__lam0p020__nu0p50__psi0p75,hardzero_plus_depr,0.06,40,1111,0.0,2,0.14009808,0.14009808,1.0319083,0.0,0.09291626,0.0,0.0,3.577329e-09,-27.239473,2.2702436,0.7567479,0.136,0.0,0.14355761,22.180317,22.200317,3558400
hardzero_plus_depr__c0p50__z1p00__lam0p020__nu0p50__psi0p75,hardzero_plus_depr,0.06,40,1112,0.0,2,0.14009808,0.14009808,1.0121222,0.0,0.097247355,0.0,0.0,3.524072e-09,-27.472256,2.2267132,0.74223775,0.18400002,0.0,0.12574212,22.200317,22.220318,3561600
hardzero_plus_depr__c0p50__z1p00__lam0p020__nu0p50__psi0p75,hardzero_plus_depr,0.06,40,1113,0.0,2,0.14009808,0.14009808,0.9204554,0.12010043,0.12010043,1.0,4.1694156e-10,3.4716074e-09,-25.439196,2.0250423,0.67501414,0.23200001,0.0,0.13280664,22.220318,22.240318,3564800
hardzero_plus_depr__c0p50__z1p00__lam0p020__nu0p50__psi0p75,hardzero_plus_depr,0.06,40,1114,0.0,2,0.14009808,0.14009808,0.98231477,0.1041562,0.1041562,1.0,3.562056e-10,3.4199172e-09,-26.504635,2.1611357,0.7203786,0.16800001,0.0,0.13263766,22.240318,22.260319,3568000
hardzero_plus_depr__c0p50__z1p00__lam0p020__nu0p50__psi0p75,hardzero_plus_depr,0.06,40,1115,0.0,2,0.14009808,0.14009808,0.980295,0.10464176,0.10464176,1.0,3.5253775e-10,3.3689969e-09,-26.41228,2.156692,0.71889734,0.224,0.0,0.17521164,22.260319,22.28032,3571200
hardzero_plus_depr__c0p50__z1p00__lam0p020__nu0p50__psi0p75,hardzero_plus_depr,0.06,40,1116,0.0,2,0.14009808,0.14009808,1.0028648,0.0,0.09934252,0.0,0.0,3.3188414e-09,-26.93604,2.2063468,0.73544896,0.14400001,0.0,0.17096782,22.28032,22.30032,3574400
hardzero_plus_depr__c0p50__z1p00__lam0p020__nu0p50__psi0p75,hardzero_plus_depr,0.06,40,1117,0.0,2,0.14009808,0.14009808,1.0271553,0.0,0.09393872,0.0,0.0,3.2694323e-09,-27.989685,2.2597868,0.7532623,0.08800001,0.0,0.13890687,22.30032,22.32032,3577600
hardzero_plus_depr__c0p50__z1p00__lam0p020__nu0p50__psi0p75,hardzero_plus_depr,0.06,40,1118,0.0,2,0.14009808,0.14009808,1.0153137,0.0,0.096535325,0.0,0.0,3.2207526e-09,-27.089697,2.2337348,0.7445783,0.14999999,0.0,0.14972477,22.32032,22.34032,3580800
hardzero_plus_depr__c0p50__z1p00__lam0p020__nu0p50__psi0p75,hardzero_plus_depr,0.06,40,1119,0.0,2,0.14009808,0.14009808,1.0004083,0.0,0.099906035,0.0,0.0,3.1727976e-09,-26.655388,2.2009423,0.73364747,0.2,0.0,0.14567773,22.34032,22.360321,3584000
hardzero_plus_depr__c0p50__z1p00__lam0p020__nu0p50__psi0p75,hardzero_plus_depr,0.06,40,1120,0.0,2,0.14009808,0.14009808,1.0791692,0.0,0.08333566,0.0,0.0,3.125563e-09,-28.222044,2.3742194,0.7914065,0.104,0.0,0.16648574,22.360321,22.380322,3587200
hardzero_plus_depr__c0p50__z1p00__lam0p020__nu0p50__psi0p75,hardzero_plus_depr,0.06,40,1121,0.0,2,0.14009808,0.14009808,1.0156593,0.0,0.09645853,0.0,0.0,3.079031e-09,-26.90133,2.2344952,0.74483174,0.16000001,0.0,0.14685215,22.380322,22.400322,3590400
hardzero_plus_depr__c0p50__z1p00__lam0p020__nu0p50__psi0p75,hardzero_plus_depr,0.06,40,1122,0.0,2,0.14009808,0.14009808,1.0070107,0.0,0.09839868,0.0,0.0,3.0331864e-09,-27.476997,2.2154677,0.7384893,0.14400001,0.0,0.14577714,22.400322,22.420322,3593600
hardzero_plus_depr__c0p50__z1p00__lam0p020__nu0p50__psi0p75,hardzero_plus_depr,0.06,40,1123,0.0,2,0.14009808,0.14009808,0.96921587,0.107345566,0.107345566,1.0,3.2075115e-10,2.9880243e-09,-26.113573,2.1323175,0.7107725,0.17600001,0.0,0.14214206,22.420322,22.440323,3596800
hardzero_plus_depr__c0p50__z1p00__lam0p020__nu0p50__psi0p75,hardzero_plus_depr,0.06,40,1124,0.0,2,0.14009808,0.14009808,0.98716533,0.10299939,0.10299939,1.0,3.031828e-10,2.9435399e-09,-26.866062,2.171807,0.7239357,0.16000001,0.0,0.12458401,22.440323,22.460323,3600000
hardzero_plus_depr__c0p50__z1p00__lam0p020__nu0p50__psi0p75,hardzero_plus_depr,0.06,40,1125,0.0,2,0.14009808,0.14009808,1.0613172,0.0,0.08683259,0.0,0.0,2.8997182e-09,-28.12272,2.3349445,0.7783148,0.128,0.0,0.16139583,22.460323,22.480324,3603200
hardzero_plus_depr__c0p50__z1p00__lam0p020__nu0p50__psi0p75,hardzero_plus_depr,0.06,40,1126,0.0,2,0.14009808,0.14009808,1.0223584,0.0,0.09498206,0.0,0.0,2.8565434e-09,-26.369871,2.2492335,0.74974453,0.096,0.0,0.119389065,22.480324,22.500324,3606400
hardzero_plus_depr__c0p50__z1p00__lam0p020__nu0p50__psi0p75,hardzero_plus_depr,0.06,40,1127,0.0,2,0.14009808,0.14009808,1.0231174,0.0,0.09481621,0.0,0.0,2.8140115e-09,-26.999788,2.2509034,0.7503011,0.136,0.0,0.11637856,22.500324,22.520325,3609600
hardzero_plus_depr__c0p50__z1p00__lam0p020__nu0p50__psi0p75,hardzero_plus_depr,0.06,40,1128,0.0,2,0.14009808,0.14009808,1.0056697,0.0,0.098702975,0.0,0.0,2.7721179e-09,-26.323868,2.2125175,0.73750585,0.192,0.0,0.17442365,22.520325,22.540325,3612800
hardzero_plus_depr__c0p50__z1p00__lam0p020__nu0p50__psi0p75,hardzero_plus_depr,0.06,40,1129,0.0,2,0.14009808,0.14009808,1.0234321,0.0,0.094747506,0.0,0.0,2.7308482e-09,-28.397135,2.2515957,0.7505319,0.15200001,0.0,0.13729426,22.540325,22.560326,3616000
hardzero_plus_depr__c0p50__z1p00__lam0p020__nu0p50__psi0p75,hardzero_plus_depr,0.06,40,1130,0.0,2,0.14009808,0.14009808,1.0326201,0.0,0.0927641,0.0,0.0,2.6901876e-09,-27.360472,2.2718096,0.75726986,0.15200001,0.0,0.14269814,22.560326,22.580326,3619200
hardzero_plus_depr__c0p50__z1p00__lam0p020__nu0p50__psi0p75,hardzero_plus_depr,0.06,40,1131,0.0,2,0.14009808,0.14009808,0.9844534,0.10364458,0.10364458,1.0,2.7467184e-10,2.6501323e-09,-26.097929,2.1658406,0.7219469,0.14,0.0,0.13088608,22.580326,22.600327,3622400
hardzero_plus_depr__c0p50__z1p00__lam0p020__nu0p50__psi0p75,hardzero_plus_depr,0.06,40,1132,0.0,2,0.14009808,0.14009808,0.997737,0.10052245,0.10052245,1.0,2.6243183e-10,2.6106788e-09,-28.094433,2.1950653,0.73168844,0.16800001,0.0,0.14750695,22.600327,22.620327,3625600
hardzero_plus_depr__c0p50__z1p00__lam0p020__nu0p50__psi0p75,hardzero_plus_depr,0.06,40,1133,0.0,2,0.14009808,0.14009808,1.0191625,0.0,0.09568358,0.0,0.0,2.5718123e-09,-27.312654,2.2422023,0.74740076,0.16800001,0.0,0.13448162,22.620327,22.640327,3628800
hardzero_plus_depr__c0p50__z1p00__lam0p020__nu0p50__psi0p75,hardzero_plus_depr,0.06,40,1134,0.0,2,0.14009808,0.14009808,0.97340983,0.10631393,0.10631393,1.0,2.6934843e-10,2.5335196e-09,-25.779957,2.1415443,0.7138481,0.136,0.0,0.13732795,22.640327,22.660328,3632000
hardzero_plus_depr__c0p50__z1p00__lam0p020__nu0p50__psi0p75,hardzero_plus_depr,0.06,40,1135,0.0,2,0.14009808,0.14009808,1.0011578,0.0,0.09973378,0.0,0.0,2.4957971e-09,-26.516533,2.2025912,0.7341971,0.14400001,0.0,0.12330958,22.660328,22.680328,3635200
hardzero_plus_depr__c0p50__z1p00__lam0p020__nu0p50__psi0p75,hardzero_plus_depr,0.06,40,1136,0.0,2,0.14009808,0.14009808,1.038233,0.0,0.091572896,0.0,0.0,2.458641e-09,-27.627071,2.2841582,0.7613861,0.17600001,0.0,0.13992709,22.680328,22.700329,3638400
hardzero_plus_depr__c0p50__z1p00__lam0p020__nu0p50__psi0p75,hardzero_plus_depr,0.06,40,1137,0.0,2,0.14009808,0.14009808,0.9843098,0.10367886,0.10367886,1.0,2.5111416e-10,2.4220381e-09,-26.117157,2.1655247,0.7218416,0.208,0.0,0.15661481,22.700329,22.72033,3641600
hardzero_plus_depr__c0p50__z1p00__lam0p020__nu0p50__psi0p75,hardzero_plus_depr,0.06,40,1138,0.0,2,0.14009808,0.14009808,0.99510676,0.101133086,0.101133086,1.0,2.413011e-10,2.3859756e-09,-26.726175,2.1892786,0.7297596,0.120000005,0.0,0.15494509,22.72033,22.74033,3644800
hardzero_plus_depr__c0p50__z1p00__lam0p020__nu0p50__psi0p75,hardzero_plus_depr,0.06,40,1139,0.0,2,0.14009808,0.14009808,1.042117,0.0,0.0907576,0.0,0.0,2.35045e-09,-27.551481,2.2927032,0.7642344,0.136,0.0,0.15470442,22.74033,22.76033,3648000
hardzero_plus_depr__c0p50__z1p00__lam0p020__nu0p50__psi0p75,hardzero_plus_depr,0.06,40,1140,0.0,2,0.14009808,0.14009808,1.0516458,0.0,0.088788,0.0,0.0,2.315458e-09,-28.008228,2.3136668,0.7712223,0.128,0.0,0.13893229,22.76033,22.78033,3651200
hardzero_plus_depr__c0p50__z1p00__lam0p020__nu0p50__psi0p75,hardzero_plus_depr,0.06,40,1141,0.0,2,0.14009808,0.14009808,0.9576798,0.11023516,0.11023516,1.0,2.5144495e-10,2.2809867e-09,-26.129438,2.1069376,0.7023126,0.15200001,0.0,0.14125906,22.78033,22.800331,3654400
hardzero_plus_depr__c0p50__z1p00__lam0p020__nu0p50__psi0p75,hardzero_plus_depr,0.06,40,1142,0.0,2,0.14009808,0.14009808,1.0026374,0.0,0.09939456,0.0,0.0,2.2470243e-09,-27.12742,2.2058463,0.7352821,0.136,0.0,0.15313914,22.800331,22.820332,3657600
hardzero_plus_depr__c0p50__z1p00__lam0p020__nu0p50__psi0p75,hardzero_plus_depr,0.06,40,1143,0.0,2,0.14009808,0.14009808,1.0740263,0.0,0.08432837,0.0,0.0,2.2135676e-09,-28.660963,2.362905,0.787635,0.15200001,0.0,0.15245618,22.820332,22.840332,3660800
hardzero_plus_depr__c0p50__z1p00__lam0p020__nu0p50__psi0p75,hardzero_plus_depr,0.06,40,1144,0.0,2,0.14009808,0.14009808,1.0333846,0.0,0.09260096,0.0,0.0,2.1806132e-09,-27.994858,2.2734914,0.7578305,0.17,0.0,0.1597472,22.840332,22.860332,3664000
hardzero_plus_depr__c0p50__z1p00__lam0p020__nu0p50__psi0p75,hardzero_plus_depr,0.06,40,1145,0.0,2,0.14009808,0.14009808,1.0064828,0.0,0.09851834,0.0,0.0,2.1481494e-09,-27.168798,2.2143064,0.73810214,0.192,0.0,0.13492249,22.860332,22.880333,3667200
hardzero_plus_depr__c0p50__z1p00__lam0p020__nu0p50__psi0p75,hardzero_plus_depr,0.06,40,1146,0.0,2,0.14009808,0.14009808,1.0159923,0.0,0.096384615,0.0,0.0,2.1161648e-09,-26.583998,2.2352276,0.7450759,0.120000005,0.0,0.14467967,22.880333,22.900333,3670400
hardzero_plus_depr__c0p50__z1p00__lam0p020__nu0p50__psi0p75,hardzero_plus_depr,0.06,40,1147,0.0,2,0.14009808,0.14009808,0.9536658,0.11125877,0.11125877,1.0,2.3193633e-10,2.0846567e-09,-26.090664,2.0981066,0.6993689,0.16800001,0.0,0.15714063,22.900333,22.920334,3673600
hardzero_plus_depr__c0p50__z1p00__lam0p020__nu0p50__psi0p75,hardzero_plus_depr,0.06,40,1148,0.0,2,0.14009808,0.14009808,1.0427874,0.0,0.0906176,0.0,0.0,2.0536215e-09,-27.287725,2.2941782,0.7647261,0.208,0.0,0.1413639,22.920334,22.940334,3676800
hardzero_plus_depr__c0p50__z1p00__lam0p020__nu0p50__psi0p75,hardzero_plus_depr,0.06,40,1149,0.0,2,0.14009808,0.14009808,1.0019689,0.0,0.09954767,0.0,0.0,2.023048e-09,-26.836342,2.2043755,0.7347919,0.104,0.0,0.13043965,22.940334,22.960335,3680000
hardzero_plus_depr__c0p50__z1p00__lam0p020__nu0p50__psi0p75,hardzero_plus_depr,0.06,40,1150,0.0,2,0.14009808,0.14009808,1.0147698,0.0,0.0966563,0.0,0.0,1.992926e-09,-26.989103,2.2325382,0.7441794,0.14400001,0.0,0.15428963,22.960335,22.980335,3683200
hardzero_plus_depr__c0p50__z1p00__lam0p020__nu0p50__psi0p75,hardzero_plus_depr,0.06,40,1151,0.0,2,0.14009808,0.14009808,1.0501915,0.0,0.08908579,0.0,0.0,1.9632527e-09,-27.128277,2.3104675,0.77015585,0.14400001,0.0,0.14448752,22.980335,23.000336,3686400
hardzero_plus_depr__c0p50__z1p00__lam0p020__nu0p50__psi0p75,hardzero_plus_depr,0.06,40,1152,0.0,2,0.14009808,0.14009808,1.0021768,0.0,0.09950002,0.0,0.0,1.934025e-09,-27.770302,2.204833,0.73494434,0.14400001,0.0,0.13864625,23.000336,23.020336,3689600
hardzero_plus_depr__c0p50__z1p00__lam0p020__nu0p50__psi0p75,hardzero_plus_depr,0.06,40,1153,0.0,2,0.14009808,0.14009808,1.0053985,0.0,0.09876465,0.0,0.0,1.9052322e-09,-26.804396,2.211921,0.737307,0.192,0.0,0.14564744,23.020336,23.040337,3692800
hardzero_plus_depr__c0p50__z1p00__lam0p020__nu0p50__psi0p75,hardzero_plus_depr,0.06,40,1154,0.0,2,0.14009808,0.14009808,1.0472769,0.0,0.08968568,0.0,0.0,1.8768647e-09,-28.253653,2.3040552,0.7680184,0.136,0.0,0.14184545,23.040337,23.060337,3696000
hardzero_plus_depr__c0p50__z1p00__lam0p020__nu0p50__psi0p75,hardzero_plus_depr,0.06,40,1155,0.0,2,0.14009808,0.14009808,1.0486314,0.0,0.08940639,0.0,0.0,1.8489192e-09,-27.567114,2.3070352,0.76901174,0.120000005,0.0,0.15355654,23.060337,23.080338,3699200
hardzero_plus_depr__c0p50__z1p00__lam0p020__nu0p50__psi0p75,hardzero_plus_depr,0.06,40,1156,0.0,2,0.14009808,0.14009808,0.9593624,0.10980893,0.10980893,1.0,2.0000528e-10,1.8213936e-09,-25.91887,2.1106393,0.70354646,0.17600001,0.0,0.119710825,23.080338,23.100338,3702400
hardzero_plus_depr__c0p50__z1p00__lam0p020__nu0p50__psi0p75,hardzero_plus_depr,0.06,40,1157,0.0,2,0.14009808,0.14009808,0.9555009,0.11078963,0.11078963,1.0,1.9878736e-10,1.7942777e-09,-27.413017,2.102144,0.7007147,0.21,0.0,0.13082625,23.100338,23.120338,3705600
hardzero_plus_depr__c0p50__z1p00__lam0p020__nu0p50__psi0p75,hardzero_plus_depr,0.06,40,1158,0.0,2,0.14009808,0.14009808,0.9961367,0.10089353,0.10089353,1.0,1.7833558e-10,1.7675622e-09,-27.77371,2.1915445,0.7305149,0.17600001,0.0,0.1792826,23.120338,23.140339,3708800
hardzero_plus_depr__c0p50__z1p00__lam0p020__nu0p50__psi0p75,hardzero_plus_depr,0.06,40,1159,0.0,2,0.14009808,0.14009808,1.0843737,0.0,0.082342915,0.0,0.0,1.7412443e-09,-28.355677,2.3856697,0.79522324,0.16000001,0.0,0.15866332,23.140339,23.16034,3712000
hardzero_plus_depr__c0p50__z1p00__lam0p020__nu0p50__psi0p75,hardzero_plus_depr,0.06,40,1160,0.0,2,0.14009808,0.14009808,1.0608028,0.0,0.0869355,0.0,0.0,1.7153216e-09,-28.078539,2.3338127,0.7779376,0.104,0.0,0.15478493,23.16034,23.18034,3715200
hardzero_plus_depr__c0p50__z1p00__lam0p020__nu0p50__psi0p75,hardzero_plus_depr,0.06,40,1161,0.0,2,0.14009808,0.14009808,0.99089193,0.10211934,0.10211934,1.0,1.725597e-10,1.6897848e-09,-26.444727,2.1800058,0.7266686,0.120000005,0.0,0.15239297,23.18034,23.20034,3718400
hardzero_plus_depr__c0p50__z1p00__lam0p020__nu0p50__psi0p75,hardzero_plus_depr,0.06,40,1162,0.0,2,0.14009808,0.14009808,1.0306938,0.0,0.093176454,0.0,0.0,1.664625e-09,-26.043295,2.2675717,0.7558572,0.14400001,0.0,0.16656336,23.20034,23.22034,3721600
hardzero_plus_depr__c0p50__z1p00__lam0p020__nu0p50__psi0p75,hardzero_plus_depr,0.06,40,1163,0.0,2,0.14009808,0.14009808,1.0321561,0.0,0.092863254,0.0,0.0,1.6398398e-09,-27.83334,2.270789,0.75692964,0.2,0.0,0.15441918,23.22034,23.240341,3724800
hardzero_plus_depr__c0p50__z1p00__lam0p020__nu0p50__psi0p75,hardzero_plus_depr,0.06,40,1164,0.0,2,0.14009808,0.14009808,0.99050474,0.10221045,0.10221045,1.0,1.651135e-10,1.6154269e-09,-26.41919,2.179154,0.72638464,0.16800001,0.0,0.13835564,23.240341,23.260342,3728000
hardzero_plus_depr__c0p50__z1p00__lam0p020__nu0p50__psi0p75,hardzero_plus_depr,0.06,40,1165,0.0,2,0.14009808,0.14009808,1.0157393,0.0,0.09644078,0.0,0.0,1.5913773e-09,-26.161583,2.234671,0.7448904,0.112,0.0,0.14059232,23.260342,23.280342,3731200
hardzero_plus_depr__c0p50__z1p00__lam0p020__nu0p50__psi0p75,hardzero_plus_depr,0.06,40,1166,0.0,2,0.14009808,0.14009808,0.94916344,0.11241817,0.11241817,1.0,1.76236e-10,1.5676825e-09,-26.435728,2.0882013,0.6960671,0.28800002,0.0,0.14461118,23.280342,23.300343,3734400
hardzero_plus_depr__c0p50__z1p00__lam0p020__nu0p50__psi0p75,hardzero_plus_depr,0.06,40,1167,0.0,2,0.14009808,0.14009808,1.0571645,0.0,0.08766686,0.0,0.0,1.5443409e-09,-27.479849,2.3258085,0.7752695,0.128,0.0,0.1418759,23.300343,23.320343,3737600
hardzero_plus_depr__c0p50__z1p00__lam0p020__nu0p50__psi0p75,hardzero_plus_depr,0.06,40,1168,0.0,2,0.14009808,0.14009808,1.0263288,0.0,0.094117664,0.0,0.0,1.5213496e-09,-27.186026,2.2579684,0.75265616,0.208,0.0,0.15029651,23.320343,23.340343,3740800
hardzero_plus_depr__c0p50__z1p00__lam0p020__nu0p50__psi0p75,hardzero_plus_depr,0.06,40,1169,0.0,2,0.14009808,0.14009808,1.024606,0.0,0.09449177,0.0,0.0,1.4987005e-09,-27.756187,2.2541783,0.7513928,0.16800001,0.0,0.15815447,23.340343,23.360344,3744000
hardzero_plus_depr__c0p50__z1p00__lam0p020__nu0p50__psi0p75,hardzero_plus_depr,0.06,40,1170,0.0,2,0.14009808,0.14009808,0.96158946,0.10924725,0.10924725,1.0,1.6129109e-10,1.4763858e-09,-25.636044,2.115539,0.7051797,0.14999999,0.0,0.12393406,23.360344,23.380344,3747200
hardzero_plus_depr__c0p50__z1p00__lam0p020__nu0p50__psi0p75,hardzero_plus_depr,0.06,40,1171,0.0,2,0.14009808,0.14009808,0.9598067,0.10969664,0.10969664,1.0,1.5954318e-10,1.4544036e-09,-27.14668,2.1116168,0.7038723,0.224,0.0,0.15031864,23.380344,23.400345,3750400
hardzero_plus_depr__c0p50__z1p00__lam0p020__nu0p50__psi0p75,hardzero_plus_depr,0.06,40,1172,0.0,2,0.14009808,0.14009808,1.0191212,0.0,0.09569271,0.0,0.0,1.4327511e-09,-26.924826,2.2421114,0.7473705,0.224,0.0,0.15397431,23.400345,23.420345,3753600
hardzero_plus_depr__c0p50__z1p00__lam0p020__nu0p50__psi0p75,hardzero_plus_depr,0.06,40,1173,0.0,2,0.14009808,0.14009808,1.0236394,0.0,0.094702296,0.0,0.0,1.411421e-09,-27.151157,2.2520518,0.75068396,0.16800001,0.0,0.15514047,23.420345,23.440346,3756800
hardzero_plus_depr__c0p50__z1p00__lam0p020__nu0p50__psi0p75,hardzero_plus_depr,0.06,40,1174,0.0,2,0.14009808,0.14009808,1.0049468,0.0,0.09886742,0.0,0.0,1.390406e-09,-27.100042,2.2109272,0.7369758,0.128,0.0,0.1501659,23.440346,23.460346,3760000
hardzero_plus_depr__c0p50__z1p00__lam0p020__nu0p50__psi0p75,hardzero_plus_depr,0.06,40,1175,0.0,2,0.14009808,0.14009808,1.0615232,0.0,0.08679142,0.0,0.0,1.3697038e-09,-27.92387,2.3353977,0.7784659,0.18400002,0.0,0.19067203,23.460346,23.480347,3763200
hardzero_plus_depr__c0p50__z1p00__lam0p020__nu0p50__psi0p75,hardzero_plus_depr,0.06,40,1176,0.0,2,0.14009808,0.14009808,1.0788783,0.0,0.08339149,0.0,0.0,1.3493123e-09,-27.678986,2.3735795,0.7911932,0.14400001,0.0,0.15060605,23.480347,23.500347,3766400
hardzero_plus_depr__c0p50__z1p00__lam0p020__nu0p50__psi0p75,hardzero_plus_depr,0.06,40,1177,0.0,2,0.14009808,0.14009808,1.0568933,0.0,0.08772162,0.0,0.0,1.3292246e-09,-27.241463,2.3252118,0.7750706,0.192,0.0,0.14169334,23.500347,23.520348,3769600
hardzero_plus_depr__c0p50__z1p00__lam0p020__nu0p50__psi0p75,hardzero_plus_depr,0.06,40,1178,0.0,2,0.14009808,0.14009808,1.0032493,0.0,0.09925461,0.0,0.0,1.3094332e-09,-26.919151,2.2071924,0.7357308,0.17600001,0.0,0.12876396,23.520348,23.540348,3772800
hardzero_plus_depr__c0p50__z1p00__lam0p020__nu0p50__psi0p75,hardzero_plus_depr,0.06,40,1179,0.0,2,0.14009808,0.14009808,1.0286611,0.0,0.09361357,0.0,0.0,1.2899367e-09,-26.915932,2.2630997,0.7543666,0.16000001,0.0,0.13947242,23.540348,23.560349,3776000
hardzero_plus_depr__c0p50__z1p00__lam0p020__nu0p50__psi0p75,hardzero_plus_depr,0.06,40,1180,0.0,2,0.14009808,0.14009808,0.98406374,0.1037376,0.1037376,1.0,1.3182276e-10,1.2707327e-09,-27.075268,2.1649835,0.7216612,0.23200001,0.0,0.14669433,23.560349,23.580349,3779200
hardzero_plus_depr__c0p50__z1p00__lam0p020__nu0p50__psi0p75,hardzero_plus_depr,0.06,40,1181,0.0,2,0.14009808,0.14009808,0.95214015,0.11165029,0.11165029,1.0,1.3976549e-10,1.2518149e-09,-26.306625,2.0947502,0.69825006,0.104,0.0,0.10753122,23.580349,23.60035,3782400
hardzero_plus_depr__c0p50__z1p00__lam0p020__nu0p50__psi0p75,hardzero_plus_depr,0.06,40,1182,0.0,2,0.14009808,0.14009808,1.0546296,0.0,0.08818007,0.0,0.0,1.2331761e-09,-27.46756,2.3202314,0.7734105,0.14400001,0.0,0.15119183,23.60035,23.62035,3785600
hardzero_plus_depr__c0p50__z1p00__lam0p020__nu0p50__psi0p75,hardzero_plus_depr,0.06,40,1183,0.0,2,0.14009808,0.14009808,1.0033466,0.0,0.09923239,0.0,0.0,1.2148149e-09,-27.725702,2.2074065,0.7358022,0.12,0.0,0.17726102,23.62035,23.64035,3788800
hardzero_plus_depr__c0p50__z1p00__lam0p020__nu0p50__psi0p75,hardzero_plus_depr,0.06,40,1184,0.0,2,0.14009808,0.14009808,0.9906575,0.10217448,0.10217448,1.0,1.222752e-10,1.1967294e-09,-25.902025,2.17949,0.7264967,0.16000001,0.0,0.13460338,23.64035,23.66035,3792000
hardzero_plus_depr__c0p50__z1p00__lam0p020__nu0p50__psi0p75,hardzero_plus_depr,0.06,40,1185,0.0,2,0.14009808,0.14009808,1.0257963,0.0,0.09423315,0.0,0.0,1.1789132e-09,-27.659664,2.2567968,0.75226563,0.14400001,0.0,0.13855872,23.66035,23.680351,3795200
hardzero_plus_depr__c0p50__z1p00__lam0p020__nu0p50__psi0p75,hardzero_plus_depr,0.06,40,1186,0.0,2,0.14009808,0.14009808,1.0033563,0.0,0.09923015,0.0,0.0,1.1613598e-09,-26.94476,2.207428,0.7358093,0.208,0.0,0.15412164,23.680351,23.700352,3798400
hardzero_plus_depr__c0p50__z1p00__lam0p020__nu0p50__psi0p75,hardzero_plus_depr,0.06,40,1187,0.0,2,0.14009808,0.14009808,1.048193,0.0,0.0894967,0.0,0.0,1.1440681e-09,-27.026003,2.3060706,0.7686902,0.128,0.0,0.15022649,23.700352,23.720352,3801600
hardzero_plus_depr__c0p50__z1p00__lam0p020__nu0p50__psi0p75,hardzero_plus_depr,0.06,40,1188,0.0,2,0.14009808,0.14009808,1.0330791,0.0,0.09266608,0.0,0.0,1.1270358e-09,-27.662712,2.2728195,0.7576065,0.16000001,0.0,0.12773232,23.720352,23.740353,3804800
hardzero_plus_depr__c0p50__z1p00__lam0p020__nu0p50__psi0p75,hardzero_plus_depr,0.06,40,1189,0.0,2,0.14009808,0.14009808,1.027111,0.0,0.09394829,0.0,0.0,1.1102571e-09,-27.138702,2.2596893,0.7532298,0.15200001,0.0,0.16227476,23.740353,23.760353,3808000
hardzero_plus_depr__c0p50__z1p00__lam0p020__nu0p50__psi0p75,hardzero_plus_depr,0.06,40,1190,0.0,2,0.14009808,0.14009808,1.0330608,0.0,0.09267,0.0,0.0,1.093726e-09,-28.140802,2.272779,0.75759304,0.104,0.0,0.16279519,23.760353,23.780354,3811200
hardzero_plus_depr__c0p50__z1p00__lam0p020__nu0p50__psi0p75,hardzero_plus_depr,0.06,40,1191,0.0,2,0.14009808,0.14009808,1.0590914,0.0,0.087278746,0.0,0.0,1.0774412e-09,-26.982267,2.3300476,0.77668256,0.136,0.0,0.13423193,23.780354,23.800354,3814400
hardzero_plus_depr__c0p50__z1p00__lam0p020__nu0p50__psi0p75,hardzero_plus_depr,0.06,40,1192,0.0,2,0.14009808,0.14009808,0.982701,0.10406362,0.10406362,1.0,1.10453216e-10,1.0614009e-09,-27.33196,2.1619854,0.7206618,0.120000005,0.0,0.13288175,23.800354,23.820354,3817600
hardzero_plus_depr__c0p50__z1p00__lam0p020__nu0p50__psi0p75,hardzero_plus_depr,0.06,40,1193,0.0,2,0.14009808,0.14009808,0.9605101,0.109519124,0.109519124,1.0,1.1451311e-10,1.0455992e-09,-26.100594,2.1131644,0.70438814,0.192,0.0,0.1331796,23.820354,23.840355,3820800
hardzero_plus_depr__c0p50__z1p00__lam0p020__nu0p50__psi0p75,hardzero_plus_depr,0.06,40,1194,0.0,2,0.14009808,0.14009808,1.0158974,0.0,0.09640567,0.0,0.0,1.0300311e-09,-27.16103,2.235019,0.7450063,0.16000001,0.0,0.14438012,23.840355,23.860355,3824000
hardzero_plus_depr__c0p50__z1p00__lam0p020__nu0p50__psi0p75,hardzero_plus_depr,0.06,40,1195,0.0,2,0.14009808,0.14009808,1.0097063,0.0,0.097789824,0.0,0.0,1.0146946e-09,-27.081282,2.221398,0.74046606,0.120000005,0.0,0.1455309,23.860355,23.880356,3827200
hardzero_plus_depr__c0p50__z1p00__lam0p020__nu0p50__psi0p75,hardzero_plus_depr,0.06,40,1196,0.0,2,0.14009808,0.14009808,0.9695371,0.1072662,0.1072662,1.0,1.0722203e-10,9.995882e-10,-25.728067,2.1330242,0.7110081,0.12,0.0,0.110566385,23.880356,23.900356,3830400
hardzero_plus_depr__c0p50__z1p00__lam0p020__nu0p50__psi0p75,hardzero_plus_depr,0.06,40,1197,0.0,2,0.14009808,0.14009808,1.0208127,0.0,0.09532071,0.0,0.0,9.84707e-10,-27.354267,2.245833,0.748611,0.112,0.0,0.16066661,23.900356,23.920357,3833600
hardzero_plus_depr__c0p50__z1p00__lam0p020__nu0p50__psi0p75,hardzero_plus_depr,0.06,40,1198,0.0,2,0.14009808,0.14009808,1.0088818,0.0,0.097975664,0.0,0.0,9.700454e-10,-26.281143,2.2195842,0.7398614,0.16000001,0.0,0.14263386,23.920357,23.940357,3836800
hardzero_plus_depr__c0p50__z1p00__lam0p020__nu0p50__psi0p75,hardzero_plus_depr,0.06,40,1199,0.0,2,0.14009808,0.14009808,1.0698193,0.0,0.08514922,0.0,0.0,9.556019e-10,-28.26363,2.3536496,0.7845499,0.136,0.0,0.16692628,23.940357,23.960358,3840000
hardzero_plus_depr__c0p50__z1p00__lam0p020__nu0p50__psi0p75,hardzero_plus_depr,0.06,40,1200,0.0,2,0.14009808,0.14009808,1.06846,0.0,0.085416146,0.0,0.0,9.413755e-10,-28.035822,2.350659,0.783553,0.128,0.0,0.1523685,23.960358,23.980358,3843200
hardzero_plus_depr__c0p50__z1p00__lam0p020__nu0p50__psi0p75,hardzero_plus_depr,0.06,40,1201,0.0,2,0.14009808,0.14009808,1.0558391,0.0,0.08793483,0.0,0.0,9.273609e-10,-28.650187,2.3228922,0.7742974,0.136,0.0,0.15702528,23.980358,24.000359,3846400
hardzero_plus_depr__c0p50__z1p00__lam0p020__nu0p50__psi0p75,hardzero_plus_depr,0.06,40,1202,0.0,2,0.14009808,0.14009808,1.0666025,0.0,0.085782275,0.0,0.0,9.1355307e-10,-27.311335,2.3465724,0.7821908,0.16800001,0.0,0.14955345,24.000359,24.020359,3849600
hardzero_plus_depr__c0p50__z1p00__lam0p020__nu0p50__psi0p75,hardzero_plus_depr,0.06,40,1203,0.0,2,0.14009808,0.14009808,1.0430175,0.0,0.09056961,0.0,0.0,8.9995084e-10,-27.844112,2.2946844,0.76489484,0.15200001,0.0,0.14365135,24.020359,24.04036,3852800
hardzero_plus_depr__c0p50__z1p00__lam0p020__nu0p50__psi0p75,hardzero_plus_depr,0.06,40,1204,0.0,2,0.14009808,0.14009808,0.9965451,0.1007987,0.1007987,1.0,8.936338e-11,8.865529e-10,-26.633684,2.192443,0.73081434,0.15200001,0.0,0.12472214,24.04036,24.06036,3856000
hardzero_plus_depr__c0p50__z1p00__lam0p020__nu0p50__psi0p75,hardzero_plus_depr,0.06,40,1205,0.0,2,0.14009808,0.14009808,0.98708665,0.10301805,0.10301805,1.0,8.997126e-11,8.7335433e-10,-27.212828,2.171634,0.723878,0.2,0.0,0.12503679,24.06036,24.08036,3859200
hardzero_plus_depr__c0p50__z1p00__lam0p020__nu0p50__psi0p75,hardzero_plus_depr,0.06,40,1206,0.0,2,0.14009808,0.14009808,1.0393487,0.0,0.09133795,0.0,0.0,8.603506e-10,-27.36319,2.2866127,0.7622043,0.096,0.0,0.14815621,24.08036,24.10036,3862400
hardzero_plus_depr__c0p50__z1p00__lam0p020__nu0p50__psi0p75,hardzero_plus_depr,0.06,40,1207,0.0,2,0.14009808,0.14009808,1.0158305,0.0,0.09642052,0.0,0.0,8.475406e-10,-27.49185,2.2348719,0.7449573,0.112,0.0,0.1257249,24.10036,24.120361,3865600
hardzero_plus_depr__c0p50__z1p00__lam0p020__nu0p50__psi0p75,hardzero_plus_depr,0.06,40,1208,0.0,2,0.14009808,0.14009808,1.0615346,0.0,0.08678912,0.0,0.0,8.349229e-10,-28.760832,2.3354228,0.7784743,0.056,0.0,0.17193896,24.120361,24.140362,3868800
hardzero_plus_depr__c0p50__z1p00__lam0p020__nu0p50__psi0p75,hardzero_plus_depr,0.06,40,1209,0.0,2,0.14009808,0.14009808,0.987806,0.10284754,0.10284754,1.0,8.4591376e-11,8.2249296e-10,-26.533213,2.1732166,0.7244055,0.17999999,0.0,0.15067792,24.140362,24.160362,3872000
hardzero_plus_depr__c0p50__z1p00__lam0p020__nu0p50__psi0p75,hardzero_plus_depr,0.06,40,1210,0.0,2,0.14009808,0.14009808,1.0372273,0.0,0.091785215,0.0,0.0,8.1024665e-10,-27.36883,2.2819455,0.7606485,0.14400001,0.0,0.15430354,24.160362,24.180363,3875200
hardzero_plus_depr__c0p50__z1p00__lam0p020__nu0p50__psi0p75,hardzero_plus_depr,0.06,40,1211,0.0,2,0.14009808,0.14009808,1.0190837,0.0,0.09570095,0.0,0.0,7.9818263e-10,-26.372814,2.242029,0.747343,0.14400001,0.0,0.14477627,24.180363,24.200363,3878400
hardzero_plus_depr__c0p50__z1p00__lam0p020__nu0p50__psi0p75,hardzero_plus_depr,0.06,40,1212,0.0,2,0.14009808,0.14009808,1.0607306,0.0,0.08694997,0.0,0.0,7.862997e-10,-28.088448,2.333654,0.77788466,0.15200001,0.0,0.15302548,24.200363,24.220364,3881600
hardzero_plus_depr__c0p50__z1p00__lam0p020__nu0p50__psi0p75,hardzero_plus_depr,0.06,40,1213,0.0,2,0.14009808,0.14009808,1.0591967,0.0,0.087257594,0.0,0.0,7.745937e-10,-27.40334,2.3302794,0.7767598,0.14400001,0.0,0.1404234,24.220364,24.240364,3884800
hardzero_plus_depr__c0p50__z1p00__lam0p020__nu0p50__psi0p75,hardzero_plus_depr,0.06,40,1214,0.0,2,0.14009808,0.14009808,0.9819963,0.104232624,0.104232624,1.0,7.95358e-11,7.630605e-10,-26.71621,2.160435,0.720145,0.224,0.0,0.13730726,24.240364,24.260365,3888000
hardzero_plus_depr__c0p50__z1p00__lam0p020__nu0p50__psi0p75,hardzero_plus_depr,0.06,40,1215,0.0,2,0.14009808,0.14009808,1.0410984,0.0,0.090970725,0.0,0.0,7.51699e-10,-27.247578,2.290462,0.76348734,0.112,0.0,0.12090026,24.260365,24.280365,3891200
hardzero_plus_depr__c0p50__z1p00__lam0p020__nu0p50__psi0p75,hardzero_plus_depr,0.06,40,1216,0.0,2,0.14009808,0.14009808,0.99760884,0.1005521,0.1005521,1.0,7.445964e-11,7.405081e-10,-26.561174,2.1947832,0.73159444,0.15200001,0.0,0.13092889,24.280365,24.300365,3894400
hardzero_plus_depr__c0p50__z1p00__lam0p020__nu0p50__psi0p75,hardzero_plus_depr,0.06,40,1217,0.0,2,0.14009808,0.14009808,1.0556998,0.0,0.087963015,0.0,0.0,7.2948386e-10,-27.468155,2.322586,0.7741954,0.14400001,0.0,0.15396872,24.300365,24.320366,3897600
hardzero_plus_depr__c0p50__z1p00__lam0p020__nu0p50__psi0p75,hardzero_plus_depr,0.06,40,1218,0.0,2,0.14009808,0.14009808,1.0033162,0.0,0.09923932,0.0,0.0,7.186224e-10,-26.822102,2.2073395,0.7357799,0.14400001,0.0,0.15258029,24.320366,24.340366,3900800
hardzero_plus_depr__c0p50__z1p00__lam0p020__nu0p50__psi0p75,hardzero_plus_depr,0.06,40,1219,0.0,2,0.14009808,0.14009808,1.003085,0.0,0.09929217,0.0,0.0,7.079225e-10,-26.999453,2.2068312,0.7356104,0.120000005,0.0,0.13265271,24.340366,24.360367,3904000
hardzero_plus_depr__c0p50__z1p00__lam0p020__nu0p50__psi0p75,hardzero_plus_depr,0.06,40,1220,0.0,2,0.14009808,0.14009808,0.9842895,0.1036837,0.1036837,1.0,7.2307285e-11,6.973833e-10,-26.136105,2.1654801,0.72182673,0.15200001,0.0,0.1356705,24.360367,24.380367,3907200
hardzero_plus_depr__c0p50__z1p00__lam0p020__nu0p50__psi0p75,hardzero_plus_depr,0.06,40,1221,0.0,2,0.14009808,0.14009808,1.0678749,0.0,0.0855313,0.0,0.0,6.870011e-10,-28.424215,2.3493717,0.7831239,0.16000001,0.0,0.15797473,24.380367,24.400368,3910400
hardzero_plus_depr__c0p50__z1p00__lam0p020__nu0p50__psi0p75,hardzero_plus_depr,0.06,40,1222,0.0,2,0.14009808,0.14009808,1.001845,0.0,0.09957606,0.0,0.0,6.767721e-10,-27.184252,2.204103,0.73470104,0.16,0.0,0.1549849,24.400368,24.420368,3913600
hardzero_plus_depr__c0p50__z1p00__lam0p020__nu0p50__psi0p75,hardzero_plus_depr,0.06,40,1223,0.0,2,0.14009808,0.14009808,1.0693359,0.0,0.08524404,0.0,0.0,6.6669537e-10,-28.33203,2.352586,0.78419536,0.16000001,0.0,0.16871165,24.420368,24.440369,3916800
hardzero_plus_depr__c0p50__z1p00__lam0p020__nu0p50__psi0p75,hardzero_plus_depr,0.06,40,1224,0.0,2,0.14009808,0.14009808,1.0084655,0.0,0.09806961,0.0,0.0,6.5677e-10,-27.320335,2.2186685,0.7395562,0.096,0.0,0.120483756,24.440369,24.46037,3920000
hardzero_plus_depr__c0p50__z1p00__lam0p020__nu0p50__psi0p75,hardzero_plus_depr,0.06,40,1225,0.0,2,0.14009808,0.14009808,1.00127,0.0,0.099707976,0.0,0.0,6.4699235e-10,-26.984596,2.2028382,0.7342794,0.128,0.0,0.13871753,24.46037,24.48037,3923200
hardzero_plus_depr__c0p50__z1p00__lam0p020__nu0p50__psi0p75,hardzero_plus_depr,0.06,40,1226,0.0,2,0.14009808,0.14009808,0.9750081,0.105923414,0.105923414,1.0,6.7511254e-11,6.373591e-10,-26.02933,2.1450605,0.7150202,0.224,0.0,0.13316621,24.48037,24.50037,3926400
hardzero_plus_depr__c0p50__z1p00__lam0p020__nu0p50__psi0p75,hardzero_plus_depr,0.06,40,1227,0.0,2,0.14009808,0.14009808,1.0406876,0.0,0.09105681,0.0,0.0,6.278692e-10,-27.155548,2.2895584,0.76318616,0.136,0.0,0.13584778,24.50037,24.52037,3929600
hardzero_plus_depr__c0p50__z1p00__lam0p020__nu0p50__psi0p75,hardzero_plus_depr,0.06,40,1228,0.0,2,0.14009808,0.14009808,1.0285486,0.0,0.09363784,0.0,0.0,6.1852184e-10,-26.73769,2.2628522,0.7542841,0.18400002,0.0,0.15426362,24.52037,24.54037,3932800
hardzero_plus_depr__c0p50__z1p00__lam0p020__nu0p50__psi0p75,hardzero_plus_depr,0.06,40,1229,0.0,2,0.14009808,0.14009808,0.9936644,0.10146953,0.10146953,1.0,6.182677e-11,6.0931366e-10,-26.3387,2.1861053,0.7287018,0.208,0.0,0.11816584,24.54037,24.560371,3936000
hardzero_plus_depr__c0p50__z1p00__lam0p020__nu0p50__psi0p75,hardzero_plus_depr,0.06,40,1230,0.0,2,0.14009808,0.14009808,1.0421356,0.0,0.090753704,0.0,0.0,6.0024136e-10,-27.237488,2.2927442,0.7642481,0.192,0.0,0.14338043,24.560371,24.580372,3939200
hardzero_plus_depr__c0p50__z1p00__lam0p020__nu0p50__psi0p75,hardzero_plus_depr,0.06,40,1231,0.0,2,0.14009808,0.14009808,1.0576279,0.0,0.08757336,0.0,0.0,5.913042e-10,-27.213493,2.326828,0.7756094,0.17600001,0.0,0.13543856,24.580372,24.600372,3942400
hardzero_plus_depr__c0p50__z1p00__lam0p020__nu0p50__psi0p75,hardzero_plus_depr,0.06,40,1232,0.0,2,0.14009808,0.14009808,0.99906605,0.100215286,0.100215286,1.0,5.837551e-11,5.825011e-10,-26.591349,2.1979892,0.7326631,0.14400001,0.0,0.1654982,24.600372,24.620373,3945600
hardzero_plus_depr__c0p50__z1p00__lam0p020__nu0p50__psi0p75,hardzero_plus_depr,0.06,40,1233,0.0,2,0.14009808,0.14009808,1.0085129,0.0,0.09805892,0.0,0.0,5.738292e-10,-27.229227,2.2187726,0.7395909,0.16000001,0.0,0.1345215,24.620373,24.640373,3948800
hardzero_plus_depr__c0p50__z1p00__lam0p020__nu0p50__psi0p75,hardzero_plus_depr,0.06,40,1234,0.0,2,0.14009808,0.14009808,1.0293847,0.0,0.093457736,0.0,0.0,5.6528526e-10,-26.957268,2.2646916,0.75489724,0.17600001,0.0,0.13137543,24.640373,24.660374,3952000
hardzero_plus_depr__c0p50__z1p00__lam0p020__nu0p50__psi0p75,hardzero_plus_depr,0.06,40,1235,0.0,2,0.14009808,0.14009808,0.9930511,0.10161292,0.10161292,1.0,5.6585032e-11,5.568685e-10,-26.735806,2.184756,0.72825205,0.17,0.0,0.15417361,24.660374,24.680374,3955200
hardzero_plus_depr__c0p50__z1p00__lam0p020__nu0p50__psi0p75,hardzero_plus_depr,0.06,40,1236,0.0,2,0.14009808,0.14009808,0.989523,0.10244174,0.10244174,1.0,5.6197304e-11,5.485782e-10,-26.640228,2.176994,0.72566473,0.18400002,0.0,0.12718509,24.680374,24.700375,3958400
hardzero_plus_depr__c0p50__z1p00__lam0p020__nu0p50__psi0p75,hardzero_plus_depr,0.06,40,1237,0.0,2,0.14009808,0.14009808,1.0159426,0.0,0.09639565,0.0,0.0,5.4041116e-10,-27.098501,2.2351184,0.74503946,0.14400001,0.0,0.14075734,24.700375,24.720375,3961600
hardzero_plus_depr__c0p50__z1p00__lam0p020__nu0p50__psi0p75,hardzero_plus_depr,0.06,40,1238,0.0,2,0.14009808,0.14009808,1.0514878,0.0,0.088820286,0.0,0.0,5.323649e-10,-28.134783,2.3133194,0.7711065,0.14400001,0.0,0.1672863,24.720375,24.740376,3964800
hardzero_plus_depr__c0p50__z1p00__lam0p020__nu0p50__psi0p75,hardzero_plus_depr,0.06,40,1239,0.0,2,0.14009808,0.14009808,1.0196744,0.0,0.09557089,0.0,0.0,5.2443827e-10,-27.15411,2.2433286,0.7477762,0.14400001,0.0,0.13768302,24.740376,24.760376,3968000
hardzero_plus_depr__c0p50__z1p00__lam0p020__nu0p50__psi0p75,hardzero_plus_depr,0.06,40,1240,0.0,2,0.14009808,0.14009808,1.0418991,0.0,0.09080314,0.0,0.0,5.1663074e-10,-27.19354,2.2922237,0.76407456,0.120000005,0.0,0.13232827,24.760376,24.780376,3971200
hardzero_plus_depr__c0p50__z1p00__lam0p020__nu0p50__psi0p75,hardzero_plus_depr,0.06,40,1241,0.0,2,0.14009808,0.14009808,1.0342041,0.0,0.09242635,0.0,0.0,5.0893945e-10,-27.492226,2.2752945,0.75843155,0.08800001,0.0,0.1302954,24.780376,24.800377,3974400
hardzero_plus_depr__c0p50__z1p00__lam0p020__nu0p50__psi0p75,hardzero_plus_depr,0.06,40,1242,0.0,2,0.14009808,0.14009808,0.9908964,0.10211829,0.10211829,1.0,5.11982e-11,5.013617e-10,-26.983685,2.1800156,0.7266719,0.15200001,0.0,0.15694103,24.800377,24.820377,3977600
hardzero_plus_depr__c0p50__z1p00__lam0p020__nu0p50__psi0p75,hardzero_plus_depr,0.06,40,1243,0.0,2,0.14009808,0.14009808,1.0198383,0.0,0.0955348,0.0,0.0,4.938967e-10,-26.293789,2.243689,0.7478964,0.104,0.0,0.13493103,24.820377,24.840378,3980800
hardzero_plus_depr__c0p50__z1p00__lam0p020__nu0p50__psi0p75,hardzero_plus_depr,0.06,40,1244,0.0,2,0.14009808,0.14009808,1.0276698,0.0,0.09382751,0.0,0.0,4.865438e-10,-27.556005,2.2609186,0.7536396,0.192,0.0,0.15414958,24.840378,24.860378,3984000
hardzero_plus_depr__c0p50__z1p00__lam0p020__nu0p50__psi0p75,hardzero_plus_depr,0.06,40,1245,0.0,2,0.14009808,0.14009808,1.0290434,0.0,0.093531206,0.0,0.0,4.7930043e-10,-27.532967,2.2639408,0.75464696,0.17600001,0.0,0.1578041,24.860378,24.880379,3987200
hardzero_plus_depr__c0p50__z1p00__lam0p020__nu0p50__psi0p75,hardzero_plus_depr,0.06,40,1246,0.0,2,0.14009808,0.14009808,0.9895369,0.10243847,0.10243847,1.0,4.8367758e-11,4.72164e-10,-26.040802,2.1770246,0.72567487,0.14400001,0.0,0.13593428,24.880379,24.90038,3990400
hardzero_plus_depr__c0p50__z1p00__lam0p020__nu0p50__psi0p75,hardzero_plus_depr,0.06,40,1247,0.0,2,0.14009808,0.14009808,0.97590524,0.105704814,0.105704814,1.0,4.9166882e-11,4.651338e-10,-26.923775,2.1470344,0.71567816,0.128,0.0,0.12620763,24.90038,24.92038,3993600
hardzero_plus_depr__c0p50__z1p00__lam0p020__nu0p50__psi0p75,hardzero_plus_depr,0.06,40,1248,0.0,2,0.14009808,0.14009808,0.9963394,0.10084644,0.10084644,1.0,4.620876e-11,4.5820914e-10,-27.861425,2.1919904,0.7306635,0.24,0.0,0.14288345,24.92038,24.94038,3996800
hardzero_plus_depr__c0p50__z1p00__lam0p020__nu0p50__psi0p75,hardzero_plus_depr,0.06,40,1249,0.0,2,0.14009808,0.14009808,1.0380025,0.0,0.09162153,0.0,0.0,4.5138757e-10,-27.863241,2.283651,0.76121706,0.112,0.0,0.17097577,24.94038,24.96038,4000000
hardzero_plus_depr__c0p50__z1p00__lam0p020__nu0p50__psi0p75,hardzero_plus_depr,0.06,41,0,1.0,1,1.0,0.5,1.0157976,0.0,0.096427836,0.0,0.0,0.06,-27.423994,2.2347994,0.7449331,0.19999999,0.0,0.15954061,0.0,0.0,3200
hardzero_plus_depr__c0p50__z1p00__lam0p020__nu0p50__psi0p75,hardzero_plus_depr,0.06,41,1,1.0,2,0.5,0.0,1.0439509,0.0,0.090375155,0.0,0.0,0.06,-27.942667,2.296738,0.76557934,0.17600001,0.0,0.1457079,0.0,0.0,6400
hardzero_plus_depr__c0p50__z1p00__lam0p020__nu0p50__psi0p75,hardzero_plus_depr,0.06,41,2,0.0,2,0.0,0.0,1.0099535,0.0,0.09773419,0.0,0.0,0.06,-26.94975,2.221942,0.7406473,0.112,0.0,0.15655266,0.0,0.02,9600
hardzero_plus_depr__c0p50__z1p00__lam0p020__nu0p50__psi0p75,hardzero_plus_depr,0.06,41,3,0.0,2,0.0,0.0062211556,0.97776574,0.105252944,0.105252944,1.0,0.0062211556,0.059106715,-26.859718,2.1511276,0.71704257,0.17600001,0.0,0.16811557,0.02,0.04,12800
hardzero_plus_depr__c0p50__z1p00__lam0p020__nu0p50__psi0p75,hardzero_plus_depr,0.06,41,4,0.0,2,0.0062211556,0.0062211556,1.0829434,0.0,0.082614556,0.0,0.0,0.058226734,-28.245289,2.382523,0.7941744,0.15200001,0.0,0.16993564,0.04,0.06,16000
hardzero_plus_depr__c0p50__z1p00__lam0p020__nu0p50__psi0p75,hardzero_plus_depr,0.06,41,5,0.0,2,0.0062211556,0.0062211556,1.0692612,0.0,0.085258715,0.0,0.0,0.057359852,-28.27879,2.3524215,0.7841405,0.16800001,0.0,0.19070455,0.06,0.08,19200
hardzero_plus_depr__c0p50__z1p00__lam0p020__nu0p50__psi0p75,hardzero_plus_depr,0.06,41,6,0.0,2,0.0062211556,0.0062211556,1.016354,0.0,0.09630438,0.0,0.0,0.056505874,-27.220762,2.2360234,0.7453412,0.112,0.0,0.16350609,0.08,0.099999994,22400
hardzero_plus_depr__c0p50__z1p00__lam0p020__nu0p50__psi0p75,hardzero_plus_depr,0.06,41,7,0.0,2,0.0062211556,0.0062211556,1.0373057,0.0,0.09176863,0.0,0.0,0.055664614,-27.56396,2.282118,0.76070607,0.208,0.0,0.17853063,0.099999994,0.11999999,25600
hardzero_plus_depr__c0p50__z1p00__lam0p020__nu0p50__psi0p75,hardzero_plus_depr,0.06,41,8,0.0,2,0.0062211556,0.0062211556,1.004147,0.0,0.09904965,0.0,0.0,0.054835875,-27.165041,2.2091677,0.7363893,0.16800001,0.0,0.14486508,0.11999999,0.13999999,28800
hardzero_plus_depr__c0p50__z1p00__lam0p020__nu0p50__psi0p75,hardzero_plus_depr,0.06,41,9,0.0,2,0.0062211556,0.0062211556,1.0359777,0.0,0.092049666,0.0,0.0,0.054019473,-27.263594,2.2791965,0.7597322,0.112,0.0,0.20483765,0.13999999,0.15999998,32000
hardzero_plus_depr__c0p50__z1p00__lam0p020__nu0p50__psi0p75,hardzero_plus_depr,0.06,41,10,0.0,2,0.0062211556,0.0062211556,1.0025281,0.0,0.09941959,0.0,0.0,0.053215224,-26.636862,2.2056057,0.73520195,0.224,0.0,0.1283851,0.15999998,0.17999998,35200
hardzero_plus_depr__c0p50__z1p00__lam0p020__nu0p50__psi0p75,hardzero_plus_depr,0.06,41,11,0.0,2,0.0062211556,0.0062211556,1.0260389,0.0,0.09418052,0.0,0.0,0.052422956,-27.753765,2.2573307,0.75244355,0.15200001,0.0,0.20459351,0.17999998,0.19999997,38400
hardzero_plus_depr__c0p50__z1p00__lam0p020__nu0p50__psi0p75,hardzero_plus_depr,0.06,41,12,0.0,2,0.0062211556,0.011635777,0.97943896,0.104848206,0.104848206,1.0,0.005414621,0.051642478,-26.076458,2.1548088,0.7182696,0.17600001,0.0,0.14398254,0.19999997,0.21999997,41600
hardzero_plus_depr__c0p50__z1p00__lam0p020__nu0p50__psi0p75,hardzero_plus_depr,0.06,41,13,0.0,2,0.011635777,0.011635777,1.0284586,0.0,0.09365724,0.0,0.0,0.050873626,-27.747793,2.262654,0.75421804,0.14,0.0,0.16122308,0.21999997,0.23999996,44800
hardzero_plus_depr__c0p50__z1p00__lam0p020__nu0p50__psi0p75,hardzero_plus_depr,0.06,41,14,0.0,2,0.011635777,0.011635777,1.0103551,0.0,0.09764384,0.0,0.0,0.05011621,-27.254211,2.2228258,0.74094194,0.16800001,0.0,0.15923922,0.23999996,0.25999996,48000
hardzero_plus_depr__c0p50__z1p00__lam0p020__nu0p50__psi0p75,hardzero_plus_depr,0.06,41,15,0.0,2,0.011635777,0.011635777,1.0272367,0.0,0.093921125,0.0,0.0,0.049370084,-27.006077,2.259966,0.753322,0.104,0.0,0.16163918,0.25999996,0.27999997,51200
hardzero_plus_depr__c0p50__z1p00__lam0p020__nu0p50__psi0p75,hardzero_plus_depr,0.06,41,16,0.0,2,0.011635777,0.01670453,0.9820483,0.104220144,0.104220144,1.0,0.0050687524,0.048635054,-26.641512,2.1605494,0.72018313,0.16800001,0.0,0.1356449,0.27999997,0.29999998,54400
hardzero_plus_depr__c0p50__z1p00__lam0p020__nu0p50__psi0p75,hardzero_plus_depr,0.06,41,17,0.0,2,0.01670453,0.022148335,0.9445324,0.11362336,0.11362336,1.0,0.005443806,0.047910973,-25.47748,2.0780127,0.69267094,0.16800001,0.0,0.14681172,0.29999998,0.32,57600
hardzero_plus_depr__c0p50__z1p00__lam0p020__nu0p50__psi0p75,hardzero_plus_depr,0.06,41,18,0.0,2,0.022148335,0.022148335,1.0461512,0.0,0.08991846,0.0,0.0,0.047197673,-28.146158,2.3015785,0.76719284,0.2,0.0,0.17889394,0.32,0.34,60800
hardzero_plus_depr__c0p50__z1p00__lam0p020__nu0p50__psi0p75,hardzero_plus_depr,0.06,41,19,0.0,2,0.022148335,0.022148335,1.0105464,0.0,0.097600825,0.0,0.0,0.04649499,-26.407923,2.2232466,0.7410822,0.15200001,0.0,0.1687955,0.34,0.36,64000
hardzero_plus_depr__c0p50__z1p00__lam0p020__nu0p50__psi0p75,hardzero_plus_depr,0.06,41,20,0.0,2,0.022148335,0.027110467,0.96522355,0.10833692,0.10833692,1.0,0.004962131,0.04580277,-26.098055,2.1235342,0.70784473,0.16000001,0.0,0.16282244,0.36,0.38000003,67200
hardzero_plus_depr__c0p50__z1p00__lam0p020__nu0p50__psi0p75,hardzero_plus_depr,0.06,41,21,0.0,2,0.027110467,0.03207702,0.9583222,0.110072225,0.110072225,1.0,0.004966553,0.045120854,-25.7815,2.108351,0.7027837,0.216,0.0,0.13250495,0.38000003,0.40000004,70400
hardzero_plus_depr__c0p50__z1p00__lam0p020__nu0p50__psi0p75,hardzero_plus_depr,0.06,41,22,0.0,2,0.03207702,0.036581296,0.99423754,0.10133568,0.10133568,1.0,0.004504279,0.04444909,-27.458445,2.1873662,0.7291221,0.16000001,0.0,0.20101438,0.40000004,0.42000005,73600
hardzero_plus_depr__c0p50__z1p00__lam0p020__nu0p50__psi0p75,hardzero_plus_depr,0.06,41,23,0.0,2,0.036581296,0.04113279,0.98319465,0.10394542,0.10394542,1.0,0.0045514926,0.04378733,-26.51258,2.1630714,0.7210238,0.192,0.0,0.14865696,0.42000005,0.44000006,76800
hardzero_plus_depr__c0p50__z1p00__lam0p020__nu0p50__psi0p75,hardzero_plus_depr,0.06,41,24,0.0,2,0.04113279,0.04113279,1.0599715,0.0,0.08710207,0.0,0.0,0.043135423,-27.493912,2.3319838,0.77732795,0.16800001,0.0,0.15741669,0.44000006,0.46000007,80000
hardzero_plus_depr__c0p50__z1p00__lam0p020__nu0p50__psi0p75,hardzero_plus_depr,0.06,41,25,0.0,2,0.04113279,0.04113279,1.007351,0.0,0.09832161,0.0,0.0,0.042493217,-27.061077,2.2162166,0.7387389,0.112,0.0,0.14480816,0.46000007,0.48000008,83200
hardzero_plus_depr__c0p50__z1p00__lam0p020__nu0p50__psi0p75,hardzero_plus_depr,0.06,41,26,0.0,2,0.04113279,0.04113279,1.0510718,0.0,0.08890542,0.0,0.0,0.041860577,-28.311728,2.3124042,0.7708014,0.17,0.0,0.19549324,0.48000008,0.50000006,86400
hardzero_plus_depr__c0p50__z1p00__lam0p020__nu0p50__psi0p75,hardzero_plus_depr,0.06,41,27,0.0,2,0.04113279,0.04539293,0.9858666,0.10330787,0.10330787,1.0,0.0042601433,0.041237354,-26.85486,2.1689498,0.7229833,0.136,0.0,0.14113128,0.50000006,0.52000004,89600
hardzero_plus_depr__c0p50__z1p00__lam0p020__nu0p50__psi0p75,hardzero_plus_depr,0.06,41,28,0.0,2,0.04539293,0.04539293,1.0246929,0.0,0.09447286,0.0,0.0,0.04062341,-27.341019,2.2543693,0.75145644,0.16800001,0.0,0.14488961,0.52000004,0.54,92800
hardzero_plus_depr__c0p50__z1p00__lam0p020__nu0p50__psi0p75,hardzero_plus_depr,0.06,41,29,0.0,2,0.04539293,0.049429502,0.9962491,0.100867406,0.100867406,1.0,0.004036573,0.040018607,-27.627005,2.1917918,0.73059726,0.104,0.0,0.14399466,0.54,0.56,96000
hardzero_plus_depr__c0p50__z1p00__lam0p020__nu0p50__psi0p75,hardzero_plus_depr,0.06,41,30,0.0,2,0.049429502,0.049429502,1.0332701,0.0,0.09262535,0.0,0.0,0.039422806,-27.678097,2.2732396,0.7577466,0.15200001,0.0,0.15686604,0.56,0.58,99200
hardzero_plus_depr__c0p50__z1p00__lam0p020__nu0p50__psi0p75,hardzero_plus_depr,0.06,41,31,0.0,2,0.049429502,0.053598043,0.9692492,0.10733732,0.10733732,1.0,0.0041685393,0.03883588,-26.851786,2.1323907,0.71079695,0.224,0.008,0.15891546,0.58,0.59999996,102400
hardzero_plus_depr__c0p50__z1p00__lam0p020__nu0p50__psi0p75,hardzero_plus_depr,0.06,41,32,0.0,2,0.053598043,0.053598043,1.0316623,0.0,0.09296889,0.0,0.0,0.03825769,-27.806875,2.2697024,0.7565675,0.208,0.0,0.15291053,0.59999996,0.61999995,105600
hardzero_plus_depr__c0p50__z1p00__lam0p020__nu0p50__psi0p75,hardzero_plus_depr,0.06,41,33,0.0,2,0.053598043,0.053598043,1.0473305,0.0,0.08967461,0.0,0.0,0.037688106,-27.904785,2.304173,0.7680577,0.128,0.0,0.16368537,0.61999995,0.6399999,108800
hardzero_plus_depr__c0p50__z1p00__lam0p020__nu0p50__psi0p75,hardzero_plus_depr,0.06,41,34,0.0,2,0.053598043,0.053598043,1.0272266,0.0,0.09392332,0.0,0.0,0.037127007,-27.772032,2.2599435,0.7533145,0.128,0.0,0.15053532,0.6399999,0.6599999,112000
hardzero_plus_depr__c0p50__z1p00__lam0p020__nu0p50__psi0p75,hardzero_plus_depr,0.06,41,35,0.0,2,0.053598043,0.053598043,1.0495114,0.0,0.089225404,0.0,0.0,0.03657426,-27.642498,2.3089712,0.7696571,0.18400002,0.0,0.17815942,0.6599999,0.6799999,115200
hardzero_plus_depr__c0p50__z1p00__lam0p020__nu0p50__psi0p75,hardzero_plus_depr,0.06,41,36,0.0,2,0.053598043,0.053598043,1.0932693,0.0,0.080673456,0.0,0.0,0.036029737,-29.637545,2.4052405,0.80174685,0.16000001,0.0,0.20557533,0.6799999,0.69999987,118400
hardzero_plus_depr__c0p50__z1p00__lam0p020__nu0p50__psi0p75,hardzero_plus_depr,0.06,41,37,0.0,2,0.053598043,0.053598043,1.063368,0.0,0.086423546,0.0,0.0,0.035493325,-27.085709,2.3394563,0.7798188,0.15200001,0.0,0.13408172,0.69999987,0.71999985,121600
hardzero_plus_depr__c0p50__z1p00__lam0p020__nu0p50__psi0p75,hardzero_plus_depr,0.06,41,38,0.0,2,0.053598043,0.05715136,0.9929984,0.10162523,0.10162523,1.0,0.0035533155,0.034964897,-28.04692,2.1846402,0.7282134,0.18400002,0.0,0.16202883,0.71999985,0.73999983,124800
hardzero_plus_depr__c0p50__z1p00__lam0p020__nu0p50__psi0p75,hardzero_plus_depr,0.06,41,39,0.0,2,0.05715136,0.05715136,1.0373418,0.0,0.091761,0.0,0.0,0.03444434,-27.602701,2.2821975,0.76073253,0.11,0.0,0.1424047,0.73999983,0.7599998,128000
hardzero_plus_depr__c0p50__z1p00__lam0p020__nu0p50__psi0p75,hardzero_plus_depr,0.06,41,40,0.0,2,0.05715136,0.060563162,0.99761957,0.10054963,0.10054963,1.0,0.0034118025,0.033931527,-27.174706,2.1948068,0.7316023,0.16000001,0.0,0.15296787,0.7599998,0.7799998,131200
hardzero_plus_depr__c0p50__z1p00__lam0p020__nu0p50__psi0p75,hardzero_plus_depr,0.06,41,41,0.0,2,0.060563162,0.060563162,1.0315101,0.0,0.09300147,0.0,0.0,0.03342635,-27.359264,2.2693677,0.7564559,0.128,0.0,0.15981223,0.7799998,0.7999998,134400
hardzero_plus_depr__c0p50__z1p00__lam0p020__nu0p50__psi0p75,hardzero_plus_depr,0.06,41,42,0.0,2,0.060563162,0.060563162,1.0504212,0.0,0.0890387,0.0,0.0,0.0329287,-27.988499,2.310973,0.77032435,0.080000006,0.0,0.15084536,0.7999998,0.81999975,137600
hardzero_plus_depr__c0p50__z1p00__lam0p020__nu0p50__psi0p75,hardzero_plus_depr,0.06,41,43,0.0,2,0.060563162,0.060563162,1.017035,0.0,0.09615347,0.0,0.0,0.03243846,-26.237175,2.2375216,0.74584055,0.17600001,0.0,0.15199946,0.81999975,0.83999974,140800
hardzero_plus_depr__c0p50__z1p00__lam0p020__nu0p50__psi0p75,hardzero_plus_depr,0.06,41,44,0.0,2,0.060563162,0.063841544,0.988886,0.10259211,0.10259211,1.0,0.0032783838,0.031955514,-27.956434,2.1755927,0.72519755,0.192,0.0,0.13683714,0.83999974,0.8599997,144000
hardzero_plus_depr__c0p50__z1p00__lam0p020__nu0p50__psi0p75,hardzero_plus_depr,0.06,41,45,0.0,2,0.063841544,0.063841544,1.0347328,0.0,0.09231391,0.0,0.0,0.03147976,-27.920572,2.2764575,0.7588192,0.15200001,0.0,0.16256437,0.8599997,0.8799997,147200
hardzero_plus_depr__c0p50__z1p00__lam0p020__nu0p50__psi0p75,hardzero_plus_depr,0.06,41,46,0.0,2,0.063841544,0.063841544,1.0206848,0.0,0.095348775,0.0,0.0,0.031011084,-27.159365,2.2455516,0.7485172,0.18400002,0.0,0.16696504,0.8799997,0.8999997,150400
hardzero_plus_depr__c0p50__z1p00__lam0p020__nu0p50__psi0p75,hardzero_plus_depr,0.06,41,47,0.0,2,0.063841544,0.063841544,1.0154661,0.0,0.096501455,0.0,0.0,0.03054939,-27.690214,2.23407,0.74469006,0.17600001,0.0,0.18142854,0.8999997,0.91999966,153600
hardzero_plus_depr__c0p50__z1p00__lam0p020__nu0p50__psi0p75,hardzero_plus_depr,0.06,41,48,0.0,2,0.063841544,0.063841544,1.0003539,0.0,0.09991854,0.0,0.0,0.03009457,-26.964373,2.2008226,0.73360753,0.16800001,0.0,0.1459151,0.91999966,0.93999964,156800
hardzero_plus_depr__c0p50__z1p00__lam0p020__nu0p50__psi0p75,hardzero_plus_depr,0.06,41,49,0.0,2,0.063841544,0.063841544,1.0195769,0.0,0.095592335,0.0,0.0,0.029646521,-27.449411,2.243114,0.7477047,0.112,0.0,0.18721713,0.93999964,0.9599996,160000
hardzero_plus_depr__c0p50__z1p00__lam0p020__nu0p50__psi0p75,hardzero_plus_depr,0.06,41,50,0.0,2,0.063841544,0.06695376,0.97238874,0.10656417,0.10656417,1.0,0.0031122218,0.029205143,-26.987497,2.139298,0.71309936,0.208,0.0,0.15447141,0.9599996,0.9799996,163200
hardzero_plus_depr__c0p50__z1p00__lam0p020__nu0p50__psi0p75,hardzero_plus_depr,0.06,41,51,0.0,2,0.06695376,0.07004231,0.9691903,0.107351884,0.107351884,1.0,0.0030885497,0.028770335,-26.667383,2.1322613,0.7107538,0.120000005,0.0,0.13202137,0.9799996,0.9999996,166400
hardzero_plus_depr__c0p50__z1p00__lam0p020__nu0p50__psi0p75,hardzero_plus_depr,0.06,41,52,0.0,2,0.07004231,0.07004231,1.057854,0.0,0.087527774,0.0,0.0,0.028342001,-27.824253,2.3273253,0.77577513,0.11,0.0,0.16583398,0.9999996,1.0199996,169600
hardzero_plus_depr__c0p50__z1p00__lam0p020__nu0p50__psi0p75,hardzero_plus_depr,0.06,41,53,0.0,2,0.07004231,0.07004231,1.0285522,0.0,0.09363706,0.0,0.0,0.027920043,-27.082636,2.26286,0.7542867,0.2,0.0,0.17264627,1.0199996,1.0399996,172800
hardzero_plus_depr__c0p50__z1p00__lam0p020__nu0p50__psi0p75,hardzero_plus_depr,0.06,41,54,0.0,2,0.07004231,0.07004231,1.009714,0.0,0.0977881,0.0,0.0,0.027504368,-26.322727,2.221415,0.7404717,0.080000006,0.0,0.1388238,1.0399996,1.0599996,176000
hardzero_plus_depr__c0p50__z1p00__lam0p020__nu0p50__psi0p75,hardzero_plus_depr,0.06,41,55,0.0,2,0.07004231,0.07004231,1.0314755,0.0,0.093008876,0.0,0.0,0.027094882,-27.889862,2.2692916,0.75643057,0.16800001,0.0,0.1964369,1.0599996,1.0799996,179200
hardzero_plus_depr__c0p50__z1p00__lam0p020__nu0p50__psi0p75,hardzero_plus_depr,0.06,41,56,0.0,2,0.07004231,0.07004231,1.0198082,0.0,0.095541455,0.0,0.0,0.026691493,-27.607954,2.2436228,0.74787426,0.216,0.0,0.15263319,1.0799996,1.0999995,182400
hardzero_plus_depr__c0p50__z1p00__lam0p020__nu0p50__psi0p75,hardzero_plus_depr,0.06,41,57,0.0,2,0.07004231,0.07004231,1.0060512,0.0,0.098616324,0.0,0.0,0.026294107,-26.69694,2.2133567,0.7377856,0.208,0.0,0.15654384,1.0999995,1.1199995,185600
hardzero_plus_depr__c0p50__z1p00__lam0p020__nu0p50__psi0p75,hardzero_plus_depr,0.06,41,58,0.0,2,0.07004231,0.07266498,0.9946006,0.10125101,0.10125101,1.0,0.0026226684,0.025902638,-26.348118,2.188165,0.72938836,0.128,0.0,0.14120074,1.1199995,1.1399995,188800
hardzero_plus_depr__c0p50__z1p00__lam0p020__nu0p50__psi0p75,hardzero_plus_depr,0.06,41,59,0.0,2,0.07266498,0.07266498,1.0252101,0.0,0.09436042,0.0,0.0,0.025517,-27.38875,2.2555072,0.75183576,0.17600001,0.0,0.17671688,1.1399995,1.1599995,192000
hardzero_plus_depr__c0p50__z1p00__lam0p020__nu0p50__psi0p75,hardzero_plus_depr,0.06,41,60,0.0,2,0.07266498,0.07266498,1.0013078,0.0,0.0996993,0.0,0.0,0.0251371,-26.987,2.2029212,0.73430705,0.16000001,0.0,0.17264153,1.1599995,1.1799995,195200
hardzero_plus_depr__c0p50__z1p00__lam0p020__nu0p50__psi0p75,hardzero_plus_depr,0.06,41,61,0.0,2,0.07266498,0.075166546,0.9955893,0.10102077,0.10102077,1.0,0.0025015634,0.024762861,-26.541536,2.1903403,0.73011345,0.128,0.0,0.13898464,1.1799995,1.1999995,198400
hardzero_plus_depr__c0p50__z1p00__lam0p020__nu0p50__psi0p75,hardzero_plus_depr,0.06,41,62,0.0,2,0.075166546,0.075166546,1.0425977,0.0,0.09065721,0.0,0.0,0.02439419,-27.782091,2.2937605,0.76458687,0.17600001,0.0,0.16565016,1.1999995,1.2199994,201600
hardzero_plus_depr__c0p50__z1p00__lam0p020__nu0p50__psi0p75,hardzero_plus_depr,0.06,41,63,0.0,2,0.075166546,0.07757109,0.99974,0.10005988,0.10005988,1.0,0.0024045398,0.024031008,-27.628017,2.199472,0.73315734,0.16800001,0.0,0.16481957,1.2199994,1.2399994,204800
hardzero_plus_depr__c0p50__z1p00__lam0p020__nu0p50__psi0p75,hardzero_plus_depr,0.06,41,64,0.0,2,0.07757109,0.07757109,1.0206631,0.0,0.09535355,0.0,0.0,0.023673233,-27.635498,2.2455037,0.74850124,0.224,0.0,0.14171107,1.2399994,1.2599994,208000
hardzero_plus_depr__c0p50__z1p00__lam0p020__nu0p50__psi0p75,hardzero_plus_depr,0.06,41,65,0.0,2,0.07757109,0.080016315,0.9794239,0.10485185,0.10485185,1.0,0.0024452275,0.023320785,-26.69523,2.1547756,0.71825856,0.14,0.0,0.15625495,1.2599994,1.2799994,211200
hardzero_plus_depr__c0p50__z1p00__lam0p020__nu0p50__psi0p75,hardzero_plus_depr,0.06,41,66,0.0,2,0.080016315,0.08237257,0.98900706,0.10256352,0.10256352,1.0,0.0023562515,0.022973582,-27.221981,2.175859,0.72528636,0.120000005,0.0,0.14041959,1.2799994,1.2999994,214400
hardzero_plus_depr__c0p50__z1p00__lam0p020__nu0p50__psi0p75,hardzero_plus_depr,0.06,41,67,0.0,2,0.08237257,0.08237257,1.0195942,0.0,0.09558853,0.0,0.0,0.02263155,-27.361204,2.2431521,0.7477174,0.18400002,0.0,0.15125437,1.2999994,1.3199993,217600
hardzero_plus_depr__c0p50__z1p00__lam0p020__nu0p50__psi0p75,hardzero_plus_depr,0.06,41,68,0.0,2,0.08237257,0.08237257,1.0192972,0.0,0.09565391,0.0,0.0,0.022294613,-27.358559,2.2424986,0.7474996,0.18400002,0.0,0.1775016,1.3199993,1.3399993,220800
hardzero_plus_depr__c0p50__z1p00__lam0p020__nu0p50__psi0p75,hardzero_plus_depr,0.06,41,69,0.0,2,0.08237257,0.08237257,1.0372417,0.0,0.09178216,0.0,0.0,0.02196269,-27.715456,2.2819772,0.7606591,0.14400001,0.0,0.16092634,1.3399993,1.3599993,224000
hardzero_plus_depr__c0p50__z1p00__lam0p020__nu0p50__psi0p75,hardzero_plus_depr,0.06,41,70,0.0,2,0.08237257,0.08237257,1.0433675,0.0,0.09049665,0.0,0.0,0.021635707,-28.118591,2.2954543,0.76515144,0.15200001,0.0,0.16776958,1.3599993,1.3799993,227200
hardzero_plus_depr__c0p50__z1p00__lam0p020__nu0p50__psi0p75,hardzero_plus_depr,0.06,41,71,0.0,2,0.08237257,0.084544696,0.9917709,0.10191286,0.10191286,1.0,0.0021721295,0.021313595,-26.440014,2.1819396,0.7273132,0.136,0.0,0.144409,1.3799993,1.3999993,230400
hardzero_plus_depr__c0p50__z1p00__lam0p020__nu0p50__psi0p75,hardzero_plus_depr,0.06,41,72,0.0,2,0.084544696,0.086796224,0.9696655,0.10723449,0.10723449,1.0,0.002251525,0.020996276,-26.053719,2.1333067,0.71110225,0.17600001,0.0,0.14273922,1.3999993,1.4199992,233600
hardzero_plus_depr__c0p50__z1p00__lam0p020__nu0p50__psi0p75,hardzero_plus_depr,0.06,41,73,0.0,2,0.086796224,0.08888672,0.9953777,0.10107,0.10107,1.0,0.0020905,0.020683683,-26.222666,2.1898746,0.72995824,0.18400002,0.0,0.1749752,1.4199992,1.4399992,236800
hardzero_plus_depr__c0p50__z1p00__lam0p020__nu0p50__psi0p75,hardzero_plus_depr,0.06,41,74,0.0,2,0.08888672,0.08888672,1.0123497,0.0,0.09719643,0.0,0.0,0.020375742,-27.027256,2.2272139,0.74240464,0.17600001,0.0,0.15920067,1.4399992,1.4599992,240000
hardzero_plus_depr__c0p50__z1p00__lam0p020__nu0p50__psi0p75,hardzero_plus_depr,0.06,41,75,0.0,2,0.08888672,0.09101938,0.97367823,0.10624825,0.10624825,1.0,0.002132656,0.020072388,-26.473974,2.142135,0.714045,0.208,0.0,0.16111153,1.4599992,1.4799992,243200
hardzero_plus_depr__c0p50__z1p00__lam0p020__nu0p50__psi0p75,hardzero_plus_depr,0.06,41,76,0.0,2,0.09101938,0.09101938,1.0039483,0.0,0.09909498,0.0,0.0,0.019773548,-26.820074,2.2087305,0.7362435,0.136,0.0,0.142007,1.4799992,1.4999992,246400
hardzero_plus_depr__c0p50__z1p00__lam0p020__nu0p50__psi0p75,hardzero_plus_depr,0.06,41,77,0.0,2,0.09101938,0.09101938,1.0314695,0.0,0.09301019,0.0,0.0,0.019479157,-27.38786,2.269278,0.75642604,0.14400001,0.0,0.1731851,1.4999992,1.5199991,249600
hardzero_plus_depr__c0p50__z1p00__lam0p020__nu0p50__psi0p75,hardzero_plus_depr,0.06,41,78,0.0,2,0.09101938,0.09101938,1.0179505,0.0,0.09595098,0.0,0.0,0.019189153,-28.523895,2.2395358,0.74651194,0.11,0.0,0.14779082,1.5199991,1.5399991,252800
hardzero_plus_depr__c0p50__z1p00__lam0p020__nu0p50__psi0p75,hardzero_plus_depr,0.06,41,79,0.0,2,0.09101938,0.09101938,1.0329473,0.0,0.092694215,0.0,0.0,0.018903462,-27.591997,2.2725294,0.7575098,0.14400001,0.0,0.18116422,1.5399991,1.5599991,256000
hardzero_plus_depr__c0p50__z1p00__lam0p020__nu0p50__psi0p75,hardzero_plus_depr,0.06,41,80,0.0,2,0.09101938,0.09101938,1.0104882,0.0,0.09761394,0.0,0.0,0.01862203,-27.048885,2.2231183,0.74103945,0.120000005,0.0,0.15759918,1.5599991,1.5799991,259200
hardzero_plus_depr__c0p50__z1p00__lam0p020__nu0p50__psi0p75,hardzero_plus_depr,0.06,41,81,0.0,2,0.09101938,0.09101938,1.0349381,0.0,0.09227029,0.0,0.0,0.018344784,-27.606243,2.2769094,0.7589698,0.14400001,0.0,0.1498165,1.5799991,1.5999991,262400
hardzero_plus_depr__c0p50__z1p00__lam0p020__nu0p50__psi0p75,hardzero_plus_depr,0.06,41,82,0.0,2,0.09101938,0.092935346,0.9746089,0.10602081,0.10602081,1.0,0.0019159724,0.018071664,-26.363579,2.1441824,0.7147275,0.17600001,0.0,0.15801746,1.5999991,1.619999,265600
hardzero_plus_depr__c0p50__z1p00__lam0p020__nu0p50__psi0p75,hardzero_plus_depr,0.06,41,83,0.0,2,0.092935346,0.092935346,1.0466702,0.0,0.08981105,0.0,0.0,0.017802613,-27.448574,2.3027203,0.7675735,0.2,0.0,0.14890847,1.619999,1.639999,268800
hardzero_plus_depr__c0p50__z1p00__lam0p020__nu0p50__psi0p75,hardzero_plus_depr,0.06,41,84,0.0,2,0.092935346,0.09487176,0.9569717,0.11041505,0.11041505,1.0,0.0019364113,0.017537566,-26.312498,2.1053798,0.7017933,0.224,0.0,0.15652274,1.639999,1.659999,272000
hardzero_plus_depr__c0p50__z1p00__lam0p020__nu0p50__psi0p75,hardzero_plus_depr,0.06,41,85,0.0,2,0.09487176,0.09487176,1.0041167,0.0,0.09905657,0.0,0.0,0.017276466,-27.439049,2.2091007,0.7363669,0.16800001,0.0,0.14461239,1.659999,1.679999,275200
hardzero_plus_depr__c0p50__z1p00__lam0p020__nu0p50__psi0p75,hardzero_plus_depr,0.06,41,86,0.0,2,0.09487176,0.09487176,1.0037606,0.0,0.09913782,0.0,0.0,0.017019253,-26.900164,2.2083173,0.7361058,0.14400001,0.0,0.15221831,1.679999,1.699999,278400
hardzero_plus_depr__c0p50__z1p00__lam0p020__nu0p50__psi0p75,hardzero_plus_depr,0.06,41,87,0.0,2,0.09487176,0.09487176,1.1030432,0.0,0.07887815,0.0,0.0,0.01676587,-27.815947,2.4267435,0.80891454,0.128,0.0,0.17541154,1.699999,1.719999,281600
hardzero_plus_depr__c0p50__z1p00__lam0p020__nu0p50__psi0p75,hardzero_plus_depr,0.06,41,88,0.0,2,0.09487176,0.09487176,1.0679995,0.0,0.085506774,0.0,0.0,0.016516259,-27.721317,2.3496459,0.7832153,0.16000001,0.0,0.1636704,1.719999,1.7399989,284800
hardzero_plus_depr__c0p50__z1p00__lam0p020__nu0p50__psi0p75,hardzero_plus_depr,0.06,41,89,0.0,2,0.09487176,0.096558176,0.9844318,0.10364974,0.10364974,1.0,0.0016864192,0.016270366,-26.600594,2.1657932,0.7219311,0.16000001,0.0,0.14647774,1.7399989,1.7599989,288000
hardzero_plus_depr__c0p50__z1p00__lam0p020__nu0p50__psi0p75,hardzero_plus_depr,0.06,41,90,0.0,2,0.096558176,0.096558176,1.0113146,0.0,0.09742835,0.0,0.0,0.01602813,-27.101595,2.2249365,0.7416455,0.208,0.0,0.14606881,1.7599989,1.7799989,291200
hardzero_plus_depr__c0p50__z1p00__lam0p020__nu0p50__psi0p75,hardzero_plus_depr,0.06,41,91,0.0,2,0.096558176,0.096558176,1.056962,0.0,0.08770776,0.0,0.0,0.015789503,-27.70412,2.325363,0.775121,0.13,0.0,0.1626719,1.7799989,1.7999989,294400
hardzero_plus_depr__c0p50__z1p00__lam0p020__nu0p50__psi0p75,hardzero_plus_depr,0.06,41,92,0.0,2,0.096558176,0.096558176,1.0206406,0.0,0.09535848,0.0,0.0,0.015554428,-27.014809,2.2454543,0.7484848,0.2,0.0,0.13951457,1.7999989,1.8199989,297600
hardzero_plus_depr__c0p50__z1p00__lam0p020__nu0p50__psi0p75,hardzero_plus_depr,0.06,41,93,0.0,2,0.096558176,0.096558176,1.0469701,0.0,0.08974906,0.0,0.0,0.015322854,-26.56155,2.3033803,0.7677934,0.16800001,0.0,0.14575884,1.8199989,1.8399988,300800
hardzero_plus_depr__c0p50__z1p00__lam0p020__nu0p50__psi0p75,hardzero_plus_depr,0.06,41,94,0.0,2,0.096558176,0.096558176,1.0686262,0.0,0.08538347,0.0,0.0,0.015094726,-28.415508,2.3510246,0.7836749,0.14400001,0.0,0.17009032,1.8399988,1.8599988,304000
hardzero_plus_depr__c0p50__z1p00__lam0p020__nu0p50__psi0p75,hardzero_plus_depr,0.06,41,95,0.0,2,0.096558176,0.0981603,0.96761644,0.10774163,0.10774163,1.0,0.0016021174,0.0148699945,-26.834185,2.1287987,0.7095996,0.16800001,0.0,0.14237861,1.8599988,1.8799988,307200
hardzero_plus_depr__c0p50__z1p00__lam0p020__nu0p50__psi0p75,hardzero_plus_depr,0.06,41,96,0.0,2,0.0981603,0.0981603,1.0317172,0.0,0.09295716,0.0,0.0,0.01464861,-27.487837,2.269823,0.7566077,0.08800001,0.0,0.15368149,1.8799988,1.8999988,310400
hardzero_plus_depr__c0p50__z1p00__lam0p020__nu0p50__psi0p75,hardzero_plus_depr,0.06,41,97,0.0,2,0.0981603,0.0981603,1.00478,0.0,0.09890538,0.0,0.0,0.01443052,-27.372185,2.2105603,0.7368535,0.208,0.0,0.14865391,1.8999988,1.9199988,313600
hardzero_plus_depr__c0p50__z1p00__lam0p020__nu0p50__psi0p75,hardzero_plus_depr,0.06,41,98,0.0,2,0.0981603,0.0981603,1.0169574,0.0,0.096170664,0.0,0.0,0.014215678,-27.33029,2.237351,0.7457837,0.16800001,0.0,0.14980549,1.9199988,1.9399987,316800
hardzero_plus_depr__c0p50__z1p00__lam0p020__nu0p50__psi0p75,hardzero_plus_depr,0.06,41,99,0.0,2,0.0981603,0.0981603,1.025286,0.0,0.09434395,0.0,0.0,0.014004034,-27.07349,2.2556741,0.7518914,0.18400002,0.0,0.14242478,1.9399987,1.9599987,320000
hardzero_plus_depr__c0p50__z1p00__lam0p020__nu0p50__psi0p75,hardzero_plus_depr,0.06,41,100,0.0,2,0.0981603,0.09959922,0.9817012,0.10430347,0.10430347,1.0,0.001438923,0.0137955425,-27.01372,2.1597857,0.7199286,0.192,0.0,0.13416992,1.9599987,1.9799987,323200
hardzero_plus_depr__c0p50__z1p00__lam0p020__nu0p50__psi0p75,hardzero_plus_depr,0.06,41,101,0.0,2,0.09959922,0.10105182,0.9710774,0.10688643,0.10688643,1.0,0.001452603,0.013590153,-26.997477,2.1364129,0.71213764,0.2,0.0,0.17342968,1.9799987,1.9999987,326400
hardzero_plus_depr__c0p50__z1p00__lam0p020__nu0p50__psi0p75,hardzero_plus_depr,0.06,41,102,0.0,2,0.10105182,0.10241194,0.9931326,0.10159385,0.10159385,1.0,0.0013601206,0.0133878235,-26.502733,2.1849353,0.7283118,0.208,0.0,0.17446719,1.9999987,2.0199988,329600
hardzero_plus_depr__c0p50__z1p00__lam0p020__nu0p50__psi0p75,hardzero_plus_depr,0.06,41,103,0.0,2,0.10241194,0.10241194,1.0591701,0.0,0.087262936,0.0,0.0,0.013188502,-28.615406,2.3302207,0.77674025,0.15200001,0.0,0.14318931,2.0199988,2.0399988,332800
hardzero_plus_depr__c0p50__z1p00__lam0p020__nu0p50__psi0p75,hardzero_plus_depr,0.06,41,104,0.0,2,0.10241194,0.10241194,1.0021209,0.0,0.09951283,0.0,0.0,0.012992154,-25.920998,2.20471,0.73490334,0.17,0.0,0.15870252,2.0399988,2.0599988,336000
hardzero_plus_depr__c0p50__z1p00__lam0p020__nu0p50__psi0p75,hardzero_plus_depr,0.06,41,105,0.0,2,0.10241194,0.103801355,0.96433514,0.10855875,0.10855875,1.0,0.0013894134,0.012798723,-26.735662,2.1215796,0.70719326,0.16000001,0.0,0.12543486,2.0599988,2.0799987,339200
hardzero_plus_depr__c0p50__z1p00__lam0p020__nu0p50__psi0p75,hardzero_plus_depr,0.06,41,106,0.0,2,0.103801355,0.10510471,0.9855896,0.10337378,0.10337378,1.0,0.0013033549,0.012608176,-26.641836,2.1683404,0.72278017,0.16800001,0.0,0.12973465,2.0799987,2.0999987,342400
hardzero_plus_depr__c0p50__z1p00__lam0p020__nu0p50__psi0p75,hardzero_plus_depr,0.06,41,107,0.0,2,0.10510471,0.10510471,1.0618056,0.0,0.086734995,0.0,0.0,0.012420464,-28.30826,2.336019,0.77867305,0.16800001,0.0,0.1859873,2.0999987,2.1199987,345600
hardzero_plus_depr__c0p50__z1p00__lam0p020__nu0p50__psi0p75,hardzero_plus_depr,0.06,41,108,0.0,2,0.10510471,0.10510471,1.0015874,0.0,0.09963515,0.0,0.0,0.012235549,-27.36803,2.2035363,0.7345121,0.2,0.0,0.13861224,2.1199987,2.1399987,348800
hardzero_plus_depr__c0p50__z1p00__lam0p020__nu0p50__psi0p75,hardzero_plus_depr,0.06,41,109,0.0,2,0.10510471,0.10510471,1.0546794,0.0,0.08816996,0.0,0.0,0.012053384,-27.680931,2.3203409,0.773447,0.16800001,0.0,0.17644176,2.1399987,2.1599987,352000
hardzero_plus_depr__c0p50__z1p00__lam0p020__nu0p50__psi0p75,hardzero_plus_depr,0.06,41,110,0.0,2,0.10510471,0.10510471,1.0360385,0.0,0.09203679,0.0,0.0,0.011873934,-27.11626,2.2793303,0.7597768,0.120000005,0.0,0.14374019,2.1599987,2.1799986,355200
hardzero_plus_depr__c0p50__z1p00__lam0p020__nu0p50__psi0p75,hardzero_plus_depr,0.06,41,111,0.0,2,0.10510471,0.10629111,0.99384815,0.101426594,0.101426594,1.0,0.0011864024,0.011697154,-26.841822,2.1865096,0.72883654,0.14400001,0.0,0.14520979,2.1799986,2.1999986,358400
hardzero_plus_depr__c0p50__z1p00__lam0p020__nu0p50__psi0p75,hardzero_plus_depr,0.06,41,112,0.0,2,0.10629111,0.10629111,1.0340121,0.0,0.09246724,0.0,0.0,0.011523007,-28.01216,2.274872,0.7582907,0.120000005,0.0,0.16527705,2.1999986,2.2199986,361600
hardzero_plus_depr__c0p50__z1p00__lam0p020__nu0p50__psi0p75,hardzero_plus_depr,0.06,41,113,0.0,2,0.10629111,0.10744199,0.9940197,0.10138653,0.10138653,1.0,0.0011508841,0.011351449,-26.267822,2.186887,0.72896236,0.15200001,0.0,0.14802195,2.2199986,2.2399986,364800
hardzero_plus_depr__c0p50__z1p00__lam0p020__nu0p50__psi0p75,hardzero_plus_depr,0.06,41,114,0.0,2,0.10744199,0.10744199,1.0326372,0.0,0.09276043,0.0,0.0,0.011182451,-26.896406,2.2718472,0.75728244,0.136,0.0,0.15236066,2.2399986,2.2599986,368000
hardzero_plus_depr__c0p50__z1p00__lam0p020__nu0p50__psi0p75,hardzero_plus_depr,0.06,41,115,0.0,2,0.10744199,0.108586565,0.9833789,0.10390131,0.10390131,1.0,0.0011445733,0.011015966,-26.620544,2.1634767,0.7211589,0.192,0.0,0.13769989,2.2599986,2.2799985,371200
hardzero_plus_depr__c0p50__z1p00__lam0p020__nu0p50__psi0p75,hardzero_plus_depr,0.06,41,116,0.0,2,0.108586565,0.108586565,1.0202557,0.0,0.09544305,0.0,0.0,0.01085196,-27.054447,2.2446072,0.74820244,0.2,0.0,0.1747022,2.2799985,2.2999985,374400
hardzero_plus_depr__c0p50__z1p00__lam0p020__nu0p50__psi0p75,hardzero_plus_depr,0.06,41,117,0.0,2,0.108586565,0.10970335,0.98102564,0.10446586,0.10446586,1.0,0.0011167813,0.010690395,-26.897654,2.1582994,0.7194332,0.16,0.0,0.14775966,2.2999985,2.3199985,377600
hardzero_plus_depr__c0p50__z1p00__lam0p020__nu0p50__psi0p75,hardzero_plus_depr,0.06,41,118,0.0,2,0.10970335,0.10970335,1.0054698,0.0,0.09874842,0.0,0.0,0.0105312355,-28.082043,2.2120779,0.7373593,0.208,0.0,0.16484332,2.3199985,2.3399985,380800
hardzero_plus_depr__c0p50__z1p00__lam0p020__nu0p50__psi0p75,hardzero_plus_depr,0.06,41,119,0.0,2,0.10970335,0.110764556,0.99016285,0.102290936,0.102290936,1.0,0.0010612117,0.0103744455,-26.545923,2.1784017,0.72613394,0.16800001,0.0,0.13691649,2.3399985,2.3599985,384000
hardzero_plus_depr__c0p50__z1p00__lam0p020__nu0p50__psi0p75,hardzero_plus_depr,0.06,41,120,0.0,2,0.110764556,0.110764556,1.0522125,0.0,0.08867219,0.0,0.0,0.010219992,-27.7429,2.3149137,0.7716379,0.18400002,0.0,0.15678665,2.3599985,2.3799984,387200
hardzero_plus_depr__c0p50__z1p00__lam0p020__nu0p50__psi0p75,hardzero_plus_depr,0.06,41,121,0.0,2,0.110764556,0.11183069,0.9751236,0.105895236,0.105895236,1.0,0.0010661356,0.010067834,-26.284048,2.1453147,0.71510494,0.14400001,0.0,0.1350173,2.3799984,2.3999984,390400
hardzero_plus_depr__c0p50__z1p00__lam0p020__nu0p50__psi0p75,hardzero_plus_depr,0.06,41,122,0.0,2,0.11183069,0.11183069,1.0076705,0.0,0.0982493,0.0,0.0,0.009917946,-26.931103,2.2169194,0.73897314,0.072000004,0.0,0.15547399,2.3999984,2.4199984,393600
hardzero_plus_depr__c0p50__z1p00__lam0p020__nu0p50__psi0p75,hardzero_plus_depr,0.06,41,123,0.0,2,0.11183069,0.112896144,0.9623721,0.10905054,0.10905054,1.0,0.001065455,0.009770286,-27.121607,2.117261,0.7057537,0.192,0.0,0.16047123,2.4199984,2.4399984,396800
hardzero_plus_depr__c0p50__z1p00__lam0p020__nu0p50__psi0p75,hardzero_plus_depr,0.06,41,124,0.0,2,0.112896144,0.112896144,1.0462627,0.0,0.08989535,0.0,0.0,0.009624826,-28.438368,2.301824,0.76727474,0.17600001,0.0,0.17330742,2.4399984,2.4599984,400000
hardzero_plus_depr__c0p50__z1p00__lam0p020__nu0p50__psi0p75,hardzero_plus_depr,0.06,41,125,0.0,2,0.112896144,0.112896144,1.0078351,0.0,0.098212056,0.0,0.0,0.00948153,-26.748384,2.2172816,0.7390939,0.08800001,0.0,0.14750217,2.4599984,2.4799984,403200
hardzero_plus_depr__c0p50__z1p00__lam0p020__nu0p50__psi0p75,hardzero_plus_depr,0.06,41,126,0.0,2,0.112896144,0.112896144,1.0140805,0.0,0.096809834,0.0,0.0,0.009340369,-27.541555,2.2310216,0.7436739,0.15200001,0.0,0.17801748,2.4799984,2.4999983,406400
hardzero_plus_depr__c0p50__z1p00__lam0p020__nu0p50__psi0p75,hardzero_plus_depr,0.06,41,127,0.0,2,0.112896144,0.112896144,1.0070913,0.0,0.098380424,0.0,0.0,0.009201309,-27.151808,2.215645,0.7385484,0.136,0.0,0.14497708,2.4999983,2.5199983,409600
hardzero_plus_depr__c0p50__z1p00__lam0p020__nu0p50__psi0p75,hardzero_plus_depr,0.06,41,128,0.0,2,0.112896144,0.112896144,1.0324346,0.0,0.092803724,0.0,0.0,0.0090643205,-26.73724,2.2714014,0.75713384,0.15200001,0.0,0.17534193,2.5199983,2.5399983,412800
hardzero_plus_depr__c0p50__z1p00__lam0p020__nu0p50__psi0p75,hardzero_plus_depr,0.06,41,129,0.0,2,0.112896144,0.11380209,0.9937175,0.10145712,0.10145712,1.0,0.00090594805,0.008929369,-26.366169,2.186222,0.7287407,0.18400002,0.0,0.14910921,2.5399983,2.5599983,416000
hardzero_plus_depr__c0p50__z1p00__lam0p020__nu0p50__psi0p75,hardzero_plus_depr,0.06,41,130,0.0,2,0.11380209,0.11471348,0.98459953,0.10360971,0.10360971,1.0,0.0009113955,0.008796429,-26.463758,2.1661623,0.7220541,0.19,0.0,0.14185923,2.5599983,2.5799983,419200
hardzero_plus_depr__c0p50__z1p00__lam0p020__nu0p50__psi0p75,hardzero_plus_depr,0.06,41,131,0.0,2,0.11471348,0.11471348,1.0450704,0.0,0.0901425,0.0,0.0,0.008665467,-26.830551,2.2992008,0.7664003,0.16800001,0.0,0.17400147,2.5799983,2.5999982,422400
hardzero_plus_depr__c0p50__z1p00__lam0p020__nu0p50__psi0p75,hardzero_plus_depr,0.06,41,132,0.0,2,0.11471348,0.115589194,0.9889162,0.102584966,0.102584966,1.0,0.00087571196,0.008536455,-27.020958,2.1756592,0.7252197,0.16800001,0.0,0.14603694,2.5999982,2.6199982,425600
hardzero_plus_depr__c0p50__z1p00__lam0p020__nu0p50__psi0p75,hardzero_plus_depr,0.06,41,133,0.0,2,0.115589194,0.115589194,1.0038469,0.0,0.099118136,0.0,0.0,0.008409364,-27.280354,2.2085073,0.7361691,0.096,0.0,0.14319581,2.6199982,2.6399982,428800
hardzero_plus_depr__c0p50__z1p00__lam0p020__nu0p50__psi0p75,hardzero_plus_depr,0.06,41,134,0.0,2,0.115589194,0.115589194,1.0499722,0.0,0.08913081,0.0,0.0,0.0082841655,-27.95785,2.309985,0.769995,0.16000001,0.0,0.17772946,2.6399982,2.6599982,432000
hardzero_plus_depr__c0p50__z1p00__lam0p020__nu0p50__psi0p75,hardzero_plus_depr,0.06,41,135,0.0,2,0.115589194,0.11651936,0.94317126,0.11398001,0.11398001,1.0,0.00093017146,0.00816083,-26.081959,2.0750182,0.69167274,0.2,0.0,0.15609702,2.6599982,2.6799982,435200
hardzero_plus_depr__c0p50__z1p00__lam0p020__nu0p50__psi0p75,hardzero_plus_depr,0.06,41,136,0.0,2,0.11651936,0.11651936,1.0126673,0.0,0.09712539,0.0,0.0,0.008039332,-27.721695,2.2279127,0.7426376,0.112,0.0,0.1646578,2.6799982,2.6999981,438400
hardzero_plus_depr__c0p50__z1p00__lam0p020__nu0p50__psi0p75,hardzero_plus_depr,0.06,41,137,0.0,2,0.11651936,0.11733245,0.9885657,0.102667816,0.102667816,1.0,0.00081309216,0.00791964,-26.500456,2.174888,0.72496265,0.18400002,0.0,0.14533032,2.6999981,2.7199981,441600
hardzero_plus_depr__c0p50__z1p00__lam0p020__nu0p50__psi0p75,hardzero_plus_depr,0.06,41,138,0.0,2,0.11733245,0.11733245,1.0061707,0.0,0.09858917,0.0,0.0,0.007801734,-26.175343,2.21362,0.7378733,0.096,0.0,0.16062325,2.7199981,2.739998,444800
hardzero_plus_depr__c0p50__z1p00__lam0p020__nu0p50__psi0p75,hardzero_plus_depr,0.06,41,139,0.0,2,0.11733245,0.11733245,1.0082667,0.0,0.09811451,0.0,0.0,0.0076855808,-26.871897,2.218231,0.73941034,0.112,0.0,0.15944183,2.739998,2.759998,448000
hardzero_plus_depr__c0p50__z1p00__lam0p020__nu0p50__psi0p75,hardzero_plus_depr,0.06,41,140,0.0,2,0.11733245,0.11733245,1.0356468,0.0,0.092119835,0.0,0.0,0.007571158,-27.673342,2.2784684,0.7594895,0.112,0.0,0.16357194,2.759998,2.779998,451200
hardzero_plus_depr__c0p50__z1p00__lam0p020__nu0p50__psi0p75,hardzero_plus_depr,0.06,41,141,0.0,2,0.11733245,0.11733245,1.0561835,0.0,0.08786513,0.0,0.0,0.0074584372,-27.625748,2.3236501,0.7745501,0.128,0.0,0.16888815,2.779998,2.799998,454400
hardzero_plus_depr__c0p50__z1p00__lam0p020__nu0p50__psi0p75,hardzero_plus_depr,0.06,41,142,0.0,2,0.11733245,0.11810297,0.979351,0.104869455,0.104869455,1.0,0.00077051745,0.0073473966,-26.00643,2.1546152,0.7182051,0.080000006,0.0,0.13322137,2.799998,2.819998,457600
hardzero_plus_depr__c0p50__z1p00__lam0p020__nu0p50__psi0p75,hardzero_plus_depr,0.06,41,143,0.0,2,0.11810297,0.11892769,0.9433142,0.11394252,0.11394252,1.0,0.0008247168,0.0072380076,-25.808588,2.0753326,0.6917776,0.22,0.0,0.14897527,2.819998,2.839998,460800
hardzero_plus_depr__c0p50__z1p00__lam0p020__nu0p50__psi0p75,hardzero_plus_depr,0.06,41,144,0.0,2,0.11892769,0.11970143,0.96450907,0.108515285,0.108515285,1.0,0.00077374093,0.0071302485,-26.694777,2.1219623,0.7073208,0.16800001,0.0,0.13330401,2.839998,2.859998,464000
hardzero_plus_depr__c0p50__z1p00__lam0p020__nu0p50__psi0p75,hardzero_plus_depr,0.06,41,145,0.0,2,0.11970143,0.11970143,1.0086635,0.0,0.09802491,0.0,0.0,0.007024092,-26.96434,2.219104,0.7397014,0.256,0.0,0.18460691,2.859998,2.879998,467200
hardzero_plus_depr__c0p50__z1p00__lam0p020__nu0p50__psi0p75,hardzero_plus_depr,0.06,41,146,0.0,2,0.11970143,0.120434105,0.9751629,0.10588564,0.10588564,1.0,0.0007326776,0.006919518,-27.020376,2.1454012,0.7151338,0.17600001,0.0,0.15771838,2.879998,2.899998,470400
hardzero_plus_depr__c0p50__z1p00__lam0p020__nu0p50__psi0p75,hardzero_plus_depr,0.06,41,147,0.0,2,0.120434105,0.120434105,1.0332121,0.0,0.09263772,0.0,0.0,0.0068164994,-27.297092,2.2731118,0.75770396,0.14400001,0.0,0.15871768,2.899998,2.919998,473600
hardzero_plus_depr__c0p50__z1p00__lam0p020__nu0p50__psi0p75,hardzero_plus_depr,0.06,41,148,0.0,2,0.120434105,0.120434105,1.0078923,0.0,0.09819915,0.0,0.0,0.0067150155,-27.35167,2.2174072,0.73913574,0.18400002,0.0,0.17218918,2.919998,2.939998,476800
hardzero_plus_depr__c0p50__z1p00__lam0p020__nu0p50__psi0p75,hardzero_plus_depr,0.06,41,149,0.0,2,0.120434105,0.120434105,1.010285,0.0,0.0976596,0.0,0.0,0.0066150413,-27.021338,2.2226715,0.7408905,0.136,0.0,0.1517547,2.939998,2.959998,480000
hardzero_plus_depr__c0p50__z1p00__lam0p020__nu0p50__psi0p75,hardzero_plus_depr,0.06,41,150,0.0,2,0.120434105,0.120434105,1.027063,0.0,0.09395868,0.0,0.0,0.0065165567,-27.163197,2.2595837,0.7531946,0.216,0.0,0.15773788,2.959998,2.9799979,483200
hardzero_plus_depr__c0p50__z1p00__lam0p020__nu0p50__psi0p75,hardzero_plus_depr,0.06,41,151,0.0,2,0.120434105,0.12113861,0.95961875,0.109744124,0.109744124,1.0,0.00070450647,0.006419537,-25.99372,2.1112034,0.7037345,0.2,0.0,0.15708072,2.9799979,2.9999979,486400
hardzero_plus_depr__c0p50__z1p00__lam0p020__nu0p50__psi0p75,hardzero_plus_depr,0.06,41,152,0.0,2,0.12113861,0.12113861,1.0630038,0.0,0.08649605,0.0,0.0,0.006323964,-27.967216,2.338655,0.7795517,0.14400001,0.0,0.15852727,2.9999979,3.0199978,489600
hardzero_plus_depr__c0p50__z1p00__lam0p020__nu0p50__psi0p75,hardzero_plus_depr,0.06,41,153,0.0,2,0.12113861,0.12113861,1.0355101,0.0,0.092148855,0.0,0.0,0.006229812,-27.445564,2.2781677,0.7593893,0.15200001,0.0,0.15330437,3.0199978,3.0399978,492800
hardzero_plus_depr__c0p50__z1p00__lam0p020__nu0p50__psi0p75,hardzero_plus_depr,0.06,41,154,0.0,2,0.12113861,0.12113861,1.0247691,0.0,0.09445631,0.0,0.0,0.006137063,-28.199518,2.2545369,0.7515123,0.17600001,0.0,0.14206462,3.0399978,3.0599978,496000
hardzero_plus_depr__c0p50__z1p00__lam0p020__nu0p50__psi0p75,hardzero_plus_depr,0.06,41,155,0.0,2,0.12113861,0.12113861,1.0622673,0.0,0.08664283,0.0,0.0,0.006045693,-28.315508,2.3370347,0.7790116,0.15200001,0.0,0.1891352,3.0599978,3.0799978,499200
hardzero_plus_depr__c0p50__z1p00__lam0p020__nu0p50__psi0p75,hardzero_plus_depr,0.06,41,156,0.0,2,0.12113861,0.121737085,0.9978841,0.1004884,0.1004884,1.0,0.0005984773,0.0059556854,-26.298306,2.1953888,0.73179626,0.22999999,0.0,0.14331824,3.0799978,3.0999978,502400
hardzero_plus_depr__c0p50__z1p00__lam0p020__nu0p50__psi0p75,hardzero_plus_depr,0.06,41,157,0.0,2,0.121737085,0.121737085,1.0417203,0.0,0.09084053,0.0,0.0,0.005867016,-28.126493,2.2918303,0.76394343,0.120000005,0.0,0.15113182,3.0999978,3.1199977,505600
hardzero_plus_depr__c0p50__z1p00__lam0p020__nu0p50__psi0p75,hardzero_plus_depr,0.06,41,158,0.0,2,0.121737085,0.121737085,1.0168701,0.0,0.09619,0.0,0.0,0.005779668,-27.422115,2.237159,0.7457197,0.15200001,0.0,0.14296499,3.1199977,3.1399977,508800
hardzero_plus_depr__c0p50__z1p00__lam0p020__nu0p50__psi0p75,hardzero_plus_depr,0.06,41,159,0.0,2,0.121737085,0.121737085,1.0462117,0.0,0.08990592,0.0,0.0,0.0056936196,-27.462572,2.3017118,0.7672373,0.136,0.0,0.14628899,3.1399977,3.1599977,512000
hardzero_plus_depr__c0p50__z1p00__lam0p020__nu0p50__psi0p75,hardzero_plus_depr,0.06,41,160,0.0,2,0.121737085,0.121737085,1.0449401,0.0,0.09016955,0.0,0.0,0.0056088534,-28.01122,2.2989142,0.76630473,0.16800001,0.0,0.16280979,3.1599977,3.1799977,515200
hardzero_plus_depr__c0p50__z1p00__lam0p020__nu0p50__psi0p75,hardzero_plus_depr,0.06,41,161,0.0,2,0.121737085,0.121737085,1.0295678,0.0,0.09341833,0.0,0.0,0.005525348,-26.755993,2.2650945,0.7550315,0.096,0.0,0.17156762,3.1799977,3.1999977,518400
hardzero_plus_depr__c0p50__z1p00__lam0p020__nu0p50__psi0p75,hardzero_plus_depr,0.06,41,162,0.0,2,0.121737085,0.121737085,1.0422468,0.0,0.09073047,0.0,0.0,0.0054430873,-27.806427,2.2929888,0.7643296,0.16000001,0.0,0.17315702,3.1999977,3.2199976,521600
hardzero_plus_depr__c0p50__z1p00__lam0p020__nu0p50__psi0p75,hardzero_plus_depr,0.06,41,163,0.0,2,0.121737085,0.121737085,1.0329875,0.0,0.09268565,0.0,0.0,0.0053620497,-27.044271,2.2726178,0.7575393,0.208,0.0,0.16808179,3.2199976,3.2399976,524800
hardzero_plus_depr__c0p50__z1p00__lam0p020__nu0p50__psi0p75,hardzero_plus_depr,0.06,41,164,0.0,2,0.121737085,0.12227367,0.9931821,0.10158225,0.10158225,1.0,0.00053657976,0.0052822195,-25.74414,2.1850443,0.72834814,0.208,0.0,0.21267962,3.2399976,3.2599976,528000
hardzero_plus_depr__c0p50__z1p00__lam0p020__nu0p50__psi0p75,hardzero_plus_depr,0.06,41,165,0.0,2,0.12227367,0.12280238,0.993086,0.10160476,0.10160476,1.0,0.0005287082,0.005203577,-27.24178,2.1848328,0.7282776,0.15200001,0.0,0.14588575,3.2599976,3.2799976,531200
hardzero_plus_depr__c0p50__z1p00__lam0p020__nu0p50__psi0p75,hardzero_plus_depr,0.06,41,166,0.0,2,0.12280238,0.12280238,1.0336537,0.0,0.09254357,0.0,0.0,0.0051261066,-27.130184,2.2740836,0.7580279,0.104,0.0,0.15652975,3.2799976,3.2999976,534400
hardzero_plus_depr__c0p50__z1p00__lam0p020__nu0p50__psi0p75,hardzero_plus_depr,0.06,41,167,0.0,2,0.12280238,0.12335752,0.95886636,0.109934404,0.109934404,1.0,0.00055514544,0.005049788,-26.041527,2.109548,0.7031827,0.18400002,0.0,0.1586907,3.2999976,3.3199975,537600
hardzero_plus_depr__c0p50__z1p00__lam0p020__nu0p50__psi0p75,hardzero_plus_depr,0.06,41,168,0.0,2,0.12335752,0.12335752,1.0464258,0.0,0.089861594,0.0,0.0,0.0049746074,-28.236382,2.3021827,0.76739424,0.17600001,0.0,0.1792113,3.3199975,3.3399975,540800
hardzero_plus_depr__c0p50__z1p00__lam0p020__nu0p50__psi0p75,hardzero_plus_depr,0.06,41,169,0.0,2,0.12335752,0.123847924,0.9996877,0.10007193,0.10007193,1.0,0.00049040694,0.0049005444,-26.81041,2.1993568,0.73311895,0.19,0.0,0.14597481,3.3399975,3.3599975,544000
hardzero_plus_depr__c0p50__z1p00__lam0p020__nu0p50__psi0p75,hardzero_plus_depr,0.06,41,170,0.0,2,0.123847924,0.123847924,1.0180308,0.0,0.09593327,0.0,0.0,0.004827586,-26.599266,2.2397125,0.7465708,0.17600001,0.0,0.12108473,3.3599975,3.3799975,547200
hardzero_plus_depr__c0p50__z1p00__lam0p020__nu0p50__psi0p75,hardzero_plus_depr,0.06,41,171,0.0,2,0.123847924,0.123847924,1.0138153,0.0,0.096868984,0.0,0.0,0.004755712,-26.689787,2.2304382,0.74347943,0.224,0.0,0.14345007,3.3799975,3.3999975,550400
hardzero_plus_depr__c0p50__z1p00__lam0p020__nu0p50__psi0p75,hardzero_plus_depr,0.06,41,172,0.0,2,0.123847924,0.12435027,0.9696956,0.10722706,0.10722706,1.0,0.000502349,0.004684909,-25.575562,2.133373,0.71112436,0.136,0.0,0.1430748,3.3999975,3.4199975,553600
hardzero_plus_depr__c0p50__z1p00__lam0p020__nu0p50__psi0p75,hardzero_plus_depr,0.06,41,173,0.0,2,0.12435027,0.12485307,0.96279716,0.10894387,0.10894387,1.0,0.0005027933,0.0046151592,-26.197964,2.118196,0.70606536,0.208,0.0,0.13612904,3.4199975,3.4399974,556800
hardzero_plus_depr__c0p50__z1p00__lam0p020__nu0p50__psi0p75,hardzero_plus_depr,0.06,41,174,0.0,2,0.12485307,0.12485307,1.0172052,0.0,0.09611579,0.0,0.0,0.0045464486,-27.916157,2.2378962,0.7459654,0.16800001,0.0,0.15036663,3.4399974,3.4599974,560000
hardzero_plus_depr__c0p50__z1p00__lam0p020__nu0p50__psi0p75,hardzero_plus_depr,0.06,41,175,0.0,2,0.12485307,0.12485307,1.0167128,0.0,0.09622484,0.0,0.0,0.0044787605,-27.050623,2.2368128,0.7456043,0.120000005,0.0,0.17355867,3.4599974,3.4799974,563200
hardzero_plus_depr__c0p50__z1p00__lam0p020__nu0p50__psi0p75,hardzero_plus_depr,0.06,41,176,0.0,2,0.12485307,0.12485307,1.0310652,0.0,0.0930968,0.0,0.0,0.0044120816,-26.759243,2.2683887,0.7561296,0.16000001,0.0,0.13739398,3.4799974,3.4999974,566400
hardzero_plus_depr__c0p50__z1p00__lam0p020__nu0p50__psi0p75,hardzero_plus_depr,0.06,41,177,0.0,2,0.12485307,0.12485307,1.0298765,0.0,0.09335198,0.0,0.0,0.0043463935,-26.587082,2.2657735,0.75525784,0.16800001,0.0,0.14917438,3.4999974,3.5199974,569600
hardzero_plus_depr__c0p50__z1p00__lam0p020__nu0p50__psi0p75,hardzero_plus_depr,0.06,41,178,0.0,2,0.12485307,0.12485307,1.0114849,0.0,0.09739017,0.0,0.0,0.0042816848,-26.528477,2.225311,0.7417704,0.208,0.0,0.1503466,3.5199974,3.5399973,572800
hardzero_plus_depr__c0p50__z1p00__lam0p020__nu0p50__psi0p75,hardzero_plus_depr,0.06,41,179,0.0,2,0.12485307,0.12485307,1.0145152,0.0,0.096712984,0.0,0.0,0.0042179385,-26.99074,2.231978,0.7439927,0.136,0.0,0.1586068,3.5399973,3.5599973,576000
hardzero_plus_depr__c0p50__z1p00__lam0p020__nu0p50__psi0p75,hardzero_plus_depr,0.06,41,180,0.0,2,0.12485307,0.12530856,0.96010166,0.10962216,0.10962216,1.0,0.0004554956,0.0041551418,-26.626291,2.1122658,0.7040886,0.16800001,0.0,0.15580793,3.5599973,3.5799973,579200
hardzero_plus_depr__c0p50__z1p00__lam0p020__nu0p50__psi0p75,hardzero_plus_depr,0.06,41,181,0.0,2,0.12530856,0.12530856,1.0424142,0.0,0.09069552,0.0,0.0,0.0040932796,-27.848404,2.2933571,0.7644524,0.104,0.0,0.1761585,3.5799973,3.5999973,582400
hardzero_plus_depr__c0p50__z1p00__lam0p020__nu0p50__psi0p75,hardzero_plus_depr,0.06,41,182,0.0,2,0.12530856,0.12530856,1.0006491,0.0,0.09985064,0.0,0.0,0.004032339,-26.902475,2.201472,0.733824,0.19999999,0.0,0.12217548,3.5999973,3.6199973,585600
hardzero_plus_depr__c0p50__z1p00__lam0p020__nu0p50__psi0p75,hardzero_plus_depr,0.06,41,183,0.0,2,0.12530856,0.12530856,1.0401562,0.0,0.09116827,0.0,0.0,0.003972305,-27.670527,2.2883894,0.7627965,0.16000001,0.0,0.15962815,3.6199973,3.6399972,588800
hardzero_plus_depr__c0p50__z1p00__lam0p020__nu0p50__psi0p75,hardzero_plus_depr,0.06,41,184,0.0,2,0.12530856,0.12571347,0.9851659,0.103474684,0.103474684,1.0,0.00040491362,0.003913166,-26.467747,2.1674082,0.72246945,0.15200001,0.0,0.16570227,3.6399972,3.6599972,592000
hardzero_plus_depr__c0p50__z1p00__lam0p020__nu0p50__psi0p75,hardzero_plus_depr,0.06,41,185,0.0,2,0.12571347,0.12571347,1.0267532,0.0,0.09402575,0.0,0.0,0.0038549055,-28.057161,2.258902,0.75296736,0.16800001,0.0,0.17719789,3.6599972,3.6799972,595200
hardzero_plus_depr__c0p50__z1p00__lam0p020__nu0p50__psi0p75,hardzero_plus_depr,0.06,41,186,0.0,2,0.12571347,0.12571347,1.0304301,0.0,0.09323305,0.0,0.0,0.003797514,-27.139303,2.2669914,0.7556638,0.16000001,0.0,0.19242644,3.6799972,3.6999972,598400
hardzero_plus_depr__c0p50__z1p00__lam0p020__nu0p50__psi0p75,hardzero_plus_depr,0.06,41,187,0.0,2,0.12571347,0.12571347,1.0058649,0.0,0.09865864,0.0,0.0,0.0037409763,-27.086472,2.212947,0.73764896,0.2,0.0,0.14577551,3.6999972,3.7199972,601600
hardzero_plus_depr__c0p50__z1p00__lam0p020__nu0p50__psi0p75,hardzero_plus_depr,0.06,41,188,0.0,2,0.12571347,0.12571347,1.0025235,0.0,0.09942061,0.0,0.0,0.0036852807,-26.512997,2.2055957,0.7351986,0.16800001,0.0,0.14401703,3.7199972,3.7399971,604800
hardzero_plus_depr__c0p50__z1p00__lam0p020__nu0p50__psi0p75,hardzero_plus_depr,0.06,41,189,0.0,2,0.12571347,0.12609397,0.9795938,0.10481084,0.10481084,1.0,0.00038050674,0.003630414,-26.824978,2.1551495,0.7183832,0.15200001,0.0,0.16956599,3.7399971,3.7599971,608000
hardzero_plus_depr__c0p50__z1p00__lam0p020__nu0p50__psi0p75,hardzero_plus_depr,0.06,41,190,0.0,2,0.12609397,0.1264548,0.99613184,0.10089466,0.10089466,1.0,0.00036083607,0.0035763644,-26.312855,2.1915338,0.7305113,0.216,0.0,0.1595868,3.7599971,3.779997,611200
hardzero_plus_depr__c0p50__z1p00__lam0p020__nu0p50__psi0p75,hardzero_plus_depr,0.06,41,191,0.0,2,0.1264548,0.1264548,1.0047476,0.0,0.09891278,0.0,0.0,0.0035231188,-27.052526,2.2104888,0.73682964,0.120000005,0.0,0.16014308,3.779997,3.799997,614400
hardzero_plus_depr__c0p50__z1p00__lam0p020__nu0p50__psi0p75,hardzero_plus_depr,0.06,41,192,0.0,2,0.1264548,0.12681903,0.97903496,0.104945794,0.104945794,1.0,0.00036423194,0.0034706672,-26.700344,2.15392,0.71797335,0.18400002,0.008,0.15898181,3.799997,3.819997,617600
hardzero_plus_depr__c0p50__z1p00__lam0p020__nu0p50__psi0p75,hardzero_plus_depr,0.06,41,193,0.0,2,0.12681903,0.12716873,0.9902104,0.10227972,0.10227972,1.0,0.0003496939,0.0034189953,-26.313482,2.1785064,0.7261688,0.14400001,0.0,0.14505364,3.819997,3.839997,620800
hardzero_plus_depr__c0p50__z1p00__lam0p020__nu0p50__psi0p75,hardzero_plus_depr,0.06,41,194,0.0,2,0.12716873,0.12751128,0.99266034,0.1017044,0.1017044,1.0,0.0003425499,0.0033680934,-27.04731,2.1838963,0.7279655,0.208,0.0,0.15633355,3.839997,3.859997,624000
hardzero_plus_depr__c0p50__z1p00__lam0p020__nu0p50__psi0p75,hardzero_plus_depr,0.06,41,195,0.0,2,0.12751128,0.12785472,0.9850107,0.10351167,0.10351167,1.0,0.00034344642,0.0033179487,-26.990665,2.1670668,0.7223556,0.16,0.0,0.16651759,3.859997,3.879997,627200
hardzero_plus_depr__c0p50__z1p00__lam0p020__nu0p50__psi0p75,hardzero_plus_depr,0.06,41,196,0.0,2,0.12785472,0.12818675,0.9931806,0.10158261,0.10158261,1.0,0.00033202796,0.0032685513,-26.405184,2.185041,0.728347,0.128,0.0,0.16114981,3.879997,3.899997,630400
hardzero_plus_depr__c0p50__z1p00__lam0p020__nu0p50__psi0p75,hardzero_plus_depr,0.06,41,197,0.0,2,0.12818675,0.12818675,1.034269,0.0,0.09241256,0.0,0.0,0.0032198885,-27.052275,2.275437,0.75847906,0.136,0.0,0.13014778,3.899997,3.919997,633600
hardzero_plus_depr__c0p50__z1p00__lam0p020__nu0p50__psi0p75,hardzero_plus_depr,0.06,41,198,0.0,2,0.12818675,0.12818675,1.0317476,0.0,0.09295064,0.0,0.0,0.0031719513,-27.164774,2.26989,0.75663006,0.16000001,0.0,0.15011945,3.919997,3.939997,636800
hardzero_plus_depr__c0p50__z1p00__lam0p020__nu0p50__psi0p75,hardzero_plus_depr,0.06,41,199,0.0,2,0.12818675,0.12818675,1.0110162,0.0,0.09749531,0.0,0.0,0.0031247265,-27.432322,2.22428,0.7414267,0.16800001,0.0,0.15602076,3.939997,3.959997,640000
hardzero_plus_depr__c0p50__z1p00__lam0p020__nu0p50__psi0p75,hardzero_plus_depr,0.06,41,200,0.0,2,0.12818675,0.12849544,0.9987692,0.10028381,0.10028381,1.0,0.0003086942,0.0030782057,-26.223143,2.1973362,0.7324454,0.24800001,0.0,0.14787109,3.959997,3.979997,643200
hardzero_plus_depr__c0p50__z1p00__lam0p020__nu0p50__psi0p75,hardzero_plus_depr,0.06,41,201,0.0,2,0.12849544,0.12880325,0.993504,0.10150701,0.10150701,1.0,0.00030780755,0.0030323772,-26.05491,2.1857524,0.7285842,0.192,0.0,0.1489709,3.979997,3.999997,646400
hardzero_plus_depr__c0p50__z1p00__lam0p020__nu0p50__psi0p75,hardzero_plus_depr,0.06,41,202,0.0,2,0.12880325,0.12910603,0.99415344,0.10135533,0.10135533,1.0,0.0003027718,0.0029872311,-26.607151,2.1871812,0.7290604,0.15200001,0.0,0.15328418,3.999997,4.019997,649600
hardzero_plus_depr__c0p50__z1p00__lam0p020__nu0p50__psi0p75,hardzero_plus_depr,0.06,41,203,0.0,2,0.12910603,0.12940066,0.99948263,0.10011921,0.10011921,1.0,0.0002946264,0.002942756,-25.039116,2.1989057,0.73296857,0.15200001,0.0,0.1381455,4.019997,4.039997,652800
hardzero_plus_depr__c0p50__z1p00__lam0p020__nu0p50__psi0p75,hardzero_plus_depr,0.06,41,204,0.0,2,0.12940066,0.12971212,0.96883506,0.107439734,0.107439734,1.0,0.0003114618,0.0028989443,-26.24964,2.1314797,0.71049327,0.17600001,0.0,0.14831683,4.039997,4.059997,656000
hardzero_plus_depr__c0p50__z1p00__lam0p020__nu0p50__psi0p75,hardzero_plus_depr,0.06,41,205,0.0,2,0.12971212,0.12971212,1.0390446,0.0,0.09140193,0.0,0.0,0.0028557852,-27.857632,2.2859437,0.76198125,0.136,0.0,0.15602371,4.059997,4.079997,659200
hardzero_plus_depr__c0p50__z1p00__lam0p020__nu0p50__psi0p75,hardzero_plus_depr,0.06,41,206,0.0,2,0.12971212,0.12971212,1.0093439,0.0,0.09787146,0.0,0.0,0.002813268,-27.578724,2.2206008,0.7402003,0.16800001,0.0,0.1643791,4.079997,4.099997,662400
hardzero_plus_depr__c0p50__z1p00__lam0p020__nu0p50__psi0p75,hardzero_plus_depr,0.06,41,207,0.0,2,0.12971212,0.12999405,0.99254596,0.101731166,0.101731166,1.0,0.00028193605,0.0027713832,-26.852205,2.1836448,0.7278816,0.2,0.0,0.15760611,4.099997,4.119997,665600
hardzero_plus_depr__c0p50__z1p00__lam0p020__nu0p50__psi0p75,hardzero_plus_depr,0.06,41,208,0.0,2,0.12999405,0.13030757,0.9399233,0.11483563,0.11483563,1.0,0.00031351543,0.0027301232,-26.305693,2.0678725,0.6892909,0.19,0.0,0.13144971,4.119997,4.139997,668800
hardzero_plus_depr__c0p50__z1p00__lam0p020__nu0p50__psi0p75,hardzero_plus_depr,0.06,41,209,0.0,2,0.13030757,0.13030757,1.0128666,0.0,0.09708081,0.0,0.0,0.0026894775,-26.956108,2.228351,0.7427837,0.192,0.0,0.16671708,4.139997,4.159997,672000
hardzero_plus_depr__c0p50__z1p00__lam0p020__nu0p50__psi0p75,hardzero_plus_depr,0.06,41,210,0.0,2,0.13030757,0.13030757,1.0240648,0.0,0.0946096,0.0,0.0,0.002649436,-27.422415,2.2529874,0.7509958,0.17600001,0.0,0.1508714,4.159997,4.179997,675200
hardzero_plus_depr__c0p50__z1p00__lam0p020__nu0p50__psi0p75,hardzero_plus_depr,0.06,41,211,0.0,2,0.13030757,0.13030757,1.0208796,0.0,0.09530603,0.0,0.0,0.0026099908,-26.887754,2.24598,0.74866,0.16000001,0.0,0.16214761,4.179997,4.199997,678400
hardzero_plus_depr__c0p50__z1p00__lam0p020__nu0p50__psi0p75,hardzero_plus_depr,0.06,41,212,0.0,2,0.13030757,0.13030757,1.0216314,0.0,0.0951412,0.0,0.0,0.0025711334,-26.98441,2.247634,0.7492113,0.128,0.0,0.14694747,4.199997,4.219997,681600
hardzero_plus_depr__c0p50__z1p00__lam0p020__nu0p50__psi0p75,hardzero_plus_depr,0.06,41,213,0.0,2,0.13030757,0.13030757,1.0232719,0.0,0.09478249,0.0,0.0,0.0025328547,-27.911161,2.251243,0.7504144,0.104,0.0,0.15357809,4.219997,4.239997,684800
hardzero_plus_depr__c0p50__z1p00__lam0p020__nu0p50__psi0p75,hardzero_plus_depr,0.06,41,214,0.0,2,0.13030757,0.13030757,1.0256145,0.0,0.094272606,0.0,0.0,0.002495145,-27.379818,2.256397,0.75213236,0.128,0.0,0.17427191,4.239997,4.259997,688000
hardzero_plus_depr__c0p50__z1p00__lam0p020__nu0p50__psi0p75,hardzero_plus_depr,0.06,41,215,0.0,2,0.13030757,0.130575,0.9633625,0.10880214,0.10880214,1.0,0.0002674353,0.0024579968,-26.559988,2.1194398,0.70647997,0.216,0.0,0.1570113,4.259997,4.279997,691200
hardzero_plus_depr__c0p50__z1p00__lam0p020__nu0p50__psi0p75,hardzero_plus_depr,0.06,41,216,0.0,2,0.130575,0.130575,1.0090603,0.0,0.09793539,0.0,0.0,0.0024214026,-26.677486,2.219977,0.7399923,0.14400001,0.0,0.13297936,4.279997,4.299997,694400
hardzero_plus_depr__c0p50__z1p00__lam0p020__nu0p50__psi0p75,hardzero_plus_depr,0.06,41,217,0.0,2,0.130575,0.13082992,0.9711635,0.10686523,0.10686523,1.0,0.00025491123,0.0023853525,-26.56204,2.1366024,0.7122008,0.216,0.0,0.13251276,4.299997,4.319997,697600
hardzero_plus_depr__c0p50__z1p00__lam0p020__nu0p50__psi0p75,hardzero_plus_depr,0.06,41,218,0.0,2,0.13082992,0.13082992,1.0526453,0.0,0.088583864,0.0,0.0,0.0023498393,-26.956814,2.315866,0.7719554,0.128,0.0,0.13643534,4.319997,4.339997,700800
hardzero_plus_depr__c0p50__z1p00__lam0p020__nu0p50__psi0p75,hardzero_plus_depr,0.06,41,219,0.0,2,0.13082992,0.13082992,1.0324769,0.0,0.09279467,0.0,0.0,0.0023148544,-27.888592,2.2714946,0.7571649,0.17600001,0.0,0.15000576,4.339997,4.359997,704000
hardzero_plus_depr__c0p50__z1p00__lam0p020__nu0p50__psi0p75,hardzero_plus_depr,0.06,41,220,0.0,2,0.13082992,0.13105974,0.99663264,0.10077836,0.10077836,1.0,0.00022981408,0.002280391,-26.952215,2.1926355,0.73087853,0.23200001,0.0,0.18935011,4.359997,4.379997,707200
hardzero_plus_depr__c0p50__z1p00__lam0p020__nu0p50__psi0p75,hardzero_plus_depr,0.06,41,221,0.0,2,0.13105974,0.13128898,0.9912102,0.10204453,0.10204453,1.0,0.000229237,0.0022464409,-27.157465,2.180706,0.726902,0.12,0.0,0.12788358,4.379997,4.3999968,710400
hardzero_plus_depr__c0p50__z1p00__lam0p020__nu0p50__psi0p75,hardzero_plus_depr,0.06,41,222,0.0,2,0.13128898,0.13128898,1.0135123,0.0,0.09693658,0.0,0.0,0.0022129954,-26.45926,2.2297714,0.74325716,0.16000001,0.0,0.16300926,4.3999968,4.4199967,713600
hardzero_plus_depr__c0p50__z1p00__lam0p020__nu0p50__psi0p75,hardzero_plus_depr,0.06,41,223,0.0,2,0.13128898,0.13128898,1.0497111,0.0,0.0891844,0.0,0.0,0.0021800478,-28.084452,2.3094106,0.7698035,0.120000005,0.0,0.15009977,4.4199967,4.4399967,716800
hardzero_plus_depr__c0p50__z1p00__lam0p020__nu0p50__psi0p75,hardzero_plus_depr,0.06,41,224,0.0,2,0.13128898,0.13128898,1.003421,0.0,0.09921538,0.0,0.0,0.0021475914,-26.415394,2.20757,0.7358567,0.14400001,0.0,0.13681895,4.4399967,4.4599967,720000
hardzero_plus_depr__c0p50__z1p00__lam0p020__nu0p50__psi0p75,hardzero_plus_depr,0.06,41,225,0.0,2,0.13128898,0.13153157,0.9405747,0.11466352,0.11466352,1.0,0.00024258422,0.0021156182,-25.914211,2.0693057,0.68976855,0.2,0.0,0.12788215,4.4599967,4.4799967,723200
hardzero_plus_depr__c0p50__z1p00__lam0p020__nu0p50__psi0p75,hardzero_plus_depr,0.06,41,226,0.0,2,0.13153157,0.13174096,0.99795115,0.100472875,0.100472875,1.0,0.00020939759,0.0020841206,-26.406212,2.1955364,0.7318455,0.208,0.0,0.15996875,4.4799967,4.4999967,726400
hardzero_plus_depr__c0p50__z1p00__lam0p020__nu0p50__psi0p75,hardzero_plus_depr,0.06,41,227,0.0,2,0.13174096,0.13174096,1.0208797,0.0,0.09530601,0.0,0.0,0.002053092,-27.777782,2.2459803,0.7486601,0.15200001,0.0,0.15229067,4.4999967,4.5199966,729600
hardzero_plus_depr__c0p50__z1p00__lam0p020__nu0p50__psi0p75,hardzero_plus_depr,0.06,41,228,0.0,2,0.13174096,0.13194984,0.9859767,0.10328167,0.10328167,1.0,0.00020888982,0.0020225255,-26.828571,2.169192,0.72306406,0.16800001,0.0,0.14071925,4.5199966,4.5399966,732800
hardzero_plus_depr__c0p50__z1p00__lam0p020__nu0p50__psi0p75,hardzero_plus_depr,0.06,41,229,0.0,2,0.13194984,0.13194984,1.0500046,0.0,0.089124136,0.0,0.0,0.0019924145,-28.355162,2.3100562,0.77001876,0.16800001,0.0,0.16800427,4.5399966,4.5599966,736000
hardzero_plus_depr__c0p50__z1p00__lam0p020__nu0p50__psi0p75,hardzero_plus_depr,0.06,41,230,0.0,2,0.13194984,0.13194984,1.049548,0.0,0.089217894,0.0,0.0,0.0019627512,-27.165503,2.3090518,0.76968396,0.104,0.0,0.18639384,4.5599966,4.5799966,739200
hardzero_plus_depr__c0p50__z1p00__lam0p020__nu0p50__psi0p75,hardzero_plus_depr,0.06,41,231,0.0,2,0.13194984,0.13194984,1.0289644,0.0,0.09354823,0.0,0.0,0.0019335294,-26.990808,2.263767,0.754589,0.080000006,0.0,0.14283614,4.5799966,4.5999966,742400
hardzero_plus_depr__c0p50__z1p00__lam0p020__nu0p50__psi0p75,hardzero_plus_depr,0.06,41,232,0.0,2,0.13194984,0.13194984,1.0136974,0.0,0.09689527,0.0,0.0,0.001904743,-27.41149,2.2301788,0.74339294,0.2,0.0,0.14060631,4.5999966,4.6199965,745600
hardzero_plus_depr__c0p50__z1p00__lam0p020__nu0p50__psi0p75,hardzero_plus_depr,0.06,41,233,0.0,2,0.13194984,0.13216409,0.9423992,0.11418284,0.11418284,1.0,0.00021425099,0.0018763853,-26.306879,2.0733197,0.69110656,0.16000001,0.0,0.12952639,4.6199965,4.6399965,748800
hardzero_plus_depr__c0p50__z1p00__lam0p020__nu0p50__psi0p75,hardzero_plus_depr,0.06,41,234,0.0,2,0.13216409,0.13216409,1.0385511,0.0,0.09150585,0.0,0.0,0.0018484495,-26.91575,2.284858,0.7616193,0.07,0.0,0.16546288,4.6399965,4.6599965,752000
hardzero_plus_depr__c0p50__z1p00__lam0p020__nu0p50__psi0p75,hardzero_plus_depr,0.06,41,235,0.0,2,0.13216409,0.13234732,0.9973163,0.10061984,0.10061984,1.0,0.00018322162,0.0018209295,-27.27738,2.1941397,0.7313799,0.112,0.0,0.16443598,4.6599965,4.6799965,755200
hardzero_plus_depr__c0p50__z1p00__lam0p020__nu0p50__psi0p75,hardzero_plus_depr,0.06,41,236,0.0,2,0.13234732,0.13234732,1.043205,0.0,0.09053051,0.0,0.0,0.0017938197,-28.44956,2.2950969,0.7650323,0.128,0.0,0.17619579,4.6799965,4.6999965,758400
hardzero_plus_depr__c0p50__z1p00__lam0p020__nu0p50__psi0p75,hardzero_plus_depr,0.06,41,237,0.0,2,0.13234732,0.13234732,1.038059,0.0,0.0916096,0.0,0.0,0.0017671133,-27.964272,2.2837753,0.7612585,0.15200001,0.0,0.17988984,4.6999965,4.7199965,761600
hardzero_plus_depr__c0p50__z1p00__lam0p020__nu0p50__psi0p75,hardzero_plus_depr,0.06,41,238,0.0,2,0.13234732,0.13252248,0.99729985,0.10062366,0.10062366,1.0,0.0001751661,0.0017408043,-26.83183,2.1941035,0.7313678,0.16000001,0.0,0.15112951,4.7199965,4.7399964,764800
hardzero_plus_depr__c0p50__z1p00__lam0p020__nu0p50__psi0p75,hardzero_plus_depr,0.06,41,239,0.0,2,0.13252248,0.13252248,1.0372907,0.0,0.09177181,0.0,0.0,0.001714887,-27.996458,2.2820852,0.7606951,0.112,0.0,0.16334645,4.7399964,4.7599964,768000
hardzero_plus_depr__c0p50__z1p00__lam0p020__nu0p50__psi0p75,hardzero_plus_depr,0.06,41,240,0.0,2,0.13252248,0.13269523,0.9903001,0.10225861,0.10225861,1.0,0.00017275117,0.0016893558,-26.34696,2.1787038,0.7262346,0.15200001,0.0,0.15629755,4.7599964,4.7799964,771200
hardzero_plus_depr__c0p50__z1p00__lam0p020__nu0p50__psi0p75,hardzero_plus_depr,0.06,41,241,0.0,2,0.13269523,0.13269523,1.0214646,0.0,0.095177755,0.0,0.0,0.0016642049,-27.688257,2.247267,0.749089,0.112,0.0,0.18553816,4.7799964,4.7999964,774400
hardzero_plus_depr__c0p50__z1p00__lam0p020__nu0p50__psi0p75,hardzero_plus_depr,0.06,41,242,0.0,2,0.13269523,0.13286509,0.98462087,0.10360463,0.10360463,1.0,0.00016985231,0.0016394279,-26.152433,2.1662092,0.72206974,0.17600001,0.0,0.14837049,4.7999964,4.8199964,777600
hardzero_plus_depr__c0p50__z1p00__lam0p020__nu0p50__psi0p75,hardzero_plus_depr,0.06,41,243,0.0,2,0.13286509,0.13286509,1.046768,0.0,0.08979084,0.0,0.0,0.0016150197,-28.340176,2.3029354,0.7676451,0.16000001,0.0,0.16026136,4.8199964,4.8399963,780800
hardzero_plus_depr__c0p50__z1p00__lam0p020__nu0p50__psi0p75,hardzero_plus_depr,0.06,41,244,0.0,2,0.13286509,0.13302802,0.9896623,0.1024089,0.1024089,1.0,0.00016293005,0.0015909754,-26.129213,2.1773005,0.72576684,0.14400001,0.0,0.1637919,4.8399963,4.8599963,784000
hardzero_plus_depr__c0p50__z1p00__lam0p020__nu0p50__psi0p75,hardzero_plus_depr,0.06,41,245,0.0,2,0.13302802,0.13319084,0.98341215,0.10389337,0.10389337,1.0,0.00016283094,0.0015672891,-25.937399,2.16355,0.7211833,0.17600001,0.0,0.15212044,4.8599963,4.8799963,787200
hardzero_plus_depr__c0p50__z1p00__lam0p020__nu0p50__psi0p75,hardzero_plus_depr,0.06,41,246,0.0,2,0.13319084,0.13335657,0.9692355,0.10734072,0.10734072,1.0,0.00016572926,0.0015439551,-26.811527,2.1323607,0.71078694,0.208,0.0,0.14688896,4.8799963,4.8999963,790400
hardzero_plus_depr__c0p50__z1p00__lam0p020__nu0p50__psi0p75,hardzero_plus_depr,0.06,41,247,0.0,2,0.13335657,0.13352402,0.9582491,0.110090755,0.110090755,1.0,0.00016744457,0.0015209685,-26.190416,2.10819,0.70273006,0.14,0.0,0.12556763,4.8999963,4.9199963,793600
hardzero_plus_depr__c0p50__z1p00__lam0p020__nu0p50__psi0p75,hardzero_plus_depr,0.06,41,248,0.0,2,0.13352402,0.13352402,1.0111954,0.0,0.097455114,0.0,0.0,0.0014983243,-27.377674,2.2246745,0.7415582,0.08800001,0.0,0.13838911,4.9199963,4.9399962,796800
hardzero_plus_depr__c0p50__z1p00__lam0p020__nu0p50__psi0p75,hardzero_plus_depr,0.06,41,249,0.0,2,0.13352402,0.1336743,0.9922017,0.10181184,0.10181184,1.0,0.00015027606,0.0014760174,-27.167717,2.1828873,0.7276291,0.136,0.0,0.1471404,4.9399962,4.959996,800000
hardzero_plus_depr__c0p50__z1p00__lam0p020__nu0p50__psi0p75,hardzero_plus_depr,0.06,41,250,0.0,2,0.1336743,0.1336743,1.0658178,0.0,0.08593738,0.0,0.0,0.0014540422,-28.431667,2.344846,0.7816154,0.15200001,0.0,0.17798643,4.959996,4.979996,803200
hardzero_plus_depr__c0p50__z1p00__lam0p020__nu0p50__psi0p75,hardzero_plus_depr,0.06,41,251,0.0,2,0.1336743,0.13383731,0.9438087,0.11381284,0.11381284,1.0,0.00016302484,0.0014323941,-26.204426,2.0764205,0.6921402,0.256,0.0,0.143212,4.979996,4.999996,806400
hardzero_plus_depr__c0p50__z1p00__lam0p020__nu0p50__psi0p75,hardzero_plus_depr,0.06,41,252,0.0,2,0.13383731,0.13383731,1.027846,0.0,0.093789466,0.0,0.0,0.0014110688,-27.748198,2.2613063,0.7537688,0.14400001,0.0,0.17957157,4.999996,5.019996,809600
hardzero_plus_depr__c0p50__z1p00__lam0p020__nu0p50__psi0p75,hardzero_plus_depr,0.06,41,253,0.0,2,0.13383731,0.13383731,1.0622271,0.0,0.08665084,0.0,0.0,0.0013900609,-27.936638,2.3369462,0.7789821,0.112,0.0,0.17180593,5.019996,5.039996,812800
hardzero_plus_depr__c0p50__z1p00__lam0p020__nu0p50__psi0p75,hardzero_plus_depr,0.06,41,254,0.0,2,0.13383731,0.13383731,1.0636395,0.0,0.08636951,0.0,0.0,0.0013693655,-28.30311,2.3400538,0.780018,0.15200001,0.0,0.1781288,5.039996,5.059996,816000
hardzero_plus_depr__c0p50__z1p00__lam0p020__nu0p50__psi0p75,hardzero_plus_depr,0.06,41,255,0.0,2,0.13383731,0.13398053,0.9740052,0.106168285,0.106168285,1.0,0.00014321871,0.0013489783,-25.755892,2.1428542,0.7142848,0.2,0.0,0.11742175,5.059996,5.079996,819200
hardzero_plus_depr__c0p50__z1p00__lam0p020__nu0p50__psi0p75,hardzero_plus_depr,0.06,41,256,0.0,2,0.13398053,0.13398053,1.0432681,0.0,0.090517364,0.0,0.0,0.0013288946,-27.817621,2.2952356,0.76507854,0.16000001,0.0,0.16702676,5.079996,5.099996,822400
hardzero_plus_depr__c0p50__z1p00__lam0p020__nu0p50__psi0p75,hardzero_plus_depr,0.06,41,257,0.0,2,0.13398053,0.13398053,1.0107156,0.0,0.09756282,0.0,0.0,0.0013091101,-27.137758,2.2236187,0.7412063,0.17600001,0.0,0.16404322,5.099996,5.119996,825600
hardzero_plus_depr__c0p50__z1p00__lam0p020__nu0p50__psi0p75,hardzero_plus_depr,0.06,41,258,0.0,2,0.13398053,0.13398053,1.0092347,0.0,0.09789608,0.0,0.0,0.0012896198,-27.129223,2.2203605,0.7401202,0.14400001,0.0,0.16931576,5.119996,5.139996,828800
hardzero_plus_depr__c0p50__z1p00__lam0p020__nu0p50__psi0p75,hardzero_plus_depr,0.06,41,259,0.0,2,0.13398053,0.13398053,1.0034977,0.0,0.09919785,0.0,0.0,0.0012704198,-26.346386,2.207739,0.73591304,0.15200001,0.0,0.13490216,5.139996,5.159996,832000
hardzero_plus_depr__c0p50__z1p00__lam0p020__nu0p50__psi0p75,hardzero_plus_depr,0.06,41,260,0.0,2,0.13398053,0.13398053,1.0449287,0.0,0.09017191,0.0,0.0,0.0012515058,-28.17771,2.298889,0.7662963,0.13,0.0,0.17838618,5.159996,5.179996,835200
hardzero_plus_depr__c0p50__z1p00__lam0p020__nu0p50__psi0p75,hardzero_plus_depr,0.06,41,261,0.0,2,0.13398053,0.13398053,1.0797086,0.0,0.0832322,0.0,0.0,0.0012328735,-28.00697,2.3754063,0.7918021,0.08800001,0.0,0.16855305,5.179996,5.199996,838400
hardzero_plus_depr__c0p50__z1p00__lam0p020__nu0p50__psi0p75,hardzero_plus_depr,0.06,41,262,0.0,2,0.13398053,0.13398053,1.0278323,0.0,0.09379241,0.0,0.0,0.0012145184,-26.797237,2.2612762,0.7537588,0.14400001,0.0,0.14502533,5.199996,5.219996,841600
hardzero_plus_depr__c0p50__z1p00__lam0p020__nu0p50__psi0p75,hardzero_plus_depr,0.06,41,263,0.0,2,0.13398053,0.134104,0.9863329,0.10319699,0.10319699,1.0,0.00012346864,0.0011964364,-27.51894,2.1699758,0.72332525,0.192,0.0,0.15577844,5.219996,5.239996,844800
hardzero_plus_depr__c0p50__z1p00__lam0p020__nu0p50__psi0p75,hardzero_plus_depr,0.06,41,264,0.0,2,0.134104,0.13422833,0.9767944,0.1054886,0.1054886,1.0,0.00012433139,0.001178624,-26.10151,2.1489906,0.71633023,0.192,0.0,0.15043056,5.239996,5.259996,848000
hardzero_plus_depr__c0p50__z1p00__lam0p020__nu0p50__psi0p75,hardzero_plus_depr,0.06,41,265,0.0,2,0.13422833,0.13435093,0.97641003,0.10558202,0.10558202,1.0,0.00012258881,0.0011610766,-26.471401,2.148145,0.71604836,0.120000005,0.0,0.13056387,5.259996,5.279996,851200
hardzero_plus_depr__c0p50__z1p00__lam0p020__nu0p50__psi0p75,hardzero_plus_depr,0.06,41,266,0.0,2,0.13435093,0.13447735,0.95651525,0.11053115,0.11053115,1.0,0.00012642446,0.0011437903,-26.752123,2.1043756,0.7014586,0.15200001,0.0,0.13614462,5.279996,5.299996,854400
hardzero_plus_depr__c0p50__z1p00__lam0p020__nu0p50__psi0p75,hardzero_plus_depr,0.06,41,267,0.0,2,0.13447735,0.13459256,0.9903241,0.102252975,0.102252975,1.0,0.00011521471,0.0011267614,-26.771954,2.1787565,0.7262522,0.128,0.0,0.14319201,5.299996,5.319996,857600
hardzero_plus_depr__c0p50__z1p00__lam0p020__nu0p50__psi0p75,hardzero_plus_depr,0.06,41,268,0.0,2,0.13459256,0.13471107,0.97157794,0.10676331,0.10676331,1.0,0.000118505806,0.0011099862,-26.206915,2.137514,0.71250474,0.16000001,0.0,0.13172552,5.319996,5.339996,860800
hardzero_plus_depr__c0p50__z1p00__lam0p020__nu0p50__psi0p75,hardzero_plus_depr,0.06,41,269,0.0,2,0.13471107,0.13482529,0.9810553,0.10445871,0.10445871,1.0,0.00011422151,0.0010934608,-26.020369,2.1583648,0.71945494,0.17600001,0.0,0.13683388,5.339996,5.359996,864000
hardzero_plus_depr__c0p50__z1p00__lam0p020__nu0p50__psi0p75,hardzero_plus_depr,0.06,41,270,0.0,2,0.13482529,0.13482529,1.0019598,0.0,0.099549755,0.0,0.0,0.0010771815,-27.983938,2.2043555,0.7347852,0.14400001,0.0,0.16091771,5.359996,5.379996,867200
hardzero_plus_depr__c0p50__z1p00__lam0p020__nu0p50__psi0p75,hardzero_plus_depr,0.06,41,271,0.0,2,0.13482529,0.134932,0.99758554,0.10055749,0.10055749,1.0,0.00010670597,0.0010611439,-26.423538,2.194732,0.73157734,0.16800001,0.0,0.13482577,5.379996,5.399996,870400
hardzero_plus_depr__c0p50__z1p00__lam0p020__nu0p50__psi0p75,hardzero_plus_depr,0.06,41,272,0.0,2,0.134932,0.13503848,0.9920048,0.10185799,0.10185799,1.0,0.00010647681,0.0010453457,-26.292439,2.182454,0.7274847,0.16800001,0.0,0.14346975,5.399996,5.419996,873600
hardzero_plus_depr__c0p50__z1p00__lam0p020__nu0p50__psi0p75,hardzero_plus_depr,0.06,41,273,0.0,2,0.13503848,0.13503848,1.0207901,0.0,0.095325686,0.0,0.0,0.0010297826,-26.544786,2.245783,0.7485944,0.089999996,0.0,0.15333459,5.419996,5.439996,876800
hardzero_plus_depr__c0p50__z1p00__lam0p020__nu0p50__psi0p75,hardzero_plus_depr,0.06,41,274,0.0,2,0.13503848,0.13515152,0.9529708,0.11143695,0.11143695,1.0,0.00011304732,0.0010144509,-26.032806,2.0965776,0.6988592,0.208,0.0,0.1367887,5.439996,5.4599957,880000
hardzero_plus_depr__c0p50__z1p00__lam0p020__nu0p50__psi0p75,hardzero_plus_depr,0.06,41,275,0.0,2,0.13515152,0.13515152,1.006752,0.0,0.098457314,0.0,0.0,0.0009993479,-26.49581,2.2148986,0.73829955,0.128,0.0,0.16387948,5.4599957,5.4799957,883200
hardzero_plus_depr__c0p50__z1p00__lam0p020__nu0p50__psi0p75,hardzero_plus_depr,0.06,41,276,0.0,2,0.13515152,0.13525313,0.9862484,0.103217095,0.103217095,1.0,0.00010161409,0.0009844695,-26.398556,2.1697898,0.72326326,0.14400001,0.0,0.14842974,5.4799957,5.4999957,886400
hardzero_plus_depr__c0p50__z1p00__lam0p020__nu0p50__psi0p75,hardzero_plus_depr,0.06,41,277,0.0,2,0.13525313,0.13535203,0.9914703,0.10198345,0.10198345,1.0,9.8904864e-05,0.0009698129,-26.261705,2.1812782,0.72709274,0.15200001,0.0,0.14362536,5.4999957,5.5199957,889600
hardzero_plus_depr__c0p50__z1p00__lam0p020__nu0p50__psi0p75,hardzero_plus_depr,0.06,41,278,0.0,2,0.13535203,0.13535203,1.0130067,0.0,0.097049505,0.0,0.0,0.00095537433,-26.179323,2.2286592,0.7428864,0.15200001,0.0,0.13758238,5.5199957,5.5399957,892800
hardzero_plus_depr__c0p50__z1p00__lam0p020__nu0p50__psi0p75,hardzero_plus_depr,0.06,41,279,0.0,2,0.13535203,0.13535203,1.0190306,0.0,0.09571268,0.0,0.0,0.00094115036,-27.626516,2.2419121,0.7473041,0.17600001,0.0,0.15560876,5.5399957,5.5599957,896000
hardzero_plus_depr__c0p50__z1p00__lam0p020__nu0p50__psi0p75,hardzero_plus_depr,0.06,41,280,0.0,2,0.13535203,0.13544804,0.9848084,0.103559904,0.103559904,1.0,9.601439e-05,0.0009271386,-27.440536,2.1666217,0.72220725,0.14400001,0.0,0.16032188,5.5599957,5.5799956,899200
hardzero_plus_depr__c0p50__z1p00__lam0p020__nu0p50__psi0p75,hardzero_plus_depr,0.06,41,281,0.0,2,0.13544804,0.13544804,1.0173638,0.0,0.096080706,0.0,0.0,0.0009133355,-27.446262,2.238245,0.7460817,0.16800001,0.0,0.15080833,5.5799956,5.5999956,902400
hardzero_plus_depr__c0p50__z1p00__lam0p020__nu0p50__psi0p75,hardzero_plus_depr,0.06,41,282,0.0,2,0.13544804,0.13544804,1.0644577,0.0,0.086206965,0.0,0.0,0.0008997374,-28.774588,2.3418536,0.7806179,0.096,0.0,0.16769175,5.5999956,5.6199956,905600
hardzero_plus_depr__c0p50__z1p00__lam0p020__nu0p50__psi0p75,hardzero_plus_depr,0.06,41,283,0.0,2,0.13544804,0.13553753,0.9958286,0.10096511,0.10096511,1.0,8.948963e-05,0.0008863421,-26.595793,2.1908667,0.7302889,0.096,0.0,0.18647823,5.6199956,5.6399956,908800
hardzero_plus_depr__c0p50__z1p00__lam0p020__nu0p50__psi0p75,hardzero_plus_depr,0.06,41,284,0.0,2,0.13553753,0.13562681,0.9903749,0.102241,0.102241,1.0,8.927136e-05,0.00087314635,-26.539717,2.1788683,0.72628945,0.16000001,0.0,0.15546896,5.6399956,5.6599956,912000
hardzero_plus_depr__c0p50__z1p00__lam0p020__nu0p50__psi0p75,hardzero_plus_depr,0.06,41,285,0.0,2,0.13562681,0.13562681,1.0315151,0.0,0.09300041,0.0,0.0,0.00086014695,-27.365,2.2693787,0.7564596,0.16000001,0.0,0.15548496,5.6599956,5.6799955,915200
hardzero_plus_depr__c0p50__z1p00__lam0p020__nu0p50__psi0p75,hardzero_plus_depr,0.06,41,286,0.0,2,0.13562681,0.13562681,1.0304697,0.0,0.09322456,0.0,0.0,0.0008473412,-28.246723,2.2670784,0.75569284,0.14999999,0.0,0.15608664,5.6799955,5.6999955,918400
hardzero_plus_depr__c0p50__z1p00__lam0p020__nu0p50__psi0p75,hardzero_plus_depr,0.06,41,287,0.0,2,0.13562681,0.13572082,0.94837904,0.11262141,0.11262141,1.0,9.4007984e-05,0.0008347257,-26.194332,2.0864756,0.6954919,0.24000001,0.0,0.14709944,5.6999955,5.7199955,921600
hardzero_plus_depr__c0p50__z1p00__lam0p020__nu0p50__psi0p75,hardzero_plus_depr,0.06,41,288,0.0,2,0.13572082,0.13572082,1.0033733,0.0,0.09922628,0.0,0.0,0.0008222983,-27.014267,2.2074652,0.7358217,0.216,0.0,0.16443619,5.7199955,5.7399955,924800
hardzero_plus_depr__c0p50__z1p00__lam0p020__nu0p50__psi0p75,hardzero_plus_depr,0.06,41,289,0.0,2,0.13572082,0.13580438,0.98647404,0.103163466,0.103163466,1.0,8.3568186e-05,0.000810056,-26.389912,2.1702862,0.7234287,0.128,0.0,0.15886922,5.7399955,5.7599955,928000
hardzero_plus_depr__c0p50__z1p00__lam0p020__nu0p50__psi0p75,hardzero_plus_depr,0.06,41,290,0.0,2,0.13580438,0.13580438,1.0445013,0.0,0.0902607,0.0,0.0,0.00079799554,-27.909399,2.2979488,0.765983,0.136,0.0,0.17697081,5.7599955,5.7799954,931200
hardzero_plus_depr__c0p50__z1p00__lam0p020__nu0p50__psi0p75,hardzero_plus_depr,0.06,41,291,0.0,2,0.13580438,0.13580438,1.059924,0.0,0.087111585,0.0,0.0,0.00078611507,-28.425085,2.3318794,0.77729315,0.17600001,0.008,0.19291294,5.7799954,5.7999954,934400
hardzero_plus_depr__c0p50__z1p00__lam0p020__nu0p50__psi0p75,hardzero_plus_depr,0.06,41,292,0.0,2,0.13580438,0.13588451,0.9852204,0.103461705,0.103461705,1.0,8.012193e-05,0.0007744114,-26.955603,2.1675282,0.7225094,0.136,0.0,0.14565113,5.7999954,5.8199954,937600
hardzero_plus_depr__c0p50__z1p00__lam0p020__nu0p50__psi0p75,hardzero_plus_depr,0.06,41,293,0.0,2,0.13588451,0.13596942,0.9534882,0.11130426,0.11130426,1.0,8.491202e-05,0.000762882,-26.687653,2.0977159,0.69923866,0.16800001,0.0,0.16248858,5.8199954,5.8399954,940800
hardzero_plus_depr__c0p50__z1p00__lam0p020__nu0p50__psi0p75,hardzero_plus_depr,0.06,41,294,0.0,2,0.13596942,0.13596942,1.0248197,0.0,0.094445266,0.0,0.0,0.00075152435,-27.627989,2.2546484,0.7515495,0.2,0.0,0.14616306,5.8399954,5.8599954,944000
hardzero_plus_depr__c0p50__z1p00__lam0p020__nu0p50__psi0p75,hardzero_plus_depr,0.06,41,295,0.0,2,0.13596942,0.13596942,1.0168884,0.0,0.09618594,0.0,0.0,0.0007403353,-27.23463,2.237199,0.745733,0.14400001,0.0,0.12066386,5.8599954,5.8799953,947200
hardzero_plus_depr__c0p50__z1p00__lam0p020__nu0p50__psi0p75,hardzero_plus_depr,0.06,41,296,0.0,2,0.13596942,0.13596942,1.0060378,0.0,0.09861935,0.0,0.0,0.00072931324,-26.85044,2.2133274,0.7377758,0.136,0.0,0.1547756,5.8799953,5.8999953,950400
hardzero_plus_depr__c0p50__z1p00__lam0p020__nu0p50__psi0p75,hardzero_plus_depr,0.06,41,297,0.0,2,0.13596942,0.13596942,1.0248244,0.0,0.094444275,0.0,0.0,0.0007184553,-27.388235,2.2546587,0.75155294,0.136,0.0,0.148878,5.8999953,5.9199953,953600
hardzero_plus_depr__c0p50__z1p00__lam0p020__nu0p50__psi0p75,hardzero_plus_depr,0.06,41,298,0.0,2,0.13596942,0.13596942,1.0334067,0.0,0.09259621,0.0,0.0,0.00070775865,-27.099876,2.2735403,0.7578468,0.128,0.0,0.15724954,5.9199953,5.9399953,956800
hardzero_plus_depr__c0p50__z1p00__lam0p020__nu0p50__psi0p75,hardzero_plus_depr,0.06,41,299,0.0,2,0.13596942,0.13596942,1.0114138,0.0,0.0974061,0.0,0.0,0.00069722155,-27.01606,2.2251549,0.7417183,0.14999999,0.0,0.14139049,5.9399953,5.9599953,960000
hardzero_plus_depr__c0p50__z1p00__lam0p020__nu0p50__psi0p75,hardzero_plus_depr,0.06,41,300,0.0,2,0.13596942,0.13596942,1.0351791,0.0,0.09221909,0.0,0.0,0.0006868414,-27.503355,2.2774396,0.7591466,0.15200001,0.0,0.17553487,5.9599953,5.9799953,963200
hardzero_plus_depr__c0p50__z1p00__lam0p020__nu0p50__psi0p75,hardzero_plus_depr,0.06,41,301,0.0,2,0.13596942,0.13603735,0.9982896,0.100394614,0.100394614,1.0,6.792857e-05,0.0006766157,-26.8937,2.196281,0.7320937,0.192,0.0,0.14579542,5.9799953,5.999995,966400
hardzero_plus_depr__c0p50__z1p00__lam0p020__nu0p50__psi0p75,hardzero_plus_depr,0.06,41,302,0.0,2,0.13603735,0.13603735,1.0672954,0.0,0.0856455,0.0,0.0,0.0006665423,-28.296207,2.3480968,0.782699,0.136,0.0,0.13892198,5.999995,6.019995,969600
hardzero_plus_depr__c0p50__z1p00__lam0p020__nu0p50__psi0p75,hardzero_plus_depr,0.06,41,303,0.0,2,0.13603735,0.13603735,1.0325935,0.0,0.092769764,0.0,0.0,0.00065661856,-27.5509,2.271751,0.7572503,0.16800001,0.0,0.17374784,6.019995,6.039995,972800
hardzero_plus_depr__c0p50__z1p00__lam0p020__nu0p50__psi0p75,hardzero_plus_depr,0.06,41,304,0.0,2,0.13603735,0.13603735,1.0341656,0.0,0.092434555,0.0,0.0,0.00064684293,-27.476948,2.2752097,0.75840324,0.16000001,0.0,0.14720167,6.039995,6.059995,976000
hardzero_plus_depr__c0p50__z1p00__lam0p020__nu0p50__psi0p75,hardzero_plus_depr,0.06,41,305,0.0,2,0.13603735,0.13603735,1.0332712,0.0,0.09262511,0.0,0.0,0.0006372127,-27.166624,2.273242,0.75774735,0.16800001,0.0,0.1379243,6.059995,6.079995,979200
hardzero_plus_depr__c0p50__z1p00__lam0p020__nu0p50__psi0p75,hardzero_plus_depr,0.06,41,306,0.0,2,0.13603735,0.13603735,1.0686249,0.0,0.085383736,0.0,0.0,0.0006277256,-26.52454,2.3510215,0.7836739,0.14400001,0.0,0.15150827,6.079995,6.099995,982400
hardzero_plus_depr__c0p50__z1p00__lam0p020__nu0p50__psi0p75,hardzero_plus_depr,0.06,41,307,0.0,2,0.13603735,0.13603735,1.0752891,0.0,0.08408351,0.0,0.0,0.00061838015,-28.113033,2.3656833,0.7885611,0.15200001,0.0,0.17900488,6.099995,6.119995,985600
hardzero_plus_depr__c0p50__z1p00__lam0p020__nu0p50__psi0p75,hardzero_plus_depr,0.06,41,308,0.0,2,0.13603735,0.13603735,1.0409045,0.0,0.09101134,0.0,0.0,0.0006091737,-28.09069,2.2900357,0.76334524,0.136,0.0,0.15627646,6.119995,6.139995,988800
hardzero_plus_depr__c0p50__z1p00__lam0p020__nu0p50__psi0p75,hardzero_plus_depr,0.06,41,309,0.0,2,0.13603735,0.13603735,1.0181524,0.0,0.09590641,0.0,0.0,0.0006001044,-27.381287,2.23998,0.74666,0.15200001,0.0,0.15237425,6.139995,6.159995,992000
hardzero_plus_depr__c0p50__z1p00__lam0p020__nu0p50__psi0p75,hardzero_plus_depr,0.06,41,310,0.0,2,0.13603735,0.13609694,0.99656856,0.10079324,0.10079324,1.0,5.9585953e-05,0.0005911701,-27.896515,2.1924946,0.73083156,0.16800001,0.0,0.17667982,6.159995,6.179995,995200
hardzero_plus_depr__c0p50__z1p00__lam0p020__nu0p50__psi0p75,hardzero_plus_depr,0.06,41,311,0.0,2,0.13609694,0.13615634,0.9913896,0.1020024,0.1020024,1.0,5.940298e-05,0.00058236846,-27.118622,2.1811006,0.72703356,0.208,0.0,0.15331842,6.179995,6.199995,998400
hardzero_plus_depr__c0p50__z1p00__lam0p020__nu0p50__psi0p75,hardzero_plus_depr,0.06,41,312,0.0,2,0.13615634,0.13621475,0.9921463,0.10182483,0.10182483,1.0,5.8416725e-05,0.00057369826,-26.177607,2.1827655,0.72758853,0.19,0.0,0.12925588,6.199995,6.219995,1001600
hardzero_plus_depr__c0p50__z1p00__lam0p020__nu0p50__psi0p75,hardzero_plus_depr,0.06,41,313,0.0,2,0.13621475,0.13627739,0.9552904,0.11084334,0.11084334,1.0,6.26439e-05,0.0005651571,-26.048506,2.1016808,0.7005603,0.17600001,0.0,0.18107292,6.219995,6.239995,1004800
hardzero_plus_depr__c0p50__z1p00__lam0p020__nu0p50__psi0p75,hardzero_plus_depr,0.06,41,314,0.0,2,0.13627739,0.13627739,1.0555351,0.0,0.087996416,0.0,0.0,0.0005567428,-28.656446,2.3222237,0.77407455,0.17600001,0.0,0.17274706,6.239995,6.259995,1008000
hardzero_plus_depr__c0p50__z1p00__lam0p020__nu0p50__psi0p75,hardzero_plus_depr,0.06,41,315,0.0,2,0.13627739,0.13627739,1.0029396,0.0,0.09932541,0.0,0.0,0.000548454,-27.036814,2.206511,0.7355037,0.16000001,0.0,0.16361699,6.259995,6.279995,1011200
hardzero_plus_depr__c0p50__z1p00__lam0p020__nu0p50__psi0p75,hardzero_plus_depr,0.06,41,316,0.0,2,0.13627739,0.1363321,0.99465257,0.1012389,0.1012389,1.0,5.4698234e-05,0.0005402887,-27.230598,2.1882794,0.7294265,0.23200001,0.0,0.16066816,6.279995,6.299995,1014400
hardzero_plus_depr__c0p50__z1p00__lam0p020__nu0p50__psi0p75,hardzero_plus_depr,0.06,41,317,0.0,2,0.1363321,0.1363321,1.042345,0.0,0.09070994,0.0,0.0,0.0005322449,-27.401775,2.293205,0.7644017,0.104,0.0,0.14928403,6.299995,6.319995,1017600
hardzero_plus_depr__c0p50__z1p00__lam0p020__nu0p50__psi0p75,hardzero_plus_depr,0.06,41,318,0.0,2,0.1363321,0.1363321,1.0691963,0.0,0.085271455,0.0,0.0,0.0005243209,-28.26823,2.352279,0.784093,0.15200001,0.0,0.17385454,6.319995,6.339995,1020800
hardzero_plus_depr__c0p50__z1p00__lam0p020__nu0p50__psi0p75,hardzero_plus_depr,0.06,41,319,0.0,2,0.1363321,0.1363321,1.0353048,0.0,0.09219241,0.0,0.0,0.0005165145,-28.1034,2.277716,0.75923866,0.16000001,0.0,0.17417672,6.339995,6.359995,1024000
hardzero_plus_depr__c0p50__z1p00__lam0p020__nu0p50__psi0p75,hardzero_plus_depr,0.06,41,320,0.0,2,0.1363321,0.1363321,1.0013556,0.0,0.09968834,0.0,0.0,0.00050882477,-26.852182,2.2030265,0.7343422,0.18400002,0.0,0.13145933,6.359995,6.379995,1027200
hardzero_plus_depr__c0p50__z1p00__lam0p020__nu0p50__psi0p75,hardzero_plus_depr,0.06,41,321,0.0,2,0.1363321,0.1363321,1.0654954,0.0,0.08600123,0.0,0.0,0.0005012494,-28.582306,2.3441367,0.7813789,0.136,0.0,0.18677303,6.379995,6.399995,1030400
hardzero_plus_depr__c0p50__z1p00__lam0p020__nu0p50__psi0p75,hardzero_plus_depr,0.06,41,322,0.0,2,0.1363321,0.1363321,1.003879,0.0,0.09911081,0.0,0.0,0.00049378665,-26.772898,2.2085779,0.73619264,0.17600001,0.0,0.13411176,6.399995,6.419995,1033600
hardzero_plus_depr__c0p50__z1p00__lam0p020__nu0p50__psi0p75,hardzero_plus_depr,0.06,41,323,0.0,2,0.1363321,0.13638341,0.97676265,0.10549632,0.10549632,1.0,5.1317114e-05,0.00048643514,-26.566292,2.1489208,0.7163069,0.264,0.0,0.14599894,6.419995,6.439995,1036800
hardzero_plus_depr__c0p50__z1p00__lam0p020__nu0p50__psi0p75,hardzero_plus_depr,0.06,41,324,0.0,2,0.13638341,0.13638341,1.0596778,0.0,0.08716099,0.0,0.0,0.0004791931,-28.202877,2.3313377,0.7771126,0.120000005,0.0,0.21180801,6.439995,6.459995,1040000
hardzero_plus_depr__c0p50__z1p00__lam0p020__nu0p50__psi0p75,hardzero_plus_depr,0.06,41,325,0.0,2,0.13638341,0.13643317,0.9771494,0.10540242,0.10540242,1.0,4.9756156e-05,0.00047205895,-26.696207,2.1497717,0.7165906,0.17999999,0.0,0.12630604,6.459995,6.479995,1043200
hardzero_plus_depr__c0p50__z1p00__lam0p020__nu0p50__psi0p75,hardzero_plus_depr,0.06,41,326,0.0,2,0.13643317,0.13648202,0.9786866,0.105030015,0.105030015,1.0,4.88422e-05,0.0004650309,-26.907091,2.1531534,0.7177178,0.18400002,0.0,0.16581368,6.479995,6.4999948,1046400
hardzero_plus_depr__c0p50__z1p00__lam0p020__nu0p50__psi0p75,hardzero_plus_depr,0.06,41,327,0.0,2,0.13648202,0.13653407,0.9445001,0.11363181,0.11363181,1.0,5.205557e-05,0.0004581074,-25.553669,2.0779417,0.6926472,0.136,0.0,0.15105711,6.4999948,6.5199947,1049600
hardzero_plus_depr__c0p50__z1p00__lam0p020__nu0p50__psi0p75,hardzero_plus_depr,0.06,41,328,0.0,2,0.13653407,0.13653407,1.0710274,0.0,0.084912695,0.0,0.0,0.00045128714,-28.154343,2.3563073,0.7854358,0.120000005,0.0,0.16415393,6.5199947,6.5399947,1052800
hardzero_plus_depr__c0p50__z1p00__lam0p020__nu0p50__psi0p75,hardzero_plus_depr,0.06,41,329,0.0,2,0.13653407,0.13658142,0.9725747,0.106518544,0.106518544,1.0,4.7354777e-05,0.00044456837,-26.972942,2.139707,0.71323574,0.216,0.0,0.14783739,6.5399947,6.5599947,1056000
hardzero_plus_depr__c0p50__z1p00__lam0p020__nu0p50__psi0p75,hardzero_plus_depr,0.06,41,330,0.0,2,0.13658142,0.13658142,1.0012367,0.0,0.099715635,0.0,0.0,0.00043794946,-27.18466,2.2027647,0.73425496,0.16800001,0.0,0.14171517,6.5599947,6.5799947,1059200
hardzero_plus_depr__c0p50__z1p00__lam0p020__nu0p50__psi0p75,hardzero_plus_depr,0.06,41,331,0.0,2,0.13658142,0.13662507,0.995032,0.1011505,0.1011505,1.0,4.3639287e-05,0.0004314293,-27.237474,2.189114,0.72970474,0.15200001,0.0,0.1620719,6.5799947,6.5999947,1062400
hardzero_plus_depr__c0p50__z1p00__lam0p020__nu0p50__psi0p75,hardzero_plus_depr,0.06,41,332,0.0,2,0.13662507,0.13667266,0.95088315,0.11197391,0.11197391,1.0,4.758961e-05,0.0004250062,-27.025373,2.0919847,0.69732827,0.208,0.0,0.15964285,6.5999947,6.6199946,1065600
hardzero_plus_depr__c0p50__z1p00__lam0p020__nu0p50__psi0p75,hardzero_plus_depr,0.06,41,333,0.0,2,0.13667266,0.13671646,0.98048484,0.10459601,0.10459601,1.0,4.379213e-05,0.00041867877,-26.858912,2.1571097,0.7190366,0.18400002,0.0,0.15257308,6.6199946,6.6399946,1068800
hardzero_plus_depr__c0p50__z1p00__lam0p020__nu0p50__psi0p75,hardzero_plus_depr,0.06,41,334,0.0,2,0.13671646,0.13675964,0.9800544,0.104699746,0.104699746,1.0,4.318294e-05,0.00041244552,-27.130627,2.1561627,0.7187209,0.17600001,0.0,0.13088658,6.6399946,6.6599946,1072000
hardzero_plus_depr__c0p50__z1p00__lam0p020__nu0p50__psi0p75,hardzero_plus_depr,0.06,41,335,0.0,2,0.13675964,0.1368059,0.9435864,0.11387112,0.11387112,1.0,4.626639e-05,0.00040630484,-26.236515,2.0759315,0.6919772,0.208,0.0,0.1678269,6.6599946,6.6799946,1075200
hardzero_plus_depr__c0p50__z1p00__lam0p020__nu0p50__psi0p75,hardzero_plus_depr,0.06,41,336,0.0,2,0.1368059,0.13685021,0.95594424,0.11067658,0.11067658,1.0,4.4298944e-05,0.0004002558,-26.072342,2.1031194,0.7010398,0.16800001,0.0,0.12925509,6.6799946,6.6999946,1078400
hardzero_plus_depr__c0p50__z1p00__lam0p020__nu0p50__psi0p75,hardzero_plus_depr,0.06,41,337,0.0,2,0.13685021,0.13685021,1.0041031,0.0,0.099059686,0.0,0.0,0.0003942968,-26.8502,2.209071,0.736357,0.136,0.0,0.15266752,6.6999946,6.7199945,1081600
hardzero_plus_depr__c0p50__z1p00__lam0p020__nu0p50__psi0p75,hardzero_plus_depr,0.06,41,338,0.0,2,0.13685021,0.13685021,1.0143476,0.0,0.09675033,0.0,0.0,0.0003884264,-27.983505,2.231609,0.7438697,0.14,0.0,0.14578156,6.7199945,6.7399945,1084800
hardzero_plus_depr__c0p50__z1p00__lam0p020__nu0p50__psi0p75,hardzero_plus_depr,0.06,41,339,0.0,2,0.13685021,0.13689207,0.9610264,0.109388985,0.109388985,1.0,4.1856987e-05,0.0003826435,-26.595188,2.1143003,0.70476675,0.23200001,0.0,0.12738062,6.7399945,6.7599945,1088000
hardzero_plus_depr__c0p50__z1p00__lam0p020__nu0p50__psi0p75,hardzero_plus_depr,0.06,41,340,0.0,2,0.13689207,0.13689207,1.0031521,0.0,0.09927683,0.0,0.0,0.00037694676,-27.246841,2.2069788,0.7356596,0.14400001,0.0,0.14816013,6.7599945,6.7799945,1091200
hardzero_plus_depr__c0p50__z1p00__lam0p020__nu0p50__psi0p75,hardzero_plus_depr,0.06,41,341,0.0,2,0.13689207,0.13693044,0.98583007,0.10331657,0.10331657,1.0,3.8365037e-05,0.00037133478,-27.0138,2.1688695,0.72295654,0.208,0.0,0.15212901,6.7799945,6.7999945,1094400
hardzero_plus_depr__c0p50__z1p00__lam0p020__nu0p50__psi0p75,hardzero_plus_depr,0.06,41,342,0.0,2,0.13693044,0.13693044,1.0228456,0.0,0.09487557,0.0,0.0,0.0003658064,-27.093843,2.2503054,0.7501018,0.224,0.0,0.15887706,6.7999945,6.8199944,1097600
hardzero_plus_depr__c0p50__z1p00__lam0p020__nu0p50__psi0p75,hardzero_plus_depr,0.06,41,343,0.0,2,0.13693044,0.13696814,0.98041743,0.10461224,0.10461224,1.0,3.769808e-05,0.0003603601,-26.39649,2.1569614,0.71898717,0.15200001,0.0,0.13669957,6.8199944,6.8399944,1100800
hardzero_plus_depr__c0p50__z1p00__lam0p020__nu0p50__psi0p75,hardzero_plus_depr,0.06,41,344,0.0,2,0.13696814,0.13696814,1.0154574,0.0,0.096503384,0.0,0.0,0.0003549951,-27.18394,2.234051,0.7446837,0.14400001,0.0,0.17808446,6.8399944,6.8599944,1104000
hardzero_plus_depr__c0p50__z1p00__lam0p020__nu0p50__psi0p75,hardzero_plus_depr,0.06,41,345,0.0,2,0.13696814,0.13700467,0.98102236,0.10446664,0.10446664,1.0,3.6533023e-05,0.00034970994,-26.115273,2.1582923,0.7194308,0.136,0.0,0.12648024,6.8599944,6.8799944,1107200
hardzero_plus_depr__c0p50__z1p00__lam0p020__nu0p50__psi0p75,hardzero_plus_depr,0.06,41,346,0.0,2,0.13700467,0.13700467,1.0160937,0.0,0.0963621,0.0,0.0,0.00034450335,-26.72806,2.2354507,0.74515027,0.128,0.0,0.12617846,6.8799944,6.8999944,1110400
hardzero_plus_depr__c0p50__z1p00__lam0p020__nu0p50__psi0p75,hardzero_plus_depr,0.06,41,347,0.0,2,0.13700467,0.13700467,1.0446209,0.0,0.090235844,0.0,0.0,0.00033937438,-27.452635,2.2982118,0.7660706,0.15200001,0.0,0.16598417,6.8999944,6.9199944,1113600
hardzero_plus_depr__c0p50__z1p00__lam0p020__nu0p50__psi0p75,hardzero_plus_depr,0.06,41,348,0.0,2,0.13700467,0.13700467,1.0165045,0.0,0.09627101,0.0,0.0,0.0003343218,-27.647247,2.2363546,0.74545157,0.192,0.0,0.18149184,6.9199944,6.9399943,1116800
hardzero_plus_depr__c0p50__z1p00__lam0p020__nu0p50__psi0p75,hardzero_plus_depr,0.06,41,349,0.0,2,0.13700467,0.13704036,0.9651275,0.10836086,0.10836086,1.0,3.568805e-05,0.00032934448,-26.237478,2.123323,0.70777434,0.216,0.0,0.13982846,6.9399943,6.9599943,1120000
hardzero_plus_depr__c0p50__z1p00__lam0p020__nu0p50__psi0p75,hardzero_plus_depr,0.06,41,350,0.0,2,0.13704036,0.13704036,1.0209355,0.0,0.09529376,0.0,0.0,0.00032444124,-27.243126,2.246103,0.74870104,0.15200001,0.0,0.15395568,6.9599943,6.9799943,1123200
hardzero_plus_depr__c0p50__z1p00__lam0p020__nu0p50__psi0p75,hardzero_plus_depr,0.06,41,351,0.0,2,0.13704036,0.13707463,0.9696792,0.10723112,0.10723112,1.0,3.4272223e-05,0.0003196108,-26.722782,2.1333368,0.71111226,0.16,0.0,0.14484155,6.9799943,6.9999943,1126400
hardzero_plus_depr__c0p50__z1p00__lam0p020__nu0p50__psi0p75,hardzero_plus_depr,0.06,41,352,0.0,2,0.13707463,0.13707463,1.0268993,0.0,0.09399411,0.0,0.0,0.00031485246,-27.754087,2.2592237,0.7530746,0.104,0.0,0.1770041,6.9999943,7.0199943,1129600
hardzero_plus_depr__c0p50__z1p00__lam0p020__nu0p50__psi0p75,hardzero_plus_depr,0.06,41,353,0.0,2,0.13707463,0.13710617,0.9928116,0.10166897,0.10166897,1.0,3.1534153e-05,0.00031016496,-27.777431,2.1842291,0.7280764,0.23200001,0.0,0.16474314,7.0199943,7.0399942,1132800
hardzero_plus_depr__c0p50__z1p00__lam0p020__nu0p50__psi0p75,hardzero_plus_depr,0.06,41,354,0.0,2,0.13710617,0.13710617,1.0275675,0.0,0.09384961,0.0,0.0,0.0003055471,-27.157803,2.2606936,0.75356454,0.136,0.0,0.13915303,7.0399942,7.059994,1136000
hardzero_plus_depr__c0p50__z1p00__lam0p020__nu0p50__psi0p75,hardzero_plus_depr,0.06,41,355,0.0,2,0.13710617,0.13710617,1.033606,0.0,0.09255372,0.0,0.0,0.00030099813,-27.462406,2.2739787,0.7579929,0.18400002,0.0,0.17122804,7.059994,7.079994,1139200
hardzero_plus_depr__c0p50__z1p00__lam0p020__nu0p50__psi0p75,hardzero_plus_depr,0.06,41,356,0.0,2,0.13710617,0.13710617,1.0173843,0.0,0.096076176,0.0,0.0,0.00029651693,-26.887236,2.23829,0.74609673,0.15200001,0.0,0.14840594,7.079994,7.099994,1142400
hardzero_plus_depr__c0p50__z1p00__lam0p020__nu0p50__psi0p75,hardzero_plus_depr,0.06,41,357,0.0,2,0.13710617,0.13710617,1.0636821,0.0,0.08636105,0.0,0.0,0.00029210237,-28.142874,2.3401473,0.7800491,0.16000001,0.0,0.18707994,7.099994,7.119994,1145600
hardzero_plus_depr__c0p50__z1p00__lam0p020__nu0p50__psi0p75,hardzero_plus_depr,0.06,41,358,0.0,2,0.13710617,0.13713796,0.9565264,0.11052833,0.11052833,1.0,3.1804924e-05,0.0002877536,-26.809917,2.1044002,0.70146674,0.14400001,0.008,0.13820314,7.119994,7.139994,1148800
hardzero_plus_depr__c0p50__z1p00__lam0p020__nu0p50__psi0p75,hardzero_plus_depr,0.06,41,359,0.0,2,0.13713796,0.13713796,1.0415363,0.0,0.09087903,0.0,0.0,0.0002834694,-27.112276,2.2914257,0.7638086,0.136,0.0,0.1684462,7.139994,7.159994,1152000
hardzero_plus_depr__c0p50__z1p00__lam0p020__nu0p50__psi0p75,hardzero_plus_depr,0.06,41,360,0.0,2,0.13713796,0.13716772,0.9724295,0.10655419,0.10655419,1.0,2.9755161e-05,0.0002792491,-26.398317,2.1393876,0.7131292,0.16800001,0.0,0.16152954,7.159994,7.179994,1155200
hardzero_plus_depr__c0p50__z1p00__lam0p020__nu0p50__psi0p75,hardzero_plus_depr,0.06,41,361,0.0,2,0.13716772,0.13716772,1.0513506,0.0,0.08884835,0.0,0.0,0.00027509165,-28.400692,2.3130176,0.77100587,0.16800001,0.0,0.17909846,7.179994,7.199994,1158400
hardzero_plus_depr__c0p50__z1p00__lam0p020__nu0p50__psi0p75,hardzero_plus_depr,0.06,41,362,0.0,2,0.13716772,0.13716772,1.0136404,0.0,0.09690798,0.0,0.0,0.00027099598,-26.953825,2.2300534,0.74335116,0.128,0.0,0.13474599,7.199994,7.219994,1161600
hardzero_plus_depr__c0p50__z1p00__lam0p020__nu0p50__psi0p75,hardzero_plus_depr,0.06,41,363,0.0,2,0.13716772,0.13719563,0.9807599,0.10452979,0.10452979,1.0,2.7905422e-05,0.00026696143,-26.940031,2.1577148,0.7192383,0.208,0.0,0.14645074,7.219994,7.239994,1164800
hardzero_plus_depr__c0p50__z1p00__lam0p020__nu0p50__psi0p75,hardzero_plus_depr,0.06,41,364,0.0,2,0.13719563,0.13719563,1.0096498,0.0,0.09780256,0.0,0.0,0.0002629869,-26.946342,2.221274,0.74042463,0.17999999,0.0,0.1530007,7.239994,7.259994,1168000
hardzero_plus_depr__c0p50__z1p00__lam0p020__nu0p50__psi0p75,hardzero_plus_depr,0.06,41,365,0.0,2,0.13719563,0.1372217,0.99750173,0.10057691,0.10057691,1.0,2.6056616e-05,0.00025907156,-26.235641,2.1945477,0.7315159,0.16800001,0.0,0.14150125,7.259994,7.279994,1171200
hardzero_plus_depr__c0p50__z1p00__lam0p020__nu0p50__psi0p75,hardzero_plus_depr,0.06,41,366,0.0,2,0.1372217,0.1372489,0.9721318,0.10662724,0.10662724,1.0,2.7212824e-05,0.00025521455,-25.93147,2.1387327,0.7129109,0.14400001,0.0,0.13922796,7.279994,7.299994,1174400
hardzero_plus_depr__c0p50__z1p00__lam0p020__nu0p50__psi0p75,hardzero_plus_depr,0.06,41,367,0.0,2,0.1372489,0.13727427,0.99609685,0.10090279,0.10090279,1.0,2.5368456e-05,0.0002514148,-26.48209,2.1914568,0.7304856,0.15200001,0.0,0.13875093,7.299994,7.319994,1177600
hardzero_plus_depr__c0p50__z1p00__lam0p020__nu0p50__psi0p75,hardzero_plus_depr,0.06,41,368,0.0,2,0.13727427,0.13727427,1.0040529,0.0,0.09907112,0.0,0.0,0.00024767176,-26.923588,2.2089605,0.7363202,0.192,0.0,0.16060942,7.319994,7.339994,1180800
hardzero_plus_depr__c0p50__z1p00__lam0p020__nu0p50__psi0p75,hardzero_plus_depr,0.06,41,369,0.0,2,0.13727427,0.13727427,1.004762,0.0,0.09890948,0.0,0.0,0.00024398442,-26.643871,2.2105207,0.73684025,0.15200001,0.0,0.12715548,7.339994,7.359994,1184000
hardzero_plus_depr__c0p50__z1p00__lam0p020__nu0p50__psi0p75,hardzero_plus_depr,0.06,41,370,0.0,2,0.13727427,0.13729976,0.97441536,0.10606807,0.10606807,1.0,2.5493662e-05,0.0002403519,-26.521511,2.1437566,0.71458554,0.192,0.0,0.17446594,7.359994,7.379994,1187200
hardzero_plus_depr__c0p50__z1p00__lam0p020__nu0p50__psi0p75,hardzero_plus_depr,0.06,41,371,0.0,2,0.13729976,0.13729976,1.0127237,0.0,0.09711276,0.0,0.0,0.00023677356,-27.093548,2.2280366,0.7426789,0.16800001,0.0,0.14335588,7.379994,7.399994,1190400
hardzero_plus_depr__c0p50__z1p00__lam0p020__nu0p50__psi0p75,hardzero_plus_depr,0.06,41,372,0.0,2,0.13729976,0.13729976,1.0497444,0.0,0.08917757,0.0,0.0,0.00023324849,-27.698181,2.3094838,0.76982796,0.08800001,0.0,0.14767876,7.399994,7.419994,1193600
hardzero_plus_depr__c0p50__z1p00__lam0p020__nu0p50__psi0p75,hardzero_plus_depr,0.06,41,373,0.0,2,0.13729976,0.1373242,0.9732974,0.10634145,0.10634145,1.0,2.4434703e-05,0.0002297759,-26.29027,2.141297,0.71376574,0.24800001,0.0,0.14810517,7.419994,7.439994,1196800
hardzero_plus_depr__c0p50__z1p00__lam0p020__nu0p50__psi0p75,hardzero_plus_depr,0.06,41,374,0.0,2,0.1373242,0.1373242,1.0149086,0.0,0.09662543,0.0,0.0,0.00022635504,-25.89427,2.2328434,0.7442812,0.112,0.0,0.15858711,7.439994,7.459994,1200000
hardzero_plus_depr__c0p50__z1p00__lam0p020__nu0p50__psi0p75,hardzero_plus_depr,0.06,41,375,0.0,2,0.1373242,0.1373242,1.0048894,0.0,0.0988805,0.0,0.0,0.00022298495,-27.361338,2.210801,0.73693365,0.16800001,0.0,0.182271,7.459994,7.479994,1203200
hardzero_plus_depr__c0p50__z1p00__lam0p020__nu0p50__psi0p75,hardzero_plus_depr,0.06,41,376,0.0,2,0.1373242,0.1373242,1.0294732,0.0,0.093438715,0.0,0.0,0.00021966518,-27.93588,2.2648861,0.7549621,0.2,0.0,0.16752726,7.479994,7.499994,1206400
hardzero_plus_depr__c0p50__z1p00__lam0p020__nu0p50__psi0p75,hardzero_plus_depr,0.06,41,377,0.0,2,0.1373242,0.1373242,1.0164887,0.0,0.09627451,0.0,0.0,0.00021639482,-26.5682,2.2363198,0.74543995,0.13,0.0,0.16216218,7.499994,7.519994,1209600
hardzero_plus_depr__c0p50__z1p00__lam0p020__nu0p50__psi0p75,hardzero_plus_depr,0.06,41,378,0.0,2,0.1373242,0.1373242,1.0223593,0.0,0.09498187,0.0,0.0,0.00021317304,-26.980743,2.2492352,0.7497451,0.16000001,0.0,0.13888264,7.519994,7.539994,1212800
hardzero_plus_depr__c0p50__z1p00__lam0p020__nu0p50__psi0p75,hardzero_plus_depr,0.06,41,379,0.0,2,0.1373242,0.13734536,0.99683917,0.10073047,0.10073047,1.0,2.1153333e-05,0.00020999934,-26.502462,2.19309,0.73103,0.16800001,0.0,0.15904078,7.539994,7.5599937,1216000
hardzero_plus_depr__c0p50__z1p00__lam0p020__nu0p50__psi0p75,hardzero_plus_depr,0.06,41,380,0.0,2,0.13734536,0.13734536,1.0116875,0.0,0.097344734,0.0,0.0,0.00020687288,-27.627142,2.225757,0.741919,0.208,0.0,0.14170632,7.5599937,7.5799937,1219200
hardzero_plus_depr__c0p50__z1p00__lam0p020__nu0p50__psi0p75,hardzero_plus_depr,0.06,41,381,0.0,2,0.13734536,0.13734536,1.0035349,0.0,0.09918936,0.0,0.0,0.00020379298,-27.016396,2.207821,0.73594034,0.216,0.0,0.16286589,7.5799937,7.5999937,1222400
hardzero_plus_depr__c0p50__z1p00__lam0p020__nu0p50__psi0p75,hardzero_plus_depr,0.06,41,382,0.0,2,0.13734536,0.13734536,1.0048604,0.0,0.09888708,0.0,0.0,0.00020075892,-27.227757,2.210737,0.73691237,0.17600001,0.0,0.14711578,7.5999937,7.6199937,1225600
hardzero_plus_depr__c0p50__z1p00__lam0p020__nu0p50__psi0p75,hardzero_plus_depr,0.06,41,383,0.0,2,0.13734536,0.13736743,0.9525231,0.111551896,0.111551896,1.0,2.2061611e-05,0.00019776993,-25.908028,2.0955927,0.6985309,0.2,0.0,0.13476466,7.6199937,7.6399937,1228800
hardzero_plus_depr__c0p50__z1p00__lam0p020__nu0p50__psi0p75,hardzero_plus_depr,0.06,41,384,0.0,2,0.13736743,0.13738754,0.98593825,0.103290826,0.103290826,1.0,2.0123693e-05,0.00019482555,-27.488518,2.1691074,0.7230358,0.2,0.0,0.15000519,7.6399937,7.6599936,1232000
hardzero_plus_depr__c0p50__z1p00__lam0p020__nu0p50__psi0p75,hardzero_plus_depr,0.06,41,385,0.0,2,0.13738754,0.13740936,0.9443519,0.11367058,0.11367058,1.0,2.1816228e-05,0.00019192502,-26.459278,2.0776157,0.6925386,0.17600001,0.0,0.15251338,7.6599936,7.6799936,1235200
hardzero_plus_depr__c0p50__z1p00__lam0p020__nu0p50__psi0p75,hardzero_plus_depr,0.06,41,386,0.0,2,0.13740936,0.13740936,1.0070167,0.0,0.09839734,0.0,0.0,0.00018906753,-26.650486,2.2154808,0.7384936,0.112,0.0,0.14469534,7.6799936,7.6999936,1238400
hardzero_plus_depr__c0p50__z1p00__lam0p020__nu0p50__psi0p75,hardzero_plus_depr,0.06,41,387,0.0,2,0.13740936,0.13740936,1.0847996,0.0,0.0822622,0.0,0.0,0.00018625273,-28.017801,2.386607,0.7955357,0.18400002,0.0,0.16882254,7.6999936,7.7199936,1241600
hardzero_plus_depr__c0p50__z1p00__lam0p020__nu0p50__psi0p75,hardzero_plus_depr,0.06,41,388,0.0,2,0.13740936,0.13740936,1.0687108,0.0,0.085366845,0.0,0.0,0.00018347982,-28.361412,2.3512106,0.7837369,0.136,0.008,0.17379083,7.7199936,7.7399936,1244800
hardzero_plus_depr__c0p50__z1p00__lam0p020__nu0p50__psi0p75,hardzero_plus_depr,0.06,41,389,0.0,2,0.13740936,0.13740936,1.0609887,0.0,0.0868983,0.0,0.0,0.00018074816,-27.839125,2.3342216,0.7780739,0.208,0.0,0.16439289,7.7399936,7.7599936,1248000
hardzero_plus_depr__c0p50__z1p00__lam0p020__nu0p50__psi0p75,hardzero_plus_depr,0.06,41,390,0.0,2,0.13740936,0.13742791,0.98217595,0.104189515,0.104189515,1.0,1.8551695e-05,0.0001780572,-26.246622,2.1608303,0.7202768,0.17999999,0.0,0.15953678,7.7599936,7.7799935,1251200
hardzero_plus_depr__c0p50__z1p00__lam0p020__nu0p50__psi0p75,hardzero_plus_depr,0.06,41,391,0.0,2,0.13742791,0.13742791,1.0008848,0.0,0.099796474,0.0,0.0,0.00017540621,-26.950829,2.2019904,0.7339968,0.15200001,0.0,0.15423903,7.7799935,7.7999935,1254400
hardzero_plus_depr__c0p50__z1p00__lam0p020__nu0p50__psi0p75,hardzero_plus_depr,0.06,41,392,0.0,2,0.13742791,0.13742791,1.0111535,0.0,0.09746452,0.0,0.0,0.00017279478,-27.008095,2.224582,0.7415273,0.192,0.0,0.1526418,7.7999935,7.8199935,1257600
hardzero_plus_depr__c0p50__z1p00__lam0p020__nu0p50__psi0p75,hardzero_plus_depr,0.06,41,393,0.0,2,0.13742791,0.13744722,0.9451665,0.113457575,0.113457575,1.0,1.9313e-05,0.00017022222,-25.660568,2.079408,0.693136,0.17600001,0.0,0.15892597,7.8199935,7.8399935,1260800
hardzero_plus_depr__c0p50__z1p00__lam0p020__nu0p50__psi0p75,hardzero_plus_depr,0.06,41,394,0.0,2,0.13744722,0.13744722,1.0413275,0.0,0.09092274,0.0,0.0,0.00016768789,-27.430227,2.2909663,0.7636554,0.15200001,0.0,0.17079465,7.8399935,7.8599935,1264000
hardzero_plus_depr__c0p50__z1p00__lam0p020__nu0p50__psi0p75,hardzero_plus_depr,0.06,41,395,0.0,2,0.13744722,0.13746385,0.99692196,0.10071126,0.10071126,1.0,1.6636632e-05,0.00016519136,-27.679523,2.193272,0.7310907,0.15200001,0.0,0.13674125,7.8599935,7.8799934,1267200
hardzero_plus_depr__c0p50__z1p00__lam0p020__nu0p50__psi0p75,hardzero_plus_depr,0.06,41,396,0.0,2,0.13746385,0.13746385,1.0256634,0.0,0.094262,0.0,0.0,0.000162732,-27.28887,2.2565045,0.7521682,0.136,0.0,0.17588973,7.8799934,7.8999934,1270400
hardzero_plus_depr__c0p50__z1p00__lam0p020__nu0p50__psi0p75,hardzero_plus_depr,0.06,41,397,0.0,2,0.13746385,0.13748005,0.99538106,0.101069234,0.101069234,1.0,1.6202335e-05,0.00016030927,-26.601427,2.189882,0.7299607,0.208,0.008,0.1649774,7.8999934,7.9199934,1273600
hardzero_plus_depr__c0p50__z1p00__lam0p020__nu0p50__psi0p75,hardzero_plus_depr,0.06,41,398,0.0,2,0.13748005,0.13748005,1.0365874,0.0,0.09192056,0.0,0.0,0.00015792261,-27.513664,2.2805376,0.7601792,0.128,0.0,0.1564335,7.9199934,7.9399934,1276800
hardzero_plus_depr__c0p50__z1p00__lam0p020__nu0p50__psi0p75,hardzero_plus_depr,0.06,41,399,0.0,2,0.13748005,0.13748005,1.0087525,0.0,0.09800484,0.0,0.0,0.00015557137,-27.417944,2.2192998,0.7397666,0.15200001,0.0,0.15963896,7.9399934,7.9599934,1280000
hardzero_plus_depr__c0p50__z1p00__lam0p020__nu0p50__psi0p75,hardzero_plus_depr,0.06,41,400,0.0,2,0.13748005,0.13749607,0.98079675,0.104520924,0.104520924,1.0,1.6018379e-05,0.00015325524,-26.458206,2.157796,0.71926534,0.14400001,0.0,0.16208425,7.9599934,7.9799933,1283200
hardzero_plus_depr__c0p50__z1p00__lam0p020__nu0p50__psi0p75,hardzero_plus_depr,0.06,41,401,0.0,2,0.13749607,0.13751121,0.9988168,0.10027281,0.10027281,1.0,1.5138547e-05,0.00015097359,-26.686241,2.1974409,0.7324803,0.16800001,0.0,0.15458858,7.9799933,7.9999933,1286400
hardzero_plus_depr__c0p50__z1p00__lam0p020__nu0p50__psi0p75,hardzero_plus_depr,0.06,41,402,0.0,2,0.13751121,0.13752715,0.9697471,0.10721433,0.10721433,1.0,1.594554e-05,0.00014872583,-26.6003,2.1334863,0.7111621,0.128,0.0,0.14768896,7.9999933,8.019994,1289600
hardzero_plus_depr__c0p50__z1p00__lam0p020__nu0p50__psi0p75,hardzero_plus_depr,0.06,41,403,0.0,2,0.13752715,0.13752715,1.0291398,0.0,0.09351047,0.0,0.0,0.00014651155,-28.131954,2.2641528,0.7547176,0.14999999,0.0,0.16494767,8.019994,8.039994,1292800
hardzero_plus_depr__c0p50__z1p00__lam0p020__nu0p50__psi0p75,hardzero_plus_depr,0.06,41,404,0.0,2,0.13752715,0.13752715,1.0379972,0.0,0.09162262,0.0,0.0,0.00014433022,-27.523413,2.2836397,0.76121324,0.128,0.0,0.16304305,8.039994,8.059995,1296000
hardzero_plus_depr__c0p50__z1p00__lam0p020__nu0p50__psi0p75,hardzero_plus_depr,0.06,41,405,0.0,2,0.13752715,0.13752715,1.0445762,0.0,0.09024514,0.0,0.0,0.00014218138,-28.368406,2.2981136,0.7660379,0.15200001,0.008,0.16539872,8.059995,8.079995,1299200
hardzero_plus_depr__c0p50__z1p00__lam0p020__nu0p50__psi0p75,hardzero_plus_depr,0.06,41,406,0.0,2,0.13752715,0.13754153,0.9886555,0.102646574,0.102646574,1.0,1.4377144e-05,0.00014006453,-26.109964,2.1750855,0.7250285,0.2,0.0,0.18378143,8.079995,8.099996,1302400
hardzero_plus_depr__c0p50__z1p00__lam0p020__nu0p50__psi0p75,hardzero_plus_depr,0.06,41,407,0.0,2,0.13754153,0.13755865,0.906434,0.1240412,0.1240412,1.0,1.7115102e-05,0.00013797918,-25.500128,1.9941946,0.66473156,0.24800001,0.008,0.12918521,8.099996,8.119996,1305600
hardzero_plus_depr__c0p50__z1p00__lam0p020__nu0p50__psi0p75,hardzero_plus_depr,0.06,41,408,0.0,2,0.13755865,0.13755865,1.0487456,0.0,0.08938288,0.0,0.0,0.0001359249,-27.957836,2.3072865,0.76909554,0.16800001,0.0,0.16302107,8.119996,8.139997,1308800
hardzero_plus_depr__c0p50__z1p00__lam0p020__nu0p50__psi0p75,hardzero_plus_depr,0.06,41,409,0.0,2,0.13755865,0.13755865,1.0274435,0.0,0.09387639,0.0,0.0,0.0001339012,-27.291628,2.2604208,0.75347364,0.136,0.0,0.17442223,8.139997,8.159997,1312000
hardzero_plus_depr__c0p50__z1p00__lam0p020__nu0p50__psi0p75,hardzero_plus_depr,0.06,41,410,0.0,2,0.13755865,0.13755865,1.0234325,0.0,0.09474744,0.0,0.0,0.00013190763,-27.101706,2.2515965,0.75053215,0.112,0.0,0.14440453,8.159997,8.179997,1315200
hardzero_plus_depr__c0p50__z1p00__lam0p020__nu0p50__psi0p75,hardzero_plus_depr,0.06,41,411,0.0,2,0.13755865,0.13757259,0.9698764,0.10718243,0.10718243,1.0,1.3927683e-05,0.00012994371,-26.266176,2.1337707,0.7112569,0.216,0.0,0.15900742,8.179997,8.199998,1318400
hardzero_plus_depr__c0p50__z1p00__lam0p020__nu0p50__psi0p75,hardzero_plus_depr,0.06,41,412,0.0,2,0.13757259,0.1375854,0.9994956,0.10011619,0.10011619,1.0,1.2815782e-05,0.00012800908,-27.063715,2.1989343,0.7329781,0.136,0.0,0.1602493,8.199998,8.219998,1321600
hardzero_plus_depr__c0p50__z1p00__lam0p020__nu0p50__psi0p75,hardzero_plus_depr,0.06,41,413,0.0,2,0.1375854,0.13759859,0.9804295,0.104609355,0.104609355,1.0,1.3191578e-05,0.00012610323,-27.448805,2.156988,0.718996,0.24000001,0.0,0.15153225,8.219998,8.239999,1324800
hardzero_plus_depr__c0p50__z1p00__lam0p020__nu0p50__psi0p75,hardzero_plus_depr,0.06,41,414,0.0,2,0.13759859,0.13761143,0.9856164,0.103367396,0.103367396,1.0,1.2840893e-05,0.00012422576,-26.459146,2.1683993,0.7227998,0.14400001,0.0,0.15204342,8.239999,8.259999,1328000
hardzero_plus_depr__c0p50__z1p00__lam0p020__nu0p50__psi0p75,hardzero_plus_depr,0.06,41,415,0.0,2,0.13761143,0.13761143,1.1068479,0.0,0.07819017,0.0,0.0,0.00012237624,-28.672731,2.435114,0.81170464,0.128,0.0,0.17272113,8.259999,8.28,1331200
hardzero_plus_depr__c0p50__z1p00__lam0p020__nu0p50__psi0p75,hardzero_plus_depr,0.06,41,416,0.0,2,0.13761143,0.13761143,1.0687451,0.0,0.08536009,0.0,0.0,0.00012055424,-27.799858,2.3512862,0.7837621,0.11,0.0,0.20279385,8.28,8.3,1334400
hardzero_plus_depr__c0p50__z1p00__lam0p020__nu0p50__psi0p75,hardzero_plus_depr,0.06,41,417,0.0,2,0.13761143,0.13762335,0.99862814,0.100316375,0.100316375,1.0,1.1913509e-05,0.000118759366,-27.100996,2.1970258,0.73234195,0.112,0.0,0.16528532,8.3,8.320001,1337600
hardzero_plus_depr__c0p50__z1p00__lam0p020__nu0p50__psi0p75,hardzero_plus_depr,0.06,41,418,0.0,2,0.13762335,0.13762335,1.0031418,0.0,0.099279195,0.0,0.0,0.00011699124,-26.004976,2.206956,0.73565197,0.136,0.0,0.15372995,8.320001,8.340001,1340800
hardzero_plus_depr__c0p50__z1p00__lam0p020__nu0p50__psi0p75,hardzero_plus_depr,0.06,41,419,0.0,2,0.13762335,0.13762335,1.0132215,0.0,0.0970015,0.0,0.0,0.00011524943,-26.765188,2.229132,0.743044,0.17600001,0.0,0.16806789,8.340001,8.360002,1344000
hardzero_plus_depr__c0p50__z1p00__lam0p020__nu0p50__psi0p75,hardzero_plus_depr,0.06,41,420,0.0,2,0.13762335,0.13762335,1.0347948,0.0,0.09230074,0.0,0.0,0.000113533555,-28.07729,2.276594,0.75886464,0.16800001,0.0,0.1861379,8.360002,8.380002,1347200
hardzero_plus_depr__c0p50__z1p00__lam0p020__nu0p50__psi0p75,hardzero_plus_depr,0.06,41,421,0.0,2,0.13762335,0.13762335,1.0171698,0.0,0.09612362,0.0,0.0,0.00011184323,-27.029276,2.2378182,0.74593943,0.15200001,0.0,0.14469457,8.380002,8.4000025,1350400
hardzero_plus_depr__c0p50__z1p00__lam0p020__nu0p50__psi0p75,hardzero_plus_depr,0.06,41,422,0.0,2,0.13762335,0.13762335,1.0323392,0.0,0.0928241,0.0,0.0,0.00011017805,-26.965345,2.2711916,0.75706387,0.120000005,0.0,0.14297682,8.4000025,8.420003,1353600
hardzero_plus_depr__c0p50__z1p00__lam0p020__nu0p50__psi0p75,hardzero_plus_depr,0.06,41,423,0.0,2,0.13762335,0.13762335,1.0001097,0.0,0.09997475,0.0,0.0,0.00010853767,-26.735025,2.2002852,0.7334284,0.16000001,0.0,0.14588489,8.420003,8.440003,1356800
hardzero_plus_depr__c0p50__z1p00__lam0p020__nu0p50__psi0p75,hardzero_plus_depr,0.06,41,424,0.0,2,0.13762335,0.13762335,1.0385658,0.0,0.09150277,0.0,0.0,0.000106921725,-28.51477,2.2848902,0.76163006,0.14400001,0.0,0.19381623,8.440003,8.460004,1360000
hardzero_plus_depr__c0p50__z1p00__lam0p020__nu0p50__psi0p75,hardzero_plus_depr,0.06,41,425,0.0,2,0.13762335,0.1376348,0.9638615,0.10867721,0.10867721,1.0,1.1446952e-05,0.00010532983,-26.801321,2.1205378,0.70684594,0.208,0.008,0.13782412,8.460004,8.480004,1363200
hardzero_plus_depr__c0p50__z1p00__lam0p020__nu0p50__psi0p75,hardzero_plus_depr,0.06,41,426,0.0,2,0.1376348,0.1376348,1.0070064,0.0,0.09839966,0.0,0.0,0.000103761646,-26.814987,2.2154584,0.7384862,0.17600001,0.0,0.14395459,8.480004,8.500005,1366400
hardzero_plus_depr__c0p50__z1p00__lam0p020__nu0p50__psi0p75,hardzero_plus_depr,0.06,41,427,0.0,2,0.1376348,0.1376348,1.0141518,0.0,0.09679393,0.0,0.0,0.0001022168,-27.205784,2.2311785,0.7437262,0.17600001,0.0,0.14485396,8.500005,8.520005,1369600
hardzero_plus_depr__c0p50__z1p00__lam0p020__nu0p50__psi0p75,hardzero_plus_depr,0.06,41,428,0.0,2,0.1376348,0.13764523,0.98462033,0.10360475,0.10360475,1.0,1.0432475e-05,0.00010069495,-27.4297,2.166208,0.7220694,0.112,0.0,0.15743586,8.520005,8.540006,1372800
hardzero_plus_depr__c0p50__z1p00__lam0p020__nu0p50__psi0p75,hardzero_plus_depr,0.06,41,429,0.0,2,0.13764523,0.13764523,1.0568175,0.0,0.087736934,0.0,0.0,9.9195764e-05,-27.87535,2.325045,0.77501506,0.19,0.0,0.17995685,8.540006,8.560006,1376000
hardzero_plus_depr__c0p50__z1p00__lam0p020__nu0p50__psi0p75,hardzero_plus_depr,0.06,41,430,0.0,2,0.13764523,0.13764523,1.0115108,0.0,0.09738434,0.0,0.0,9.77189e-05,-26.810783,2.2253683,0.74178946,0.136,0.0,0.15386274,8.560006,8.580007,1379200
hardzero_plus_depr__c0p50__z1p00__lam0p020__nu0p50__psi0p75,hardzero_plus_depr,0.06,41,431,0.0,2,0.13764523,0.13764523,1.0256044,0.0,0.094274804,0.0,0.0,9.6264026e-05,-27.476997,2.2563746,0.7521249,0.096,0.0,0.14791337,8.580007,8.600007,1382400
hardzero_plus_depr__c0p50__z1p00__lam0p020__nu0p50__psi0p75,hardzero_plus_depr,0.06,41,432,0.0,2,0.13764523,0.13765506,0.9842782,0.1036864,0.1036864,1.0,9.832665e-06,9.48308e-05,-27.077751,2.1654553,0.72181845,0.136,0.0,0.13146155,8.600007,8.6200075,1385600
hardzero_plus_depr__c0p50__z1p00__lam0p020__nu0p50__psi0p75,hardzero_plus_depr,0.06,41,433,0.0,2,0.13765506,0.13765506,1.011907,0.0,0.097295545,0.0,0.0,9.341892e-05,-26.862494,2.22624,0.74208,0.120000005,0.0,0.16005535,8.6200075,8.640008,1388800
hardzero_plus_depr__c0p50__z1p00__lam0p020__nu0p50__psi0p75,hardzero_plus_depr,0.06,41,434,0.0,2,0.13765506,0.13765506,1.046385,0.0,0.08987004,0.0,0.0,9.2028065e-05,-27.78157,2.302093,0.7673644,0.16800001,0.0,0.15476535,8.640008,8.660008,1392000
hardzero_plus_depr__c0p50__z1p00__lam0p020__nu0p50__psi0p75,hardzero_plus_depr,0.06,41,435,0.0,2,0.13765506,0.13765506,1.0345086,0.0,0.092361584,0.0,0.0,9.0657915e-05,-26.737043,2.2759643,0.7586548,0.136,0.0,0.15727302,8.660008,8.680009,1395200
hardzero_plus_depr__c0p50__z1p00__lam0p020__nu0p50__psi0p75,hardzero_plus_depr,0.06,41,436,0.0,2,0.13765506,0.13765506,1.0403517,0.0,0.09112724,0.0,0.0,8.930817e-05,-27.429123,2.2888196,0.7629399,0.104,0.0,0.15742794,8.680009,8.700009,1398400
hardzero_plus_depr__c0p50__z1p00__lam0p020__nu0p50__psi0p75,hardzero_plus_depr,0.06,41,437,0.0,2,0.13765506,0.13765506,1.0475575,0.0,0.08962776,0.0,0.0,8.797851e-05,-27.699364,2.3046725,0.7682242,0.112,0.0,0.15233697,8.700009,8.72001,1401600
hardzero_plus_depr__c0p50__z1p00__lam0p020__nu0p50__psi0p75,hardzero_plus_depr,0.06,41,438,0.0,2,0.13765506,0.13766406,0.9839348,0.10376841,0.10376841,1.0,8.993467e-06,8.6668646e-05,-26.861399,2.1646998,0.7215666,0.18400002,0.0,0.1762521,8.72001,8.74001,1404800
hardzero_plus_depr__c0p50__z1p00__lam0p020__nu0p50__psi0p75,hardzero_plus_depr,0.06,41,439,0.0,2,0.13766406,0.13766406,1.0311736,0.0,0.093073584,0.0,0.0,8.537829e-05,-26.916107,2.2686272,0.7562091,0.216,0.0,0.13461772,8.74001,8.760011,1408000
hardzero_plus_depr__c0p50__z1p00__lam0p020__nu0p50__psi0p75,hardzero_plus_depr,0.06,41,440,0.0,2,0.13766406,0.13767299,0.9745036,0.10604652,0.10604652,1.0,8.919271e-06,8.410715e-05,-26.78768,2.1439507,0.7146503,0.16000001,0.0,0.12717393,8.760011,8.780011,1411200
hardzero_plus_depr__c0p50__z1p00__lam0p020__nu0p50__psi0p75,hardzero_plus_depr,0.06,41,441,0.0,2,0.13767299,0.13767299,1.0149645,0.0,0.09661298,0.0,0.0,8.285493e-05,-27.507805,2.2329664,0.7443222,0.14400001,0.0,0.15898451,8.780011,8.800012,1414400
hardzero_plus_depr__c0p50__z1p00__lam0p020__nu0p50__psi0p75,hardzero_plus_depr,0.06,41,442,0.0,2,0.13767299,0.13767299,1.0090343,0.0,0.09794125,0.0,0.0,8.162134e-05,-26.945791,2.2199197,0.73997325,0.16,0.0,0.14846447,8.800012,8.820012,1417600
hardzero_plus_depr__c0p50__z1p00__lam0p020__nu0p50__psi0p75,hardzero_plus_depr,0.06,41,443,0.0,2,0.13767299,0.13767299,1.0455788,0.0,0.090037026,0.0,0.0,8.0406135e-05,-27.243507,2.3003194,0.76677316,0.104,0.0,0.1577635,8.820012,8.840013,1420800
hardzero_plus_depr__c0p50__z1p00__lam0p020__nu0p50__psi0p75,hardzero_plus_depr,0.06,41,444,0.0,2,0.13767299,0.13768184,0.951601,0.11178898,0.11178898,1.0,8.854696e-06,7.920902e-05,-26.536486,2.093564,0.6978547,0.096,0.0,0.14211299,8.840013,8.860013,1424000
hardzero_plus_depr__c0p50__z1p00__lam0p020__nu0p50__psi0p75,hardzero_plus_depr,0.06,41,445,0.0,2,0.13768184,0.13768184,1.020606,0.0,0.095366076,0.0,0.0,7.802973e-05,-26.803513,2.2453783,0.74845946,0.136,0.0,0.15542106,8.860013,8.880013,1427200
hardzero_plus_depr__c0p50__z1p00__lam0p020__nu0p50__psi0p75,hardzero_plus_depr,0.06,41,446,0.0,2,0.13768184,0.13768184,1.0273669,0.0,0.09389298,0.0,0.0,7.686799e-05,-27.388004,2.2602522,0.75341743,0.17600001,0.0,0.13726796,8.880013,8.900014,1430400
hardzero_plus_depr__c0p50__z1p00__lam0p020__nu0p50__psi0p75,hardzero_plus_depr,0.06,41,447,0.0,2,0.13768184,0.13768184,1.0088221,0.0,0.09798914,0.0,0.0,7.572355e-05,-26.60055,2.2194529,0.7398176,0.18400002,0.0,0.15908827,8.900014,8.920014,1433600
hardzero_plus_depr__c0p50__z1p00__lam0p020__nu0p50__psi0p75,hardzero_plus_depr,0.06,41,448,0.0,2,0.13768184,0.13768955,0.9863211,0.1031998,0.1031998,1.0,7.698307e-06,7.4596144e-05,-26.589937,2.1699498,0.7233166,0.136,0.0,0.15308274,8.920014,8.940015,1436800
hardzero_plus_depr__c0p50__z1p00__lam0p020__nu0p50__psi0p75,hardzero_plus_depr,0.06,41,449,0.0,2,0.13768955,0.13769718,0.98375565,0.103811234,0.103811234,1.0,7.6286233e-06,7.348553e-05,-26.324192,2.1643057,0.72143525,0.216,0.0,0.16042402,8.940015,8.960015,1440000
hardzero_plus_depr__c0p50__z1p00__lam0p020__nu0p50__psi0p75,hardzero_plus_depr,0.06,41,450,0.0,2,0.13769718,0.13769718,1.0366323,0.0,0.09191105,0.0,0.0,7.239144e-05,-27.219906,2.2806365,0.7602122,0.16000001,0.0,0.17972122,8.960015,8.980016,1443200
hardzero_plus_depr__c0p50__z1p00__lam0p020__nu0p50__psi0p75,hardzero_plus_depr,0.06,41,451,0.0,2,0.13769718,0.13769718,1.0025419,0.0,0.09941641,0.0,0.0,7.1313654e-05,-27.233423,2.2056363,0.7352121,0.192,0.0,0.1568137,8.980016,9.000016,1446400
hardzero_plus_depr__c0p50__z1p00__lam0p020__nu0p50__psi0p75,hardzero_plus_depr,0.06,41,452,0.0,2,0.13769718,0.13770439,0.98827446,0.102736674,0.102736674,1.0,7.2174475e-06,7.025191e-05,-26.371899,2.1742473,0.7247491,0.2,0.0,0.14512496,9.000016,9.020017,1449600
hardzero_plus_depr__c0p50__z1p00__lam0p020__nu0p50__psi0p75,hardzero_plus_depr,0.06,41,453,0.0,2,0.13770439,0.13770439,1.0108852,0.0,0.09752472,0.0,0.0,6.920596e-05,-26.754349,2.2239919,0.7413306,0.16800001,0.008,0.16486022,9.020017,9.040017,1452800
hardzero_plus_depr__c0p50__z1p00__lam0p020__nu0p50__psi0p75,hardzero_plus_depr,0.06,41,454,0.0,2,0.13770439,0.13771145,0.9850504,0.103502214,0.103502214,1.0,7.0563256e-06,6.81756e-05,-26.98831,2.167154,0.7223847,0.208,0.0,0.1471084,9.040017,9.060018,1456000
hardzero_plus_depr__c0p50__z1p00__lam0p020__nu0p50__psi0p75,hardzero_plus_depr,0.06,41,455,0.0,2,0.13771145,0.13771866,0.96934205,0.10731439,0.10731439,1.0,7.207296e-06,6.7160574e-05,-26.653402,2.132595,0.710865,0.22,0.0,0.13053167,9.060018,9.080018,1459200
hardzero_plus_depr__c0p50__z1p00__lam0p020__nu0p50__psi0p75,hardzero_plus_depr,0.06,41,456,0.0,2,0.13771866,0.13772531,0.99851197,0.10034322,0.10034322,1.0,6.638774e-06,6.616066e-05,-26.2011,2.1967702,0.73225677,0.15200001,0.0,0.15919144,9.080018,9.1000185,1462400
hardzero_plus_depr__c0p50__z1p00__lam0p020__nu0p50__psi0p75,hardzero_plus_depr,0.06,41,457,0.0,2,0.13772531,0.13772531,1.0397067,0.0,0.0912627,0.0,0.0,6.5175635e-05,-27.66742,2.2874005,0.76246685,0.15200001,0.0,0.16708572,9.1000185,9.120019,1465600
hardzero_plus_depr__c0p50__z1p00__lam0p020__nu0p50__psi0p75,hardzero_plus_depr,0.06,41,458,0.0,2,0.13772531,0.13772531,1.0007986,0.0,0.09981628,0.0,0.0,6.420527e-05,-27.514252,2.2018008,0.7339336,0.15200001,0.0,0.16256209,9.120019,9.140019,1468800
hardzero_plus_depr__c0p50__z1p00__lam0p020__nu0p50__psi0p75,hardzero_plus_depr,0.06,41,459,0.0,2,0.13772531,0.13772531,1.0034962,0.0,0.09919821,0.0,0.0,6.324937e-05,-26.27436,2.2077358,0.73591197,0.16000001,0.0,0.12696585,9.140019,9.16002,1472000
hardzero_plus_depr__c0p50__z1p00__lam0p020__nu0p50__psi0p75,hardzero_plus_depr,0.06,41,460,0.0,2,0.13772531,0.13772531,1.0301785,0.0,0.09328706,0.0,0.0,6.2307685e-05,-26.895493,2.266438,0.75547934,0.16800001,0.0,0.14297338,9.16002,9.18002,1475200
hardzero_plus_depr__c0p50__z1p00__lam0p020__nu0p50__psi0p75,hardzero_plus_depr,0.06,41,461,0.0,2,0.13772531,0.13772531,1.0190046,0.0,0.0957184,0.0,0.0,6.138002e-05,-26.61298,2.241855,0.747285,0.15200001,0.0,0.16795892,9.18002,9.200021,1478400
hardzero_plus_depr__c0p50__z1p00__lam0p020__nu0p50__psi0p75,hardzero_plus_depr,0.06,41,462,0.0,2,0.13772531,0.13773154,0.98727584,0.10297319,0.10297319,1.0,6.2263944e-06,6.046617e-05,-27.435837,2.1720502,0.7240168,0.16000001,0.0,0.1736517,9.200021,9.220021,1481600
hardzero_plus_depr__c0p50__z1p00__lam0p020__nu0p50__psi0p75,hardzero_plus_depr,0.06,41,463,0.0,2,0.13773154,0.13773154,1.0286585,0.0,0.09361415,0.0,0.0,5.9565922e-05,-27.424723,2.263094,0.75436467,0.2,0.0,0.18379554,9.220021,9.240022,1484800
hardzero_plus_depr__c0p50__z1p00__lam0p020__nu0p50__psi0p75,hardzero_plus_depr,0.06,41,464,0.0,2,0.13773154,0.13773768,0.9808658,0.1045043,0.1045043,1.0,6.1322166e-06,5.8679085e-05,-26.071684,2.1579478,0.71931595,0.224,0.0,0.17960863,9.240022,9.260022,1488000
hardzero_plus_depr__c0p50__z1p00__lam0p020__nu0p50__psi0p75,hardzero_plus_depr,0.06,41,465,0.0,2,0.13773768,0.1377438,0.97489893,0.105950035,0.105950035,1.0,6.124489e-06,5.7805446e-05,-26.679974,2.1448205,0.7149402,0.17600001,0.0,0.13669345,9.260022,9.280023,1491200
hardzero_plus_depr__c0p50__z1p00__lam0p020__nu0p50__psi0p75,hardzero_plus_depr,0.06,41,466,0.0,2,0.1377438,0.1377438,1.0143585,0.0,0.09674788,0.0,0.0,5.6944817e-05,-27.076433,2.2316334,0.7438778,0.16000001,0.0,0.14769928,9.280023,9.300023,1494400
hardzero_plus_depr__c0p50__z1p00__lam0p020__nu0p50__psi0p75,hardzero_plus_depr,0.06,41,467,0.0,2,0.1377438,0.1377496,0.98524076,0.10345685,0.10345685,1.0,5.8036185e-06,5.6096997e-05,-26.872963,2.167573,0.72252434,0.080000006,0.0,0.15888156,9.300023,9.320024,1497600
hardzero_plus_depr__c0p50__z1p00__lam0p020__nu0p50__psi0p75,hardzero_plus_depr,0.06,41,468,0.0,2,0.1377496,0.13775563,0.96194905,0.10915683,0.10915683,1.0,6.0322036e-06,5.5261804e-05,-25.805101,2.1163301,0.7054434,0.24,0.0,0.14066081,9.320024,9.340024,1500800
hardzero_plus_depr__c0p50__z1p00__lam0p020__nu0p50__psi0p75,hardzero_plus_depr,0.06,41,469,0.0,2,0.13775563,0.13776127,0.98510087,0.103490174,0.103490174,1.0,5.633906e-06,5.4439042e-05,-27.050287,2.1672652,0.72242177,0.24800001,0.0,0.16654022,9.340024,9.360024,1504000
hardzero_plus_depr__c0p50__z1p00__lam0p020__nu0p50__psi0p75,hardzero_plus_depr,0.06,41,470,0.0,2,0.13776127,0.13776127,1.0204442,0.0,0.095401645,0.0,0.0,5.3628533e-05,-27.318254,2.245022,0.7483407,0.112,0.0,0.12276861,9.360024,9.380025,1507200
hardzero_plus_depr__c0p50__z1p00__lam0p020__nu0p50__psi0p75,hardzero_plus_depr,0.06,41,471,0.0,2,0.13776127,0.13776127,1.0015541,0.0,0.0996428,0.0,0.0,5.283009e-05,-27.407707,2.203463,0.7344877,0.15200001,0.0,0.14209461,9.380025,9.400025,1510400
hardzero_plus_depr__c0p50__z1p00__lam0p020__nu0p50__psi0p75,hardzero_plus_depr,0.06,41,472,0.0,2,0.13776127,0.13776127,1.0167994,0.0,0.09620564,0.0,0.0,5.204353e-05,-26.457733,2.2370036,0.7456679,0.120000005,0.0,0.1575331,9.400025,9.420026,1513600
hardzero_plus_depr__c0p50__z1p00__lam0p020__nu0p50__psi0p75,hardzero_plus_depr,0.06,41,473,0.0,2,0.13776127,0.13776644,0.99613196,0.10089463,0.10089463,1.0,5.1727357e-06,5.126869e-05,-27.080046,2.191534,0.73051137,0.208,0.0,0.1524697,9.420026,9.440026,1516800
hardzero_plus_depr__c0p50__z1p00__lam0p020__nu0p50__psi0p75,hardzero_plus_depr,0.06,41,474,0.0,2,0.13776644,0.13777184,0.9699942,0.10715335,0.10715335,1.0,5.4118204e-06,5.050538e-05,-27.490053,2.1340299,0.7113433,0.15200001,0.0,0.13472117,9.440026,9.460027,1520000
hardzero_plus_depr__c0p50__z1p00__lam0p020__nu0p50__psi0p75,hardzero_plus_depr,0.06,41,475,0.0,2,0.13777184,0.13777184,1.0093411,0.0,0.09787209,0.0,0.0,4.975344e-05,-27.339973,2.220595,0.7401983,0.128,0.0,0.16104515,9.460027,9.480027,1523200
hardzero_plus_depr__c0p50__z1p00__lam0p020__nu0p50__psi0p75,hardzero_plus_depr,0.06,41,476,0.0,2,0.13777184,0.13777694,0.9832979,0.10392071,0.10392071,1.0,5.0934336e-06,4.9012688e-05,-25.806978,2.1632986,0.72109956,0.2,0.0,0.14325203,9.480027,9.500028,1526400
hardzero_plus_depr__c0p50__z1p00__lam0p020__nu0p50__psi0p75,hardzero_plus_depr,0.06,41,477,0.0,2,0.13777694,0.13777694,1.0209506,0.0,0.09529046,0.0,0.0,4.8282964e-05,-27.986383,2.246136,0.748712,0.128,0.0,0.16914658,9.500028,9.520028,1529600
hardzero_plus_depr__c0p50__z1p00__lam0p020__nu0p50__psi0p75,hardzero_plus_depr,0.06,41,478,0.0,2,0.13777694,0.13778205,0.96928924,0.10732745,0.10732745,1.0,5.1049346e-06,4.756411e-05,-25.779568,2.132479,0.71082634,0.208,0.0,0.1410667,9.520028,9.540029,1532800
hardzero_plus_depr__c0p50__z1p00__lam0p020__nu0p50__psi0p75,hardzero_plus_depr,0.06,41,479,0.0,2,0.13778205,0.13778685,0.9890546,0.102552295,0.102552295,1.0,4.805186e-06,4.685596e-05,-26.578804,2.1759636,0.72532123,0.15200001,0.0,0.1257201,9.540029,9.560029,1536000
hardzero_plus_depr__c0p50__z1p00__lam0p020__nu0p50__psi0p75,hardzero_plus_depr,0.06,41,480,0.0,2,0.13778685,0.13778685,1.0781295,0.0,0.08353537,0.0,0.0,4.615835e-05,-28.011934,2.3719323,0.7906441,0.120000005,0.0,0.19932857,9.560029,9.5800295,1539200
hardzero_plus_depr__c0p50__z1p00__lam0p020__nu0p50__psi0p75,hardzero_plus_depr,0.06,41,481,0.0,2,0.13778685,0.13779165,0.9767274,0.10550489,0.10550489,1.0,4.7974263e-06,4.5471126e-05,-26.902565,2.1488433,0.7162811,0.21,0.0,0.15011778,9.5800295,9.60003,1542400
hardzero_plus_depr__c0p50__z1p00__lam0p020__nu0p50__psi0p75,hardzero_plus_depr,0.06,41,482,0.0,2,0.13779165,0.13779165,1.0281612,0.0,0.09372141,0.0,0.0,4.479413e-05,-27.310713,2.2619996,0.7539999,0.2,0.0,0.14718188,9.60003,9.62003,1545600
hardzero_plus_depr__c0p50__z1p00__lam0p020__nu0p50__psi0p75,hardzero_plus_depr,0.06,41,483,0.0,2,0.13779165,0.13779165,1.0026004,0.0,0.09940302,0.0,0.0,4.4127217e-05,-26.362509,2.205765,0.735255,0.16000001,0.0,0.13497622,9.62003,9.640031,1548800
hardzero_plus_depr__c0p50__z1p00__lam0p020__nu0p50__psi0p75,hardzero_plus_depr,0.06,41,484,0.0,2,0.13779165,0.1377961,0.98995733,0.10233934,0.10233934,1.0,4.448715e-06,4.3470234e-05,-26.163895,2.1779497,0.72598326,0.18400002,0.0,0.14766406,9.640031,9.660031,1552000
hardzero_plus_depr__c0p50__z1p00__lam0p020__nu0p50__psi0p75,hardzero_plus_depr,0.06,41,485,0.0,2,0.1377961,0.13780066,0.9727918,0.10646533,0.10646533,1.0,4.5591687e-06,4.2823034e-05,-25.65999,2.1401846,0.7133949,0.16000001,0.0,0.1407719,9.660031,9.680032,1555200
hardzero_plus_depr__c0p50__z1p00__lam0p020__nu0p50__psi0p75,hardzero_plus_depr,0.06,41,486,0.0,2,0.13780066,0.13780066,1.000128,0.0,0.099970534,0.0,0.0,4.2185467e-05,-27.25456,2.2003255,0.7334418,0.16800001,0.0,0.14641646,9.680032,9.700032,1558400
hardzero_plus_depr__c0p50__z1p00__lam0p020__nu0p50__psi0p75,hardzero_plus_depr,0.06,41,487,0.0,2,0.13780066,0.13780066,1.0367316,0.0,0.09189004,0.0,0.0,4.1557392e-05,-28.208487,2.2808552,0.7602851,0.16800001,0.0,0.17835166,9.700032,9.720033,1561600
hardzero_plus_depr__c0p50__z1p00__lam0p020__nu0p50__psi0p75,hardzero_plus_depr,0.06,41,488,0.0,2,0.13780066,0.13780066,1.012219,0.0,0.097225696,0.0,0.0,4.0938667e-05,-27.261166,2.226926,0.74230874,0.15200001,0.0,0.17334636,9.720033,9.740033,1564800
hardzero_plus_depr__c0p50__z1p00__lam0p020__nu0p50__psi0p75,hardzero_plus_depr,0.06,41,489,0.0,2,0.13780066,0.13780066,1.0393919,0.0,0.09132887,0.0,0.0,4.032916e-05,-27.657671,2.2867079,0.762236,0.16800001,0.0,0.14220889,9.740033,9.760034,1568000
hardzero_plus_depr__c0p50__z1p00__lam0p020__nu0p50__psi0p75,hardzero_plus_depr,0.06,41,490,0.0,2,0.13780066,0.13780066,1.05842,0.0,0.0874138,0.0,0.0,3.972872e-05,-27.9838,2.3285704,0.77619016,0.112,0.0,0.16853844,9.760034,9.780034,1571200
hardzero_plus_depr__c0p50__z1p00__lam0p020__nu0p50__psi0p75,hardzero_plus_depr,0.06,41,491,0.0,2,0.13780066,0.13780066,1.0045948,0.0,0.098947585,0.0,0.0,3.9137223e-05,-27.07497,2.2101526,0.7367176,0.136,0.0,0.1500173,9.780034,9.8000345,1574400
hardzero_plus_depr__c0p50__z1p00__lam0p020__nu0p50__psi0p75,hardzero_plus_depr,0.06,41,492,0.0,2,0.13780066,0.13780066,1.0099435,0.0,0.097736426,0.0,0.0,3.855453e-05,-27.398403,2.22192,0.74064004,0.18400002,0.0,0.14128327,9.8000345,9.820035,1577600
hardzero_plus_depr__c0p50__z1p00__lam0p020__nu0p50__psi0p75,hardzero_plus_depr,0.06,41,493,0.0,2,0.13780066,0.13780457,0.9885532,0.10267076,0.10267076,1.0,3.899489e-06,3.798052e-05,-26.894203,2.1748605,0.72495353,0.224,0.0,0.14596342,9.820035,9.840035,1580800
hardzero_plus_depr__c0p50__z1p00__lam0p020__nu0p50__psi0p75,hardzero_plus_depr,0.06,41,494,0.0,2,0.13780457,0.13780457,1.0421602,0.0,0.09074858,0.0,0.0,3.741505e-05,-27.783173,2.292798,0.764266,0.11,0.0,0.1440001,9.840035,9.860036,1584000
hardzero_plus_depr__c0p50__z1p00__lam0p020__nu0p50__psi0p75,hardzero_plus_depr,0.06,41,495,0.0,2,0.13780457,0.13780457,1.0578423,0.0,0.08753015,0.0,0.0,3.6857997e-05,-28.430492,2.3272994,0.7757665,0.2,0.0,0.16676113,9.860036,9.880036,1587200
hardzero_plus_depr__c0p50__z1p00__lam0p020__nu0p50__psi0p75,hardzero_plus_depr,0.06,41,496,0.0,2,0.13780457,0.13780838,0.9782251,0.10514167,0.10514167,1.0,3.817614e-06,3.630924e-05,-26.417696,2.1521382,0.71737945,0.18400002,0.0,0.13596973,9.880036,9.900037,1590400
hardzero_plus_depr__c0p50__z1p00__lam0p020__nu0p50__psi0p75,hardzero_plus_depr,0.06,41,497,0.0,2,0.13780838,0.13781203,0.99090916,0.102115296,0.102115296,1.0,3.652527e-06,3.576866e-05,-26.858978,2.1800437,0.72668123,0.192,0.0,0.14543678,9.900037,9.920037,1593600
hardzero_plus_depr__c0p50__z1p00__lam0p020__nu0p50__psi0p75,hardzero_plus_depr,0.06,41,498,0.0,2,0.13781203,0.13781573,0.9794715,0.10484035,0.10484035,1.0,3.6941674e-06,3.523612e-05,-26.086618,2.1548803,0.7182934,0.216,0.0,0.1490284,9.920037,9.940038,1596800
hardzero_plus_depr__c0p50__z1p00__lam0p020__nu0p50__psi0p75,hardzero_plus_depr,0.06,41,499,0.0,2,0.13781573,0.13781573,1.0483748,0.0,0.08945924,0.0,0.0,3.471151e-05,-27.434587,2.3064706,0.76882356,0.17600001,0.0,0.1822781,9.940038,9.960038,1600000
hardzero_plus_depr__c0p50__z1p00__lam0p020__nu0p50__psi0p75,hardzero_plus_depr,0.06,41,500,0.0,2,0.13781573,0.13781573,1.0058554,0.0,0.09866079,0.0,0.0,3.4194705e-05,-27.070333,2.2129261,0.73764205,0.18400002,0.0,0.1465233,9.960038,9.980039,1603200
hardzero_plus_depr__c0p50__z1p00__lam0p020__nu0p50__psi0p75,hardzero_plus_depr,0.06,41,501,0.0,2,0.13781573,0.13781933,0.9700293,0.10714469,0.10714469,1.0,3.6092335e-06,3.3685603e-05,-27.474825,2.134107,0.71136904,0.192,0.0,0.1593892,9.980039,10.000039,1606400
hardzero_plus_depr__c0p50__z1p00__lam0p020__nu0p50__psi0p75,hardzero_plus_depr,0.06,41,502,0.0,2,0.13781933,0.13782287,0.9724669,0.10654501,0.10654501,1.0,3.535598e-06,3.318408e-05,-25.980991,2.1394699,0.71315664,0.192,0.0,0.13562539,10.000039,10.02004,1609600
hardzero_plus_depr__c0p50__z1p00__lam0p020__nu0p50__psi0p75,hardzero_plus_depr,0.06,41,503,0.0,2,0.13782287,0.13782287,1.0815563,0.0,0.082878835,0.0,0.0,3.2690023e-05,-27.84254,2.3794713,0.7931571,0.104,0.0,0.18265231,10.02004,10.04004,1612800
hardzero_plus_depr__c0p50__z1p00__lam0p020__nu0p50__psi0p75,hardzero_plus_depr,0.06,41,504,0.0,2,0.13782287,0.13782287,1.0431865,0.0,0.09053435,0.0,0.0,3.220332e-05,-27.330513,2.2950563,0.7650188,0.112,0.0,0.16586965,10.04004,10.06004,1616000
hardzero_plus_depr__c0p50__z1p00__lam0p020__nu0p50__psi0p75,hardzero_plus_depr,0.06,41,505,0.0,2,0.13782287,0.13782606,0.9985136,0.10034283,0.10034283,1.0,3.1832626e-06,3.1723866e-05,-26.644789,2.1967738,0.73225796,0.216,0.008,0.16531813,10.06004,10.080041,1619200
hardzero_plus_depr__c0p50__z1p00__lam0p020__nu0p50__psi0p75,hardzero_plus_depr,0.06,41,506,0.0,2,0.13782606,0.13782918,0.9997551,0.1000564,0.1000564,1.0,3.1269174e-06,3.1251548e-05,-27.003616,2.199505,0.73316836,0.096,0.0,0.15077111,10.080041,10.100041,1622400
hardzero_plus_depr__c0p50__z1p00__lam0p020__nu0p50__psi0p75,hardzero_plus_depr,0.06,41,507,0.0,2,0.13782918,0.13782918,1.0027871,0.0,0.0993603,0.0,0.0,3.078626e-05,-26.72425,2.2061758,0.735392,0.099999994,0.0,0.1316358,10.100041,10.120042,1625600
hardzero_plus_depr__c0p50__z1p00__lam0p020__nu0p50__psi0p75,hardzero_plus_depr,0.06,41,508,0.0,2,0.13782918,0.13782918,1.016928,0.0,0.096177176,0.0,0.0,3.0327905e-05,-27.174753,2.237286,0.74576205,0.17600001,0.0,0.13394974,10.120042,10.140042,1628800
hardzero_plus_depr__c0p50__z1p00__lam0p020__nu0p50__psi0p75,hardzero_plus_depr,0.06,41,509,0.0,2,0.13782918,0.13782918,1.0303757,0.0,0.093244724,0.0,0.0,2.9876372e-05,-27.299175,2.266872,0.755624,0.136,0.0,0.16062503,10.140042,10.160043,1632000
hardzero_plus_depr__c0p50__z1p00__lam0p020__nu0p50__psi0p75,hardzero_plus_depr,0.06,41,510,0.0,2,0.13782918,0.13782918,1.0321652,0.0,0.09286131,0.0,0.0,2.9431558e-05,-27.86879,2.2708087,0.75693625,0.17600001,0.0,0.16212896,10.160043,10.180043,1635200
hardzero_plus_depr__c0p50__z1p00__lam0p020__nu0p50__psi0p75,hardzero_plus_depr,0.06,41,511,0.0,2,0.13782918,0.13783227,0.973002,0.10641381,0.10641381,1.0,3.085295e-06,2.899337e-05,-26.784035,2.1406472,0.7135491,0.15200001,0.0,0.13336949,10.180043,10.200044,1638400
hardzero_plus_depr__c0p50__z1p00__lam0p020__nu0p50__psi0p75,hardzero_plus_depr,0.06,41,512,0.0,2,0.13783227,0.13783513,0.9990475,0.100219555,0.100219555,1.0,2.8624413e-06,2.8561704e-05,-26.87621,2.1979485,0.7326495,0.216,0.0,0.16621172,10.200044,10.220044,1641600
hardzero_plus_depr__c0p50__z1p00__lam0p020__nu0p50__psi0p75,hardzero_plus_depr,0.06,41,513,0.0,2,0.13783513,0.13783513,1.0662613,0.0,0.08584969,0.0,0.0,2.8136466e-05,-26.906523,2.3458216,0.7819406,0.128,0.0,0.1459889,10.220044,10.240045,1644800
hardzero_plus_depr__c0p50__z1p00__lam0p020__nu0p50__psi0p75,hardzero_plus_depr,0.06,41,514,0.0,2,0.13783513,0.13783513,1.0143796,0.0,0.096743174,0.0,0.0,2.771756e-05,-27.434664,2.2316797,0.74389327,0.120000005,0.0,0.16056268,10.240045,10.260045,1648000
hardzero_plus_depr__c0p50__z1p00__lam0p020__nu0p50__psi0p75,hardzero_plus_depr,0.06,41,515,0.0,2,0.13783513,0.13783513,1.0044162,0.0,0.09898827,0.0,0.0,2.730489e-05,-26.437002,2.20976,0.7365867,0.16000001,0.0,0.17535856,10.260045,10.2800455,1651200
hardzero_plus_depr__c0p50__z1p00__lam0p020__nu0p50__psi0p75,hardzero_plus_depr,0.06,41,516,0.0,2,0.13783513,0.13783513,1.0346406,0.0,0.09233352,0.0,0.0,2.6898364e-05,-27.303295,2.2762547,0.7587516,0.128,0.0,0.16970322,10.2800455,10.300046,1654400
hardzero_plus_depr__c0p50__z1p00__lam0p020__nu0p50__psi0p75,hardzero_plus_depr,0.06,41,517,0.0,2,0.13783513,0.13783513,1.008842,0.0,0.097984634,0.0,0.0,2.649789e-05,-27.189024,2.2194967,0.7398323,0.17600001,0.0,0.16176231,10.300046,10.320046,1657600
hardzero_plus_depr__c0p50__z1p00__lam0p020__nu0p50__psi0p75,hardzero_plus_depr,0.06,41,518,0.0,2,0.13783513,0.13783513,1.0375048,0.0,0.09172657,0.0,0.0,2.610338e-05,-27.507492,2.282556,0.76085204,0.18400002,0.0,0.16267322,10.320046,10.340047,1660800
hardzero_plus_depr__c0p50__z1p00__lam0p020__nu0p50__psi0p75,hardzero_plus_depr,0.06,41,519,0.0,2,0.13783513,0.13783513,1.0438188,0.0,0.090402655,0.0,0.0,2.5714742e-05,-27.560822,2.2964473,0.7654824,0.15200001,0.0,0.16283034,10.340047,10.360047,1664000
hardzero_plus_depr__c0p50__z1p00__lam0p020__nu0p50__psi0p75,hardzero_plus_depr,0.06,41,520,0.0,2,0.13783513,0.13783513,1.0889366,0.0,0.081482336,0.0,0.0,2.533189e-05,-29.017204,2.3957083,0.79856944,0.14999999,0.0,0.17794828,10.360047,10.380048,1667200
hardzero_plus_depr__c0p50__z1p00__lam0p020__nu0p50__psi0p75,hardzero_plus_depr,0.06,41,521,0.0,2,0.13783513,0.13783766,0.99340785,0.10152947,0.10152947,1.0,2.5336412e-06,2.4954737e-05,-27.82872,2.185541,0.72851366,0.192,0.0,0.1480041,10.380048,10.400048,1670400
hardzero_plus_depr__c0p50__z1p00__lam0p020__nu0p50__psi0p75,hardzero_plus_depr,0.06,41,522,0.0,2,0.13783766,0.13784035,0.9630995,0.10886807,0.10886807,1.0,2.676326e-06,2.4583203e-05,-26.11865,2.1188612,0.7062871,0.208,0.0,0.14373812,10.400048,10.420049,1673600
hardzero_plus_depr__c0p50__z1p00__lam0p020__nu0p50__psi0p75,hardzero_plus_depr,0.06,41,523,0.0,2,0.13784035,0.13784306,0.9518996,0.11171214,0.11171214,1.0,2.7053552e-06,2.42172e-05,-26.230356,2.0942209,0.6980736,0.24000001,0.0,0.14778951,10.420049,10.440049,1676800
hardzero_plus_depr__c0p50__z1p00__lam0p020__nu0p50__psi0p75,hardzero_plus_depr,0.06,41,524,0.0,2,0.13784306,0.13784306,1.0103283,0.0,0.09764987,0.0,0.0,2.3856644e-05,-26.842508,2.2227666,0.7409222,0.17600001,0.0,0.17519134,10.440049,10.46005,1680000
hardzero_plus_depr__c0p50__z1p00__lam0p020__nu0p50__psi0p75,hardzero_plus_depr,0.06,41,525,0.0,2,0.13784306,0.13784553,0.97646964,0.10556752,0.10556752,1.0,2.4809904e-06,2.3501456e-05,-26.644245,2.148276,0.71609205,0.18400002,0.0,0.13950346,10.46005,10.48005,1683200
hardzero_plus_depr__c0p50__z1p00__lam0p020__nu0p50__psi0p75,hardzero_plus_depr,0.06,41,526,0.0,2,0.13784553,0.13784793,0.98319715,0.10394482,0.10394482,1.0,2.4064846e-06,2.3151557e-05,-26.65351,2.1630769,0.72102565,0.23200001,0.0,0.16310814,10.48005,10.500051,1686400
hardzero_plus_depr__c0p50__z1p00__lam0p020__nu0p50__psi0p75,hardzero_plus_depr,0.06,41,527,0.0,2,0.13784793,0.13785036,0.97380316,0.106217675,0.106217675,1.0,2.4224923e-06,2.2806867e-05,-26.795752,2.1424098,0.7141366,0.216,0.0,0.13716604,10.500051,10.520051,1689600
hardzero_plus_depr__c0p50__z1p00__lam0p020__nu0p50__psi0p75,hardzero_plus_depr,0.06,41,528,0.0,2,0.13785036,0.13785036,1.0533012,0.0,0.08845019,0.0,0.0,2.246731e-05,-27.482368,2.317309,0.7724363,0.128,0.0,0.17034702,10.520051,10.540051,1692800
hardzero_plus_depr__c0p50__z1p00__lam0p020__nu0p50__psi0p75,hardzero_plus_depr,0.06,41,529,0.0,2,0.13785036,0.13785036,1.0348111,0.0,0.09229726,0.0,0.0,2.2132808e-05,-26.893929,2.27663,0.7588767,0.2,0.0,0.13921024,10.540051,10.560052,1696000
hardzero_plus_depr__c0p50__z1p00__lam0p020__nu0p50__psi0p75,hardzero_plus_depr,0.06,41,530,0.0,2,0.13785036,0.13785036,1.0002177,0.0,0.0999499,0.0,0.0,2.1803284e-05,-27.014818,2.200523,0.73350763,0.128,0.0,0.15391073,10.560052,10.580052,1699200
hardzero_plus_depr__c0p50__z1p00__lam0p020__nu0p50__psi0p75,hardzero_plus_depr,0.06,41,531,0.0,2,0.13785036,0.13785036,1.0162654,0.0,0.09632401,0.0,0.0,2.1478669e-05,-27.230148,2.2358286,0.7452762,0.17600001,0.0,0.1366155,10.580052,10.600053,1702400
hardzero_plus_depr__c0p50__z1p00__lam0p020__nu0p50__psi0p75,hardzero_plus_depr,0.06,41,532,0.0,2,0.13785036,0.13785256,0.9820888,0.10421043,0.10421043,1.0,2.2049765e-06,2.1158885e-05,-26.490923,2.1606386,0.7202129,0.192,0.0,0.15560722,10.600053,10.620053,1705600
hardzero_plus_depr__c0p50__z1p00__lam0p020__nu0p50__psi0p75,hardzero_plus_depr,0.06,41,533,0.0,2,0.13785256,0.1378548,0.9699788,0.107157156,0.107157156,1.0,2.2335694e-06,2.0843865e-05,-25.604666,2.133996,0.711332,0.19,0.0,0.13746776,10.620053,10.640054,1708800
hardzero_plus_depr__c0p50__z1p00__lam0p020__nu0p50__psi0p75,hardzero_plus_depr,0.06,41,534,0.0,2,0.1378548,0.1378548,1.0011679,0.0,0.099731445,0.0,0.0,2.0533533e-05,-27.605186,2.2026134,0.7342045,0.192,0.0,0.1523799,10.640054,10.660054,1712000
hardzero_plus_depr__c0p50__z1p00__lam0p020__nu0p50__psi0p75,hardzero_plus_depr,0.06,41,535,0.0,2,0.1378548,0.13785693,0.9782198,0.10514294,0.10514294,1.0,2.1268124e-06,2.0227819e-05,-26.34973,2.1521266,0.7173755,0.16000001,0.0,0.13577382,10.660054,10.680055,1715200
hardzero_plus_depr__c0p50__z1p00__lam0p020__nu0p50__psi0p75,hardzero_plus_depr,0.06,41,536,0.0,2,0.13785693,0.13785693,1.0094233,0.0,0.097853586,0.0,0.0,1.9926661e-05,-26.996315,2.2207756,0.7402586,0.16800001,0.0,0.15598902,10.680055,10.700055,1718400
hardzero_plus_depr__c0p50__z1p00__lam0p020__nu0p50__psi0p75,hardzero_plus_depr,0.06,41,537,0.0,2,0.13785693,0.13785915,0.9471041,0.112952515,0.112952515,1.0,2.2172562e-06,1.9629986e-05,-26.580626,2.0836706,0.6945569,0.216,0.0,0.15439858,10.700055,10.720056,1721600
hardzero_plus_depr__c0p50__z1p00__lam0p020__nu0p50__psi0p75,hardzero_plus_depr,0.06,41,538,0.0,2,0.13785915,0.13785915,1.0706791,0.0,0.08498082,0.0,0.0,1.9337725e-05,-27.91081,2.355541,0.78518033,0.14400001,0.0,0.1659249,10.720056,10.740056,1724800
hardzero_plus_depr__c0p50__z1p00__lam0p020__nu0p50__psi0p75,hardzero_plus_depr,0.06,41,539,0.0,2,0.13785915,0.13785915,1.0407386,0.0,0.0910461,0.0,0.0,1.9049818e-05,-27.523716,2.2896707,0.7632236,0.136,0.0,0.15061893,10.740056,10.7600565,1728000
hardzero_plus_depr__c0p50__z1p00__lam0p020__nu0p50__psi0p75,hardzero_plus_depr,0.06,41,540,0.0,2,0.13785915,0.13785915,1.0041839,0.0,0.099041246,0.0,0.0,1.8766197e-05,-26.88297,2.2092488,0.7364163,0.16000001,0.0,0.19106072,10.7600565,10.780057,1731200
hardzero_plus_depr__c0p50__z1p00__lam0p020__nu0p50__psi0p75,hardzero_plus_depr,0.06,41,541,0.0,2,0.13785915,0.137861,0.9992774,0.10016653,0.10016653,1.0,1.8517585e-06,1.8486799e-05,-26.810217,2.1984541,0.73281807,0.15200001,0.0,0.15604761,10.780057,10.800057,1734400
hardzero_plus_depr__c0p50__z1p00__lam0p020__nu0p50__psi0p75,hardzero_plus_depr,0.06,41,542,0.0,2,0.137861,0.137861,1.0316138,0.0,0.09297928,0.0,0.0,1.821156e-05,-27.520803,2.2695959,0.75653195,0.16800001,0.0,0.18409124,10.800057,10.820058,1737600
hardzero_plus_depr__c0p50__z1p00__lam0p020__nu0p50__psi0p75,hardzero_plus_depr,0.06,41,543,0.0,2,0.137861,0.137861,1.0047241,0.0,0.09891811,0.0,0.0,1.794042e-05,-26.67821,2.2104373,0.7368125,0.16000001,0.0,0.14220905,10.820058,10.840058,1740800
hardzero_plus_depr__c0p50__z1p00__lam0p020__nu0p50__psi0p75,hardzero_plus_depr,0.06,41,544,0.0,2,0.137861,0.13786282,0.9865863,0.1031368,0.1031368,1.0,1.822769e-06,1.7673314e-05,-26.187529,2.1705332,0.7235111,0.15200001,0.0,0.16979963,10.840058,10.860059,1744000
hardzero_plus_depr__c0p50__z1p00__lam0p020__nu0p50__psi0p75,hardzero_plus_depr,0.06,41,545,0.0,2,0.13786282,0.13786282,1.0513263,0.0,0.08885333,0.0,0.0,1.7410186e-05,-26.79166,2.312964,0.770988,0.18400002,0.008,0.18142635,10.860059,10.880059,1747200
hardzero_plus_depr__c0p50__z1p00__lam0p020__nu0p50__psi0p75,hardzero_plus_depr,0.06,41,546,0.0,2,0.13786282,0.13786471,0.9571709,0.11036441,0.11036441,1.0,1.8928573e-06,1.7150976e-05,-25.544855,2.105818,0.70193934,0.17999999,0.0,0.13392223,10.880059,10.90006,1750400
hardzero_plus_depr__c0p50__z1p00__lam0p020__nu0p50__psi0p75,hardzero_plus_depr,0.06,41,547,0.0,2,0.13786471,0.13786657,0.95831347,0.11007445,0.11007445,1.0,1.8597768e-06,1.6895627e-05,-26.307669,2.1083317,0.70277727,0.17600001,0.0,0.14461794,10.90006,10.92006,1753600
hardzero_plus_depr__c0p50__z1p00__lam0p020__nu0p50__psi0p75,hardzero_plus_depr,0.06,41,548,0.0,2,0.13786657,0.13786657,1.013221,0.0,0.09700163,0.0,0.0,1.6644077e-05,-26.740404,2.2291307,0.7430436,0.14400001,0.0,0.17338137,10.92006,10.940061,1756800
hardzero_plus_depr__c0p50__z1p00__lam0p020__nu0p50__psi0p75,hardzero_plus_depr,0.06,41,549,0.0,2,0.13786657,0.13786824,0.9928854,0.10165169,0.10165169,1.0,1.6667092e-06,1.6396276e-05,-27.098927,2.1843915,0.7281305,0.192,0.0,0.15794936,10.940061,10.960061,1760000
hardzero_plus_depr__c0p50__z1p00__lam0p020__nu0p50__psi0p75,hardzero_plus_depr,0.06,41,550,0.0,2,0.13786824,0.13786824,1.0965409,0.0,0.08006802,0.0,0.0,1.6152158e-05,-28.711046,2.4124382,0.80414605,0.18400002,0.0,0.1804979,10.960061,10.980062,1763200
hardzero_plus_depr__c0p50__z1p00__lam0p020__nu0p50__psi0p75,hardzero_plus_depr,0.06,41,551,0.0,2,0.13786824,0.13786824,1.0759615,0.0,0.08395345,0.0,0.0,1.591168e-05,-28.356094,2.3671625,0.78905416,0.128,0.0,0.1722597,10.980062,11.000062,1766400
hardzero_plus_depr__c0p50__z1p00__lam0p020__nu0p50__psi0p75,hardzero_plus_depr,0.06,41,552,0.0,2,0.13786824,0.13786824,1.0087837,0.0,0.09799778,0.0,0.0,1.5674781e-05,-26.814056,2.2193685,0.7397895,0.15200001,0.0,0.15611854,11.000062,11.020062,1769600
hardzero_plus_depr__c0p50__z1p00__lam0p020__nu0p50__psi0p75,hardzero_plus_depr,0.06,41,553,0.0,2,0.13786824,0.13786998,0.9459521,0.11325253,0.11325253,1.0,1.7487786e-06,1.5441408e-05,-25.744675,2.0811362,0.6937121,0.17600001,0.0,0.15774998,11.020062,11.040063,1772800
hardzero_plus_depr__c0p50__z1p00__lam0p020__nu0p50__psi0p75,hardzero_plus_depr,0.06,41,554,0.0,2,0.13786998,0.13787164,0.96277905,0.10894842,0.10894842,1.0,1.6572699e-06,1.5211509e-05,-26.52879,2.1181562,0.70605206,0.17600001,0.0,0.15381014,11.040063,11.060063,1776000
hardzero_plus_depr__c0p50__z1p00__lam0p020__nu0p50__psi0p75,hardzero_plus_depr,0.06,41,555,0.0,2,0.13787164,0.13787164,1.0016428,0.0,0.099622436,0.0,0.0,1.4985035e-05,-27.247028,2.2036583,0.7345528,0.136,0.0,0.12726851,11.060063,11.080064,1779200
hardzero_plus_depr__c0p50__z1p00__lam0p020__nu0p50__psi0p75,hardzero_plus_depr,0.06,41,556,0.0,2,0.13787164,0.13787164,1.0307164,0.0,0.09317161,0.0,0.0,1.4761933e-05,-27.244009,2.2676213,0.7558738,0.16000001,0.0,0.14466125,11.080064,11.100064,1782400
hardzero_plus_depr__c0p50__z1p00__lam0p020__nu0p50__psi0p75,hardzero_plus_depr,0.06,41,557,0.0,2,0.13787164,0.13787164,1.0016218,0.0,0.09962726,0.0,0.0,1.454215e-05,-27.152233,2.203612,0.73453736,0.15200001,0.0,0.14734302,11.100064,11.120065,1785600
hardzero_plus_depr__c0p50__z1p00__lam0p020__nu0p50__psi0p75,hardzero_plus_depr,0.06,41,558,0.0,2,0.13787164,0.13787314,0.98009145,0.10469081,0.10469081,1.0,1.499763e-06,1.4325641e-05,-26.287846,2.1562443,0.7187481,0.16800001,0.0,0.14456439,11.120065,11.140065,1788800
hardzero_plus_depr__c0p50__z1p00__lam0p020__nu0p50__psi0p75,hardzero_plus_depr,0.06,41,559,0.0,2,0.13787314,0.13787314,1.011075,0.0,0.09748211,0.0,0.0,1.41123555e-05,-27.453983,2.2244093,0.7414698,0.13,0.0,0.14806275,11.140065,11.160066,1792000
hardzero_plus_depr__c0p50__z1p00__lam0p020__nu0p50__psi0p75,hardzero_plus_depr,0.06,41,560,0.0,2,0.13787314,0.13787454,0.995822,0.100966655,0.100966655,1.0,1.4036631e-06,1.3902244e-05,-26.821407,2.1908522,0.7302841,0.120000005,0.0,0.13313438,11.160066,11.180066,1795200
hardzero_plus_depr__c0p50__z1p00__lam0p020__nu0p50__psi0p75,hardzero_plus_depr,0.06,41,561,0.0,2,0.13787454,0.13787454,1.0456368,0.0,0.09002502,0.0,0.0,1.3695263e-05,-27.119537,2.3004467,0.7668156,0.104,0.0,0.15390928,11.180066,11.200067,1798400
hardzero_plus_depr__c0p50__z1p00__lam0p020__nu0p50__psi0p75,hardzero_plus_depr,0.06,41,562,0.0,2,0.13787454,0.13787599,0.9701538,0.107113995,0.107113995,1.0,1.4451136e-06,1.3491362e-05,-26.322678,2.134381,0.71146035,0.128,0.0,0.15162164,11.200067,11.220067,1801600
hardzero_plus_depr__c0p50__z1p00__lam0p020__nu0p50__psi0p75,hardzero_plus_depr,0.06,41,563,0.0,2,0.13787599,0.13787599,1.0690438,0.0,0.08530141,0.0,0.0,1.3290498e-05,-27.275457,2.3519433,0.7839811,0.14400001,0.0,0.16202411,11.220067,11.2400675,1804800
hardzero_plus_depr__c0p50__z1p00__lam0p020__nu0p50__psi0p75,hardzero_plus_depr,0.06,41,564,0.0,2,0.13787599,0.13787739,0.9706583,0.10698964,0.10698964,1.0,1.4007751e-06,1.3092624e-05,-26.636848,2.135491,0.7118303,0.17600001,0.0,0.17119004,11.2400675,11.260068,1808000
hardzero_plus_depr__c0p50__z1p00__lam0p020__nu0p50__psi0p75,hardzero_plus_depr,0.06,41,565,0.0,2,0.13787739,0.13787872,0.9893687,0.10247817,0.10247817,1.0,1.3217322e-06,1.2897694e-05,-26.55887,2.1766546,0.72555155,0.17600001,0.0,0.16538213,11.260068,11.280068,1811200
hardzero_plus_depr__c0p50__z1p00__lam0p020__nu0p50__psi0p75,hardzero_plus_depr,0.06,41,566,0.0,2,0.13787872,0.13787872,1.0154502,0.0,0.096504994,0.0,0.0,1.2705669e-05,-27.20688,2.2340353,0.74467844,0.128,0.0,0.15961358,11.280068,11.300069,1814400
hardzero_plus_depr__c0p50__z1p00__lam0p020__nu0p50__psi0p75,hardzero_plus_depr,0.06,41,567,0.0,2,0.13787872,0.13787872,1.085507,0.0,0.082128316,0.0,0.0,1.2516502e-05,-28.98529,2.388163,0.79605436,0.120000005,0.0,0.17425403,11.300069,11.320069,1817600
hardzero_plus_depr__c0p50__z1p00__lam0p020__nu0p50__psi0p75,hardzero_plus_depr,0.06,41,568,0.0,2,0.13787872,0.13787872,1.0242963,0.0,0.094559185,0.0,0.0,1.2330152e-05,-28.557884,2.253497,0.7511656,0.192,0.0,0.15758385,11.320069,11.34007,1820800
hardzero_plus_depr__c0p50__z1p00__lam0p020__nu0p50__psi0p75,hardzero_plus_depr,0.06,41,569,0.0,2,0.13787872,0.13787872,1.0465124,0.0,0.08984371,0.0,0.0,1.21465755e-05,-27.695093,2.3023732,0.7674577,0.208,0.0,0.16083108,11.34007,11.36007,1824000
hardzero_plus_depr__c0p50__z1p00__lam0p020__nu0p50__psi0p75,hardzero_plus_depr,0.06,41,570,0.0,2,0.13787872,0.13787872,1.0388603,0.0,0.09144072,0.0,0.0,1.1965732e-05,-26.823048,2.2855384,0.7618462,0.136,0.0,0.14303383,11.36007,11.380071,1827200
hardzero_plus_depr__c0p50__z1p00__lam0p020__nu0p50__psi0p75,hardzero_plus_depr,0.06,41,571,0.0,2,0.13787872,0.13787872,1.0185673,0.0,0.095814824,0.0,0.0,1.1787581e-05,-27.230955,2.240893,0.74696434,0.16800001,0.0,0.14571926,11.380071,11.400071,1830400
hardzero_plus_depr__c0p50__z1p00__lam0p020__nu0p50__psi0p75,hardzero_plus_depr,0.06,41,572,0.0,2,0.13787872,0.13787872,1.0025202,0.0,0.09942139,0.0,0.0,1.1612084e-05,-27.314453,2.2055886,0.73519623,0.17,0.0,0.14372502,11.400071,11.420072,1833600
hardzero_plus_depr__c0p50__z1p00__lam0p020__nu0p50__psi0p75,hardzero_plus_depr,0.06,41,573,0.0,2,0.13787872,0.13787872,1.0180067,0.0,0.095938586,0.0,0.0,1.1439198e-05,-27.264881,2.2396593,0.7465531,0.15200001,0.0,0.1583457,11.420072,11.440072,1836800
hardzero_plus_depr__c0p50__z1p00__lam0p020__nu0p50__psi0p75,hardzero_plus_depr,0.06,41,574,0.0,2,0.13787872,0.13787872,1.037728,0.0,0.091679454,0.0,0.0,1.1268887e-05,-27.155048,2.283047,0.76101565,0.15200001,0.0,0.16827324,11.440072,11.4600725,1840000
hardzero_plus_depr__c0p50__z1p00__lam0p020__nu0p50__psi0p75,hardzero_plus_depr,0.06,41,575,0.0,2,0.13787872,0.13787872,1.0148327,0.0,0.09664229,0.0,0.0,1.110111e-05,-26.841738,2.2326765,0.7442255,0.16000001,0.0,0.16191389,11.4600725,11.480073,1843200
hardzero_plus_depr__c0p50__z1p00__lam0p020__nu0p50__psi0p75,hardzero_plus_depr,0.06,41,576,0.0,2,0.13787872,0.13787872,1.016614,0.0,0.09624675,0.0,0.0,1.0935833e-05,-26.911163,2.2365954,0.7455318,0.136,0.0,0.14766902,11.480073,11.500073,1846400
hardzero_plus_depr__c0p50__z1p00__lam0p020__nu0p50__psi0p75,hardzero_plus_depr,0.06,41,577,0.0,2,0.13787872,0.13787872,1.0223006,0.0,0.09499472,0.0,0.0,1.0773017e-05,-27.962233,2.2491062,0.7497021,0.192,0.0,0.15542221,11.500073,11.520074,1849600
hardzero_plus_depr__c0p50__z1p00__lam0p020__nu0p50__psi0p75,hardzero_plus_depr,0.06,41,578,0.0,2,0.13787872,0.13787995,0.93481237,0.11619504,0.11619504,1.0,1.2331342e-06,1.0612624e-05,-25.377577,2.0566282,0.68554276,0.192,0.0,0.12863635,11.520074,11.540074,1852800
hardzero_plus_depr__c0p50__z1p00__lam0p020__nu0p50__psi0p75,hardzero_plus_depr,0.06,41,579,0.0,2,0.13787995,0.13788104,0.9843763,0.10366299,0.10366299,1.0,1.0837571e-06,1.0454619e-05,-27.422718,2.165671,0.7218904,0.14400001,0.0,0.13168417,11.540074,11.560075,1856000
hardzero_plus_depr__c0p50__z1p00__lam0p020__nu0p50__psi0p75,hardzero_plus_depr,0.06,41,580,0.0,2,0.13788104,0.13788104,1.0200973,0.0,0.09547788,0.0,0.0,1.0298965e-05,-26.825037,2.2442589,0.74808633,0.14400001,0.0,0.1660431,11.560075,11.580075,1859200
hardzero_plus_depr__c0p50__z1p00__lam0p020__nu0p50__psi0p75,hardzero_plus_depr,0.06,41,581,0.0,2,0.13788104,0.13788104,1.0164837,0.0,0.09627562,0.0,0.0,1.0145631e-05,-27.006393,2.2363088,0.7454363,0.08800001,0.0,0.14185046,11.580075,11.600076,1862400
hardzero_plus_depr__c0p50__z1p00__lam0p020__nu0p50__psi0p75,hardzero_plus_depr,0.06,41,582,0.0,2,0.13788104,0.13788104,1.0319691,0.0,0.09290325,0.0,0.0,9.994578e-06,-27.39777,2.2703772,0.7567924,0.136,0.0,0.1577093,11.600076,11.620076,1865600
hardzero_plus_depr__c0p50__z1p00__lam0p020__nu0p50__psi0p75,hardzero_plus_depr,0.06,41,583,0.0,2,0.13788104,0.13788208,0.97753775,0.10530822,0.10530822,1.0,1.036841e-06,9.845775e-06,-26.627485,2.150626,0.7168753,0.224,0.0,0.16097464,11.620076,11.640077,1868800
hardzero_plus_depr__c0p50__z1p00__lam0p020__nu0p50__psi0p75,hardzero_plus_depr,0.06,41,584,0.0,2,0.13788208,0.13788307,0.994285,0.101324625,0.101324625,1.0,9.827666e-07,9.699187e-06,-25.996447,2.1874707,0.7291569,0.16800001,0.0,0.18279073,11.640077,11.660077,1872000
hardzero_plus_depr__c0p50__z1p00__lam0p020__nu0p50__psi0p75,hardzero_plus_depr,0.06,41,585,0.0,2,0.13788307,0.1378841,0.9691927,0.107351296,0.107351296,1.0,1.0257182e-06,9.554782e-06,-25.927513,2.1322665,0.7107555,0.19,0.0,0.14081627,11.660077,11.680078,1875200
hardzero_plus_depr__c0p50__z1p00__lam0p020__nu0p50__psi0p75,hardzero_plus_depr,0.06,41,586,0.0,2,0.1378841,0.13788503,0.9985279,0.10033953,0.10033953,1.0,9.4444846e-07,9.412526e-06,-26.975323,2.1968052,0.73226845,0.18400002,0.0,0.16279203,11.680078,11.700078,1878400
hardzero_plus_depr__c0p50__z1p00__lam0p020__nu0p50__psi0p75,hardzero_plus_depr,0.06,41,587,0.0,2,0.13788503,0.13788599,0.98994446,0.10234238,0.10234238,1.0,9.489584e-07,9.272389e-06,-26.406366,2.1779213,0.7259738,0.136,0.0,0.14755781,11.700078,11.720078,1881600
hardzero_plus_depr__c0p50__z1p00__lam0p020__nu0p50__psi0p75,hardzero_plus_depr,0.06,41,588,0.0,2,0.13788599,0.13788599,1.0550387,0.0,0.08809704,0.0,0.0,9.134338e-06,-27.479395,2.3211315,0.7737105,0.14400001,0.0,0.15769282,11.720078,11.740079,1884800
hardzero_plus_depr__c0p50__z1p00__lam0p020__nu0p50__psi0p75,hardzero_plus_depr,0.06,41,589,0.0,2,0.13788599,0.13788694,0.9773602,0.10535126,0.10535126,1.0,9.4798673e-07,8.998342e-06,-25.945217,2.1502354,0.71674514,0.15200001,0.008,0.12340461,11.740079,11.760079,1888000
hardzero_plus_depr__c0p50__z1p00__lam0p020__nu0p50__psi0p75,hardzero_plus_depr,0.06,41,590,0.0,2,0.13788694,0.13788694,1.0307207,0.0,0.09317068,0.0,0.0,8.864371e-06,-27.560318,2.2676308,0.75587696,0.14400001,0.0,0.16943704,11.760079,11.78008,1891200
hardzero_plus_depr__c0p50__z1p00__lam0p020__nu0p50__psi0p75,hardzero_plus_depr,0.06,41,591,0.0,2,0.13788694,0.13788694,1.0428892,0.0,0.09059637,0.0,0.0,8.732395e-06,-27.632479,2.2944021,0.7648007,0.224,0.0,0.168944,11.78008,11.80008,1894400
hardzero_plus_depr__c0p50__z1p00__lam0p020__nu0p50__psi0p75,hardzero_plus_depr,0.06,41,592,0.0,2,0.13788694,0.13788784,0.9859985,0.1032765,0.1032765,1.0,8.884241e-07,8.602384e-06,-26.796844,2.16924,0.72308004,0.16800001,0.0,0.18146639,11.80008,11.820081,1897600
hardzero_plus_depr__c0p50__z1p00__lam0p020__nu0p50__psi0p75,hardzero_plus_depr,0.06,41,593,0.0,2,0.13788784,0.1378887,0.9918768,0.10188804,0.10188804,1.0,8.634306e-07,8.474308e-06,-27.346514,2.1821725,0.7273909,0.16800001,0.0,0.15287647,11.820081,11.840081,1900800
hardzero_plus_depr__c0p50__z1p00__lam0p020__nu0p50__psi0p75,hardzero_plus_depr,0.06,41,594,0.0,2,0.1378887,0.1378887,1.0358394,0.0,0.09207899,0.0,0.0,8.34814e-06,-27.023678,2.2788923,0.7596308,0.16000001,0.0,0.18338577,11.840081,11.860082,1904000
hardzero_plus_depr__c0p50__z1p00__lam0p020__nu0p50__psi0p75,hardzero_plus_depr,0.06,41,595,0.0,2,0.1378887,0.13788958,0.97434366,0.10608556,0.10608556,1.0,8.7243166e-07,8.223849e-06,-25.992632,2.1435988,0.714533,0.16800001,0.0,0.12423175,11.860082,11.880082,1907200
hardzero_plus_depr__c0p50__z1p00__lam0p020__nu0p50__psi0p75,hardzero_plus_depr,0.06,41,596,0.0,2,0.13788958,0.13788958,1.0080197,0.0,0.09817034,0.0,0.0,8.101409e-06,-27.407726,2.2176876,0.7392292,0.16800001,0.0,0.14808111,11.880082,11.900083,1910400
hardzero_plus_depr__c0p50__z1p00__lam0p020__nu0p50__psi0p75,hardzero_plus_depr,0.06,41,597,0.0,2,0.13788958,0.13789038,0.9997413,0.10005957,0.10005957,1.0,7.9855465e-07,7.980792e-06,-26.804365,2.1994748,0.7331583,0.104,0.0,0.13774261,11.900083,11.920083,1913600
hardzero_plus_depr__c0p50__z1p00__lam0p020__nu0p50__psi0p75,hardzero_plus_depr,0.06,41,598,0.0,2,0.13789038,0.13789128,0.9416471,0.114380725,0.114380725,1.0,8.992579e-07,7.8619705e-06,-26.413254,2.071665,0.69055504,0.17999999,0.0,0.13928472,11.920083,11.9400835,1916800
hardzero_plus_depr__c0p50__z1p00__lam0p020__nu0p50__psi0p75,hardzero_plus_depr,0.06,41,599,0.0,2,0.13789128,0.13789128,1.0358714,0.0,0.09207221,0.0,0.0,7.744919e-06,-27.244207,2.2789626,0.7596542,0.096,0.0,0.14607711,11.9400835,11.960084,1920000
hardzero_plus_depr__c0p50__z1p00__lam0p020__nu0p50__psi0p75,hardzero_plus_depr,0.06,41,600,0.0,2,0.13789128,0.13789128,1.0275738,0.0,0.09384824,0.0,0.0,7.629609e-06,-27.512781,2.2607076,0.75356925,0.104,0.0,0.18047376,11.960084,11.980084,1923200
hardzero_plus_depr__c0p50__z1p00__lam0p020__nu0p50__psi0p75,hardzero_plus_depr,0.06,41,601,0.0,2,0.13789128,0.13789205,0.99002165,0.10232419,0.10232419,1.0,7.6907025e-07,7.5160165e-06,-26.04828,2.178091,0.72603035,0.208,0.0,0.14231463,11.980084,12.000085,1926400
hardzero_plus_depr__c0p50__z1p00__lam0p020__nu0p50__psi0p75,hardzero_plus_depr,0.06,41,602,0.0,2,0.13789205,0.13789284,0.97250783,0.10653495,0.10653495,1.0,7.8879697e-07,7.4041145e-06,-25.970657,2.13956,0.7131867,0.15200001,0.0,0.13929076,12.000085,12.020085,1929600
hardzero_plus_depr__c0p50__z1p00__lam0p020__nu0p50__psi0p75,hardzero_plus_depr,0.06,41,603,0.0,2,0.13789284,0.13789284,1.0300667,0.0,0.09331109,0.0,0.0,7.2938797e-06,-27.951248,2.266192,0.7553973,0.15200001,0.0,0.1856546,12.020085,12.040086,1932800
hardzero_plus_depr__c0p50__z1p00__lam0p020__nu0p50__psi0p75,hardzero_plus_depr,0.06,41,604,0.0,2,0.13789284,0.13789284,1.0550381,0.0,0.088097155,0.0,0.0,7.1852855e-06,-27.79861,2.3211303,0.77371013,0.16800001,0.0,0.18099004,12.040086,12.060086,1936000
hardzero_plus_depr__c0p50__z1p00__lam0p020__nu0p50__psi0p75,hardzero_plus_depr,0.06,41,605,0.0,2,0.13789284,0.13789357,0.9850935,0.103491925,0.103491925,1.0,7.3254773e-07,7.078308e-06,-27.448336,2.167249,0.72241634,0.2,0.0,0.15475726,12.060086,12.080087,1939200
hardzero_plus_depr__c0p50__z1p00__lam0p020__nu0p50__psi0p75,hardzero_plus_depr,0.06,41,606,0.0,2,0.13789357,0.13789444,0.9104771,0.12289179,0.12289179,1.0,8.56915e-07,6.972923e-06,-25.274633,2.0030897,0.6676966,0.208,0.0,0.16419773,12.080087,12.100087,1942400
hardzero_plus_depr__c0p50__z1p00__lam0p020__nu0p50__psi0p75,hardzero_plus_depr,0.06,41,607,0.0,2,0.13789444,0.13789444,1.0260574,0.0,0.09417652,0.0,0.0,6.869108e-06,-26.964924,2.2573712,0.7524571,0.2,0.0,0.15042683,12.100087,12.120088,1945600
hardzero_plus_depr__c0p50__z1p00__lam0p020__nu0p50__psi0p75,hardzero_plus_depr,0.06,41,608,0.0,2,0.13789444,0.13789444,1.0031264,0.0,0.0992827,0.0,0.0,6.766838e-06,-27.061037,2.206922,0.7356407,0.16800001,0.0,0.1591403,12.120088,12.140088,1948800
hardzero_plus_depr__c0p50__z1p00__lam0p020__nu0p50__psi0p75,hardzero_plus_depr,0.06,41,609,0.0,2,0.13789444,0.13789444,1.0594426,0.0,0.0872082,0.0,0.0,6.666091e-06,-27.706137,2.3308203,0.7769401,0.17600001,0.0,0.16434714,12.140088,12.160089,1952000
hardzero_plus_depr__c0p50__z1p00__lam0p020__nu0p50__psi0p75,hardzero_plus_depr,0.06,41,610,0.0,2,0.13789444,0.13789515,0.96018314,0.10960159,0.10960159,1.0,7.1973636e-07,6.5668423e-06,-25.575,2.112445,0.7041484,0.18400002,0.0,0.14454748,12.160089,12.180089,1955200
hardzero_plus_depr__c0p50__z1p00__lam0p020__nu0p50__psi0p75,hardzero_plus_depr,0.06,41,611,0.0,2,0.13789515,0.13789584,0.97043985,0.107043445,0.107043445,1.0,6.924719e-07,6.469073e-06,-26.81409,2.1350102,0.7116701,0.13,0.0,0.1421133,12.180089,12.200089,1958400
hardzero_plus_depr__c0p50__z1p00__lam0p020__nu0p50__psi0p75,hardzero_plus_depr,0.06,41,612,0.0,2,0.13789584,0.13789584,1.0293602,0.0,0.09346302,0.0,0.0,6.372759e-06,-27.119633,2.2646377,0.75487924,0.16800001,0.0,0.18227364,12.200089,12.22009,1961600
hardzero_plus_depr__c0p50__z1p00__lam0p020__nu0p50__psi0p75,hardzero_plus_depr,0.06,41,613,0.0,2,0.13789584,0.13789584,1.0020515,0.0,0.09952873,0.0,0.0,6.277879e-06,-27.50544,2.2045572,0.73485243,0.17600001,0.0,0.17193662,12.22009,12.24009,1964800
hardzero_plus_depr__c0p50__z1p00__lam0p020__nu0p50__psi0p75,hardzero_plus_depr,0.06,41,614,0.0,2,0.13789584,0.13789651,0.9605315,0.10951372,0.10951372,1.0,6.772779e-07,6.184411e-06,-26.187304,2.1132114,0.7044038,0.17600001,0.0,0.132152,12.24009,12.260091,1968000
hardzero_plus_depr__c0p50__z1p00__lam0p020__nu0p50__psi0p75,hardzero_plus_depr,0.06,41,615,0.0,2,0.13789651,0.13789651,1.0146786,0.0,0.0966766,0.0,0.0,6.0923353e-06,-26.230362,2.2323375,0.7441125,0.128,0.0,0.14753558,12.260091,12.280091,1971200
hardzero_plus_depr__c0p50__z1p00__lam0p020__nu0p50__psi0p75,hardzero_plus_depr,0.06,41,616,0.0,2,0.13789651,0.13789651,1.0564742,0.0,0.08780632,0.0,0.0,6.0016305e-06,-28.206024,2.3242896,0.7747632,0.128,0.0,0.16790971,12.280091,12.300092,1974400
hardzero_plus_depr__c0p50__z1p00__lam0p020__nu0p50__psi0p75,hardzero_plus_depr,0.06,41,617,0.0,2,0.13789651,0.13789651,1.0207331,0.0,0.09533819,0.0,0.0,5.9122754e-06,-27.067,2.2456577,0.74855256,0.15200001,0.0,0.15983114,12.300092,12.320092,1977600
hardzero_plus_depr__c0p50__z1p00__lam0p020__nu0p50__psi0p75,hardzero_plus_depr,0.06,41,618,0.0,2,0.13789651,0.13789712,0.98456067,0.10361898,0.10361898,1.0,6.03503e-07,5.8242513e-06,-25.499376,2.1660767,0.7220256,0.15200001,0.0,0.13342924,12.320092,12.340093,1980800
hardzero_plus_depr__c0p50__z1p00__lam0p020__nu0p50__psi0p75,hardzero_plus_depr,0.06,41,619,0.0,2,0.13789712,0.13789777,0.9456557,0.11332983,0.11332983,1.0,6.5023414e-07,5.7375373e-06,-25.930815,2.0804842,0.69349474,0.16000001,0.0,0.1307188,12.340093,12.360093,1984000
hardzero_plus_depr__c0p50__z1p00__lam0p020__nu0p50__psi0p75,hardzero_plus_depr,0.06,41,620,0.0,2,0.13789777,0.13789834,0.9981534,0.1004261,0.1004261,1.0,5.676198e-07,5.6521144e-06,-26.198698,2.1959813,0.7319938,0.14400001,0.0,0.13215522,12.360093,12.380094,1987200
hardzero_plus_depr__c0p50__z1p00__lam0p020__nu0p50__psi0p75,hardzero_plus_depr,0.06,41,621,0.0,2,0.13789834,0.13789834,1.0476135,0.0,0.089616194,0.0,0.0,5.567964e-06,-27.428282,2.3047957,0.76826525,0.14400001,0.0,0.15479726,12.380094,12.400094,1990400
hardzero_plus_depr__c0p50__z1p00__lam0p020__nu0p50__psi0p75,hardzero_plus_depr,0.06,41,622,0.0,2,0.13789834,0.13789834,1.029304,0.0,0.0934751,0.0,0.0,5.4850657e-06,-27.229872,2.2645142,0.7548381,0.14400001,0.0,0.15589161,12.400094,12.4200945,1993600
hardzero_plus_depr__c0p50__z1p00__lam0p020__nu0p50__psi0p75,hardzero_plus_depr,0.06,41,623,0.0,2,0.13789834,0.13789834,1.0148777,0.0,0.09663229,0.0,0.0,5.403402e-06,-27.082981,2.2327754,0.7442585,0.14400001,0.0,0.1473751,12.4200945,12.440095,1996800
hardzero_plus_depr__c0p50__z1p00__lam0p020__nu0p50__psi0p75,hardzero_plus_depr,0.06,41,624,0.0,2,0.13789834,0.13789834,1.0520717,0.0,0.08870095,0.0,0.0,5.322954e-06,-27.431181,2.3146038,0.7715346,0.099999994,0.0,0.15049402,12.440095,12.460095,2000000
hardzero_plus_depr__c0p50__z1p00__lam0p020__nu0p50__psi0p75,hardzero_plus_depr,0.06,41,625,0.0,2,0.13789834,0.13789834,1.0302169,0.0,0.093278825,0.0,0.0,5.2437035e-06,-27.513245,2.2665224,0.75550747,0.16000001,0.008,0.13893977,12.460095,12.480096,2003200
hardzero_plus_depr__c0p50__z1p00__lam0p020__nu0p50__psi0p75,hardzero_plus_depr,0.06,41,626,0.0,2,0.13789834,0.13789834,1.0453974,0.0,0.090074666,0.0,0.0,5.1656334e-06,-27.482336,2.2999203,0.7666401,0.16000001,0.0,0.17633319,12.480096,12.500096,2006400
hardzero_plus_depr__c0p50__z1p00__lam0p020__nu0p50__psi0p75,hardzero_plus_depr,0.06,41,627,0.0,2,0.13789834,0.13789834,1.0113448,0.0,0.09742159,0.0,0.0,5.0887247e-06,-26.826834,2.225003,0.7416677,0.112,0.0,0.13941431,12.500096,12.520097,2009600
hardzero_plus_depr__c0p50__z1p00__lam0p020__nu0p50__psi0p75,hardzero_plus_depr,0.06,41,628,0.0,2,0.13789834,0.13789834,1.0405151,0.0,0.09109299,0.0,0.0,5.0129624e-06,-28.219751,2.2891788,0.7630596,0.136,0.0,0.15743673,12.520097,12.540097,2012800
hardzero_plus_depr__c0p50__z1p00__lam0p020__nu0p50__psi0p75,hardzero_plus_depr,0.06,41,629,0.0,2,0.13789834,0.13789834,1.0015728,0.0,0.0996385,0.0,0.0,4.9383275e-06,-27.351202,2.2035043,0.7345015,0.17600001,0.0,0.13307358,12.540097,12.560098,2016000
hardzero_plus_depr__c0p50__z1p00__lam0p020__nu0p50__psi0p75,hardzero_plus_depr,0.06,41,630,0.0,2,0.13789834,0.13789834,1.0220627,0.0,0.09504677,0.0,0.0,4.864803e-06,-27.458027,2.2485828,0.74952763,0.096,0.0,0.15297835,12.560098,12.580098,2019200
hardzero_plus_depr__c0p50__z1p00__lam0p020__nu0p50__psi0p75,hardzero_plus_depr,0.06,41,631,0.0,2,0.13789834,0.13789834,1.054627,0.0,0.0881806,0.0,0.0,4.7923745e-06,-27.93363,2.3202255,0.77340853,0.14400001,0.0,0.1488703,12.580098,12.600099,2022400
hardzero_plus_depr__c0p50__z1p00__lam0p020__nu0p50__psi0p75,hardzero_plus_depr,0.06,41,632,0.0,2,0.13789834,0.13789834,1.0037149,0.0,0.09914825,0.0,0.0,4.7210237e-06,-26.896736,2.208217,0.7360723,0.18400002,0.0,0.1479838,12.600099,12.620099,2025600
hardzero_plus_depr__c0p50__z1p00__lam0p020__nu0p50__psi0p75,hardzero_plus_depr,0.06,41,633,0.0,2,0.13789834,0.1378988,0.9994221,0.10013315,0.10013315,1.0,4.6569278e-07,4.6507353e-06,-25.740337,2.1987724,0.73292416,0.15200001,0.0,0.15502447,12.620099,12.6401,2028800
hardzero_plus_depr__c0p50__z1p00__lam0p020__nu0p50__psi0p75,hardzero_plus_depr,0.06,41,634,0.0,2,0.1378988,0.13789928,0.9831185,0.103963636,0.103963636,1.0,4.7630863e-07,4.5814927e-06,-26.56469,2.1629038,0.72096795,0.16800001,0.0,0.15157776,12.6401,12.6601,2032000
hardzero_plus_depr__c0p50__z1p00__lam0p020__nu0p50__psi0p75,hardzero_plus_depr,0.06,41,635,0.0,2,0.13789928,0.13789928,1.0478154,0.0,0.08957454,0.0,0.0,4.513282e-06,-27.707525,2.30524,0.7684133,0.136,0.0,0.16050181,12.6601,12.6801,2035200
hardzero_plus_depr__c0p50__z1p00__lam0p020__nu0p50__psi0p75,hardzero_plus_depr,0.06,41,636,0.0,2,0.13789928,0.13789928,1.006861,0.0,0.09843263,0.0,0.0,4.4460867e-06,-26.310411,2.2151384,0.7383795,0.120000005,0.0,0.13341223,12.6801,12.700101,2038400
hardzero_plus_depr__c0p50__z1p00__lam0p020__nu0p50__psi0p75,hardzero_plus_depr,0.06,41,637,0.0,2,0.13789928,0.13789928,1.010882,0.0,0.09752545,0.0,0.0,4.3798914e-06,-27.26946,2.223985,0.74132836,0.14999999,0.0,0.1261914,12.700101,12.720101,2041600
hardzero_plus_depr__c0p50__z1p00__lam0p020__nu0p50__psi0p75,hardzero_plus_depr,0.06,41,638,0.0,2,0.13789928,0.13789928,1.0043818,0.0,0.09899613,0.0,0.0,4.314682e-06,-26.95779,2.2096841,0.7365614,0.15200001,0.0,0.16648525,12.720101,12.740102,2044800
hardzero_plus_depr__c0p50__z1p00__lam0p020__nu0p50__psi0p75,hardzero_plus_depr,0.06,41,639,0.0,2,0.13789928,0.13789974,0.97045857,0.107038856,0.107038856,1.0,4.5496256e-07,4.250443e-06,-27.254023,2.1350515,0.71168387,0.224,0.0,0.15728152,12.740102,12.760102,2048000
hardzero_plus_depr__c0p50__z1p00__lam0p020__nu0p50__psi0p75,hardzero_plus_depr,0.06,41,640,0.0,2,0.13789974,0.13790019,0.97201705,0.10665542,0.10665542,1.0,4.4658339e-07,4.187161e-06,-26.912754,2.1384802,0.7128267,0.16800001,0.0,0.1394321,12.760102,12.780103,2051200
hardzero_plus_depr__c0p50__z1p00__lam0p020__nu0p50__psi0p75,hardzero_plus_depr,0.06,41,641,0.0,2,0.13790019,0.13790019,1.0526618,0.0,0.08858052,0.0,0.0,4.1248204e-06,-27.448103,2.3159022,0.7719674,0.14400001,0.0,0.17307879,12.780103,12.800103,2054400
hardzero_plus_depr__c0p50__z1p00__lam0p020__nu0p50__psi0p75,hardzero_plus_depr,0.06,41,642,0.0,2,0.13790019,0.13790019,1.0309759,0.0,0.09311593,0.0,0.0,4.0634086e-06,-26.539415,2.2681923,0.7560641,0.14400001,0.0,0.1649793,12.800103,12.820104,2057600
hardzero_plus_depr__c0p50__z1p00__lam0p020__nu0p50__psi0p75,hardzero_plus_depr,0.06,41,643,0.0,2,0.13790019,0.13790019,1.0513922,0.0,0.08883984,0.0,0.0,4.0029113e-06,-27.35108,2.313109,0.7710363,0.096,0.0,0.175129,12.820104,12.840104,2060800
hardzero_plus_depr__c0p50__z1p00__lam0p020__nu0p50__psi0p75,hardzero_plus_depr,0.06,41,644,0.0,2,0.13790019,0.13790019,1.0190668,0.0,0.09570469,0.0,0.0,3.943314e-06,-27.745699,2.2419918,0.7473306,0.216,0.0,0.1806808,12.840104,12.860105,2064000
hardzero_plus_depr__c0p50__z1p00__lam0p020__nu0p50__psi0p75,hardzero_plus_depr,0.06,41,645,0.0,2,0.13790019,0.13790019,1.000936,0.0,0.0997847,0.0,0.0,3.8846047e-06,-27.040684,2.2021031,0.7340344,0.17600001,0.0,0.1379537,12.860105,12.880105,2067200
hardzero_plus_depr__c0p50__z1p00__lam0p020__nu0p50__psi0p75,hardzero_plus_depr,0.06,41,646,0.0,2,0.13790019,0.13790058,0.99614406,0.10089182,0.10089182,1.0,3.8608968e-07,3.826769e-06,-26.201849,2.1915607,0.73052025,0.16800001,0.0,0.13432999,12.880105,12.900105,2070400
hardzero_plus_depr__c0p50__z1p00__lam0p020__nu0p50__psi0p75,hardzero_plus_depr,0.06,41,647,0.0,2,0.13790058,0.13790058,1.0029657,0.0,0.09931944,0.0,0.0,3.7697944e-06,-27.248014,2.2065685,0.73552287,0.208,0.0,0.15150537,12.900105,12.920106,2073600
hardzero_plus_depr__c0p50__z1p00__lam0p020__nu0p50__psi0p75,hardzero_plus_depr,0.06,41,648,0.0,2,0.13790058,0.13790058,1.0812577,0.0,0.08293585,0.0,0.0,3.713668e-06,-28.637276,2.3788145,0.7929382,0.120000005,0.0,0.1757024,12.920106,12.940106,2076800
hardzero_plus_depr__c0p50__z1p00__lam0p020__nu0p50__psi0p75,hardzero_plus_depr,0.06,41,649,0.0,2,0.13790058,0.13790058,1.0161076,0.0,0.09635902,0.0,0.0,3.6583779e-06,-27.370708,2.2354813,0.74516046,0.16000001,0.008,0.16550003,12.940106,12.960107,2080000
hardzero_plus_depr__c0p50__z1p00__lam0p020__nu0p50__psi0p75,hardzero_plus_depr,0.06,41,650,0.0,2,0.13790058,0.13790058,1.0488491,0.0,0.089361586,0.0,0.0,3.60391e-06,-28.23206,2.3075142,0.7691714,0.14,0.0,0.16868825,12.960107,12.980107,2083200
hardzero_plus_depr__c0p50__z1p00__lam0p020__nu0p50__psi0p75,hardzero_plus_depr,0.06,41,651,0.0,2,0.13790058,0.13790095,0.98455817,0.103619576,0.103619576,1.0,3.678758e-07,3.550254e-06,-27.733606,2.1660712,0.7220237,0.16000001,0.0,0.16233817,12.980107,13.000108,2086400
hardzero_plus_depr__c0p50__z1p00__lam0p020__nu0p50__psi0p75,hardzero_plus_depr,0.06,41,652,0.0,2,0.13790095,0.13790134,0.9545098,0.11104276,0.11104276,1.0,3.8836055e-07,3.4973964e-06,-25.736729,2.0999634,0.6999878,0.16800001,0.0,0.12418153,13.000108,13.020108,2089600
hardzero_plus_depr__c0p50__z1p00__lam0p020__nu0p50__psi0p75,hardzero_plus_depr,0.06,41,653,0.0,2,0.13790134,0.13790134,1.0165994,0.0,0.09624996,0.0,0.0,3.4453258e-06,-27.292362,2.2365634,0.7455212,0.17600001,0.0,0.17238526,13.020108,13.040109,2092800
hardzero_plus_depr__c0p50__z1p00__lam0p020__nu0p50__psi0p75,hardzero_plus_depr,0.06,41,654,0.0,2,0.13790134,0.13790134,1.0133084,0.0,0.0969821,0.0,0.0,3.3940305e-06,-26.912996,2.229323,0.7431077,0.192,0.0,0.1316356,13.040109,13.060109,2096000
hardzero_plus_depr__c0p50__z1p00__lam0p020__nu0p50__psi0p75,hardzero_plus_depr,0.06,41,655,0.0,2,0.13790134,0.13790134,1.0101495,0.0,0.09769009,0.0,0.0,3.3434985e-06,-27.57461,2.2223732,0.7407911,0.128,0.0,0.19391397,13.060109,13.08011,2099200
hardzero_plus_depr__c0p50__z1p00__lam0p020__nu0p50__psi0p75,hardzero_plus_depr,0.06,41,656,0.0,2,0.13790134,0.13790134,1.020469,0.0,0.09539618,0.0,0.0,3.2937191e-06,-26.652767,2.2450764,0.74835885,0.104,0.0,0.14322068,13.08011,13.10011,2102400
hardzero_plus_depr__c0p50__z1p00__lam0p020__nu0p50__psi0p75,hardzero_plus_depr,0.06,41,657,0.0,2,0.13790134,0.13790134,1.0187217,0.0,0.09578077,0.0,0.0,3.244681e-06,-27.022518,2.2412324,0.74707747,0.17600001,0.0,0.17977802,13.10011,13.1201105,2105600
hardzero_plus_depr__c0p50__z1p00__lam0p020__nu0p50__psi0p75,hardzero_plus_depr,0.06,41,658,0.0,2,0.13790134,0.13790134,1.0448502,0.0,0.090188205,0.0,0.0,3.196373e-06,-27.623749,2.2987163,0.7662388,0.128,0.0,0.17133345,13.1201105,13.140111,2108800
hardzero_plus_depr__c0p50__z1p00__lam0p020__nu0p50__psi0p75,hardzero_plus_depr,0.06,41,659,0.0,2,0.13790134,0.13790165,0.99673414,0.10075483,0.10075483,1.0,3.172552e-07,3.1487841e-06,-26.356009,2.192859,0.730953,0.136,0.0,0.13865575,13.140111,13.160111,2112000
hardzero_plus_depr__c0p50__z1p00__lam0p020__nu0p50__psi0p75,hardzero_plus_depr,0.06,41,660,0.0,2,0.13790165,0.13790165,1.0238609,0.0,0.09465401,0.0,0.0,3.1019038e-06,-27.610853,2.2525392,0.7508464,0.15200001,0.0,0.16420601,13.160111,13.180112,2115200
hardzero_plus_depr__c0p50__z1p00__lam0p020__nu0p50__psi0p75,hardzero_plus_depr,0.06,41,661,0.0,2,0.13790165,0.13790199,0.9593057,0.10982325,0.10982325,1.0,3.3558922e-07,3.0557212e-06,-26.35525,2.1105146,0.7035049,0.208,0.0,0.12573981,13.180112,13.200112,2118400
hardzero_plus_depr__c0p50__z1p00__lam0p020__nu0p50__psi0p75,hardzero_plus_depr,0.06,41,662,0.0,2,0.13790199,0.13790199,1.0333235,0.0,0.092613965,0.0,0.0,3.0102267e-06,-27.13961,2.2733572,0.75778574,0.128,0.0,0.13676852,13.200112,13.220113,2121600
hardzero_plus_depr__c0p50__z1p00__lam0p020__nu0p50__psi0p75,hardzero_plus_depr,0.06,41,663,0.0,2,0.13790199,0.13790233,0.94640326,0.11313492,0.11313492,1.0,3.3549134e-07,2.9654093e-06,-25.804255,2.0821288,0.6940429,0.26,0.0,0.15172952,13.220113,13.240113,2124800
hardzero_plus_depr__c0p50__z1p00__lam0p020__nu0p50__psi0p75,hardzero_plus_depr,0.06,41,664,0.0,2,0.13790233,0.13790233,1.0138927,0.0,0.09685171,0.0,0.0,2.921259e-06,-27.007103,2.2306085,0.7435362,0.16800001,0.0,0.14863129,13.240113,13.260114,2128000
hardzero_plus_depr__c0p50__z1p00__lam0p020__nu0p50__psi0p75,hardzero_plus_depr,0.06,41,665,0.0,2,0.13790233,0.13790265,0.9630645,0.108876854,0.108876854,1.0,3.1332212e-07,2.877766e-06,-26.381466,2.1187842,0.7062614,0.2,0.0,0.15631653,13.260114,13.280114,2131200
hardzero_plus_depr__c0p50__z1p00__lam0p020__nu0p50__psi0p75,hardzero_plus_depr,0.06,41,666,0.0,2,0.13790265,0.13790265,1.0184203,0.0,0.09584725,0.0,0.0,2.8349207e-06,-27.262163,2.2405694,0.74685645,0.192,0.0,0.15648629,13.280114,13.300115,2134400
hardzero_plus_depr__c0p50__z1p00__lam0p020__nu0p50__psi0p75,hardzero_plus_depr,0.06,41,667,0.0,2,0.13790265,0.13790295,0.97455233,0.106034614,0.106034614,1.0,2.9612428e-07,2.7927133e-06,-26.6869,2.144058,0.71468604,0.192,0.0,0.16430998,13.300115,13.320115,2137600
hardzero_plus_depr__c0p50__z1p00__lam0p020__nu0p50__psi0p75,hardzero_plus_depr,0.06,41,668,0.0,2,0.13790295,0.13790295,1.0131903,0.0,0.0970085,0.0,0.0,2.7511344e-06,-27.307259,2.229063,0.743021,0.2,0.0,0.17510717,13.320115,13.340116,2140800
hardzero_plus_depr__c0p50__z1p00__lam0p020__nu0p50__psi0p75,hardzero_plus_depr,0.06,41,669,0.0,2,0.13790295,0.13790295,1.0303452,0.0,0.09325128,0.0,0.0,2.7101744e-06,-27.32154,2.2668047,0.7556016,0.136,0.0,0.151059,13.340116,13.360116,2144000
hardzero_plus_depr__c0p50__z1p00__lam0p020__nu0p50__psi0p75,hardzero_plus_depr,0.06,41,670,0.0,2,0.13790295,0.13790295,1.0097224,0.0,0.09778621,0.0,0.0,2.669824e-06,-28.066387,2.2214336,0.7404779,0.208,0.008,0.14489484,13.360116,13.380116,2147200
hardzero_plus_depr__c0p50__z1p00__lam0p020__nu0p50__psi0p75,hardzero_plus_depr,0.06,41,671,0.0,2,0.13790295,0.13790321,0.98418665,0.10370825,0.10370825,1.0,2.7276045e-07,2.6300747e-06,-26.24627,2.1652539,0.72175133,0.128,0.0,0.14531851,13.380116,13.400117,2150400
hardzero_plus_depr__c0p50__z1p00__lam0p020__nu0p50__psi0p75,hardzero_plus_depr,0.06,41,672,0.0,2,0.13790321,0.13790321,1.0293565,0.0,0.09346382,0.0,0.0,2.5909171e-06,-27.259188,2.2646294,0.7548765,0.14400001,0.0,0.14938006,13.400117,13.420117,2153600
hardzero_plus_depr__c0p50__z1p00__lam0p020__nu0p50__psi0p75,hardzero_plus_depr,0.06,41,673,0.0,2,0.13790321,0.13790321,1.0339019,0.0,0.0924907,0.0,0.0,2.5523423e-06,-27.976017,2.2746296,0.7582099,0.096,0.0,0.14003792,13.420117,13.440118,2156800
hardzero_plus_depr__c0p50__z1p00__lam0p020__nu0p50__psi0p75,hardzero_plus_depr,0.06,41,674,0.0,2,0.13790321,0.13790348,0.97772413,0.10526304,0.10526304,1.0,2.646673e-07,2.5143422e-06,-26.735142,2.151036,0.71701205,0.136,0.0,0.13623281,13.440118,13.460118,2160000
hardzero_plus_depr__c0p50__z1p00__lam0p020__nu0p50__psi0p75,hardzero_plus_depr,0.06,41,675,0.0,2,0.13790348,0.13790348,1.0629029,0.0,0.08651613,0.0,0.0,2.4769076e-06,-28.733673,2.338433,0.7794777,0.120000005,0.0,0.17484394,13.460118,13.480119,2163200
hardzero_plus_depr__c0p50__z1p00__lam0p020__nu0p50__psi0p75,hardzero_plus_depr,0.06,41,676,0.0,2,0.13790348,0.13790348,1.0442816,0.0,0.09030638,0.0,0.0,2.4400304e-06,-27.640734,2.2974653,0.7658218,0.17,0.0,0.16249478,13.480119,13.500119,2166400
hardzero_plus_depr__c0p50__z1p00__lam0p020__nu0p50__psi0p75,hardzero_plus_depr,0.06,41,677,0.0,2,0.13790348,0.13790374,0.9725192,0.10653216,0.10653216,1.0,2.5607162e-07,2.4037024e-06,-26.47845,2.139585,0.713195,0.112,0.0,0.1404935,13.500119,13.52012,2169600
hardzero_plus_depr__c0p50__z1p00__lam0p020__nu0p50__psi0p75,hardzero_plus_depr,0.06,41,678,0.0,2,0.13790374,0.13790399,0.9821036,0.10420688,0.10420688,1.0,2.4675305e-07,2.367915e-06,-26.408216,2.160671,0.72022367,0.128,0.0,0.15017305,13.52012,13.54012,2172800
hardzero_plus_depr__c0p50__z1p00__lam0p020__nu0p50__psi0p75,hardzero_plus_depr,0.06,41,679,0.0,2,0.13790399,0.13790399,1.0013283,0.0,0.099694595,0.0,0.0,2.3326604e-06,-26.78994,2.2029665,0.7343222,0.136,0.0,0.16326948,13.54012,13.560121,2176000
hardzero_plus_depr__c0p50__z1p00__lam0p020__nu0p50__psi0p75,hardzero_plus_depr,0.06,41,680,0.0,2,0.13790399,0.13790423,0.9946136,0.101248,0.101248,1.0,2.3266092e-07,2.297931e-06,-26.342464,2.1881936,0.7293979,0.136,0.0,0.13756655,13.560121,13.580121,2179200
hardzero_plus_depr__c0p50__z1p00__lam0p020__nu0p50__psi0p75,hardzero_plus_depr,0.06,41,681,0.0,2,0.13790423,0.13790423,1.0431199,0.0,0.090548255,0.0,0.0,2.2637184e-06,-28.080685,2.2949097,0.76496994,0.16800001,0.0,0.18092172,13.580121,13.6001215,2182400
hardzero_plus_depr__c0p50__z1p00__lam0p020__nu0p50__psi0p75,hardzero_plus_depr,0.06,41,682,0.0,2,0.13790423,0.13790445,0.99982977,0.1000392,0.1000392,1.0,2.2308895e-07,2.2300153e-06,-26.401276,2.1996694,0.73322314,0.2,0.0,0.17287123,13.6001215,13.620122,2185600
hardzero_plus_depr__c0p50__z1p00__lam0p020__nu0p50__psi0p75,hardzero_plus_depr,0.06,41,683,0.0,2,0.13790445,0.13790467,0.99644566,0.10082177,0.10082177,1.0,2.2148664e-07,2.1968137e-06,-26.582027,2.1922243,0.73074144,0.15200001,0.0,0.13037941,13.620122,13.640122,2188800
hardzero_plus_depr__c0p50__z1p00__lam0p020__nu0p50__psi0p75,hardzero_plus_depr,0.06,41,684,0.0,2,0.13790467,0.13790467,1.043513,0.0,0.09046634,0.0,0.0,2.164107e-06,-27.550972,2.2957742,0.7652581,0.136,0.0,0.15006255,13.640122,13.660123,2192000
hardzero_plus_depr__c0p50__z1p00__lam0p020__nu0p50__psi0p75,hardzero_plus_depr,0.06,41,685,0.0,2,0.13790467,0.1379049,0.99192816,0.10187599,0.10187599,1.0,2.1718807e-07,2.1318867e-06,-25.726526,2.1822855,0.72742856,0.17600001,0.0,0.1604256,13.660123,13.680123,2195200
hardzero_plus_depr__c0p50__z1p00__lam0p020__nu0p50__psi0p75,hardzero_plus_depr,0.06,41,686,0.0,2,0.1379049,0.1379049,1.014483,0.0,0.09672015,0.0,0.0,2.1001465e-06,-27.654907,2.2319071,0.7439691,0.16000001,0.0,0.16884637,13.680123,13.700124,2198400
hardzero_plus_depr__c0p50__z1p00__lam0p020__nu0p50__psi0p75,hardzero_plus_depr,0.06,41,687,0.0,2,0.1379049,0.1379049,1.0447522,0.0,0.09020855,0.0,0.0,2.0688788e-06,-27.324978,2.2985008,0.7661669,0.18400002,0.0,0.14170714,13.700124,13.720124,2201600
hardzero_plus_depr__c0p50__z1p00__lam0p020__nu0p50__psi0p75,hardzero_plus_depr,0.06,41,688,0.0,2,0.1379049,0.13790512,0.967991,0.10764876,0.10764876,1.0,2.1939638e-07,2.0380762e-06,-26.317818,2.1296227,0.7098743,0.17600001,0.0,0.15125997,13.720124,13.740125,2204800
hardzero_plus_depr__c0p50__z1p00__lam0p020__nu0p50__psi0p75,hardzero_plus_depr,0.06,41,689,0.0,2,0.13790512,0.13790512,1.0297856,0.0,0.0933715,0.0,0.0,2.0077325e-06,-26.97267,2.2655735,0.7551912,0.17,0.0,0.17541845,13.740125,13.760125,2208000
hardzero_plus_depr__c0p50__z1p00__lam0p020__nu0p50__psi0p75,hardzero_plus_depr,0.06,41,690,0.0,2,0.13790512,0.13790533,0.97621065,0.10563049,0.10563049,1.0,2.089203e-07,1.9778408e-06,-26.168526,2.1477063,0.7159021,0.208,0.0,0.12958911,13.760125,13.780126,2211200
hardzero_plus_depr__c0p50__z1p00__lam0p020__nu0p50__psi0p75,hardzero_plus_depr,0.06,41,691,0.0,2,0.13790533,0.13790533,1.0348519,0.0,0.0922886,0.0,0.0,1.948394e-06,-27.4373,2.2767196,0.75890654,0.16800001,0.0,0.16272156,13.780126,13.800126,2214400
hardzero_plus_depr__c0p50__z1p00__lam0p020__nu0p50__psi0p75,hardzero_plus_depr,0.06,41,692,0.0,2,0.13790533,0.13790533,1.0508168,0.0,0.08895764,0.0,0.0,1.9193856e-06,-27.480778,2.3118432,0.7706144,0.15200001,0.0,0.1891311,13.800126,13.820127,2217600
hardzero_plus_depr__c0p50__z1p00__lam0p020__nu0p50__psi0p75,hardzero_plus_depr,0.06,41,693,0.0,2,0.13790533,0.13790552,0.9845083,0.10363148,0.10363148,1.0,1.9594731e-07,1.8908087e-06,-26.434122,2.1659615,0.7219872,0.17600001,0.0,0.14193007,13.820127,13.840127,2220800
hardzero_plus_depr__c0p50__z1p00__lam0p020__nu0p50__psi0p75,hardzero_plus_depr,0.06,41,694,0.0,2,0.13790552,0.13790552,1.0107263,0.0,0.09756041,0.0,0.0,1.8626577e-06,-27.492277,2.2236423,0.74121416,0.120000005,0.0,0.15268908,13.840127,13.860127,2224000
hardzero_plus_depr__c0p50__z1p00__lam0p020__nu0p50__psi0p75,hardzero_plus_depr,0.06,41,695,0.0,2,0.13790552,0.13790573,0.9420272,0.11428066,0.11428066,1.0,2.0969654e-07,1.8349258e-06,-25.537024,2.0725012,0.69083375,0.216,0.0,0.124043606,13.860127,13.880128,2227200
hardzero_plus_depr__c0p50__z1p00__lam0p020__nu0p50__psi0p75,hardzero_plus_depr,0.06,41,696,0.0,2,0.13790573,0.13790593,0.98037314,0.104622915,0.104622915,1.0,1.8911707e-07,1.8076066e-06,-26.03304,2.156864,0.7189547,0.16000001,0.0,0.13886927,13.880128,13.900128,2230400
hardzero_plus_depr__c0p50__z1p00__lam0p020__nu0p50__psi0p75,hardzero_plus_depr,0.06,41,697,0.0,2,0.13790593,0.13790593,1.0112927,0.0,0.09743327,0.0,0.0,1.7806942e-06,-26.754124,2.2248883,0.7416295,0.16000001,0.0,0.15751837,13.900128,13.920129,2233600
hardzero_plus_depr__c0p50__z1p00__lam0p020__nu0p50__psi0p75,hardzero_plus_depr,0.06,41,698,0.0,2,0.13790593,0.13790593,1.0010154,0.0,0.099766456,0.0,0.0,1.7541827e-06,-26.385742,2.202278,0.73409265,0.256,0.0,0.15113492,13.920129,13.940129,2236800
hardzero_plus_depr__c0p50__z1p00__lam0p020__nu0p50__psi0p75,hardzero_plus_depr,0.06,41,699,0.0,2,0.13790593,0.13790613,0.9225979,0.119509414,0.119509414,1.0,2.0652013e-07,1.7280657e-06,-25.87627,2.0297558,0.6765853,0.17600001,0.0,0.13793102,13.940129,13.96013,2240000
hardzero_plus_depr__c0p50__z1p00__lam0p020__nu0p50__psi0p75,hardzero_plus_depr,0.06,41,700,0.0,2,0.13790613,0.13790613,1.0155028,0.0,0.096493304,0.0,0.0,1.7023374e-06,-27.577646,2.234151,0.744717,0.16800001,0.0,0.16072188,13.96013,13.98013,2243200
hardzero_plus_depr__c0p50__z1p00__lam0p020__nu0p50__psi0p75,hardzero_plus_depr,0.06,41,701,0.0,2,0.13790613,0.1379063,0.9947681,0.101211995,0.101211995,1.0,1.6973173e-07,1.6769923e-06,-27.577866,2.1885335,0.7295112,0.208,0.0,0.17563945,13.98013,14.000131,2246400
hardzero_plus_depr__c0p50__z1p00__lam0p020__nu0p50__psi0p75,hardzero_plus_depr,0.06,41,702,0.0,2,0.1379063,0.1379063,1.039297,0.0,0.091348834,0.0,0.0,1.6520246e-06,-27.894545,2.286499,0.7621664,0.16,0.0,0.1410498,14.000131,14.020131,2249600
hardzero_plus_depr__c0p50__z1p00__lam0p020__nu0p50__psi0p75,hardzero_plus_depr,0.06,41,703,0.0,2,0.1379063,0.13790646,0.99057746,0.10219331,0.10219331,1.0,1.6631233e-07,1.6274288e-06,-27.264965,2.179314,0.726438,0.08800001,0.0,0.16024894,14.020131,14.040132,2252800
hardzero_plus_depr__c0p50__z1p00__lam0p020__nu0p50__psi0p75,hardzero_plus_depr,0.06,41,704,0.0,2,0.13790646,0.13790646,1.010252,0.0,0.09766703,0.0,0.0,1.6031989e-06,-27.387259,2.2225988,0.7408663,0.16000001,0.0,0.15716769,14.040132,14.060132,2256000
hardzero_plus_depr__c0p50__z1p00__lam0p020__nu0p50__psi0p75,hardzero_plus_depr,0.06,41,705,0.0,2,0.13790646,0.13790646,1.0783511,0.0,0.08349276,0.0,0.0,1.5793297e-06,-27.675762,2.3724198,0.79080665,0.064,0.0,0.15664545,14.060132,14.0801325,2259200
hardzero_plus_depr__c0p50__z1p00__lam0p020__nu0p50__psi0p75,hardzero_plus_depr,0.06,41,706,0.0,2,0.13790646,0.13790646,1.0861715,0.0,0.08200276,0.0,0.0,1.5558161e-06,-28.314127,2.389625,0.7965417,0.136,0.0,0.17581291,14.0801325,14.100133,2262400
hardzero_plus_depr__c0p50__z1p00__lam0p020__nu0p50__psi0p75,hardzero_plus_depr,0.06,41,707,0.0,2,0.13790646,0.13790663,0.9793331,0.104873784,0.104873784,1.0,1.6073508e-07,1.5326526e-06,-26.463495,2.1545758,0.718192,0.18400002,0.0,0.15602154,14.100133,14.120133,2265600
hardzero_plus_depr__c0p50__z1p00__lam0p020__nu0p50__psi0p75,hardzero_plus_depr,0.06,41,708,0.0,2,0.13790663,0.13790677,0.9889909,0.10256734,0.10256734,1.0,1.5485963e-07,1.5098339e-06,-26.609913,2.1758235,0.7252745,0.104,0.0,0.15555495,14.120133,14.140134,2268800
hardzero_plus_depr__c0p50__z1p00__lam0p020__nu0p50__psi0p75,hardzero_plus_depr,0.06,41,709,0.0,2,0.13790677,0.13790692,0.9987716,0.100283235,0.100283235,1.0,1.4915675e-07,1.4873548e-06,-26.595423,2.1973414,0.73244715,0.192,0.0,0.14792545,14.140134,14.160134,2272000
hardzero_plus_depr__c0p50__z1p00__lam0p020__nu0p50__psi0p75,hardzero_plus_depr,0.06,41,710,0.0,2,0.13790692,0.13790707,0.9746024,0.10602238,0.10602238,1.0,1.5534509e-07,1.4652104e-06,-26.476276,2.1441681,0.71472275,0.23200001,0.0,0.16151758,14.160134,14.180135,2275200
hardzero_plus_depr__c0p50__z1p00__lam0p020__nu0p50__psi0p75,hardzero_plus_depr,0.06,41,711,0.0,2,0.13790707,0.13790707,1.006902,0.0,0.09842331,0.0,0.0,1.4433958e-06,-26.212202,2.2152286,0.7384095,0.15200001,0.0,0.12600437,14.180135,14.200135,2278400
hardzero_plus_depr__c0p50__z1p00__lam0p020__nu0p50__psi0p75,hardzero_plus_depr,0.06,41,712,0.0,2,0.13790707,0.13790707,1.0118691,0.0,0.09730406,0.0,0.0,1.421906e-06,-26.486052,2.2261565,0.7420522,0.120000005,0.0,0.13351779,14.200135,14.220136,2281600
hardzero_plus_depr__c0p50__z1p00__lam0p020__nu0p50__psi0p75,hardzero_plus_depr,0.06,41,713,0.0,2,0.13790707,0.13790707,1.0359699,0.0,0.092051335,0.0,0.0,1.4007361e-06,-27.39459,2.279179,0.7597264,0.18400002,0.0,0.16274154,14.220136,14.240136,2284800
hardzero_plus_depr__c0p50__z1p00__lam0p020__nu0p50__psi0p75,hardzero_plus_depr,0.06,41,714,0.0,2,0.13790707,0.13790707,1.0032407,0.0,0.099256575,0.0,0.0,1.3798814e-06,-26.8377,2.2071736,0.73572457,0.112,0.0,0.15263557,14.240136,14.260137,2288000
hardzero_plus_depr__c0p50__z1p00__lam0p020__nu0p50__psi0p75,hardzero_plus_depr,0.06,41,715,0.0,2,0.13790707,0.1379072,0.99042344,0.10222957,0.10222957,1.0,1.3896444e-07,1.359337e-06,-26.623827,2.178975,0.72632504,0.12,0.0,0.124432504,14.260137,14.280137,2291200
hardzero_plus_depr__c0p50__z1p00__lam0p020__nu0p50__psi0p75,hardzero_plus_depr,0.06,41,716,0.0,2,0.1379072,0.13790734,0.9764985,0.10556052,0.10556052,1.0,1.4135595e-07,1.3390987e-06,-26.480574,2.1483395,0.7161132,0.18400002,0.0,0.16416663,14.280137,14.3001375,2294400
hardzero_plus_depr__c0p50__z1p00__lam0p020__nu0p50__psi0p75,hardzero_plus_depr,0.06,41,717,0.0,2,0.13790734,0.13790748,0.9999474,0.10001211,0.10001211,1.0,1.3193215e-07,1.3191618e-06,-26.433252,2.1999283,0.73330945,0.18400002,0.0,0.15781501,14.3001375,14.320138,2297600
hardzero_plus_depr__c0p50__z1p00__lam0p020__nu0p50__psi0p75,hardzero_plus_depr,0.06,41,718,0.0,2,0.13790748,0.13790748,1.0547676,0.0,0.08815205,0.0,0.0,1.2995215e-06,-28.173702,2.3205352,0.77351177,0.16000001,0.0,0.15419088,14.320138,14.340138,2300800
hardzero_plus_depr__c0p50__z1p00__lam0p020__nu0p50__psi0p75,hardzero_plus_depr,0.06,41,719,0.0,2,0.13790748,0.13790762,0.9438402,0.1138046,0.1138046,1.0,1.4568964e-07,1.2801736e-06,-25.72072,2.07649,0.69216335,0.2,0.0,0.15560722,14.340138,14.360139,2304000
hardzero_plus_depr__c0p50__z1p00__lam0p020__nu0p50__psi0p75,hardzero_plus_depr,0.06,41,720,0.0,2,0.13790762,0.13790777,0.94017047,0.11477029,0.11477029,1.0,1.4473842e-07,1.261114e-06,-25.591587,2.0684164,0.68947214,0.216,0.0,0.1421259,14.360139,14.380139,2307200
hardzero_plus_depr__c0p50__z1p00__lam0p020__nu0p50__psi0p75,hardzero_plus_depr,0.06,41,721,0.0,2,0.13790777,0.13790777,1.0498602,0.0,0.08915379,0.0,0.0,1.2423379e-06,-27.796652,2.3097386,0.7699129,0.15200001,0.0,0.17087328,14.380139,14.40014,2310400
hardzero_plus_depr__c0p50__z1p00__lam0p020__nu0p50__psi0p75,hardzero_plus_depr,0.06,41,722,0.0,2,0.13790777,0.13790777,1.0196645,0.0,0.09557305,0.0,0.0,1.2238415e-06,-27.290365,2.2433066,0.7477689,0.15200001,0.0,0.17110589,14.40014,14.42014,2313600
hardzero_plus_depr__c0p50__z1p00__lam0p020__nu0p50__psi0p75,hardzero_plus_depr,0.06,41,723,0.0,2,0.13790777,0.13790789,0.9960939,0.10090346,0.10090346,1.0,1.2165128e-07,1.2056205e-06,-27.44162,2.1914504,0.7304835,0.16000001,0.008,0.17599954,14.42014,14.440141,2316800
hardzero_plus_depr__c0p50__z1p00__lam0p020__nu0p50__psi0p75,hardzero_plus_depr,0.06,41,724,0.0,2,0.13790789,0.13790803,0.95668334,0.110488385,0.110488385,1.0,1.3122381e-07,1.1876707e-06,-25.922455,2.1047454,0.70158184,0.208,0.0,0.12182212,14.440141,14.460141,2320000
hardzero_plus_depr__c0p50__z1p00__lam0p020__nu0p50__psi0p75,hardzero_plus_depr,0.06,41,725,0.0,2,0.13790803,0.13790815,0.99166286,0.10193823,0.10193823,1.0,1.1926655e-07,1.1699883e-06,-27.185495,2.181702,0.727234,0.16000001,0.0,0.14792801,14.460141,14.480142,2323200
hardzero_plus_depr__c0p50__z1p00__lam0p020__nu0p50__psi0p75,hardzero_plus_depr,0.06,41,726,0.0,2,0.13790815,0.13790826,0.996665,0.100770876,0.100770876,1.0,1.1614539e-07,1.152569e-06,-26.202143,2.1927068,0.7309023,0.16800001,0.0,0.13019781,14.480142,14.500142,2326400
hardzero_plus_depr__c0p50__z1p00__lam0p020__nu0p50__psi0p75,hardzero_plus_depr,0.06,41,727,0.0,2,0.13790826,0.1379084,0.9509586,0.11195445,0.11195445,1.0,1.2711412e-07,1.1354092e-06,-25.824553,2.0921507,0.6973836,0.14400001,0.0,0.15012334,14.500142,14.520143,2329600
hardzero_plus_depr__c0p50__z1p00__lam0p020__nu0p50__psi0p75,hardzero_plus_depr,0.06,41,728,0.0,2,0.1379084,0.1379084,1.0014579,0.0,0.09966486,0.0,0.0,1.1185047e-06,-28.149405,2.2032514,0.73441714,0.19,0.0,0.16160782,14.520143,14.540143,2332800
hardzero_plus_depr__c0p50__z1p00__lam0p020__nu0p50__psi0p75,hardzero_plus_depr,0.06,41,729,0.0,2,0.1379084,0.1379084,1.0285752,0.0,0.0936321,0.0,0.0,1.1018519e-06,-28.14143,2.2629106,0.7543036,0.136,0.0,0.18699469,14.540143,14.560143,2336000
hardzero_plus_depr__c0p50__z1p00__lam0p020__nu0p50__psi0p75,hardzero_plus_depr,0.06,41,730,0.0,2,0.1379084,0.1379084,1.0402604,0.0,0.0911464,0.0,0.0,1.0854471e-06,-27.284698,2.2886186,0.7628729,0.120000005,0.0,0.14675385,14.560143,14.580144,2339200
hardzero_plus_depr__c0p50__z1p00__lam0p020__nu0p50__psi0p75,hardzero_plus_depr,0.06,41,731,0.0,2,0.1379084,0.1379085,0.99707854,0.100674964,0.100674964,1.0,1.07650386e-07,1.0692866e-06,-26.720293,2.1936166,0.7312056,0.16000001,0.0,0.1483827,14.580144,14.600144,2342400
hardzero_plus_depr__c0p50__z1p00__lam0p020__nu0p50__psi0p75,hardzero_plus_depr,0.06,41,732,0.0,2,0.1379085,0.13790861,0.98725957,0.10297705,0.10297705,1.0,1.0847259e-07,1.0533666e-06,-27.169596,2.1720145,0.72400486,0.136,0.0,0.14686081,14.600144,14.620145,2345600
hardzero_plus_depr__c0p50__z1p00__lam0p020__nu0p50__psi0p75,hardzero_plus_depr,0.06,41,733,0.0,2,0.13790861,0.13790861,1.0241277,0.0,0.094595894,0.0,0.0,1.0376837e-06,-27.162077,2.253126,0.751042,0.14400001,0.0,0.14365838,14.620145,14.640145,2348800
hardzero_plus_depr__c0p50__z1p00__lam0p020__nu0p50__psi0p75,hardzero_plus_depr,0.06,41,734,0.0,2,0.13790861,0.13790871,0.9959248,0.10094278,0.10094278,1.0,1.0318716e-07,1.0222342e-06,-26.839882,2.1910782,0.73035944,0.216,0.0,0.1626915,14.640145,14.660146,2352000
hardzero_plus_depr__c0p50__z1p00__lam0p020__nu0p50__psi0p75,hardzero_plus_depr,0.06,41,735,0.0,2,0.13790871,0.13790871,1.0113564,0.0,0.097418986,0.0,0.0,1.0070147e-06,-27.165936,2.2250285,0.7416762,0.15200001,0.0,0.16495539,14.660146,14.680146,2355200
hardzero_plus_depr__c0p50__z1p00__lam0p020__nu0p50__psi0p75,hardzero_plus_depr,0.06,41,736,0.0,2,0.13790871,0.13790882,0.9798093,0.10475885,0.10475885,1.0,1.03923085e-07,9.92022e-07,-26.62972,2.1556234,0.71854115,0.17600001,0.0,0.13103773,14.680146,14.700147,2358400
hardzero_plus_depr__c0p50__z1p00__lam0p020__nu0p50__psi0p75,hardzero_plus_depr,0.06,41,737,0.0,2,0.13790882,0.13790882,1.0381167,0.0,0.09159744,0.0,0.0,9.772523e-07,-26.541922,2.2839024,0.7613008,0.14400001,0.0,0.16461541,14.700147,14.720147,2361600
hardzero_plus_depr__c0p50__z1p00__lam0p020__nu0p50__psi0p75,hardzero_plus_depr,0.06,41,738,0.0,2,0.13790882,0.13790882,1.038472,0.0,0.091522515,0.0,0.0,9.627026e-07,-27.576317,2.2846842,0.7615614,0.112,0.0,0.16288134,14.720147,14.740148,2364800
hardzero_plus_depr__c0p50__z1p00__lam0p020__nu0p50__psi0p75,hardzero_plus_depr,0.06,41,739,0.0,2,0.13790882,0.13790892,0.9649327,0.108409494,0.108409494,1.0,1.02812244e-07,9.483694e-07,-26.878935,2.1228943,0.70763147,0.28,0.0,0.18054366,14.740148,14.760148,2368000
hardzero_plus_depr__c0p50__z1p00__lam0p020__nu0p50__psi0p75,hardzero_plus_depr,0.06,41,740,0.0,2,0.13790892,0.13790892,1.0937917,0.0,0.08057648,0.0,0.0,9.3424984e-07,-28.38422,2.40639,0.80213,0.128,0.0,0.14048688,14.760148,14.7801485,2371200
hardzero_plus_depr__c0p50__z1p00__lam0p020__nu0p50__psi0p75,hardzero_plus_depr,0.06,41,741,0.0,2,0.13790892,0.13790901,0.9998996,0.100023106,0.100023106,1.0,9.20553e-08,9.2034037e-07,-26.104174,2.1998231,0.7332744,0.17999999,0.0,0.12385974,14.7801485,14.800149,2374400
hardzero_plus_depr__c0p50__z1p00__lam0p020__nu0p50__psi0p75,hardzero_plus_depr,0.06,41,742,0.0,2,0.13790901,0.1379091,0.975486,0.1058069,0.1058069,1.0,9.592854e-08,9.0663787e-07,-26.368725,2.146112,0.71537066,0.128,0.0,0.13317253,14.800149,14.820149,2377600
hardzero_plus_depr__c0p50__z1p00__lam0p020__nu0p50__psi0p75,hardzero_plus_depr,0.06,41,743,0.0,2,0.1379091,0.1379091,1.0136602,0.0,0.09690357,0.0,0.0,8.9313943e-07,-26.567848,2.230097,0.7433657,0.136,0.0,0.14231911,14.820149,14.84015,2380800
hardzero_plus_depr__c0p50__z1p00__lam0p020__nu0p50__psi0p75,hardzero_plus_depr,0.06,41,744,0.0,2,0.1379091,0.1379091,1.0112299,0.0,0.09744737,0.0,0.0,8.798421e-07,-27.46467,2.22475,0.74158335,0.23200001,0.008,0.16042177,14.84015,14.86015,2384000
hardzero_plus_depr__c0p50__z1p00__lam0p020__nu0p50__psi0p75,hardzero_plus_depr,0.06,41,745,0.0,2,0.1379091,0.13790919,0.99670166,0.100762375,0.100762375,1.0,8.7335046e-08,8.6674265e-07,-27.124756,2.1927874,0.73092914,0.15200001,0.0,0.18550396,14.86015,14.880151,2387200
hardzero_plus_depr__c0p50__z1p00__lam0p020__nu0p50__psi0p75,hardzero_plus_depr,0.06,41,746,0.0,2,0.13790919,0.13790919,1.0330956,0.0,0.09266257,0.0,0.0,8.538383e-07,-27.316978,2.2728558,0.7576186,0.17600001,0.0,0.17186725,14.880151,14.900151,2390400
hardzero_plus_depr__c0p50__z1p00__lam0p020__nu0p50__psi0p75,hardzero_plus_depr,0.06,41,747,0.0,2,0.13790919,0.13790928,0.97681564,0.10548346,0.10548346,1.0,8.8724875e-08,8.4112594e-07,-26.136118,2.1490374,0.7163458,0.17600001,0.0,0.13802633,14.900151,14.920152,2393600
hardzero_plus_depr__c0p50__z1p00__lam0p020__nu0p50__psi0p75,hardzero_plus_depr,0.06,41,748,0.0,2,0.13790928,0.13790928,1.0263776,0.0,0.0941071,0.0,0.0,8.286029e-07,-27.936846,2.2580757,0.7526919,0.128,0.0,0.15554065,14.920152,14.940152,2396800
hardzero_plus_depr__c0p50__z1p00__lam0p020__nu0p50__psi0p75,hardzero_plus_depr,0.06,41,749,0.0,2,0.13790928,0.13790937,0.99645585,0.100819424,0.100819424,1.0,8.229551e-08,8.162664e-07,-26.081102,2.1922467,0.7307489,0.17600001,0.0,0.13120896,14.940152,14.960153,2400000
hardzero_plus_depr__c0p50__z1p00__lam0p020__nu0p50__psi0p75,hardzero_plus_depr,0.06,41,750,0.0,2,0.13790937,0.13790937,1.0768527,0.0,0.08378135,0.0,0.0,8.041135e-07,-28.824076,2.3691232,0.7897078,0.14400001,0.0,0.17214704,14.960153,14.980153,2403200
hardzero_plus_depr__c0p50__z1p00__lam0p020__nu0p50__psi0p75,hardzero_plus_depr,0.06,41,751,0.0,2,0.13790937,0.13790937,1.0501704,0.0,0.089090124,0.0,0.0,7.921416e-07,-28.261465,2.310421,0.77014035,0.104,0.0,0.14512287,14.980153,15.000154,2406400
hardzero_plus_depr__c0p50__z1p00__lam0p020__nu0p50__psi0p75,hardzero_plus_depr,0.06,41,752,0.0,2,0.13790937,0.13790937,1.0319312,0.0,0.092911355,0.0,0.0,7.8034776e-07,-27.491064,2.270294,0.75676465,0.192,0.0,0.14271344,15.000154,15.020154,2409600
hardzero_plus_depr__c0p50__z1p00__lam0p020__nu0p50__psi0p75,hardzero_plus_depr,0.06,41,753,0.0,2,0.13790937,0.13790937,1.0112369,0.0,0.097445786,0.0,0.0,7.6872965e-07,-27.980677,2.2247655,0.74158853,0.2,0.0,0.14868098,15.020154,15.040154,2412800
hardzero_plus_depr__c0p50__z1p00__lam0p020__nu0p50__psi0p75,hardzero_plus_depr,0.06,41,754,0.0,2,0.13790937,0.13790937,1.0318307,0.0,0.09293287,0.0,0.0,7.572845e-07,-27.567698,2.2700727,0.7566909,0.22999999,0.0,0.175367,15.040154,15.060155,2416000
hardzero_plus_depr__c0p50__z1p00__lam0p020__nu0p50__psi0p75,hardzero_plus_depr,0.06,41,755,0.0,2,0.13790937,0.13790944,0.99198896,0.10186173,0.10186173,1.0,7.5989846e-08,7.4600973e-07,-26.909357,2.1824193,0.72747314,0.128,0.0,0.17954329,15.060155,15.080155,2419200
hardzero_plus_depr__c0p50__z1p00__lam0p020__nu0p50__psi0p75,hardzero_plus_depr,0.06,41,756,0.0,2,0.13790944,0.13790952,0.99167836,0.1019346,0.1019346,1.0,7.491203e-08,7.3490287e-07,-26.669264,2.181736,0.72724533,0.120000005,0.0,0.16015553,15.080155,15.100156,2422400
hardzero_plus_depr__c0p50__z1p00__lam0p020__nu0p50__psi0p75,hardzero_plus_depr,0.06,41,757,0.0,2,0.13790952,0.13790952,1.0009434,0.0,0.09978301,0.0,0.0,7.239613e-07,-27.599892,2.2021196,0.7340399,0.216,0.0,0.14578272,15.100156,15.120156,2425600
hardzero_plus_depr__c0p50__z1p00__lam0p020__nu0p50__psi0p75,hardzero_plus_depr,0.06,41,758,0.0,2,0.13790952,0.13790952,1.0305207,0.0,0.0932136,0.0,0.0,7.131827e-07,-28.214994,2.2671907,0.7557303,0.16800001,0.0,0.17022103,15.120156,15.140157,2428800
hardzero_plus_depr__c0p50__z1p00__lam0p020__nu0p50__psi0p75,hardzero_plus_depr,0.06,41,759,0.0,2,0.13790952,0.13790952,1.0148609,0.0,0.09663605,0.0,0.0,7.0256453e-07,-26.602083,2.2327385,0.7442462,0.14400001,0.0,0.16640373,15.140157,15.160157,2432000
hardzero_plus_depr__c0p50__z1p00__lam0p020__nu0p50__psi0p75,hardzero_plus_depr,0.06,41,760,0.0,2,0.13790952,0.13790952,1.0541074,0.0,0.08828614,0.0,0.0,6.921045e-07,-27.997267,2.3190827,0.7730276,0.112,0.0,0.16810355,15.160157,15.180158,2435200
hardzero_plus_depr__c0p50__z1p00__lam0p020__nu0p50__psi0p75,hardzero_plus_depr,0.06,41,761,0.0,2,0.13790952,0.13790959,0.9694115,0.10729723,0.10729723,1.0,7.315527e-08,6.818002e-07,-26.118412,2.132748,0.710916,0.23200001,0.0,0.14489263,15.180158,15.200158,2438400
hardzero_plus_depr__c0p50__z1p00__lam0p020__nu0p50__psi0p75,hardzero_plus_depr,0.06,41,762,0.0,2,0.13790959,0.13790967,0.9984295,0.100362286,0.100362286,1.0,6.740826e-08,6.716493e-07,-27.522,2.1965888,0.7321963,0.14400001,0.0,0.17368506,15.200158,15.220159,2441600
hardzero_plus_depr__c0p50__z1p00__lam0p020__nu0p50__psi0p75,hardzero_plus_depr,0.06,41,763,0.0,2,0.13790967,0.13790974,0.9542095,0.11111955,0.11111955,1.0,7.3522195e-08,6.616495e-07,-26.07376,2.0993028,0.6997676,0.208,0.0,0.14524351,15.220159,15.240159,2444800
hardzero_plus_depr__c0p50__z1p00__lam0p020__nu0p50__psi0p75,hardzero_plus_depr,0.06,41,764,0.0,2,0.13790974,0.1379098,0.9954865,0.101044685,0.101044685,1.0,6.586078e-08,6.517986e-07,-26.768154,2.190114,0.73003805,0.16800001,0.0,0.15149364,15.240159,15.2601595,2448000
hardzero_plus_depr__c0p50__z1p00__lam0p020__nu0p50__psi0p75,hardzero_plus_depr,0.06,41,765,0.0,2,0.1379098,0.13790986,0.9972042,0.100645825,0.100645825,1.0,6.462412e-08,6.420944e-07,-26.438251,2.193893,0.7312977,0.16800001,0.0,0.14237073,15.2601595,15.28016,2451200
hardzero_plus_depr__c0p50__z1p00__lam0p020__nu0p50__psi0p75,hardzero_plus_depr,0.06,41,766,0.0,2,0.13790986,0.13790986,1.0480614,0.0,0.08952383,0.0,0.0,6.325346e-07,-27.340345,2.3057811,0.7685937,0.16800001,0.0,0.1442541,15.28016,15.30016,2454400
hardzero_plus_depr__c0p50__z1p00__lam0p020__nu0p50__psi0p75,hardzero_plus_depr,0.06,41,767,0.0,2,0.13790986,0.13790986,1.0133672,0.0,0.096968964,0.0,0.0,6.2311716e-07,-28.053623,2.2294524,0.74315083,0.17,0.0,0.1551669,15.30016,15.320161,2457600
hardzero_plus_depr__c0p50__z1p00__lam0p020__nu0p50__psi0p75,hardzero_plus_depr,0.06,41,768,0.0,2,0.13790986,0.13790992,0.9650083,0.10839062,0.10839062,1.0,6.653449e-08,6.138399e-07,-26.326035,2.1230607,0.7076869,0.2,0.0,0.1591786,15.320161,15.340161,2460800
hardzero_plus_depr__c0p50__z1p00__lam0p020__nu0p50__psi0p75,hardzero_plus_depr,0.06,41,769,0.0,2,0.13790992,0.13790998,0.98517466,0.10347258,0.10347258,1.0,6.256996e-08,6.0470086e-07,-26.71212,2.1674275,0.7224759,0.16800001,0.0,0.16845116,15.340161,15.360162,2464000
hardzero_plus_depr__c0p50__z1p00__lam0p020__nu0p50__psi0p75,hardzero_plus_depr,0.06,41,770,0.0,2,0.13790998,0.13790998,1.0501101,0.0,0.08910251,0.0,0.0,5.956978e-07,-28.669102,2.3102884,0.7700962,0.096,0.0,0.16625237,15.360162,15.380162,2467200
hardzero_plus_depr__c0p50__z1p00__lam0p020__nu0p50__psi0p75,hardzero_plus_depr,0.06,41,771,0.0,2,0.13790998,0.13790998,1.0226787,0.0,0.09491204,0.0,0.0,5.868289e-07,-27.357832,2.249938,0.7499794,0.120000005,0.0,0.16255623,15.380162,15.400163,2470400
hardzero_plus_depr__c0p50__z1p00__lam0p020__nu0p50__psi0p75,hardzero_plus_depr,0.06,41,772,0.0,2,0.13790998,0.13791004,0.966576,0.10800007,0.10800007,1.0,6.243397e-08,5.7809194e-07,-26.748705,2.1265097,0.70883656,0.18400002,0.0,0.16368206,15.400163,15.420163,2473600
hardzero_plus_depr__c0p50__z1p00__lam0p020__nu0p50__psi0p75,hardzero_plus_depr,0.06,41,773,0.0,2,0.13791004,0.1379101,0.9957755,0.10097747,0.10097747,1.0,5.7505154e-08,5.69485e-07,-27.28178,2.19075,0.73025,0.15200001,0.0,0.18536232,15.420163,15.440164,2476800
hardzero_plus_depr__c0p50__z1p00__lam0p020__nu0p50__psi0p75,hardzero_plus_depr,0.06,41,774,0.0,2,0.1379101,0.1379101,1.0074614,0.0,0.098296605,0.0,0.0,5.6100635e-07,-26.777649,2.2164595,0.73881984,0.208,0.0,0.14559422,15.440164,15.460164,2480000
hardzero_plus_depr__c0p50__z1p00__lam0p020__nu0p50__psi0p75,hardzero_plus_depr,0.06,41,775,0.0,2,0.1379101,0.13791016,0.96980715,0.10719953,0.10719953,1.0,5.924423e-08,5.5265383e-07,-26.830107,2.1336184,0.71120614,0.208,0.0,0.14422715,15.460164,15.480165,2483200
hardzero_plus_depr__c0p50__z1p00__lam0p020__nu0p50__psi0p75,hardzero_plus_depr,0.06,41,776,0.0,2,0.13791016,0.13791016,1.0226555,0.0,0.0949171,0.0,0.0,5.4442575e-07,-28.009558,2.249887,0.74996233,0.14400001,0.0,0.19503471,15.480165,15.500165,2486400
hardzero_plus_depr__c0p50__z1p00__lam0p020__nu0p50__psi0p75,hardzero_plus_depr,0.06,41,777,0.0,2,0.13791016,0.13791016,1.0367861,0.0,0.09187851,0.0,0.0,5.3632004e-07,-27.308727,2.2809749,0.76032495,0.18400002,0.0,0.18034996,15.500165,15.520165,2489600
hardzero_plus_depr__c0p50__z1p00__lam0p020__nu0p50__psi0p75,hardzero_plus_depr,0.06,41,778,0.0,2,0.13791016,0.13791016,1.0288576,0.0,0.093571246,0.0,0.0,5.2833514e-07,-27.463308,2.263532,0.75451064,0.136,0.0,0.15663679,15.520165,15.540166,2492800
hardzero_plus_depr__c0p50__z1p00__lam0p020__nu0p50__psi0p75,hardzero_plus_depr,0.06,41,779,0.0,2,0.13791016,0.13791022,0.9868802,0.10306705,0.10306705,1.0,5.3643205e-08,5.2046903e-07,-26.947634,2.1711798,0.72372663,0.2,0.0,0.15098219,15.540166,15.560166,2496000
hardzero_plus_depr__c0p50__z1p00__lam0p020__nu0p50__psi0p75,hardzero_plus_depr,0.06,41,780,0.0,2,0.13791022,0.13791022,1.0147669,0.0,0.09665695,0.0,0.0,5.1272013e-07,-27.756062,2.2325318,0.7441773,0.14999999,0.0,0.13719256,15.560166,15.580167,2499200
hardzero_plus_depr__c0p50__z1p00__lam0p020__nu0p50__psi0p75,hardzero_plus_depr,0.06,41,781,0.0,2,0.13791022,0.13791022,1.0459945,0.0,0.0899509,0.0,0.0,5.050865e-07,-27.859625,2.301234,0.76707804,0.096,0.0,0.16086495,15.580167,15.600167,2502400
hardzero_plus_depr__c0p50__z1p00__lam0p020__nu0p50__psi0p75,hardzero_plus_depr,0.06,41,782,0.0,2,0.13791022,0.13791022,1.0419086,0.0,0.09080114,0.0,0.0,4.975666e-07,-27.896847,2.2922447,0.7640816,0.136,0.0,0.15883192,15.600167,15.620168,2505600
hardzero_plus_depr__c0p50__z1p00__lam0p020__nu0p50__psi0p75,hardzero_plus_depr,0.06,41,783,0.0,2,0.13791022,0.13791022,1.033182,0.0,0.09264415,0.0,0.0,4.9015864e-07,-27.460411,2.2730458,0.75768197,0.15200001,0.0,0.1712058,15.620168,15.640168,2508800
hardzero_plus_depr__c0p50__z1p00__lam0p020__nu0p50__psi0p75,hardzero_plus_depr,0.06,41,784,0.0,2,0.13791022,0.13791026,0.97879505,0.105003774,0.105003774,1.0,5.0702223e-08,4.8286097e-07,-26.468414,2.153392,0.7177974,0.14400001,0.0,0.15380442,15.640168,15.660169,2512000
hardzero_plus_depr__c0p50__z1p00__lam0p020__nu0p50__psi0p75,hardzero_plus_depr,0.06,41,785,0.0,2,0.13791026,0.13791026,1.0214792,0.0,0.09517453,0.0,0.0,4.7567195e-07,-27.287344,2.2472992,0.74909973,0.16000001,0.0,0.15703246,15.660169,15.680169,2515200
hardzero_plus_depr__c0p50__z1p00__lam0p020__nu0p50__psi0p75,hardzero_plus_depr,0.06,41,786,0.0,2,0.13791026,0.13791026,1.0129244,0.0,0.09706788,0.0,0.0,4.6858995e-07,-26.991468,2.2284782,0.7428261,0.17600001,0.0,0.14918756,15.680169,15.70017,2518400
hardzero_plus_depr__c0p50__z1p00__lam0p020__nu0p50__psi0p75,hardzero_plus_depr,0.06,41,787,0.0,2,0.13791026,0.1379103,0.9927271,0.10168875,0.10168875,1.0,4.6940887e-08,4.6161338e-07,-26.36787,2.1840432,0.7280144,0.14400001,0.0,0.13921545,15.70017,15.72017,2521600
hardzero_plus_depr__c0p50__z1p00__lam0p020__nu0p50__psi0p75,hardzero_plus_depr,0.06,41,788,0.0,2,0.1379103,0.13791035,0.94228464,0.114212945,0.114212945,1.0,5.193727e-08,4.5474067e-07,-26.005032,2.0730677,0.6910226,0.16800001,0.0,0.13648698,15.72017,15.7401705,2524800
hardzero_plus_depr__c0p50__z1p00__lam0p020__nu0p50__psi0p75,hardzero_plus_depr,0.06,41,789,0.0,2,0.13791035,0.13791035,1.0245646,0.0,0.09450077,0.0,0.0,4.4797034e-07,-27.412123,2.2540872,0.75136244,0.216,0.0,0.15005623,15.7401705,15.760171,2528000
hardzero_plus_depr__c0p50__z1p00__lam0p020__nu0p50__psi0p75,hardzero_plus_depr,0.06,41,790,0.0,2,0.13791035,0.13791035,1.0744696,0.0,0.08424234,0.0,0.0,4.4130078e-07,-28.71523,2.3638802,0.78796005,0.128,0.0,0.18653096,15.760171,15.780171,2531200
hardzero_plus_depr__c0p50__z1p00__lam0p020__nu0p50__psi0p75,hardzero_plus_depr,0.06,41,791,0.0,2,0.13791035,0.1379104,0.98929596,0.10249533,0.10249533,1.0,4.4557847e-08,4.347305e-07,-27.239555,2.1764946,0.7254982,0.18400002,0.0,0.19081008,15.780171,15.800172,2534400
hardzero_plus_depr__c0p50__z1p00__lam0p020__nu0p50__psi0p75,hardzero_plus_depr,0.06,41,792,0.0,2,0.1379104,0.1379104,1.0660744,0.0,0.08588664,0.0,0.0,4.2825806e-07,-27.92135,2.3454103,0.7818035,0.16000001,0.0,0.16891922,15.800172,15.820172,2537600
hardzero_plus_depr__c0p50__z1p00__lam0p020__nu0p50__psi0p75,hardzero_plus_depr,0.06,41,793,0.0,2,0.1379104,0.13791044,0.9790535,0.104941316,0.104941316,1.0,4.427285e-08,4.2188196e-07,-27.409264,2.1539607,0.71798694,0.19999999,0.0,0.1481159,15.820172,15.840173,2540800
hardzero_plus_depr__c0p50__z1p00__lam0p020__nu0p50__psi0p75,hardzero_plus_depr,0.06,41,794,0.0,2,0.13791044,0.13791044,1.0225981,0.0,0.09492964,0.0,0.0,4.1560082e-07,-26.101915,2.2497609,0.7499203,0.16000001,0.0,0.13994496,15.840173,15.860173,2544000
hardzero_plus_depr__c0p50__z1p00__lam0p020__nu0p50__psi0p75,hardzero_plus_depr,0.06,41,795,0.0,2,0.13791044,0.13791044,1.053529,0.0,0.0884038,0.0,0.0,4.0941325e-07,-27.764067,2.31781,0.7726034,0.15200001,0.0,0.14854823,15.860173,15.880174,2547200
hardzero_plus_depr__c0p50__z1p00__lam0p020__nu0p50__psi0p75,hardzero_plus_depr,0.06,41,796,0.0,2,0.13791044,0.13791049,0.94409746,0.113737196,0.113737196,1.0,4.5872227e-08,4.0331773e-07,-26.506504,2.077056,0.692352,0.18400002,0.0,0.1449198,15.880174,15.900174,2550400
hardzero_plus_depr__c0p50__z1p00__lam0p020__nu0p50__psi0p75,hardzero_plus_depr,0.06,41,797,0.0,2,0.13791049,0.13791053,0.9525884,0.11153511,0.11153511,1.0,4.431434e-08,3.9731293e-07,-26.219358,2.0957363,0.6985788,0.16000001,0.0,0.13985083,15.900174,15.920175,2553600
hardzero_plus_depr__c0p50__z1p00__lam0p020__nu0p50__psi0p75,hardzero_plus_depr,0.06,41,798,0.0,2,0.13791053,0.13791053,1.0187483,0.0,0.095774904,0.0,0.0,3.9139758e-07,-27.100082,2.241291,0.747097,0.17600001,0.0,0.1494222,15.920175,15.940175,2556800
hardzero_plus_depr__c0p50__z1p00__lam0p020__nu0p50__psi0p75,hardzero_plus_depr,0.06,41,799,0.0,2,0.13791053,0.13791053,1.0084822,0.0,0.09806584,0.0,0.0,3.8557033e-07,-26.973787,2.2187052,0.7395684,0.120000005,0.0,0.14530143,15.940175,15.9601755,2560000
hardzero_plus_depr__c0p50__z1p00__lam0p020__nu0p50__psi0p75,hardzero_plus_depr,0.06,41,800,0.0,2,0.13791053,0.13791057,0.9572223,0.110351354,0.110351354,1.0,4.191473e-08,3.798298e-07,-26.404364,2.105931,0.701977,0.18400002,0.0,0.1580742,15.9601755,15.980176,2563200
hardzero_plus_depr__c0p50__z1p00__lam0p020__nu0p50__psi0p75,hardzero_plus_depr,0.06,41,801,0.0,2,0.13791057,0.13791057,1.0071985,0.0,0.09835614,0.0,0.0,3.7417473e-07,-27.161766,2.2158809,0.73862696,0.15200001,0.0,0.1445556,15.980176,16.000175,2566400
hardzero_plus_depr__c0p50__z1p00__lam0p020__nu0p50__psi0p75,hardzero_plus_depr,0.06,41,802,0.0,2,0.13791057,0.13791062,0.99233294,0.101781085,0.101781085,1.0,3.7516937e-08,3.6860422e-07,-26.590754,2.183176,0.7277254,0.16800001,0.0,0.14019501,16.000175,16.020176,2569600
hardzero_plus_depr__c0p50__z1p00__lam0p020__nu0p50__psi0p75,hardzero_plus_depr,0.06,41,803,0.0,2,0.13791062,0.13791062,1.0379157,0.0,0.09163984,0.0,0.0,3.6311633e-07,-27.624222,2.2834601,0.7611534,0.2,0.0,0.18725517,16.020176,16.040176,2572800
hardzero_plus_depr__c0p50__z1p00__lam0p020__nu0p50__psi0p75,hardzero_plus_depr,0.06,41,804,0.0,2,0.13791062,0.13791066,0.9580941,0.11013005,0.11013005,1.0,3.9394628e-08,3.5771006e-07,-25.563349,2.1078491,0.7026164,0.2,0.0,0.12964763,16.040176,16.060177,2576000
hardzero_plus_depr__c0p50__z1p00__lam0p020__nu0p50__psi0p75,hardzero_plus_depr,0.06,41,805,0.0,2,0.13791066,0.13791066,1.0500327,0.0,0.089118384,0.0,0.0,3.5238435e-07,-27.997372,2.3101182,0.77003944,0.104,0.0,0.18507619,16.060177,16.080177,2579200
hardzero_plus_depr__c0p50__z1p00__lam0p020__nu0p50__psi0p75,hardzero_plus_depr,0.06,41,806,0.0,2,0.13791066,0.13791066,1.021193,0.0,0.09523727,0.0,0.0,3.471379e-07,-26.81401,2.2466695,0.74888986,0.14999999,0.0,0.15303828,16.080177,16.100178,2582400
hardzero_plus_depr__c0p50__z1p00__lam0p020__nu0p50__psi0p75,hardzero_plus_depr,0.06,41,807,0.0,2,0.13791066,0.13791066,1.0151744,0.0,0.09656631,0.0,0.0,3.4196958e-07,-26.884499,2.2334282,0.7444761,0.192,0.0,0.15407214,16.100178,16.120178,2585600
hardzero_plus_depr__c0p50__z1p00__lam0p020__nu0p50__psi0p75,hardzero_plus_depr,0.06,41,808,0.0,2,0.13791066,0.1379107,0.9714226,0.1068015,0.1068015,1.0,3.59791e-08,3.368782e-07,-26.37502,2.1371725,0.71239084,0.16800001,0.0,0.1439208,16.120178,16.140179,2588800
hardzero_plus_depr__c0p50__z1p00__lam0p020__nu0p50__psi0p75,hardzero_plus_depr,0.06,41,809,0.0,2,0.1379107,0.1379107,1.0510491,0.0,0.08891006,0.0,0.0,3.3186262e-07,-28.045166,2.3123543,0.7707848,0.112,0.0,0.17657189,16.140179,16.16018,2592000
hardzero_plus_depr__c0p50__z1p00__lam0p020__nu0p50__psi0p75,hardzero_plus_depr,0.06,41,810,0.0,2,0.1379107,0.1379107,1.0322863,0.0,0.09283541,0.0,0.0,3.269217e-07,-27.214493,2.2710752,0.7570251,0.15200001,0.0,0.14671579,16.16018,16.18018,2595200
hardzero_plus_depr__c0p50__z1p00__lam0p020__nu0p50__psi0p75,hardzero_plus_depr,0.06,41,811,0.0,2,0.1379107,0.13791072,0.994716,0.10122413,0.10122413,1.0,3.2599676e-08,3.2205438e-07,-26.862896,2.1884189,0.729473,0.16800001,0.0,0.147875,16.18018,16.20018,2598400
hardzero_plus_depr__c0p50__z1p00__lam0p020__nu0p50__psi0p75,hardzero_plus_depr,0.06,41,812,0.0,2,0.13791072,0.13791072,1.0606719,0.0,0.0869617,0.0,0.0,3.172595e-07,-27.751535,2.3335247,0.77784157,0.128,0.0,0.17649348,16.20018,16.22018,2601600
hardzero_plus_depr__c0p50__z1p00__lam0p020__nu0p50__psi0p75,hardzero_plus_depr,0.06,41,813,0.0,2,0.13791072,0.13791072,1.0266316,0.0,0.09405208,0.0,0.0,3.1253603e-07,-27.083006,2.2586346,0.7528782,0.16000001,0.0,0.15980817,16.22018,16.240181,2604800
hardzero_plus_depr__c0p50__z1p00__lam0p020__nu0p50__psi0p75,hardzero_plus_depr,0.06,41,814,0.0,2,0.13791072,0.13791075,0.9390387,0.11506979,0.11506979,1.0,3.5428016e-08,3.0788286e-07,-26.711723,2.0659263,0.68864214,0.16000001,0.0,0.14224926,16.240181,16.260181,2608000
hardzero_plus_depr__c0p50__z1p00__lam0p020__nu0p50__psi0p75,hardzero_plus_depr,0.06,41,815,0.0,2,0.13791075,0.13791075,1.037276,0.0,0.09177491,0.0,0.0,3.0329898e-07,-27.448767,2.2820528,0.76068425,0.14400001,0.0,0.19637921,16.260181,16.280182,2611200
hardzero_plus_depr__c0p50__z1p00__lam0p020__nu0p50__psi0p75,hardzero_plus_depr,0.06,41,816,0.0,2,0.13791075,0.13791078,0.9724906,0.10653919,0.10653919,1.0,3.1832133e-08,2.9878333e-07,-26.45379,2.139522,0.71317405,0.192,0.0,0.16390353,16.280182,16.300182,2614400
hardzero_plus_depr__c0p50__z1p00__lam0p020__nu0p50__psi0p75,hardzero_plus_depr,0.06,41,817,0.0,2,0.13791078,0.13791078,1.0588481,0.0,0.08732767,0.0,0.0,2.9433494e-07,-27.298239,2.3295124,0.77650416,0.136,0.0,0.15576403,16.300182,16.320183,2617600
hardzero_plus_depr__c0p50__z1p00__lam0p020__nu0p50__psi0p75,hardzero_plus_depr,0.06,41,818,0.0,2,0.13791078,0.13791078,1.0180396,0.0,0.09593131,0.0,0.0,2.8995277e-07,-26.705,2.2397318,0.74657726,0.096,0.0,0.14445046,16.320183,16.340183,2620800
hardzero_plus_depr__c0p50__z1p00__lam0p020__nu0p50__psi0p75,hardzero_plus_depr,0.06,41,819,0.0,2,0.13791078,0.13791078,1.0754299,0.0,0.08405626,0.0,0.0,2.856358e-07,-28.282978,2.365993,0.78866434,0.13,0.0,0.1567364,16.340183,16.360184,2624000
hardzero_plus_depr__c0p50__z1p00__lam0p020__nu0p50__psi0p75,hardzero_plus_depr,0.06,41,820,0.0,2,0.13791078,0.13791078,1.0244762,0.0,0.09452001,0.0,0.0,2.8138317e-07,-27.265944,2.2538927,0.7512976,0.16800001,0.0,0.1870476,16.360184,16.380184,2627200
hardzero_plus_depr__c0p50__z1p00__lam0p020__nu0p50__psi0p75,hardzero_plus_depr,0.06,41,821,0.0,2,0.13791078,0.13791078,1.0638148,0.0,0.086334676,0.0,0.0,2.771938e-07,-27.851692,2.3404393,0.7801465,0.120000005,0.0,0.15562187,16.380184,16.400185,2630400
hardzero_plus_depr__c0p50__z1p00__lam0p020__nu0p50__psi0p75,hardzero_plus_depr,0.06,41,822,0.0,2,0.13791078,0.13791078,1.0245856,0.0,0.09449622,0.0,0.0,2.7306686e-07,-27.377197,2.2541335,0.7513778,0.216,0.0,0.1377092,16.400185,16.420185,2633600
hardzero_plus_depr__c0p50__z1p00__lam0p020__nu0p50__psi0p75,hardzero_plus_depr,0.06,41,823,0.0,2,0.13791078,0.13791078,1.0011247,0.0,0.09974136,0.0,0.0,2.6900133e-07,-26.722046,2.2025185,0.7341728,0.2,0.0,0.15089372,16.420185,16.440186,2636800
hardzero_plus_depr__c0p50__z1p00__lam0p020__nu0p50__psi0p75,hardzero_plus_depr,0.06,41,824,0.0,2,0.13791078,0.13791078,1.0371053,0.0,0.09181099,0.0,0.0,2.6499632e-07,-27.82542,2.2816772,0.7605591,0.128,0.0,0.15525782,16.440186,16.460186,2640000
hardzero_plus_depr__c0p50__z1p00__lam0p020__nu0p50__psi0p75,hardzero_plus_depr,0.06,41,825,0.0,2,0.13791078,0.13791081,0.990869,0.10212475,0.10212475,1.0,2.665976e-08,2.6105093e-07,-27.23888,2.1799552,0.7266518,0.128,0.0,0.14271767,16.460186,16.480186,2643200
hardzero_plus_depr__c0p50__z1p00__lam0p020__nu0p50__psi0p75,hardzero_plus_depr,0.06,41,826,0.0,2,0.13791081,0.13791084,0.9540902,0.11115008,0.11115008,1.0,2.8583834e-08,2.5716432e-07,-25.969223,2.0990403,0.6996801,0.2,0.0,0.13047731,16.480186,16.500187,2646400
hardzero_plus_depr__c0p50__z1p00__lam0p020__nu0p50__psi0p75,hardzero_plus_depr,0.06,41,827,0.0,2,0.13791084,0.13791084,1.0289521,0.0,0.093550876,0.0,0.0,2.5333554e-07,-27.746496,2.2637398,0.75457996,0.18400002,0.0,0.15503332,16.500187,16.520187,2649600
hardzero_plus_depr__c0p50__z1p00__lam0p020__nu0p50__psi0p75,hardzero_plus_depr,0.06,41,828,0.0,2,0.13791084,0.13791084,1.0620025,0.0,0.08669567,0.0,0.0,2.4956378e-07,-27.879421,2.3364522,0.7788174,0.14400001,0.0,0.15085731,16.520187,16.540188,2652800
hardzero_plus_depr__c0p50__z1p00__lam0p020__nu0p50__psi0p75,hardzero_plus_depr,0.06,41,829,0.0,2,0.13791084,0.13791084,1.0193845,0.0,0.095634684,0.0,0.0,2.4584818e-07,-27.322596,2.2426908,0.7475636,0.16800001,0.008,0.18783186,16.540188,16.560188,2656000
hardzero_plus_depr__c0p50__z1p00__lam0p020__nu0p50__psi0p75,hardzero_plus_depr,0.06,41,830,0.0,2,0.13791084,0.13791084,1.046407,0.0,0.0898655,0.0,0.0,2.4218792e-07,-27.39071,2.3021414,0.7673805,0.15200001,0.0,0.16962555,16.560188,16.580189,2659200
hardzero_plus_depr__c0p50__z1p00__lam0p020__nu0p50__psi0p75,hardzero_plus_depr,0.06,41,831,0.0,2,0.13791084,0.13791087,0.9928339,0.10166374,0.10166374,1.0,2.425515e-08,2.3858212e-07,-26.631647,2.1842782,0.7280928,0.14400001,0.0,0.12555338,16.580189,16.60019,2662400
hardzero_plus_depr__c0p50__z1p00__lam0p020__nu0p50__psi0p75,hardzero_plus_depr,0.06,41,832,0.0,2,0.13791087,0.13791087,1.0507708,0.0,0.088967055,0.0,0.0,2.3503e-07,-27.92154,2.3117418,0.77058065,0.14,0.0,0.1555908,16.60019,16.62019,2665600
hardzero_plus_depr__c0p50__z1p00__lam0p020__nu0p50__psi0p75,hardzero_plus_depr,0.06,41,833,0.0,2,0.13791087,0.1379109,0.9807029,0.10454352,0.10454352,1.0,2.4205043e-08,2.3153078e-07,-26.1174,2.1575894,0.7191965,0.112,0.0,0.14155895,16.62019,16.64019,2668800
hardzero_plus_depr__c0p50__z1p00__lam0p020__nu0p50__psi0p75,hardzero_plus_depr,0.06,41,834,0.0,2,0.1379109,0.1379109,1.0200452,0.0,0.09548932,0.0,0.0,2.2808366e-07,-27.13451,2.2441442,0.74804807,0.16800001,0.008,0.17158559,16.64019,16.66019,2672000
hardzero_plus_depr__c0p50__z1p00__lam0p020__nu0p50__psi0p75,hardzero_plus_depr,0.06,41,835,0.0,2,0.1379109,0.13791093,0.977852,0.10523205,0.10523205,1.0,2.3644365e-08,2.2468785e-07,-25.680635,2.1513174,0.7171058,0.17600001,0.0,0.17019865,16.66019,16.680191,2675200
hardzero_plus_depr__c0p50__z1p00__lam0p020__nu0p50__psi0p75,hardzero_plus_depr,0.06,41,836,0.0,2,0.13791093,0.13791093,1.0330454,0.0,0.092673294,0.0,0.0,2.2134262e-07,-27.853199,2.2727454,0.75758183,0.192,0.0,0.17291497,16.680191,16.700191,2678400
hardzero_plus_depr__c0p50__z1p00__lam0p020__nu0p50__psi0p75,hardzero_plus_depr,0.06,41,837,0.0,2,0.13791093,0.13791093,1.0249923,0.0,0.09440774,0.0,0.0,2.1804719e-07,-27.340145,2.2550282,0.7516761,0.14400001,0.0,0.14651532,16.700191,16.720192,2681600
hardzero_plus_depr__c0p50__z1p00__lam0p020__nu0p50__psi0p75,hardzero_plus_depr,0.06,41,838,0.0,2,0.13791093,0.13791095,0.9849264,0.103531756,0.103531756,1.0,2.2238707e-08,2.1480082e-07,-26.514328,2.1668813,0.7222938,0.224,0.0,0.16210893,16.720192,16.740192,2684800
hardzero_plus_depr__c0p50__z1p00__lam0p020__nu0p50__psi0p75,hardzero_plus_depr,0.06,41,839,0.0,2,0.13791095,0.13791096,0.9774827,0.10532158,0.10532158,1.0,2.228634e-08,2.1160278e-07,-25.885614,2.1505048,0.71683496,0.15200001,0.0,0.13047707,16.740192,16.760193,2688000
hardzero_plus_depr__c0p50__z1p00__lam0p020__nu0p50__psi0p75,hardzero_plus_depr,0.06,41,840,0.0,2,0.13791096,0.13791096,1.0202683,0.0,0.095440276,0.0,0.0,2.0845233e-07,-27.535728,2.244635,0.74821174,0.16800001,0.0,0.17598566,16.760193,16.780193,2691200
hardzero_plus_depr__c0p50__z1p00__lam0p020__nu0p50__psi0p75,hardzero_plus_depr,0.06,41,841,0.0,2,0.13791096,0.13791099,0.9553683,0.11082347,0.11082347,1.0,2.2757469e-08,2.0534883e-07,-26.860022,2.1018522,0.70061743,0.23200001,0.0,0.15893744,16.780193,16.800194,2694400
hardzero_plus_depr__c0p50__z1p00__lam0p020__nu0p50__psi0p75,hardzero_plus_depr,0.06,41,842,0.0,2,0.13791099,0.13791099,1.0028371,0.0,0.09934886,0.0,0.0,2.022915e-07,-26.879963,2.2062855,0.7354285,0.136,0.0,0.15316544,16.800194,16.820194,2697600
hardzero_plus_depr__c0p50__z1p00__lam0p020__nu0p50__psi0p75,hardzero_plus_depr,0.06,41,843,0.0,2,0.13791099,0.13791099,1.0652397,0.0,0.086051874,0.0,0.0,1.9927971e-07,-27.317911,2.343574,0.78119135,0.14400001,0.0,0.16197143,16.820194,16.840195,2700800
hardzero_plus_depr__c0p50__z1p00__lam0p020__nu0p50__psi0p75,hardzero_plus_depr,0.06,41,844,0.0,2,0.13791099,0.13791099,1.0256137,0.0,0.094272785,0.0,0.0,1.9631277e-07,-26.112694,2.256395,0.7521317,0.15200001,0.0,0.15792316,16.840195,16.860195,2704000
hardzero_plus_depr__c0p50__z1p00__lam0p020__nu0p50__psi0p75,hardzero_plus_depr,0.06,41,845,0.0,2,0.13791099,0.13791099,1.0269959,0.0,0.09397323,0.0,0.0,1.9338997e-07,-26.869232,2.2594361,0.7531454,0.16,0.0,0.15454188,16.860195,16.880196,2707200
hardzero_plus_depr__c0p50__z1p00__lam0p020__nu0p50__psi0p75,hardzero_plus_depr,0.06,41,846,0.0,2,0.13791099,0.13791099,1.0353726,0.0,0.09217802,0.0,0.0,1.9051069e-07,-27.778475,2.2778652,0.75928843,0.15200001,0.0,0.14764771,16.880196,16.900196,2710400
hardzero_plus_depr__c0p50__z1p00__lam0p020__nu0p50__psi0p75,hardzero_plus_depr,0.06,41,847,0.0,2,0.13791099,0.13791099,1.0523643,0.0,0.088641204,0.0,0.0,1.8767432e-07,-27.40735,2.3152478,0.77174926,0.128,0.0,0.1687193,16.900196,16.920197,2713600
hardzero_plus_depr__c0p50__z1p00__lam0p020__nu0p50__psi0p75,hardzero_plus_depr,0.06,41,848,0.0,2,0.13791099,0.137911,0.96934515,0.10731363,0.10731363,1.0,1.984016e-08,1.8488014e-07,-25.993088,2.132602,0.71086735,0.17600001,0.0,0.1381654,16.920197,16.940197,2716800
hardzero_plus_depr__c0p50__z1p00__lam0p020__nu0p50__psi0p75,hardzero_plus_depr,0.06,41,849,0.0,2,0.137911,0.137911,1.0187836,0.0,0.09576712,0.0,0.0,1.8212758e-07,-27.455837,2.2413685,0.7471229,0.15200001,0.0,0.14723074,16.940197,16.960197,2720000
hardzero_plus_depr__c0p50__z1p00__lam0p020__nu0p50__psi0p75,hardzero_plus_depr,0.06,41,850,0.0,2,0.137911,0.13791102,0.9955657,0.10102625,0.10102625,1.0,1.8125723e-08,1.7941598e-07,-26.737843,2.1902883,0.7300961,0.14400001,0.0,0.13223764,16.960197,16.980198,2723200
hardzero_plus_depr__c0p50__z1p00__lam0p020__nu0p50__psi0p75,hardzero_plus_depr,0.06,41,851,0.0,2,0.13791102,0.13791102,1.02643,0.0,0.094095744,0.0,0.0,1.7674476e-07,-27.356043,2.258191,0.75273037,0.208,0.008,0.17283618,16.980198,17.000198,2726400
hardzero_plus_depr__c0p50__z1p00__lam0p020__nu0p50__psi0p75,hardzero_plus_depr,0.06,41,852,0.0,2,0.13791102,0.13791102,1.0236584,0.0,0.09469817,0.0,0.0,1.7411331e-07,-27.632065,2.2520936,0.75069785,0.15200001,0.0,0.16211836,17.000198,17.020199,2729600
hardzero_plus_depr__c0p50__z1p00__lam0p020__nu0p50__psi0p75,hardzero_plus_depr,0.06,41,853,0.0,2,0.13791102,0.13791102,1.0282246,0.0,0.093707725,0.0,0.0,1.7152105e-07,-27.513733,2.2621393,0.75404644,0.16000001,0.0,0.12751614,17.020199,17.0402,2732800
hardzero_plus_depr__c0p50__z1p00__lam0p020__nu0p50__psi0p75,hardzero_plus_depr,0.06,41,854,0.0,2,0.13791102,0.13791104,0.97356296,0.106276445,0.106276445,1.0,1.7957252e-08,1.6896738e-07,-26.41928,2.1418812,0.7139604,0.2,0.0,0.13629578,17.0402,17.0602,2736000
hardzero_plus_depr__c0p50__z1p00__lam0p020__nu0p50__psi0p75,hardzero_plus_depr,0.06,41,855,0.0,2,0.13791104,0.13791104,1.0769042,0.0,0.0837714,0.0,0.0,1.6645171e-07,-27.662945,2.3692365,0.7897455,0.120000005,0.0,0.14997034,17.0602,17.0802,2739200
hardzero_plus_depr__c0p50__z1p00__lam0p020__nu0p50__psi0p75,hardzero_plus_depr,0.06,41,856,0.0,2,0.13791104,0.13791104,1.0158892,0.0,0.09640751,0.0,0.0,1.6397352e-07,-27.332119,2.2350008,0.7450003,0.17600001,0.0,0.16201167,17.0802,17.1002,2742400
hardzero_plus_depr__c0p50__z1p00__lam0p020__nu0p50__psi0p75,hardzero_plus_depr,0.06,41,857,0.0,2,0.13791104,0.13791105,0.9885117,0.10268058,0.10268058,1.0,1.658622e-08,1.6153221e-07,-26.354137,2.1747692,0.7249231,0.18400002,0.0,0.13637498,17.1002,17.120201,2745600
hardzero_plus_depr__c0p50__z1p00__lam0p020__nu0p50__psi0p75,hardzero_plus_depr,0.06,41,858,0.0,2,0.13791105,0.13791105,1.0921875,0.0,0.08087467,0.0,0.0,1.5912727e-07,-28.936995,2.4028604,0.8009535,0.14999999,0.0,0.16693105,17.120201,17.140202,2748800
hardzero_plus_depr__c0p50__z1p00__lam0p020__nu0p50__psi0p75,hardzero_plus_depr,0.06,41,859,0.0,2,0.13791105,0.13791105,1.056137,0.0,0.08787454,0.0,0.0,1.567581e-07,-27.837046,2.3235476,0.77451587,0.16000001,0.0,0.16292265,17.140202,17.160202,2752000
hardzero_plus_depr__c0p50__z1p00__lam0p020__nu0p50__psi0p75,hardzero_plus_depr,0.06,41,860,0.0,2,0.13791105,0.13791105,1.018545,0.0,0.09581974,0.0,0.0,1.5442423e-07,-27.64352,2.2408438,0.74694794,0.16000001,0.0,0.16015004,17.160202,17.180202,2755200
hardzero_plus_depr__c0p50__z1p00__lam0p020__nu0p50__psi0p75,hardzero_plus_depr,0.06,41,861,0.0,2,0.13791105,0.13791107,0.93188334,0.11698135,0.11698135,1.0,1.7795799e-08,1.521251e-07,-25.394474,2.0501842,0.6833948,0.16000001,0.0,0.13305625,17.180202,17.200203,2758400
hardzero_plus_depr__c0p50__z1p00__lam0p020__nu0p50__psi0p75,hardzero_plus_depr,0.06,41,862,0.0,2,0.13791107,0.13791108,0.99749255,0.100579016,0.100579016,1.0,1.5072793e-08,1.4986021e-07,-26.676605,2.1945274,0.73150915,0.15200001,0.0,0.16080725,17.200203,17.220203,2761600
hardzero_plus_depr__c0p50__z1p00__lam0p020__nu0p50__psi0p75,hardzero_plus_depr,0.06,41,863,0.0,2,0.13791108,0.1379111,0.9846492,0.10359786,0.10359786,1.0,1.5294052e-08,1.4762904e-07,-26.394152,2.1662714,0.7220905,0.2,0.0,0.15707932,17.220203,17.240204,2764800
hardzero_plus_depr__c0p50__z1p00__lam0p020__nu0p50__psi0p75,hardzero_plus_depr,0.06,41,864,0.0,2,0.1379111,0.13791111,0.97708744,0.10541747,0.10541747,1.0,1.5330974e-08,1.4543106e-07,-25.825258,2.1496353,0.7165451,0.2,0.0,0.13214703,17.240204,17.260204,2768000
hardzero_plus_depr__c0p50__z1p00__lam0p020__nu0p50__psi0p75,hardzero_plus_depr,0.06,41,865,0.0,2,0.13791111,0.13791111,1.034031,0.0,0.09246321,0.0,0.0,1.4326584e-07,-27.539724,2.2749138,0.7583046,0.16800001,0.0,0.16123788,17.260204,17.280205,2771200
hardzero_plus_depr__c0p50__z1p00__lam0p020__nu0p50__psi0p75,hardzero_plus_depr,0.06,41,866,0.0,2,0.13791111,0.13791111,1.0261225,0.0,0.094162405,0.0,0.0,1.4113283e-07,-27.9898,2.2575145,0.7525048,0.15200001,0.0,0.14456856,17.280205,17.300205,2774400
hardzero_plus_depr__c0p50__z1p00__lam0p020__nu0p50__psi0p75,hardzero_plus_depr,0.06,41,867,0.0,2,0.13791111,0.13791113,0.966317,0.108064495,0.108064495,1.0,1.502438e-08,1.390316e-07,-24.927015,2.1259398,0.70864666,0.216,0.0,0.1349343,17.300205,17.320206,2777600
hardzero_plus_depr__c0p50__z1p00__lam0p020__nu0p50__psi0p75,hardzero_plus_depr,0.06,41,868,0.0,2,0.13791113,0.13791113,1.0442258,0.0,0.09031798,0.0,0.0,1.3696163e-07,-27.624533,2.2973428,0.7657809,0.2,0.0,0.13886501,17.320206,17.340206,2780800
hardzero_plus_depr__c0p50__z1p00__lam0p020__nu0p50__psi0p75,hardzero_plus_depr,0.06,41,869,0.0,2,0.13791113,0.13791113,1.0609325,0.0,0.08690953,0.0,0.0,1.3492249e-07,-27.738995,2.334098,0.7780327,0.120000005,0.0,0.16920711,17.340206,17.360207,2784000
hardzero_plus_depr__c0p50__z1p00__lam0p020__nu0p50__psi0p75,hardzero_plus_depr,0.06,41,870,0.0,2,0.13791113,0.13791114,0.97281337,0.10646003,0.10646003,1.0,1.4149998e-08,1.3291371e-07,-26.560892,2.140232,0.71341074,0.192,0.0,0.14666538,17.360207,17.380207,2787200
hardzero_plus_depr__c0p50__z1p00__lam0p020__nu0p50__psi0p75,hardzero_plus_depr,0.06,41,871,0.0,2,0.13791114,0.13791114,1.0073396,0.0,0.098324195,0.0,0.0,1.3093485e-07,-26.47726,2.2161913,0.73873043,0.16,0.0,0.14959645,17.380207,17.400208,2790400
hardzero_plus_depr__c0p50__z1p00__lam0p020__nu0p50__psi0p75,hardzero_plus_depr,0.06,41,872,0.0,2,0.13791114,0.13791114,1.0101256,0.0,0.09769544,0.0,0.0,1.2898543e-07,-27.290451,2.2223208,0.7407736,0.15200001,0.0,0.15857019,17.400208,17.420208,2793600
hardzero_plus_depr__c0p50__z1p00__lam0p020__nu0p50__psi0p75,hardzero_plus_depr,0.06,41,873,0.0,2,0.13791114,0.13791114,1.0386081,0.0,0.091493845,0.0,0.0,1.2706505e-07,-27.794605,2.2849834,0.7616612,0.064,0.0,0.14713573,17.420208,17.440208,2796800
hardzero_plus_depr__c0p50__z1p00__lam0p020__nu0p50__psi0p75,hardzero_plus_depr,0.06,41,874,0.0,2,0.13791114,0.13791114,1.0585226,0.0,0.08739315,0.0,0.0,1.2517324e-07,-28.17414,2.3287961,0.7762654,0.128,0.0,0.19188903,17.440208,17.460209,2800000
hardzero_plus_depr__c0p50__z1p00__lam0p020__nu0p50__psi0p75,hardzero_plus_depr,0.06,41,875,0.0,2,0.13791114,0.13791114,1.0295912,0.0,0.093413316,0.0,0.0,1.2330962e-07,-27.650898,2.2651458,0.75504863,0.136,0.0,0.16647245,17.460209,17.48021,2803200
hardzero_plus_depr__c0p50__z1p00__lam0p020__nu0p50__psi0p75,hardzero_plus_depr,0.06,41,876,0.0,2,0.13791114,0.13791116,0.93813825,0.115308605,0.115308605,1.0,1.4006968e-08,1.2147375e-07,-25.620895,2.0639453,0.6879818,0.208,0.0,0.15889597,17.48021,17.50021,2806400
hardzero_plus_depr__c0p50__z1p00__lam0p020__nu0p50__psi0p75,hardzero_plus_depr,0.06,41,877,0.0,2,0.13791116,0.13791116,1.0712494,0.0,0.0848693,0.0,0.0,1.196652e-07,-28.56475,2.3567955,0.7855985,0.14400001,0.0,0.16987635,17.50021,17.52021,2809600
hardzero_plus_depr__c0p50__z1p00__lam0p020__nu0p50__psi0p75,hardzero_plus_depr,0.06,41,878,0.0,2,0.13791116,0.13791116,1.0167155,0.0,0.09622424,0.0,0.0,1.17883566e-07,-27.611427,2.2368188,0.7456063,0.14400001,0.0,0.15957351,17.52021,17.54021,2812800
hardzero_plus_depr__c0p50__z1p00__lam0p020__nu0p50__psi0p75,hardzero_plus_depr,0.06,41,879,0.0,2,0.13791116,0.13791116,1.0255986,0.0,0.09427604,0.0,0.0,1.16128454e-07,-28.101967,2.2563622,0.75212073,0.16800001,0.008,0.16090955,17.54021,17.560211,2816000
hardzero_plus_depr__c0p50__z1p00__lam0p020__nu0p50__psi0p75,hardzero_plus_depr,0.06,41,880,0.0,2,0.13791116,0.13791116,1.0278426,0.0,0.09379017,0.0,0.0,1.143995e-07,-27.729994,2.261299,0.7537663,0.16800001,0.0,0.18967575,17.560211,17.580212,2819200
hardzero_plus_depr__c0p50__z1p00__lam0p020__nu0p50__psi0p75,hardzero_plus_depr,0.06,41,881,0.0,2,0.13791116,0.13791116,1.0305114,0.0,0.0932156,0.0,0.0,1.1269628e-07,-27.506351,2.2671704,0.7557235,0.16000001,0.0,0.14305863,17.580212,17.600212,2822400
hardzero_plus_depr__c0p50__z1p00__lam0p020__nu0p50__psi0p75,hardzero_plus_depr,0.06,41,882,0.0,2,0.13791116,0.13791116,1.0098306,0.0,0.097761855,0.0,0.0,1.1101841e-07,-27.030186,2.2216716,0.7405572,0.2,0.0,0.15574647,17.600212,17.620213,2825600
hardzero_plus_depr__c0p50__z1p00__lam0p020__nu0p50__psi0p75,hardzero_plus_depr,0.06,41,883,0.0,2,0.13791116,0.13791117,0.9763733,0.10559093,0.10559093,1.0,1.1548008e-08,1.0936552e-07,-27.611746,2.1480641,0.7160214,0.16800001,0.0,0.17060557,17.620213,17.640213,2828800
hardzero_plus_depr__c0p50__z1p00__lam0p020__nu0p50__psi0p75,hardzero_plus_depr,0.06,41,884,0.0,2,0.13791117,0.13791117,1.026321,0.0,0.094119355,0.0,0.0,1.0773725e-07,-27.353954,2.2579515,0.7526505,0.14,0.0,0.14746803,17.640213,17.660213,2832000
hardzero_plus_depr__c0p50__z1p00__lam0p020__nu0p50__psi0p75,hardzero_plus_depr,0.06,41,885,0.0,2,0.13791117,0.13791117,1.0275474,0.0,0.09385397,0.0,0.0,1.0613321e-07,-27.87154,2.2606492,0.75354975,0.17600001,0.0,0.18543269,17.660213,17.680214,2835200
hardzero_plus_depr__c0p50__z1p00__lam0p020__nu0p50__psi0p75,hardzero_plus_depr,0.06,41,886,0.0,2,0.13791117,0.13791117,1.0121435,0.0,0.09724258,0.0,0.0,1.0455306e-07,-27.298008,2.2267601,0.7422534,0.15200001,0.0,0.15470256,17.680214,17.700214,2838400
hardzero_plus_depr__c0p50__z1p00__lam0p020__nu0p50__psi0p75,hardzero_plus_depr,0.06,41,887,0.0,2,0.13791117,0.13791117,1.0051103,0.0,0.0988302,0.0,0.0,1.0299643e-07,-27.379705,2.2112868,0.7370956,0.18400002,0.008,0.14420491,17.700214,17.720215,2841600
hardzero_plus_depr__c0p50__z1p00__lam0p020__nu0p50__psi0p75,hardzero_plus_depr,0.06,41,888,0.0,2,0.13791117,0.13791117,1.0744019,0.0,0.08425548,0.0,0.0,1.0146297e-07,-28.32552,2.3637314,0.78791046,0.14400001,0.0,0.14644891,17.720215,17.740215,2844800
hardzero_plus_depr__c0p50__z1p00__lam0p020__nu0p50__psi0p75,hardzero_plus_depr,0.06,41,889,0.0,2,0.13791117,0.13791117,1.0323226,0.0,0.09282764,0.0,0.0,9.9952366e-08,-27.39466,2.271155,0.7570517,0.112,0.0,0.1491073,17.740215,17.760216,2848000
hardzero_plus_depr__c0p50__z1p00__lam0p020__nu0p50__psi0p75,hardzero_plus_depr,0.06,41,890,0.0,2,0.13791117,0.13791117,1.019038,0.0,0.09571103,0.0,0.0,9.846422e-08,-27.12353,2.2419283,0.74730945,0.16000001,0.0,0.17571546,17.760216,17.780216,2851200
hardzero_plus_depr__c0p50__z1p00__lam0p020__nu0p50__psi0p75,hardzero_plus_depr,0.06,41,891,0.0,2,0.13791117,0.13791119,0.99622905,0.10087208,0.10087208,1.0,9.784415e-09,9.699825e-08,-27.299591,2.1917477,0.7305826,0.17600001,0.0,0.15936755,17.780216,17.800217,2854400
hardzero_plus_depr__c0p50__z1p00__lam0p020__nu0p50__psi0p75,hardzero_plus_depr,0.06,41,892,0.0,2,0.13791119,0.13791119,1.017664,0.0,0.09601432,0.0,0.0,9.55541e-08,-26.21798,2.2389054,0.74630183,0.15200001,0.0,0.1834566,17.800217,17.820217,2857600
hardzero_plus_depr__c0p50__z1p00__lam0p020__nu0p50__psi0p75,hardzero_plus_depr,0.06,41,893,0.0,2,0.13791119,0.13791119,1.0241717,0.0,0.09458631,0.0,0.0,9.413146e-08,-27.142796,2.2532227,0.75107425,0.120000005,0.0,0.16159597,17.820217,17.840218,2860800
hardzero_plus_depr__c0p50__z1p00__lam0p020__nu0p50__psi0p75,hardzero_plus_depr,0.06,41,894,0.0,2,0.13791119,0.13791119,1.0370262,0.0,0.09182773,0.0,0.0,9.272999e-08,-27.343243,2.2815032,0.7605011,0.096,0.0,0.16774496,17.840218,17.860218,2864000
hardzero_plus_depr__c0p50__z1p00__lam0p020__nu0p50__psi0p75,hardzero_plus_depr,0.06,41,895,0.0,2,0.13791119,0.1379112,0.95297384,0.11143615,0.11143615,1.0,1.0179624e-08,9.1349385e-08,-25.666447,2.0965843,0.6988615,0.16000001,0.0,0.13923307,17.860218,17.880219,2867200
hardzero_plus_depr__c0p50__z1p00__lam0p020__nu0p50__psi0p75,hardzero_plus_depr,0.06,41,896,0.0,2,0.1379112,0.13791122,0.99491245,0.101178326,0.101178326,1.0,9.104971e-09,8.998934e-08,-27.34452,2.188851,0.72961706,0.16000001,0.0,0.17188203,17.880219,17.900219,2870400
hardzero_plus_depr__c0p50__z1p00__lam0p020__nu0p50__psi0p75,hardzero_plus_depr,0.06,41,897,0.0,2,0.13791122,0.13791122,1.0368651,0.0,0.091861784,0.0,0.0,8.864954e-08,-26.629839,2.281149,0.760383,0.14,0.0,0.14017814,17.900219,17.92022,2873600
hardzero_plus_depr__c0p50__z1p00__lam0p020__nu0p50__psi0p75,hardzero_plus_depr,0.06,41,898,0.0,2,0.13791122,0.13791123,0.99313605,0.10159303,0.10159303,1.0,8.872089e-09,8.7329695e-08,-26.776176,2.184943,0.72831434,0.216,0.0,0.1530662,17.92022,17.94022,2876800
hardzero_plus_depr__c0p50__z1p00__lam0p020__nu0p50__psi0p75,hardzero_plus_depr,0.06,41,899,0.0,2,0.13791123,0.13791123,1.0131626,0.0,0.097014666,0.0,0.0,8.6029495e-08,-26.728083,2.2290022,0.74300075,0.16000001,0.0,0.15797341,17.94022,17.96022,2880000
hardzero_plus_depr__c0p50__z1p00__lam0p020__nu0p50__psi0p75,hardzero_plus_depr,0.06,41,900,0.0,2,0.13791123,0.13791125,0.9985889,0.10032544,0.10032544,1.0,8.502446e-09,8.474865e-08,-26.697159,2.1969395,0.73231316,0.216,0.008,0.16902308,17.96022,17.98022,2883200
hardzero_plus_depr__c0p50__z1p00__lam0p020__nu0p50__psi0p75,hardzero_plus_depr,0.06,41,901,0.0,2,0.13791125,0.13791126,0.9969694,0.10070026,0.10070026,1.0,8.40715e-09,8.3486874e-08,-27.597605,2.1933765,0.73112553,0.18400002,0.0,0.15294869,17.98022,18.000221,2886400
hardzero_plus_depr__c0p50__z1p00__lam0p020__nu0p50__psi0p75,hardzero_plus_depr,0.06,41,902,0.0,2,0.13791126,0.13791126,1.0206578,0.0,0.095354736,0.0,0.0,8.22439e-08,-27.587736,2.245492,0.74849737,0.080000006,0.0,0.14430003,18.000221,18.020222,2889600
hardzero_plus_depr__c0p50__z1p00__lam0p020__nu0p50__psi0p75,hardzero_plus_depr,0.06,41,903,0.0,2,0.13791126,0.13791126,1.0492926,0.0,0.08927038,0.0,0.0,8.1019415e-08,-27.160097,2.3084898,0.7694966,0.17600001,0.0,0.1824195,18.020222,18.040222,2892800
hardzero_plus_depr__c0p50__z1p00__lam0p020__nu0p50__psi0p75,hardzero_plus_depr,0.06,41,904,0.0,2,0.13791126,0.13791126,1.0255055,0.0,0.094296254,0.0,0.0,7.9813155e-08,-26.905128,2.2561572,0.7520524,0.128,0.0,0.15258248,18.040222,18.060223,2896000
hardzero_plus_depr__c0p50__z1p00__lam0p020__nu0p50__psi0p75,hardzero_plus_depr,0.06,41,905,0.0,2,0.13791126,0.13791126,1.0208066,0.0,0.09532207,0.0,0.0,7.862488e-08,-27.169785,2.2458193,0.74860644,0.208,0.0,0.17790854,18.060223,18.080223,2899200
hardzero_plus_depr__c0p50__z1p00__lam0p020__nu0p50__psi0p75,hardzero_plus_depr,0.06,41,906,0.0,2,0.13791126,0.13791128,0.96744955,0.10778304,0.10778304,1.0,8.348257e-09,7.7454274e-08,-25.725267,2.1284316,0.7094772,0.136,0.0,0.14619088,18.080223,18.100224,2902400
hardzero_plus_depr__c0p50__z1p00__lam0p020__nu0p50__psi0p75,hardzero_plus_depr,0.06,41,907,0.0,2,0.13791128,0.13791129,0.995173,0.101117656,0.101117656,1.0,7.715389e-09,7.6301106e-08,-27.079563,2.1894243,0.7298081,0.136,0.0,0.15442336,18.100224,18.120224,2905600
hardzero_plus_depr__c0p50__z1p00__lam0p020__nu0p50__psi0p75,hardzero_plus_depr,0.06,41,908,0.0,2,0.13791129,0.1379113,0.97415614,0.10613138,0.10613138,1.0,7.977376e-09,7.5165104e-08,-27.557577,2.1431863,0.71439546,0.112,0.0,0.14829078,18.120224,18.140224,2908800
hardzero_plus_depr__c0p50__z1p00__lam0p020__nu0p50__psi0p75,hardzero_plus_depr,0.06,41,909,0.0,2,0.1379113,0.13791132,0.9804149,0.104612865,0.104612865,1.0,7.7461655e-09,7.4046014e-08,-26.09349,2.156956,0.7189853,0.2,0.0,0.14872466,18.140224,18.160225,2912000
hardzero_plus_depr__c0p50__z1p00__lam0p020__nu0p50__psi0p75,hardzero_plus_depr,0.06,41,910,0.0,2,0.13791132,0.13791132,1.0161525,0.0,0.096349046,0.0,0.0,7.294359e-08,-26.905247,2.2355802,0.7451934,0.17,0.0,0.15554243,18.160225,18.180225,2915200
hardzero_plus_depr__c0p50__z1p00__lam0p020__nu0p50__psi0p75,hardzero_plus_depr,0.06,41,911,0.0,2,0.13791132,0.13791132,1.028364,0.0,0.093677655,0.0,0.0,7.185758e-08,-27.68915,2.262446,0.75414866,0.16800001,0.0,0.1373486,18.180225,18.200226,2918400
hardzero_plus_depr__c0p50__z1p00__lam0p020__nu0p50__psi0p75,hardzero_plus_depr,0.06,41,912,0.0,2,0.13791132,0.13791133,0.9717793,0.10671382,0.10671382,1.0,7.554029e-09,7.0787735e-08,-26.341633,2.137957,0.7126524,0.14400001,0.0,0.13909051,18.200226,18.220226,2921600
hardzero_plus_depr__c0p50__z1p00__lam0p020__nu0p50__psi0p75,hardzero_plus_depr,0.06,41,913,0.0,2,0.13791133,0.13791133,1.042835,0.0,0.09060769,0.0,0.0,6.9733815e-08,-27.878408,2.2942827,0.7647609,0.136,0.0,0.17688574,18.220226,18.240227,2924800
hardzero_plus_depr__c0p50__z1p00__lam0p020__nu0p50__psi0p75,hardzero_plus_depr,0.06,41,914,0.0,2,0.13791133,0.13791133,0.9840102,0.10375039,0.10375039,1.0,7.1271944e-09,6.869559e-08,-26.536541,2.1648657,0.72162193,0.216,0.008,0.17365307,18.240227,18.260227,2928000
hardzero_plus_depr__c0p50__z1p00__lam0p020__nu0p50__psi0p75,hardzero_plus_depr,0.06,41,915,0.0,2,0.13791133,0.13791133,0.9895615,0.10243266,0.10243266,1.0,6.931907e-09,6.767282e-08,-26.00754,2.1770787,0.7256929,0.17600001,0.0,0.15431096,18.260227,18.280228,2931200
hardzero_plus_depr__c0p50__z1p00__lam0p020__nu0p50__psi0p75,hardzero_plus_depr,0.06,41,916,0.0,2,0.13791133,0.13791133,0.99633527,0.1008474,0.1008474,1.0,6.723021e-09,6.666529e-08,-26.525326,2.1919813,0.73066044,0.208,0.0,0.14210771,18.280228,18.300228,2934400
hardzero_plus_depr__c0p50__z1p00__lam0p020__nu0p50__psi0p75,hardzero_plus_depr,0.06,41,917,0.0,2,0.13791133,0.13791133,1.0021418,0.0,0.09950804,0.0,0.0,6.567275e-08,-27.322626,2.204756,0.7349187,0.192,0.0,0.15317161,18.300228,18.320229,2937600
hardzero_plus_depr__c0p50__z1p00__lam0p020__nu0p50__psi0p75,hardzero_plus_depr,0.06,41,918,0.0,2,0.13791133,0.13791133,1.0359422,0.0,0.09205722,0.0,0.0,6.469498e-08,-27.508425,2.2791183,0.75970614,0.128,0.0,0.15809351,18.320229,18.340229,2940800
hardzero_plus_depr__c0p50__z1p00__lam0p020__nu0p50__psi0p75,hardzero_plus_depr,0.06,41,919,0.0,2,0.13791133,0.13791133,1.0077062,0.0,0.09824124,0.0,0.0,6.373178e-08,-26.65204,2.2169979,0.7389993,0.18400002,0.0,0.15609424,18.340229,18.36023,2944000
hardzero_plus_depr__c0p50__z1p00__lam0p020__nu0p50__psi0p75,hardzero_plus_depr,0.06,41,920,0.0,2,0.13791133,0.13791133,1.0428797,0.0,0.09059835,0.0,0.0,6.278292e-08,-27.549217,2.2943811,0.76479375,0.136,0.0,0.15347236,18.36023,18.38023,2947200
hardzero_plus_depr__c0p50__z1p00__lam0p020__nu0p50__psi0p75,hardzero_plus_depr,0.06,41,921,0.0,2,0.13791133,0.13791133,1.0678258,0.0,0.08554097,0.0,0.0,6.1848176e-08,-29.054445,2.3492637,0.7830879,0.112,0.0,0.15800609,18.38023,18.40023,2950400
hardzero_plus_depr__c0p50__z1p00__lam0p020__nu0p50__psi0p75,hardzero_plus_depr,0.06,41,922,0.0,2,0.13791133,0.13791133,0.97424144,0.10611056,0.10611056,1.0,6.4650365e-09,6.092736e-08,-25.920063,2.143374,0.714458,0.18400002,0.0,0.13281472,18.40023,18.42023,2953600
hardzero_plus_depr__c0p50__z1p00__lam0p020__nu0p50__psi0p75,hardzero_plus_depr,0.06,41,923,0.0,2,0.13791133,0.13791133,0.9736531,0.106254406,0.106254406,1.0,6.377415e-09,6.002024e-08,-26.407461,2.1420796,0.7140266,0.22999999,0.0,0.14774118,18.42023,18.440231,2956800
hardzero_plus_depr__c0p50__z1p00__lam0p020__nu0p50__psi0p75,hardzero_plus_depr,0.06,41,924,0.0,2,0.13791133,0.13791133,1.0500159,0.0,0.089121826,0.0,0.0,5.9126638e-08,-27.366169,2.3100812,0.7700271,0.15200001,0.0,0.17419292,18.440231,18.460232,2960000
hardzero_plus_depr__c0p50__z1p00__lam0p020__nu0p50__psi0p75,hardzero_plus_depr,0.06,41,925,0.0,2,0.13791133,0.13791133,0.9902167,0.10227826,0.10227826,1.0,5.957334e-09,5.824634e-08,-26.410467,2.1785202,0.7261734,0.15200001,0.0,0.13816033,18.460232,18.480232,2963200
hardzero_plus_depr__c0p50__z1p00__lam0p020__nu0p50__psi0p75,hardzero_plus_depr,0.06,41,926,0.0,2,0.13791133,0.13791133,1.0240942,0.0,0.09460318,0.0,0.0,5.7379147e-08,-27.991255,2.2530522,0.75101745,0.16000001,0.0,0.1658829,18.480232,18.500233,2966400
hardzero_plus_depr__c0p50__z1p00__lam0p020__nu0p50__psi0p75,hardzero_plus_depr,0.06,41,927,0.0,2,0.13791133,0.13791133,1.0054667,0.0,0.09874913,0.0,0.0,5.652486e-08,-28.017536,2.212071,0.737357,0.208,0.0,0.16761753,18.500233,18.520233,2969600
hardzero_plus_depr__c0p50__z1p00__lam0p020__nu0p50__psi0p75,hardzero_plus_depr,0.06,41,928,0.0,2,0.13791133,0.13791133,0.99944526,0.10012783,0.10012783,1.0,5.5754477e-09,5.5683298e-08,-27.63936,2.1988235,0.73294115,0.272,0.008,0.18645313,18.520233,18.540234,2972800
hardzero_plus_depr__c0p50__z1p00__lam0p020__nu0p50__psi0p75,hardzero_plus_depr,0.06,41,929,0.0,2,0.13791133,0.13791133,0.996526,0.10080312,0.10080312,1.0,5.5294813e-09,5.4854265e-08,-26.940695,2.192401,0.73080033,0.15200001,0.0,0.14679876,18.540234,18.560234,2976000
hardzero_plus_depr__c0p50__z1p00__lam0p020__nu0p50__psi0p75,hardzero_plus_depr,0.06,41,930,0.0,2,0.13791133,0.13791133,1.0630631,0.0,0.0864842,0.0,0.0,5.4037567e-08,-28.289106,2.3387856,0.77959526,0.136,0.0,0.20621009,18.560234,18.580235,2979200
hardzero_plus_depr__c0p50__z1p00__lam0p020__nu0p50__psi0p75,hardzero_plus_depr,0.06,41,931,0.0,2,0.13791133,0.13791133,0.99563766,0.10100952,0.10100952,1.0,5.3770433e-09,5.3233038e-08,-26.278492,2.1904466,0.7301489,0.17600001,0.0,0.17254037,18.580235,18.600235,2982400
hardzero_plus_depr__c0p50__z1p00__lam0p020__nu0p50__psi0p75,hardzero_plus_depr,0.06,41,932,0.0,2,0.13791133,0.13791133,1.0400981,0.0,0.09118048,0.0,0.0,5.2440484e-08,-28.08803,2.2882614,0.76275384,0.14400001,0.0,0.16337375,18.600235,18.620235,2985600
hardzero_plus_depr__c0p50__z1p00__lam0p020__nu0p50__psi0p75,hardzero_plus_depr,0.06,41,933,0.0,2,0.13791133,0.13791133,1.0203261,0.0,0.09542756,0.0,0.0,5.1659725e-08,-27.688665,2.2447624,0.7482542,0.128,0.0,0.16062066,18.620235,18.640236,2988800
hardzero_plus_depr__c0p50__z1p00__lam0p020__nu0p50__psi0p75,hardzero_plus_depr,0.06,41,934,0.0,2,0.13791133,0.13791133,1.1017692,0.0,0.079109885,0.0,0.0,5.0890595e-08,-29.010256,2.4239407,0.80798024,0.15200001,0.0,0.1794485,18.640236,18.660236,2992000
hardzero_plus_depr__c0p50__z1p00__lam0p020__nu0p50__psi0p75,hardzero_plus_depr,0.06,41,935,0.0,2,0.13791133,0.13791133,0.99545234,0.101052634,0.101052634,1.0,5.0660636e-09,5.013292e-08,-26.97567,2.190039,0.730013,0.16800001,0.0,0.15240695,18.660236,18.680237,2995200
hardzero_plus_depr__c0p50__z1p00__lam0p020__nu0p50__psi0p75,hardzero_plus_depr,0.06,41,936,0.0,2,0.13791133,0.13791133,0.96492684,0.10841096,0.10841096,1.0,5.35404e-09,4.9386518e-08,-26.637941,2.1228814,0.7076272,0.21,0.0,0.13316974,18.680237,18.700237,2998400
hardzero_plus_depr__c0p50__z1p00__lam0p020__nu0p50__psi0p75,hardzero_plus_depr,0.06,41,937,0.0,2,0.13791133,0.13791133,1.0400362,0.0,0.09119349,0.0,0.0,4.8651234e-08,-27.161581,2.2881253,0.7627084,0.136,0.0,0.18610446,18.700237,18.720238,3001600
hardzero_plus_depr__c0p50__z1p00__lam0p020__nu0p50__psi0p75,hardzero_plus_depr,0.06,41,938,0.0,2,0.13791133,0.13791133,1.0804982,0.0,0.08308101,0.0,0.0,4.7926893e-08,-28.687922,2.3771436,0.7923812,0.17600001,0.0,0.16474195,18.720238,18.740238,3004800
hardzero_plus_depr__c0p50__z1p00__lam0p020__nu0p50__psi0p75,hardzero_plus_depr,0.06,41,939,0.0,2,0.13791133,0.13791133,1.0006155,0.0,0.09985838,0.0,0.0,4.7213337e-08,-26.551336,2.2013981,0.7337994,0.096,0.0,0.1475644,18.740238,18.760239,3008000
hardzero_plus_depr__c0p50__z1p00__lam0p020__nu0p50__psi0p75,hardzero_plus_depr,0.06,41,940,0.0,2,0.13791133,0.13791133,0.9654188,0.108288206,0.108288206,1.0,5.0365285e-09,4.6510408e-08,-26.83705,2.1239638,0.70798796,0.18400002,0.0,0.15447788,18.760239,18.78024,3011200
hardzero_plus_depr__c0p50__z1p00__lam0p020__nu0p50__psi0p75,hardzero_plus_depr,0.06,41,941,0.0,2,0.13791133,0.13791133,1.0095553,0.0,0.09782382,0.0,0.0,4.581794e-08,-26.57298,2.221066,0.7403554,0.16800001,0.008,0.15252295,18.78024,18.80024,3014400
hardzero_plus_depr__c0p50__z1p00__lam0p020__nu0p50__psi0p75,hardzero_plus_depr,0.06,41,942,0.0,2,0.13791133,0.13791133,1.0388798,0.0,0.09143663,0.0,0.0,4.513579e-08,-27.37161,2.285581,0.7618604,0.17600001,0.0,0.18810211,18.80024,18.82024,3017600
hardzero_plus_depr__c0p50__z1p00__lam0p020__nu0p50__psi0p75,hardzero_plus_depr,0.06,41,943,0.0,2,0.13791133,0.13791133,0.99266315,0.10170371,0.10170371,1.0,4.522132e-09,4.4463786e-08,-26.694733,2.1839025,0.7279675,0.18400002,0.0,0.16588679,18.82024,18.84024,3020800
hardzero_plus_depr__c0p50__z1p00__lam0p020__nu0p50__psi0p75,hardzero_plus_depr,0.06,41,944,0.0,2,0.13791133,0.13791133,1.0816135,0.0,0.082867905,0.0,0.0,4.380179e-08,-27.985403,2.3795972,0.79319906,0.128,0.0,0.16697285,18.84024,18.86024,3024000
hardzero_plus_depr__c0p50__z1p00__lam0p020__nu0p50__psi0p75,hardzero_plus_depr,0.06,41,945,0.0,2,0.13791133,0.13791133,1.0323602,0.0,0.09281963,0.0,0.0,4.3149655e-08,-28.359333,2.2712379,0.7570793,0.14400001,0.0,0.18924041,18.86024,18.880241,3027200
hardzero_plus_depr__c0p50__z1p00__lam0p020__nu0p50__psi0p75,hardzero_plus_depr,0.06,41,946,0.0,2,0.13791133,0.13791133,1.0311279,0.0,0.093083344,0.0,0.0,4.2507228e-08,-27.038515,2.2685268,0.75617564,0.15200001,0.0,0.14482616,18.880241,18.900242,3030400
hardzero_plus_depr__c0p50__z1p00__lam0p020__nu0p50__psi0p75,hardzero_plus_depr,0.06,41,947,0.0,2,0.13791133,0.13791133,1.0513124,0.0,0.08885617,0.0,0.0,4.187436e-08,-27.465204,2.3129337,0.7709779,0.192,0.0,0.16880897,18.900242,18.920242,3033600
hardzero_plus_depr__c0p50__z1p00__lam0p020__nu0p50__psi0p75,hardzero_plus_depr,0.06,41,948,0.0,2,0.13791133,0.13791133,0.9795963,0.10481024,0.10481024,1.0,4.3235184e-09,4.1250917e-08,-27.016066,2.155155,0.718385,0.18400002,0.0,0.14037164,18.920242,18.940243,3036800
hardzero_plus_depr__c0p50__z1p00__lam0p020__nu0p50__psi0p75,hardzero_plus_depr,0.06,41,949,0.0,2,0.13791133,0.13791133,1.041854,0.0,0.09081258,0.0,0.0,4.0636756e-08,-28.411772,2.2921245,0.76404154,0.17999999,0.0,0.17555985,18.940243,18.960243,3040000
hardzero_plus_depr__c0p50__z1p00__lam0p020__nu0p50__psi0p75,hardzero_plus_depr,0.06,41,950,0.0,2,0.13791133,0.13791133,1.0281433,0.0,0.093725264,0.0,0.0,4.0031743e-08,-27.247833,2.2619605,0.75398684,0.136,0.0,0.15594952,18.960243,18.980244,3043200
hardzero_plus_depr__c0p50__z1p00__lam0p020__nu0p50__psi0p75,hardzero_plus_depr,0.06,41,951,0.0,2,0.13791133,0.13791133,1.0100088,0.0,0.09772172,0.0,0.0,3.9435736e-08,-26.27246,2.2220638,0.74068797,0.15200001,0.0,0.1301551,18.980244,19.000244,3046400
hardzero_plus_depr__c0p50__z1p00__lam0p020__nu0p50__psi0p75,hardzero_plus_depr,0.06,41,952,0.0,2,0.13791133,0.13791133,0.9818551,0.10426653,0.10426653,1.0,4.0506087e-09,3.88486e-08,-26.25147,2.1601243,0.72004145,0.136,0.0,0.17727444,19.000244,19.020245,3049600
hardzero_plus_depr__c0p50__z1p00__lam0p020__nu0p50__psi0p75,hardzero_plus_depr,0.06,41,953,0.0,2,0.13791133,0.13791133,1.0522721,0.0,0.08866004,0.0,0.0,3.8270205e-08,-28.000822,2.3150449,0.77168167,0.120000005,0.0,0.17290169,19.020245,19.040245,3052800
hardzero_plus_depr__c0p50__z1p00__lam0p020__nu0p50__psi0p75,hardzero_plus_depr,0.06,41,954,0.0,2,0.13791133,0.13791133,1.0341457,0.0,0.09243881,0.0,0.0,3.7700424e-08,-26.867609,2.275166,0.7583887,0.18400002,0.0,0.1738291,19.040245,19.060246,3056000
hardzero_plus_depr__c0p50__z1p00__lam0p020__nu0p50__psi0p75,hardzero_plus_depr,0.06,41,955,0.0,2,0.13791133,0.13791133,0.99884534,0.10026622,0.10026622,1.0,3.7237995e-09,3.7139124e-08,-27.421043,2.1975036,0.7325012,0.18400002,0.0,0.15081958,19.060246,19.080246,3059200
hardzero_plus_depr__c0p50__z1p00__lam0p020__nu0p50__psi0p75,hardzero_plus_depr,0.06,41,956,0.0,2,0.13791133,0.13791133,0.9913007,0.10202329,0.10202329,1.0,3.7326426e-09,3.6586183e-08,-26.77184,2.180905,0.7269684,0.16000001,0.0,0.14984637,19.080246,19.100246,3062400
hardzero_plus_depr__c0p50__z1p00__lam0p020__nu0p50__psi0p75,hardzero_plus_depr,0.06,41,957,0.0,2,0.13791133,0.13791133,0.96524704,0.108331054,0.108331054,1.0,3.904411e-09,3.6041474e-08,-26.186096,2.123586,0.707862,0.128,0.0,0.12549083,19.100246,19.120247,3065600
hardzero_plus_depr__c0p50__z1p00__lam0p020__nu0p50__psi0p75,hardzero_plus_depr,0.06,41,958,0.0,2,0.13791133,0.13791133,1.003561,0.0,0.0991834,0.0,0.0,3.5504872e-08,-26.681578,2.2078784,0.7359595,0.2,0.0,0.13561636,19.120247,19.140247,3068800
hardzero_plus_depr__c0p50__z1p00__lam0p020__nu0p50__psi0p75,hardzero_plus_depr,0.06,41,959,0.0,2,0.13791133,0.13791133,0.95699817,0.11040833,0.11040833,1.0,3.861671e-09,3.4976264e-08,-25.420109,2.105438,0.7018127,0.24000001,0.0,0.13406157,19.140247,19.160248,3072000
hardzero_plus_depr__c0p50__z1p00__lam0p020__nu0p50__psi0p75,hardzero_plus_depr,0.06,41,960,0.0,2,0.13791133,0.13791133,0.95429444,0.111097805,0.111097805,1.0,3.8279326e-09,3.445552e-08,-26.218239,2.0994897,0.69982994,0.224,0.008,0.1593885,19.160248,19.180248,3075200
hardzero_plus_depr__c0p50__z1p00__lam0p020__nu0p50__psi0p75,hardzero_plus_depr,0.06,41,961,0.0,2,0.13791133,0.13791133,1.0096902,0.0,0.09779346,0.0,0.0,3.3942538e-08,-26.825272,2.2213628,0.7404543,0.16800001,0.0,0.14501728,19.180248,19.200249,3078400
hardzero_plus_depr__c0p50__z1p00__lam0p020__nu0p50__psi0p75,hardzero_plus_depr,0.06,41,962,0.0,2,0.13791133,0.13791133,0.9829231,0.104010426,0.104010426,1.0,3.4778151e-09,3.343718e-08,-26.463085,2.162474,0.72082466,0.14,0.0,0.1407338,19.200249,19.22025,3081600
hardzero_plus_depr__c0p50__z1p00__lam0p020__nu0p50__psi0p75,hardzero_plus_depr,0.06,41,963,0.0,2,0.13791133,0.13791133,0.978032,0.10518843,0.10518843,1.0,3.4648393e-09,3.2939358e-08,-26.06724,2.1517134,0.71723783,0.17600001,0.0,0.11817897,19.22025,19.24025,3084800
hardzero_plus_depr__c0p50__z1p00__lam0p020__nu0p50__psi0p75,hardzero_plus_depr,0.06,41,964,0.0,2,0.13791133,0.13791133,1.0148352,0.0,0.096641734,0.0,0.0,3.2448945e-08,-26.820206,2.2326822,0.7442274,0.16000001,0.0,0.16934754,19.24025,19.26025,3088000
hardzero_plus_depr__c0p50__z1p00__lam0p020__nu0p50__psi0p75,hardzero_plus_depr,0.06,41,965,0.0,2,0.13791133,0.13791133,0.98817325,0.102760635,0.102760635,1.0,3.2848293e-09,3.1965833e-08,-27.61295,2.1740246,0.7246749,0.224,0.0,0.14695123,19.26025,19.28025,3091200
hardzero_plus_depr__c0p50__z1p00__lam0p020__nu0p50__psi0p75,hardzero_plus_depr,0.06,41,966,0.0,2,0.13791133,0.13791133,1.0217434,0.0,0.09511667,0.0,0.0,3.148991e-08,-27.297873,2.2478805,0.7492935,0.15200001,0.0,0.13349605,19.28025,19.300251,3094400
hardzero_plus_depr__c0p50__z1p00__lam0p020__nu0p50__psi0p75,hardzero_plus_depr,0.06,41,967,0.0,2,0.13791133,0.13791133,0.9285267,0.11788902,0.11788902,1.0,3.6570442e-09,3.1021077e-08,-25.82806,2.0427995,0.6809332,0.24000001,0.0,0.14075992,19.300251,19.320251,3097600
hardzero_plus_depr__c0p50__z1p00__lam0p020__nu0p50__psi0p75,hardzero_plus_depr,0.06,41,968,0.0,2,0.13791133,0.13791133,1.0183554,0.0,0.0958616,0.0,0.0,3.0559217e-08,-26.920765,2.2404265,0.7468089,0.15200001,0.0,0.16382574,19.320251,19.340252,3100800
hardzero_plus_depr__c0p50__z1p00__lam0p020__nu0p50__psi0p75,hardzero_plus_depr,0.06,41,969,0.0,2,0.13791133,0.13791133,0.9913314,0.10201607,0.10201607,1.0,3.0711165e-09,3.0104243e-08,-27.12621,2.1809726,0.7269909,0.208,0.0,0.16718766,19.340252,19.360252,3104000
hardzero_plus_depr__c0p50__z1p00__lam0p020__nu0p50__psi0p75,hardzero_plus_depr,0.06,41,970,0.0,2,0.13791133,0.13791133,0.98681617,0.10308223,0.10308223,1.0,3.0570106e-09,2.965604e-08,-26.595497,2.1710389,0.72367966,0.24800001,0.0,0.13666977,19.360252,19.380253,3107200
hardzero_plus_depr__c0p50__z1p00__lam0p020__nu0p50__psi0p75,hardzero_plus_depr,0.06,41,971,0.0,2,0.13791133,0.13791133,1.0582161,0.0,0.08745485,0.0,0.0,2.921451e-08,-27.669073,2.328122,0.7760407,0.14400001,0.0,0.16690141,19.380253,19.400253,3110400
hardzero_plus_depr__c0p50__z1p00__lam0p020__nu0p50__psi0p75,hardzero_plus_depr,0.06,41,972,0.0,2,0.13791133,0.13791133,1.004849,0.0,0.09888969,0.0,0.0,2.8779551e-08,-27.177277,2.210712,0.736904,0.120000005,0.0,0.15181643,19.400253,19.420254,3113600
hardzero_plus_depr__c0p50__z1p00__lam0p020__nu0p50__psi0p75,hardzero_plus_depr,0.06,41,973,0.0,2,0.13791133,0.13791133,1.0060576,0.0,0.098614864,0.0,0.0,2.8351069e-08,-27.259884,2.213371,0.73779035,0.15200001,0.0,0.17176287,19.420254,19.440254,3116800
hardzero_plus_depr__c0p50__z1p00__lam0p020__nu0p50__psi0p75,hardzero_plus_depr,0.06,41,974,0.0,2,0.13791133,0.13791133,1.019333,0.0,0.095646046,0.0,0.0,2.7928968e-08,-27.513449,2.2425773,0.7475258,0.15200001,0.0,0.15289296,19.440254,19.460255,3120000
hardzero_plus_depr__c0p50__z1p00__lam0p020__nu0p50__psi0p75,hardzero_plus_depr,0.06,41,975,0.0,2,0.13791133,0.13791133,0.95221674,0.11163059,0.11163059,1.0,3.0713092e-09,2.751315e-08,-26.381094,2.0949187,0.69830626,0.14999999,0.0,0.13883731,19.460255,19.480255,3123200
hardzero_plus_depr__c0p50__z1p00__lam0p020__nu0p50__psi0p75,hardzero_plus_depr,0.06,41,976,0.0,2,0.13791133,0.13791133,1.0101104,0.0,0.0976989,0.0,0.0,2.7103525e-08,-27.498955,2.2222872,0.7407624,0.192,0.008,0.15511112,19.480255,19.500256,3126400
hardzero_plus_depr__c0p50__z1p00__lam0p020__nu0p50__psi0p75,hardzero_plus_depr,0.06,41,977,0.0,2,0.13791133,0.13791133,1.0452718,0.0,0.09010071,0.0,0.0,2.6699997e-08,-27.163782,2.2996438,0.7665479,0.128,0.0,0.15001503,19.500256,19.520256,3129600
hardzero_plus_depr__c0p50__z1p00__lam0p020__nu0p50__psi0p75,hardzero_plus_depr,0.06,41,978,0.0,2,0.13791133,0.13791133,1.0199021,0.0,0.095520794,0.0,0.0,2.6302473e-08,-27.639252,2.2438295,0.74794316,0.17600001,0.0,0.17913026,19.520256,19.540257,3132800
hardzero_plus_depr__c0p50__z1p00__lam0p020__nu0p50__psi0p75,hardzero_plus_depr,0.06,41,979,0.0,2,0.13791133,0.13791133,0.96914935,0.107362024,0.107362024,1.0,2.7818439e-09,2.5910873e-08,-26.29926,2.1321712,0.71072376,0.2,0.008,0.14029802,19.540257,19.560257,3136000
hardzero_plus_depr__c0p50__z1p00__lam0p020__nu0p50__psi0p75,hardzero_plus_depr,0.06,41,980,0.0,2,0.13791133,0.13791133,0.96928513,0.10732844,0.10732844,1.0,2.7395695e-09,2.5525104e-08,-27.076694,2.13247,0.7108233,0.120000005,0.0,0.14736938,19.560257,19.580257,3139200
hardzero_plus_depr__c0p50__z1p00__lam0p020__nu0p50__psi0p75,hardzero_plus_depr,0.06,41,981,0.0,2,0.13791133,0.13791133,0.9545255,0.11103873,0.11103873,1.0,2.7920772e-09,2.5145075e-08,-25.847082,2.099998,0.69999933,0.15200001,0.0,0.15072192,19.580257,19.600258,3142400
hardzero_plus_depr__c0p50__z1p00__lam0p020__nu0p50__psi0p75,hardzero_plus_depr,0.06,41,982,0.0,2,0.13791133,0.13791133,0.97147375,0.106788926,0.106788926,1.0,2.6452371e-09,2.4770706e-08,-25.96381,2.137285,0.71242833,0.14400001,0.008,0.11387578,19.600258,19.620258,3145600
hardzero_plus_depr__c0p50__z1p00__lam0p020__nu0p50__psi0p75,hardzero_plus_depr,0.06,41,983,0.0,2,0.13791133,0.13791133,1.0433971,0.0,0.09049048,0.0,0.0,2.4401906e-08,-27.67447,2.2955194,0.76517314,0.104,0.0,0.147782,19.620258,19.640259,3148800
hardzero_plus_depr__c0p50__z1p00__lam0p020__nu0p50__psi0p75,hardzero_plus_depr,0.06,41,984,0.0,2,0.13791133,0.13791133,0.9574247,0.11029993,0.11029993,1.0,2.6514562e-09,2.4038602e-08,-26.52394,2.1063764,0.7021255,0.16000001,0.0,0.11600256,19.640259,19.66026,3152000
hardzero_plus_depr__c0p50__z1p00__lam0p020__nu0p50__psi0p75,hardzero_plus_depr,0.06,41,985,0.0,2,0.13791133,0.13791133,1.0555065,0.0,0.0880022,0.0,0.0,2.3680707e-08,-28.295208,2.3221607,0.7740536,0.16800001,0.0,0.16227646,19.66026,19.68026,3155200
hardzero_plus_depr__c0p50__z1p00__lam0p020__nu0p50__psi0p75,hardzero_plus_depr,0.06,41,986,0.0,2,0.13791133,0.13791133,0.97411346,0.10614181,0.10614181,1.0,2.476091e-09,2.332814e-08,-26.220922,2.1430924,0.7143642,0.17600001,0.0,0.13378587,19.68026,19.70026,3158400
hardzero_plus_depr__c0p50__z1p00__lam0p020__nu0p50__psi0p75,hardzero_plus_depr,0.06,41,987,0.0,2,0.13791133,0.13791133,1.0239682,0.0,0.09463063,0.0,0.0,2.2980823e-08,-26.701181,2.2527752,0.75092506,0.128,0.0,0.13792163,19.70026,19.72026,3161600
hardzero_plus_depr__c0p50__z1p00__lam0p020__nu0p50__psi0p75,hardzero_plus_depr,0.06,41,988,0.0,2,0.13791133,0.13791133,1.0224925,0.0,0.09495273,0.0,0.0,2.2638671e-08,-27.194162,2.2495284,0.7498428,0.17,0.0,0.1351623,19.72026,19.740261,3164800
hardzero_plus_depr__c0p50__z1p00__lam0p020__nu0p50__psi0p75,hardzero_plus_depr,0.06,41,989,0.0,2,0.13791133,0.13791133,1.0402797,0.0,0.091142364,0.0,0.0,2.2301618e-08,-28.010456,2.2886612,0.7628871,0.2,0.0,0.15607387,19.740261,19.760262,3168000
hardzero_plus_depr__c0p50__z1p00__lam0p020__nu0p50__psi0p75,hardzero_plus_depr,0.06,41,990,0.0,2,0.13791133,0.13791133,1.0198612,0.0,0.09552977,0.0,0.0,2.1969585e-08,-27.320393,2.2437394,0.7479131,0.16800001,0.0,0.16294816,19.760262,19.780262,3171200
hardzero_plus_depr__c0p50__z1p00__lam0p020__nu0p50__psi0p75,hardzero_plus_depr,0.06,41,991,0.0,2,0.13791133,0.13791133,1.0117254,0.0,0.09733624,0.0,0.0,2.1642492e-08,-27.29094,2.2258403,0.7419468,0.112,0.0,0.16048679,19.780262,19.800262,3174400
hardzero_plus_depr__c0p50__z1p00__lam0p020__nu0p50__psi0p75,hardzero_plus_depr,0.06,41,992,0.0,2,0.13791133,0.13791133,1.0601209,0.0,0.0870721,0.0,0.0,2.132027e-08,-27.78876,2.3323126,0.77743757,0.16800001,0.0,0.1685171,19.800262,19.820263,3177600
hardzero_plus_depr__c0p50__z1p00__lam0p020__nu0p50__psi0p75,hardzero_plus_depr,0.06,41,993,0.0,2,0.13791133,0.13791133,1.0305996,0.0,0.093196675,0.0,0.0,2.1002846e-08,-28.49478,2.2673645,0.7557882,0.192,0.0,0.15472941,19.820263,19.840263,3180800
hardzero_plus_depr__c0p50__z1p00__lam0p020__nu0p50__psi0p75,hardzero_plus_depr,0.06,41,994,0.0,2,0.13791133,0.13791133,0.9845595,0.10361928,0.10361928,1.0,2.143898e-09,2.0690146e-08,-26.88538,2.166074,0.7220247,0.16800001,0.0,0.14848867,19.840263,19.860264,3184000
hardzero_plus_depr__c0p50__z1p00__lam0p020__nu0p50__psi0p75,hardzero_plus_depr,0.06,41,995,0.0,2,0.13791133,0.13791133,0.9912803,0.10202806,0.10202806,1.0,2.0795463e-09,2.0382103e-08,-27.681,2.1808603,0.72695345,0.216,0.0,0.16680919,19.860264,19.880264,3187200
hardzero_plus_depr__c0p50__z1p00__lam0p020__nu0p50__psi0p75,hardzero_plus_depr,0.06,41,996,0.0,2,0.13791133,0.13791133,1.0313369,0.0,0.09303858,0.0,0.0,2.0078646e-08,-27.702154,2.2689865,0.7563288,0.2,0.0,0.15197478,19.880264,19.900265,3190400
hardzero_plus_depr__c0p50__z1p00__lam0p020__nu0p50__psi0p75,hardzero_plus_depr,0.06,41,997,0.0,2,0.13791133,0.13791133,0.92817634,0.11798414,0.11798414,1.0,2.3336917e-09,1.9779707e-08,-26.043259,2.0420287,0.6806762,0.224,0.0,0.13085222,19.900265,19.920265,3193600
hardzero_plus_depr__c0p50__z1p00__lam0p020__nu0p50__psi0p75,hardzero_plus_depr,0.06,41,998,0.0,2,0.13791133,0.13791133,0.9719257,0.106677875,0.106677875,1.0,2.078642e-09,1.948522e-08,-26.251661,2.1382792,0.71275973,0.216,0.0,0.13934128,19.920265,19.940266,3196800
hardzero_plus_depr__c0p50__z1p00__lam0p020__nu0p50__psi0p75,hardzero_plus_depr,0.06,41,999,0.0,2,0.13791133,0.13791133,0.94628125,0.11316673,0.11316673,1.0,2.1722484e-09,1.9195115e-08,-25.979599,2.0818603,0.69395345,0.16800001,0.008,0.1633952,19.940266,19.960266,3200000
hardzero_plus_depr__c0p50__z1p00__lam0p020__nu0p50__psi0p75,hardzero_plus_depr,0.06,41,1000,0.0,2,0.13791133,0.13791133,0.9919831,0.10186309,0.10186309,1.0,1.9261632e-09,1.8909333e-08,-27.084154,2.1824064,0.72746885,0.17600001,0.0,0.15855327,19.960266,19.980267,3203200
hardzero_plus_depr__c0p50__z1p00__lam0p020__nu0p50__psi0p75,hardzero_plus_depr,0.06,41,1001,0.0,2,0.13791133,0.13791133,1.0050396,0.0,0.0988463,0.0,0.0,1.8627802e-08,-26.054312,2.2111313,0.7370438,0.14999999,0.0,0.1305517,19.980267,20.000267,3206400
hardzero_plus_depr__c0p50__z1p00__lam0p020__nu0p50__psi0p75,hardzero_plus_depr,0.06,41,1002,0.0,2,0.13791133,0.13791133,1.0261465,0.0,0.09415719,0.0,0.0,1.8350464e-08,-26.95272,2.2575674,0.75252247,0.16000001,0.0,0.15928333,20.000267,20.020267,3209600
hardzero_plus_depr__c0p50__z1p00__lam0p020__nu0p50__psi0p75,hardzero_plus_depr,0.06,41,1003,0.0,2,0.13791133,0.13791133,1.0450125,0.0,0.09015452,0.0,0.0,1.8077253e-08,-28.290665,2.2990732,0.7663578,0.18400002,0.0,0.15554996,20.020267,20.040268,3212800
hardzero_plus_depr__c0p50__z1p00__lam0p020__nu0p50__psi0p75,hardzero_plus_depr,0.06,41,1004,0.0,2,0.13791133,0.13791133,0.981029,0.10446504,0.10446504,1.0,1.8603251e-09,1.7808112e-08,-26.196594,2.1583068,0.71943563,0.23200001,0.0,0.15262507,20.040268,20.060268,3216000
hardzero_plus_depr__c0p50__z1p00__lam0p020__nu0p50__psi0p75,hardzero_plus_depr,0.06,41,1005,0.0,2,0.13791133,0.13791133,0.99262685,0.10171222,0.10171222,1.0,1.7843353e-09,1.7542979e-08,-26.602701,2.1838226,0.7279409,0.192,0.0,0.15514867,20.060268,20.080269,3219200
hardzero_plus_depr__c0p50__z1p00__lam0p020__nu0p50__psi0p75,hardzero_plus_depr,0.06,41,1006,0.0,2,0.13791133,0.13791133,1.0247859,0.0,0.094452634,0.0,0.0,1.7281792e-08,-26.522066,2.2545738,0.7515246,0.16000001,0.0,0.1622255,20.080269,20.10027,3222400
hardzero_plus_depr__c0p50__z1p00__lam0p020__nu0p50__psi0p75,hardzero_plus_depr,0.06,41,1007,0.0,2,0.13791133,0.13791133,0.96885014,0.107435994,0.107435994,1.0,1.8290434e-09,1.7024494e-08,-26.31906,2.1315129,0.7105043,0.16800001,0.0,0.15892047,20.10027,20.12027,3225600
hardzero_plus_depr__c0p50__z1p00__lam0p020__nu0p50__psi0p75,hardzero_plus_depr,0.06,41,1008,0.0,2,0.13791133,0.13791133,0.95649964,0.11053512,0.11053512,1.0,1.8537873e-09,1.6771025e-08,-25.549967,2.1043413,0.7014471,0.15200001,0.0,0.13041896,20.12027,20.14027,3228800
hardzero_plus_depr__c0p50__z1p00__lam0p020__nu0p50__psi0p75,hardzero_plus_depr,0.06,41,1009,0.0,2,0.13791133,0.13791133,0.96404827,0.1086305,0.1086305,1.0,1.7947206e-09,1.6521332e-08,-25.932158,2.1209486,0.70698285,0.224,0.0,0.14382465,20.14027,20.16027,3232000
hardzero_plus_depr__c0p50__z1p00__lam0p020__nu0p50__psi0p75,hardzero_plus_depr,0.06,41,1010,0.0,2,0.13791133,0.13791133,1.0261606,0.0,0.09415414,0.0,0.0,1.6275356e-08,-27.758156,2.2575984,0.75253284,0.064,0.0,0.1420695,20.16027,20.180271,3235200
hardzero_plus_depr__c0p50__z1p00__lam0p020__nu0p50__psi0p75,hardzero_plus_depr,0.06,41,1011,0.0,2,0.13791133,0.13791133,1.0333647,0.0,0.092605196,0.0,0.0,1.6033043e-08,-27.40074,2.2734478,0.75781596,0.080000006,0.0,0.17253901,20.180271,20.200272,3238400
hardzero_plus_depr__c0p50__z1p00__lam0p020__nu0p50__psi0p75,hardzero_plus_depr,0.06,41,1012,0.0,2,0.13791133,0.13791133,1.0549563,0.0,0.08811375,0.0,0.0,1.5794335e-08,-27.476063,2.3209503,0.7736501,0.128,0.0,0.15232351,20.200272,20.220272,3241600
hardzero_plus_depr__c0p50__z1p00__lam0p020__nu0p50__psi0p75,hardzero_plus_depr,0.06,41,1013,0.0,2,0.13791133,0.13791133,1.0002627,0.0,0.099939525,0.0,0.0,1.5559184e-08,-26.898876,2.2006218,0.73354065,0.192,0.0,0.13596827,20.220272,20.240273,3244800
hardzero_plus_depr__c0p50__z1p00__lam0p020__nu0p50__psi0p75,hardzero_plus_depr,0.06,41,1014,0.0,2,0.13791133,0.13791133,1.1118165,0.0,0.077300705,0.0,0.0,1.5327531e-08,-29.443407,2.4460452,0.8153484,0.12,0.0,0.21332632,20.240273,20.260273,3248000
hardzero_plus_depr__c0p50__z1p00__lam0p020__nu0p50__psi0p75,hardzero_plus_depr,0.06,41,1015,0.0,2,0.13791133,0.13791133,0.9603663,0.10955537,0.10955537,1.0,1.6542127e-09,1.509933e-08,-26.039904,2.112848,0.7042827,0.15200001,0.0,0.1183662,20.260273,20.280273,3251200
hardzero_plus_depr__c0p50__z1p00__lam0p020__nu0p50__psi0p75,hardzero_plus_depr,0.06,41,1016,0.0,2,0.13791133,0.13791133,1.0123384,0.0,0.097198956,0.0,0.0,1.4874526e-08,-27.720415,2.227189,0.74239635,0.112,0.0,0.12125555,20.280273,20.300274,3254400
hardzero_plus_depr__c0p50__z1p00__lam0p020__nu0p50__psi0p75,hardzero_plus_depr,0.06,41,1017,0.0,2,0.13791133,0.13791133,0.9563036,0.11058505,0.11058505,1.0,1.62041e-09,1.4653066e-08,-26.441786,2.10391,0.70130336,0.112,0.0,0.15182498,20.300274,20.320274,3257600
hardzero_plus_depr__c0p50__z1p00__lam0p020__nu0p50__psi0p75,hardzero_plus_depr,0.06,41,1018,0.0,2,0.13791133,0.13791133,1.0391319,0.0,0.09138356,0.0,0.0,1.4434907e-08,-27.217564,2.286136,0.7620453,0.16800001,0.0,0.17036751,20.320274,20.340275,3260800
hardzero_plus_depr__c0p50__z1p00__lam0p020__nu0p50__psi0p75,hardzero_plus_depr,0.06,41,1019,0.0,2,0.13791133,0.13791133,1.022284,0.0,0.09499834,0.0,0.0,1.4219993e-08,-26.271517,2.2490697,0.74968994,0.192,0.0,0.16612801,20.340275,20.360275,3264000
hardzero_plus_depr__c0p50__z1p00__lam0p020__nu0p50__psi0p75,hardzero_plus_depr,0.06,41,1020,0.0,2,0.13791133,0.13791133,0.9828989,0.10401622,0.10401622,1.0,1.4570884e-09,1.4008281e-08,-26.980614,2.1624207,0.72080696,0.16000001,0.0,0.17100333,20.360275,20.380276,3267200
hardzero_plus_depr__c0p50__z1p00__lam0p020__nu0p50__psi0p75,hardzero_plus_depr,0.06,41,1021,0.0,2,0.13791133,0.13791133,1.0194727,0.0,0.09561528,0.0,0.0,1.37997205e-08,-27.357615,2.2428846,0.7476282,0.17600001,0.0,0.14779627,20.380276,20.400276,3270400
hardzero_plus_depr__c0p50__z1p00__lam0p020__nu0p50__psi0p75,hardzero_plus_depr,0.06,41,1022,0.0,2,0.13791133,0.13791133,1.0308785,0.0,0.093136825,0.0,0.0,1.3594264e-08,-26.832031,2.2679782,0.75599277,0.14400001,0.0,0.15316744,20.400276,20.420277,3273600
hardzero_plus_depr__c0p50__z1p00__lam0p020__nu0p50__psi0p75,hardzero_plus_depr,0.06,41,1023,0.0,2,0.13791133,0.13791133,0.99802387,0.10045605,0.10045605,1.0,1.3452941e-09,1.3391867e-08,-26.810755,2.1956964,0.7318988,0.24000001,0.0,0.16174161,20.420277,20.440277,3276800
hardzero_plus_depr__c0p50__z1p00__lam0p020__nu0p50__psi0p75,hardzero_plus_depr,0.06,41,1024,0.0,2,0.13791133,0.13791133,1.0591549,0.0,0.08726601,0.0,0.0,1.31924836e-08,-28.505377,2.3301873,0.7767291,0.17600001,0.0,0.15816548,20.440277,20.460278,3280000
hardzero_plus_depr__c0p50__z1p00__lam0p020__nu0p50__psi0p75,hardzero_plus_depr,0.06,41,1025,0.0,2,0.13791133,0.13791133,0.9936933,0.10146278,0.10146278,1.0,1.3186174e-09,1.299607e-08,-26.751802,2.186169,0.728723,0.192,0.0,0.16544685,20.460278,20.480278,3283200
hardzero_plus_depr__c0p50__z1p00__lam0p020__nu0p50__psi0p75,hardzero_plus_depr,0.06,41,1026,0.0,2,0.13791133,0.13791133,0.9831781,0.10394938,0.10394938,1.0,1.3308202e-09,1.2802579e-08,-26.8584,2.163035,0.72101164,0.14400001,0.0,0.16887829,20.480278,20.500278,3286400
hardzero_plus_depr__c0p50__z1p00__lam0p020__nu0p50__psi0p75,hardzero_plus_depr,0.06,41,1027,0.0,2,0.13791133,0.13791133,1.0387466,0.0,0.09146466,0.0,0.0,1.2611969e-08,-27.476357,2.285288,0.76176274,0.11,0.0,0.15552631,20.500278,20.520279,3289600
hardzero_plus_depr__c0p50__z1p00__lam0p020__nu0p50__psi0p75,hardzero_plus_depr,0.06,41,1028,0.0,2,0.13791133,0.13791133,1.0266292,0.0,0.0940526,0.0,0.0,1.2424197e-08,-28.1798,2.2586293,0.75287646,0.14400001,0.0,0.15677257,20.520279,20.54028,3292800
hardzero_plus_depr__c0p50__z1p00__lam0p020__nu0p50__psi0p75,hardzero_plus_depr,0.06,41,1029,0.0,2,0.13791133,0.13791133,0.97206026,0.10664482,0.10664482,1.0,1.3052494e-09,1.2239219e-08,-26.829535,2.1385753,0.71285844,0.24000001,0.0,0.16135949,20.54028,20.56028,3296000
hardzero_plus_depr__c0p50__z1p00__lam0p020__nu0p50__psi0p75,hardzero_plus_depr,0.06,41,1030,0.0,2,0.13791133,0.13791133,0.9792902,0.10488414,0.10488414,1.0,1.2645879e-09,1.2056998e-08,-26.3195,2.1544814,0.7181605,0.216,0.0,0.15197292,20.56028,20.58028,3299200
hardzero_plus_depr__c0p50__z1p00__lam0p020__nu0p50__psi0p75,hardzero_plus_depr,0.06,41,1031,0.0,2,0.13791133,0.13791133,1.0334471,0.0,0.0925876,0.0,0.0,1.1877488e-08,-27.455866,2.2736292,0.7578764,0.17600001,0.0,0.15711649,20.58028,20.60028,3302400
hardzero_plus_depr__c0p50__z1p00__lam0p020__nu0p50__psi0p75,hardzero_plus_depr,0.06,41,1032,0.0,2,0.13791133,0.13791133,0.9807324,0.10453642,0.10453642,1.0,1.2231443e-09,1.1700652e-08,-26.819286,2.1576543,0.71921813,0.24800001,0.0,0.15748084,20.60028,20.620281,3305600
hardzero_plus_depr__c0p50__z1p00__lam0p020__nu0p50__psi0p75,hardzero_plus_depr,0.06,41,1033,0.0,2,0.13791133,0.13791133,1.02901,0.0,0.09353839,0.0,0.0,1.1526447e-08,-28.261892,2.2638674,0.75462246,0.16000001,0.0,0.17712262,20.620281,20.640282,3308800
hardzero_plus_depr__c0p50__z1p00__lam0p020__nu0p50__psi0p75,hardzero_plus_depr,0.06,41,1034,0.0,2,0.13791133,0.13791133,1.0199145,0.0,0.09551806,0.0,0.0,1.1354837e-08,-26.210527,2.2438567,0.7479522,0.120000005,0.0,0.14135142,20.640282,20.660282,3312000
hardzero_plus_depr__c0p50__z1p00__lam0p020__nu0p50__psi0p75,hardzero_plus_depr,0.06,41,1035,0.0,2,0.13791133,0.13791133,1.001369,0.0,0.09968528,0.0,0.0,1.1185782e-08,-27.448301,2.2030559,0.734352,0.16800001,0.0,0.17522627,20.660282,20.680283,3315200
hardzero_plus_depr__c0p50__z1p00__lam0p020__nu0p50__psi0p75,hardzero_plus_depr,0.06,41,1036,0.0,2,0.13791133,0.13791133,0.99781615,0.10050411,0.10050411,1.0,1.1074792e-09,1.1019243e-08,-26.481977,2.1952393,0.73174644,0.216,0.0,0.14015299,20.680283,20.700283,3318400
hardzero_plus_depr__c0p50__z1p00__lam0p020__nu0p50__psi0p75,hardzero_plus_depr,0.06,41,1037,0.0,2,0.13791133,0.13791133,1.0490156,0.0,0.08932734,0.0,0.0,1.0855185e-08,-28.074024,2.3078804,0.7692935,0.136,0.0,0.16758375,20.700283,20.720284,3321600
hardzero_plus_depr__c0p50__z1p00__lam0p020__nu0p50__psi0p75,hardzero_plus_depr,0.06,41,1038,0.0,2,0.13791133,0.13791133,1.0163072,0.0,0.09631474,0.0,0.0,1.0693568e-08,-27.202482,2.2359207,0.7453069,0.14400001,0.0,0.13872516,20.720284,20.740284,3324800
hardzero_plus_depr__c0p50__z1p00__lam0p020__nu0p50__psi0p75,hardzero_plus_depr,0.06,41,1039,0.0,2,0.13791133,0.13791133,1.0105621,0.0,0.09759732,0.0,0.0,1.0534359e-08,-26.658003,2.223281,0.74109364,0.18400002,0.0,0.14532954,20.740284,20.760284,3328000
hardzero_plus_depr__c0p50__z1p00__lam0p020__nu0p50__psi0p75,hardzero_plus_depr,0.06,41,1040,0.0,2,0.13791133,0.13791133,1.0124253,0.0,0.09717952,0.0,0.0,1.0377518e-08,-27.38873,2.22738,0.74246,0.16,0.0,0.1598787,20.760284,20.780285,3331200
hardzero_plus_depr__c0p50__z1p00__lam0p020__nu0p50__psi0p75,hardzero_plus_depr,0.06,41,1041,0.0,2,0.13791133,0.13791133,0.9898234,0.10237091,0.10237091,1.0,1.0465393e-09,1.0223014e-08,-27.00088,2.177655,0.72588503,0.208,0.0,0.1390304,20.780285,20.800285,3334400
hardzero_plus_depr__c0p50__z1p00__lam0p020__nu0p50__psi0p75,hardzero_plus_depr,0.06,41,1042,0.0,2,0.13791133,0.13791133,0.9895019,0.102446735,0.102446735,1.0,1.0317215e-09,1.0070809e-08,-26.919542,2.1769476,0.72564924,0.2,0.0,0.14352767,20.800285,20.820286,3337600
hardzero_plus_depr__c0p50__z1p00__lam0p020__nu0p50__psi0p75,hardzero_plus_depr,0.06,41,1043,0.0,2,0.13791133,0.13791133,1.0269908,0.0,0.09397432,0.0,0.0,9.920871e-09,-27.908617,2.2594247,0.7531416,0.104,0.0,0.16584873,20.820286,20.840286,3340800
hardzero_plus_depr__c0p50__z1p00__lam0p020__nu0p50__psi0p75,hardzero_plus_depr,0.06,41,1044,0.0,2,0.13791133,0.13791133,1.0110132,0.0,0.09749601,0.0,0.0,9.773165e-09,-27.220787,2.2242734,0.7414245,0.14400001,0.0,0.17258212,20.840286,20.860287,3344000
hardzero_plus_depr__c0p50__z1p00__lam0p020__nu0p50__psi0p75,hardzero_plus_depr,0.06,41,1045,0.0,2,0.13791133,0.13791133,1.0163631,0.0,0.096302345,0.0,0.0,9.627659e-09,-27.08795,2.2360435,0.74534786,0.096,0.0,0.14995018,20.860287,20.880287,3347200
hardzero_plus_depr__c0p50__z1p00__lam0p020__nu0p50__psi0p75,hardzero_plus_depr,0.06,41,1046,0.0,2,0.13791133,0.13791133,1.0298557,0.0,0.09335643,0.0,0.0,9.484318e-09,-27.404795,2.2657278,0.7552426,0.16800001,0.0,0.20318916,20.880287,20.900288,3350400
hardzero_plus_depr__c0p50__z1p00__lam0p020__nu0p50__psi0p75,hardzero_plus_depr,0.06,41,1047,0.0,2,0.13791133,0.13791133,1.0351455,0.0,0.09222624,0.0,0.0,9.343111e-09,-27.507626,2.2773657,0.7591219,0.16000001,0.0,0.15116309,20.900288,20.920288,3353600
hardzero_plus_depr__c0p50__z1p00__lam0p020__nu0p50__psi0p75,hardzero_plus_depr,0.06,41,1048,0.0,2,0.13791133,0.13791133,1.0171198,0.0,0.096134715,0.0,0.0,9.204008e-09,-27.312897,2.237708,0.7459027,0.15200001,0.0,0.16579959,20.920288,20.940289,3356800
hardzero_plus_depr__c0p50__z1p00__lam0p020__nu0p50__psi0p75,hardzero_plus_depr,0.06,41,1049,0.0,2,0.13791133,0.13791133,0.98829085,0.10273281,0.10273281,1.0,9.314758e-10,9.066975e-09,-27.220118,2.1742833,0.7247611,0.192,0.0,0.13900161,20.940289,20.960289,3360000
hardzero_plus_depr__c0p50__z1p00__lam0p020__nu0p50__psi0p75,hardzero_plus_depr,0.06,41,1050,0.0,2,0.13791133,0.13791133,1.0004315,0.0,0.09990067,0.0,0.0,8.931982e-09,-27.195883,2.2009933,0.73366445,0.096,0.0,0.16715689,20.960289,20.98029,3363200
hardzero_plus_depr__c0p50__z1p00__lam0p020__nu0p50__psi0p75,hardzero_plus_depr,0.06,41,1051,0.0,2,0.13791133,0.13791133,0.9716895,0.10673588,0.10673588,1.0,9.39169e-10,8.799e-09,-27.026665,2.1377597,0.7125866,0.208,0.0,0.16276531,20.98029,21.00029,3366400
hardzero_plus_depr__c0p50__z1p00__lam0p020__nu0p50__psi0p75,hardzero_plus_depr,0.06,41,1052,0.0,2,0.13791133,0.13791133,1.0550684,0.0,0.088091016,0.0,0.0,8.667996e-09,-27.82238,2.3211968,0.7737323,0.096,0.0,0.18941914,21.00029,21.02029,3369600
hardzero_plus_depr__c0p50__z1p00__lam0p020__nu0p50__psi0p75,hardzero_plus_depr,0.06,41,1053,0.0,2,0.13791133,0.13791133,1.0143602,0.0,0.09674751,0.0,0.0,8.538944e-09,-27.987291,2.231637,0.743879,0.14,0.0,0.15339689,21.02029,21.04029,3372800
hardzero_plus_depr__c0p50__z1p00__lam0p020__nu0p50__psi0p75,hardzero_plus_depr,0.06,41,1054,0.0,2,0.13791133,0.13791133,1.0144219,0.0,0.096733764,0.0,0.0,8.411813e-09,-26.683432,2.231773,0.7439243,0.16800001,0.0,0.1721807,21.04029,21.060291,3376000
hardzero_plus_depr__c0p50__z1p00__lam0p020__nu0p50__psi0p75,hardzero_plus_depr,0.06,41,1055,0.0,2,0.13791133,0.13791133,1.0026164,0.0,0.09939935,0.0,0.0,8.286575e-09,-27.107195,2.2058,0.7352667,0.15200001,0.0,0.13625847,21.060291,21.080292,3379200
hardzero_plus_depr__c0p50__z1p00__lam0p020__nu0p50__psi0p75,hardzero_plus_depr,0.06,41,1056,0.0,2,0.13791133,0.13791133,0.98272854,0.10405702,0.10405702,1.0,8.4943835e-10,8.163201e-09,-26.970667,2.162046,0.720682,0.096,0.0,0.13730589,21.080292,21.100292,3382400
hardzero_plus_depr__c0p50__z1p00__lam0p020__nu0p50__psi0p75,hardzero_plus_depr,0.06,41,1057,0.0,2,0.13791133,0.13791133,0.9822881,0.10416262,0.10416262,1.0,8.3764073e-10,8.041663e-09,-26.595486,2.161077,0.720359,0.16800001,0.0,0.14226614,21.100292,21.120293,3385600
hardzero_plus_depr__c0p50__z1p00__lam0p020__nu0p50__psi0p75,hardzero_plus_depr,0.06,41,1058,0.0,2,0.13791133,0.13791133,1.0432132,0.0,0.0905288,0.0,0.0,7.921936e-09,-28.151672,2.295115,0.7650384,0.192,0.0,0.1500377,21.120293,21.140293,3388800
hardzero_plus_depr__c0p50__z1p00__lam0p020__nu0p50__psi0p75,hardzero_plus_depr,0.06,41,1059,0.0,2,0.13791133,0.13791133,0.9636497,0.10873023,0.10873023,1.0,8.4852975e-10,7.803991e-09,-25.954332,2.1200716,0.70669055,0.17600001,0.0,0.12078985,21.140293,21.160294,3392000
hardzero_plus_depr__c0p50__z1p00__lam0p020__nu0p50__psi0p75,hardzero_plus_depr,0.06,41,1060,0.0,2,0.13791133,0.13791133,1.0606993,0.0,0.0869562,0.0,0.0,7.687802e-09,-28.56977,2.3335853,0.7778618,0.208,0.0,0.15440229,21.160294,21.180294,3395200
hardzero_plus_depr__c0p50__z1p00__lam0p020__nu0p50__psi0p75,hardzero_plus_depr,0.06,41,1061,0.0,2,0.13791133,0.13791133,1.060527,0.0,0.08699073,0.0,0.0,7.573343e-09,-27.920227,2.333206,0.77773535,0.104,0.0,0.15253472,21.180294,21.200294,3398400
hardzero_plus_depr__c0p50__z1p00__lam0p020__nu0p50__psi0p75,hardzero_plus_depr,0.06,41,1062,0.0,2,0.13791133,0.13791133,0.9959941,0.10092666,0.10092666,1.0,7.529722e-10,7.460588e-09,-26.925583,2.1912308,0.7304103,0.16800001,0.0,0.17128947,21.200294,21.220295,3401600
hardzero_plus_depr__c0p50__z1p00__lam0p020__nu0p50__psi0p75,hardzero_plus_depr,0.06,41,1063,0.0,2,0.13791133,0.13791133,1.0312041,0.0,0.09306704,0.0,0.0,7.349512e-09,-26.79323,2.2686944,0.7562315,0.17600001,0.0,0.14629143,21.220295,21.240295,3404800
hardzero_plus_depr__c0p50__z1p00__lam0p020__nu0p50__psi0p75,hardzero_plus_depr,0.06,41,1064,0.0,2,0.13791133,0.13791133,0.99513125,0.10112738,0.10112738,1.0,7.3217127e-10,7.2400894e-09,-26.57519,2.1893325,0.7297775,0.17600001,0.0,0.16643171,21.240295,21.260296,3408000
hardzero_plus_depr__c0p50__z1p00__lam0p020__nu0p50__psi0p75,hardzero_plus_depr,0.06,41,1065,0.0,2,0.13791133,0.13791133,1.0656536,0.0,0.0859699,0.0,0.0,7.132296e-09,-27.918741,2.3444846,0.78149486,0.14400001,0.0,0.1730917,21.260296,21.280296,3411200
hardzero_plus_depr__c0p50__z1p00__lam0p020__nu0p50__psi0p75,hardzero_plus_depr,0.06,41,1066,0.0,2,0.13791133,0.13791133,0.9873357,0.10295901,0.10295901,1.0,7.2340106e-10,7.0261077e-09,-26.90519,2.1721818,0.72406065,0.14999999,0.0,0.12809098,21.280296,21.300297,3414400
hardzero_plus_depr__c0p50__z1p00__lam0p020__nu0p50__psi0p75,hardzero_plus_depr,0.06,41,1067,0.0,2,0.13791133,0.13791133,0.94309485,0.11400007,0.11400007,1.0,7.890515e-10,6.9215003e-09,-25.98786,2.07485,0.6916167,0.2,0.0,0.1472988,21.300297,21.320297,3417600
hardzero_plus_depr__c0p50__z1p00__lam0p020__nu0p50__psi0p75,hardzero_plus_depr,0.06,41,1068,0.0,2,0.13791133,0.13791133,0.9830272,0.1039855,0.1039855,1.0,7.0901995e-10,6.81845e-09,-27.400925,2.162703,0.720901,0.16000001,0.0,0.16535045,21.320297,21.340298,3420800
hardzero_plus_depr__c0p50__z1p00__lam0p020__nu0p50__psi0p75,hardzero_plus_depr,0.06,41,1069,0.0,2,0.13791133,0.13791133,1.0257868,0.0,0.09423521,0.0,0.0,6.7169412e-09,-27.004047,2.2567759,0.75225866,0.112,0.0,0.14650716,21.340298,21.360298,3424000
hardzero_plus_depr__c0p50__z1p00__lam0p020__nu0p50__psi0p75,hardzero_plus_depr,0.06,41,1070,0.0,2,0.13791133,0.13791133,0.98720163,0.10299078,0.10299078,1.0,6.814827e-10,6.6169297e-09,-27.230268,2.171887,0.7239623,0.16800001,0.0,0.14588216,21.360298,21.380299,3427200
hardzero_plus_depr__c0p50__z1p00__lam0p020__nu0p50__psi0p75,hardzero_plus_depr,0.06,41,1071,0.0,2,0.13791133,0.13791133,1.062319,0.0,0.08663253,0.0,0.0,6.518408e-09,-28.29604,2.3371487,0.7790496,0.128,0.0,0.18365985,21.380299,21.4003,3430400
hardzero_plus_depr__c0p50__z1p00__lam0p020__nu0p50__psi0p75,hardzero_plus_depr,0.06,41,1072,0.0,2,0.13791133,0.13791133,0.97933745,0.10487273,0.10487273,1.0,6.7342615e-10,6.4213657e-09,-26.783115,2.1545854,0.71819514,0.16000001,0.0,0.14668986,21.4003,21.4203,3433600
hardzero_plus_depr__c0p50__z1p00__lam0p020__nu0p50__psi0p75,hardzero_plus_depr,0.06,41,1073,0.0,2,0.13791133,0.13791133,1.0215446,0.0,0.095160216,0.0,0.0,6.325768e-09,-26.940441,2.247443,0.74914765,0.104,0.0,0.15357944,21.4203,21.4403,3436800
hardzero_plus_depr__c0p50__z1p00__lam0p020__nu0p50__psi0p75,hardzero_plus_depr,0.06,41,1074,0.0,2,0.13791133,0.13791133,1.0030768,0.0,0.09929404,0.0,0.0,6.2315815e-09,-27.08777,2.206813,0.7356044,0.23200001,0.0,0.12559672,21.4403,21.4603,3440000
hardzero_plus_depr__c0p50__z1p00__lam0p020__nu0p50__psi0p75,hardzero_plus_depr,0.06,41,1075,0.0,2,0.13791133,0.13791133,1.0012208,0.0,0.09971929,0.0,0.0,6.138797e-09,-26.70253,2.2027297,0.7342433,0.16800001,0.0,0.1365814,21.4603,21.4803,3443200
hardzero_plus_depr__c0p50__z1p00__lam0p020__nu0p50__psi0p75,hardzero_plus_depr,0.06,41,1076,0.0,2,0.13791133,0.13791133,0.9973661,0.10060833,0.10060833,1.0,6.084194e-10,6.047406e-09,-26.85142,2.1942492,0.7314164,0.17600001,0.008,0.15387477,21.4803,21.500301,3446400
hardzero_plus_depr__c0p50__z1p00__lam0p020__nu0p50__psi0p75,hardzero_plus_depr,0.06,41,1077,0.0,2,0.13791133,0.13791133,0.9973115,0.10062097,0.10062097,1.0,5.994369e-10,5.9573755e-09,-26.87492,2.194129,0.73137635,0.17600001,0.0,0.14538082,21.500301,21.520302,3449600
hardzero_plus_depr__c0p50__z1p00__lam0p020__nu0p50__psi0p75,hardzero_plus_depr,0.06,41,1078,0.0,2,0.13791133,0.13791133,1.006138,0.0,0.09859662,0.0,0.0,5.868674e-09,-26.043888,2.2135477,0.73784924,0.112,0.0,0.15187928,21.520302,21.540302,3452800
hardzero_plus_depr__c0p50__z1p00__lam0p020__nu0p50__psi0p75,hardzero_plus_depr,0.06,41,1079,0.0,2,0.13791133,0.13791133,1.0759149,0.0,0.08396246,0.0,0.0,5.7812937e-09,-28.170273,2.36706,0.78902,0.12,0.0,0.15960902,21.540302,21.560303,3456000
hardzero_plus_depr__c0p50__z1p00__lam0p020__nu0p50__psi0p75,hardzero_plus_depr,0.06,41,1080,0.0,2,0.13791133,0.13791133,1.0151675,0.0,0.096567824,0.0,0.0,5.6952247e-09,-26.964209,2.233413,0.744471,0.224,0.0,0.15753512,21.560303,21.580303,3459200
hardzero_plus_depr__c0p50__z1p00__lam0p020__nu0p50__psi0p75,hardzero_plus_depr,0.06,41,1081,0.0,2,0.13791133,0.13791133,1.0138996,0.0,0.09685019,0.0,0.0,5.610437e-09,-26.92867,2.2306235,0.7435412,0.16000001,0.0,0.14011058,21.580303,21.600304,3462400
hardzero_plus_depr__c0p50__z1p00__lam0p020__nu0p50__psi0p75,hardzero_plus_depr,0.06,41,1082,0.0,2,0.13791133,0.13791133,0.9771138,0.10541107,0.10541107,1.0,5.825966e-10,5.5269016e-09,-27.25924,2.1496933,0.7165644,0.192,0.0,0.14780025,21.600304,21.620304,3465600
hardzero_plus_depr__c0p50__z1p00__lam0p020__nu0p50__psi0p75,hardzero_plus_depr,0.06,41,1083,0.0,2,0.13791133,0.13791133,1.0139152,0.0,0.0968467,0.0,0.0,5.4446097e-09,-26.872963,2.230658,0.7435527,0.15200001,0.0,0.14559421,21.620304,21.640305,3468800
hardzero_plus_depr__c0p50__z1p00__lam0p020__nu0p50__psi0p75,hardzero_plus_depr,0.06,41,1084,0.0,2,0.13791133,0.13791133,1.0125953,0.0,0.09714148,0.0,0.0,5.363553e-09,-27.68589,2.227754,0.7425847,0.14400001,0.0,0.13848346,21.640305,21.660305,3472000
hardzero_plus_depr__c0p50__z1p00__lam0p020__nu0p50__psi0p75,hardzero_plus_depr,0.06,41,1085,0.0,2,0.13791133,0.13791133,1.012973,0.0,0.09705705,0.0,0.0,5.2837033e-09,-26.852623,2.228585,0.7428617,0.120000005,0.0,0.13840671,21.660305,21.680305,3475200
hardzero_plus_depr__c0p50__z1p00__lam0p020__nu0p50__psi0p75,hardzero_plus_depr,0.06,41,1086,0.0,2,0.13791133,0.13791133,1.0318109,0.0,0.092937104,0.0,0.0,5.2050333e-09,-27.613415,2.2700293,0.75667644,0.17600001,0.0,0.18345606,21.680305,21.700306,3478400
hardzero_plus_depr__c0p50__z1p00__lam0p020__nu0p50__psi0p75,hardzero_plus_depr,0.06,41,1087,0.0,2,0.13791133,0.13791133,1.0714587,0.0,0.08482839,0.0,0.0,5.1275335e-09,-28.318407,2.3572562,0.78575206,0.136,0.0,0.17713742,21.700306,21.720306,3481600
hardzero_plus_depr__c0p50__z1p00__lam0p020__nu0p50__psi0p75,hardzero_plus_depr,0.06,41,1088,0.0,2,0.13791133,0.13791133,1.0341835,0.0,0.092430755,0.0,0.0,5.0511972e-09,-27.742567,2.2752492,0.7584164,0.16000001,0.0,0.16095802,21.720306,21.740307,3484800
hardzero_plus_depr__c0p50__z1p00__lam0p020__nu0p50__psi0p75,hardzero_plus_depr,0.06,41,1089,0.0,2,0.13791133,0.13791133,1.0489099,0.0,0.08934909,0.0,0.0,4.9759974e-09,-27.126282,2.307648,0.769216,0.14400001,0.0,0.17179206,21.740307,21.760307,3488000
hardzero_plus_depr__c0p50__z1p00__lam0p020__nu0p50__psi0p75,hardzero_plus_depr,0.06,41,1090,0.0,2,0.13791133,0.13791133,1.0736592,0.0,0.08439969,0.0,0.0,4.9019087e-09,-28.357601,2.3620973,0.7873658,0.192,0.0,0.14784865,21.760307,21.780308,3491200
hardzero_plus_depr__c0p50__z1p00__lam0p020__nu0p50__psi0p75,hardzero_plus_depr,0.06,41,1091,0.0,2,0.13791133,0.13791133,1.0240868,0.0,0.094604805,0.0,0.0,4.8289226e-09,-27.806353,2.253036,0.751012,0.16000001,0.008,0.17189014,21.780308,21.800308,3494400
hardzero_plus_depr__c0p50__z1p00__lam0p020__nu0p50__psi0p75,hardzero_plus_depr,0.06,41,1092,0.0,2,0.13791133,0.13791133,0.9948678,0.10118873,0.10118873,1.0,4.8135795e-10,4.7570317e-09,-26.92688,2.188753,0.72958434,0.21,0.0,0.1352804,21.800308,21.820309,3497600
hardzero_plus_depr__c0p50__z1p00__lam0p020__nu0p50__psi0p75,hardzero_plus_depr,0.06,41,1093,0.0,2,0.13791133,0.13791133,0.9820055,0.10423041,0.10423041,1.0,4.8844573e-10,4.6862114e-09,-26.572012,2.1604552,0.7201518,0.192,0.0,0.14227246,21.820309,21.84031,3500800
hardzero_plus_depr__c0p50__z1p00__lam0p020__nu0p50__psi0p75,hardzero_plus_depr,0.06,41,1094,0.0,2,0.13791133,0.13791133,1.003195,0.0,0.099267006,0.0,0.0,4.6164375e-09,-27.17089,2.2070732,0.7356911,0.18400002,0.0,0.15006582,21.84031,21.86031,3504000
hardzero_plus_depr__c0p50__z1p00__lam0p020__nu0p50__psi0p75,hardzero_plus_depr,0.06,41,1095,0.0,2,0.13791133,0.13791133,1.0383297,0.0,0.0915525,0.0,0.0,4.5477013e-09,-26.944464,2.284371,0.76145697,0.15200001,0.0,0.16268367,21.86031,21.88031,3507200
hardzero_plus_depr__c0p50__z1p00__lam0p020__nu0p50__psi0p75,hardzero_plus_depr,0.06,41,1096,0.0,2,0.13791133,0.13791133,0.9814768,0.10435738,0.10435738,1.0,4.675208e-10,4.4799977e-09,-26.704105,2.159292,0.719764,0.192,0.0,0.15000767,21.88031,21.90031,3510400
hardzero_plus_depr__c0p50__z1p00__lam0p020__nu0p50__psi0p75,hardzero_plus_depr,0.06,41,1097,0.0,2,0.13791133,0.13791133,1.0225526,0.0,0.0949396,0.0,0.0,4.413302e-09,-27.446016,2.2496607,0.74988693,0.128,0.0,0.17142598,21.90031,21.920311,3513600
hardzero_plus_depr__c0p50__z1p00__lam0p020__nu0p50__psi0p75,hardzero_plus_depr,0.06,41,1098,0.0,2,0.13791133,0.13791133,0.9752935,0.10585381,0.10585381,1.0,4.6020904e-10,4.3475907e-09,-26.222279,2.1456885,0.7152295,0.136,0.0,0.12844922,21.920311,21.940311,3516800
hardzero_plus_depr__c0p50__z1p00__lam0p020__nu0p50__psi0p75,hardzero_plus_depr,0.06,41,1099,0.0,2,0.13791133,0.13791133,0.9545606,0.11102976,0.11102976,1.0,4.755247e-10,4.282858e-09,-26.090826,2.1000752,0.7000251,0.18400002,0.0,0.13823329,21.940311,21.960312,3520000
hardzero_plus_depr__c0p50__z1p00__lam0p020__nu0p50__psi0p75,hardzero_plus_depr,0.06,41,1100,0.0,2,0.13791133,0.13791133,1.0612036,0.0,0.0868553,0.0,0.0,4.2190975e-09,-28.03929,2.3346946,0.77823156,0.136,0.0,0.1716714,21.960312,21.980312,3523200
hardzero_plus_depr__c0p50__z1p00__lam0p020__nu0p50__psi0p75,hardzero_plus_depr,0.06,41,1101,0.0,2,0.13791133,0.13791133,1.0614014,0.0,0.08681576,0.0,0.0,4.1562855e-09,-28.025028,2.3351297,0.7783766,0.120000005,0.0,0.1608159,21.980312,22.000313,3526400
hardzero_plus_depr__c0p50__z1p00__lam0p020__nu0p50__psi0p75,hardzero_plus_depr,0.06,41,1102,0.0,2,0.13791133,0.13791133,0.99835247,0.10038006,0.10038006,1.0,4.1099626e-10,4.0944013e-09,-27.130548,2.1964192,0.73213977,0.136,0.0,0.13983037,22.000313,22.020313,3529600
hardzero_plus_depr__c0p50__z1p00__lam0p020__nu0p50__psi0p75,hardzero_plus_depr,0.06,41,1103,0.0,2,0.13791133,0.13791133,1.0579135,0.0,0.087515794,0.0,0.0,4.033438e-09,-27.472599,2.3274562,0.77581877,0.16000001,0.0,0.16006465,22.020313,22.040314,3532800
hardzero_plus_depr__c0p50__z1p00__lam0p020__nu0p50__psi0p75,hardzero_plus_depr,0.06,41,1104,0.0,2,0.13791133,0.13791133,1.0074129,0.0,0.098307595,0.0,0.0,3.9733905e-09,-27.030928,2.2163527,0.73878425,0.192,0.0,0.15550569,22.040314,22.060314,3536000
hardzero_plus_depr__c0p50__z1p00__lam0p020__nu0p50__psi0p75,hardzero_plus_depr,0.06,41,1105,0.0,2,0.13791133,0.13791133,1.0294968,0.0,0.09343363,0.0,0.0,3.914237e-09,-27.953205,2.264938,0.7549794,0.14999999,0.0,0.15644562,22.060314,22.080315,3539200
hardzero_plus_depr__c0p50__z1p00__lam0p020__nu0p50__psi0p75,hardzero_plus_depr,0.06,41,1106,0.0,2,0.13791133,0.13791133,1.0305095,0.0,0.093216,0.0,0.0,3.8559564e-09,-27.494625,2.2671661,0.75572205,0.128,0.0,0.17263827,22.080315,22.100315,3542400
hardzero_plus_depr__c0p50__z1p00__lam0p020__nu0p50__psi0p75,hardzero_plus_depr,0.06,41,1107,0.0,2,0.13791133,0.13791133,1.0319568,0.0,0.092905894,0.0,0.0,3.798544e-09,-28.093483,2.2703502,0.7567834,0.16800001,0.0,0.1636571,22.100315,22.120316,3545600
hardzero_plus_depr__c0p50__z1p00__lam0p020__nu0p50__psi0p75,hardzero_plus_depr,0.06,41,1108,0.0,2,0.13791133,0.13791133,1.0790685,0.0,0.08335495,0.0,0.0,3.7419934e-09,-27.877275,2.3739982,0.7913327,0.136,0.0,0.15566061,22.120316,22.140316,3548800
hardzero_plus_depr__c0p50__z1p00__lam0p020__nu0p50__psi0p75,hardzero_plus_depr,0.06,41,1109,0.0,2,0.13791133,0.13791133,1.0253245,0.0,0.094335586,0.0,0.0,3.6862842e-09,-26.854786,2.2557588,0.7519196,0.16000001,0.0,0.15169159,22.140316,22.160316,3552000
hardzero_plus_depr__c0p50__z1p00__lam0p020__nu0p50__psi0p75,hardzero_plus_depr,0.06,41,1110,0.0,2,0.13791133,0.13791133,1.0374788,0.0,0.09173206,0.0,0.0,3.6313978e-09,-27.010345,2.282499,0.760833,0.128,0.0,0.18139815,22.160316,22.180317,3555200
hardzero_plus_depr__c0p50__z1p00__lam0p020__nu0p50__psi0p75,hardzero_plus_depr,0.06,41,1111,0.0,2,0.13791133,0.13791133,1.0279334,0.0,0.093770586,0.0,0.0,3.577329e-09,-27.283688,2.2614985,0.7538328,0.16800001,0.0,0.13643003,22.180317,22.200317,3558400
hardzero_plus_depr__c0p50__z1p00__lam0p020__nu0p50__psi0p75,hardzero_plus_depr,0.06,41,1112,0.0,2,0.13791133,0.13791133,0.9650663,0.108376145,0.108376145,1.0,3.8192532e-10,3.524072e-09,-27.064669,2.1231883,0.70772946,0.192,0.0,0.14859548,22.200317,22.220318,3561600
hardzero_plus_depr__c0p50__z1p00__lam0p020__nu0p50__psi0p75,hardzero_plus_depr,0.06,41,1113,0.0,2,0.13791133,0.13791133,0.98075455,0.10453109,0.10453109,1.0,3.628909e-10,3.4716074e-09,-26.258545,2.1577032,0.7192344,0.16000001,0.0,0.13987781,22.220318,22.240318,3564800
hardzero_plus_depr__c0p50__z1p00__lam0p020__nu0p50__psi0p75,hardzero_plus_depr,0.06,41,1114,0.0,2,0.13791133,0.13791133,1.0050353,0.0,0.098847285,0.0,0.0,3.4199172e-09,-26.605005,2.2111218,0.73704064,0.128,0.008,0.1497531,22.240318,22.260319,3568000
hardzero_plus_depr__c0p50__z1p00__lam0p020__nu0p50__psi0p75,hardzero_plus_depr,0.06,41,1115,0.0,2,0.13791133,0.13791133,0.99356306,0.101493195,0.101493195,1.0,3.4193026e-10,3.3689969e-09,-26.896387,2.1858823,0.72862744,0.192,0.0,0.14740308,22.260319,22.28032,3571200
hardzero_plus_depr__c0p50__z1p00__lam0p020__nu0p50__psi0p75,hardzero_plus_depr,0.06,41,1116,0.0,2,0.13791133,0.13791133,1.0117213,0.0,0.09733717,0.0,0.0,3.3188414e-09,-27.09364,2.2258313,0.7419438,0.216,0.008,0.14179304,22.28032,22.30032,3574400
hardzero_plus_depr__c0p50__z1p00__lam0p020__nu0p50__psi0p75,hardzero_plus_depr,0.06,41,1117,0.0,2,0.13791133,0.13791133,1.0213403,0.0,0.09520499,0.0,0.0,3.2694323e-09,-27.893806,2.2469935,0.74899787,0.128,0.0,0.13867263,22.30032,22.32032,3577600
hardzero_plus_depr__c0p50__z1p00__lam0p020__nu0p50__psi0p75,hardzero_plus_depr,0.06,41,1118,0.0,2,0.13791133,0.13791133,1.046608,0.0,0.089823924,0.0,0.0,3.2207526e-09,-26.691063,2.3025835,0.7675278,0.16,0.0,0.1404548,22.32032,22.34032,3580800
hardzero_plus_depr__c0p50__z1p00__lam0p020__nu0p50__psi0p75,hardzero_plus_depr,0.06,41,1119,0.0,2,0.13791133,0.13791133,1.0428269,0.0,0.09060937,0.0,0.0,3.1727976e-09,-27.57561,2.294265,0.764755,0.17600001,0.0,0.15812635,22.34032,22.360321,3584000
hardzero_plus_depr__c0p50__z1p00__lam0p020__nu0p50__psi0p75,hardzero_plus_depr,0.06,41,1120,0.0,2,0.13791133,0.13791133,0.93680376,0.11566347,0.11566347,1.0,3.6151346e-10,3.125563e-09,-26.197037,2.0610094,0.68700314,0.17600001,0.0,0.1416107,22.360321,22.380322,3587200
hardzero_plus_depr__c0p50__z1p00__lam0p020__nu0p50__psi0p75,hardzero_plus_depr,0.06,41,1121,0.0,2,0.13791133,0.13791133,0.9518127,0.11173451,0.11173451,1.0,3.4403402e-10,3.079031e-09,-27.081213,2.0940297,0.6980099,0.16000001,0.0,0.13986543,22.380322,22.400322,3590400
hardzero_plus_depr__c0p50__z1p00__lam0p020__nu0p50__psi0p75,hardzero_plus_depr,0.06,41,1122,0.0,2,0.13791133,0.13791133,1.0276535,0.0,0.09383104,0.0,0.0,3.0331864e-09,-27.043367,2.2608829,0.75362766,0.080000006,0.0,0.13664512,22.400322,22.420322,3593600
hardzero_plus_depr__c0p50__z1p00__lam0p020__nu0p50__psi0p75,hardzero_plus_depr,0.06,41,1123,0.0,2,0.13791133,0.13791133,0.98185104,0.10426749,0.10426749,1.0,3.115538e-10,2.9880243e-09,-27.342373,2.1601155,0.72003853,0.216,0.008,0.16379173,22.420322,22.440323,3596800
hardzero_plus_depr__c0p50__z1p00__lam0p020__nu0p50__psi0p75,hardzero_plus_depr,0.06,41,1124,0.0,2,0.13791133,0.13791133,1.0379951,0.0,0.091623075,0.0,0.0,2.9435399e-09,-27.666567,2.283635,0.76121163,0.14400001,0.0,0.15777396,22.440323,22.460323,3600000
hardzero_plus_depr__c0p50__z1p00__lam0p020__nu0p50__psi0p75,hardzero_plus_depr,0.06,41,1125,0.0,2,0.13791133,0.13791133,1.0421399,0.0,0.09075282,0.0,0.0,2.8997182e-09,-27.13124,2.2927535,0.7642512,0.104,0.0,0.13880755,22.460323,22.480324,3603200
hardzero_plus_depr__c0p50__z1p00__lam0p020__nu0p50__psi0p75,hardzero_plus_depr,0.06,41,1126,0.0,2,0.13791133,0.13791133,1.002097,0.0,0.099518314,0.0,0.0,2.8565434e-09,-27.42219,2.2046576,0.7348859,0.208,0.0,0.1538069,22.480324,22.500324,3606400
hardzero_plus_depr__c0p50__z1p00__lam0p020__nu0p50__psi0p75,hardzero_plus_depr,0.06,41,1127,0.0,2,0.13791133,0.13791133,1.0106262,0.0,0.097582914,0.0,0.0,2.8140115e-09,-26.466513,2.223422,0.7411407,0.216,0.0,0.17882259,22.500324,22.520325,3609600
hardzero_plus_depr__c0p50__z1p00__lam0p020__nu0p50__psi0p75,hardzero_plus_depr,0.06,41,1128,0.0,2,0.13791133,0.13791133,1.0176401,0.0,0.09601959,0.0,0.0,2.7721179e-09,-27.889143,2.238853,0.74628437,0.14400001,0.0,0.16064763,22.520325,22.540325,3612800
hardzero_plus_depr__c0p50__z1p00__lam0p020__nu0p50__psi0p75,hardzero_plus_depr,0.06,41,1129,0.0,2,0.13791133,0.13791133,1.0280848,0.0,0.09373791,0.0,0.0,2.7308482e-09,-26.953144,2.2618315,0.75394386,0.2,0.0,0.17383897,22.540325,22.560326,3616000
hardzero_plus_depr__c0p50__z1p00__lam0p020__nu0p50__psi0p75,hardzero_plus_depr,0.06,41,1130,0.0,2,0.13791133,0.13791133,1.0867814,0.0,0.081887685,0.0,0.0,2.6901876e-09,-28.451067,2.390967,0.79698896,0.112,0.0,0.1695033,22.560326,22.580326,3619200
hardzero_plus_depr__c0p50__z1p00__lam0p020__nu0p50__psi0p75,hardzero_plus_depr,0.06,41,1131,0.0,2,0.13791133,0.13791133,1.0293181,0.0,0.09347206,0.0,0.0,2.6501323e-09,-27.788996,2.264545,0.75484836,0.22,0.0,0.19579667,22.580326,22.600327,3622400
hardzero_plus_depr__c0p50__z1p00__lam0p020__nu0p50__psi0p75,hardzero_plus_depr,0.06,41,1132,0.0,2,0.13791133,0.13791133,1.0841124,0.0,0.08239248,0.0,0.0,2.6106788e-09,-28.928886,2.385095,0.79503167,0.128,0.0,0.16988698,22.600327,22.620327,3625600
hardzero_plus_depr__c0p50__z1p00__lam0p020__nu0p50__psi0p75,hardzero_plus_depr,0.06,41,1133,0.0,2,0.13791133,0.13791133,1.0321652,0.0,0.09286131,0.0,0.0,2.5718123e-09,-27.120596,2.2708087,0.75693625,0.136,0.0,0.16164899,22.620327,22.640327,3628800
hardzero_plus_depr__c0p50__z1p00__lam0p020__nu0p50__psi0p75,hardzero_plus_depr,0.06,41,1134,0.0,2,0.13791133,0.13791133,0.9861163,0.10324848,0.10324848,1.0,2.6158203e-10,2.5335196e-09,-27.004744,2.1694992,0.7231664,0.17600001,0.0,0.15399432,22.640327,22.660328,3632000
hardzero_plus_depr__c0p50__z1p00__lam0p020__nu0p50__psi0p75,hardzero_plus_depr,0.06,41,1135,0.0,2,0.13791133,0.13791133,1.0537559,0.0,0.08835764,0.0,0.0,2.4957971e-09,-28.133541,2.3183093,0.7727698,0.128,0.0,0.15523762,22.660328,22.680328,3635200
hardzero_plus_depr__c0p50__z1p00__lam0p020__nu0p50__psi0p75,hardzero_plus_depr,0.06,41,1136,0.0,2,0.13791133,0.13791133,1.0507307,0.0,0.088975266,0.0,0.0,2.458641e-09,-28.313736,2.3116536,0.7705512,0.16800001,0.0,0.16957413,22.680328,22.700329,3638400
hardzero_plus_depr__c0p50__z1p00__lam0p020__nu0p50__psi0p75,hardzero_plus_depr,0.06,41,1137,0.0,2,0.13791133,0.13791133,0.98799044,0.102803886,0.102803886,1.0,2.4899494e-10,2.4220381e-09,-26.79483,2.1736224,0.7245408,0.208,0.0,0.17162134,22.700329,22.72033,3641600
hardzero_plus_depr__c0p50__z1p00__lam0p020__nu0p50__psi0p75,hardzero_plus_depr,0.06,41,1138,0.0,2,0.13791133,0.13791133,0.9944193,0.101293296,0.101293296,1.0,2.4168334e-10,2.3859756e-09,-27.34454,2.187766,0.7292554,0.18400002,0.0,0.14967872,22.72033,22.74033,3644800
hardzero_plus_depr__c0p50__z1p00__lam0p020__nu0p50__psi0p75,hardzero_plus_depr,0.06,41,1139,0.0,2,0.13791133,0.13791133,1.0317106,0.0,0.092958555,0.0,0.0,2.35045e-09,-26.994617,2.2698088,0.75660294,0.128,0.0,0.1531505,22.74033,22.76033,3648000
hardzero_plus_depr__c0p50__z1p00__lam0p020__nu0p50__psi0p75,hardzero_plus_depr,0.06,41,1140,0.0,2,0.13791133,0.13791133,1.0444303,0.0,0.09027546,0.0,0.0,2.315458e-09,-27.428389,2.2977924,0.76593083,0.14400001,0.0,0.14765196,22.76033,22.78033,3651200
hardzero_plus_depr__c0p50__z1p00__lam0p020__nu0p50__psi0p75,hardzero_plus_depr,0.06,41,1141,0.0,2,0.13791133,0.13791133,0.9507762,0.11200149,0.11200149,1.0,2.5547392e-10,2.2809867e-09,-26.46924,2.0917494,0.6972498,0.16800001,0.0,0.1569558,22.78033,22.800331,3654400
hardzero_plus_depr__c0p50__z1p00__lam0p020__nu0p50__psi0p75,hardzero_plus_depr,0.06,41,1142,0.0,2,0.13791133,0.13791133,0.98797125,0.10280844,0.10280844,1.0,2.3101307e-10,2.2470243e-09,-27.079588,2.1735802,0.72452676,0.16800001,0.0,0.14028977,22.800331,22.820332,3657600
hardzero_plus_depr__c0p50__z1p00__lam0p020__nu0p50__psi0p75,hardzero_plus_depr,0.06,41,1143,0.0,2,0.13791133,0.13791133,0.9646989,0.10846787,0.10846787,1.0,2.4010097e-10,2.2135676e-09,-26.419188,2.12238,0.70746005,0.192,0.0,0.12939036,22.820332,22.840332,3660800
hardzero_plus_depr__c0p50__z1p00__lam0p020__nu0p50__psi0p75,hardzero_plus_depr,0.06,41,1144,0.0,2,0.13791133,0.13791133,1.071582,0.0,0.084804334,0.0,0.0,2.1806132e-09,-28.023977,2.3575275,0.78584254,0.12,0.0,0.15904933,22.840332,22.860332,3664000
hardzero_plus_depr__c0p50__z1p00__lam0p020__nu0p50__psi0p75,hardzero_plus_depr,0.06,41,1145,0.0,2,0.13791133,0.13791133,1.0071725,0.0,0.098362036,0.0,0.0,2.1481494e-09,-26.618883,2.2158237,0.7386079,0.15200001,0.008,0.1530661,22.860332,22.880333,3667200
hardzero_plus_depr__c0p50__z1p00__lam0p020__nu0p50__psi0p75,hardzero_plus_depr,0.06,41,1146,0.0,2,0.13791133,0.13791133,1.0112414,0.0,0.09744477,0.0,0.0,2.1161648e-09,-27.29369,2.2247756,0.7415919,0.128,0.0,0.15920876,22.880333,22.900333,3670400
hardzero_plus_depr__c0p50__z1p00__lam0p020__nu0p50__psi0p75,hardzero_plus_depr,0.06,41,1147,0.0,2,0.13791133,0.13791133,1.0184149,0.0,0.09584846,0.0,0.0,2.0846567e-09,-27.174416,2.2405574,0.7468525,0.2,0.008,0.17523275,22.900333,22.920334,3673600
hardzero_plus_depr__c0p50__z1p00__lam0p020__nu0p50__psi0p75,hardzero_plus_depr,0.06,41,1148,0.0,2,0.13791133,0.13791133,1.0124823,0.0,0.09716675,0.0,0.0,2.0536215e-09,-27.496622,2.2275054,0.74250185,0.16800001,0.0,0.16601,22.920334,22.940334,3676800
hardzero_plus_depr__c0p50__z1p00__lam0p020__nu0p50__psi0p75,hardzero_plus_depr,0.06,41,1149,0.0,2,0.13791133,0.13791133,1.0455761,0.0,0.09003761,0.0,0.0,2.023048e-09,-27.666716,2.3003135,0.7667712,0.15200001,0.0,0.1558546,22.940334,22.960335,3680000
hardzero_plus_depr__c0p50__z1p00__lam0p020__nu0p50__psi0p75,hardzero_plus_depr,0.06,41,1150,0.0,2,0.13791133,0.13791133,1.0068078,0.0,0.09844466,0.0,0.0,1.992926e-09,-26.998016,2.2150214,0.7383405,0.120000005,0.0,0.17112306,22.960335,22.980335,3683200
hardzero_plus_depr__c0p50__z1p00__lam0p020__nu0p50__psi0p75,hardzero_plus_depr,0.06,41,1151,0.0,2,0.13791133,0.13791133,1.0404251,0.0,0.09111186,0.0,0.0,1.9632527e-09,-28.50817,2.2889807,0.7629936,0.16800001,0.0,0.17885786,22.980335,23.000336,3686400
hardzero_plus_depr__c0p50__z1p00__lam0p020__nu0p50__psi0p75,hardzero_plus_depr,0.06,41,1152,0.0,2,0.13791133,0.13791133,1.0364177,0.0,0.09195646,0.0,0.0,1.934025e-09,-27.97863,2.2801645,0.7600548,0.2,0.0,0.16444647,23.000336,23.020336,3689600
hardzero_plus_depr__c0p50__z1p00__lam0p020__nu0p50__psi0p75,hardzero_plus_depr,0.06,41,1153,0.0,2,0.13791133,0.13791133,0.9930459,0.101614125,0.101614125,1.0,1.935985e-10,1.9052322e-09,-26.787434,2.1847446,0.72824824,0.18400002,0.0,0.14512835,23.020336,23.040337,3692800
hardzero_plus_depr__c0p50__z1p00__lam0p020__nu0p50__psi0p75,hardzero_plus_depr,0.06,41,1154,0.0,2,0.13791133,0.13791133,1.0090823,0.0,0.097930424,0.0,0.0,1.8768647e-09,-27.178003,2.2200253,0.7400085,0.192,0.0,0.15018451,23.040337,23.060337,3696000
hardzero_plus_depr__c0p50__z1p00__lam0p020__nu0p50__psi0p75,hardzero_plus_depr,0.06,41,1155,0.0,2,0.13791133,0.13791133,1.007185,0.0,0.0983592,0.0,0.0,1.8489192e-09,-27.523552,2.2158513,0.7386171,0.17600001,0.0,0.1541076,23.060337,23.080338,3699200
hardzero_plus_depr__c0p50__z1p00__lam0p020__nu0p50__psi0p75,hardzero_plus_depr,0.06,41,1156,0.0,2,0.13791133,0.13791133,1.0231283,0.0,0.09481383,0.0,0.0,1.8213936e-09,-26.788256,2.2509272,0.7503091,0.104,0.0,0.14956193,23.080338,23.100338,3702400
hardzero_plus_depr__c0p50__z1p00__lam0p020__nu0p50__psi0p75,hardzero_plus_depr,0.06,41,1157,0.0,2,0.13791133,0.13791133,1.0102687,0.0,0.09766328,0.0,0.0,1.7942777e-09,-26.964643,2.2226355,0.7408785,0.12,0.0,0.15292737,23.100338,23.120338,3705600
hardzero_plus_depr__c0p50__z1p00__lam0p020__nu0p50__psi0p75,hardzero_plus_depr,0.06,41,1158,0.0,2,0.13791133,0.13791133,0.97724503,0.105379224,0.105379224,1.0,1.8626434e-10,1.7675622e-09,-26.174303,2.149982,0.7166607,0.15200001,0.0,0.1440198,23.120338,23.140339,3708800
hardzero_plus_depr__c0p50__z1p00__lam0p020__nu0p50__psi0p75,hardzero_plus_depr,0.06,41,1159,0.0,2,0.13791133,0.13791133,0.98663473,0.1031253,0.1031253,1.0,1.7956633e-10,1.7412443e-09,-26.318718,2.1706398,0.7235466,0.23200001,0.0,0.1464016,23.140339,23.16034,3712000
hardzero_plus_depr__c0p50__z1p00__lam0p020__nu0p50__psi0p75,hardzero_plus_depr,0.06,41,1160,0.0,2,0.13791133,0.13791133,1.0489645,0.0,0.08933783,0.0,0.0,1.7153216e-09,-28.018187,2.307768,0.76925606,0.17600001,0.0,0.19271208,23.16034,23.18034,3715200
hardzero_plus_depr__c0p50__z1p00__lam0p020__nu0p50__psi0p75,hardzero_plus_depr,0.06,41,1161,0.0,2,0.13791133,0.13791133,1.0032467,0.0,0.09925522,0.0,0.0,1.6897848e-09,-27.22017,2.2071867,0.7357289,0.23200001,0.0,0.16233961,23.18034,23.20034,3718400
hardzero_plus_depr__c0p50__z1p00__lam0p020__nu0p50__psi0p75,hardzero_plus_depr,0.06,41,1162,0.0,2,0.13791133,0.13791133,1.0521591,0.0,0.088683106,0.0,0.0,1.664625e-09,-27.775352,2.3147962,0.77159876,0.15200001,0.0,0.1593635,23.20034,23.22034,3721600
hardzero_plus_depr__c0p50__z1p00__lam0p020__nu0p50__psi0p75,hardzero_plus_depr,0.06,41,1163,0.0,2,0.13791133,0.13791133,1.0171947,0.0,0.09611812,0.0,0.0,1.6398398e-09,-27.398993,2.237873,0.74595773,0.16000001,0.0,0.16100469,23.22034,23.240341,3724800
hardzero_plus_depr__c0p50__z1p00__lam0p020__nu0p50__psi0p75,hardzero_plus_depr,0.06,41,1164,0.0,2,0.13791133,0.13791133,1.0257193,0.0,0.09424987,0.0,0.0,1.6154269e-09,-27.469717,2.2566276,0.7522092,0.18400002,0.0,0.15688348,23.240341,23.260342,3728000
hardzero_plus_depr__c0p50__z1p00__lam0p020__nu0p50__psi0p75,hardzero_plus_depr,0.06,41,1165,0.0,2,0.13791133,0.13791133,1.0487244,0.0,0.089387245,0.0,0.0,1.5913773e-09,-27.3576,2.3072398,0.7690799,0.14400001,0.0,0.17651956,23.260342,23.280342,3731200
hardzero_plus_depr__c0p50__z1p00__lam0p020__nu0p50__psi0p75,hardzero_plus_depr,0.06,41,1166,0.0,2,0.13791133,0.13791133,0.95676017,0.11046884,0.11046884,1.0,1.7318008e-10,1.5676825e-09,-27.348919,2.1049144,0.70163816,0.2,0.0,0.17265637,23.280342,23.300343,3734400
hardzero_plus_depr__c0p50__z1p00__lam0p020__nu0p50__psi0p75,hardzero_plus_depr,0.06,41,1167,0.0,2,0.13791133,0.13791133,0.974462,0.10605668,0.10605668,1.0,1.6378766e-10,1.5443409e-09,-26.18572,2.1438591,0.71461976,0.120000005,0.0,0.13340496,23.300343,23.320343,3737600
hardzero_plus_depr__c0p50__z1p00__lam0p020__nu0p50__psi0p75,hardzero_plus_depr,0.06,41,1168,0.0,2,0.13791133,0.13791133,0.9687672,0.10745651,0.10745651,1.0,1.6347892e-10,1.5213496e-09,-26.031475,2.1313305,0.7104435,0.112,0.0,0.14218523,23.320343,23.340343,3740800
hardzero_plus_depr__c0p50__z1p00__lam0p020__nu0p50__psi0p75,hardzero_plus_depr,0.06,41,1169,0.0,2,0.13791133,0.13791133,0.9747183,0.1059941,0.1059941,1.0,1.588534e-10,1.4987005e-09,-27.287407,2.144423,0.7148077,0.256,0.0,0.17806599,23.340343,23.360344,3744000
hardzero_plus_depr__c0p50__z1p00__lam0p020__nu0p50__psi0p75,hardzero_plus_depr,0.06,41,1170,0.0,2,0.13791133,0.13791133,1.0822992,0.0,0.08273718,0.0,0.0,1.4763858e-09,-27.995405,2.381106,0.793702,0.12,0.0,0.15155599,23.360344,23.380344,3747200
hardzero_plus_depr__c0p50__z1p00__lam0p020__nu0p50__psi0p75,hardzero_plus_depr,0.06,41,1171,0.0,2,0.13791133,0.13791133,0.9734214,0.10631109,0.10631109,1.0,1.5461923e-10,1.4544036e-09,-26.694706,2.1415699,0.71385664,0.14400001,0.0,0.14921886,23.380344,23.400345,3750400
hardzero_plus_depr__c0p50__z1p00__lam0p020__nu0p50__psi0p75,hardzero_plus_depr,0.06,41,1172,0.0,2,0.13791133,0.13791133,1.004191,0.0,0.09903962,0.0,0.0,1.4327511e-09,-27.187637,2.2092645,0.7364215,0.15200001,0.0,0.17896701,23.400345,23.420345,3753600
hardzero_plus_depr__c0p50__z1p00__lam0p020__nu0p50__psi0p75,hardzero_plus_depr,0.06,41,1173,0.0,2,0.13791133,0.13791133,1.0008987,0.0,0.09979326,0.0,0.0,1.411421e-09,-26.541605,2.2020211,0.73400706,0.2,0.0,0.14199714,23.420345,23.440346,3756800
hardzero_plus_depr__c0p50__z1p00__lam0p020__nu0p50__psi0p75,hardzero_plus_depr,0.06,41,1174,0.0,2,0.13791133,0.13791133,1.0314107,0.0,0.09302278,0.0,0.0,1.390406e-09,-27.279104,2.2691488,0.75638294,0.136,0.0,0.14432572,23.440346,23.460346,3760000
hardzero_plus_depr__c0p50__z1p00__lam0p020__nu0p50__psi0p75,hardzero_plus_depr,0.06,41,1175,0.0,2,0.13791133,0.13791133,1.0431314,0.0,0.09054588,0.0,0.0,1.3697038e-09,-27.611551,2.2949347,0.7649783,0.112,0.0,0.18877466,23.460346,23.480347,3763200
hardzero_plus_depr__c0p50__z1p00__lam0p020__nu0p50__psi0p75,hardzero_plus_depr,0.06,41,1176,0.0,2,0.13791133,0.13791133,0.98549664,0.10339591,0.10339591,1.0,1.3951337e-10,1.3493123e-09,-26.74215,2.168136,0.722712,0.16000001,0.0,0.14769897,23.480347,23.500347,3766400
hardzero_plus_depr__c0p50__z1p00__lam0p020__nu0p50__psi0p75,hardzero_plus_depr,0.06,41,1177,0.0,2,0.13791133,0.13791133,1.0065231,0.0,0.09850921,0.0,0.0,1.3292246e-09,-26.801134,2.214395,0.7381317,0.18400002,0.0,0.14482854,23.500347,23.520348,3769600
hardzero_plus_depr__c0p50__z1p00__lam0p020__nu0p50__psi0p75,hardzero_plus_depr,0.06,41,1178,0.0,2,0.13791133,0.13791133,1.0195663,0.0,0.095594674,0.0,0.0,1.3094332e-09,-27.49563,2.2430906,0.7476969,0.120000005,0.0,0.14186102,23.520348,23.540348,3772800
hardzero_plus_depr__c0p50__z1p00__lam0p020__nu0p50__psi0p75,hardzero_plus_depr,0.06,41,1179,0.0,2,0.13791133,0.13791133,0.9694635,0.10728437,0.10728437,1.0,1.3839005e-10,1.2899367e-09,-26.119835,2.1328623,0.7109541,0.208,0.0,0.15463324,23.540348,23.560349,3776000
hardzero_plus_depr__c0p50__z1p00__lam0p020__nu0p50__psi0p75,hardzero_plus_depr,0.06,41,1180,0.0,2,0.13791133,0.13791133,1.0290627,0.0,0.093527034,0.0,0.0,1.2707327e-09,-27.487165,2.2639832,0.7546611,0.192,0.0,0.16396622,23.560349,23.580349,3779200
hardzero_plus_depr__c0p50__z1p00__lam0p020__nu0p50__psi0p75,hardzero_plus_depr,0.06,41,1181,0.0,2,0.13791133,0.13791133,1.0299675,0.0,0.093332395,0.0,0.0,1.2518149e-09,-27.802263,2.2659738,0.7553246,0.16000001,0.0,0.14705013,23.580349,23.60035,3782400
hardzero_plus_depr__c0p50__z1p00__lam0p020__nu0p50__psi0p75,hardzero_plus_depr,0.06,41,1182,0.0,2,0.13791133,0.13791133,0.98738897,0.10294636,0.10294636,1.0,1.2695099e-10,1.2331761e-09,-26.479095,2.1722991,0.72409976,0.16000001,0.0,0.15188837,23.60035,23.62035,3785600
hardzero_plus_depr__c0p50__z1p00__lam0p020__nu0p50__psi0p75,hardzero_plus_depr,0.06,41,1183,0.0,2,0.13791133,0.13791133,0.9716295,0.10675064,0.10675064,1.0,1.2968226e-10,1.2148149e-09,-25.442139,2.1376276,0.71254253,0.24,0.0,0.13583075,23.62035,23.64035,3788800
hardzero_plus_depr__c0p50__z1p00__lam0p020__nu0p50__psi0p75,hardzero_plus_depr,0.06,41,1184,0.0,2,0.13791133,0.13791133,1.0111281,0.0,0.09747021,0.0,0.0,1.1967294e-09,-27.426796,2.2245262,0.7415087,0.18400002,0.0,0.14800262,23.64035,23.66035,3792000
hardzero_plus_depr__c0p50__z1p00__lam0p020__nu0p50__psi0p75,hardzero_plus_depr,0.06,41,1185,0.0,2,0.13791133,0.13791133,1.0152117,0.0,0.096558,0.0,0.0,1.1789132e-09,-27.234207,2.2335103,0.74450344,0.15200001,0.0,0.13969049,23.66035,23.680351,3795200
hardzero_plus_depr__c0p50__z1p00__lam0p020__nu0p50__psi0p75,hardzero_plus_depr,0.06,41,1186,0.0,2,0.13791133,0.13791133,0.9866362,0.103124954,0.103124954,1.0,1.1976517e-10,1.1613598e-09,-26.372868,2.170643,0.7235477,0.216,0.0,0.14252491,23.680351,23.700352,3798400
hardzero_plus_depr__c0p50__z1p00__lam0p020__nu0p50__psi0p75,hardzero_plus_depr,0.06,41,1187,0.0,2,0.13791133,0.13791133,1.0261986,0.0,0.09414588,0.0,0.0,1.1440681e-09,-26.952126,2.257682,0.75256073,0.136,0.0,0.14651652,23.700352,23.720352,3801600
hardzero_plus_depr__c0p50__z1p00__lam0p020__nu0p50__psi0p75,hardzero_plus_depr,0.06,41,1188,0.0,2,0.13791133,0.13791133,0.9894774,0.10245252,0.10245252,1.0,1.15467656e-10,1.1270358e-09,-26.632618,2.1768937,0.72563124,0.18400002,0.0,0.15878609,23.720352,23.740353,3804800
hardzero_plus_depr__c0p50__z1p00__lam0p020__nu0p50__psi0p75,hardzero_plus_depr,0.06,41,1189,0.0,2,0.13791133,0.13791133,0.9576043,0.11025434,0.11025434,1.0,1.2241066e-10,1.1102571e-09,-25.72023,2.1067715,0.70225716,0.136,0.0,0.14157544,23.740353,23.760353,3808000
hardzero_plus_depr__c0p50__z1p00__lam0p020__nu0p50__psi0p75,hardzero_plus_depr,0.06,41,1190,0.0,2,0.13791133,0.13791133,1.0003896,0.0,0.09991035,0.0,0.0,1.093726e-09,-26.496145,2.200901,0.7336337,0.120000005,0.0,0.13350216,23.760353,23.780354,3811200
hardzero_plus_depr__c0p50__z1p00__lam0p020__nu0p50__psi0p75,hardzero_plus_depr,0.06,41,1191,0.0,2,0.13791133,0.13791133,1.0004344,0.0,0.09990003,0.0,0.0,1.0774412e-09,-27.442719,2.2009995,0.73366654,0.2,0.008,0.16831249,23.780354,23.800354,3814400
hardzero_plus_depr__c0p50__z1p00__lam0p020__nu0p50__psi0p75,hardzero_plus_depr,0.06,41,1192,0.0,2,0.13791133,0.13791133,1.0167549,0.0,0.096215524,0.0,0.0,1.0614009e-09,-27.521946,2.2369053,0.74563515,0.136,0.0,0.13500026,23.800354,23.820354,3817600
hardzero_plus_depr__c0p50__z1p00__lam0p020__nu0p50__psi0p75,hardzero_plus_depr,0.06,41,1193,0.0,2,0.13791133,0.13791133,1.0233496,0.0,0.094765514,0.0,0.0,1.0455992e-09,-26.173555,2.251414,0.75047135,0.18400002,0.0,0.15764998,23.820354,23.840355,3820800
hardzero_plus_depr__c0p50__z1p00__lam0p020__nu0p50__psi0p75,hardzero_plus_depr,0.06,41,1194,0.0,2,0.13791133,0.13791133,1.023726,0.0,0.09468344,0.0,0.0,1.0300311e-09,-27.186316,2.252242,0.7507474,0.16800001,0.0,0.17191686,23.840355,23.860355,3824000
hardzero_plus_depr__c0p50__z1p00__lam0p020__nu0p50__psi0p75,hardzero_plus_depr,0.06,41,1195,0.0,2,0.13791133,0.13791133,1.0215875,0.0,0.09515082,0.0,0.0,1.0146946e-09,-27.572714,2.2475374,0.7491791,0.17600001,0.0,0.16859496,23.860355,23.880356,3827200
hardzero_plus_depr__c0p50__z1p00__lam0p020__nu0p50__psi0p75,hardzero_plus_depr,0.06,41,1196,0.0,2,0.13791133,0.13791133,1.0298055,0.0,0.093367234,0.0,0.0,9.995882e-10,-27.154127,2.2656174,0.7552058,0.12,0.0,0.16196439,23.880356,23.900356,3830400
hardzero_plus_depr__c0p50__z1p00__lam0p020__nu0p50__psi0p75,hardzero_plus_depr,0.06,41,1197,0.0,2,0.13791133,0.13791133,1.0100485,0.0,0.0977128,0.0,0.0,9.84707e-10,-27.289614,2.222151,0.74071705,0.192,0.0,0.18122107,23.900356,23.920357,3833600
hardzero_plus_depr__c0p50__z1p00__lam0p020__nu0p50__psi0p75,hardzero_plus_depr,0.06,41,1198,0.0,2,0.13791133,0.13791133,0.9966166,0.1007821,0.1007821,1.0,9.776321e-11,9.700454e-10,-26.552164,2.1926003,0.7308668,0.120000005,0.0,0.14529875,23.920357,23.940357,3836800
hardzero_plus_depr__c0p50__z1p00__lam0p020__nu0p50__psi0p75,hardzero_plus_depr,0.06,41,1199,0.0,2,0.13791133,0.13791133,0.98681146,0.103083365,0.103083365,1.0,9.850666e-11,9.556019e-10,-26.682545,2.1710286,0.7236762,0.18400002,0.0,0.17353152,23.940357,23.960358,3840000
hardzero_plus_depr__c0p50__z1p00__lam0p020__nu0p50__psi0p75,hardzero_plus_depr,0.06,41,1200,0.0,2,0.13791133,0.13791133,1.013139,0.0,0.09701994,0.0,0.0,9.413755e-10,-27.374104,2.2289503,0.74298346,0.23200001,0.0,0.17159808,23.960358,23.980358,3843200
hardzero_plus_depr__c0p50__z1p00__lam0p020__nu0p50__psi0p75,hardzero_plus_depr,0.06,41,1201,0.0,2,0.13791133,0.13791133,0.9772056,0.1053888,0.1053888,1.0,9.773345e-11,9.273609e-10,-26.351324,2.1498952,0.71663177,0.15200001,0.0,0.13921764,23.980358,24.000359,3846400
hardzero_plus_depr__c0p50__z1p00__lam0p020__nu0p50__psi0p75,hardzero_plus_depr,0.06,41,1202,0.0,2,0.13791133,0.13791133,1.0406544,0.0,0.09106375,0.0,0.0,9.1355307e-10,-27.83379,2.2894855,0.76316184,0.15200001,0.0,0.17243549,24.000359,24.020359,3849600
hardzero_plus_depr__c0p50__z1p00__lam0p020__nu0p50__psi0p75,hardzero_plus_depr,0.06,41,1203,0.0,2,0.13791133,0.13791133,1.0184191,0.0,0.09584752,0.0,0.0,8.9995084e-10,-27.096533,2.240567,0.7468557,0.216,0.0,0.14198032,24.020359,24.04036,3852800
hardzero_plus_depr__c0p50__z1p00__lam0p020__nu0p50__psi0p75,hardzero_plus_depr,0.06,41,1204,0.0,2,0.13791133,0.13791133,0.98347336,0.10387873,0.10387873,1.0,9.2093985e-11,8.865529e-10,-26.759773,2.1636846,0.72122824,0.2,0.0,0.15055878,24.04036,24.06036,3856000
hardzero_plus_depr__c0p50__z1p00__lam0p020__nu0p50__psi0p75,hardzero_plus_depr,0.06,41,1205,0.0,2,0.13791133,0.13791133,1.0270995,0.0,0.0939508,0.0,0.0,8.7335433e-10,-27.955402,2.259664,0.7532214,0.128,0.0,0.16150358,24.06036,24.08036,3859200
hardzero_plus_depr__c0p50__z1p00__lam0p020__nu0p50__psi0p75,hardzero_plus_depr,0.06,41,1206,0.0,2,0.13791133,0.13791133,1.0102175,0.0,0.09767479,0.0,0.0,8.603506e-10,-27.11011,2.222523,0.74084103,0.14400001,0.0,0.1588576,24.08036,24.10036,3862400
hardzero_plus_depr__c0p50__z1p00__lam0p020__nu0p50__psi0p75,hardzero_plus_depr,0.06,41,1207,0.0,2,0.13791133,0.13791133,0.96502537,0.10838636,0.10838636,1.0,9.186184e-11,8.475406e-10,-26.526688,2.1230981,0.7076994,0.216,0.0,0.14940694,24.10036,24.120361,3865600
hardzero_plus_depr__c0p50__z1p00__lam0p020__nu0p50__psi0p75,hardzero_plus_depr,0.06,41,1208,0.0,2,0.13791133,0.13791133,1.0567439,0.0,0.08775181,0.0,0.0,8.349229e-10,-28.119736,2.324883,0.774961,0.224,0.0,0.19404215,24.120361,24.140362,3868800
hardzero_plus_depr__c0p50__z1p00__lam0p020__nu0p50__psi0p75,hardzero_plus_depr,0.06,41,1209,0.0,2,0.13791133,0.13791133,1.0411024,0.0,0.09096988,0.0,0.0,8.2249296e-10,-27.768688,2.290471,0.7634904,0.14999999,0.0,0.16822757,24.140362,24.160362,3872000
hardzero_plus_depr__c0p50__z1p00__lam0p020__nu0p50__psi0p75,hardzero_plus_depr,0.06,41,1210,0.0,2,0.13791133,0.13791133,1.0949811,0.0,0.080356106,0.0,0.0,8.1024665e-10,-28.719372,2.4090064,0.8030021,0.16000001,0.0,0.1577474,24.160362,24.180363,3875200
hardzero_plus_depr__c0p50__z1p00__lam0p020__nu0p50__psi0p75,hardzero_plus_depr,0.06,41,1211,0.0,2,0.13791133,0.13791133,0.97165877,0.10674344,0.10674344,1.0,8.520076e-11,7.9818263e-10,-26.022385,2.137692,0.712564,0.28,0.0,0.15024287,24.180363,24.200363,3878400
hardzero_plus_depr__c0p50__z1p00__lam0p020__nu0p50__psi0p75,hardzero_plus_depr,0.06,41,1212,0.0,2,0.13791133,0.13791133,1.0314885,0.0,0.093006104,0.0,0.0,7.862997e-10,-27.365326,2.26932,0.75644004,0.16800001,0.0,0.15869674,24.200363,24.220364,3881600
hardzero_plus_depr__c0p50__z1p00__lam0p020__nu0p50__psi0p75,hardzero_plus_depr,0.06,41,1213,0.0,2,0.13791133,0.13791133,1.0267354,0.0,0.09402959,0.0,0.0,7.745937e-10,-27.971472,2.258863,0.75295436,0.18400002,0.0,0.15763019,24.220364,24.240364,3884800
hardzero_plus_depr__c0p50__z1p00__lam0p020__nu0p50__psi0p75,hardzero_plus_depr,0.06,41,1214,0.0,2,0.13791133,0.13791133,1.0042949,0.0,0.099015936,0.0,0.0,7.630605e-10,-27.789463,2.209493,0.73649764,0.208,0.008,0.15732633,24.240364,24.260365,3888000
hardzero_plus_depr__c0p50__z1p00__lam0p020__nu0p50__psi0p75,hardzero_plus_depr,0.06,41,1215,0.0,2,0.13791133,0.13791133,1.0352656,0.0,0.09220073,0.0,0.0,7.51699e-10,-27.121265,2.2776299,0.75921,0.112,0.0,0.1319778,24.260365,24.280365,3891200
hardzero_plus_depr__c0p50__z1p00__lam0p020__nu0p50__psi0p75,hardzero_plus_depr,0.06,41,1216,0.0,2,0.13791133,0.13791133,1.0007156,0.0,0.099835366,0.0,0.0,7.405081e-10,-26.799603,2.2016182,0.7338728,0.14400001,0.0,0.16359612,24.280365,24.300365,3894400
hardzero_plus_depr__c0p50__z1p00__lam0p020__nu0p50__psi0p75,hardzero_plus_depr,0.06,41,1217,0.0,2,0.13791133,0.13791133,1.0089691,0.0,0.097955965,0.0,0.0,7.2948386e-10,-25.99105,2.2197762,0.7399254,0.192,0.0,0.15932956,24.300365,24.320366,3897600
hardzero_plus_depr__c0p50__z1p00__lam0p020__nu0p50__psi0p75,hardzero_plus_depr,0.06,41,1218,0.0,2,0.13791133,0.13791133,0.9956988,0.10099531,0.10099531,1.0,7.257749e-11,7.186224e-10,-26.165707,2.190581,0.73019373,0.18400002,0.0,0.14289385,24.320366,24.340366,3900800
hardzero_plus_depr__c0p50__z1p00__lam0p020__nu0p50__psi0p75,hardzero_plus_depr,0.06,41,1219,0.0,2,0.13791133,0.13791133,1.0074935,0.0,0.09828936,0.0,0.0,7.079225e-10,-28.010233,2.2165298,0.7388433,0.2,0.0,0.2051885,24.340366,24.360367,3904000
hardzero_plus_depr__c0p50__z1p00__lam0p020__nu0p50__psi0p75,hardzero_plus_depr,0.06,41,1220,0.0,2,0.13791133,0.13791133,0.9865449,0.10314665,0.10314665,1.0,7.193275e-11,6.973833e-10,-26.60362,2.170442,0.7234807,0.2,0.0,0.14566961,24.360367,24.380367,3907200
hardzero_plus_depr__c0p50__z1p00__lam0p020__nu0p50__psi0p75,hardzero_plus_depr,0.06,41,1221,0.0,2,0.13791133,0.13791133,1.0424458,0.0,0.09068892,0.0,0.0,6.870011e-10,-28.191265,2.2934265,0.7644755,0.112,0.0,0.16437027,24.380367,24.400368,3910400
hardzero_plus_depr__c0p50__z1p00__lam0p020__nu0p50__psi0p75,hardzero_plus_depr,0.06,41,1222,0.0,2,0.13791133,0.13791133,1.0118378,0.0,0.09731105,0.0,0.0,6.767721e-10,-26.479239,2.2260878,0.7420293,0.22999999,0.0,0.15285258,24.400368,24.420368,3913600
hardzero_plus_depr__c0p50__z1p00__lam0p020__nu0p50__psi0p75,hardzero_plus_depr,0.06,41,1223,0.0,2,0.13791133,0.13791133,0.96764845,0.1077337,0.1077337,1.0,7.182556e-11,6.6669537e-10,-26.945114,2.128869,0.70962304,0.128,0.0,0.13968405,24.420368,24.440369,3916800
hardzero_plus_depr__c0p50__z1p00__lam0p020__nu0p50__psi0p75,hardzero_plus_depr,0.06,41,1224,0.0,2,0.13791133,0.13791133,0.952844,0.11146947,0.11146947,1.0,7.3209806e-11,6.5677e-10,-25.715363,2.0962987,0.69876623,0.17600001,0.0,0.14019907,24.440369,24.46037,3920000
hardzero_plus_depr__c0p50__z1p00__lam0p020__nu0p50__psi0p75,hardzero_plus_depr,0.06,41,1225,0.0,2,0.13791133,0.13791133,0.9771401,0.10540468,0.10540468,1.0,6.8196025e-11,6.4699235e-10,-26.45833,2.1497512,0.7165837,0.17600001,0.0,0.13673572,24.46037,24.48037,3923200
hardzero_plus_depr__c0p50__z1p00__lam0p020__nu0p50__psi0p75,hardzero_plus_depr,0.06,41,1226,0.0,2,0.13791133,0.13791133,1.0371152,0.0,0.0918089,0.0,0.0,6.373591e-10,-27.788244,2.281699,0.76056635,0.120000005,0.0,0.16627195,24.48037,24.50037,3926400
hardzero_plus_depr__c0p50__z1p00__lam0p020__nu0p50__psi0p75,hardzero_plus_depr,0.06,41,1227,0.0,2,0.13791133,0.13791133,1.0790024,0.0,0.083367646,0.0,0.0,6.278692e-10,-28.81594,2.3738527,0.79128426,0.14400001,0.0,0.18018581,24.50037,24.52037,3929600
hardzero_plus_depr__c0p50__z1p00__lam0p020__nu0p50__psi0p75,hardzero_plus_depr,0.06,41,1228,0.0,2,0.13791133,0.13791133,0.96285415,0.10892958,0.10892958,1.0,6.737533e-11,6.1852184e-10,-26.201952,2.1183214,0.70610714,0.17600001,0.0,0.13536356,24.52037,24.54037,3932800
hardzero_plus_depr__c0p50__z1p00__lam0p020__nu0p50__psi0p75,hardzero_plus_depr,0.06,41,1229,0.0,2,0.13791133,0.13791133,0.97991896,0.1047324,0.1047324,1.0,6.3814884e-11,6.0931366e-10,-26.757584,2.1558647,0.7186216,0.2,0.0,0.13815242,24.54037,24.560371,3936000
hardzero_plus_depr__c0p50__z1p00__lam0p020__nu0p50__psi0p75,hardzero_plus_depr,0.06,41,1230,0.0,2,0.13791133,0.13791133,1.020676,0.0,0.095350705,0.0,0.0,6.0024136e-10,-27.306902,2.245532,0.7485107,0.14400001,0.0,0.16302282,24.560371,24.580372,3939200
hardzero_plus_depr__c0p50__z1p00__lam0p020__nu0p50__psi0p75,hardzero_plus_depr,0.06,41,1231,0.0,2,0.13791133,0.13791133,0.9741274,0.106138416,0.106138416,1.0,6.276009e-11,5.913042e-10,-26.150711,2.1431231,0.7143744,0.17600001,0.0,0.14019793,24.580372,24.600372,3942400
hardzero_plus_depr__c0p50__z1p00__lam0p020__nu0p50__psi0p75,hardzero_plus_depr,0.06,41,1232,0.0,2,0.13791133,0.13791133,0.9712382,0.10684686,0.10684686,1.0,6.2238416e-11,5.825011e-10,-26.517578,2.1367667,0.7122556,0.216,0.0,0.14834602,24.600372,24.620373,3945600
hardzero_plus_depr__c0p50__z1p00__lam0p020__nu0p50__psi0p75,hardzero_plus_depr,0.06,41,1233,0.0,2,0.13791133,0.13791133,0.9713368,0.10682261,0.10682261,1.0,6.129793e-11,5.738292e-10,-26.134604,2.1369836,0.7123279,0.216,0.0,0.15056415,24.620373,24.640373,3948800
hardzero_plus_depr__c0p50__z1p00__lam0p020__nu0p50__psi0p75,hardzero_plus_depr,0.06,41,1234,0.0,2,0.13791133,0.13791133,0.9834159,0.103892475,0.103892475,1.0,5.872888e-11,5.6528526e-10,-26.077932,2.1635582,0.7211861,0.17600001,0.0,0.14838316,24.640373,24.660374,3952000
hardzero_plus_depr__c0p50__z1p00__lam0p020__nu0p50__psi0p75,hardzero_plus_depr,0.06,41,1235,0.0,2,0.13791133,0.13791133,1.02652,0.0,0.09407625,0.0,0.0,5.568685e-10,-26.791159,2.2583892,0.7527964,0.13,0.0,0.14099252,24.660374,24.680374,3955200
hardzero_plus_depr__c0p50__z1p00__lam0p020__nu0p50__psi0p75,hardzero_plus_depr,0.06,41,1236,0.0,2,0.13791133,0.13791133,0.97984517,0.104750186,0.104750186,1.0,5.7463666e-11,5.485782e-10,-26.769981,2.1557024,0.7185675,0.224,0.008,0.14610721,24.680374,24.700375,3958400
hardzero_plus_depr__c0p50__z1p00__lam0p020__nu0p50__psi0p75,hardzero_plus_depr,0.06,41,1237,0.0,2,0.13791133,0.13791133,1.0226849,0.0,0.094910674,0.0,0.0,5.4041116e-10,-27.76867,2.2499518,0.74998397,0.136,0.0,0.18590657,24.700375,24.720375,3961600
hardzero_plus_depr__c0p50__z1p00__lam0p020__nu0p50__psi0p75,hardzero_plus_depr,0.06,41,1238,0.0,2,0.13791133,0.13791133,1.0088798,0.0,0.097976096,0.0,0.0,5.323649e-10,-27.115229,2.21958,0.73986,0.224,0.008,0.16837595,24.720375,24.740376,3964800
hardzero_plus_depr__c0p50__z1p00__lam0p020__nu0p50__psi0p75,hardzero_plus_depr,0.06,41,1239,0.0,2,0.13791133,0.13791133,0.9844195,0.103652656,0.103652656,1.0,5.435942e-11,5.2443827e-10,-27.038715,2.1657662,0.7219221,0.112,0.0,0.13720216,24.740376,24.760376,3968000
hardzero_plus_depr__c0p50__z1p00__lam0p020__nu0p50__psi0p75,hardzero_plus_depr,0.06,41,1240,0.0,2,0.13791133,0.13791133,1.0251977,0.0,0.094363116,0.0,0.0,5.1663074e-10,-27.198109,2.25548,0.7518267,0.17600001,0.0,0.16218029,24.760376,24.780376,3971200
hardzero_plus_depr__c0p50__z1p00__lam0p020__nu0p50__psi0p75,hardzero_plus_depr,0.06,41,1241,0.0,2,0.13791133,0.13791133,1.0041261,0.0,0.099054426,0.0,0.0,5.0893945e-10,-27.230997,2.2091215,0.73637384,0.15200001,0.0,0.15296197,24.780376,24.800377,3974400
hardzero_plus_depr__c0p50__z1p00__lam0p020__nu0p50__psi0p75,hardzero_plus_depr,0.06,41,1242,0.0,2,0.13791133,0.13791133,1.0128301,0.0,0.09708896,0.0,0.0,5.013617e-10,-26.992273,2.2282708,0.74275696,0.16800001,0.0,0.1501105,24.800377,24.820377,3977600
hardzero_plus_depr__c0p50__z1p00__lam0p020__nu0p50__psi0p75,hardzero_plus_depr,0.06,41,1243,0.0,2,0.13791133,0.13791133,0.9759217,0.105700806,0.105700806,1.0,5.220528e-11,4.938967e-10,-25.884928,2.1470706,0.71569026,0.112,0.0,0.15220995,24.820377,24.840378,3980800
hardzero_plus_depr__c0p50__z1p00__lam0p020__nu0p50__psi0p75,hardzero_plus_depr,0.06,41,1244,0.0,2,0.13791133,0.13791133,1.0208547,0.0,0.0953115,0.0,0.0,4.865438e-10,-27.511042,2.2459252,0.7486417,0.18400002,0.0,0.15339191,24.840378,24.860378,3984000
hardzero_plus_depr__c0p50__z1p00__lam0p020__nu0p50__psi0p75,hardzero_plus_depr,0.06,41,1245,0.0,2,0.13791133,0.13791133,0.962003,0.10914327,0.10914327,1.0,5.231242e-11,4.7930043e-10,-27.21246,2.1164489,0.70548296,0.14400001,0.0,0.15427788,24.860378,24.880379,3987200
hardzero_plus_depr__c0p50__z1p00__lam0p020__nu0p50__psi0p75,hardzero_plus_depr,0.06,41,1246,0.0,2,0.13791133,0.13791133,0.99273664,0.10168652,0.10168652,1.0,4.8012712e-11,4.72164e-10,-26.342873,2.1840641,0.7280214,0.14400001,0.0,0.16179286,24.880379,24.90038,3990400
hardzero_plus_depr__c0p50__z1p00__lam0p020__nu0p50__psi0p75,hardzero_plus_depr,0.06,41,1247,0.0,2,0.13791133,0.13791133,0.9836931,0.10382619,0.10382619,1.0,4.8293067e-11,4.651338e-10,-26.584751,2.1641681,0.7213894,0.14400001,0.0,0.15026172,24.90038,24.92038,3993600
hardzero_plus_depr__c0p50__z1p00__lam0p020__nu0p50__psi0p75,hardzero_plus_depr,0.06,41,1248,0.0,2,0.13791133,0.13791133,0.9697569,0.10721192,0.10721192,1.0,4.912548e-11,4.5820914e-10,-25.772512,2.1335077,0.71116924,0.17999999,0.0,0.12948112,24.92038,24.94038,3996800
hardzero_plus_depr__c0p50__z1p00__lam0p020__nu0p50__psi0p75,hardzero_plus_depr,0.06,41,1249,0.0,2,0.13791133,0.13791133,1.024133,0.0,0.09459475,0.0,0.0,4.5138757e-10,-27.90858,2.2531376,0.7510459,0.120000005,0.0,0.16098706,24.94038,24.96038,4000000
